2016/11/01,1191,1220,1162,1185,481800,1185,1
2016/11/02,1162,1164,1133,1141,48300,1141,1
2016/11/04,1150,1170,1150,1155,20600,1155,1
2016/11/07,1170,1179,1150,1159,9200,1159,1
2016/11/08,1163,1170,1153,1155,4700,1155,1
2016/11/09,1155,1163,1077,1100,36500,1100,1
2016/11/10,1144,1144,1110,1120,7200,1120,1
2016/11/11,1102,1114,1084,1100,12400,1100,1
2016/11/14,1100,1115,1095,1095,5500,1095,1
2016/11/15,1050,1074,1036,1038,25600,1038,1
2016/11/16,1012,1025,1012,1025,11200,1025,1
2016/11/17,1025,1045,1025,1029,4200,1029,1
2016/11/18,1030,1059,1029,1058,10200,1058,1
2016/11/21,1060,1065,1058,1058,5000,1058,1
2016/11/22,1065,1065,1055,1055,4000,1055,1
2016/11/24,1056,1060,1050,1050,6900,1050,1
2016/11/25,1050,1053,1040,1040,4200,1040,1
2016/11/28,1042,1045,1035,1037,2200,1037,1
2016/11/29,1038,1053,1038,1053,3800,1053,1
2016/11/30,1052,1060,1042,1052,3900,1052,1
2016/12/01,1054,1060,1046,1050,4800,1050,1
2016/12/02,1050,1050,1030,1033,5500,1033,1
2016/12/05,1052,1052,1032,1034,5800,1034,1
2016/12/06,1034,1039,1025,1028,2200,1028,1
2016/12/07,1028,1037,1028,1035,1200,1035,1
2016/12/08,1037,1037,1029,1031,1900,1031,1
2016/12/09,1030,1030,1015,1022,8900,1022,1
2016/12/12,1022,1026,1012,1026,2500,1026,1
2016/12/13,1026,1030,1018,1020,2300,1020,1
2016/12/14,1022,1030,1020,1030,3300,1030,1
2016/12/15,1030,1033,1028,1033,2400,1033,1
2016/12/16,1041,1044,1037,1040,4500,1040,1
2016/12/19,1041,1045,1039,1039,7500,1039,1
2016/12/20,1044,1080,1044,1046,7600,1046,1
2016/12/21,1050,1070,1049,1049,6500,1049,1
2016/12/22,1049,1050,1040,1045,2300,1045,1
2016/12/26,1045,1047,1036,1047,6000,1047,1
2016/12/27,1040,1045,1031,1035,5800,1035,1
2016/12/28,1042,1042,1037,1039,700,1039,1
2016/12/29,1038,1055,1038,1046,8900,1046,1
2016/12/30,1069,1069,1046,1056,5000,1056,1
2017/01/04,1069,1070,1055,1064,6000,1064,1
2017/01/05,1067,1070,1064,1067,5500,1067,1
2017/01/06,1068,1088,1068,1086,6400,1086,1
2017/01/10,1088,1090,1070,1090,9500,1090,1
2017/01/11,1089,1090,1081,1090,2400,1090,1
2017/01/12,1092,1093,1080,1081,3500,1081,1
2017/01/13,1081,1082,1081,1081,1400,1081,1
2017/01/16,1089,1089,1065,1089,10100,1089,1
2017/01/17,1089,1089,1073,1080,4900,1080,1
2017/01/18,1086,1086,1070,1073,3200,1073,1
2017/01/19,1072,1080,1072,1078,1700,1078,1
2017/01/20,1078,1086,1078,1086,1600,1086,1
2017/01/23,1087,1092,1080,1090,1000,1090,1
2017/01/24,1094,1100,1080,1080,7900,1080,1
2017/01/25,1105,1116,1081,1081,800,1081,1
2017/01/26,1100,1100,1091,1091,2200,1091,1
2017/01/27,1093,1099,1085,1099,1800,1099,1
2017/01/30,1110,1110,1095,1100,2400,1100,1
2017/01/31,1110,1119,1110,1118,2000,1118,1
2017/02/01,1115,1135,1115,1132,800,1132,1
2017/02/02,1135,1135,1121,1130,6000,1130,1
2017/02/03,1130,1130,1117,1130,2100,1130,1
2017/02/06,1121,1134,1121,1130,1300,1130,1
2017/02/07,1122,1125,1121,1124,1100,1124,1
2017/02/08,1130,1133,1123,1123,3300,1123,1
2017/02/09,1120,1120,1100,1120,7600,1120,1
2017/02/10,1120,1120,1105,1115,1400,1115,1
2017/02/13,1109,1123,1108,1120,2000,1120,1
2017/02/14,1120,1121,1108,1108,2100,1108,1
2017/02/15,1118,1118,1100,1100,2100,1100,1
2017/02/16,1100,1100,1085,1090,7100,1090,1
2017/02/17,1090,1100,1088,1098,2900,1098,1
2017/02/20,1109,1119,1090,1119,3700,1119,1
2017/02/21,1118,1130,1110,1110,3700,1110,1
2017/02/22,1129,1133,1120,1120,4800,1120,1
2017/02/23,1129,1138,1126,1138,4100,1138,1
2017/02/24,1140,1158,1140,1158,3000,1158,1
2017/02/27,1158,1159,1150,1158,3700,1158,1
2017/02/28,1158,1161,1155,1160,4200,1160,1
2017/03/01,1160,1167,1158,1160,7500,1160,1
2017/03/02,1165,1195,1165,1166,6200,1166,1
2017/03/03,1180,1181,1171,1178,4000,1178,1
2017/03/06,1173,1178,1168,1169,9300,1169,1
2017/03/07,1177,1180,1171,1180,1500,1180,1
2017/03/08,1171,1175,1158,1175,2300,1175,1
2017/03/09,1175,1180,1170,1170,1100,1170,1
2017/03/10,1170,1170,1156,1160,2600,1160,1
2017/03/13,1165,1177,1165,1165,1100,1165,1
2017/03/14,1165,1172,1165,1172,3900,1172,1
2017/03/15,1170,1170,1170,1170,1300,1170,1
2017/03/16,1170,1175,1161,1170,2400,1170,1
2017/03/17,1170,1175,1165,1170,6600,1170,1
2017/03/21,1172,1172,1166,1170,2200,1170,1
2017/03/22,1160,1174,1160,1174,5900,1174,1
2017/03/23,1174,1180,1165,1179,5900,1179,1
2017/03/24,1166,1170,1160,1163,1300,1163,1
2017/03/27,1170,1174,1168,1174,6100,1174,1
2017/03/28,1171,1179,1170,1170,2700,1170,1
2017/03/29,1179,1179,1175,1179,900,1179,1
2017/03/30,1183,1188,1177,1177,4300,1177,1
2017/03/31,1193,1195,1170,1170,1200,1170,1
2017/04/03,1195,1195,1190,1190,1300,1190,1
2017/04/04,1190,1190,1170,1170,4600,1170,1
2017/04/05,1155,1157,1155,1155,3000,1155,1
2017/04/06,1155,1155,1120,1150,6200,1150,1
2017/04/07,1123,1170,1123,1170,1800,1170,1
2017/04/10,1160,1160,1160,1160,300,1160,1
2017/04/11,1160,1160,1155,1155,2700,1155,1
2017/04/12,1136,1155,1111,1148,5000,1148,1
2017/04/13,1140,1155,1140,1145,1700,1145,1
2017/04/14,1150,1164,1145,1146,3500,1146,1
2017/04/17,1146,1146,1141,1142,800,1142,1
2017/04/18,1155,1155,1155,1155,200,1155,1
2017/04/19,1155,1170,1155,1155,2200,1155,1
2017/04/20,1180,1180,1177,1179,800,1179,1
2017/04/21,1175,1175,1143,1170,1200,1170,1
2017/04/24,1170,1175,1170,1175,1700,1175,1
2017/04/25,1170,1171,1170,1171,400,1171,1
2017/04/26,1165,1175,1165,1166,2100,1166,1
2017/04/27,1166,1174,1166,1174,800,1174,1
2017/04/28,1168,1168,1168,1168,1200,1168,1
2017/05/01,1160,1174,1155,1158,4200,1158,1
2017/05/02,1158,1179,1156,1179,2500,1179,1
2017/05/08,1180,1180,1132,1156,1900,1156,1
2017/05/09,1176,1176,1176,1176,100,1176,1
2017/05/10,1179,1180,1175,1175,1200,1175,1
2017/05/11,1175,1185,1175,1180,2200,1180,1
2017/05/12,1180,1190,1180,1185,2600,1185,1
2017/05/15,1191,1200,1191,1200,3700,1200,1
2017/05/16,1199,1208,1199,1205,5500,1205,1
2017/05/17,1209,1210,1200,1200,2400,1200,1
2017/05/18,1195,1200,1190,1200,600,1200,1
2017/05/19,1209,1220,1200,1218,3500,1218,1
2017/05/22,1218,1219,1208,1210,2500,1210,1
2017/05/23,1220,1222,1210,1210,2300,1210,1
2017/05/24,1210,1213,1205,1205,3000,1205,1
2017/05/25,1205,1220,1205,1205,1200,1205,1
2017/05/26,1211,1218,1205,1218,1200,1218,1
2017/05/29,1219,1219,1205,1213,3300,1213,1
2017/05/30,1207,1220,1206,1220,1200,1220,1
2017/05/31,1230,1230,1215,1230,3600,1230,1
2017/06/01,1233,1235,1222,1225,1300,1225,1
2017/06/02,1231,1235,1230,1230,1000,1230,1
2017/06/05,1229,1298,1220,1298,7400,1298,1
2017/06/06,1300,1313,1262,1265,5700,1265,1
2017/06/07,1260,1270,1260,1270,1200,1270,1
2017/06/08,1274,1282,1265,1276,3600,1276,1
2017/06/09,1285,1286,1272,1276,1900,1276,1
2017/06/12,1275,1300,1275,1289,1100,1289,1
2017/06/13,1289,1300,1280,1300,7000,1300,1
2017/06/14,1315,1320,1290,1315,5100,1315,1
2017/06/15,1315,1354,1310,1334,9100,1334,1
2017/06/16,1346,1430,1346,1356,8100,1356,1
2017/06/19,1375,1445,1375,1400,7000,1400,1
2017/06/20,1430,1430,1400,1419,4500,1419,1
2017/06/21,1419,1431,1414,1416,5200,1416,1
2017/06/22,1430,1474,1430,1444,4500,1444,1
2017/06/23,1465,1500,1458,1472,8400,1472,1
2017/06/26,1500,1527,1500,1518,8100,1518,1
2017/06/27,1547,1551,1450,1466,10500,1466,1
2017/06/28,1456,1466,1431,1446,3300,1446,1
2017/06/29,1475,1475,1435,1435,1500,1435,1
2017/06/30,1430,1432,1397,1420,2500,1420,1
2017/07/03,1408,1420,1389,1420,3500,1420,1
2017/07/04,1395,1458,1395,1428,1400,1428,1
2017/07/05,1458,1465,1430,1434,2200,1434,1
2017/07/06,1439,1440,1413,1440,900,1440,1
2017/07/07,1459,1466,1422,1426,2800,1426,1
2017/07/10,1456,1456,1420,1422,3500,1422,1
2017/07/11,1422,1448,1419,1448,800,1448,1
2017/07/12,1448,1450,1413,1431,2600,1431,1
2017/07/13,1433,1433,1430,1432,300,1432,1
2017/07/14,1436,1440,1436,1440,600,1440,1
2017/07/18,1440,1440,1430,1436,1300,1436,1
2017/07/19,1440,1440,1400,1426,5200,1426,1
2017/07/20,1435,1436,1405,1415,1200,1415,1
2017/07/21,1420,1435,1420,1421,1500,1421,1
2017/07/24,1433,1435,1420,1421,2900,1421,1
2017/07/25,1420,1427,1420,1421,800,1421,1
2017/07/26,1430,1430,1419,1427,1900,1427,1
2017/07/27,1427,1437,1420,1425,1800,1425,1
2017/07/28,1420,1420,1403,1404,2700,1404,1
2017/07/31,1400,1401,1393,1393,1100,1393,1
2017/08/01,1411,1427,1390,1398,2800,1398,1
2017/08/02,1423,1423,1372,1410,2600,1410,1
2017/08/03,1417,1417,1417,1417,300,1417,1
2017/08/04,1424,1424,1424,1424,1000,1424,1
2017/08/07,1424,1425,1410,1410,1700,1410,1
2017/08/08,1410,1417,1377,1377,2700,1377,1
2017/08/09,1330,1330,1275,1329,10500,1329,1
2017/08/10,1311,1316,1310,1310,1800,1310,1
2017/08/14,1302,1302,1261,1285,5400,1285,1
2017/08/15,1275,1276,1270,1272,1600,1272,1
2017/08/16,1273,1295,1273,1292,700,1292,1
2017/08/17,1292,1300,1292,1300,800,1300,1
2017/08/18,1300,1315,1300,1315,300,1315,1
2017/08/21,1300,1315,1300,1313,1700,1313,1
2017/08/22,1312,1317,1300,1300,1300,1300,1
2017/08/23,1309,1309,1298,1307,1200,1307,1
2017/08/24,1313,1313,1300,1300,600,1300,1
2017/08/25,1305,1305,1301,1301,400,1301,1
2017/08/28,1325,1325,1305,1305,300,1305,1
2017/08/29,1302,1338,1302,1338,1700,1338,1
2017/08/30,1337,1375,1337,1369,3300,1369,1
2017/08/31,1380,1418,1360,1418,3700,1418,1
2017/09/01,1400,1423,1370,1412,1500,1412,1
2017/09/04,1421,1425,1401,1401,700,1401,1
2017/09/05,1416,1416,1325,1329,3600,1329,1
2017/09/06,1355,1355,1330,1330,1300,1330,1
2017/09/07,1340,1378,1326,1335,2000,1335,1
2017/09/08,1335,1360,1320,1330,700,1330,1
2017/09/11,1360,1369,1360,1369,400,1369,1
2017/09/12,1380,1384,1380,1380,400,1380,1
2017/09/13,1380,1395,1380,1395,500,1395,1
2017/09/14,1395,1395,1385,1385,600,1385,1
2017/09/15,1380,1390,1365,1390,900,1390,1
2017/09/19,1394,1394,1350,1350,3200,1350,1
2017/09/20,1367,1367,1335,1335,1500,1335,1
2017/09/21,1355,1355,1355,1355,200,1355,1
2017/09/22,1360,1361,1360,1361,500,1361,1
2017/09/25,1365,1383,1360,1370,1100,1370,1
2017/09/26,1370,1380,1370,1370,1900,1370,1
2017/09/27,1319,1346,1319,1346,2100,1346,1
2017/09/28,1322,1322,1310,1315,1600,1315,1
2017/09/29,1315,1329,1312,1313,1000,1313,1
2017/10/02,1320,1320,1311,1311,2000,1311,1
2017/10/03,1318,1363,1315,1340,3600,1340,1
2017/10/04,1342,1342,1342,1342,100,1342,1
2017/10/05,1342,1346,1342,1346,800,1346,1
2017/10/06,1342,1342,1336,1337,400,1337,1
2017/10/10,1330,1335,1312,1335,700,1335,1
2017/10/11,1312,1322,1311,1311,1400,1311,1
2017/10/12,1318,1318,1312,1312,1000,1312,1
2017/10/13,1316,1316,1304,1304,2100,1304,1
2017/10/16,1316,1316,1302,1302,2200,1302,1
2017/10/17,1305,1320,1305,1305,800,1305,1
2017/10/18,1309,1318,1309,1318,800,1318,1
2017/10/19,1345,1345,1318,1320,900,1320,1
2017/10/20,1318,1318,1300,1300,3200,1300,1
2017/10/23,1307,1307,1301,1301,300,1301,1
2017/10/24,1301,1319,1287,1313,5800,1313,1
2017/10/25,1318,1318,1318,1318,400,1318,1
2017/10/26,1317,1318,1303,1318,300,1318,1
2017/10/27,1319,1320,1300,1320,1800,1320,1
2017/10/30,1317,1318,1317,1317,400,1317,1
2017/10/31,1317,1320,1315,1317,900,1317,1
2017/11/01,1327,1327,1310,1313,400,1313,1
2017/11/02,1327,1327,1302,1304,400,1304,1
2017/11/06,1312,1312,1312,1312,400,1312,1
2017/11/07,1312,1314,1304,1314,900,1314,1
2017/11/08,1327,1327,1312,1312,600,1312,1
2017/11/09,1324,1324,1316,1316,300,1316,1
2017/11/10,1316,1316,1300,1300,300,1300,1
2017/11/13,1300,1308,1295,1308,1000,1308,1
2017/11/14,1310,1324,1260,1260,4800,1260,1
2017/11/15,1240,1240,1137,1200,7100,1200,1
2017/11/16,1210,1210,1200,1210,700,1210,1
2017/11/17,1230,1230,1193,1193,2400,1193,1
2017/11/20,1193,1243,1193,1240,700,1240,1
2017/11/21,1240,1240,1190,1235,1700,1235,1
2017/11/22,1239,1239,1215,1215,300,1215,1
2017/11/24,1200,1220,1200,1220,3900,1220,1
2017/11/27,1245,1245,1199,1203,3800,1203,1
2017/11/28,1228,1229,1201,1202,900,1202,1
2017/11/29,1202,1230,1202,1229,1000,1229,1
2017/11/30,1229,1237,1224,1224,500,1224,1
2017/12/01,1239,1246,1225,1246,2300,1246,1
2017/12/04,1246,1246,1246,1246,300,1246,1
2017/12/05,1205,1220,1202,1205,1900,1205,1
2017/12/06,1206,1230,1206,1230,1700,1230,1
2017/12/07,1230,1280,1209,1280,2200,1280,1
2017/12/08,1280,1280,1280,1280,100,1280,1
2017/12/11,1260,1260,1250,1250,1200,1250,1
2017/12/12,1250,1279,1250,1279,900,1279,1
2017/12/13,1278,1278,1224,1230,1400,1230,1
2017/12/14,1275,1280,1250,1250,300,1250,1
2017/12/15,1260,1260,1242,1242,600,1242,1
2017/12/18,1237,1275,1237,1275,1100,1275,1
2017/12/19,1274,1274,1244,1244,300,1244,1
2017/12/20,1244,1250,1244,1250,600,1250,1
2017/12/21,1250,1268,1250,1268,300,1268,1
2017/12/22,1268,1268,1240,1240,1000,1240,1
2017/12/25,1267,1267,1232,1255,1900,1255,1
2017/12/26,1250,1269,1250,1268,800,1268,1
2017/12/27,1298,1298,1262,1262,2000,1262,1
2017/12/28,1260,1260,1260,1260,500,1260,1
2017/12/29,1253,1290,1251,1281,3500,1281,1
2018/01/04,1276,1296,1275,1296,3000,1296,1
2018/01/05,1285,1285,1285,1285,200,1285,1
2018/01/09,1285,1285,1285,1285,300,1285,1
2018/01/10,1280,1293,1280,1293,2000,1293,1
2018/01/11,1293,1295,1280,1289,5500,1289,1
2018/01/12,1286,1293,1285,1293,1200,1293,1
2018/01/15,1288,1298,1288,1298,1400,1298,1
2018/01/16,1298,1324,1296,1296,2200,1296,1
2018/01/17,1296,1296,1296,1296,3100,1296,1
2018/01/18,1294,1314,1294,1314,6800,1314,1
2018/01/19,1292,1325,1292,1325,900,1325,1
2018/01/22,1302,1328,1302,1328,2100,1328,1
2018/01/23,1327,1327,1303,1327,1600,1327,1
2018/01/24,1328,1333,1328,1333,400,1333,1
2018/01/25,1340,1340,1311,1320,500,1320,1
2018/01/26,1328,1335,1320,1320,3000,1320,1
2018/01/29,1320,1335,1310,1335,4700,1335,1
2018/01/30,1337,1337,1300,1337,2500,1337,1
2018/01/31,1332,1361,1311,1358,4800,1358,1
2018/02/01,1328,1355,1320,1345,1600,1345,1
2018/02/02,1320,1340,1320,1340,300,1340,1
2018/02/05,1300,1340,1284,1338,2800,1338,1
2018/02/06,1279,1338,1201,1260,6100,1260,1
2018/02/07,1299,1323,1263,1280,2100,1280,1
2018/02/08,1250,1280,1250,1280,3600,1280,1
2018/02/09,1250,1325,1240,1300,3000,1300,1
2018/02/13,1300,1360,1300,1360,4600,1360,1
2018/02/14,1300,1330,1300,1330,500,1330,1
2018/02/15,1300,1300,1300,1300,500,1300,1
2018/02/16,1280,1330,1280,1310,400,1310,1
2018/02/19,1330,1340,1330,1340,1500,1340,1
2018/02/20,1349,1349,1340,1340,2000,1340,1
2018/02/21,1350,1350,1340,1340,1400,1340,1
2018/02/22,1320,1320,1320,1320,200,1320,1
2018/02/23,1350,1350,1350,1350,2100,1350,1
2018/02/26,1350,1350,1320,1320,300,1320,1
2018/02/27,1320,1345,1320,1345,800,1345,1
2018/03/01,1315,1325,1315,1315,400,1315,1
2018/03/02,1286,1335,1286,1335,1700,1335,1
2018/03/05,1305,1335,1290,1290,1200,1290,1
2018/03/06,1288,1300,1288,1300,500,1300,1
2018/03/08,1290,1290,1261,1261,800,1261,1
2018/03/09,1266,1271,1266,1271,800,1271,1
2018/03/12,1280,1299,1271,1271,1000,1271,1
2018/03/13,1300,1310,1289,1289,1700,1289,1
2018/03/14,1281,1310,1281,1310,700,1310,1
2018/03/15,1320,1320,1320,1320,100,1320,1
2018/03/16,1320,1320,1295,1319,600,1319,1
2018/03/19,1319,1319,1298,1298,500,1298,1
2018/03/20,1298,1300,1295,1300,700,1300,1
2018/03/22,1295,1295,1290,1291,1100,1291,1
2018/03/23,1280,1291,1270,1270,3400,1270,1
2018/03/26,1270,1300,1270,1300,1700,1300,1
2018/03/27,1300,1300,1300,1300,500,1300,1
2018/03/29,1290,1290,1290,1290,200,1290,1
2018/03/30,1290,1290,1290,1290,100,1290,1
2018/04/03,1300,1300,1300,1300,400,1300,1
2018/04/04,1300,1300,1291,1291,400,1291,1
2018/04/05,1276,1290,1276,1290,600,1290,1
2018/04/06,1295,1295,1270,1280,1600,1280,1
2018/04/09,1289,1289,1289,1289,200,1289,1
2018/04/10,1289,1290,1289,1290,300,1290,1
2018/04/11,1290,1293,1290,1293,1100,1293,1
2018/04/12,1281,1291,1275,1291,600,1291,1
2018/04/13,1274,1275,1274,1274,400,1274,1
2018/04/16,1273,1273,1273,1273,400,1273,1
2018/04/17,1300,1300,1276,1300,2000,1300,1
2018/04/18,1300,1318,1300,1318,1400,1318,1
2018/04/19,1318,1318,1318,1318,200,1318,1
2018/04/20,1318,1325,1295,1295,1000,1295,1
2018/04/23,1295,1324,1295,1324,1300,1324,1
2018/04/24,1350,1353,1324,1324,2300,1324,1
2018/04/25,1328,1335,1302,1335,800,1335,1
2018/04/26,1335,1335,1305,1325,600,1325,1
2018/04/27,1350,1370,1345,1370,2200,1370,1
2018/05/01,1327,1357,1320,1335,1300,1335,1
2018/05/02,1355,1388,1355,1388,2000,1388,1
2018/05/07,1385,1395,1384,1395,4300,1395,1
2018/05/08,1398,1403,1398,1403,1800,1403,1
2018/05/09,1399,1399,1399,1399,100,1399,1
2018/05/10,1354,1355,1354,1355,700,1355,1
2018/05/11,1375,1409,1370,1409,4000,1409,1
2018/05/14,1420,1480,1401,1401,3000,1401,1
2018/05/15,1371,1400,1335,1400,3900,1400,1
2018/05/16,1380,1400,1345,1400,3600,1400,1
2018/05/17,1400,1400,1370,1370,500,1370,1
2018/05/18,1390,1390,1355,1389,3100,1389,1
2018/05/21,1389,1395,1389,1395,700,1395,1
2018/05/22,1365,1365,1344,1356,1700,1356,1
2018/05/23,1346,1379,1344,1345,1000,1345,1
2018/05/24,1341,1342,1335,1335,1200,1335,1
2018/05/25,1336,1336,1336,1336,300,1336,1
2018/05/28,1366,1370,1350,1350,500,1350,1
2018/05/29,1340,1340,1340,1340,200,1340,1
2018/05/30,1337,1349,1337,1349,200,1349,1
2018/05/31,1343,1343,1343,1343,100,1343,1
2018/06/01,1336,1336,1336,1336,500,1336,1
2018/06/04,1365,1365,1365,1365,900,1365,1
2018/06/05,1368,1369,1357,1369,1200,1369,1
2018/06/06,1370,1390,1360,1360,500,1360,1
2018/06/07,1360,1370,1360,1370,1200,1370,1
2018/06/08,1360,1360,1360,1360,600,1360,1
2018/06/11,1360,1360,1350,1352,1300,1352,1
2018/06/12,1389,1389,1353,1358,3100,1358,1
2018/06/13,1388,1407,1388,1407,2800,1407,1
2018/06/14,1389,1390,1389,1390,200,1390,1
2018/06/15,1403,1413,1400,1413,1300,1413,1
2018/06/18,1415,1417,1410,1410,1800,1410,1
2018/06/19,1410,1410,1410,1410,100,1410,1
2018/06/20,1410,1410,1410,1410,300,1410,1
2018/06/21,1415,1425,1376,1379,900,1379,1
2018/06/22,1378,1420,1372,1420,500,1420,1
2018/06/25,1381,1381,1380,1380,300,1380,1
2018/06/26,1360,1390,1360,1390,1500,1390,1
2018/06/28,1415,1415,1385,1385,400,1385,1
2018/07/03,1399,1418,1399,1410,900,1410,1
2018/07/04,1380,1385,1370,1370,3000,1370,1
2018/07/05,1370,1370,1344,1344,1300,1344,1
2018/07/06,1328,1328,1328,1328,100,1328,1
2018/07/09,1355,1360,1355,1360,200,1360,1
2018/07/10,1352,1352,1352,1352,300,1352,1
2018/07/11,1352,1352,1352,1352,500,1352,1
2018/07/12,1371,1371,1371,1371,100,1371,1
2018/07/13,1372,1414,1372,1374,1500,1374,1
2018/07/18,1377,1378,1370,1370,1800,1370,1
2018/07/19,1390,1390,1369,1369,300,1369,1
2018/07/20,1369,1400,1369,1400,900,1400,1
2018/07/23,1419,1419,1390,1390,800,1390,1
2018/07/24,1402,1402,1370,1378,2500,1378,1
2018/07/25,1384,1384,1384,1384,100,1384,1
2018/07/26,1399,1400,1399,1400,700,1400,1
2018/07/30,1400,1400,1384,1384,1300,1384,1
2018/07/31,1370,1380,1370,1380,500,1380,1
2018/08/03,1370,1371,1368,1368,1100,1368,1
2018/08/06,1376,1403,1376,1403,500,1403,1
2018/08/07,1378,1380,1378,1379,500,1379,1
2018/08/08,1368,1370,1368,1370,300,1370,1
2018/08/09,1380,1400,1380,1400,700,1400,1
2018/08/10,1373,1378,1373,1375,1100,1375,1
2018/08/13,1368,1387,1366,1387,2100,1387,1
2018/08/14,1385,1390,1385,1390,600,1390,1
