2007/01/11,318,318,318,318,1000,318,1
2007/01/16,318,318,318,318,3000,318,1
2007/01/17,303,303,301,301,6000,301,1
2007/01/18,312,317,312,317,2000,317,1
2007/01/19,302,313,302,313,2000,313,1
2007/01/22,318,323,318,323,3000,323,1
2007/01/24,323,323,323,323,1000,323,1
2007/01/25,333,333,333,333,1000,333,1
2007/01/29,327,327,327,327,1000,327,1
2007/01/30,331,334,331,334,2000,334,1
2007/01/31,334,334,334,334,6000,334,1
2007/02/01,319,319,319,319,1000,319,1
2007/02/02,318,318,318,318,1000,318,1
2007/02/07,310,310,310,310,8000,310,1
2007/02/19,310,310,310,310,2000,310,1
2007/02/23,347,347,334,336,11000,336,1
2007/02/26,338,340,338,340,4000,340,1
2007/02/27,333,338,333,338,4000,338,1
2007/02/28,340,340,340,340,4000,340,1
2007/03/01,340,340,340,340,8000,340,1
2007/03/02,340,340,340,340,1000,340,1
2007/03/05,340,340,340,340,2000,340,1
2007/03/07,350,350,350,350,3000,350,1
2007/03/08,355,365,355,365,2000,365,1
2007/03/13,357,357,357,357,2000,357,1
2007/03/14,341,341,341,341,1000,341,1
2007/03/19,343,343,343,343,1000,343,1
2007/03/20,350,350,350,350,1000,350,1
2007/03/22,340,341,340,341,2000,341,1
2007/03/23,342,342,342,342,1000,342,1
2007/03/26,350,356,350,356,14000,356,1
2007/03/27,350,350,350,350,7000,350,1
2007/03/28,350,350,350,350,1000,350,1
2007/03/30,360,360,360,360,4000,360,1
2007/04/03,330,330,330,330,1000,330,1
2007/04/09,305,305,305,305,2000,305,1
2007/04/10,310,340,310,340,7000,340,1
2007/04/11,314,328,314,328,7000,328,1
2007/04/12,328,328,328,328,1000,328,1
2007/04/16,313,313,313,313,2000,313,1
2007/04/18,320,320,320,320,1000,320,1
2007/04/23,320,320,312,312,2000,312,1
2007/04/24,312,317,312,317,2000,317,1
2007/04/25,325,330,325,330,2000,330,1
2007/04/26,335,335,335,335,1000,335,1
2007/04/27,351,360,351,360,6000,360,1
2007/05/01,380,385,378,378,29000,378,1
2007/05/02,380,380,377,377,14000,377,1
2007/05/07,372,377,372,377,2000,377,1
2007/05/08,380,380,380,380,16000,380,1
2007/05/10,373,373,373,373,1000,373,1
2007/05/11,368,368,365,368,10000,368,1
2007/05/14,367,367,367,367,3000,367,1
2007/05/15,370,380,370,380,7000,380,1
2007/05/16,380,380,370,370,5000,370,1
2007/05/17,370,370,370,370,1000,370,1
2007/05/21,371,371,371,371,1000,371,1
2007/05/22,381,389,381,389,54000,389,1
2007/05/23,388,400,388,400,8000,400,1
2007/05/24,398,410,398,410,6000,410,1
2007/05/25,408,410,400,410,18000,410,1
2007/05/31,405,408,405,408,3000,408,1
2007/06/07,395,395,395,395,1000,395,1
2007/06/08,380,385,380,385,2000,385,1
2007/06/11,392,392,391,391,2000,391,1
2007/06/14,400,400,400,400,2000,400,1
2007/06/19,400,400,400,400,1000,400,1
2007/06/20,402,402,400,400,2000,400,1
2007/06/21,390,390,390,390,2000,390,1
2007/06/22,390,390,390,390,1000,390,1
2007/06/25,400,400,400,400,4000,400,1
2007/06/26,400,410,400,410,13000,410,1
2007/06/27,400,410,400,410,11000,410,1
2007/06/28,409,409,402,402,30000,402,1
2007/06/29,420,438,420,438,6000,438,1
2007/07/02,420,430,420,430,22000,430,1
2007/07/03,431,431,430,430,8000,430,1
2007/07/06,450,450,450,450,8000,450,1
2007/07/10,420,445,420,432,18000,432,1
2007/07/17,419,419,419,419,1000,419,1
2007/07/18,420,420,400,400,8000,400,1
2007/07/19,410,410,405,405,3000,405,1
2007/07/23,407,407,404,405,92000,405,1
2007/07/24,409,409,400,400,63000,400,1
2007/07/25,400,404,398,404,16000,404,1
2007/07/26,424,424,424,424,4000,424,1
2007/07/27,400,400,400,400,4000,400,1
2007/07/30,401,401,385,400,53000,400,1
2007/07/31,420,420,400,400,8000,400,1
2007/08/01,400,400,400,400,31000,400,1
2007/08/02,400,400,385,385,17000,385,1
2007/08/03,386,386,384,384,10000,384,1
2007/08/06,380,380,380,380,3000,380,1
2007/08/09,400,400,400,400,2000,400,1
2007/08/10,410,410,399,399,4000,399,1
2007/08/13,400,400,400,400,1000,400,1
2007/08/17,399,399,399,399,7000,399,1
2007/08/22,375,375,367,368,28000,368,1
2007/08/23,369,369,369,369,1000,369,1
2007/08/24,405,405,365,370,41000,370,1
2007/08/28,374,375,369,373,5000,373,1
2007/08/30,373,375,370,370,11000,370,1
2007/08/31,384,384,375,383,6000,383,1
2007/09/05,383,383,383,383,6000,383,1
2007/09/07,387,387,387,387,1000,387,1
2007/09/18,366,366,366,366,1000,366,1
2007/09/20,370,370,370,370,1000,370,1
2007/09/25,366,366,366,366,1000,366,1
2007/09/26,366,366,365,365,4000,365,1
2007/09/27,365,365,365,365,2000,365,1
2007/09/28,370,370,370,370,4000,370,1
2007/10/02,367,370,365,370,35000,370,1
2007/10/03,374,374,374,374,2000,374,1
2007/10/05,367,367,367,367,1000,367,1
2007/10/10,366,366,364,364,4000,364,1
2007/10/11,364,364,364,364,1000,364,1
2007/10/12,365,365,365,365,1000,365,1
2007/10/16,363,363,363,363,2000,363,1
2007/10/17,370,370,370,370,1000,370,1
2007/10/18,370,377,370,377,4000,377,1
2007/10/19,377,377,370,370,2000,370,1
2007/10/22,340,355,335,355,3000,355,1
2007/10/31,372,372,370,370,5000,370,1
2007/11/01,372,372,372,372,1000,372,1
2007/11/02,347,347,347,347,1000,347,1
2007/11/05,337,337,337,337,1000,337,1
2007/11/06,355,355,355,355,1000,355,1
2007/11/08,355,355,355,355,1000,355,1
2007/11/13,358,358,358,358,2000,358,1
2007/11/14,360,360,360,360,1000,360,1
2007/11/15,379,379,379,379,1000,379,1
2007/11/16,380,380,380,380,1000,380,1
2007/11/19,380,380,380,380,3000,380,1
2007/11/20,380,380,380,380,1000,380,1
2007/11/21,380,380,380,380,1000,380,1
2007/11/22,379,379,379,379,2000,379,1
2007/11/26,379,379,379,379,1000,379,1
2007/11/27,380,385,380,380,5000,380,1
2007/11/29,380,380,380,380,1000,380,1
2007/11/30,390,394,390,394,4000,394,1
2007/12/03,391,394,391,394,2000,394,1
2007/12/06,413,413,413,413,40000,413,1
2007/12/07,413,413,413,413,3000,413,1
2007/12/10,400,400,400,400,2000,400,1
2007/12/12,416,421,416,421,5000,421,1
2007/12/14,420,420,420,420,1000,420,1
2007/12/20,419,420,419,420,5000,420,1
2007/12/25,401,401,401,401,4000,401,1
2007/12/28,421,421,421,421,2000,421,1
2008/01/04,424,424,424,424,2000,424,1
2008/01/11,401,401,401,401,6000,401,1
2008/01/15,388,388,388,388,5000,388,1
2008/01/16,380,400,380,400,8000,400,1
2008/01/17,380,380,380,380,1000,380,1
2008/01/21,380,380,380,380,2000,380,1
2008/01/22,381,381,381,381,1000,381,1
2008/01/23,381,381,381,381,1000,381,1
2008/01/30,380,386,380,386,3000,386,1
2008/01/31,405,405,405,405,4000,405,1
2008/02/04,400,400,400,400,10000,400,1
2008/02/06,385,385,385,385,1000,385,1
2008/02/12,382,382,382,382,7000,382,1
2008/02/13,382,385,382,385,2000,385,1
2008/02/18,380,382,380,380,31000,380,1
2008/02/29,402,402,402,402,4000,402,1
2008/03/18,395,395,390,390,19000,390,1
2008/03/19,395,395,395,395,20000,395,1
2008/03/21,390,395,390,395,4000,395,1
2008/03/24,398,398,398,398,1000,398,1
2008/03/25,430,430,398,398,2000,398,1
2008/03/26,370,405,370,405,2000,405,1
2008/03/31,423,423,400,400,5000,400,1
2008/04/02,385,385,385,385,9000,385,1
2008/04/08,385,385,385,385,10000,385,1
2008/04/10,384,384,384,384,1000,384,1
2008/04/28,394,394,394,394,1000,394,1
2008/04/30,413,413,413,413,4000,413,1
2008/05/07,393,393,393,393,1000,393,1
2008/05/19,390,390,390,390,2000,390,1
2008/05/23,385,390,385,390,3000,390,1
2008/05/29,385,395,385,395,4000,395,1
2008/05/30,410,410,410,410,4000,410,1
2008/06/06,405,408,400,408,14000,408,1
2008/06/10,400,400,400,400,9000,400,1
2008/06/13,410,410,410,410,12000,410,1
2008/06/17,405,405,405,405,1000,405,1
2008/06/19,405,405,405,405,2000,405,1
2008/06/25,400,410,400,410,17000,410,1
2008/06/26,400,400,400,400,1000,400,1
2008/06/27,380,380,380,380,8000,380,1
2008/06/30,395,395,395,395,3000,395,1
2008/07/04,385,385,380,380,3000,380,1
2008/07/07,404,404,404,404,9000,404,1
2008/07/14,388,388,385,385,4000,385,1
2008/07/15,391,391,391,391,1000,391,1
2008/07/17,391,391,391,391,19000,391,1
2008/07/18,391,391,391,391,2000,391,1
2008/07/22,400,400,400,400,2000,400,1
2008/07/24,385,386,385,386,3000,386,1
2008/07/28,405,405,405,405,5000,405,1
2008/07/31,405,405,405,405,4000,405,1
2008/08/08,389,389,389,389,1000,389,1
2008/08/25,394,394,394,394,1000,394,1
2008/08/27,396,396,396,396,1000,396,1
2008/08/29,381,382,380,380,17000,380,1
2008/09/03,380,380,380,380,1000,380,1
2008/09/04,380,380,380,380,10000,380,1
2008/09/05,380,380,380,380,2000,380,1
2008/09/08,380,380,380,380,25000,380,1
2008/09/10,370,370,370,370,1000,370,1
2008/09/11,370,370,370,370,2000,370,1
2008/09/16,370,370,370,370,1000,370,1
2008/09/19,362,362,362,362,1000,362,1
2008/09/30,383,383,383,383,4000,383,1
2008/10/03,363,363,363,363,2000,363,1
2008/10/07,360,370,360,370,31000,370,1
2008/10/16,355,355,355,355,1000,355,1
2008/10/21,350,350,350,350,1000,350,1
2008/10/22,350,350,350,350,3000,350,1
2008/10/27,340,340,340,340,1000,340,1
2008/10/30,340,340,340,340,3000,340,1
2008/10/31,349,349,349,349,4000,349,1
2008/11/07,330,330,330,330,2000,330,1
2008/11/28,343,343,343,343,4000,343,1
2008/12/01,330,330,330,330,1000,330,1
2008/12/08,345,345,345,345,9000,345,1
2008/12/10,330,330,330,330,5000,330,1
2008/12/19,332,332,332,332,2000,332,1
2008/12/22,332,332,332,332,2000,332,1
2008/12/29,340,340,340,340,1000,340,1
2008/12/30,357,357,357,357,4000,357,1
2009/01/16,334,334,334,334,1000,334,1
2009/01/29,340,340,340,340,1000,340,1
2009/01/30,354,354,354,354,4000,354,1
2009/02/03,355,355,355,355,1000,355,1
2009/02/09,355,355,355,355,1000,355,1
2009/02/25,340,340,340,340,2000,340,1
2009/02/26,351,351,351,351,1000,351,1
2009/02/27,340,355,340,355,10000,355,1
2009/03/02,355,355,355,355,3000,355,1
2009/03/04,340,340,340,340,1000,340,1
2009/03/10,340,340,340,340,29000,340,1
2009/03/11,343,343,343,343,3000,343,1
2009/03/16,345,353,345,353,5000,353,1
2009/03/18,340,340,335,335,24000,335,1
2009/03/23,336,336,335,335,7000,335,1
2009/03/24,345,345,345,345,1000,345,1
2009/03/25,335,335,335,335,10000,335,1
2009/03/31,349,349,349,349,3000,349,1
2009/04/14,325,325,325,325,1000,325,1
2009/04/17,325,325,325,325,5000,325,1
2009/04/21,325,325,325,325,1000,325,1
2009/04/23,325,325,325,325,8000,325,1
2009/04/27,325,325,325,325,5000,325,1
2009/04/30,338,338,338,338,5000,338,1
2009/05/11,328,328,328,328,2000,328,1
2009/05/25,330,330,330,330,4000,330,1
2009/05/26,337,337,337,337,1000,337,1
2009/05/28,326,326,326,326,2000,326,1
2009/05/29,330,330,330,330,4000,330,1
2009/06/05,325,325,325,325,1000,325,1
2009/06/16,346,346,335,335,2000,335,1
2009/06/22,330,330,330,330,1000,330,1
2009/06/23,330,330,330,330,1000,330,1
2009/06/26,330,330,330,330,2000,330,1
2009/06/29,330,330,330,330,2000,330,1
2009/06/30,334,334,330,330,6000,330,1
2009/07/02,330,330,330,330,1000,330,1
2009/07/03,330,330,330,330,2000,330,1
2009/07/06,345,345,345,345,10000,345,1
2009/07/09,331,331,331,331,1000,331,1
2009/07/15,330,330,325,325,9000,325,1
2009/07/21,330,330,330,330,2000,330,1
2009/07/24,328,328,328,328,1000,328,1
2009/07/27,330,330,330,330,5000,330,1
2009/07/28,328,328,328,328,1000,328,1
2009/07/30,330,330,330,330,1000,330,1
2009/07/31,332,332,332,332,6000,332,1
2009/08/03,337,337,337,337,1000,337,1
2009/08/04,330,330,330,330,10000,330,1
2009/08/14,330,330,330,330,2000,330,1
2009/08/17,330,333,330,333,10000,333,1
2009/08/18,332,333,332,333,5000,333,1
2009/08/20,327,327,326,326,2000,326,1
2009/08/24,331,333,331,333,13000,333,1
2009/08/25,333,336,333,336,15000,336,1
2009/08/27,336,339,336,339,10000,339,1
2009/08/28,338,339,338,339,11000,339,1
2009/08/31,339,339,339,339,5000,339,1
2009/09/02,334,334,334,334,12000,334,1
2009/09/17,334,335,334,335,8000,335,1
2009/09/18,340,340,340,340,25000,340,1
2009/09/29,340,340,340,340,2000,340,1
2009/09/30,340,340,340,340,5000,340,1
2009/10/02,340,340,340,340,2000,340,1
2009/10/15,338,338,320,320,5000,320,1
2009/10/19,330,330,330,330,4000,330,1
2009/10/23,320,320,320,320,8000,320,1
2009/10/30,340,340,340,340,4000,340,1
2009/11/02,335,335,335,335,1000,335,1
2009/11/04,330,330,330,330,5000,330,1
2009/11/05,330,330,330,330,5000,330,1
2009/11/06,330,330,330,330,5000,330,1
2009/11/10,330,330,330,330,6000,330,1
2009/11/11,330,330,330,330,8000,330,1
2009/11/12,330,335,330,335,6000,335,1
2009/11/13,330,330,330,330,6000,330,1
2009/11/16,330,330,330,330,6000,330,1
2009/11/17,330,330,330,330,5000,330,1
2009/11/25,328,328,328,328,10000,328,1
2009/11/27,325,328,325,328,21000,328,1
2009/11/30,328,330,328,328,7000,328,1
2009/12/02,328,328,328,328,9000,328,1
2009/12/03,328,328,328,328,5000,328,1
2009/12/04,328,328,328,328,5000,328,1
2009/12/07,328,330,328,330,10000,330,1
2009/12/09,330,330,328,328,7000,328,1
2009/12/10,328,328,328,328,5000,328,1
2009/12/22,328,328,328,328,5000,328,1
2009/12/24,328,328,328,328,5000,328,1
2009/12/29,329,339,329,339,4000,339,1
2009/12/30,338,338,338,338,5000,338,1
2010/01/06,326,326,325,325,10000,325,1
2010/01/07,325,325,325,325,15000,325,1
2010/01/12,325,325,325,325,23000,325,1
2010/01/21,317,317,317,317,1000,317,1
2010/01/22,312,312,312,312,1000,312,1
2010/01/26,325,325,325,325,1000,325,1
2010/01/27,310,315,310,315,6000,315,1
2010/01/29,317,325,317,325,3000,325,1
2010/02/01,325,325,320,320,6000,320,1
2010/02/02,321,321,320,320,10000,320,1
2010/02/03,321,321,321,321,12000,321,1
2010/02/12,320,320,320,320,3000,320,1
2010/02/15,319,319,319,319,1000,319,1
2010/02/16,320,320,320,320,8000,320,1
2010/02/25,328,328,328,328,1000,328,1
2010/02/26,335,340,330,330,17000,330,1
2010/03/10,322,322,322,322,1000,322,1
2010/03/24,327,327,312,312,5000,312,1
2010/03/26,320,328,320,328,5000,328,1
2010/03/31,331,331,331,331,1000,331,1
2010/04/02,334,339,334,339,3000,339,1
2010/04/19,340,340,340,340,5000,340,1
2010/04/20,330,335,330,335,2000,335,1
2010/04/21,330,330,330,330,13000,330,1
2010/04/26,338,338,338,338,2000,338,1
2010/04/27,338,345,338,345,8000,345,1
2010/04/30,345,350,345,350,37000,350,1
2010/05/07,350,350,350,350,11000,350,1
2010/05/11,352,352,352,352,10000,352,1
2010/05/14,352,352,352,352,5000,352,1
2010/05/17,352,352,352,352,1000,352,1
2010/05/21,352,352,352,352,4000,352,1
2010/05/24,352,352,352,352,3000,352,1
2010/05/25,352,354,352,354,2000,354,1
2010/05/28,354,354,354,354,1000,354,1
2010/06/01,357,357,357,357,6000,357,1
2010/07/13,377,377,377,377,1000,377,1
2010/07/22,337,337,337,337,1000,337,1
2010/07/28,360,360,360,360,1000,360,1
2010/07/29,355,355,355,355,1000,355,1
2010/07/30,363,363,363,363,2000,363,1
2010/08/02,365,365,365,365,2000,365,1
2010/08/04,365,365,365,365,7000,365,1
2010/08/20,363,363,363,363,1000,363,1
2010/08/27,358,358,358,358,7000,358,1
2010/08/30,368,368,368,368,1000,368,1
2010/08/31,372,372,372,372,1000,372,1
2010/09/02,378,378,378,378,1000,378,1
2010/09/09,368,368,368,368,1000,368,1
2010/09/17,372,379,372,379,2000,379,1
2010/09/21,370,370,370,370,3000,370,1
2010/09/22,370,370,370,370,5000,370,1
2010/09/27,365,365,365,365,17000,365,1
2010/09/29,372,372,365,365,2000,365,1
2010/10/04,365,375,365,375,11000,375,1
2010/10/05,370,370,370,370,6000,370,1
2010/10/19,366,366,366,366,1000,366,1
2010/10/20,365,365,365,365,3000,365,1
2010/10/27,360,360,360,360,10000,360,1
2010/10/29,360,378,360,378,6000,378,1
2010/11/01,378,378,378,378,7000,378,1
2010/11/02,378,378,378,378,1000,378,1
2010/11/04,379,379,379,379,2000,379,1
2010/11/05,379,379,379,379,5000,379,1
2010/11/08,379,379,379,379,1000,379,1
2010/11/09,378,378,378,378,5000,378,1
2010/11/10,378,378,378,378,9000,378,1
2010/11/11,375,375,375,375,30000,375,1
2010/11/30,377,377,377,377,9000,377,1
2010/12/01,386,386,386,386,4000,386,1
2010/12/02,390,390,390,390,10000,390,1
2010/12/08,390,390,390,390,1000,390,1
2010/12/09,390,390,390,390,24000,390,1
2010/12/10,366,373,366,373,2000,373,1
2010/12/14,390,390,385,385,17000,385,1
2010/12/17,380,380,380,380,2000,380,1
2010/12/21,372,372,372,372,2000,372,1
2010/12/22,376,390,375,390,5000,390,1
2010/12/30,402,402,402,402,10000,402,1
2011/01/11,390,390,390,390,1000,390,1
2011/01/14,382,382,382,382,1000,382,1
2011/01/26,366,366,366,366,1000,366,1
2011/01/27,367,367,367,367,2000,367,1
2011/01/31,378,378,378,378,2000,378,1
2011/02/09,363,371,363,371,3000,371,1
2011/02/15,372,372,371,371,2000,371,1
2011/02/17,374,374,374,374,1000,374,1
2011/02/25,370,370,370,370,1000,370,1
2011/02/28,378,378,378,378,2000,378,1
2011/03/01,378,378,378,378,6000,378,1
2011/03/03,370,370,370,370,1000,370,1
2011/03/14,385,450,385,450,8000,450,1
2011/03/22,400,400,400,400,15000,400,1
2011/03/25,420,420,420,420,1000,420,1
2011/03/30,420,440,420,440,2000,440,1
2011/03/31,448,448,440,440,2000,440,1
2011/04/04,440,440,440,440,1000,440,1
2011/04/11,406,406,406,406,2000,406,1
2011/04/13,400,400,400,400,1000,400,1
2011/04/19,400,400,400,400,1000,400,1
2011/04/21,400,400,400,400,2000,400,1
2011/04/22,400,400,400,400,1000,400,1
2011/04/27,410,410,410,410,1000,410,1
2011/04/28,410,410,410,410,6000,410,1
2011/05/06,400,400,385,385,6000,385,1
2011/05/13,389,389,389,389,1000,389,1
2011/05/23,383,390,383,390,2000,390,1
2011/05/25,390,390,390,390,1000,390,1
2011/05/26,390,390,390,390,1000,390,1
2011/05/30,397,397,397,397,1000,397,1
2011/05/31,397,397,397,397,4000,397,1
2011/06/01,397,397,397,397,1000,397,1
2011/06/22,390,399,390,399,6000,399,1
2011/06/27,383,383,383,383,1000,383,1
2011/06/28,387,387,387,387,1000,387,1
2011/06/30,395,395,395,395,2000,395,1
2011/07/01,396,396,395,395,3000,395,1
2011/07/06,400,405,400,405,5000,405,1
2011/07/07,405,405,405,405,8000,405,1
2011/07/19,397,397,397,397,1000,397,1
2011/07/25,398,400,398,400,2000,400,1
2011/07/26,397,405,397,397,4000,397,1
2011/07/27,395,395,395,395,1000,395,1
2011/07/28,397,405,396,405,3000,405,1
2011/07/29,399,399,399,399,8000,399,1
2011/08/02,393,393,393,393,7000,393,1
2011/08/05,393,393,393,393,1000,393,1
2011/08/09,393,393,393,393,1000,393,1
2011/08/17,385,385,385,385,3000,385,1
2011/08/18,385,385,385,385,3000,385,1
2011/08/19,385,385,385,385,1000,385,1
2011/08/24,385,385,385,385,4000,385,1
2011/08/26,385,385,385,385,3000,385,1
2011/08/29,385,393,385,393,11000,393,1
2011/08/30,395,395,395,395,1000,395,1
2011/08/31,397,397,397,397,10000,397,1
2011/09/01,397,399,397,399,8000,399,1
2011/09/02,396,396,396,396,5000,396,1
2011/09/05,396,396,396,396,5000,396,1
2011/09/06,396,396,396,396,7000,396,1
2011/09/07,396,396,396,396,5000,396,1
2011/09/08,396,396,396,396,10000,396,1
2011/09/09,390,390,390,390,5000,390,1
2011/09/12,390,390,390,390,5000,390,1
2011/09/13,390,390,390,390,5000,390,1
2011/09/14,390,390,390,390,3000,390,1
2011/09/15,390,390,390,390,5000,390,1
2011/09/16,390,390,390,390,5000,390,1
2011/09/27,390,390,390,390,1000,390,1
2011/09/30,402,402,402,402,2000,402,1
2011/10/03,402,402,402,402,2000,402,1
2011/10/12,380,380,380,380,1000,380,1
2011/10/26,388,388,388,388,1000,388,1
2011/10/27,388,388,388,388,1000,388,1
2011/10/28,390,390,390,390,1000,390,1
2011/10/31,390,390,390,390,3000,390,1
2011/11/01,390,390,390,390,1000,390,1
2011/11/04,382,382,382,382,1000,382,1
2011/11/07,366,366,366,366,6000,366,1
2011/11/09,374,374,374,374,1000,374,1
2011/11/10,374,374,374,374,1000,374,1
2011/11/25,373,374,373,374,2000,374,1
2011/11/29,379,379,379,379,1000,379,1
2011/11/30,379,379,379,379,4000,379,1
2011/12/02,387,387,387,387,1000,387,1
2011/12/06,387,387,387,387,4000,387,1
2011/12/08,388,395,387,395,6000,395,1
2011/12/09,386,386,386,386,2000,386,1
2011/12/12,370,370,370,370,2000,370,1
2011/12/13,378,378,378,378,1000,378,1
2011/12/14,378,386,378,386,2000,386,1
2011/12/15,386,386,386,386,1000,386,1
2011/12/21,372,376,365,365,14000,365,1
2011/12/22,369,370,368,368,68000,368,1
2011/12/26,366,374,366,374,2000,374,1
2011/12/27,380,380,380,380,1000,380,1
2011/12/28,388,388,388,388,1000,388,1
2011/12/29,385,385,385,385,2000,385,1
2011/12/30,385,385,385,385,8000,385,1
2012/01/20,385,385,385,385,1000,385,1
2012/01/24,385,385,385,385,1000,385,1
2012/01/26,381,389,381,389,7000,389,1
2012/01/27,389,389,389,389,1000,389,1
2012/01/31,388,388,384,385,8000,385,1
2012/02/01,385,385,385,385,10000,385,1
2012/02/03,385,385,385,385,10000,385,1
2012/02/10,385,385,385,385,1000,385,1
2012/02/17,377,377,377,377,1000,377,1
2012/02/21,387,387,387,387,1000,387,1
2012/02/27,380,380,380,380,1000,380,1
2012/02/28,385,385,385,385,1000,385,1
2012/02/29,385,385,384,384,6000,384,1
2012/03/05,388,405,387,387,10000,387,1
2012/03/06,403,403,395,395,2000,395,1
2012/03/08,387,387,387,387,1000,387,1
2012/03/09,395,395,395,395,2000,395,1
2012/03/12,458,458,458,458,4000,458,1
2012/03/13,410,415,402,415,4000,415,1
2012/03/14,420,425,420,425,6000,425,1
2012/03/23,409,409,409,409,2000,409,1
2012/03/26,417,417,410,410,2000,410,1
2012/03/30,403,403,403,403,3000,403,1
2012/04/02,395,395,390,390,2000,390,1
2012/04/03,393,393,393,393,1000,393,1
2012/04/04,396,396,396,396,2000,396,1
2012/04/05,396,396,396,396,1000,396,1
2012/04/12,383,383,383,383,3000,383,1
2012/04/16,380,380,380,380,1000,380,1
2012/04/19,382,382,382,382,1000,382,1
2012/04/23,403,403,393,401,4000,401,1
2012/04/24,401,401,401,401,1000,401,1
2012/04/25,392,392,392,392,1000,392,1
2012/04/27,399,399,399,399,2000,399,1
2012/05/01,399,399,399,399,2000,399,1
2012/05/08,392,392,392,392,1000,392,1
2012/05/10,385,385,385,385,1000,385,1
2012/05/11,383,383,382,382,4000,382,1
2012/05/14,381,391,381,391,4000,391,1
2012/05/15,391,391,390,390,7000,390,1
2012/05/21,390,390,390,390,1000,390,1
2012/05/22,390,390,390,390,3000,390,1
2012/05/28,390,390,390,390,1000,390,1
2012/05/31,390,390,390,390,2000,390,1
2012/06/08,391,391,391,391,1000,391,1
2012/06/11,391,391,391,391,3000,391,1
2012/06/12,390,390,390,390,1000,390,1
2012/06/14,398,398,398,398,1000,398,1
2012/06/19,390,390,390,390,2000,390,1
2012/06/27,393,405,393,405,4000,405,1
2012/06/29,403,403,402,402,8000,402,1
2012/07/04,401,401,401,401,1000,401,1
2012/07/06,399,399,399,399,2000,399,1
2012/07/09,403,403,400,400,2000,400,1
2012/07/10,404,404,404,404,1000,404,1
2012/07/11,404,404,404,404,3000,404,1
2012/07/19,396,396,396,396,1000,396,1
2012/07/26,394,395,394,395,2000,395,1
2012/07/31,407,407,407,407,1000,407,1
2012/08/01,410,410,410,410,3000,410,1
2012/08/02,410,410,410,410,3000,410,1
2012/08/03,400,400,400,400,1000,400,1
2012/08/22,399,400,399,400,19000,400,1
2012/08/29,400,400,400,400,1000,400,1
2012/08/31,401,401,401,401,5000,401,1
2012/09/11,401,401,401,401,1000,401,1
2012/09/13,399,400,399,400,3000,400,1
2012/09/18,400,400,400,400,1000,400,1
2012/09/24,400,400,400,400,1000,400,1
2012/09/26,392,392,392,392,1000,392,1
2012/09/27,400,400,400,400,4000,400,1
2012/09/28,412,412,412,412,2000,412,1
2012/10/10,400,400,400,400,4000,400,1
2012/10/12,400,400,400,400,1000,400,1
2012/10/17,400,400,400,400,13000,400,1
2012/10/26,409,409,409,409,1000,409,1
2012/10/31,409,409,409,409,2000,409,1
2012/11/27,409,409,409,409,1000,409,1
2012/11/28,411,412,411,412,4000,412,1
2012/11/29,413,413,413,413,3000,413,1
2012/11/30,413,420,413,420,39000,420,1
2012/12/03,420,420,420,420,14000,420,1
2012/12/04,420,420,420,420,15000,420,1
2012/12/05,420,420,420,420,26000,420,1
2012/12/06,420,420,420,420,10000,420,1
2012/12/07,420,420,420,420,12000,420,1
2012/12/11,420,420,420,420,1000,420,1
2012/12/17,417,417,417,417,2000,417,1
2012/12/25,430,430,430,430,1000,430,1
2012/12/26,430,430,430,430,1000,430,1
2012/12/27,430,430,430,430,2000,430,1
2012/12/28,446,446,446,446,3000,446,1
2013/01/08,449,449,449,449,1000,449,1
2013/01/22,425,430,425,430,8000,430,1
2013/01/29,430,430,430,430,1000,430,1
2013/01/30,432,432,432,432,3000,432,1
2013/01/31,429,429,429,429,5000,429,1
2013/02/06,421,421,421,421,1000,421,1
2013/02/12,421,421,421,421,2000,421,1
2013/02/26,410,410,410,410,1000,410,1
2013/02/27,410,410,410,410,1000,410,1
2013/02/28,417,417,417,417,2000,417,1
2013/03/01,415,415,407,407,3000,407,1
2013/03/04,415,415,415,415,5000,415,1
2013/03/05,415,429,415,429,3000,429,1
2013/03/11,420,420,420,420,2000,420,1
2013/03/15,420,420,420,420,2000,420,1
2013/03/29,413,413,413,413,3000,413,1
2013/04/02,413,413,413,413,1000,413,1
2013/04/10,413,413,413,413,4000,413,1
2013/04/17,415,415,415,415,1000,415,1
2013/04/22,420,420,420,420,1000,420,1
2013/04/23,417,417,413,413,3000,413,1
2013/04/24,420,420,407,407,4000,407,1
2013/04/26,419,420,419,420,3000,420,1
2013/04/30,425,425,425,425,2000,425,1
2013/05/01,425,425,425,425,1000,425,1
2013/05/16,425,425,425,425,2000,425,1
2013/05/17,441,445,441,445,3000,445,1
2013/05/23,429,429,429,429,2000,429,1
2013/05/24,421,421,421,421,2000,421,1
2013/05/29,426,426,426,426,1000,426,1
2013/05/30,426,426,426,426,1000,426,1
2013/05/31,439,439,439,439,2000,439,1
2013/06/04,439,439,439,439,1000,439,1
2013/06/06,421,421,421,421,1000,421,1
2013/06/17,405,405,405,405,2000,405,1
2013/06/18,404,405,404,405,5000,405,1
2013/06/25,409,409,408,408,2000,408,1
2013/06/26,408,408,408,408,1000,408,1
2013/06/28,419,419,419,419,1000,419,1
2013/07/01,419,419,419,419,3000,419,1
2013/07/08,425,425,425,425,1000,425,1
2013/07/18,430,430,430,430,2000,430,1
2013/07/31,430,430,430,430,12000,430,1
2013/08/01,430,430,430,430,5000,430,1
2013/08/02,440,440,440,440,1000,440,1
2013/08/05,423,423,423,423,1000,423,1
2013/08/08,415,415,415,415,3000,415,1
2013/08/14,411,411,411,411,1000,411,1
2013/08/15,410,410,410,410,1000,410,1
2013/08/21,406,406,406,406,1000,406,1
2013/08/28,410,410,410,410,1000,410,1
2013/08/29,415,420,415,420,3000,420,1
2013/08/30,420,420,420,420,4000,420,1
2013/09/09,424,424,424,424,1000,424,1
2013/09/10,424,424,424,424,1000,424,1
2013/09/12,424,424,424,424,1000,424,1
2013/09/17,430,430,421,421,2000,421,1
2013/09/19,427,431,427,431,2000,431,1
2013/09/24,433,433,433,433,1000,433,1
2013/09/27,440,440,440,440,4000,440,1
2013/09/30,454,456,454,456,6000,456,1
2013/10/01,500,500,460,475,5000,475,1
2013/10/02,500,500,477,485,3000,485,1
2013/10/04,453,468,453,468,2000,468,1
2013/10/07,468,468,468,468,1000,468,1
2013/10/15,450,450,450,450,1000,450,1
2013/10/16,458,458,458,458,1000,458,1
2013/10/21,455,455,455,455,1000,455,1
2013/10/22,453,477,453,477,2000,477,1
2013/10/30,470,478,470,470,4000,470,1
2013/10/31,480,485,480,485,4000,485,1
2013/11/01,485,485,485,485,3000,485,1
2013/11/05,485,485,485,485,4000,485,1
2013/11/06,453,453,453,453,1000,453,1
2013/11/07,445,445,445,445,2000,445,1
2013/11/11,456,456,456,456,1000,456,1
2013/11/12,460,460,460,460,1000,460,1
2013/11/13,465,465,457,457,3000,457,1
2013/11/14,465,465,463,463,2000,463,1
2013/11/18,471,471,471,471,1000,471,1
2013/11/20,463,471,463,471,2000,471,1
2013/11/21,472,485,472,485,9000,485,1
2013/11/22,485,510,485,510,12000,510,1
2013/11/27,510,510,510,510,2000,510,1
2013/11/28,501,501,501,501,6000,501,1
2013/11/29,505,510,505,510,4000,510,1
2013/12/02,516,539,516,539,3000,539,1
2013/12/03,530,530,528,528,7000,528,1
2013/12/05,520,521,520,520,3000,520,1
2013/12/06,520,520,520,520,2000,520,1
2013/12/09,521,521,521,521,1000,521,1
2013/12/10,525,525,512,512,10000,512,1
2013/12/11,520,520,520,520,1000,520,1
2013/12/12,530,530,529,529,2000,529,1
2013/12/13,515,515,511,511,2000,511,1
2013/12/16,492,505,492,505,10000,505,1
2013/12/17,505,505,505,505,8000,505,1
2013/12/24,505,505,505,505,1000,505,1
2013/12/25,496,496,496,496,1000,496,1
2013/12/27,504,504,504,504,2000,504,1
2013/12/30,505,515,504,515,8000,515,1
2014/01/06,517,518,516,518,6000,518,1
2014/01/07,528,538,528,538,3000,538,1
2014/01/08,537,537,537,537,1000,537,1
2014/01/10,534,534,534,534,1000,534,1
2014/01/14,532,538,530,530,10000,530,1
2014/01/15,530,531,530,531,2000,531,1
2014/01/20,530,530,525,525,3000,525,1
2014/01/21,531,570,531,568,26000,568,1
2014/01/22,628,668,615,625,61000,625,1
2014/01/23,655,720,655,705,49000,705,1
2014/01/24,670,690,669,680,14000,680,1
2014/01/27,665,670,663,663,10000,663,1
2014/01/28,662,683,658,681,11000,681,1
2014/01/29,672,689,672,689,2000,689,1
2014/01/30,667,667,666,666,5000,666,1
2014/01/31,676,676,666,666,3000,666,1
2014/02/03,661,661,656,656,6000,656,1
2014/02/04,611,618,598,598,7000,598,1
2014/02/05,596,605,595,605,6000,605,1
2014/02/06,595,610,595,610,3000,610,1
2014/02/07,710,710,677,677,5000,677,1
2014/02/10,628,628,600,610,14000,610,1
2014/02/12,610,610,583,583,31000,583,1
2014/02/13,583,583,530,530,52000,530,1
2014/02/14,550,551,515,515,20000,515,1
2014/02/17,525,530,524,524,18000,524,1
2014/02/18,518,530,518,527,9000,527,1
2014/02/19,525,526,520,526,13000,526,1
2014/02/20,516,523,516,523,2000,523,1
2014/02/21,544,555,540,543,23000,543,1
2014/02/24,543,543,520,520,12000,520,1
2014/02/26,523,525,523,524,9000,524,1
2014/02/27,524,524,523,523,2000,523,1
2014/02/28,523,523,523,523,4000,523,1
2014/03/03,525,525,511,513,9000,513,1
2014/03/04,513,517,513,517,3000,517,1
2014/03/05,517,519,517,519,3000,519,1
2014/03/06,510,515,510,515,4000,515,1
2014/03/07,515,523,515,523,2000,523,1
2014/03/10,515,515,510,512,3000,512,1
2014/03/11,512,512,512,512,2000,512,1
2014/03/12,512,514,510,511,6000,511,1
2014/03/13,515,540,495,518,47000,518,1
2014/03/17,512,512,501,501,5000,501,1
2014/03/18,519,519,519,519,5000,519,1
2014/03/19,519,519,519,519,2000,519,1
2014/03/20,519,519,519,519,3000,519,1
2014/03/28,509,509,505,505,2000,505,1
2014/03/31,515,515,515,515,2000,515,1
2014/04/01,515,515,515,515,3000,515,1
2014/04/03,500,500,500,500,1000,500,1
2014/04/04,497,499,496,499,4000,499,1
2014/04/08,496,496,495,495,2000,495,1
2014/04/10,487,487,487,487,1000,487,1
2014/04/11,480,480,480,480,1000,480,1
2014/04/16,472,475,472,475,2000,475,1
2014/04/17,467,467,467,467,1000,467,1
2014/04/18,471,473,470,470,6000,470,1
2014/04/22,474,475,474,475,4000,475,1
2014/04/24,475,475,475,475,2000,475,1
2014/04/25,473,489,472,489,5000,489,1
2014/04/28,512,512,499,499,14000,499,1
2014/04/30,507,507,501,505,7000,505,1
2014/05/01,505,505,505,505,6000,505,1
2014/05/02,505,505,505,505,3000,505,1
2014/05/08,500,500,498,498,4000,498,1
2014/05/09,502,502,502,502,1000,502,1
2014/05/13,482,482,474,474,2000,474,1
2014/05/14,466,466,466,466,1000,466,1
2014/05/15,468,482,468,480,7000,480,1
2014/05/19,472,472,472,472,1000,472,1
2014/05/20,464,464,435,438,8000,438,1
2014/05/21,438,438,438,438,7000,438,1
2014/05/23,435,435,435,435,1000,435,1
2014/05/28,436,436,436,436,1000,436,1
2014/05/29,444,444,444,444,1000,444,1
2014/05/30,451,451,451,451,2000,451,1
2014/06/02,451,451,451,451,1000,451,1
2014/06/03,455,455,452,452,3000,452,1
2014/06/04,458,458,458,458,3000,458,1
2014/06/06,459,459,459,459,1000,459,1
2014/06/10,459,459,459,459,2000,459,1
2014/06/11,451,451,451,451,1000,451,1
2014/06/12,459,459,459,459,1000,459,1
2014/06/13,459,459,459,459,1000,459,1
2014/06/16,462,462,462,462,1000,462,1
2014/06/17,469,469,469,469,1000,469,1
2014/06/18,461,461,461,461,1000,461,1
2014/06/19,463,463,463,463,1000,463,1
2014/06/20,467,467,467,467,1000,467,1
2014/06/23,470,470,470,470,1000,470,1
2014/06/25,470,470,470,470,1000,470,1
2014/06/30,483,483,475,475,3000,475,1
2014/07/01,482,490,482,490,2000,490,1
2014/07/02,490,490,490,490,4000,490,1
2014/07/04,495,495,495,495,3000,495,1
2014/07/07,496,496,496,496,1000,496,1
2014/07/08,503,504,499,499,7000,499,1
2014/07/09,499,504,499,499,8000,499,1
2014/07/11,500,500,497,497,3000,497,1
2014/07/15,498,498,498,498,1000,498,1
2014/07/17,488,488,488,488,3000,488,1
2014/07/22,483,489,483,489,3000,489,1
2014/07/23,484,484,484,484,2000,484,1
2014/07/24,485,485,485,485,2000,485,1
2014/07/25,483,483,483,483,2000,483,1
2014/07/28,491,494,491,494,2000,494,1
2014/07/29,493,493,492,492,3000,492,1
2014/07/30,495,495,492,492,3000,492,1
2014/07/31,498,498,498,498,2000,498,1
2014/08/01,498,498,490,490,11000,490,1
2014/08/04,491,491,491,491,1000,491,1
2014/08/05,491,491,491,491,1000,491,1
2014/08/06,491,491,491,491,1000,491,1
2014/08/07,492,492,492,492,1000,492,1
2014/08/12,482,482,482,482,2000,482,1
2014/08/13,485,485,485,485,1000,485,1
2014/08/14,485,485,485,485,2000,485,1
2014/08/15,481,481,481,481,1000,481,1
2014/08/20,482,482,482,482,1000,482,1
2014/08/25,490,500,490,500,7000,500,1
2014/08/28,500,500,500,500,4000,500,1
2014/08/29,508,508,505,505,3000,505,1
2014/09/01,505,515,505,515,2000,515,1
2014/09/02,521,531,521,531,3000,531,1
2014/09/05,523,523,522,522,2000,522,1
2014/09/12,512,512,505,505,2000,505,1
2014/09/16,520,520,519,519,2000,519,1
2014/09/17,519,519,519,519,2000,519,1
2014/09/18,521,521,521,521,1000,521,1
2014/09/22,574,574,560,560,3000,560,1
2014/09/24,524,535,522,522,10000,522,1
2014/09/26,508,508,508,508,1000,508,1
2014/09/29,509,509,509,509,1000,509,1
2014/09/30,519,519,519,519,2000,519,1
2014/10/02,520,524,520,524,2000,524,1
2014/10/03,500,500,500,500,1000,500,1
2014/10/09,541,541,541,541,1000,541,1
2014/10/10,496,500,496,500,4000,500,1
2014/10/14,485,508,485,508,3000,508,1
2014/10/16,500,500,495,495,3000,495,1
2014/10/17,490,490,480,480,8000,480,1
2014/10/20,495,519,463,469,82000,469,1
2014/10/21,470,520,470,490,14000,490,1
2014/10/22,482,482,482,482,4000,482,1
2014/10/23,510,510,510,510,1000,510,1
2014/10/27,510,510,506,506,2000,506,1
2014/10/28,503,503,502,503,5000,503,1
2014/10/30,509,509,503,509,3000,509,1
2014/10/31,509,509,509,509,9000,509,1
2014/11/04,520,530,515,515,7000,515,1
2014/11/05,530,542,530,542,9000,542,1
2014/11/10,522,522,501,501,4000,501,1
2014/11/11,496,496,496,496,1000,496,1
2014/11/12,509,509,509,509,1000,509,1
2014/11/18,519,550,519,550,15000,550,1
2014/11/19,550,550,550,550,1000,550,1
2014/11/20,550,550,550,550,2000,550,1
2014/11/26,545,545,530,530,8000,530,1
2014/11/27,530,530,530,530,1000,530,1
2014/11/28,530,530,530,530,3000,530,1
2014/12/01,530,530,526,526,7000,526,1
2014/12/02,536,536,536,536,1000,536,1
2014/12/03,536,536,535,535,2000,535,1
2014/12/04,535,535,535,535,3000,535,1
2014/12/08,535,535,535,535,7000,535,1
2014/12/10,535,535,535,535,2000,535,1
2014/12/11,535,535,534,534,2000,534,1
2014/12/12,534,535,534,535,2000,535,1
2014/12/16,523,523,523,523,1000,523,1
2014/12/17,531,531,531,531,2000,531,1
2014/12/19,550,550,550,550,1000,550,1
2014/12/24,550,558,550,558,2000,558,1
2014/12/26,558,558,558,558,1000,558,1
2014/12/29,558,558,558,558,1000,558,1
2014/12/30,565,568,565,568,3000,568,1
2015/01/06,568,568,568,568,2000,568,1
2015/01/07,560,560,560,560,4000,560,1
2015/01/08,555,555,555,555,1000,555,1
2015/01/14,555,555,555,555,1000,555,1
2015/01/19,555,555,555,555,1000,555,1
2015/01/20,550,550,550,550,1000,550,1
2015/01/21,551,551,550,550,2000,550,1
2015/01/22,555,555,555,555,1000,555,1
2015/01/26,545,545,545,545,1000,545,1
2015/01/27,525,525,509,521,10000,521,1
2015/01/28,531,531,531,531,1000,531,1
2015/01/29,525,525,525,525,4000,525,1
2015/01/30,535,535,529,530,7000,530,1
2015/02/02,530,531,530,530,3000,530,1
2015/02/04,526,550,526,530,5000,530,1
2015/02/09,540,540,540,540,1000,540,1
2015/02/10,535,540,534,540,17000,540,1
2015/02/12,541,544,541,544,4000,544,1
2015/02/13,545,545,545,545,1000,545,1
2015/02/18,525,531,525,530,8000,530,1
2015/02/19,530,530,530,530,2000,530,1
2015/02/20,522,522,522,522,1000,522,1
2015/02/23,529,529,529,529,1000,529,1
2015/02/24,525,530,524,530,3000,530,1
2015/02/25,526,526,526,526,2000,526,1
2015/02/26,525,525,521,523,4000,523,1
2015/02/27,523,527,523,527,5000,527,1
2015/03/02,527,527,527,527,2000,527,1
2015/03/03,537,537,524,524,2000,524,1
2015/03/04,526,530,526,530,2000,530,1
2015/03/05,525,525,525,525,1000,525,1
2015/03/12,526,532,526,526,5000,526,1
2015/03/17,531,534,531,534,2000,534,1
2015/03/18,535,537,535,535,6000,535,1
2015/03/24,525,529,525,528,8000,528,1
2015/03/26,530,530,530,530,1000,530,1
2015/03/30,526,526,526,526,1000,526,1
2015/03/31,528,528,528,528,3000,528,1
2015/04/07,520,520,520,520,2000,520,1
2015/04/10,521,521,521,521,11000,521,1
2015/04/13,525,525,525,525,3000,525,1
2015/04/21,521,529,521,529,5000,529,1
2015/04/22,520,522,520,521,3000,521,1
2015/04/23,520,520,520,520,3000,520,1
2015/04/24,520,520,518,518,2000,518,1
2015/04/27,518,527,518,527,6000,527,1
2015/04/30,527,527,527,527,7000,527,1
2015/05/01,517,517,517,517,2000,517,1
2015/05/11,519,519,519,519,1000,519,1
2015/05/12,520,520,520,520,2000,520,1
2015/05/15,527,527,527,527,2000,527,1
2015/05/18,518,518,518,518,2000,518,1
2015/05/20,515,515,515,515,2000,515,1
2015/05/22,505,505,500,500,8000,500,1
2015/05/25,500,500,493,498,10000,498,1
2015/05/26,492,496,488,488,12000,488,1
2015/05/27,494,494,490,490,6000,490,1
2015/05/28,489,491,489,491,3000,491,1
2015/05/29,491,492,491,492,8000,492,1
2015/06/01,493,493,490,490,6000,490,1
2015/06/02,492,492,490,490,5000,490,1
2015/06/03,488,488,488,488,7000,488,1
2015/06/04,487,487,484,484,9000,484,1
2015/06/05,485,497,484,491,11000,491,1
2015/06/08,497,500,497,498,7000,498,1
2015/06/10,505,505,505,505,3000,505,1
2015/06/11,516,516,505,505,3000,505,1
2015/06/12,506,506,505,505,4000,505,1
2015/06/15,505,505,505,505,1000,505,1
2015/06/17,496,500,496,500,2000,500,1
2015/06/19,495,495,495,495,1000,495,1
2015/06/22,503,510,503,510,4000,510,1
2015/06/23,505,520,505,520,4000,520,1
2015/06/24,510,511,510,510,3000,510,1
2015/06/25,522,524,522,524,3000,524,1
2015/06/26,524,524,524,524,1000,524,1
2015/06/29,508,508,508,508,2000,508,1
2015/06/30,508,508,508,508,3000,508,1
2015/07/01,507,517,507,507,4000,507,1
2015/07/02,507,507,507,507,1000,507,1
2015/07/06,507,507,507,507,5000,507,1
2015/07/08,512,512,512,512,1000,512,1
2015/07/09,492,495,490,495,8000,495,1
2015/07/14,508,508,508,508,1000,508,1
2015/07/15,510,520,510,520,5000,520,1
2015/07/16,528,528,528,528,1000,528,1
2015/07/21,528,528,528,528,1000,528,1
2015/07/22,527,527,527,527,1000,527,1
2015/07/23,521,521,517,517,2000,517,1
2015/07/27,507,507,507,507,1000,507,1
2015/07/31,523,528,523,528,5000,528,1
2015/08/03,528,528,528,528,20000,528,1
2015/08/06,520,520,520,520,2000,520,1
2015/08/07,513,513,513,513,1000,513,1
2015/08/10,491,513,484,513,3000,513,1
2015/08/11,493,493,493,493,3000,493,1
2015/08/12,486,501,486,500,9000,500,1
2015/08/17,500,500,500,500,1000,500,1
2015/08/21,493,493,490,490,2000,490,1
2015/08/24,481,481,476,476,8000,476,1
2015/08/25,470,477,462,470,22000,470,1
2015/08/28,476,476,476,476,2000,476,1
2015/08/31,480,480,480,480,2000,480,1
2015/09/01,480,480,480,480,2000,480,1
2015/09/10,472,472,472,472,1000,472,1
2015/09/16,472,473,472,473,2000,473,1
2015/09/17,477,477,477,477,1000,477,1
2015/09/28,485,485,485,485,1000,485,1
2015/09/29,490,490,480,480,2000,480,1
2015/09/30,494,494,494,494,2000,494,1
2015/10/01,494,494,479,494,4000,494,1
2015/10/02,480,480,480,480,200,480,1
2015/10/06,483,483,480,480,1000,480,1
2015/10/07,470,480,470,480,3600,480,1
2015/10/08,480,480,480,480,400,480,1
2015/10/09,472,484,472,484,500,484,1
2015/10/13,476,476,476,476,300,476,1
2015/10/14,473,473,473,473,200,473,1
2015/10/15,476,476,476,476,300,476,1
2015/10/19,470,477,470,477,1100,477,1
2015/10/20,482,483,478,479,700,479,1
2015/10/21,483,483,473,473,1300,473,1
2015/10/22,473,479,470,479,8700,479,1
2015/10/23,475,479,475,477,400,477,1
2015/10/26,478,478,475,475,600,475,1
2015/10/27,480,484,480,480,3800,480,1
2015/10/28,482,482,480,480,400,480,1
2015/10/29,482,487,482,487,500,487,1
2015/10/30,502,517,502,502,3600,502,1
2015/11/02,502,502,502,502,2000,502,1
2015/11/10,492,492,492,492,300,492,1
2015/11/11,494,494,491,491,200,491,1
2015/11/12,498,499,498,499,200,499,1
2015/11/13,488,502,488,502,500,502,1
2015/11/16,491,491,490,490,400,490,1
2015/11/17,494,495,494,495,200,495,1
2015/11/19,494,494,493,493,200,493,1
2015/11/20,495,495,495,495,100,495,1
2015/11/24,495,496,495,496,300,496,1
2015/11/25,496,498,491,498,400,498,1
2015/11/26,497,500,497,499,3300,499,1
2015/11/27,500,500,500,500,1200,500,1
2015/11/30,500,509,499,505,22100,505,1
2015/12/01,503,503,497,501,1600,501,1
2015/12/02,492,499,490,499,3900,499,1
2015/12/04,497,497,497,497,100,497,1
2015/12/07,498,500,498,500,400,500,1
2015/12/08,501,502,501,502,400,502,1
2015/12/09,502,502,502,502,4900,502,1
2015/12/10,500,500,499,500,500,500,1
2015/12/11,492,502,492,502,1600,502,1
2015/12/14,499,499,497,498,1000,498,1
2015/12/15,495,495,495,495,1300,495,1
2015/12/16,495,495,495,495,100,495,1
2015/12/17,499,500,495,500,5200,500,1
2015/12/24,498,498,495,495,400,495,1
2015/12/25,501,501,501,501,300,501,1
2015/12/28,486,500,486,495,1500,495,1
2015/12/29,500,505,500,505,300,505,1
2015/12/30,521,521,517,517,2300,517,1
2016/01/04,517,518,517,518,3000,518,1
2016/01/05,518,520,518,520,1000,520,1
2016/01/06,523,525,522,522,9400,522,1
2016/01/07,522,522,507,507,2400,507,1
2016/01/08,507,507,492,495,3100,495,1
2016/01/12,500,500,483,483,8100,483,1
2016/01/13,485,485,483,483,1700,483,1
2016/01/14,481,481,479,479,300,479,1
2016/01/15,471,471,471,471,900,471,1
2016/01/18,471,471,471,471,100,471,1
2016/01/19,470,470,470,470,100,470,1
2016/01/20,470,471,460,460,7100,460,1
2016/01/21,466,466,454,455,5400,455,1
2016/01/22,460,463,456,456,1500,456,1
2016/01/25,460,460,459,459,200,459,1
2016/01/26,462,465,462,462,600,462,1
2016/01/27,464,466,464,466,200,466,1
2016/01/28,469,477,469,477,800,477,1
2016/01/29,490,490,490,490,2100,490,1
2016/02/01,495,495,495,495,200,495,1
2016/02/02,495,498,495,498,1800,498,1
2016/02/04,482,488,482,488,200,488,1
2016/02/05,464,478,464,467,1500,467,1
2016/02/08,467,487,467,487,300,487,1
2016/02/12,487,487,469,469,400,469,1
2016/02/17,477,477,477,477,100,477,1
2016/02/18,473,473,473,473,100,473,1
2016/02/23,470,477,467,477,2300,477,1
2016/02/25,480,480,480,480,300,480,1
2016/02/26,484,490,484,490,1000,490,1
2016/02/29,498,498,490,494,7000,494,1
2016/03/01,494,494,494,494,1100,494,1
2016/03/04,486,486,486,486,500,486,1
2016/03/08,494,494,494,494,100,494,1
2016/03/14,494,494,494,494,200,494,1
2016/03/28,499,500,499,500,200,500,1
2016/03/29,501,501,501,501,100,501,1
2016/03/30,493,501,493,501,600,501,1
2016/03/31,509,510,502,510,4500,510,1
2016/04/01,513,513,510,510,9900,510,1
2016/04/05,501,501,501,501,200,501,1
2016/04/06,497,497,497,497,200,497,1
2016/04/07,495,499,495,497,400,497,1
2016/04/08,491,491,484,484,900,484,1
2016/04/11,481,481,481,481,200,481,1
2016/04/13,468,470,466,469,3200,469,1
2016/04/14,469,471,466,471,1400,471,1
2016/04/15,471,471,463,465,700,465,1
2016/04/18,460,464,460,464,500,464,1
2016/04/19,466,466,466,466,200,466,1
2016/04/20,471,471,470,471,400,471,1
2016/04/21,472,472,472,472,200,472,1
2016/04/22,473,477,472,477,1900,477,1
2016/04/25,485,486,480,486,800,486,1
2016/04/26,487,493,487,493,200,493,1
2016/04/27,493,495,488,495,1400,495,1
2016/04/28,495,495,495,495,5200,495,1
2016/05/02,488,488,488,488,100,488,1
2016/05/06,483,483,483,483,400,483,1
2016/05/10,479,479,479,479,700,479,1
2016/05/11,480,480,480,480,100,480,1
2016/05/13,480,480,480,480,100,480,1
2016/05/16,477,477,477,477,200,477,1
2016/05/17,481,481,481,481,100,481,1
2016/05/23,477,477,470,471,400,471,1
2016/05/24,480,480,476,476,200,476,1
2016/05/26,485,489,485,489,500,489,1
2016/05/27,491,491,491,491,200,491,1
2016/05/30,498,498,495,497,1400,497,1
2016/05/31,497,498,497,497,3600,497,1
2016/06/01,497,497,497,497,500,497,1
2016/06/02,497,499,497,497,1200,497,1
2016/06/07,495,495,495,495,100,495,1
2016/06/09,492,492,492,492,1000,492,1
2016/06/10,492,492,492,492,200,492,1
2016/06/13,491,491,491,491,100,491,1
2016/06/17,486,486,486,486,100,486,1
2016/06/21,486,486,486,486,200,486,1
2016/06/23,490,490,490,490,2000,490,1
2016/06/24,497,497,485,485,300,485,1
2016/06/29,495,509,495,509,1500,509,1
2016/06/30,509,510,509,509,3500,509,1
2016/07/01,510,510,510,510,100,510,1
2016/07/04,511,511,511,511,400,511,1
2016/07/07,520,520,520,520,2500,520,1
2016/07/08,521,521,520,520,13400,520,1
2016/07/11,515,515,515,515,200,515,1
2016/07/12,516,516,515,515,400,515,1
2016/07/13,509,509,508,508,500,508,1
2016/07/14,509,509,504,504,1300,504,1
2016/07/15,500,505,500,505,500,505,1
2016/07/20,495,495,495,495,900,495,1
2016/07/21,509,509,509,509,100,509,1
2016/07/25,503,505,503,505,1500,505,1
2016/07/26,505,505,505,505,2000,505,1
2016/07/27,506,506,506,506,500,506,1
2016/07/28,509,515,509,515,1300,515,1
2016/07/29,515,515,515,515,12100,515,1
2016/08/03,509,509,509,509,100,509,1
2016/08/04,503,514,503,505,3100,505,1
2016/08/08,510,510,510,510,900,510,1
2016/08/09,514,514,514,514,900,514,1
2016/08/16,520,527,520,527,1400,527,1
2016/08/18,514,516,509,509,2300,509,1
2016/08/19,513,513,509,509,900,509,1
2016/08/22,513,513,513,513,1000,513,1
2016/08/26,513,514,513,514,1500,514,1
2016/08/29,509,515,509,515,2600,515,1
2016/08/30,512,536,503,536,1700,536,1
2016/08/31,536,536,536,536,4900,536,1
2016/09/01,536,536,536,536,500,536,1
2016/09/06,526,526,526,526,100,526,1
2016/09/08,506,506,506,506,3000,506,1
2016/09/09,511,511,508,508,400,508,1
2016/09/12,508,508,501,501,800,501,1
2016/09/14,503,503,501,502,1600,502,1
2016/09/15,510,529,509,529,5400,529,1
2016/09/20,514,514,514,514,200,514,1
2016/09/27,511,511,511,511,100,511,1
2016/09/28,512,514,512,514,1000,514,1
2016/09/29,517,534,517,534,2200,534,1
2016/09/30,534,534,534,534,3200,534,1
2016/10/03,535,539,534,539,2100,539,1
2016/10/04,539,544,539,544,1600,544,1
2016/10/05,549,549,525,535,1600,535,1
2016/10/06,540,549,525,532,2000,532,1
2016/10/07,529,530,522,530,1600,530,1
2016/10/11,531,531,531,531,600,531,1
2016/10/12,530,532,529,532,1500,532,1
2016/10/13,533,533,519,521,2000,521,1
2016/10/17,519,521,519,521,1900,521,1
2016/10/18,521,521,521,521,300,521,1
2016/10/21,521,521,521,521,200,521,1
2016/10/24,523,535,523,535,1100,535,1
2016/10/25,545,549,545,549,800,549,1
2016/10/26,549,550,549,550,1100,550,1
2016/10/27,549,549,549,549,400,549,1
2016/10/28,550,565,549,565,1200,565,1
2016/10/31,565,570,565,565,5200,565,1
2016/11/01,566,566,565,565,700,565,1
2016/11/02,565,565,565,565,500,565,1
2016/11/04,565,565,565,565,200,565,1
2016/11/08,565,565,565,565,400,565,1
2016/11/09,567,572,565,565,900,565,1
2016/11/10,575,578,555,555,2800,555,1
2016/11/11,572,572,555,555,1800,555,1
2016/11/14,555,555,555,555,1100,555,1
2016/11/15,555,555,555,555,200,555,1
2016/11/16,555,555,555,555,300,555,1
2016/11/17,555,556,550,550,1400,550,1
2016/11/22,541,550,537,549,1100,549,1
2016/11/25,550,550,550,550,100,550,1
2016/11/28,557,558,557,558,1200,558,1
2016/11/29,560,560,560,560,2000,560,1
2016/11/30,564,570,563,570,3600,570,1
2016/12/01,570,575,570,575,1100,575,1
2016/12/02,575,575,575,575,1000,575,1
2016/12/05,575,575,565,565,500,565,1
2016/12/06,572,600,572,580,3200,580,1
2016/12/07,583,590,583,590,500,590,1
2016/12/08,590,598,590,598,2800,598,1
2016/12/09,598,599,598,599,1700,599,1
2016/12/12,600,600,600,600,2200,600,1
2016/12/13,595,595,595,595,100,595,1
2016/12/15,595,595,595,595,100,595,1
2016/12/16,594,594,554,570,9500,570,1
2016/12/19,571,578,570,570,600,570,1
2016/12/20,573,573,573,573,200,573,1
2016/12/21,573,574,573,573,300,573,1
2016/12/22,573,573,570,573,2700,573,1
2016/12/26,582,582,582,582,300,582,1
2016/12/27,582,594,582,591,3400,591,1
2016/12/28,597,599,593,593,1700,593,1
2016/12/29,593,605,585,598,6900,598,1
2016/12/30,608,616,605,616,5300,616,1
2017/01/04,625,640,622,637,9100,637,1
2017/01/05,637,643,637,640,12900,640,1
2017/01/06,634,634,627,628,1000,628,1
2017/01/10,621,621,609,613,5000,613,1
2017/01/11,610,613,610,613,13200,613,1
2017/01/12,613,613,611,611,400,611,1
2017/01/13,611,618,611,618,800,618,1
2017/01/16,618,618,618,618,100,618,1
2017/01/17,621,630,621,630,3000,630,1
2017/01/18,631,670,631,665,2500,665,1
2017/01/19,668,670,654,654,5000,654,1
2017/01/20,661,661,661,661,1600,661,1
2017/01/23,670,670,669,670,800,670,1
2017/01/24,670,670,670,670,1100,670,1
2017/01/25,665,665,660,660,1700,660,1
2017/01/26,665,665,662,665,2200,665,1
2017/01/27,670,670,664,664,7100,664,1
2017/01/30,670,675,670,675,1700,675,1
2017/01/31,678,682,677,680,10100,680,1
2017/02/01,680,682,680,682,5900,682,1
2017/02/02,685,697,685,697,2300,697,1
2017/02/03,700,700,665,667,15100,667,1
2017/02/06,667,670,652,652,4900,652,1
2017/02/07,652,652,651,651,900,651,1
2017/02/08,669,669,667,667,1100,667,1
2017/02/09,655,664,615,658,8200,658,1
2017/02/13,641,641,640,641,600,641,1
2017/02/14,641,641,641,641,100,641,1
2017/02/15,642,644,642,644,300,644,1
2017/02/16,645,651,645,651,1500,651,1
2017/02/17,651,651,651,651,600,651,1
2017/02/20,653,653,651,651,600,651,1
2017/02/21,655,657,655,657,500,657,1
2017/02/22,640,643,640,643,5000,643,1
2017/02/23,644,660,644,660,1600,660,1
2017/02/24,660,660,660,660,1500,660,1
2017/02/27,664,680,664,680,2200,680,1
2017/02/28,694,754,691,735,13100,735,1
2017/03/01,735,779,735,748,13100,748,1
2017/03/02,750,805,750,765,28700,765,1
2017/03/03,756,798,745,765,7200,765,1
2017/03/06,768,788,768,771,1900,771,1
2017/03/07,769,769,710,730,4700,730,1
2017/03/08,730,730,730,730,600,730,1
2017/03/09,730,730,724,724,700,724,1
2017/03/10,716,721,710,710,2700,710,1
2017/03/13,710,710,703,705,2200,705,1
2017/03/14,713,713,710,710,1100,710,1
2017/03/15,707,710,702,702,1100,702,1
2017/03/16,710,710,709,709,700,709,1
2017/03/17,709,710,700,709,1900,709,1
2017/03/21,684,689,682,685,2300,685,1
2017/03/22,685,685,685,685,300,685,1
2017/03/23,680,685,680,680,800,680,1
2017/03/24,680,700,680,700,900,700,1
2017/03/27,701,728,700,728,3100,728,1
2017/03/28,750,780,734,778,17000,778,1
2017/03/29,761,780,720,763,3900,763,1
2017/03/30,749,750,719,741,4100,741,1
2017/03/31,754,755,720,727,14500,727,1
2017/04/03,711,713,700,713,600,713,1
2017/04/04,698,698,682,682,1300,682,1
2017/04/05,698,698,698,698,100,698,1
2017/04/06,685,692,682,692,800,692,1
2017/04/07,732,763,725,732,2600,732,1
2017/04/10,707,713,706,713,300,713,1
2017/04/11,711,711,703,703,700,703,1
2017/04/12,700,700,680,680,2000,680,1
2017/04/13,670,678,670,672,1400,672,1
2017/04/14,672,672,672,672,200,672,1
2017/04/17,670,670,670,670,100,670,1
2017/04/18,660,674,660,674,1200,674,1
2017/04/20,664,680,664,680,400,680,1
2017/04/24,705,705,705,705,100,705,1
2017/04/25,709,709,701,701,200,701,1
2017/04/27,713,734,713,731,1000,731,1
2017/04/28,731,735,731,734,3700,734,1
2017/05/01,734,734,728,728,2200,728,1
2017/05/02,720,720,720,720,100,720,1
2017/05/08,723,725,723,724,800,724,1
2017/05/09,715,731,705,713,700,713,1
2017/05/10,724,724,722,722,400,722,1
2017/05/11,727,727,710,710,1800,710,1
2017/05/12,710,710,710,710,1300,710,1
2017/05/15,711,711,711,711,200,711,1
2017/05/16,711,711,705,705,1300,705,1
2017/05/17,706,706,693,693,3700,693,1
2017/05/18,681,691,681,691,500,691,1
2017/05/19,685,692,685,692,500,692,1
2017/05/24,692,700,692,700,600,700,1
2017/05/25,708,708,705,705,600,705,1
2017/05/26,705,710,705,710,1000,710,1
2017/05/29,713,717,705,710,2300,710,1
2017/05/30,715,716,715,716,700,716,1
2017/05/31,717,723,717,723,3100,723,1
2017/06/01,723,723,723,723,900,723,1
2017/06/02,723,723,723,723,400,723,1
2017/06/06,723,723,723,723,100,723,1
2017/06/07,723,730,711,724,3500,724,1
2017/06/12,724,728,724,728,700,728,1
2017/06/13,729,729,729,729,200,729,1
2017/06/16,730,730,730,730,200,730,1
2017/06/19,732,735,730,730,2600,730,1
2017/06/21,730,730,728,728,3300,728,1
2017/06/22,730,730,728,730,1100,730,1
2017/06/23,730,730,726,729,1900,729,1
2017/06/26,729,735,720,720,4300,720,1
2017/06/27,720,720,720,720,1200,720,1
2017/06/28,720,720,720,720,2900,720,1
2017/06/29,720,720,719,719,1500,719,1
2017/06/30,719,720,719,720,8400,720,1
2017/07/03,720,720,700,706,3900,706,1
2017/07/04,706,706,705,706,2200,706,1
2017/07/05,706,706,706,706,200,706,1
2017/07/06,708,712,697,697,11900,697,1
2017/07/07,700,700,700,700,300,700,1
2017/07/10,700,700,700,700,100,700,1
2017/07/11,700,700,697,700,5100,700,1
2017/07/13,700,700,700,700,400,700,1
2017/07/14,708,708,708,708,100,708,1
2017/07/18,707,707,705,705,800,705,1
2017/07/19,704,704,704,704,200,704,1
2017/07/20,703,706,703,706,1500,706,1
2017/07/21,708,708,708,708,200,708,1
2017/07/24,708,708,708,708,100,708,1
2017/07/25,712,718,712,718,1400,718,1
2017/07/26,718,718,718,718,1700,718,1
2017/07/27,718,722,718,719,1200,719,1
2017/07/28,719,719,711,718,10300,718,1
2017/07/31,708,710,700,710,14200,710,1
2017/08/01,710,710,710,710,300,710,1
2017/08/02,710,710,710,710,100,710,1
2017/08/03,710,710,710,710,300,710,1
2017/08/04,710,710,710,710,300,710,1
2017/08/07,710,713,710,713,900,713,1
2017/08/08,701,701,701,701,600,701,1
2017/08/09,702,708,702,708,200,708,1
2017/08/10,708,708,701,701,800,701,1
2017/08/14,700,700,700,700,200,700,1
2017/08/15,696,696,696,696,100,696,1
2017/08/21,696,696,696,696,600,696,1
2017/08/22,696,696,696,696,2000,696,1
2017/08/25,700,700,700,700,100,700,1
2017/08/28,704,705,700,700,2400,700,1
2017/08/29,706,709,706,709,800,709,1
2017/08/30,709,729,709,725,800,725,1
2017/08/31,726,735,726,733,3300,733,1
2017/09/01,733,733,720,730,4000,730,1
2017/09/04,720,720,717,717,2500,717,1
2017/09/05,720,720,711,718,11500,718,1
2017/09/06,718,718,717,717,600,717,1
2017/09/07,717,718,717,718,400,718,1
2017/09/08,718,718,718,718,400,718,1
2017/09/11,718,718,718,718,600,718,1
2017/09/12,718,718,717,718,800,718,1
2017/09/13,718,718,718,718,500,718,1
2017/09/14,715,715,715,715,100,715,1
2017/09/15,715,715,714,714,700,714,1
2017/09/19,714,714,710,710,3200,710,1
2017/09/20,715,715,715,715,300,715,1
2017/09/21,720,720,712,712,1300,712,1
2017/09/22,697,700,694,700,9300,700,1
2017/09/25,700,705,700,705,1000,705,1
2017/09/26,711,712,710,710,700,710,1
2017/09/27,716,716,713,713,800,713,1
2017/09/28,718,720,714,714,2200,714,1
2017/09/29,693,800,693,765,23200,765,1
2017/10/02,764,764,756,756,1600,756,1
2017/10/03,756,756,743,745,1500,745,1
2017/10/04,746,746,733,733,1200,733,1
2017/10/05,733,740,702,711,6400,711,1
2017/10/06,712,719,711,714,1300,714,1
2017/10/10,713,721,713,721,800,721,1
2017/10/11,719,721,719,721,700,721,1
2017/10/12,723,735,723,731,700,731,1
2017/10/13,731,738,718,720,12000,720,1
2017/10/16,721,731,721,724,1900,724,1
2017/10/17,739,745,739,745,700,745,1
2017/10/18,750,759,744,759,3300,759,1
2017/10/19,744,745,735,740,1100,740,1
2017/10/23,737,737,735,735,2100,735,1
2017/10/24,735,735,735,735,100,735,1
2017/10/25,737,744,735,741,900,741,1
2017/10/26,735,735,732,735,1700,735,1
2017/10/27,735,745,715,745,3100,745,1
2017/10/30,745,758,741,758,1200,758,1
2017/10/31,760,760,758,758,4400,758,1
2017/11/01,766,766,766,766,200,766,1
2017/11/02,768,769,768,769,3900,769,1
2017/11/06,792,792,792,792,3300,792,1
2017/11/07,792,800,780,780,8800,780,1
2017/11/08,800,815,770,770,8100,770,1
2017/11/13,771,771,771,771,500,771,1
2017/11/14,776,776,775,775,500,775,1
2017/11/15,775,775,770,770,1200,770,1
2017/11/16,771,771,770,770,900,770,1
2017/11/17,771,771,770,770,1200,770,1
2017/11/20,760,765,740,765,2200,765,1
2017/11/21,750,767,750,765,7000,765,1
2017/11/22,765,765,765,765,200,765,1
2017/11/24,766,775,766,775,700,775,1
2017/11/27,775,775,770,770,1500,770,1
2017/11/28,771,780,771,774,2400,774,1
2017/11/29,775,783,775,783,200,783,1
2017/11/30,808,850,808,830,4200,830,1
2017/12/01,840,854,840,853,3100,853,1
2017/12/04,853,870,853,868,3600,868,1
2017/12/05,868,868,868,868,100,868,1
2017/12/06,885,885,871,871,1000,871,1
2017/12/08,871,902,871,893,2800,893,1
2017/12/11,894,900,840,840,4300,840,1
2017/12/12,844,849,844,849,300,849,1
2017/12/18,834,834,780,800,1800,800,1
2017/12/19,813,813,812,813,400,813,1
2017/12/21,815,816,811,811,900,811,1
2017/12/22,811,811,811,811,200,811,1
2017/12/25,814,814,813,813,700,813,1
2017/12/26,820,820,820,820,300,820,1
2017/12/27,850,860,850,860,1000,860,1
2017/12/28,875,880,875,880,2300,880,1
2017/12/29,889,900,889,895,4600,895,1
2018/01/04,896,901,890,890,18900,890,1
2018/01/05,880,885,874,874,1700,874,1
2018/01/09,875,876,861,866,1300,866,1
2018/01/11,855,855,845,845,1300,845,1
2018/01/16,850,851,849,849,3200,849,1
2018/01/17,849,849,844,844,800,844,1
2018/01/18,849,849,849,849,700,849,1
2018/01/22,850,850,839,850,18700,850,1
2018/01/23,860,860,850,850,300,850,1
2018/01/24,850,850,840,840,2500,840,1
2018/01/25,840,840,826,834,1400,834,1
2018/01/26,830,830,830,830,1100,830,1
2018/01/29,838,850,838,850,2800,850,1
2018/01/30,850,865,849,850,14800,850,1
2018/01/31,851,865,851,860,6000,860,1
2018/02/01,860,860,860,860,1700,860,1
2018/02/02,851,851,851,851,500,851,1
2018/02/05,862,862,842,850,3400,850,1
2018/02/06,851,851,830,845,3900,845,1
2018/02/07,845,854,844,844,600,844,1
2018/02/08,854,860,854,855,4600,855,1
2018/02/09,845,847,841,841,1800,841,1
2018/02/13,856,856,856,856,200,856,1
2018/02/14,835,846,831,846,3000,846,1
2018/02/15,861,861,861,861,200,861,1
2018/02/16,878,878,848,857,1100,857,1
2018/02/20,845,845,841,841,400,841,1
2018/02/21,841,841,841,841,600,841,1
2018/02/22,841,841,841,841,200,841,1
2018/02/23,849,865,842,855,15300,855,1
2018/02/26,855,855,855,855,300,855,1
2018/02/27,870,879,870,879,1000,879,1
2018/02/28,887,915,887,915,6100,915,1
2018/03/01,915,915,915,915,2000,915,1
2018/03/02,895,895,883,883,1400,883,1
2018/03/05,885,885,820,832,11600,832,1
2018/03/06,833,833,831,831,800,831,1
2018/03/07,831,831,817,817,700,817,1
2018/03/08,820,820,820,820,300,820,1
2018/03/09,821,827,820,821,600,821,1
2018/03/12,830,830,829,829,300,829,1
2018/03/13,850,979,850,979,77100,979,1
2018/03/14,1125,1129,1125,1129,39200,1129,1
2018/03/15,1129,1224,1038,1041,118200,1041,1
2018/03/16,1060,1060,961,967,29700,967,1
2018/03/19,996,1018,970,970,15100,970,1
2018/03/20,971,1020,971,980,4100,980,1
2018/03/22,1005,1005,983,983,1700,983,1
2018/03/23,952,1007,939,1000,7500,1000,1
2018/03/26,970,1001,970,998,1300,998,1
2018/03/27,1006,1006,998,1005,1300,1005,1
2018/03/28,999,1011,998,1011,3500,1011,1
2018/03/29,1049,1049,1029,1029,600,1029,1
2018/03/30,1060,1060,1029,1054,1800,1054,1
2018/04/02,1019,1019,1010,1010,1500,1010,1
2018/04/03,1010,1010,965,968,1400,968,1
2018/04/04,1043,1043,999,1030,2600,1030,1
2018/04/05,1030,1031,1004,1004,900,1004,1
2018/04/06,1005,1005,1005,1005,600,1005,1
2018/04/09,976,1006,976,1005,1600,1005,1
2018/04/10,1005,1005,970,999,1700,999,1
2018/04/11,969,969,946,968,600,968,1
2018/04/12,938,969,934,969,1200,969,1
2018/04/13,969,970,940,940,3500,940,1
2018/04/16,948,948,892,892,5000,892,1
2018/04/17,867,870,840,842,3500,842,1
2018/04/18,853,856,843,843,800,843,1
2018/04/19,832,843,832,843,1900,843,1
2018/04/20,843,858,837,843,1400,843,1
2018/04/23,863,929,863,872,4300,872,1
2018/04/24,873,890,873,885,1100,885,1
2018/04/25,873,883,860,860,2600,860,1
2018/04/26,873,873,850,861,1500,861,1
2018/04/27,862,862,850,850,4000,850,1
2018/05/02,850,850,848,848,500,848,1
2018/05/07,873,873,840,842,2100,842,1
2018/05/08,840,840,840,840,500,840,1
2018/05/09,848,848,848,848,200,848,1
2018/05/10,848,851,848,851,500,851,1
2018/05/11,855,865,855,865,700,865,1
2018/05/14,874,874,855,874,3200,874,1
2018/05/15,885,885,874,874,1000,874,1
2018/05/16,881,881,881,881,100,881,1
2018/05/17,880,880,880,880,200,880,1
2018/05/21,870,870,859,859,7400,859,1
2018/05/22,860,862,860,862,1200,862,1
2018/05/23,864,867,864,867,600,867,1
2018/05/24,866,866,866,866,200,866,1
2018/05/25,865,867,865,867,200,867,1
2018/05/28,882,882,870,870,800,870,1
2018/05/29,871,882,871,882,500,882,1
2018/05/30,882,899,882,889,1000,889,1
2018/05/31,889,893,889,893,1800,893,1
2018/06/01,893,893,893,893,300,893,1
2018/06/04,893,910,893,910,1500,910,1
2018/06/07,909,909,877,877,2600,877,1
2018/06/08,878,880,877,880,10800,880,1
2018/06/11,880,880,880,880,300,880,1
2018/06/12,883,883,883,883,200,883,1
2018/06/15,882,882,882,882,100,882,1
2018/06/18,867,878,867,878,1000,878,1
2018/06/21,883,885,883,885,300,885,1
2018/06/22,885,885,880,880,300,880,1
2018/06/25,880,882,880,882,3400,882,1
2018/06/26,890,895,890,890,600,890,1
2018/06/27,893,910,893,910,600,910,1
2018/06/28,900,933,900,921,3400,921,1
2018/06/29,922,935,921,921,2500,921,1
2018/07/02,921,955,921,921,5300,921,1
2018/07/03,923,923,905,905,4100,905,1
2018/07/04,905,910,900,910,5300,910,1
2018/07/05,905,925,896,925,6700,925,1
2018/07/06,899,913,891,910,9600,910,1
2018/07/09,910,915,895,910,3300,910,1
2018/07/10,910,910,896,896,600,896,1
2018/07/11,898,898,898,898,800,898,1
2018/07/12,899,900,899,899,700,899,1
2018/07/13,900,900,894,894,300,894,1
2018/07/17,894,894,872,872,700,872,1
2018/07/18,898,898,881,881,1000,881,1
2018/07/19,882,882,877,877,2600,877,1
2018/07/20,878,878,878,878,300,878,1
2018/07/23,878,879,878,879,200,879,1
2018/07/25,896,900,891,897,1500,897,1
2018/07/26,900,912,900,912,800,912,1
2018/07/27,920,933,915,917,900,917,1
2018/07/30,913,938,913,929,1600,929,1
2018/07/31,929,935,929,930,2700,930,1
2018/08/01,930,930,860,890,18700,890,1
2018/08/02,890,892,890,892,500,892,1
2018/08/03,893,893,893,893,100,893,1
2018/08/06,890,890,890,890,500,890,1
2018/08/07,890,892,886,886,700,886,1
2018/08/08,887,887,887,887,300,887,1
2018/08/09,887,888,887,888,200,888,1
2018/08/10,885,885,871,871,500,871,1
2018/08/13,872,887,870,870,2000,870,1
2018/08/14,870,870,866,866,700,866,1
