2007/01/05,600,600,600,600,1000,600,1
2007/01/10,610,610,610,610,1000,610,1
2007/01/11,619,619,619,619,1000,619,1
2007/01/16,641,641,621,621,3000,621,1
2007/01/25,642,642,642,642,1000,642,1
2007/02/09,628,628,628,628,1000,628,1
2007/02/13,611,611,611,611,2000,611,1
2007/02/14,640,640,640,640,1000,640,1
2007/02/15,640,640,640,640,4000,640,1
2007/02/16,640,640,640,640,4000,640,1
2007/02/19,640,640,640,640,1000,640,1
2007/02/20,640,640,640,640,1000,640,1
2007/02/21,640,640,640,640,1000,640,1
2007/02/28,625,625,625,625,1000,625,1
2007/03/13,635,635,635,635,1000,635,1
2007/03/19,635,635,635,635,1000,635,1
2007/04/05,635,635,635,635,1000,635,1
2007/04/06,600,600,600,600,2000,600,1
2007/04/09,600,600,600,600,1000,600,1
2007/04/12,620,620,620,620,1000,620,1
2007/04/16,620,620,620,620,5000,620,1
2007/04/17,620,620,620,620,1000,620,1
2007/04/18,630,630,630,630,1000,630,1
2007/04/23,630,630,630,630,1000,630,1
2007/05/09,639,639,609,609,2000,609,1
2007/05/15,630,630,630,630,1000,630,1
2007/05/16,630,630,630,630,1000,630,1
2007/05/22,601,610,601,610,2000,610,1
2007/05/25,615,615,615,615,1000,615,1
2007/06/15,610,610,610,610,2000,610,1
2007/06/20,610,610,610,610,1000,610,1
2007/06/21,610,615,610,615,2000,615,1
2007/06/22,600,600,600,600,1000,600,1
2007/07/04,595,595,595,595,1000,595,1
2007/07/11,605,605,605,605,1000,605,1
2007/07/12,610,630,610,630,3000,630,1
2007/07/13,629,629,629,629,3000,629,1
2007/07/17,623,623,623,623,6000,623,1
2007/07/18,623,623,623,623,1000,623,1
2007/07/19,629,629,629,629,1000,629,1
2007/07/23,602,602,602,602,2000,602,1
2007/08/03,629,629,629,629,1000,629,1
2007/08/09,601,601,601,601,1000,601,1
2007/08/16,603,628,603,628,4000,628,1
2007/08/17,628,628,628,628,9000,628,1
2007/09/14,603,620,603,620,3000,620,1
2007/09/18,620,620,620,620,4000,620,1
2007/09/21,620,620,603,603,2000,603,1
2007/09/25,563,593,563,593,2000,593,1
2007/09/27,570,570,563,563,2000,563,1
2007/10/02,583,583,583,583,1000,583,1
2007/10/11,590,590,590,590,1000,590,1
2007/11/07,595,595,595,595,1000,595,1
2007/11/15,600,600,600,600,2000,600,1
2007/11/16,603,603,603,603,2000,603,1
2007/11/19,620,620,620,620,5000,620,1
2007/11/22,660,660,660,660,2000,660,1
2007/11/26,580,580,580,580,1000,580,1
2007/11/30,600,600,600,600,1000,600,1
2007/12/12,650,650,650,650,2000,650,1
2007/12/17,653,653,653,653,3000,653,1
2007/12/25,649,649,649,649,1000,649,1
2008/01/08,640,640,640,640,1000,640,1
2008/01/15,643,643,643,643,1000,643,1
2008/01/16,646,646,646,646,3000,646,1
2008/01/18,640,640,640,640,1000,640,1
2008/02/15,640,640,640,640,3000,640,1
2008/02/18,601,601,600,600,3000,600,1
2008/02/25,600,600,600,600,1000,600,1
2008/03/18,620,620,620,620,1000,620,1
2008/03/19,650,650,650,650,5000,650,1
2008/03/25,649,649,649,649,1000,649,1
2008/04/15,652,652,652,652,3000,652,1
2008/04/25,640,640,610,610,2000,610,1
2008/05/19,679,679,679,679,3000,679,1
2008/05/21,650,650,650,650,1000,650,1
2008/05/23,670,670,670,670,1000,670,1
2008/05/27,640,640,640,640,1000,640,1
2008/05/28,620,620,620,620,1000,620,1
2008/06/05,649,649,649,649,1000,649,1
2008/06/11,620,620,620,620,3000,620,1
2008/06/16,646,646,646,646,1000,646,1
2008/06/17,645,645,645,645,5000,645,1
2008/06/24,640,640,640,640,1000,640,1
2008/06/25,640,640,640,640,2000,640,1
2008/07/03,610,610,610,610,2000,610,1
2008/07/11,612,612,600,600,2000,600,1
2008/07/15,610,610,610,610,1000,610,1
2008/07/16,613,613,613,613,3000,613,1
2008/07/25,612,612,612,612,1000,612,1
2008/08/01,615,615,615,615,3000,615,1
2008/08/05,678,678,678,678,2000,678,1
2008/08/18,650,650,650,650,3000,650,1
2008/09/08,649,649,649,649,1000,649,1
2008/09/09,630,630,630,630,1000,630,1
2008/09/10,630,630,601,601,6000,601,1
2008/09/16,610,610,610,610,1000,610,1
2008/09/17,613,613,613,613,3000,613,1
2008/09/22,613,613,613,613,1000,613,1
2008/09/24,613,613,613,613,1000,613,1
2008/09/25,590,590,590,590,2000,590,1
2008/09/30,585,585,585,585,1000,585,1
2008/10/01,612,612,612,612,1000,612,1
2008/10/09,570,570,570,570,1000,570,1
2008/10/15,575,575,575,575,2000,575,1
2008/10/17,654,654,654,654,4000,654,1
2008/10/30,630,630,630,630,1000,630,1
2008/10/31,630,630,630,630,1000,630,1
2008/11/17,620,620,620,620,3000,620,1
2008/11/25,610,610,610,610,1000,610,1
2008/12/09,579,579,579,579,1000,579,1
2008/12/11,570,570,570,570,1000,570,1
2008/12/17,619,619,619,619,3000,619,1
2008/12/25,610,610,520,520,9000,520,1
2009/01/07,570,570,570,570,1000,570,1
2009/01/15,570,570,570,570,4000,570,1
2009/01/26,568,568,568,568,1000,568,1
2009/02/03,566,566,566,566,1000,566,1
2009/02/10,566,566,566,566,1000,566,1
2009/02/18,585,585,585,585,3000,585,1
2009/02/25,570,570,570,570,1000,570,1
2009/03/09,570,570,570,570,1000,570,1
2009/03/16,620,620,620,620,1000,620,1
2009/03/17,623,623,623,623,1000,623,1
2009/03/18,723,723,723,723,2000,723,1
2009/03/25,700,700,700,700,1000,700,1
2009/04/16,703,703,703,703,3000,703,1
2009/04/27,698,698,698,698,1000,698,1
2009/04/28,620,620,620,620,1000,620,1
2009/05/07,640,640,640,640,1000,640,1
2009/05/14,630,650,630,650,2000,650,1
2009/05/15,653,653,653,653,4000,653,1
2009/05/25,653,653,653,653,1000,653,1
2009/06/01,650,650,650,650,200,650,1
2009/06/12,650,650,650,650,4800,650,1
2009/06/16,660,674,660,674,200,674,1
2009/06/17,683,683,674,674,3400,674,1
2009/06/25,674,674,674,674,1600,674,1
2009/07/10,650,650,650,650,2900,650,1
2009/07/13,665,665,665,665,1400,665,1
2009/07/15,668,668,668,668,1400,668,1
2009/07/16,665,665,605,605,6300,605,1
2009/07/24,650,650,650,650,100,650,1
2009/07/27,650,650,650,650,3500,650,1
2009/07/31,649,649,649,649,100,649,1
2009/08/06,619,619,619,619,500,619,1
2009/08/11,650,650,650,650,100,650,1
2009/08/12,620,650,620,650,1100,650,1
2009/08/17,650,650,650,650,3300,650,1
2009/08/19,650,650,650,650,100,650,1
2009/08/20,650,650,650,650,700,650,1
2009/08/25,710,710,710,710,100,710,1
2009/08/26,700,700,700,700,1100,700,1
2009/08/31,630,650,630,650,1100,650,1
2009/09/01,650,650,650,650,200,650,1
2009/09/03,650,650,650,650,300,650,1
2009/09/04,650,650,650,650,100,650,1
2009/09/09,650,650,650,650,100,650,1
2009/09/10,660,660,660,660,100,660,1
2009/09/14,659,659,659,659,200,659,1
2009/09/15,659,659,659,659,3400,659,1
2009/09/16,659,659,630,630,400,630,1
2009/09/17,658,658,658,658,100,658,1
2009/09/24,658,659,658,659,200,659,1
2009/09/25,729,729,663,663,300,663,1
2009/09/28,666,666,666,666,1100,666,1
2009/09/30,616,616,616,616,100,616,1
2009/10/15,631,641,631,641,1900,641,1
2009/10/16,644,655,644,655,400,655,1
2009/10/19,659,659,659,659,1200,659,1
2009/10/22,621,621,621,621,1000,621,1
2009/10/26,626,626,626,626,700,626,1
2009/10/28,654,654,654,654,1000,654,1
2009/11/09,623,623,623,623,1000,623,1
2009/11/11,625,625,625,625,1000,625,1
2009/11/13,660,660,660,660,100,660,1
2009/11/16,660,660,660,660,3000,660,1
2009/11/25,659,659,659,659,1000,659,1
2009/12/01,620,620,620,620,1000,620,1
2009/12/10,620,620,620,620,3000,620,1
2009/12/15,620,620,620,620,3200,620,1
2009/12/21,620,620,620,620,100,620,1
2009/12/25,620,620,620,620,1100,620,1
2009/12/28,620,620,620,620,1000,620,1
2009/12/29,720,720,720,720,100,720,1
2010/01/05,620,620,620,620,100,620,1
2010/01/07,620,620,620,620,100,620,1
2010/01/12,620,620,620,620,5400,620,1
2010/01/13,655,655,645,645,1100,645,1
2010/01/15,648,648,648,648,3000,648,1
2010/01/19,650,650,650,650,100,650,1
2010/01/21,650,650,650,650,100,650,1
2010/01/25,650,650,650,650,1000,650,1
2010/01/26,621,621,621,621,100,621,1
2010/02/02,620,620,620,620,100,620,1
2010/02/04,630,630,630,630,200,630,1
2010/02/08,620,630,620,630,900,630,1
2010/02/10,630,640,630,640,300,640,1
2010/02/15,643,643,643,643,3000,643,1
2010/02/22,640,640,640,640,100,640,1
2010/02/24,640,640,640,640,100,640,1
2010/02/25,640,640,640,640,1000,640,1
2010/03/01,630,640,630,640,300,640,1
2010/03/04,640,640,640,640,1000,640,1
2010/03/08,640,640,620,620,300,620,1
2010/03/12,630,640,630,640,2100,640,1
2010/03/15,640,640,620,620,4100,620,1
2010/03/18,640,640,640,640,100,640,1
2010/03/19,640,640,640,640,800,640,1
2010/03/23,630,640,630,640,1100,640,1
2010/03/24,650,650,640,640,400,640,1
2010/03/25,640,640,639,639,2400,639,1
2010/03/26,640,666,639,666,1800,666,1
2010/03/29,620,621,620,621,400,621,1
2010/03/30,621,621,621,621,100,621,1
2010/03/31,621,621,621,621,100,621,1
2010/04/05,621,621,621,621,100,621,1
2010/04/13,625,630,615,630,2100,630,1
2010/04/14,630,640,630,640,300,640,1
2010/04/15,643,643,643,643,3100,643,1
2010/04/16,640,640,640,640,200,640,1
2010/04/22,637,637,637,637,100,637,1
2010/04/26,640,640,640,640,1100,640,1
2010/04/27,620,620,620,620,100,620,1
2010/04/30,630,630,630,630,100,630,1
2010/05/06,630,630,630,630,100,630,1
2010/05/17,650,650,650,650,100,650,1
2010/05/18,653,653,653,653,2300,653,1
2010/05/19,660,660,660,660,1800,660,1
2010/05/25,640,640,640,640,900,640,1
2010/05/27,620,620,620,620,100,620,1
2010/05/28,638,638,638,638,100,638,1
2010/06/02,638,638,638,638,100,638,1
2010/06/14,640,641,640,641,200,641,1
2010/06/15,644,644,644,644,100,644,1
2010/06/16,648,648,648,648,100,648,1
2010/06/17,690,690,690,690,2700,690,1
2010/06/18,690,690,670,670,1300,670,1
2010/06/21,685,685,643,643,1100,643,1
2010/06/28,700,700,700,700,100,700,1
2010/06/29,694,694,624,624,1200,624,1
2010/06/30,623,623,623,623,100,623,1
2010/07/05,612,645,612,645,300,645,1
2010/07/12,648,660,648,660,1600,660,1
2010/07/13,663,663,663,663,700,663,1
2010/07/14,695,695,695,695,1200,695,1
2010/07/15,695,695,695,695,2800,695,1
2010/07/22,630,630,630,630,1900,630,1
2010/07/28,694,694,694,694,1900,694,1
2010/07/29,690,690,690,690,1800,690,1
2010/08/05,640,640,640,640,100,640,1
2010/08/18,689,689,689,689,2800,689,1
2010/08/25,685,685,685,685,900,685,1
2010/09/14,685,685,685,685,300,685,1
2010/09/15,688,688,625,635,4000,635,1
2010/09/16,635,635,635,635,100,635,1
2010/09/21,645,645,645,645,500,645,1
2010/09/27,648,650,648,650,300,650,1
2010/09/28,653,653,652,652,1100,652,1
2010/09/29,655,655,655,655,100,655,1
2010/09/30,625,634,625,634,500,634,1
2010/10/04,634,634,634,634,100,634,1
2010/10/05,624,624,624,624,200,624,1
2010/10/08,655,655,655,655,100,655,1
2010/10/15,658,658,658,658,2700,658,1
2010/10/18,680,680,640,640,400,640,1
2010/10/19,620,620,620,620,400,620,1
2010/10/25,640,640,640,640,100,640,1
2010/10/26,643,643,643,643,100,643,1
2010/10/27,720,720,720,720,700,720,1
2010/11/12,680,699,680,699,1500,699,1
2010/11/15,700,700,700,700,2800,700,1
2010/11/16,640,650,640,650,1500,650,1
2010/11/22,670,670,670,670,100,670,1
2010/11/24,670,670,670,670,100,670,1
2010/11/25,669,669,669,669,900,669,1
2010/12/03,639,639,639,639,1000,639,1
2010/12/06,631,631,631,631,100,631,1
2010/12/09,631,641,631,641,200,641,1
2010/12/10,660,660,660,660,100,660,1
2010/12/13,663,663,663,663,1700,663,1
2010/12/14,699,699,699,699,1000,699,1
2010/12/15,700,700,700,700,2800,700,1
2010/12/16,646,646,646,646,100,646,1
2010/12/29,720,720,720,720,800,720,1
2011/01/11,680,680,680,680,100,680,1
2011/01/12,680,680,670,680,1000,680,1
2011/01/18,683,683,683,683,1900,683,1
2011/01/19,699,699,699,699,1000,699,1
2011/01/20,685,685,685,685,100,685,1
2011/01/25,688,690,688,690,300,690,1
2011/01/27,699,699,699,699,700,699,1
2011/02/07,699,699,699,699,100,699,1
2011/02/14,692,692,692,692,200,692,1
2011/02/15,699,700,699,700,1200,700,1
2011/02/16,700,700,700,700,3300,700,1
2011/02/18,700,700,700,700,100,700,1
2011/02/21,696,700,696,700,500,700,1
2011/02/24,695,700,695,700,200,700,1
2011/02/25,700,700,700,700,800,700,1
2011/03/01,700,700,700,700,200,700,1
2011/03/02,700,700,700,700,100,700,1
2011/03/10,700,700,664,685,5000,685,1
2011/03/11,685,685,685,685,300,685,1
2011/03/15,688,688,688,688,1000,688,1
2011/03/17,700,700,700,700,1800,700,1
2011/03/18,690,700,690,700,1200,700,1
2011/03/22,700,700,700,700,100,700,1
2011/03/23,700,700,700,700,100,700,1
2011/03/24,700,700,700,700,1000,700,1
2011/03/25,700,700,700,700,2100,700,1
2011/03/28,700,700,700,700,1100,700,1
2011/03/30,675,675,675,675,100,675,1
2011/03/31,635,635,635,635,1000,635,1
2011/04/01,650,669,650,669,700,669,1
2011/04/04,697,697,697,697,100,697,1
2011/04/05,687,687,675,675,1000,675,1
2011/04/19,700,700,700,700,2800,700,1
2011/04/20,700,700,700,700,100,700,1
2011/04/21,700,700,700,700,100,700,1
2011/04/25,700,700,695,695,900,695,1
2011/04/28,700,700,700,700,100,700,1
2011/05/02,700,700,700,700,1000,700,1
2011/05/16,700,700,700,700,2800,700,1
2011/05/24,685,685,685,685,1000,685,1
2011/05/27,700,700,700,700,800,700,1
2011/06/02,686,686,685,685,400,685,1
2011/06/13,699,699,699,699,100,699,1
2011/06/15,700,700,700,700,2800,700,1
2011/06/17,690,690,690,690,1000,690,1
2011/06/29,700,700,700,700,800,700,1
2011/06/30,700,700,700,700,900,700,1
2011/07/01,680,680,680,680,1000,680,1
2011/07/13,700,700,700,700,2600,700,1
2011/07/14,680,690,680,690,3100,690,1
2011/07/15,693,700,693,700,1700,700,1
2011/07/19,700,700,685,685,3000,685,1
2011/07/20,685,685,685,685,100,685,1
2011/07/21,685,685,685,685,200,685,1
2011/07/27,699,699,699,699,1800,699,1
2011/07/28,699,699,699,699,1800,699,1
2011/08/02,690,690,690,690,100,690,1
2011/08/03,690,690,690,690,100,690,1
2011/08/11,690,690,690,690,100,690,1
2011/08/15,695,699,695,699,3100,699,1
2011/08/16,700,700,700,700,2800,700,1
2011/08/24,695,695,695,695,100,695,1
2011/08/25,694,694,694,694,800,694,1
2011/08/29,690,690,690,690,100,690,1
2011/09/12,690,690,690,690,100,690,1
2011/09/13,690,690,690,690,1900,690,1
2011/09/14,690,690,690,690,100,690,1
2011/09/15,690,690,680,680,3800,680,1
2011/09/20,680,680,680,680,100,680,1
2011/09/21,680,680,680,680,100,680,1
2011/09/22,661,675,661,675,900,675,1
2011/09/26,678,678,678,678,800,678,1
2011/09/27,680,685,680,685,1200,685,1
2011/09/28,665,665,665,665,100,665,1
2011/10/14,669,669,665,665,1100,665,1
2011/10/17,668,670,668,670,300,670,1
2011/10/18,673,673,673,673,200,673,1
2011/10/19,675,675,675,675,2400,675,1
2011/10/21,665,665,665,665,100,665,1
2011/10/27,675,675,675,675,600,675,1
2011/11/02,675,675,675,675,600,675,1
2011/11/04,645,645,645,645,1000,645,1
2011/11/07,700,700,700,700,1000,700,1
2011/11/08,655,655,655,655,100,655,1
2011/11/15,662,662,662,662,200,662,1
2011/11/17,675,675,675,675,2800,675,1
2011/11/25,665,674,665,674,1100,674,1
2011/12/05,661,667,660,660,2000,660,1
2011/12/06,661,661,661,661,100,661,1
2011/12/12,678,678,678,678,200,678,1
2011/12/13,681,681,681,681,1000,681,1
2011/12/14,681,681,681,681,1500,681,1
2011/12/15,684,685,684,685,3700,685,1
2011/12/21,685,685,685,685,100,685,1
2011/12/26,685,685,685,685,600,685,1
2012/01/12,675,675,665,665,1000,665,1
2012/01/13,674,674,674,674,100,674,1
2012/01/16,677,677,677,677,100,677,1
2012/01/17,680,680,680,680,800,680,1
2012/01/18,685,685,685,685,2200,685,1
2012/01/24,670,670,670,670,200,670,1
2012/01/25,673,673,673,673,100,673,1
2012/01/27,685,685,685,685,600,685,1
2012/02/02,685,685,685,685,100,685,1
2012/02/13,685,685,685,685,200,685,1
2012/02/14,685,685,685,685,1400,685,1
2012/02/15,688,688,688,688,1400,688,1
2012/02/17,700,700,700,700,1300,700,1
2012/02/20,690,690,675,675,200,675,1
2012/02/21,685,685,685,685,400,685,1
2012/02/28,695,695,695,695,500,695,1
2012/02/29,700,700,700,700,600,700,1
2012/03/02,700,700,700,700,100,700,1
2012/03/05,700,700,700,700,1000,700,1
2012/03/06,700,700,687,700,2100,700,1
2012/03/07,685,685,685,685,1000,685,1
2012/03/09,690,694,690,694,400,694,1
2012/03/13,700,700,700,700,1000,700,1
2012/03/14,700,700,700,700,200,700,1
2012/03/15,700,700,700,700,3700,700,1
2012/03/19,700,700,700,700,100,700,1
2012/03/21,700,700,690,700,400,700,1
2012/03/22,690,690,690,690,600,690,1
2012/03/23,699,699,699,699,100,699,1
2012/03/26,700,700,695,695,800,695,1
2012/03/27,700,700,698,700,3400,700,1
2012/03/28,690,690,690,690,500,690,1
2012/03/30,690,690,690,690,100,690,1
2012/04/10,690,690,690,690,100,690,1
2012/04/11,693,693,693,693,100,693,1
2012/04/16,696,699,696,696,3100,696,1
2012/04/17,698,698,698,698,200,698,1
2012/04/18,700,700,700,700,200,700,1
2012/04/19,700,700,700,700,1200,700,1
2012/04/20,691,698,691,698,200,698,1
2012/04/23,688,698,687,698,2100,698,1
2012/04/25,698,698,698,698,600,698,1
2012/05/01,691,695,688,688,1700,688,1
2012/05/02,687,687,687,687,1000,687,1
2012/05/11,683,683,683,683,100,683,1
2012/05/14,673,673,673,673,1000,673,1
2012/05/15,676,677,676,677,600,677,1
2012/05/17,697,697,697,697,2500,697,1
2012/05/23,694,694,694,694,100,694,1
2012/05/25,695,695,695,695,600,695,1
2012/06/01,692,692,692,692,100,692,1
2012/06/04,691,691,676,676,400,676,1
2012/06/05,676,676,676,676,100,676,1
2012/06/06,673,673,673,673,100,673,1
2012/06/08,673,673,673,673,100,673,1
2012/06/15,680,680,680,680,100,680,1
2012/06/19,695,695,695,695,2600,695,1
2012/06/25,694,694,693,693,700,693,1
2012/06/27,690,690,681,681,200,681,1
2012/06/29,672,672,672,672,100,672,1
2012/07/12,694,694,694,694,2200,694,1
2012/07/17,697,697,697,697,1400,697,1
2012/07/18,700,700,674,699,1400,699,1
2012/07/25,700,700,700,700,1500,700,1
2012/07/27,700,700,700,700,1900,700,1
2012/08/01,680,680,680,680,1000,680,1
2012/08/13,670,670,670,670,1000,670,1
2012/08/17,700,700,681,700,2700,700,1
2012/08/20,685,685,685,685,900,685,1
2012/08/21,695,695,695,695,100,695,1
2012/08/23,685,685,650,650,3100,650,1
2012/08/27,650,650,640,640,1800,640,1
2012/09/03,650,650,650,650,100,650,1
2012/09/04,650,650,650,650,100,650,1
2012/09/05,650,650,650,650,1000,650,1
2012/09/10,640,640,640,640,2000,640,1
2012/09/12,641,641,641,641,100,641,1
2012/09/14,650,650,650,650,1100,650,1
2012/09/18,653,653,650,650,2900,650,1
2012/09/19,650,650,650,650,300,650,1
2012/09/20,650,650,650,650,300,650,1
2012/09/21,647,647,647,647,100,647,1
2012/09/24,667,667,667,667,100,667,1
2012/09/25,677,678,670,678,1500,678,1
2012/09/26,640,648,620,648,1400,648,1
2012/10/03,640,640,640,640,100,640,1
2012/10/05,648,648,648,648,1000,648,1
2012/10/10,647,647,646,647,700,647,1
2012/10/11,647,662,644,662,1100,662,1
2012/10/15,650,650,650,650,2900,650,1
2012/10/16,635,635,635,635,300,635,1
2012/10/18,635,635,635,635,1200,635,1
2012/10/19,635,635,635,635,500,635,1
2012/10/22,635,635,635,635,300,635,1
2012/10/23,635,648,635,648,1200,648,1
2012/10/25,645,645,645,645,1200,645,1
2012/10/26,630,630,630,630,500,630,1
2012/10/29,630,630,630,630,500,630,1
2012/10/30,630,630,630,630,300,630,1
2012/10/31,625,625,625,625,500,625,1
2012/11/02,625,625,625,625,700,625,1
2012/11/05,625,625,625,625,200,625,1
2012/11/09,630,640,630,640,1200,640,1
2012/11/15,643,643,643,643,2800,643,1
2012/11/16,643,643,643,643,100,643,1
2012/11/20,630,630,630,630,300,630,1
2012/11/26,630,630,630,630,800,630,1
2012/11/27,625,630,625,630,400,630,1
2012/11/28,630,630,630,630,100,630,1
2012/12/03,600,600,600,600,1000,600,1
2012/12/05,620,625,620,625,1100,625,1
2012/12/10,628,630,628,630,1100,630,1
2012/12/11,633,633,633,633,200,633,1
2012/12/12,633,633,633,633,1600,633,1
2012/12/14,642,642,642,642,1500,642,1
2012/12/17,645,646,645,646,800,646,1
2012/12/18,649,660,649,660,2000,660,1
2012/12/19,646,646,646,646,100,646,1
2012/12/20,655,655,655,655,100,655,1
2012/12/21,659,659,659,659,100,659,1
2012/12/25,662,662,662,662,800,662,1
2012/12/26,653,653,653,653,100,653,1
2013/01/04,654,654,654,654,1000,654,1
2013/01/09,653,654,653,654,400,654,1
2013/01/10,655,660,645,654,3700,654,1
2013/01/11,656,656,656,656,100,656,1
2013/01/15,626,631,621,631,6000,631,1
2013/01/21,634,634,626,630,2400,630,1
2013/01/22,629,629,629,629,100,629,1
2013/01/23,629,630,629,630,600,630,1
2013/01/24,640,640,625,625,200,625,1
2013/01/25,628,630,628,628,8600,628,1
2013/01/28,630,630,630,630,2000,630,1
2013/01/29,628,630,628,630,2200,630,1
2013/01/31,630,630,630,630,1000,630,1
2013/02/01,640,640,629,629,1900,629,1
2013/02/04,630,630,630,630,1600,630,1
2013/02/05,630,630,630,630,300,630,1
2013/02/06,630,640,630,640,10500,640,1
2013/02/07,640,640,640,640,1200,640,1
2013/02/08,640,644,635,644,500,644,1
2013/02/12,650,650,644,644,700,644,1
2013/02/13,653,653,653,653,1000,653,1
2013/02/14,653,653,643,643,200,643,1
2013/02/15,645,645,645,645,2600,645,1
2013/02/20,650,650,650,650,100,650,1
2013/02/21,650,650,650,650,100,650,1
2013/02/22,650,650,650,650,1200,650,1
2013/02/25,650,650,650,650,1000,650,1
2013/02/26,650,650,650,650,200,650,1
2013/02/27,650,650,650,650,200,650,1
2013/03/01,650,654,650,654,2100,654,1
2013/03/04,650,655,650,655,1000,655,1
2013/03/05,655,655,648,650,2000,650,1
2013/03/06,649,649,649,649,600,649,1
2013/03/07,655,655,655,655,1000,655,1
2013/03/08,650,655,650,650,1600,650,1
2013/03/11,654,655,650,655,4200,655,1
2013/03/12,655,665,650,650,5100,650,1
2013/03/13,656,665,654,656,2800,656,1
2013/03/14,665,665,650,660,1400,660,1
2013/03/15,663,669,655,657,5000,657,1
2013/03/18,670,670,658,658,1100,658,1
2013/03/19,657,658,657,657,3600,657,1
2013/03/21,665,670,658,658,3600,658,1
2013/03/22,660,670,658,664,2400,664,1
2013/03/25,667,667,664,664,1200,664,1
2013/03/26,668,670,668,669,2300,669,1
2013/03/27,650,651,650,651,1100,651,1
2013/03/29,651,651,651,651,200,651,1
2013/04/01,652,652,652,652,100,652,1
2013/04/02,648,648,648,648,600,648,1
2013/04/03,638,638,638,638,100,638,1
2013/04/05,637,637,637,637,100,637,1
2013/04/09,640,640,640,640,400,640,1
2013/04/11,640,645,636,636,400,636,1
2013/04/12,642,642,642,642,300,642,1
2013/04/15,650,650,650,650,300,650,1
2013/04/16,653,653,653,653,2500,653,1
2013/04/17,655,655,655,655,100,655,1
2013/04/18,659,659,659,659,300,659,1
2013/04/19,650,650,650,650,100,650,1
2013/04/24,653,653,653,653,200,653,1
2013/04/25,656,659,656,658,400,658,1
2013/04/26,660,660,655,655,1000,655,1
2013/04/30,650,650,650,650,100,650,1
2013/05/01,660,660,660,660,1000,660,1
2013/05/02,649,649,649,649,1000,649,1
2013/05/07,659,659,659,659,100,659,1
2013/05/08,651,660,651,660,400,660,1
2013/05/09,660,660,660,660,100,660,1
2013/05/10,665,665,660,660,200,660,1
2013/05/13,660,660,660,660,100,660,1
2013/05/14,661,666,661,666,1800,666,1
2013/05/15,669,681,669,673,2900,673,1
2013/05/16,676,676,676,676,1300,676,1
2013/05/17,670,670,651,667,2700,667,1
2013/05/20,675,675,667,667,2400,667,1
2013/05/21,667,667,667,667,100,667,1
2013/05/22,669,680,669,669,500,669,1
2013/05/24,679,679,679,679,100,679,1
2013/05/27,681,681,667,681,1100,681,1
2013/05/30,685,685,685,685,500,685,1
2013/05/31,685,700,685,700,500,700,1
2013/06/03,680,705,668,668,2000,668,1
2013/06/05,699,699,675,675,1000,675,1
2013/06/06,670,685,670,670,1000,670,1
2013/06/07,670,670,670,670,400,670,1
2013/06/11,675,675,675,675,1000,675,1
2013/06/13,688,688,688,688,100,688,1
2013/06/14,681,681,681,681,200,681,1
2013/06/17,684,684,684,684,3300,684,1
2013/06/18,687,687,687,687,400,687,1
2013/06/19,689,690,689,690,200,690,1
2013/06/20,690,700,690,695,2100,695,1
2013/06/25,698,698,698,698,700,698,1
2013/06/27,695,695,695,695,100,695,1
2013/07/01,695,695,695,695,100,695,1
2013/07/04,700,700,700,700,1900,700,1
2013/07/05,700,700,700,700,400,700,1
2013/07/08,700,700,700,700,2200,700,1
2013/07/09,700,700,700,700,300,700,1
2013/07/10,703,703,700,703,3200,703,1
2013/07/11,678,678,678,678,1200,678,1
2013/07/16,698,698,688,688,1100,688,1
2013/07/17,691,691,691,691,2400,691,1
2013/07/18,691,691,691,691,100,691,1
2013/07/19,681,681,681,681,1200,681,1
2013/07/22,690,690,680,680,700,680,1
2013/07/23,680,680,675,675,1700,675,1
2013/07/24,676,676,676,676,400,676,1
2013/07/26,695,695,695,695,100,695,1
2013/07/29,700,700,680,680,1700,680,1
2013/07/30,680,680,680,680,100,680,1
2013/07/31,680,680,680,680,100,680,1
2013/08/01,678,678,678,678,100,678,1
2013/08/06,678,700,678,700,1100,700,1
2013/08/08,679,680,679,680,200,680,1
2013/08/12,690,690,670,670,1100,670,1
2013/08/14,700,700,700,700,1000,700,1
2013/08/15,703,703,703,703,2400,703,1
2013/08/16,706,706,706,706,300,706,1
2013/08/19,710,710,706,706,1900,706,1
2013/08/21,706,710,706,710,200,710,1
2013/08/22,690,690,690,690,800,690,1
2013/08/23,690,690,690,690,100,690,1
2013/08/26,693,695,693,695,200,695,1
2013/08/27,709,709,698,698,900,698,1
2013/08/28,708,709,708,709,200,709,1
2013/08/29,705,705,705,705,100,705,1
2013/08/30,690,690,690,690,100,690,1
2013/09/02,700,700,691,691,200,691,1
2013/09/03,705,705,691,691,300,691,1
2013/09/04,690,691,690,691,200,691,1
2013/09/05,709,709,706,706,1100,706,1
2013/09/09,710,717,709,717,2000,717,1
2013/09/10,720,720,690,707,700,707,1
2013/09/11,720,720,720,720,100,720,1
2013/09/12,725,725,710,725,1200,725,1
2013/09/13,720,720,690,690,5200,690,1
2013/09/17,700,710,680,710,7500,710,1
2013/09/18,701,710,701,710,200,710,1
2013/09/19,700,700,680,690,4200,690,1
2013/09/20,691,695,688,688,1600,688,1
2013/09/24,690,690,689,690,1700,690,1
2013/09/25,693,710,683,690,5200,690,1
2013/09/26,684,690,673,690,3100,690,1
2013/09/27,700,700,675,680,3300,680,1
2013/09/30,680,690,680,690,700,690,1
2013/10/01,680,680,680,680,300,680,1
2013/10/02,680,680,680,680,1100,680,1
2013/10/03,685,685,685,685,500,685,1
2013/10/07,678,680,678,680,1200,680,1
2013/10/08,677,680,675,680,3500,680,1
2013/10/09,679,680,673,680,2400,680,1
2013/10/10,675,675,675,675,1800,675,1
2013/10/11,680,680,673,673,1800,673,1
2013/10/15,676,676,671,673,4300,673,1
2013/10/16,672,672,672,672,1500,672,1
2013/10/17,670,672,670,672,200,672,1
2013/10/18,672,672,670,670,3000,670,1
2013/10/21,666,670,666,670,2200,670,1
2013/10/22,666,670,666,670,3100,670,1
2013/10/23,662,665,662,665,3700,665,1
2013/10/24,663,663,663,663,1700,663,1
2013/10/25,666,666,660,666,5400,666,1
2013/10/29,665,665,665,665,300,665,1
2013/10/30,665,665,660,660,700,660,1
2013/10/31,660,660,660,660,700,660,1
2013/11/01,660,660,660,660,2000,660,1
2013/11/05,655,655,654,655,2600,655,1
2013/11/06,652,652,651,651,200,651,1
2013/11/07,655,655,655,655,100,655,1
2013/11/08,660,660,655,655,600,655,1
2013/11/11,655,655,655,655,1300,655,1
2013/11/12,650,655,650,655,900,655,1
2013/11/13,655,663,655,660,800,660,1
2013/11/14,670,680,660,680,2000,680,1
2013/11/15,679,679,679,679,2400,679,1
2013/11/19,675,675,669,669,400,669,1
2013/11/20,670,672,670,672,2400,672,1
2013/11/21,665,665,660,660,2000,660,1
2013/11/22,661,671,661,670,800,670,1
2013/11/25,670,670,662,662,900,662,1
2013/11/26,663,663,662,662,300,662,1
2013/11/27,662,663,662,662,900,662,1
2013/11/28,662,662,662,662,100,662,1
2013/11/29,662,662,661,662,900,662,1
2013/12/02,662,662,662,662,100,662,1
2013/12/03,665,677,665,677,4500,677,1
2013/12/04,670,670,670,670,100,670,1
2013/12/05,662,662,662,662,1600,662,1
2013/12/06,676,676,676,676,300,676,1
2013/12/09,676,676,676,676,500,676,1
2013/12/10,667,677,667,669,4800,669,1
2013/12/11,669,669,663,663,1700,663,1
2013/12/12,665,665,663,663,500,663,1
2013/12/13,669,673,663,673,400,673,1
2013/12/16,676,678,672,672,3900,672,1
2013/12/17,675,675,672,672,200,672,1
2013/12/18,679,679,670,670,2100,670,1
2013/12/19,672,672,672,672,100,672,1
2013/12/20,670,670,670,670,100,670,1
2013/12/24,670,670,670,670,100,670,1
2013/12/25,673,679,673,679,300,679,1
2013/12/26,682,682,682,682,500,682,1
2013/12/30,672,672,672,672,1000,672,1
2014/01/06,674,675,674,675,400,675,1
2014/01/07,675,675,675,675,100,675,1
2014/01/08,675,675,675,675,500,675,1
2014/01/09,671,695,671,695,1200,695,1
2014/01/10,694,694,683,683,600,683,1
2014/01/14,688,688,681,682,800,682,1
2014/01/15,685,686,685,686,1700,686,1
2014/01/16,689,689,689,689,1000,689,1
2014/01/17,690,690,689,690,800,690,1
2014/01/20,690,692,690,692,600,692,1
2014/01/21,694,698,687,687,2000,687,1
2014/01/22,687,687,684,684,1100,684,1
2014/01/24,690,695,690,695,200,695,1
2014/01/27,698,698,682,682,2700,682,1
2014/01/29,700,700,700,700,1000,700,1
2014/01/30,686,686,686,686,100,686,1
2014/01/31,686,686,685,685,500,685,1
2014/02/03,685,685,683,683,1200,683,1
2014/02/04,682,699,682,683,600,683,1
2014/02/05,682,698,682,698,200,698,1
2014/02/06,695,695,695,695,100,695,1
2014/02/10,696,697,696,697,700,697,1
2014/02/12,687,697,687,697,300,697,1
2014/02/13,697,697,697,697,100,697,1
2014/02/14,697,697,697,697,100,697,1
2014/02/17,700,700,700,700,2300,700,1
2014/02/18,705,705,705,705,1100,705,1
2014/02/19,705,705,690,690,500,690,1
2014/02/20,690,690,690,690,100,690,1
2014/02/21,689,689,689,689,100,689,1
2014/02/25,692,692,692,692,200,692,1
2014/02/26,695,695,695,695,300,695,1
2014/02/27,700,700,700,700,300,700,1
2014/02/28,689,689,689,689,1000,689,1
2014/03/04,689,689,689,689,200,689,1
2014/03/05,685,685,680,681,1800,681,1
2014/03/06,698,698,697,697,1200,697,1
2014/03/07,685,685,685,685,200,685,1
2014/03/10,681,682,680,680,7300,680,1
2014/03/11,680,695,680,695,1800,695,1
2014/03/12,686,687,686,687,300,687,1
2014/03/13,690,690,686,686,900,686,1
2014/03/14,690,696,690,696,1100,696,1
2014/03/17,699,710,699,710,3400,710,1
2014/03/18,686,695,686,687,300,687,1
2014/03/19,695,695,675,675,2100,675,1
2014/03/20,695,708,695,708,1100,708,1
2014/03/24,690,700,690,700,1100,700,1
2014/03/25,690,708,690,700,2900,700,1
2014/03/26,708,708,708,708,200,708,1
2014/03/27,675,675,675,675,200,675,1
2014/03/28,676,676,676,676,100,676,1
2014/03/31,676,676,676,676,100,676,1
2014/04/02,670,670,670,670,100,670,1
2014/04/03,680,680,670,675,400,675,1
2014/04/07,675,675,675,675,200,675,1
2014/04/08,675,675,675,675,100,675,1
2014/04/09,671,671,671,671,200,671,1
2014/04/10,671,671,671,671,400,671,1
2014/04/11,671,685,671,685,1400,685,1
2014/04/14,688,688,673,673,200,673,1
2014/04/15,677,678,676,676,2900,676,1
2014/04/17,673,673,673,673,200,673,1
2014/04/18,671,671,671,671,200,671,1
2014/04/21,670,670,670,670,300,670,1
2014/04/22,672,672,670,670,200,670,1
2014/04/23,670,671,670,671,400,671,1
2014/04/24,671,671,671,671,200,671,1
2014/04/25,674,675,674,674,600,674,1
2014/04/28,675,675,675,675,1100,675,1
2014/05/02,675,675,675,675,200,675,1
2014/05/07,677,677,675,675,200,675,1
2014/05/08,676,676,676,676,100,676,1
2014/05/09,676,676,676,676,100,676,1
2014/05/12,698,698,680,682,1000,682,1
2014/05/13,682,682,682,682,100,682,1
2014/05/14,685,685,685,685,200,685,1
2014/05/15,688,688,675,675,2500,675,1
2014/05/16,680,680,680,680,300,680,1
2014/05/19,670,670,670,670,1000,670,1
2014/05/26,673,673,673,673,600,673,1
2014/05/27,683,683,683,683,200,683,1
2014/05/28,683,685,683,685,800,685,1
2014/05/30,685,685,685,685,100,685,1
2014/06/04,676,676,676,676,100,676,1
2014/06/09,685,685,676,676,1300,676,1
2014/06/13,683,683,683,683,100,683,1
2014/06/16,686,686,686,686,1600,686,1
2014/06/17,689,689,689,689,1300,689,1
2014/06/18,692,693,692,693,300,693,1
2014/06/19,687,687,687,687,300,687,1
2014/06/20,698,698,677,677,1900,677,1
2014/06/23,687,699,687,687,900,687,1
2014/06/25,690,690,690,690,800,690,1
2014/06/26,707,707,707,707,100,707,1
2014/06/27,688,688,688,688,200,688,1
2014/06/30,703,703,689,702,400,702,1
2014/07/01,700,700,688,688,1000,688,1
2014/07/02,689,689,689,689,100,689,1
2014/07/03,690,690,690,690,100,690,1
2014/07/04,690,697,690,697,300,697,1
2014/07/08,691,691,691,691,100,691,1
2014/07/10,694,698,694,698,300,698,1
2014/07/11,701,701,701,701,1500,701,1
2014/07/14,720,720,720,720,900,720,1
2014/07/15,720,720,695,700,4500,700,1
2014/07/16,714,714,714,714,100,714,1
2014/07/17,720,720,688,696,10100,696,1
2014/07/23,695,695,695,695,600,695,1
2014/07/24,695,695,695,695,400,695,1
2014/07/25,698,698,698,698,300,698,1
2014/07/28,701,719,701,719,2000,719,1
2014/07/29,720,720,720,720,2500,720,1
2014/07/30,707,708,707,708,1100,708,1
2014/07/31,718,718,718,718,1800,718,1
2014/08/01,704,710,704,710,700,710,1
2014/08/04,710,715,701,714,2300,714,1
2014/08/05,704,704,704,704,100,704,1
2014/08/06,700,700,700,700,1000,700,1
2014/08/07,700,700,700,700,100,700,1
2014/08/08,700,700,695,695,2700,695,1
2014/08/11,696,696,696,696,100,696,1
2014/08/12,698,698,698,698,600,698,1
2014/08/13,697,697,697,697,700,697,1
2014/08/14,697,697,697,697,700,697,1
2014/08/15,705,715,705,715,1300,715,1
2014/08/18,710,710,709,710,2700,710,1
2014/08/19,709,709,709,709,1500,709,1
2014/08/20,705,715,705,715,2500,715,1
2014/08/21,715,715,715,715,200,715,1
2014/08/25,718,718,698,698,2800,698,1
2014/08/27,715,715,715,715,500,715,1
2014/08/28,715,715,715,715,700,715,1
2014/09/02,716,716,716,716,200,716,1
2014/09/03,731,731,731,731,1000,731,1
2014/09/04,734,735,734,735,1800,735,1
2014/09/05,732,750,730,735,1700,735,1
2014/09/08,716,731,716,731,1100,731,1
2014/09/09,731,731,717,717,300,717,1
2014/09/11,718,718,718,718,1300,718,1
2014/09/12,725,725,718,718,4200,718,1
2014/09/16,721,729,715,715,4700,715,1
2014/09/17,725,725,715,715,2000,715,1
2014/09/19,715,730,710,730,1500,730,1
2014/09/22,719,720,719,720,1400,720,1
2014/09/24,720,735,718,721,1900,721,1
2014/09/25,724,730,724,730,1400,730,1
2014/09/26,701,719,701,719,3100,719,1
2014/09/29,710,715,710,715,800,715,1
2014/09/30,708,708,706,706,300,706,1
2014/10/02,705,705,699,699,1100,699,1
2014/10/03,699,699,696,696,300,696,1
2014/10/08,696,696,696,696,100,696,1
2014/10/09,696,696,696,696,100,696,1
2014/10/10,691,713,691,713,1100,713,1
2014/10/14,688,701,688,701,1200,701,1
2014/10/15,704,704,704,704,2300,704,1
2014/10/16,692,692,685,685,300,685,1
2014/10/17,681,681,681,681,400,681,1
2014/10/20,710,710,710,710,100,710,1
2014/10/21,706,706,706,706,200,706,1
2014/10/22,706,706,706,706,100,706,1
2014/10/23,709,709,709,709,100,709,1
2014/10/27,712,712,712,712,400,712,1
2014/10/28,715,715,715,715,400,715,1
2014/11/04,720,720,702,702,1800,702,1
2014/11/05,702,730,700,715,4400,715,1
2014/11/06,705,705,695,698,2200,698,1
2014/11/07,700,700,700,700,100,700,1
2014/11/12,715,719,701,701,1300,701,1
2014/11/17,708,708,704,704,1300,704,1
2014/11/18,707,715,707,715,1700,715,1
2014/11/19,718,718,715,715,1000,715,1
2014/11/20,715,715,715,715,100,715,1
2014/11/21,712,712,712,712,100,712,1
2014/11/25,715,715,715,715,400,715,1
2014/11/26,718,720,718,720,600,720,1
2014/11/27,720,720,716,716,200,716,1
2014/11/28,715,715,715,715,700,715,1
2014/12/01,715,715,715,715,100,715,1
2014/12/02,715,715,702,702,2200,702,1
2014/12/03,706,715,706,715,400,715,1
2014/12/04,711,716,711,716,500,716,1
2014/12/05,718,718,716,716,800,716,1
2014/12/08,719,720,710,720,1600,720,1
2014/12/09,720,725,717,725,1300,725,1
2014/12/10,728,728,705,705,4700,705,1
2014/12/11,720,726,712,720,1500,720,1
2014/12/12,720,724,720,724,200,724,1
2014/12/15,727,727,711,720,3200,720,1
2014/12/16,711,711,711,711,1000,711,1
2014/12/17,712,729,712,729,400,729,1
2014/12/18,737,737,737,737,1000,737,1
2014/12/19,718,718,717,718,1500,718,1
2014/12/24,718,718,718,718,100,718,1
2014/12/25,721,721,721,721,300,721,1
2014/12/26,724,755,724,748,2400,748,1
2014/12/29,754,754,754,754,400,754,1
2015/01/05,725,740,725,740,200,740,1
2015/01/06,725,750,725,735,800,735,1
2015/01/07,735,735,735,735,500,735,1
2015/01/08,735,740,735,735,1200,735,1
2015/01/09,737,737,737,737,200,737,1
2015/01/13,730,731,730,730,2000,730,1
2015/01/14,730,750,730,740,1300,740,1
2015/01/15,743,743,730,730,2500,730,1
2015/01/16,725,748,724,748,2900,748,1
2015/01/19,740,744,740,744,200,744,1
2015/01/20,735,735,726,727,800,727,1
2015/01/21,728,728,728,728,200,728,1
2015/01/22,730,730,730,730,200,730,1
2015/01/23,730,737,730,731,500,731,1
2015/01/26,743,743,735,735,200,735,1
2015/01/27,748,754,738,738,2300,738,1
2015/01/28,756,756,735,756,2000,756,1
2015/01/29,740,740,739,739,200,739,1
2015/01/30,754,754,739,740,300,740,1
2015/02/02,738,750,738,750,400,750,1
2015/02/03,740,740,740,740,100,740,1
2015/02/04,749,749,740,740,200,740,1
2015/02/05,742,742,742,742,200,742,1
2015/02/06,740,741,740,741,200,741,1
2015/02/09,741,748,741,748,300,748,1
2015/02/10,744,744,744,744,100,744,1
2015/02/12,743,750,743,750,800,750,1
2015/02/13,750,750,750,750,3200,750,1
2015/02/16,753,850,753,842,5300,842,1
2015/02/17,782,820,782,820,2300,820,1
2015/02/18,805,816,782,795,2600,795,1
2015/02/19,796,796,763,763,1900,763,1
2015/02/20,778,778,761,765,1500,765,1
2015/02/23,777,820,770,820,1900,820,1
2015/02/24,797,797,795,795,400,795,1
2015/02/25,798,819,798,802,1700,802,1
2015/02/26,818,830,806,810,2700,810,1
2015/02/27,830,840,811,839,1700,839,1
2015/03/02,825,825,825,825,100,825,1
2015/03/03,821,843,821,843,300,843,1
2015/03/04,842,842,797,820,6100,820,1
2015/03/05,832,835,816,835,2300,835,1
2015/03/06,834,834,830,830,400,830,1
2015/03/09,830,832,830,832,200,832,1
2015/03/10,837,837,832,832,400,832,1
2015/03/11,832,832,830,830,200,830,1
2015/03/12,840,840,831,831,2300,831,1
2015/03/13,840,840,839,839,1000,839,1
2015/03/16,845,846,845,846,1800,846,1
2015/03/17,848,850,845,845,2900,845,1
2015/03/18,850,850,850,850,200,850,1
2015/03/19,850,850,842,850,1600,850,1
2015/03/20,832,847,832,847,2000,847,1
2015/03/23,850,851,850,850,1000,850,1
2015/03/24,851,857,804,810,13800,810,1
2015/03/25,813,835,807,835,6000,835,1
2015/03/26,835,843,828,842,1000,842,1
2015/03/27,810,811,806,806,2100,806,1
2015/03/30,806,807,806,807,300,807,1
2015/04/01,807,807,807,807,100,807,1
2015/04/02,810,810,810,810,200,810,1
2015/04/03,808,808,807,807,300,807,1
2015/04/06,807,807,807,807,100,807,1
2015/04/07,810,810,810,810,100,810,1
2015/04/08,810,810,810,810,500,810,1
2015/04/09,805,810,797,798,1400,798,1
2015/04/10,798,811,798,811,200,811,1
2015/04/13,810,810,801,801,200,801,1
2015/04/14,806,815,801,801,1600,801,1
2015/04/15,816,818,810,818,1300,818,1
2015/04/16,821,828,821,828,2600,828,1
2015/04/17,820,820,820,820,100,820,1
2015/04/20,820,820,820,820,400,820,1
2015/04/22,828,828,821,821,500,821,1
2015/04/23,821,821,821,821,100,821,1
2015/04/24,834,834,834,834,200,834,1
2015/04/27,844,849,837,845,800,845,1
2015/04/28,845,845,833,833,1000,833,1
2015/05/01,833,833,833,833,100,833,1
2015/05/07,835,857,829,857,1200,857,1
2015/05/08,842,857,840,857,800,857,1
2015/05/11,855,885,855,885,1000,885,1
2015/05/12,855,890,855,890,1100,890,1
2015/05/13,894,894,890,890,900,890,1
2015/05/14,884,884,884,884,1000,884,1
2015/05/15,887,887,887,887,1900,887,1
2015/05/18,859,859,849,849,2600,849,1
2015/05/19,859,870,859,870,200,870,1
2015/05/21,870,870,848,848,1500,848,1
2015/05/22,849,870,848,870,1400,870,1
2015/05/25,873,873,865,865,1000,865,1
2015/05/26,853,853,838,838,1700,838,1
2015/05/27,837,841,837,841,500,841,1
2015/05/28,837,837,837,837,1200,837,1
2015/05/29,837,842,837,842,200,842,1
2015/06/01,837,838,837,837,500,837,1
2015/06/03,836,836,836,836,200,836,1
2015/06/04,841,841,841,841,200,841,1
2015/06/05,830,830,830,830,1000,830,1
2015/06/08,838,838,838,838,200,838,1
2015/06/09,839,839,839,839,300,839,1
2015/06/11,831,840,831,840,1200,840,1
2015/06/15,843,843,830,830,2600,830,1
2015/06/16,830,830,830,830,400,830,1
2015/06/17,826,844,826,844,1600,844,1
2015/06/18,844,844,840,840,300,840,1
2015/06/19,832,832,832,832,100,832,1
2015/06/22,832,832,832,832,200,832,1
2015/06/23,832,832,832,832,100,832,1
2015/06/24,832,835,832,835,200,835,1
2015/06/25,838,838,838,838,400,838,1
2015/06/26,840,840,838,840,2100,840,1
2015/06/29,845,845,830,830,1200,830,1
2015/06/30,830,830,830,830,200,830,1
2015/07/01,844,844,826,826,2500,826,1
2015/07/02,826,826,825,825,400,825,1
2015/07/03,830,837,822,837,1600,837,1
2015/07/06,825,825,820,820,2000,820,1
2015/07/07,820,825,820,825,400,825,1
2015/07/08,825,825,810,810,1600,810,1
2015/07/09,797,797,790,790,4000,790,1
2015/07/13,799,801,799,801,400,801,1
2015/07/14,825,825,804,804,3100,804,1
2015/07/15,809,809,809,809,100,809,1
2015/07/17,817,817,811,815,2700,815,1
2015/07/22,820,824,820,824,400,824,1
2015/07/23,825,830,825,830,1500,830,1
2015/07/24,825,825,816,816,300,816,1
2015/07/27,825,830,825,830,600,830,1
2015/07/28,833,835,833,833,3300,833,1
2015/07/29,836,839,836,839,600,839,1
2015/07/30,855,855,855,855,1300,855,1
2015/08/03,837,843,836,838,1300,838,1
2015/08/05,839,839,839,839,300,839,1
2015/08/07,843,843,843,843,100,843,1
2015/08/10,843,845,843,845,400,845,1
2015/08/12,845,845,842,842,200,842,1
2015/08/14,839,839,839,839,100,839,1
2015/08/17,842,842,839,839,2100,839,1
2015/08/18,822,822,822,822,1000,822,1
2015/08/19,824,824,824,824,100,824,1
2015/08/21,824,824,823,823,200,823,1
2015/08/24,820,830,815,830,3600,830,1
2015/08/25,820,820,810,810,1600,810,1
2015/08/26,840,840,835,835,400,835,1
2015/08/28,825,830,825,830,200,830,1
2015/08/31,816,840,816,818,1300,818,1
2015/09/01,837,837,837,837,100,837,1
2015/09/04,829,829,829,829,100,829,1
2015/09/07,822,835,822,835,500,835,1
2015/09/08,835,835,825,825,1800,825,1
2015/09/09,825,825,825,825,100,825,1
2015/09/10,817,818,811,811,1100,811,1
2015/09/11,811,826,811,826,800,826,1
2015/09/15,828,828,828,828,2000,828,1
2015/09/16,816,816,816,816,100,816,1
2015/09/17,810,840,810,840,3300,840,1
2015/09/18,840,850,820,820,1600,820,1
2015/09/24,801,831,801,830,700,830,1
2015/09/25,833,850,833,850,1600,850,1
2015/09/28,843,843,810,810,500,810,1
2015/09/29,850,850,810,810,1400,810,1
2015/10/02,802,802,802,802,100,802,1
2015/10/05,802,802,802,802,100,802,1
2015/10/06,805,805,800,800,1100,800,1
2015/10/08,819,819,819,819,100,819,1
2015/10/09,815,815,815,815,100,815,1
2015/10/14,817,828,807,828,1300,828,1
2015/10/15,831,831,831,831,500,831,1
2015/10/19,840,840,811,811,1500,811,1
2015/10/23,839,839,839,839,100,839,1
2015/10/26,842,842,842,842,500,842,1
2015/10/27,846,846,846,846,100,846,1
2015/10/28,850,850,850,850,300,850,1
2015/10/30,820,820,820,820,200,820,1
2015/11/02,816,816,816,816,200,816,1
2015/11/04,816,817,816,817,300,817,1
2015/11/05,812,813,802,802,700,802,1
2015/11/06,802,802,798,798,1100,798,1
2015/11/09,797,797,797,797,200,797,1
2015/11/10,797,797,797,797,200,797,1
2015/11/11,799,814,799,800,1600,800,1
2015/11/12,801,801,801,801,200,801,1
2015/11/13,803,810,803,803,400,803,1
2015/11/16,807,808,806,806,900,806,1
2015/11/17,809,809,809,809,1500,809,1
2015/11/18,815,819,807,819,700,819,1
2015/11/19,811,811,811,811,200,811,1
2015/11/20,810,810,809,810,400,810,1
2015/11/24,810,810,808,808,300,808,1
2015/11/25,811,811,805,805,900,805,1
2015/11/26,805,807,805,807,200,807,1
2015/11/27,808,814,808,814,700,814,1
2015/11/30,806,815,806,815,400,815,1
2015/12/01,816,845,810,810,2600,810,1
2015/12/02,809,819,809,819,500,819,1
2015/12/03,811,811,811,811,200,811,1
2015/12/04,809,810,809,810,1200,810,1
2015/12/07,810,810,809,810,700,810,1
2015/12/08,809,809,809,809,400,809,1
2015/12/09,808,815,808,815,1300,815,1
2015/12/10,818,818,811,811,2800,811,1
2015/12/11,811,815,811,815,500,815,1
2015/12/14,814,814,811,811,600,811,1
2015/12/15,814,814,814,814,2000,814,1
2015/12/16,817,817,817,817,100,817,1
2015/12/17,830,830,830,830,100,830,1
2015/12/22,830,831,830,831,900,831,1
2015/12/24,830,831,830,831,300,831,1
2015/12/25,834,834,812,812,1900,812,1
2015/12/28,806,806,806,806,100,806,1
2015/12/29,808,808,808,808,600,808,1
2016/01/05,806,806,806,806,1100,806,1
2016/01/06,805,805,805,805,700,805,1
2016/01/07,820,820,809,809,1000,809,1
2016/01/12,810,810,801,801,400,801,1
2016/01/14,800,800,800,800,500,800,1
2016/01/15,803,803,803,803,1300,803,1
2016/01/18,810,810,810,810,600,810,1
2016/01/19,825,825,825,825,800,825,1
2016/01/20,802,802,802,802,100,802,1
2016/01/21,800,800,800,800,300,800,1
2016/01/22,800,810,800,810,700,810,1
2016/01/25,813,813,813,813,300,813,1
2016/01/26,816,816,816,816,100,816,1
2016/01/27,859,859,859,859,500,859,1
2016/01/29,816,816,816,816,200,816,1
2016/02/01,820,820,820,820,300,820,1
2016/02/02,820,820,820,820,100,820,1
2016/02/04,820,820,820,820,100,820,1
2016/02/05,835,835,835,835,100,835,1
2016/02/08,834,835,834,835,1100,835,1
2016/02/10,830,830,830,830,100,830,1
2016/02/12,829,834,829,834,500,834,1
2016/02/15,837,984,837,984,1700,984,1
2016/02/16,909,909,840,840,1400,840,1
2016/02/19,827,827,827,827,300,827,1
2016/02/23,850,865,840,840,300,840,1
2016/02/25,843,843,843,843,300,843,1
2016/02/29,899,899,850,850,600,850,1
2016/03/03,835,851,834,834,1800,834,1
2016/03/08,810,825,810,825,1400,825,1
2016/03/09,810,825,810,825,400,825,1
2016/03/10,850,850,840,840,1100,840,1
2016/03/11,840,840,840,840,200,840,1
2016/03/14,851,851,851,851,200,851,1
2016/03/15,854,854,854,854,300,854,1
2016/03/16,857,858,857,857,400,857,1
2016/03/17,888,888,888,888,1400,888,1
2016/03/18,856,856,856,856,300,856,1
2016/03/23,870,870,870,870,100,870,1
2016/03/24,856,856,856,856,200,856,1
2016/03/25,859,870,859,870,1400,870,1
2016/03/28,875,875,873,873,600,873,1
2016/03/29,970,970,817,817,2700,817,1
2016/03/30,821,825,817,825,300,825,1
2016/03/31,820,821,820,821,200,821,1
2016/04/01,836,836,836,836,100,836,1
2016/04/04,836,836,821,821,200,821,1
2016/04/05,820,820,820,820,200,820,1
2016/04/06,815,815,815,815,300,815,1
2016/04/08,811,825,810,825,500,825,1
2016/04/11,837,838,831,831,400,831,1
2016/04/14,833,833,821,821,1200,821,1
2016/04/15,824,825,824,825,300,825,1
2016/04/18,829,829,828,828,300,828,1
2016/04/19,850,850,850,850,1700,850,1
2016/04/20,850,850,850,850,200,850,1
2016/04/25,853,853,853,853,100,853,1
2016/04/27,950,950,865,865,900,865,1
2016/05/06,868,868,868,868,500,868,1
2016/05/09,868,868,868,868,300,868,1
2016/05/10,856,856,856,856,200,856,1
2016/05/11,868,868,854,854,300,854,1
2016/05/12,850,850,850,850,100,850,1
2016/05/13,850,850,850,850,200,850,1
2016/05/16,855,855,854,854,200,854,1
2016/05/17,860,870,860,860,400,860,1
2016/05/18,913,913,898,898,1900,898,1
2016/05/24,903,903,898,898,400,898,1
2016/05/25,901,901,901,901,200,901,1
2016/05/26,904,904,904,904,700,904,1
2016/05/27,902,902,902,902,100,902,1
2016/05/30,890,890,890,890,700,890,1
2016/06/03,870,870,870,870,300,870,1
2016/06/13,870,870,870,870,200,870,1
2016/06/15,874,874,874,874,200,874,1
2016/06/17,900,900,881,881,2000,881,1
2016/06/21,881,881,881,881,300,881,1
2016/06/22,885,885,885,885,1200,885,1
2016/06/24,900,900,863,863,500,863,1
2016/06/27,866,866,866,866,1000,866,1
2016/06/28,926,926,926,926,100,926,1
2016/06/29,960,960,901,901,1100,901,1
2016/07/01,901,901,901,901,200,901,1
2016/07/04,901,901,901,901,200,901,1
2016/07/08,910,925,910,925,1100,925,1
2016/07/11,940,940,940,940,100,940,1
2016/07/12,943,943,943,943,2400,943,1
2016/07/13,931,931,931,931,100,931,1
2016/07/15,934,946,934,946,1700,946,1
2016/07/19,950,970,949,970,1400,970,1
2016/07/20,1000,1000,1000,1000,3500,1000,1
2016/07/21,951,966,951,951,300,951,1
2016/07/26,954,969,954,960,500,960,1
2016/07/27,1000,1000,1000,1000,1300,1000,1
2016/08/03,964,964,964,964,100,964,1
2016/08/08,919,919,919,919,1100,919,1
2016/08/09,901,901,900,900,400,900,1
2016/08/15,903,903,903,903,600,903,1
2016/08/17,978,978,978,978,1300,978,1
2016/08/19,1000,1000,1000,1000,900,1000,1
2016/08/22,955,955,955,955,100,955,1
2016/08/24,955,955,920,920,1100,920,1
2016/08/25,900,900,900,900,1000,900,1
2016/09/02,928,928,928,928,100,928,1
2016/09/05,939,954,939,954,400,954,1
2016/09/06,909,909,909,909,400,909,1
2016/09/12,968,968,940,940,200,940,1
2016/09/13,945,945,945,945,100,945,1
2016/09/14,920,920,920,920,300,920,1
2016/09/20,946,946,933,933,1900,933,1
2016/09/21,1083,1083,1080,1083,1900,1083,1
2016/09/23,1017,1017,993,999,900,999,1
2016/09/26,1002,1002,1002,1002,600,1002,1
2016/09/28,999,999,984,984,500,984,1
2016/10/04,999,999,990,990,300,990,1
2016/10/05,940,940,921,940,1200,940,1
2016/10/11,940,940,940,940,300,940,1
2016/10/12,950,950,935,935,300,935,1
2016/10/13,925,925,925,925,200,925,1
2016/10/17,928,939,928,929,1500,929,1
2016/10/18,940,955,940,955,1100,955,1
2016/10/19,970,975,970,975,1700,975,1
2016/10/20,980,980,980,980,100,980,1
2016/10/21,954,957,954,957,400,957,1
2016/10/25,965,965,965,965,300,965,1
2016/10/26,968,968,968,968,300,968,1
2016/10/27,998,998,998,998,700,998,1
2016/10/28,980,980,970,970,500,970,1
2016/10/31,970,970,970,970,200,970,1
2016/11/04,963,963,963,963,100,963,1
2016/11/07,963,963,963,963,100,963,1
2016/11/08,978,978,978,978,100,978,1
2016/11/09,976,976,973,973,200,973,1
2016/11/10,965,965,965,965,100,965,1
2016/11/14,965,965,965,965,100,965,1
2016/11/16,968,968,968,968,1100,968,1
2016/11/17,999,999,970,970,1200,970,1
2016/11/18,950,950,950,950,1100,950,1
2016/11/25,970,970,970,970,100,970,1
2016/11/29,990,990,990,990,800,990,1
2016/11/30,989,989,989,989,100,989,1
2016/12/02,970,970,940,960,1600,960,1
2016/12/05,969,969,969,969,200,969,1
2016/12/06,951,951,951,951,300,951,1
2016/12/12,980,980,954,955,3200,955,1
2016/12/13,960,960,958,958,1400,958,1
2016/12/14,973,973,973,973,100,973,1
2016/12/15,976,976,944,948,2400,948,1
2016/12/16,949,949,949,949,200,949,1
2016/12/19,945,945,945,945,500,945,1
2016/12/21,939,1000,939,943,2000,943,1
2016/12/22,938,938,938,938,600,938,1
2016/12/27,968,968,943,943,500,943,1
2016/12/28,967,967,967,967,800,967,1
2016/12/29,970,970,970,970,400,970,1
2017/01/05,956,971,956,956,500,956,1
2017/01/06,959,999,958,959,1700,959,1
2017/01/10,987,987,962,962,300,962,1
2017/01/13,962,962,962,962,200,962,1
2017/01/16,965,965,965,965,900,965,1
2017/01/17,968,968,968,968,800,968,1
2017/01/18,956,956,956,956,1300,956,1
2017/01/19,970,1000,952,952,3400,952,1
2017/01/20,979,979,979,979,100,979,1
2017/01/23,980,980,980,980,100,980,1
2017/01/25,983,983,983,983,800,983,1
2017/01/26,998,998,998,998,100,998,1
2017/01/27,998,998,971,974,400,974,1
2017/01/30,989,989,974,974,300,974,1
2017/01/31,968,968,968,968,200,968,1
2017/02/02,967,967,967,967,100,967,1
2017/02/06,967,967,966,966,600,966,1
2017/02/08,966,966,966,966,600,966,1
2017/02/09,963,963,963,963,100,963,1
2017/02/10,978,978,963,963,300,963,1
2017/02/13,960,960,960,960,700,960,1
2017/02/14,961,970,961,962,700,962,1
2017/02/15,970,970,970,970,800,970,1
2017/02/16,973,989,973,973,2100,973,1
2017/02/20,963,996,963,978,1500,978,1
2017/02/22,975,975,975,975,100,975,1
2017/02/23,975,985,975,975,500,975,1
2017/02/24,985,985,985,985,100,985,1
2017/02/27,988,994,988,994,700,994,1
2017/02/28,994,995,994,995,1300,995,1
2017/03/07,1000,1000,1000,1000,700,1000,1
2017/03/10,1000,1000,1000,1000,100,1000,1
2017/03/13,1010,1050,1010,1050,200,1050,1
2017/03/14,995,1045,995,1020,1900,1020,1
2017/03/15,1023,1040,1000,1000,2100,1000,1
2017/03/16,1020,1020,1020,1020,100,1020,1
2017/03/21,984,1000,977,977,3600,977,1
2017/03/22,972,990,972,976,1600,976,1
2017/03/23,976,976,976,976,100,976,1
2017/03/24,976,999,972,976,1500,976,1
2017/03/27,979,1000,979,979,2200,979,1
2017/03/28,987,988,987,988,400,988,1
2017/03/29,980,980,980,980,100,980,1
2017/03/30,988,988,988,988,300,988,1
2017/03/31,990,1010,990,1010,200,1010,1
2017/04/03,1010,1010,965,990,1700,990,1
2017/04/04,995,995,980,990,1200,990,1
2017/04/07,995,995,995,995,900,995,1
2017/04/10,999,999,999,999,900,999,1
2017/04/11,1001,1001,1001,1001,200,1001,1
2017/04/12,1000,1000,980,985,1100,985,1
2017/04/13,985,985,985,985,100,985,1
2017/04/17,988,998,988,998,700,998,1
2017/04/18,1001,1045,1001,1033,800,1033,1
2017/04/19,1243,1243,1025,1025,4100,1025,1
2017/04/20,1025,1025,985,992,2200,992,1
2017/04/21,998,998,992,993,600,993,1
2017/04/25,997,1000,997,1000,500,1000,1
2017/04/26,1040,1045,1010,1045,2700,1045,1
2017/04/27,1105,1107,1090,1090,1100,1090,1
2017/04/28,1051,1051,1051,1051,100,1051,1
2017/05/02,1060,1065,1060,1065,200,1065,1
2017/05/08,1075,1075,1060,1060,1200,1060,1
2017/05/09,1070,1070,1040,1040,300,1040,1
2017/05/10,1041,1041,1041,1041,100,1041,1
2017/05/12,1064,1064,1045,1045,200,1045,1
2017/05/15,1060,1070,1060,1070,200,1070,1
2017/05/16,1085,1164,1000,1000,6800,1000,1
2017/05/17,1030,1030,1000,1000,1300,1000,1
2017/05/19,1000,1001,1000,1001,300,1001,1
2017/05/22,1001,1001,1000,1000,1300,1000,1
2017/05/23,998,998,993,993,700,993,1
2017/05/29,1038,1038,1038,1038,900,1038,1
2017/05/30,1008,1008,990,1004,3300,1004,1
2017/06/01,995,995,995,995,1100,995,1
2017/06/02,988,1004,988,1004,2300,1004,1
2017/06/07,1008,1008,1008,1008,200,1008,1
2017/06/08,1005,1005,1005,1005,100,1005,1
2017/06/09,1018,1018,1002,1018,1200,1018,1
2017/06/12,1020,1020,1017,1017,200,1017,1
2017/06/14,1020,1020,1020,1020,100,1020,1
2017/06/15,1024,1040,1023,1023,1600,1023,1
2017/06/16,1030,1030,1030,1030,200,1030,1
2017/06/19,1060,1060,1050,1050,1400,1050,1
2017/06/20,1050,1079,1035,1079,1200,1079,1
2017/06/21,1012,1050,1012,1050,1300,1050,1
2017/06/22,1020,1040,1020,1040,200,1040,1
2017/06/23,1025,1025,1025,1025,200,1025,1
2017/06/26,1029,1029,1029,1029,100,1029,1
2017/06/27,1017,1017,1015,1015,1700,1015,1
2017/06/28,1015,1015,1010,1010,600,1010,1
2017/06/29,1030,1030,1030,1030,200,1030,1
2017/06/30,1030,1030,1030,1030,200,1030,1
2017/07/03,1012,1012,1012,1012,100,1012,1
2017/07/04,1014,1014,1014,1014,300,1014,1
2017/07/05,1035,1035,1016,1016,1300,1016,1
2017/07/06,1046,1046,1020,1020,200,1020,1
2017/07/07,1030,1030,1030,1030,100,1030,1
2017/07/12,1111,1111,1060,1060,3800,1060,1
2017/07/13,1060,1060,1060,1060,200,1060,1
2017/07/14,1058,1060,1058,1058,1200,1058,1
2017/07/18,1100,1100,1100,1100,300,1100,1
2017/07/19,1103,1103,1103,1103,300,1103,1
2017/07/20,1223,1223,1115,1115,5500,1115,1
2017/07/21,1093,1093,1092,1092,200,1092,1
2017/07/25,1122,1122,1095,1095,1300,1095,1
2017/07/27,1120,1120,1120,1120,900,1120,1
2017/07/28,1200,1200,1195,1195,1200,1195,1
2017/08/01,1200,1200,1200,1200,100,1200,1
2017/08/02,1123,1199,1122,1199,600,1199,1
2017/08/03,1127,1127,1110,1110,1600,1110,1
2017/08/04,1104,1104,1095,1095,600,1095,1
2017/08/08,1095,1095,1082,1082,300,1082,1
2017/08/09,1095,1095,1095,1095,100,1095,1
2017/08/10,1074,1074,1060,1060,1900,1060,1
2017/08/14,1055,1055,1052,1055,300,1055,1
2017/08/15,1059,1069,1050,1069,4800,1069,1
2017/08/16,1069,1069,1050,1066,600,1066,1
2017/08/17,1060,1060,1060,1060,1100,1060,1
2017/08/18,1060,1060,1059,1059,200,1059,1
2017/08/23,1058,1058,1050,1050,300,1050,1
2017/08/24,1050,1050,1050,1050,100,1050,1
2017/08/25,1053,1053,1040,1040,3000,1040,1
2017/08/28,1040,1040,1040,1040,100,1040,1
2017/08/29,1040,1049,1040,1049,300,1049,1
2017/08/30,1033,1099,1033,1033,1700,1033,1
2017/09/01,1058,1058,1057,1057,200,1057,1
2017/09/04,1056,1056,1033,1033,1000,1033,1
2017/09/05,1056,1056,1056,1056,200,1056,1
2017/09/08,1036,1036,1036,1036,100,1036,1
2017/09/11,1025,1049,1025,1030,2300,1030,1
2017/09/12,1035,1040,1035,1040,200,1040,1
2017/09/13,1036,1049,1036,1049,300,1049,1
2017/09/14,1040,1040,1040,1040,100,1040,1
2017/09/15,1043,1080,1043,1046,2000,1046,1
2017/09/19,1049,1049,1049,1049,1600,1049,1
2017/09/20,1050,1052,1030,1030,1500,1030,1
2017/09/21,1079,1098,1078,1098,1200,1098,1
2017/09/22,1052,1054,1051,1054,700,1054,1
2017/09/25,1084,1094,1084,1084,1100,1084,1
2017/09/26,1094,1099,1087,1087,1800,1087,1
2017/09/27,1100,1100,1100,1100,100,1100,1
2017/09/28,1100,1100,1031,1045,2300,1045,1
2017/10/02,1045,1077,1045,1045,1300,1045,1
2017/10/03,1041,1056,1040,1056,1200,1056,1
2017/10/04,1056,1056,1056,1056,200,1056,1
2017/10/05,1055,1055,1054,1054,200,1054,1
2017/10/06,1046,1046,1046,1046,100,1046,1
2017/10/10,1050,1077,1050,1052,1100,1052,1
2017/10/11,1045,1087,1045,1052,1000,1052,1
2017/10/12,1053,1053,1053,1053,100,1053,1
2017/10/13,1051,1077,1051,1051,500,1051,1
2017/10/16,1054,1055,1054,1055,1500,1055,1
2017/10/17,1059,1059,1058,1058,800,1058,1
2017/10/18,1040,1055,1040,1040,1500,1040,1
2017/10/19,1053,1053,1053,1053,300,1053,1
2017/10/20,1038,1040,1035,1040,1800,1040,1
2017/10/24,1029,1030,1029,1030,1300,1030,1
2017/10/25,1033,1033,1033,1033,100,1033,1
2017/10/27,1033,1042,1033,1042,1800,1042,1
2017/10/30,1044,1044,1044,1044,100,1044,1
2017/10/31,1044,1044,1044,1044,100,1044,1
2017/11/01,1045,1045,1045,1045,100,1045,1
2017/11/02,1045,1045,1045,1045,100,1045,1
2017/11/06,1041,1052,1031,1052,1800,1052,1
2017/11/07,1052,1056,1052,1056,700,1056,1
2017/11/08,1040,1040,1040,1040,100,1040,1
2017/11/13,1040,1040,1040,1040,100,1040,1
2017/11/14,1040,1045,1040,1040,500,1040,1
2017/11/15,1045,1045,1043,1043,2100,1043,1
2017/11/16,1043,1100,1040,1044,2300,1044,1
2017/11/17,1033,1063,1033,1063,400,1063,1
2017/11/20,1040,1040,1040,1040,600,1040,1
2017/11/21,1055,1055,1055,1055,100,1055,1
2017/11/22,1050,1050,1050,1050,100,1050,1
2017/11/24,1032,1033,1032,1033,1200,1033,1
2017/11/27,1036,1036,1036,1036,100,1036,1
2017/11/28,1040,1095,1040,1046,1300,1046,1
2017/11/29,1050,1050,1050,1050,1700,1050,1
2017/11/30,1036,1036,1036,1036,100,1036,1
2017/12/01,1093,1093,1048,1050,3600,1050,1
2017/12/04,1048,1060,1045,1060,1300,1060,1
2017/12/05,1046,1046,1038,1038,500,1038,1
2017/12/06,1050,1050,1050,1050,100,1050,1
2017/12/07,1058,1058,1058,1058,300,1058,1
2017/12/08,1060,1073,1060,1073,300,1073,1
2017/12/11,1076,1076,1075,1075,2900,1075,1
2017/12/12,1093,1093,1056,1056,1900,1056,1
2017/12/13,1061,1065,1061,1065,400,1065,1
2017/12/14,1060,1086,1060,1066,500,1066,1
2017/12/15,1081,1081,1071,1071,200,1071,1
2017/12/18,1074,1088,1074,1088,800,1088,1
2017/12/19,1118,1125,1100,1125,2500,1125,1
2017/12/20,1144,1147,1088,1088,500,1088,1
2017/12/21,1150,1150,1140,1140,700,1140,1
2017/12/22,1140,1140,1139,1139,200,1139,1
2017/12/25,1142,1142,1096,1100,2000,1100,1
2017/12/26,1153,1153,1103,1103,500,1103,1
2017/12/27,1107,1107,1091,1096,400,1096,1
2018/01/05,1090,1092,1090,1092,1100,1092,1
2018/01/09,1122,1152,1100,1151,2500,1151,1
2018/01/10,1150,1150,1150,1150,100,1150,1
2018/01/11,1146,1150,1141,1150,1400,1150,1
2018/01/12,1140,1140,1133,1133,300,1133,1
2018/01/15,1140,1140,1136,1136,1300,1136,1
2018/01/16,1140,1140,1139,1139,500,1139,1
2018/01/17,1199,1199,1139,1150,2000,1150,1
2018/01/19,1141,1150,1140,1150,500,1150,1
2018/01/22,1148,1150,1141,1141,300,1141,1
2018/01/23,1155,1155,1125,1140,1700,1140,1
2018/01/25,1143,1143,1143,1143,300,1143,1
2018/01/26,1183,1200,1182,1200,1200,1200,1
2018/01/29,1199,1200,1198,1200,1800,1200,1
2018/01/30,1210,1217,1144,1217,2900,1217,1
2018/01/31,1217,1217,1217,1217,100,1217,1
2018/02/01,1217,1217,1217,1217,500,1217,1
2018/02/02,1217,1217,1167,1167,600,1167,1
2018/02/05,1170,1172,1170,1172,1000,1172,1
2018/02/06,1141,1150,1140,1140,1200,1140,1
2018/02/07,1150,1151,1150,1151,200,1151,1
2018/02/09,1160,1160,1160,1160,100,1160,1
2018/02/13,1150,1150,1150,1150,100,1150,1
2018/02/14,1150,1150,1120,1120,1000,1120,1
2018/02/15,1123,1123,1123,1123,300,1123,1
2018/02/19,1199,1199,1199,1199,1300,1199,1
2018/02/22,1189,1189,1189,1189,100,1189,1
2018/02/23,1189,1189,1159,1159,200,1159,1
2018/02/26,1163,1163,1162,1162,900,1162,1
2018/02/28,1146,1146,1146,1146,200,1146,1
2018/03/02,1103,1103,1092,1092,1300,1092,1
2018/03/05,1092,1149,1092,1149,400,1149,1
2018/03/06,1147,1147,1105,1105,500,1105,1
2018/03/08,1105,1105,1105,1105,1000,1105,1
2018/03/12,1120,1120,1120,1120,800,1120,1
2018/03/15,1123,1123,1123,1123,1300,1123,1
2018/03/16,1129,1130,1129,1130,1100,1130,1
2018/03/19,1147,1200,1147,1200,1900,1200,1
2018/03/20,1190,1190,1130,1130,700,1130,1
2018/03/23,1130,1130,1130,1130,500,1130,1
2018/03/26,1133,1133,1133,1133,200,1133,1
2018/03/27,1193,1193,1193,1193,100,1193,1
2018/03/28,1193,1193,1192,1192,700,1192,1
2018/03/29,1150,1150,1150,1150,100,1150,1
2018/04/02,1160,1160,1160,1160,100,1160,1
2018/04/03,1150,1150,1140,1140,400,1140,1
2018/04/04,1169,1169,1169,1169,200,1169,1
2018/04/09,1169,1169,1079,1133,1300,1133,1
2018/04/11,1158,1158,1128,1128,200,1128,1
2018/04/13,1124,1124,1124,1124,100,1124,1
2018/04/16,1127,1128,1127,1128,200,1128,1
2018/04/17,1141,1194,1132,1194,1500,1194,1
2018/04/18,1260,1260,1260,1260,1300,1260,1
2018/04/19,1260,1260,1200,1200,300,1200,1
2018/04/20,1200,1200,1200,1200,600,1200,1
2018/04/23,1200,1200,1200,1200,100,1200,1
2018/04/24,1193,1193,1190,1190,200,1190,1
2018/04/25,1193,1199,1193,1199,200,1199,1
2018/04/26,1204,1204,1204,1204,200,1204,1
2018/04/27,1264,1264,1250,1250,900,1250,1
2018/05/01,1299,1299,1219,1220,400,1220,1
2018/05/02,1219,1219,1219,1219,100,1219,1
2018/05/07,1231,1231,1223,1223,300,1223,1
2018/05/08,1193,1193,1174,1174,1500,1174,1
2018/05/10,1174,1174,1142,1145,500,1145,1
2018/05/11,1143,1143,1143,1143,100,1143,1
2018/05/14,1113,1140,1113,1140,1200,1140,1
2018/05/15,1143,1156,1143,1156,1000,1156,1
2018/05/16,1159,1159,1159,1159,700,1159,1
2018/05/17,1160,1160,1160,1160,100,1160,1
2018/05/18,1134,1134,1134,1134,300,1134,1
2018/05/21,1109,1109,1100,1100,1600,1100,1
2018/05/22,1120,1130,1102,1102,300,1102,1
2018/05/25,1106,1130,1106,1130,300,1130,1
2018/05/28,1133,1133,1133,1133,100,1133,1
2018/05/29,1182,1196,1182,1183,1300,1183,1
2018/05/30,1183,1213,1183,1213,300,1213,1
2018/05/31,1199,1199,1199,1199,500,1199,1
2018/06/01,1169,1169,1139,1169,1200,1169,1
2018/06/04,1170,1171,1170,1171,400,1171,1
2018/06/07,1124,1129,1120,1120,1300,1120,1
2018/06/08,1148,1150,1148,1150,500,1150,1
2018/06/11,1150,1150,1150,1150,500,1150,1
2018/06/15,1153,1153,1153,1153,600,1153,1
2018/06/18,1160,1160,1160,1160,100,1160,1
2018/06/19,1172,1172,1122,1122,2100,1122,1
2018/06/21,1152,1173,1152,1170,300,1170,1
2018/06/25,1173,1173,1173,1173,600,1173,1
2018/06/26,1173,1173,1173,1173,200,1173,1
2018/06/27,1124,1172,1124,1172,300,1172,1
2018/06/28,1169,1169,1139,1139,200,1139,1
2018/06/29,1117,1147,1117,1147,1300,1147,1
2018/07/02,1125,1125,1125,1125,200,1125,1
2018/07/03,1100,1100,1100,1100,1000,1100,1
2018/07/04,1100,1100,1090,1090,200,1090,1
2018/07/05,1070,1070,1070,1070,100,1070,1
2018/07/06,1129,1150,1120,1120,900,1120,1
2018/07/10,1123,1123,1123,1123,1500,1123,1
2018/07/11,1147,1152,1147,1152,1400,1152,1
2018/07/12,1199,1199,1169,1170,1700,1170,1
2018/07/13,1174,1174,1158,1158,600,1158,1
2018/07/17,1180,1180,1175,1178,1100,1178,1
2018/07/18,1181,1183,1181,1181,2300,1181,1
2018/07/19,1197,1197,1197,1197,1700,1197,1
2018/07/20,1196,1196,1178,1178,200,1178,1
2018/07/25,1180,1180,1180,1180,900,1180,1
2018/07/27,1120,1120,1120,1120,100,1120,1
2018/07/31,1115,1115,1115,1115,100,1115,1
2018/08/01,1101,1101,1100,1100,200,1100,1
2018/08/06,1100,1100,1070,1100,1200,1100,1
2018/08/09,1088,1089,1088,1089,400,1089,1
2018/08/10,1089,1089,1089,1089,200,1089,1
2018/08/14,1086,1087,1086,1087,200,1087,1
