2014/12/17,6500,6720,5500,5500,875200,5500,1
2014/12/18,5100,5150,4500,4515,322500,4515,1
2014/12/19,4600,4620,3825,4080,173900,4080,1
2014/12/22,4150,4190,3880,3950,95100,3950,1
2014/12/24,4020,4310,3965,4100,142800,4100,1
2014/12/25,4090,4090,3860,3925,60200,3925,1
2014/12/26,3930,3995,3885,3930,21000,3930,1
2014/12/29,3990,4100,3930,3990,16100,3990,1
2014/12/30,4030,4050,3910,3915,13800,3915,1
2015/01/05,3930,4060,3905,4020,24500,4020,1
2015/01/06,3950,3995,3900,3935,24100,3935,1
2015/01/07,3960,4035,3915,3995,32600,3995,1
2015/01/08,4050,4230,3960,3985,42700,3985,1
2015/01/09,3990,3995,3785,3860,29200,3860,1
2015/01/13,3795,3805,3600,3625,22600,3625,1
2015/01/14,3610,3700,3520,3525,10000,3525,1
2015/01/15,3500,3520,3360,3395,16000,3395,1
2015/01/16,3330,3395,3325,3335,7200,3335,1
2015/01/19,3375,3410,3295,3295,5700,3295,1
2015/01/20,3330,3355,3305,3310,3300,3310,1
2015/01/21,3370,3370,3325,3325,3600,3325,1
2015/01/22,3330,3360,3275,3290,3700,3290,1
2015/01/23,3350,3350,3280,3295,4900,3295,1
2015/01/26,3295,3340,3280,3300,2000,3300,1
2015/01/27,3300,3310,3175,3260,7900,3260,1
2015/01/28,3280,3280,3200,3280,5300,3280,1
2015/01/29,3210,3260,3200,3200,3100,3200,1
2015/01/30,3200,3200,3125,3170,6100,3170,1
2015/02/02,3055,3110,2990,3030,8400,3030,1
2015/02/03,3005,3020,2973,2983,7900,2983,1
2015/02/04,3010,3050,3000,3005,8700,3005,1
2015/02/05,2973,3030,2973,3030,2500,3030,1
2015/02/06,3000,3240,3000,3200,10700,3200,1
2015/02/09,3270,3280,3060,3155,9700,3155,1
2015/02/10,3160,3375,3085,3270,15900,3270,1
2015/02/12,2640,2720,2630,2707,78900,2707,1
2015/02/13,2730,2768,2639,2655,27500,2655,1
2015/02/16,2655,2668,2573,2589,14500,2589,1
2015/02/17,2590,2590,2515,2517,13700,2517,1
2015/02/18,2508,2540,2446,2447,22600,2447,1
2015/02/19,2468,2470,2400,2425,13000,2425,1
2015/02/20,2425,2507,2425,2507,10700,2507,1
2015/02/23,2549,2549,2503,2504,5800,2504,1
2015/02/24,2492,2492,2425,2490,10300,2490,1
2015/02/25,2500,2510,2415,2415,2900,2415,1
2015/02/26,2411,2444,2411,2432,1600,2432,1
2015/02/27,2454,2476,2431,2446,3100,2446,1
2015/03/02,2450,2472,2440,2472,4200,2472,1
2015/03/03,2473,2490,2432,2478,3400,2478,1
2015/03/04,2477,2483,2436,2480,2400,2480,1
2015/03/05,2488,2488,2463,2485,700,2485,1
2015/03/06,2495,2543,2495,2510,4400,2510,1
2015/03/09,2505,2512,2470,2497,5400,2497,1
2015/03/10,2473,2484,2435,2435,4800,2435,1
2015/03/11,2435,2508,2431,2453,2800,2453,1
2015/03/12,2495,2500,2462,2477,1000,2477,1
2015/03/13,2477,2480,2450,2465,3300,2465,1
2015/03/16,2466,2488,2395,2398,8900,2398,1
2015/03/17,2399,2400,2365,2378,11200,2378,1
2015/03/18,2370,2370,2349,2350,6000,2350,1
2015/03/19,2350,2358,2347,2352,6900,2352,1
2015/03/20,2341,2349,2332,2340,4300,2340,1
2015/03/23,2350,2350,2312,2321,6900,2321,1
2015/03/24,2320,2325,2311,2315,5100,2315,1
2015/03/25,2330,2332,2300,2310,5200,2310,1
2015/03/26,2303,2324,2303,2309,7600,2309,1
2015/03/27,2300,2316,2286,2288,5700,2288,1
2015/03/30,2288,2310,2288,2310,1700,2310,1
2015/03/31,2310,2310,2261,2290,2900,2290,1
2015/04/01,2288,2288,2261,2286,2900,2286,1
2015/04/02,2284,2284,2250,2250,3200,2250,1
2015/04/03,2251,2251,2201,2203,4500,2203,1
2015/04/06,2219,2219,2151,2177,4700,2177,1
2015/04/07,2177,2178,2153,2170,5100,2170,1
2015/04/08,2174,2200,2164,2195,7800,2195,1
2015/04/09,2177,2189,2145,2152,6400,2152,1
2015/04/10,2152,2170,2150,2150,4800,2150,1
2015/04/13,2170,2170,2125,2144,11600,2144,1
2015/04/14,2161,2185,2160,2180,15400,2180,1
2015/04/15,2190,2210,2170,2210,14300,2210,1
2015/04/16,2210,2215,2050,2125,37600,2125,1
2015/04/17,2135,2245,2135,2218,15500,2218,1
2015/04/20,2218,2218,2125,2152,7900,2152,1
2015/04/21,2185,2185,2140,2147,3400,2147,1
2015/04/22,2142,2170,2136,2159,3600,2159,1
2015/04/23,2138,2160,2138,2158,4400,2158,1
2015/04/24,2145,2164,2145,2164,1700,2164,1
2015/04/27,2155,2161,2125,2160,4300,2160,1
2015/04/28,2165,2165,2108,2108,4300,2108,1
2015/04/30,2135,2135,2065,2065,7000,2065,1
2015/05/01,2051,2063,2050,2050,5200,2050,1
2015/05/07,2047,2049,2030,2035,2500,2035,1
2015/05/08,2065,2065,2037,2042,5000,2042,1
2015/05/11,2010,2034,2008,2010,8400,2010,1
2015/05/12,2005,2006,2002,2002,3800,2002,1
2015/05/13,2002,2004,2001,2001,2700,2001,1
2015/05/14,2003,2005,1997,1997,2800,1997,1
2015/05/15,1995,2010,1995,2009,5300,2009,1
2015/05/18,1900,1929,1875,1875,21500,1875,1
2015/05/19,1877,1878,1851,1865,7900,1865,1
2015/05/20,1865,1879,1850,1850,5800,1850,1
2015/05/21,1840,1843,1810,1810,8600,1810,1
2015/05/22,1808,1809,1793,1793,7100,1793,1
2015/05/25,1791,1835,1791,1835,8500,1835,1
2015/05/26,1841,1853,1839,1843,5000,1843,1
2015/05/27,1879,1931,1864,1900,11700,1900,1
2015/05/28,1912,2052,1912,1982,34000,1982,1
2015/05/29,2020,2110,2020,2053,28300,2053,1
2015/06/01,2100,2100,2048,2099,14600,2099,1
2015/06/02,2100,2100,1953,2071,13400,2071,1
2015/06/03,2021,2060,1992,2026,5700,2026,1
2015/06/04,1990,1990,1901,1901,9300,1901,1
2015/06/05,1901,1927,1901,1910,3600,1910,1
2015/06/08,1910,1920,1860,1860,6700,1860,1
2015/06/09,1879,1888,1871,1879,1600,1879,1
2015/06/10,1890,1935,1890,1926,1600,1926,1
2015/06/11,1926,1933,1916,1924,2200,1924,1
2015/06/12,1902,1902,1890,1895,2100,1895,1
2015/06/15,1800,1835,1790,1826,18600,1826,1
2015/06/16,1840,1840,1814,1824,2900,1824,1
2015/06/17,1824,1824,1809,1809,2600,1809,1
2015/06/18,1801,1809,1800,1801,15000,1801,1
2015/06/19,1795,1804,1794,1795,4300,1795,1
2015/06/22,1796,1810,1794,1794,4700,1794,1
2015/06/23,1794,1897,1794,1897,13000,1897,1
2015/06/24,1897,2056,1897,2008,27900,2008,1
2015/06/25,1985,2389,1981,2158,98200,2158,1
2015/06/26,2245,2470,2210,2298,125100,2298,1
2015/06/29,2348,2348,2160,2168,35600,2168,1
2015/06/30,2200,2305,2200,2280,10000,2280,1
2015/07/01,2318,2345,2237,2242,14400,2242,1
2015/07/02,2290,2290,2215,2225,15400,2225,1
2015/07/03,2211,2217,2068,2139,8400,2139,1
2015/07/06,2095,2133,2081,2133,7300,2133,1
2015/07/07,2133,2257,2101,2240,7900,2240,1
2015/07/08,2280,2280,2100,2101,10500,2101,1
2015/07/09,2000,2099,1890,2050,25400,2050,1
2015/07/10,2008,2199,2008,2110,16200,2110,1
2015/07/13,2110,2205,2101,2179,8100,2179,1
2015/07/14,2218,2265,2198,2258,5900,2258,1
2015/07/15,2260,2260,2170,2180,5500,2180,1
2015/07/16,2230,2233,2200,2233,2800,2233,1
2015/07/17,2260,2260,2236,2256,3400,2256,1
2015/07/21,2250,2360,2250,2350,9800,2350,1
2015/07/22,2350,2351,2255,2281,4500,2281,1
2015/07/23,2300,2300,2244,2300,5200,2300,1
2015/07/24,2300,2300,2246,2253,2300,2253,1
2015/07/27,2250,2250,2201,2217,2400,2217,1
2015/07/28,2167,2250,2167,2220,2400,2220,1
2015/07/29,2279,2279,2231,2267,2200,2267,1
2015/07/30,2280,2280,2263,2276,2400,2276,1
2015/07/31,2276,2280,2250,2255,1900,2255,1
2015/08/03,2255,2279,2100,2200,4300,2200,1
2015/08/04,2195,2240,2156,2199,2100,2199,1
2015/08/05,2200,2294,2200,2290,3900,2290,1
2015/08/06,2289,2289,2217,2284,1300,2284,1
2015/08/07,2221,2263,2216,2225,2200,2225,1
2015/08/10,2250,2250,2207,2209,1900,2209,1
2015/08/11,2241,2241,2212,2212,2100,2212,1
2015/08/12,2212,2225,2158,2167,2800,2167,1
2015/08/13,2167,2199,2167,2171,2100,2171,1
2015/08/14,2171,2171,2111,2118,4700,2118,1
2015/08/17,2017,2018,1935,1945,15900,1945,1
2015/08/18,1985,2009,1851,1912,12600,1912,1
2015/08/19,1913,1940,1890,1900,4500,1900,1
2015/08/20,1901,1913,1900,1900,9800,1900,1
2015/08/21,1888,1888,1800,1801,7300,1801,1
2015/08/24,1700,1719,1631,1631,17300,1631,1
2015/08/25,1550,1745,1440,1517,10600,1517,1
2015/08/26,1550,1650,1550,1620,10400,1620,1
2015/08/27,1625,1687,1625,1681,2900,1681,1
2015/08/28,1709,1709,1680,1699,2600,1699,1
2015/08/31,1779,1779,1706,1715,2000,1715,1
2015/09/01,1755,1755,1690,1690,1700,1690,1
2015/09/02,1601,1681,1600,1619,1900,1619,1
2015/09/03,1625,1640,1625,1625,1600,1625,1
2015/09/04,1624,1624,1517,1517,3600,1517,1
2015/09/07,1517,1580,1517,1540,1800,1540,1
2015/09/08,1551,1591,1550,1550,900,1550,1
2015/09/09,1571,1630,1550,1626,1700,1626,1
2015/09/10,1571,1580,1570,1580,600,1580,1
2015/09/11,1581,1609,1575,1591,1200,1591,1
2015/09/14,1627,1627,1581,1590,1400,1590,1
2015/09/15,1626,1626,1590,1593,400,1593,1
2015/09/16,1595,1595,1580,1588,1000,1588,1
2015/09/17,1587,1595,1587,1594,400,1594,1
2015/09/18,1590,1600,1590,1590,1200,1590,1
2015/09/24,1608,1608,1570,1589,1200,1589,1
2015/09/25,1600,1600,1582,1583,1200,1583,1
2015/09/28,1585,1586,1580,1580,1000,1580,1
2015/09/29,1580,1610,1580,1587,1900,1587,1
2015/09/30,1600,1608,1600,1601,300,1601,1
2015/10/01,1630,1630,1590,1590,200,1590,1
2015/10/02,1610,1610,1590,1600,400,1600,1
2015/10/05,1605,1605,1590,1600,600,1600,1
2015/10/06,1600,1600,1588,1588,600,1588,1
2015/10/07,1592,1600,1590,1595,600,1595,1
2015/10/08,1582,1605,1582,1591,800,1591,1
2015/10/09,1584,1595,1584,1589,1100,1589,1
2015/10/13,1629,1631,1610,1620,1000,1620,1
2015/10/14,1620,1620,1603,1603,900,1603,1
2015/10/15,1600,1600,1590,1590,500,1590,1
2015/10/16,1615,1615,1615,1615,200,1615,1
2015/10/19,1615,1628,1601,1628,500,1628,1
2015/10/20,1602,1613,1601,1601,900,1601,1
2015/10/22,1603,1610,1600,1610,1400,1610,1
2015/10/23,1610,1619,1599,1604,1000,1604,1
2015/10/26,1605,1622,1605,1618,700,1618,1
2015/10/27,1610,1615,1610,1615,800,1615,1
2015/10/28,1615,1619,1610,1619,1800,1619,1
2015/10/29,1619,1630,1619,1630,700,1630,1
2015/10/30,1612,1620,1612,1620,900,1620,1
2015/11/02,1629,1629,1605,1605,400,1605,1
2015/11/04,1612,1612,1611,1611,700,1611,1
2015/11/05,1612,1650,1612,1650,3500,1650,1
2015/11/06,1655,1721,1635,1721,5100,1721,1
2015/11/09,1700,1760,1700,1720,4000,1720,1
2015/11/10,1720,1720,1635,1646,3500,1646,1
2015/11/11,1647,1658,1615,1620,3200,1620,1
2015/11/12,1621,1648,1621,1630,700,1630,1
2015/11/13,1628,1629,1601,1612,2800,1612,1
2015/11/16,1400,1477,1381,1460,18700,1460,1
2015/11/17,1461,1470,1405,1465,6200,1465,1
2015/11/18,1464,1464,1421,1427,3800,1427,1
2015/11/19,1463,1470,1430,1431,3700,1431,1
2015/11/20,1431,1439,1423,1436,1300,1436,1
2015/11/24,1436,1437,1424,1434,1900,1434,1
2015/11/25,1435,1484,1435,1450,6600,1450,1
2015/11/26,1480,1481,1460,1481,4400,1481,1
2015/11/27,1481,1498,1481,1498,1900,1498,1
2015/11/30,1498,1498,1428,1440,4400,1440,1
2015/12/01,1450,1482,1450,1473,9300,1473,1
2015/12/02,1456,1462,1455,1455,5600,1455,1
2015/12/03,1451,1466,1451,1466,1200,1466,1
2015/12/04,1459,1467,1430,1430,4200,1430,1
2015/12/07,1430,1445,1430,1434,11800,1434,1
2015/12/08,1435,1435,1421,1421,2600,1421,1
2015/12/09,1416,1429,1405,1409,1900,1409,1
2015/12/10,1405,1420,1405,1419,1400,1419,1
2015/12/11,1400,1428,1396,1396,3900,1396,1
2015/12/14,1380,1396,1380,1396,6100,1396,1
2015/12/15,1371,1375,1367,1369,3400,1369,1
2015/12/16,1372,1380,1350,1350,7900,1350,1
2015/12/17,1346,1350,1330,1333,15800,1333,1
2015/12/18,1330,1330,1305,1310,3300,1310,1
2015/12/21,1300,1300,1270,1272,13100,1272,1
2015/12/22,1272,1273,1256,1256,4100,1256,1
2015/12/24,1237,1238,1201,1220,12700,1220,1
2015/12/25,1205,1205,1165,1166,10100,1166,1
2015/12/28,1150,1189,1150,1186,8900,1186,1
2015/12/29,1184,1217,1157,1186,8700,1186,1
2015/12/30,1186,1216,1178,1198,3200,1198,1
2016/01/04,1190,1190,1162,1165,7800,1165,1
2016/01/05,1163,1163,1156,1156,2100,1156,1
2016/01/06,1161,1186,1156,1162,3600,1162,1
2016/01/07,1169,1169,1134,1138,8300,1138,1
2016/01/08,1110,1135,1110,1130,3900,1130,1
2016/01/12,1118,1126,1117,1117,2700,1117,1
2016/01/13,1120,1200,1120,1150,600,1150,1
2016/01/14,1150,1150,1110,1128,2900,1128,1
2016/01/15,1135,1135,1111,1111,500,1111,1
2016/01/18,1081,1085,1070,1081,2200,1081,1
2016/01/19,1100,1100,1071,1071,700,1071,1
2016/01/20,1070,1070,1050,1050,1300,1050,1
2016/01/21,1050,1063,970,970,6300,970,1
2016/01/22,999,1044,977,988,4000,988,1
2016/01/25,1021,1021,1001,1005,1600,1005,1
2016/01/26,1010,1010,974,980,1600,980,1
2016/01/27,981,1018,981,1018,1100,1018,1
2016/01/28,991,1019,991,1018,2200,1018,1
2016/01/29,1018,1020,1000,1000,900,1000,1
2016/02/01,1046,1046,998,1004,5100,1004,1
2016/02/02,1005,1020,1000,1018,2900,1018,1
2016/02/03,1029,1029,982,988,2200,988,1
2016/02/04,994,995,982,982,700,982,1
2016/02/05,980,1027,980,991,1800,991,1
2016/02/09,990,1000,940,950,5500,950,1
2016/02/10,951,951,907,909,4800,909,1
2016/02/12,900,900,801,801,7000,801,1
2016/02/15,852,903,852,896,1500,896,1
2016/02/16,810,850,810,850,7600,850,1
2016/02/17,850,850,824,848,2300,848,1
2016/02/18,848,850,827,835,4800,835,1
2016/02/19,847,847,820,820,2400,820,1
2016/02/22,830,838,816,838,600,838,1
2016/02/23,837,844,829,844,1000,844,1
2016/02/24,833,833,817,817,900,817,1
2016/02/25,810,833,800,833,1600,833,1
2016/02/26,833,833,824,825,800,825,1
2016/02/29,850,860,844,844,600,844,1
2016/03/01,865,880,865,880,500,880,1
2016/03/02,900,1000,900,945,5800,945,1
2016/03/03,950,965,950,954,1500,954,1
2016/03/04,942,953,942,942,2000,942,1
2016/03/07,950,955,928,934,2900,934,1
2016/03/08,955,955,905,910,2900,910,1
2016/03/09,910,910,899,899,1300,899,1
2016/03/10,910,925,910,915,800,915,1
2016/03/11,915,922,900,922,1000,922,1
2016/03/14,930,950,930,950,1000,950,1
2016/03/15,952,977,915,919,4400,919,1
2016/03/16,922,926,912,919,1800,919,1
2016/03/17,918,921,918,918,1900,918,1
2016/03/18,930,930,912,912,1400,912,1
2016/03/22,934,936,928,936,500,936,1
2016/03/23,966,966,935,950,1400,950,1
2016/03/24,931,976,931,976,2500,976,1
2016/03/25,974,976,965,974,1000,974,1
2016/03/28,995,995,967,967,1600,967,1
2016/03/29,920,935,920,935,500,935,1
2016/03/30,931,936,931,931,1100,931,1
2016/03/31,961,961,960,960,600,960,1
2016/04/01,960,960,873,925,3100,925,1
2016/04/04,924,924,909,909,400,909,1
2016/04/05,890,890,855,855,1300,855,1
2016/04/06,852,855,845,855,1100,855,1
2016/04/07,849,849,848,848,300,848,1
2016/04/08,835,835,832,835,300,835,1
2016/04/11,838,838,838,838,300,838,1
2016/04/12,848,853,848,853,600,853,1
2016/04/13,870,870,856,857,700,857,1
2016/04/14,860,910,858,910,2800,910,1
2016/04/15,920,920,910,920,700,920,1
2016/04/18,910,910,900,900,3200,900,1
2016/04/19,902,902,901,901,400,901,1
2016/04/20,930,930,901,902,2000,902,1
2016/04/21,904,910,904,906,700,906,1
2016/04/22,906,933,906,927,3000,927,1
2016/04/25,942,950,930,950,1400,950,1
2016/04/26,955,1100,955,1100,55500,1100,1
2016/04/27,1310,1388,1155,1239,96000,1239,1
2016/04/28,1149,1210,1100,1210,31100,1210,1
2016/05/02,1120,1170,1065,1090,8900,1090,1
2016/05/06,1080,1080,1041,1044,3300,1044,1
2016/05/09,1014,1040,1001,1024,5900,1024,1
2016/05/10,1024,1048,1020,1048,2000,1048,1
2016/05/11,1040,1061,1031,1060,6600,1060,1
2016/05/12,1088,1088,1016,1050,2500,1050,1
2016/05/13,1020,1049,1010,1029,2000,1029,1
2016/05/16,1000,1005,952,952,4600,952,1
2016/05/17,952,968,948,948,3000,948,1
2016/05/18,948,954,941,948,3000,948,1
2016/05/19,933,943,930,930,1900,930,1
2016/05/20,923,937,920,920,2700,920,1
2016/05/23,913,920,900,919,2000,919,1
2016/05/24,910,910,905,905,4000,905,1
2016/05/25,905,906,905,906,700,906,1
2016/05/26,905,911,902,911,300,911,1
2016/05/27,938,938,931,935,6900,935,1
2016/05/30,930,930,913,919,2900,919,1
2016/05/31,919,938,919,925,1000,925,1
2016/06/01,930,930,930,930,1900,930,1
2016/06/02,916,929,916,929,1100,929,1
2016/06/03,929,931,916,916,8700,916,1
2016/06/06,935,935,920,921,5700,921,1
2016/06/07,921,950,920,948,3900,948,1
2016/06/08,950,956,945,954,2300,954,1
2016/06/09,960,999,960,999,2500,999,1
2016/06/10,1000,1033,994,1031,3300,1031,1
2016/06/13,1025,1025,990,995,4500,995,1
2016/06/14,965,966,905,905,5300,905,1
2016/06/15,908,922,908,922,4300,922,1
2016/06/16,930,930,895,909,7900,909,1
2016/06/17,909,912,909,912,2300,912,1
2016/06/20,910,910,910,910,200,910,1
2016/06/21,930,950,915,915,1400,915,1
2016/06/22,916,918,916,918,1600,918,1
2016/06/23,1068,1068,1068,1068,3200,1068,1
2016/06/24,1158,1215,821,870,215800,870,1
2016/06/27,861,867,834,841,74200,841,1
2016/06/28,830,839,784,822,29100,822,1
2016/06/29,826,846,820,826,10900,826,1
2016/06/30,826,826,800,800,13100,800,1
2016/07/01,802,825,802,812,5800,812,1
2016/07/04,809,829,803,815,7800,815,1
2016/07/05,825,849,824,838,12200,838,1
2016/07/06,849,849,821,836,8500,836,1
2016/07/07,836,844,823,844,2700,844,1
2016/07/08,829,845,829,840,7800,840,1
2016/07/11,841,841,826,841,3700,841,1
2016/07/12,839,848,824,842,12000,842,1
2016/07/13,844,847,823,826,8400,826,1
2016/07/14,841,841,827,837,2400,837,1
2016/07/15,843,843,814,828,4100,828,1
2016/07/19,815,820,805,805,6500,805,1
2016/07/20,807,807,778,806,7500,806,1
2016/07/21,808,811,783,795,7300,795,1
2016/07/22,795,795,784,789,3400,789,1
2016/07/25,790,801,790,792,6700,792,1
2016/07/26,788,799,781,782,3500,782,1
2016/07/27,793,793,773,785,5700,785,1
2016/07/28,784,784,778,784,1000,784,1
2016/07/29,771,771,740,754,6100,754,1
2016/08/01,743,755,739,740,3000,740,1
2016/08/02,721,749,721,739,6100,739,1
2016/08/03,754,765,733,738,1700,738,1
2016/08/04,735,735,733,733,300,733,1
2016/08/05,750,750,750,750,200,750,1
2016/08/08,735,825,722,722,16800,722,1
2016/08/09,725,741,725,740,600,740,1
2016/08/10,750,765,750,763,600,763,1
2016/08/12,737,742,734,739,1500,739,1
2016/08/15,750,768,750,750,3300,750,1
2016/08/16,758,761,755,761,1500,761,1
2016/08/17,761,765,752,754,1600,754,1
2016/08/18,755,755,740,740,4100,740,1
2016/08/19,740,741,740,741,200,741,1
2016/08/22,745,746,742,743,800,743,1
2016/08/23,741,742,741,742,600,742,1
2016/08/24,750,758,742,742,1500,742,1
2016/08/25,753,756,746,746,600,746,1
2016/08/26,758,758,739,739,2700,739,1
2016/08/29,745,754,744,748,1300,748,1
2016/08/30,754,754,738,738,2000,738,1
2016/08/31,740,741,738,740,2600,740,1
2016/09/01,765,765,747,758,2600,758,1
2016/09/02,755,756,752,755,2200,755,1
2016/09/05,755,755,750,754,2100,754,1
2016/09/06,756,761,753,761,2700,761,1
2016/09/07,764,767,759,765,1100,765,1
2016/09/08,763,765,755,755,7300,755,1
2016/09/09,758,758,731,739,9600,739,1
2016/09/12,739,739,723,725,6000,725,1
2016/09/13,727,735,727,729,4100,729,1
2016/09/14,732,739,721,739,8000,739,1
2016/09/15,738,738,717,718,6700,718,1
2016/09/16,721,723,717,718,2700,718,1
2016/09/20,716,718,684,700,10900,700,1
2016/09/21,705,714,701,707,3500,707,1
2016/09/23,706,716,706,715,7100,715,1
2016/09/26,717,729,717,728,4500,728,1
2016/09/27,741,745,733,745,13400,745,1
2016/09/28,675,696,675,688,23600,688,1
2016/09/29,688,696,683,684,6300,684,1
2016/09/30,682,682,678,682,2600,682,1
2016/10/03,677,686,677,680,1800,680,1
2016/10/04,690,690,681,681,1100,681,1
2016/10/05,688,689,679,680,2000,680,1
2016/10/06,680,689,677,677,1400,677,1
2016/10/07,676,682,674,675,2400,675,1
2016/10/11,675,680,674,674,2000,674,1
2016/10/12,675,699,675,689,4100,689,1
2016/10/13,678,689,678,689,1300,689,1
2016/10/14,676,685,676,685,1600,685,1
2016/10/17,683,683,673,676,2000,676,1
2016/10/18,676,681,672,678,6200,678,1
2016/10/19,677,686,676,684,3200,684,1
2016/10/20,686,705,686,689,6000,689,1
2016/10/21,690,695,687,691,1900,691,1
2016/10/24,691,699,691,692,1200,692,1
2016/10/25,692,695,688,688,2000,688,1
2016/10/26,685,697,684,697,2500,697,1
2016/10/27,687,690,687,690,700,690,1
2016/10/28,687,692,685,688,2700,688,1
2016/10/31,687,688,676,681,5300,681,1
2016/11/01,680,680,671,671,4500,671,1
2016/11/02,664,679,662,662,4500,662,1
2016/11/04,663,665,656,656,2700,656,1
2016/11/07,656,670,656,661,700,661,1
2016/11/08,670,670,665,670,3600,670,1
2016/11/09,670,680,657,658,5400,658,1
2016/11/10,661,668,661,668,1000,668,1
2016/11/11,668,674,668,672,4400,672,1
2016/11/14,663,689,663,685,2400,685,1
2016/11/15,680,684,664,684,5600,684,1
2016/11/16,683,683,667,681,13800,681,1
2016/11/17,676,694,667,694,7900,694,1
2016/11/18,695,696,694,694,6400,694,1
2016/11/21,695,705,685,691,14500,691,1
2016/11/22,699,699,680,680,5700,680,1
2016/11/24,694,694,682,682,7900,682,1
2016/11/25,680,689,677,677,2800,677,1
2016/11/28,678,688,677,682,1200,682,1
2016/11/29,685,692,684,692,2100,692,1
2016/11/30,693,693,656,660,18000,660,1
2016/12/01,680,680,650,658,13600,658,1
2016/12/02,660,676,660,670,5700,670,1
2016/12/05,670,671,669,670,2600,670,1
2016/12/06,670,680,670,670,2100,670,1
2016/12/07,666,672,666,670,4800,670,1
2016/12/08,670,770,670,709,199500,709,1
2016/12/09,691,705,670,680,34500,680,1
2016/12/12,676,719,675,709,17500,709,1
2016/12/13,700,817,699,806,98500,806,1
2016/12/14,820,835,764,783,50300,783,1
2016/12/15,784,800,738,750,36500,750,1
2016/12/16,741,742,715,723,21000,723,1
2016/12/19,730,731,711,725,9300,725,1
2016/12/20,728,728,718,718,6100,718,1
2016/12/21,717,717,684,684,22200,684,1
2016/12/22,684,689,670,682,18200,682,1
2016/12/26,681,689,678,686,8500,686,1
2016/12/27,695,704,687,687,17100,687,1
2016/12/28,703,703,688,695,6800,695,1
2016/12/29,698,760,698,718,37100,718,1
2016/12/30,720,723,705,708,10500,708,1
2017/01/04,710,720,708,710,5300,710,1
2017/01/05,711,740,711,720,5200,720,1
2017/01/06,720,724,715,720,3500,720,1
2017/01/10,730,731,721,722,3800,722,1
2017/01/11,724,735,724,731,3400,731,1
2017/01/12,732,747,732,735,8000,735,1
2017/01/13,736,749,731,731,5200,731,1
2017/01/16,746,747,735,737,4400,737,1
2017/01/17,742,745,740,742,2100,742,1
2017/01/18,740,741,721,721,7100,721,1
2017/01/19,723,723,700,722,9800,722,1
2017/01/20,720,720,701,708,3200,708,1
2017/01/23,710,710,693,699,4100,699,1
2017/01/24,700,714,700,706,900,706,1
2017/01/25,708,710,706,706,600,706,1
2017/01/26,706,710,706,710,1600,710,1
2017/01/27,707,715,707,715,600,715,1
2017/01/30,718,718,705,705,4400,705,1
2017/01/31,710,719,710,712,3000,712,1
2017/02/01,707,717,707,711,1600,711,1
2017/02/02,718,718,705,705,2200,705,1
2017/02/03,716,716,708,714,1000,714,1
2017/02/06,710,734,710,729,4100,729,1
2017/02/07,728,735,725,730,2300,730,1
2017/02/08,737,738,731,732,4200,732,1
2017/02/09,741,741,720,721,3300,721,1
2017/02/10,721,732,721,732,900,732,1
2017/02/13,736,736,722,732,1300,732,1
2017/02/14,710,722,710,722,4000,722,1
2017/02/15,737,737,724,732,3300,732,1
2017/02/16,725,726,720,720,4500,720,1
2017/02/17,720,726,720,720,800,720,1
2017/02/20,727,727,719,726,600,726,1
2017/02/21,721,739,720,739,2400,739,1
2017/02/22,726,736,722,731,2900,731,1
2017/02/23,733,738,721,721,6900,721,1
2017/02/24,721,734,721,733,2100,733,1
2017/02/27,732,732,726,731,1100,731,1
2017/02/28,731,731,726,729,800,729,1
2017/03/01,731,731,728,728,1400,728,1
2017/03/02,728,728,726,727,2100,727,1
2017/03/03,734,734,727,727,1500,727,1
2017/03/06,734,735,729,730,4900,730,1
2017/03/07,731,734,726,734,2800,734,1
2017/03/08,735,739,727,735,8200,735,1
2017/03/09,735,735,733,733,1200,733,1
2017/03/10,739,739,731,731,3400,731,1
2017/03/13,739,847,738,771,80900,771,1
2017/03/14,775,791,746,755,17200,755,1
2017/03/15,760,760,740,747,7100,747,1
2017/03/16,759,759,748,750,1600,750,1
2017/03/17,759,759,739,747,8700,747,1
2017/03/21,747,754,741,742,6500,742,1
2017/03/22,742,748,740,747,6000,747,1
2017/03/23,747,747,741,741,3500,741,1
2017/03/24,740,864,740,785,131900,785,1
2017/03/27,800,800,761,770,17700,770,1
2017/03/28,771,787,771,784,5100,784,1
2017/03/29,769,774,757,760,5300,760,1
2017/03/30,761,761,745,746,5500,746,1
2017/03/31,759,763,747,750,1500,750,1
2017/04/03,748,750,743,745,2100,745,1
2017/04/04,745,745,700,708,14400,708,1
2017/04/05,703,712,703,711,9200,711,1
2017/04/06,711,711,703,708,4900,708,1
2017/04/07,706,712,695,711,5100,711,1
2017/04/10,700,772,700,726,6000,726,1
2017/04/11,711,711,703,704,1700,704,1
2017/04/12,701,705,700,701,1800,701,1
2017/04/13,700,720,696,705,2000,705,1
2017/04/14,700,702,699,700,5600,700,1
2017/04/17,700,700,698,700,600,700,1
2017/04/18,713,713,701,708,600,708,1
2017/04/19,711,711,705,705,600,705,1
2017/04/20,705,710,701,710,400,710,1
2017/04/21,712,713,705,707,700,707,1
2017/04/24,707,711,706,706,700,706,1
2017/04/25,705,705,701,701,1100,701,1
2017/04/26,707,720,707,708,1600,708,1
2017/04/27,705,705,704,704,300,704,1
2017/04/28,706,713,706,713,400,713,1
2017/05/01,707,707,707,707,100,707,1
2017/05/02,708,716,708,716,5900,716,1
2017/05/08,720,730,719,720,3200,720,1
2017/05/09,720,720,712,717,2200,717,1
2017/05/10,718,723,684,721,7100,721,1
2017/05/11,701,710,701,706,3400,706,1
2017/05/12,706,709,700,706,2900,706,1
2017/05/15,707,707,699,699,1400,699,1
2017/05/16,698,702,690,690,5700,690,1
2017/05/17,709,709,691,691,8100,691,1
2017/05/18,691,691,685,687,10200,687,1
2017/05/19,688,697,688,696,500,696,1
2017/05/22,699,699,660,682,16200,682,1
2017/05/23,683,691,683,685,1600,685,1
2017/05/24,785,785,785,785,10400,785,1
2017/05/25,875,875,789,805,249800,805,1
2017/05/26,790,790,748,761,50600,761,1
2017/05/29,783,783,736,774,37900,774,1
2017/05/30,778,780,754,760,19100,760,1
2017/05/31,765,778,759,778,10500,778,1
2017/06/01,783,806,783,787,29800,787,1
2017/06/02,787,791,751,763,13000,763,1
2017/06/05,760,762,755,762,4100,762,1
2017/06/06,764,766,743,746,5900,746,1
2017/06/07,738,740,730,734,4400,734,1
2017/06/08,731,745,730,733,2200,733,1
2017/06/09,730,730,722,724,4700,724,1
2017/06/12,711,720,711,714,5300,714,1
2017/06/13,710,741,710,713,4100,713,1
2017/06/14,713,715,709,715,1800,715,1
2017/06/15,709,729,708,724,8100,724,1
2017/06/16,720,728,708,708,3300,708,1
2017/06/19,711,717,706,715,2500,715,1
2017/06/20,715,724,712,712,5400,712,1
2017/06/21,712,721,707,717,3300,717,1
2017/06/22,711,720,711,711,2300,711,1
2017/06/23,708,712,707,709,2600,709,1
2017/06/26,705,708,705,706,4200,706,1
2017/06/27,706,718,705,708,4400,708,1
2017/06/28,711,722,708,708,1700,708,1
2017/06/29,713,720,712,719,1200,719,1
2017/06/30,719,719,712,714,900,714,1
2017/07/03,720,725,709,713,4800,713,1
2017/07/04,722,722,708,709,9300,709,1
2017/07/05,709,716,705,713,5000,713,1
2017/07/06,715,715,709,713,2900,713,1
2017/07/07,712,712,707,707,3000,707,1
2017/07/10,711,718,707,711,4100,711,1
2017/07/11,708,716,708,715,1700,715,1
2017/07/12,716,716,713,713,300,713,1
2017/07/13,713,716,711,715,2500,715,1
2017/07/14,719,719,715,716,1700,716,1
2017/07/18,718,719,716,716,1100,716,1
2017/07/19,866,866,865,866,85100,866,1
2017/07/20,806,828,796,801,161100,801,1
2017/07/21,800,818,767,790,35300,790,1
2017/07/24,790,790,770,772,9900,772,1
2017/07/25,773,783,773,773,9400,773,1
2017/07/26,778,778,773,773,3700,773,1
2017/07/27,785,785,771,773,4200,773,1
2017/07/28,774,800,774,778,9800,778,1
2017/07/31,779,818,778,814,20000,814,1
2017/08/01,816,830,801,810,27800,810,1
2017/08/02,795,813,795,805,3200,805,1
2017/08/03,809,817,803,803,5600,803,1
2017/08/04,802,804,785,795,9200,795,1
2017/08/07,855,866,840,859,84400,859,1
2017/08/08,859,859,848,856,26000,856,1
2017/08/09,859,860,850,860,10300,860,1
2017/08/10,860,860,850,852,10400,852,1
2017/08/14,850,851,802,819,27900,819,1
2017/08/15,806,816,806,808,10900,808,1
2017/08/16,821,821,811,813,3700,813,1
2017/08/17,828,828,819,820,4200,820,1
2017/08/18,824,824,814,817,3700,817,1
2017/08/21,829,830,823,829,4600,829,1
2017/08/22,830,833,829,833,3400,833,1
2017/08/23,835,848,832,847,5000,847,1
2017/08/24,849,862,848,858,7200,858,1
2017/08/25,903,923,819,819,296200,819,1
2017/08/28,832,836,824,830,12600,830,1
2017/08/29,828,852,827,851,22800,851,1
2017/08/30,852,855,843,854,11600,854,1
2017/08/31,855,860,850,854,8300,854,1
2017/09/01,860,860,854,854,8400,854,1
2017/09/04,855,855,850,853,9000,853,1
2017/09/05,851,855,833,833,14500,833,1
2017/09/06,832,833,816,827,10500,827,1
2017/09/07,837,839,830,833,3900,833,1
2017/09/08,834,839,834,837,1900,837,1
2017/09/11,840,853,840,846,7500,846,1
2017/09/12,855,856,848,856,5300,856,1
2017/09/13,860,863,856,860,5000,860,1
2017/09/14,864,864,857,858,3500,858,1
2017/09/15,856,861,853,859,8900,859,1
2017/09/19,862,864,856,857,11900,857,1
2017/09/20,862,862,853,855,7400,855,1
2017/09/21,853,859,851,854,7200,854,1
2017/09/22,859,860,856,860,5200,860,1
2017/09/25,863,863,850,858,32900,858,1
2017/09/26,859,859,848,850,42800,850,1
2017/09/27,775,788,775,780,53600,780,1
2017/09/28,780,782,776,778,13600,778,1
2017/09/29,778,778,760,766,16900,766,1
2017/10/02,766,768,756,760,9200,760,1
2017/10/03,758,758,749,752,8200,752,1
2017/10/04,751,763,750,758,7900,758,1
2017/10/05,761,763,758,761,4400,761,1
2017/10/06,751,755,743,754,17600,754,1
2017/10/10,750,755,750,752,5200,752,1
2017/10/11,749,751,748,749,4500,749,1
2017/10/12,749,751,749,749,5700,749,1
2017/10/13,750,751,747,747,9600,747,1
2017/10/16,747,749,742,742,4300,742,1
2017/10/17,746,746,741,743,6700,743,1
2017/10/18,741,745,741,742,3500,742,1
2017/10/19,741,745,741,743,2700,743,1
2017/10/20,746,748,740,740,5900,740,1
2017/10/23,740,743,734,735,3600,735,1
2017/10/24,731,735,731,735,4600,735,1
2017/10/25,735,739,735,736,1200,736,1
2017/10/26,736,736,732,732,2000,732,1
2017/10/27,733,736,732,732,2500,732,1
2017/10/30,735,738,734,734,4000,734,1
2017/10/31,732,734,731,734,5000,734,1
2017/11/01,734,737,730,737,4700,737,1
2017/11/02,737,737,735,736,3400,736,1
2017/11/06,734,737,731,732,3700,732,1
2017/11/07,731,733,730,730,3700,730,1
2017/11/08,730,730,727,727,6200,727,1
2017/11/09,727,735,727,728,5400,728,1
2017/11/10,728,734,726,730,3200,730,1
2017/11/13,734,734,731,734,2900,734,1
2017/11/14,764,765,690,695,109000,695,1
2017/11/15,692,700,668,669,21100,669,1
2017/11/16,670,680,669,671,10100,671,1
2017/11/17,679,683,674,680,10200,680,1
2017/11/20,680,681,670,676,12100,676,1
2017/11/21,676,677,670,671,11800,671,1
2017/11/22,672,673,667,671,18100,671,1
2017/11/24,670,678,670,674,8600,674,1
2017/11/27,676,676,670,674,8600,674,1
2017/11/28,675,675,667,668,13100,668,1
2017/11/29,669,672,669,671,6500,671,1
2017/11/30,673,673,668,670,6700,670,1
2017/12/01,668,673,668,670,5800,670,1
2017/12/04,670,673,666,667,10200,667,1
2017/12/05,666,669,664,668,11500,668,1
2017/12/06,669,670,666,666,3800,666,1
2017/12/07,666,671,664,669,15600,669,1
2017/12/08,670,670,667,668,17400,668,1
2017/12/11,667,667,661,663,16100,663,1
2017/12/12,665,666,664,665,4400,665,1
2017/12/13,663,664,650,656,36700,656,1
2017/12/14,660,662,658,658,9600,658,1
2017/12/15,658,660,655,660,16000,660,1
2017/12/18,659,660,655,660,7500,660,1
2017/12/19,656,660,654,655,7700,655,1
2017/12/20,653,655,650,651,13900,651,1
2017/12/21,651,651,646,647,19300,647,1
2017/12/22,647,649,644,648,16400,648,1
2017/12/25,647,648,645,646,9800,646,1
2017/12/26,646,657,642,657,39400,657,1
2017/12/27,648,664,648,664,13700,664,1
2017/12/28,664,665,656,665,5000,665,1
2017/12/29,665,666,655,664,9600,664,1
2018/01/04,669,669,656,665,10500,665,1
2018/01/05,660,665,659,660,5300,660,1
2018/01/09,661,665,658,658,8100,658,1
2018/01/10,665,665,660,660,6300,660,1
2018/01/11,665,665,657,657,5400,657,1
2018/01/12,660,662,657,659,2500,659,1
2018/01/15,662,663,658,662,6900,662,1
2018/01/16,663,664,658,663,8800,663,1
2018/01/17,662,662,658,662,5800,662,1
2018/01/18,662,662,657,659,3400,659,1
2018/01/19,657,662,657,661,2900,661,1
2018/01/22,657,663,657,662,4800,662,1
2018/01/23,661,663,660,660,2200,660,1
2018/01/24,660,665,659,665,13800,665,1
2018/01/25,666,666,660,663,4500,663,1
2018/01/26,661,665,660,664,7400,664,1
2018/01/29,666,666,661,665,4200,665,1
2018/01/30,666,666,660,660,5800,660,1
2018/01/31,661,666,659,664,5200,664,1
2018/02/01,662,664,660,663,3200,663,1
2018/02/02,666,666,660,661,5300,661,1
2018/02/05,658,660,652,658,9200,658,1
2018/02/06,650,650,606,630,24800,630,1
2018/02/07,635,645,630,630,5000,630,1
2018/02/08,650,650,639,647,3900,647,1
2018/02/09,624,645,617,645,6200,645,1
2018/02/13,645,645,626,629,2300,629,1
2018/02/14,619,619,605,609,7400,609,1
2018/02/15,616,625,610,620,1400,620,1
2018/02/16,615,628,615,625,1700,625,1
2018/02/19,627,642,627,639,2700,639,1
2018/02/20,639,639,631,636,2000,636,1
2018/02/21,636,638,625,628,2200,628,1
2018/02/22,629,636,629,636,1400,636,1
2018/02/23,636,636,633,636,900,636,1
2018/02/26,636,647,636,645,6700,645,1
2018/02/27,645,649,640,640,5800,640,1
2018/02/28,643,649,643,648,1000,648,1
2018/03/01,640,651,638,648,1500,648,1
2018/03/02,641,647,640,640,2200,640,1
2018/03/05,640,646,635,635,2700,635,1
2018/03/06,641,651,641,651,1900,651,1
2018/03/07,652,656,651,655,4000,655,1
2018/03/08,655,655,651,654,1700,654,1
2018/03/09,660,664,650,652,3700,652,1
2018/03/12,660,660,653,659,1100,659,1
2018/03/13,661,661,655,655,1100,655,1
2018/03/14,655,660,655,660,600,660,1
2018/03/15,660,664,659,664,1100,664,1
2018/03/16,664,665,662,665,1500,665,1
2018/03/19,667,668,642,650,8500,650,1
2018/03/20,650,661,650,651,1700,651,1
2018/03/22,651,665,651,665,2900,665,1
2018/03/23,655,660,650,656,5000,656,1
2018/03/26,655,655,638,641,7400,641,1
2018/03/27,652,655,645,655,11000,655,1
2018/03/28,625,630,625,630,5400,630,1
2018/03/29,636,637,634,637,1200,637,1
2018/03/30,633,640,632,640,1700,640,1
2018/04/02,639,639,626,629,10100,629,1
2018/04/03,633,639,629,629,2000,629,1
2018/04/04,630,632,630,631,1000,631,1
2018/04/05,631,631,629,629,1300,629,1
2018/04/06,630,630,627,629,800,629,1
2018/04/09,625,644,625,640,2200,640,1
2018/04/10,632,642,632,642,500,642,1
2018/04/11,642,642,633,635,3700,635,1
2018/04/12,640,640,640,640,500,640,1
2018/04/13,640,640,636,636,300,636,1
2018/04/16,631,631,629,629,700,629,1
2018/04/17,637,637,628,629,700,629,1
2018/04/18,629,629,629,629,400,629,1
2018/04/19,630,645,626,645,11600,645,1
2018/04/20,634,640,626,636,1800,636,1
2018/04/23,631,649,630,649,2800,649,1
2018/04/24,649,649,649,649,300,649,1
2018/04/25,630,637,629,637,2900,637,1
2018/04/26,638,640,638,639,400,639,1
2018/04/27,635,636,634,636,900,636,1
2018/05/01,636,637,632,637,1400,637,1
2018/05/02,634,654,633,654,4600,654,1
2018/05/07,650,656,641,650,2200,650,1
2018/05/08,651,657,645,657,4000,657,1
2018/05/09,655,661,643,655,5900,655,1
2018/05/10,659,659,650,650,1500,650,1
2018/05/11,651,651,645,647,1500,647,1
2018/05/14,657,657,647,648,3200,648,1
2018/05/15,648,655,647,655,1700,655,1
2018/05/16,650,650,620,641,11700,641,1
2018/05/17,641,641,630,631,2000,631,1
2018/05/18,630,638,630,631,1500,631,1
2018/05/21,631,637,630,630,2400,630,1
2018/05/22,630,634,628,629,5100,629,1
2018/05/23,634,634,629,632,6000,632,1
2018/05/24,635,643,627,629,6300,629,1
2018/05/25,628,630,625,625,2800,625,1
2018/05/28,625,630,619,619,3300,619,1
2018/05/29,619,625,619,624,900,624,1
2018/05/30,624,628,615,623,2000,623,1
2018/05/31,619,627,619,627,1700,627,1
2018/06/01,627,635,625,625,7500,625,1
2018/06/04,624,629,624,629,1000,629,1
2018/06/05,632,635,621,621,1500,621,1
2018/06/06,621,629,621,629,1000,629,1
2018/06/07,625,630,621,621,1100,621,1
2018/06/08,628,628,622,627,6700,627,1
2018/06/11,630,634,629,629,1900,629,1
2018/06/12,632,632,625,626,1600,626,1
2018/06/13,632,635,630,635,1800,635,1
2018/06/14,635,635,631,631,700,631,1
2018/06/15,631,643,631,636,1100,636,1
2018/06/18,636,636,627,628,4200,628,1
2018/06/19,620,631,620,624,2000,624,1
2018/06/20,616,624,615,624,3700,624,1
2018/06/21,620,628,613,613,2100,613,1
2018/06/22,613,613,608,609,2900,609,1
2018/06/25,609,618,609,613,1900,613,1
2018/06/26,619,624,610,624,4500,624,1
2018/06/27,613,630,612,619,3800,619,1
2018/06/28,612,627,612,620,4000,620,1
2018/06/29,619,627,619,620,2100,620,1
2018/07/02,620,623,617,619,6000,619,1
2018/07/03,619,624,618,618,4000,618,1
2018/07/04,608,620,606,617,6300,617,1
2018/07/05,617,623,600,602,12800,602,1
2018/07/06,602,614,602,606,5000,606,1
2018/07/09,602,610,602,605,2600,605,1
2018/07/10,650,705,617,621,348100,621,1
2018/07/11,615,630,605,623,59400,623,1
2018/07/12,611,642,611,635,11900,635,1
2018/07/13,626,630,616,623,5300,623,1
2018/07/17,633,634,623,632,6000,632,1
2018/07/18,632,643,628,632,8500,632,1
2018/07/19,646,647,623,631,12800,631,1
2018/07/20,637,637,604,608,13600,608,1
2018/07/23,616,616,604,608,11100,608,1
2018/07/24,609,617,609,612,4500,612,1
2018/07/25,612,614,608,609,3200,609,1
2018/07/26,611,611,606,609,6000,609,1
2018/07/27,609,614,606,614,4800,614,1
2018/07/30,612,612,608,609,1700,609,1
2018/07/31,608,612,608,610,2400,610,1
2018/08/01,610,612,608,608,1500,608,1
2018/08/02,607,608,607,608,1100,608,1
2018/08/03,607,607,606,606,700,606,1
2018/08/06,611,611,605,605,3600,605,1
2018/08/07,606,609,606,607,3400,607,1
2018/08/08,606,609,606,608,4800,608,1
2018/08/09,608,613,608,609,2200,609,1
2018/08/10,609,614,608,608,3100,608,1
2018/08/13,608,613,604,604,6300,604,1
2018/08/14,614,614,585,593,16600,593,1
