2007/01/11,255.0,255.0,251.5,251.5,4000,251.5,2.0
2007/01/15,250.0,250.0,250.0,250.0,1000,250,2.0
2007/01/16,247.5,247.5,247.5,247.5,1000,247.5,2.0
2007/01/17,260.0,260.0,260.0,260.0,1000,260,2.0
2007/01/19,260.0,260.0,259.0,259.0,3000,259,2.0
2007/01/22,258.5,258.5,255.0,255.0,7000,255,2.0
2007/01/24,250.0,250.0,250.0,250.0,5000,250,2.0
2007/01/25,259.5,259.5,259.5,259.5,1000,259.5,2.0
2007/01/30,260.0,260.0,260.0,260.0,1000,260,2.0
2007/01/31,265.0,265.0,265.0,265.0,1000,265,2.0
2007/02/01,265.0,265.0,265.0,265.0,1000,265,2.0
2007/02/02,255.0,255.0,255.0,255.0,1000,255,2.0
2007/02/05,255.5,255.5,255.5,255.5,1000,255.5,2.0
2007/02/08,260.0,260.0,260.0,260.0,1000,260,2.0
2007/02/09,260.0,260.0,260.0,260.0,2000,260,2.0
2007/02/13,255.0,255.0,255.0,255.0,1000,255,2.0
2007/02/16,255.5,260.0,255.5,260.0,2000,260,2.0
2007/02/19,260.0,264.5,260.0,264.5,2000,264.5,2.0
2007/02/20,264.5,269.0,264.5,269.0,5000,269,2.0
2007/02/23,267.5,267.5,262.5,262.5,2000,262.5,2.0
2007/02/26,257.5,257.5,257.5,257.5,1000,257.5,2.0
2007/02/27,256.0,257.5,256.0,257.5,3000,257.5,2.0
2007/02/28,262.0,265.0,253.0,262.5,8000,262.5,2.0
2007/03/01,262.5,262.5,262.5,262.5,3000,262.5,2.0
2007/03/05,267.5,267.5,255.0,255.0,2000,255,2.0
2007/03/07,255.0,260.0,255.0,260.0,4000,260,2.0
2007/03/08,264.0,264.5,254.5,259.5,4000,259.5,2.0
2007/03/09,264.5,264.5,264.5,264.5,1000,264.5,2.0
2007/03/12,264.5,265.0,260.0,260.0,3000,260,2.0
2007/03/15,255.5,255.5,255.5,255.5,1000,255.5,2.0
2007/03/16,257.5,257.5,257.5,257.5,1000,257.5,2.0
2007/03/19,259.5,259.5,259.5,259.5,1000,259.5,2.0
2007/03/20,263.5,264.0,263.5,264.0,5000,264,2.0
2007/03/22,252.5,253.0,252.5,253.0,2000,253,2.0
2007/03/23,253.0,253.0,253.0,253.0,1000,253,2.0
2007/03/30,256.0,257.0,256.0,257.0,3000,257,2.0
2007/04/03,267.5,267.5,267.5,267.5,2000,267.5,2.0
2007/04/05,265.0,267.0,265.0,267.0,2000,267,2.0
2007/04/06,267.0,267.0,267.0,267.0,1000,267,2.0
2007/04/10,266.0,267.5,266.0,267.5,2000,267.5,2.0
2007/04/12,268.5,268.5,268.5,268.5,1000,268.5,2.0
2007/04/19,263.5,263.5,261.0,261.0,3000,261,2.0
2007/04/20,268.0,268.5,268.0,268.5,5000,268.5,2.0
2007/04/27,270.0,270.0,270.0,270.0,1000,270,2.0
2007/05/02,270.0,270.0,270.0,270.0,2000,270,2.0
2007/05/10,272.5,273.5,272.5,273.5,2000,273.5,2.0
2007/05/11,265.0,265.0,265.0,265.0,1000,265,2.0
2007/05/18,265.5,265.5,265.5,265.5,1000,265.5,2.0
2007/05/21,274.0,274.5,274.0,274.5,5000,274.5,2.0
2007/05/22,260.5,260.5,260.5,260.5,1000,260.5,2.0
2007/05/23,262.0,262.0,262.0,262.0,2000,262,2.0
2007/05/24,262.5,262.5,262.5,262.5,1000,262.5,2.0
2007/05/29,267.0,267.0,267.0,267.0,1000,267,2.0
2007/05/30,275.0,275.0,275.0,275.0,1000,275,2.0
2007/05/31,263.0,268.0,263.0,268.0,2000,268,2.0
2007/06/07,265.0,265.0,265.0,265.0,1000,265,2.0
2007/06/11,266.0,266.0,265.0,265.0,3000,265,2.0
2007/06/14,265.0,274.0,257.5,257.5,13000,257.5,2.0
2007/06/18,265.0,265.0,260.5,260.5,4000,260.5,2.0
2007/06/19,263.0,270.5,260.5,270.5,5000,270.5,2.0
2007/06/20,268.0,268.5,260.0,260.0,8000,260,2.0
2007/06/21,260.0,260.0,257.5,260.0,3000,260,2.0
2007/06/22,268.5,271.5,268.5,271.5,2000,271.5,2.0
2007/06/25,271.5,271.5,270.0,270.0,6000,270,2.0
2007/06/26,249.5,255.0,249.5,255.0,6000,255,2.0
2007/06/27,255.0,265.0,255.0,265.0,2000,265,2.0
2007/06/29,264.0,264.0,264.0,264.0,1000,264,2.0
2007/07/02,253.5,253.5,253.5,253.5,1000,253.5,2.0
2007/07/06,254.0,254.0,254.0,254.0,1000,254,2.0
2007/07/10,249.0,249.0,249.0,249.0,1000,249,2.0
2007/07/11,260.0,260.0,260.0,260.0,1000,260,2.0
2007/07/17,255.0,255.0,255.0,255.0,1000,255,2.0
2007/07/19,256.5,256.5,255.0,255.0,3000,255,2.0
2007/07/20,258.5,258.5,257.5,257.5,5000,257.5,2.0
2007/07/23,250.0,250.0,250.0,250.0,1000,250,2.0
2007/07/24,245.0,245.0,245.0,245.0,1000,245,2.0
2007/07/25,247.5,247.5,247.5,247.5,1000,247.5,2.0
2007/07/27,250.0,250.0,250.0,250.0,1000,250,2.0
2007/07/31,251.0,251.0,250.5,250.5,2000,250.5,2.0
2007/08/16,240.5,240.5,240.0,240.0,2000,240,2.0
2007/08/20,255.0,255.0,254.5,254.5,6000,254.5,2.0
2007/09/05,245.0,245.0,245.0,245.0,1000,245,2.0
2007/09/06,250.0,250.0,250.0,250.0,1000,250,2.0
2007/09/07,245.0,245.0,245.0,245.0,1000,245,2.0
2007/09/14,235.0,235.0,235.0,235.0,1000,235,2.0
2007/09/18,236.5,236.5,236.0,236.0,2000,236,2.0
2007/09/19,240.0,240.0,240.0,240.0,2000,240,2.0
2007/09/20,239.5,240.0,239.5,240.0,6000,240,2.0
2007/09/28,247.5,247.5,247.5,247.5,1000,247.5,2.0
2007/10/15,235.0,235.0,230.5,230.5,5000,230.5,2.0
2007/10/19,238.0,240.5,238.0,240.5,2000,240.5,2.0
2007/10/22,262.5,272.5,262.5,272.5,8000,272.5,2.0
2007/10/24,235.5,235.5,235.5,235.5,1000,235.5,2.0
2007/10/25,248.0,248.0,248.0,248.0,3000,248,2.0
2007/10/26,247.5,247.5,247.5,247.5,1000,247.5,2.0
2007/10/31,247.5,247.5,247.5,247.5,1000,247.5,2.0
2007/11/09,240.5,240.5,240.5,240.5,1000,240.5,2.0
2007/11/13,240.5,240.5,240.5,240.5,1000,240.5,2.0
2007/11/19,245.0,247.5,245.0,245.0,5000,245,2.0
2007/11/20,242.5,242.5,240.5,240.5,6000,240.5,2.0
2007/11/22,242.5,242.5,227.5,227.5,2000,227.5,2.0
2007/11/26,240.0,240.0,240.0,240.0,1000,240,2.0
2007/11/30,242.5,242.5,227.5,227.5,3000,227.5,2.0
2007/12/04,226.5,226.5,226.0,226.0,2000,226,2.0
2007/12/05,221.0,221.0,221.0,221.0,1000,221,2.0
2007/12/11,221.0,221.0,221.0,221.0,2000,221,2.0
2007/12/18,215.0,215.0,215.0,215.0,2000,215,2.0
2007/12/20,207.5,207.5,207.5,207.5,8000,207.5,2.0
2007/12/21,207.0,207.0,207.0,207.0,1000,207,2.0
2007/12/25,180.0,184.5,179.5,184.5,13000,184.5,2.0
2007/12/28,189.5,189.5,189.5,189.5,1000,189.5,2.0
2008/01/07,187.5,187.5,187.5,187.5,3000,187.5,2.0
2008/01/08,182.5,182.5,182.5,182.5,1000,182.5,2.0
2008/01/09,180.0,180.0,180.0,180.0,2000,180,2.0
2008/01/10,179.5,180.0,179.5,180.0,2000,180,2.0
2008/01/15,180.0,180.0,180.0,180.0,1000,180,2.0
2008/01/16,179.5,179.5,175.5,175.5,2000,175.5,2.0
2008/01/17,175.5,175.5,175.5,175.5,1000,175.5,2.0
2008/01/21,175.0,175.0,173.0,173.0,9000,173,2.0
2008/01/25,175.0,175.0,175.0,175.0,1000,175,2.0
2008/01/31,182.5,182.5,182.5,182.5,1000,182.5,2.0
2008/02/05,172.5,172.5,172.5,172.5,1000,172.5,2.0
2008/02/08,170.5,170.5,170.5,170.5,1000,170.5,2.0
2008/02/12,170.5,170.5,170.5,170.5,1000,170.5,2.0
2008/02/13,170.5,172.5,170.5,172.5,3000,172.5,2.0
2008/02/14,170.0,170.0,170.0,170.0,2000,170,2.0
2008/02/15,170.0,170.0,170.0,170.0,1000,170,2.0
2008/02/19,170.0,170.0,170.0,170.0,2000,170,2.0
2008/02/20,175.0,175.0,175.0,175.0,8000,175,2.0
2008/02/21,175.0,175.0,175.0,175.0,1000,175,2.0
2008/02/26,175.0,177.5,175.0,177.5,6000,177.5,2.0
2008/02/29,155.0,155.0,153.0,153.0,3000,153,2.0
2008/03/03,153.0,153.0,153.0,153.0,1000,153,2.0
2008/03/05,155.0,155.0,155.0,155.0,1000,155,2.0
2008/03/06,155.0,155.0,155.0,155.0,1000,155,2.0
2008/03/11,155.0,155.0,155.0,155.0,1000,155,2.0
2008/03/18,155.0,155.0,155.0,155.0,3000,155,2.0
2008/03/19,155.0,155.0,155.0,155.0,1000,155,2.0
2008/03/21,160.0,160.0,160.0,160.0,10000,160,2.0
2008/03/25,159.5,159.5,155.0,155.0,3000,155,2.0
2008/03/26,154.0,154.0,154.0,154.0,1000,154,2.0
2008/03/27,153.0,153.0,153.0,153.0,1000,153,2.0
2008/03/31,155.0,155.0,155.0,155.0,2000,155,2.0
2008/04/04,155.0,155.0,155.0,155.0,1000,155,2.0
2008/04/09,154.5,154.5,154.5,154.5,1000,154.5,2.0
2008/04/10,154.5,154.5,154.5,154.5,1000,154.5,2.0
2008/04/18,150.5,151.5,149.0,149.0,12000,149,2.0
2008/04/21,151.5,154.5,151.5,154.5,10000,154.5,2.0
2008/04/25,154.5,154.5,154.5,154.5,1000,154.5,2.0
2008/04/28,154.5,154.5,154.5,154.5,2000,154.5,2.0
2008/04/30,154.5,154.5,154.5,154.5,2000,154.5,2.0
2008/05/02,154.5,154.5,154.5,154.5,1000,154.5,2.0
2008/05/09,154.5,155.0,154.5,155.0,5000,155,2.0
2008/05/12,154.5,154.5,154.5,154.5,2000,154.5,2.0
2008/05/13,154.5,154.5,154.5,154.5,1000,154.5,2.0
2008/05/14,154.5,154.5,154.5,154.5,1000,154.5,2.0
2008/05/19,154.5,156.5,154.5,155.0,14000,155,2.0
2008/05/20,155.0,162.5,154.5,157.5,15000,157.5,2.0
2008/05/21,154.5,155.0,154.5,155.0,2000,155,2.0
2008/05/22,155.0,155.0,155.0,155.0,2000,155,2.0
2008/05/23,156.5,156.5,156.5,156.5,1000,156.5,2.0
2008/05/26,157.0,157.0,157.0,157.0,1000,157,2.0
2008/05/29,157.0,157.0,157.0,157.0,2000,157,2.0
2008/05/30,156.5,156.5,156.5,156.5,1000,156.5,2.0
2008/06/02,156.5,156.5,154.0,155.0,10000,155,2.0
2008/06/03,155.0,155.0,155.0,155.0,1000,155,2.0
2008/06/04,156.5,156.5,156.5,156.5,1000,156.5,2.0
2008/06/05,155.0,156.5,155.0,156.5,4000,156.5,2.0
2008/06/06,156.0,156.0,155.0,155.0,4000,155,2.0
2008/06/10,156.0,156.0,156.0,156.0,1000,156,2.0
2008/06/13,157.5,157.5,157.5,157.5,1000,157.5,2.0
2008/06/16,157.5,160.0,157.5,160.0,7000,160,2.0
2008/06/17,160.0,160.5,160.0,160.5,8000,160.5,2.0
2008/06/18,164.5,165.0,164.0,164.0,3000,164,2.0
2008/06/19,164.5,167.5,164.5,167.5,5000,167.5,2.0
2008/06/20,177.5,185.0,177.5,184.0,11000,184,2.0
2008/06/23,170.0,170.0,170.0,170.0,1000,170,2.0
2008/06/24,192.0,194.5,192.0,194.5,2000,194.5,2.0
2008/06/25,188.5,188.5,188.5,188.5,1000,188.5,2.0
2008/06/26,168.0,170.5,168.0,170.5,3000,170.5,2.0
2008/06/30,173.0,173.0,173.0,173.0,1000,173,2.0
2008/07/02,160.5,160.5,160.5,160.5,2000,160.5,2.0
2008/07/07,160.0,160.0,160.0,160.0,1000,160,2.0
2008/07/10,163.0,163.0,161.5,161.5,2000,161.5,2.0
2008/07/14,160.5,160.5,160.0,160.0,3000,160,2.0
2008/07/17,168.0,168.0,168.0,168.0,1000,168,2.0
2008/07/18,167.5,170.0,167.5,170.0,4000,170,2.0
2008/07/22,167.5,169.5,167.5,169.5,8000,169.5,2.0
2008/07/25,174.0,174.0,174.0,174.0,1000,174,2.0
2008/07/28,166.5,166.5,166.5,166.5,1000,166.5,2.0
2008/07/29,169.0,169.0,169.0,169.0,1000,169,2.0
2008/07/30,171.5,171.5,171.5,171.5,1000,171.5,2.0
2008/07/31,174.0,174.0,174.0,174.0,1000,174,2.0
2008/08/04,174.0,174.0,174.0,174.0,1000,174,2.0
2008/08/14,172.5,172.5,172.5,172.5,1000,172.5,2.0
2008/08/19,190.0,190.0,190.0,190.0,1000,190,2.0
2008/08/20,211.5,211.5,211.5,211.5,6000,211.5,2.0
2008/08/21,182.5,182.5,182.5,182.5,1000,182.5,2.0
2008/08/25,210.0,210.0,210.0,210.0,1000,210,2.0
2008/08/29,209.5,209.5,209.5,209.5,1000,209.5,2.0
2008/09/11,202.5,210.0,202.5,210.0,6000,210,2.0
2008/09/17,204.5,204.5,204.5,204.5,1000,204.5,2.0
2008/09/19,197.0,200.5,197.0,200.5,3000,200.5,2.0
2008/09/22,205.0,210.0,205.0,210.0,9000,210,2.0
2008/09/25,210.0,210.0,210.0,210.0,1000,210,2.0
2008/09/29,200.0,200.0,200.0,200.0,2000,200,2.0
2008/09/30,200.0,200.0,200.0,200.0,2000,200,2.0
2008/10/02,197.0,197.0,197.0,197.0,2000,197,2.0
2008/10/03,200.0,200.0,200.0,200.0,2000,200,2.0
2008/10/09,180.0,180.0,180.0,180.0,2000,180,2.0
2008/10/10,180.0,180.0,155.0,155.0,2000,155,2.0
2008/10/15,165.0,165.0,165.0,165.0,1000,165,2.0
2008/10/20,209.5,209.5,167.0,167.0,11000,167,2.0
2008/10/24,207.5,207.5,207.5,207.5,3000,207.5,2.0
2008/10/31,204.0,204.0,204.0,204.0,1000,204,2.0
2008/11/13,200.0,200.0,200.0,200.0,1000,200,2.0
2008/11/17,204.5,204.5,204.5,204.5,1000,204.5,2.0
2008/11/18,205.0,205.0,205.0,205.0,1000,205,2.0
2008/11/19,206.0,206.5,205.0,205.0,9000,205,2.0
2008/11/20,197.5,199.0,197.5,199.0,7000,199,2.0
2008/11/21,184.0,184.0,184.0,184.0,2000,184,2.0
2008/11/26,184.0,184.0,184.0,184.0,1000,184,2.0
2008/11/27,184.0,184.0,184.0,184.0,1000,184,2.0
2008/11/28,191.5,191.5,191.5,191.5,1000,191.5,2.0
2008/12/05,190.0,190.0,190.0,190.0,1000,190,2.0
2008/12/15,182.5,182.5,182.5,182.5,1000,182.5,2.0
2008/12/16,195.0,195.0,195.0,195.0,2000,195,2.0
2008/12/18,196.0,196.0,196.0,196.0,1000,196,2.0
2008/12/19,200.0,200.0,200.0,200.0,1000,200,2.0
2008/12/22,198.5,201.5,198.5,201.5,7000,201.5,2.0
2008/12/24,181.5,181.5,181.5,181.5,1000,181.5,2.0
2008/12/25,204.0,204.0,204.0,204.0,1000,204,2.0
2009/01/07,192.5,192.5,192.5,192.5,1000,192.5,2.0
2009/01/08,190.0,190.0,190.0,190.0,1000,190,2.0
2009/01/15,195.0,195.0,195.0,195.0,2000,195,2.0
2009/01/16,195.0,200.0,195.0,200.0,6000,200,2.0
2009/01/19,199.5,199.5,196.0,196.0,5000,196,2.0
2009/01/20,192.5,192.5,192.5,192.5,8000,192.5,2.0
2009/01/23,196.0,196.0,196.0,196.0,1000,196,2.0
2009/01/30,195.0,195.0,195.0,195.0,1000,195,2.0
2009/02/12,192.5,192.5,192.5,192.5,1000,192.5,2.0
2009/02/13,194.5,197.5,194.5,197.5,20000,197.5,2.0
2009/02/16,197.5,197.5,197.5,197.5,1000,197.5,2.0
2009/02/17,197.5,197.5,197.5,197.5,3000,197.5,2.0
2009/02/19,202.5,202.5,202.5,202.5,1000,202.5,2.0
2009/02/20,201.5,203.0,201.5,203.0,6000,203,2.0
2009/02/27,202.5,202.5,202.5,202.5,1000,202.5,2.0
2009/03/17,211.5,211.5,211.5,211.5,1000,211.5,2.0
2009/03/18,209.5,210.0,209.5,209.5,3000,209.5,2.0
2009/03/19,215.0,215.0,215.0,215.0,1000,215,2.0
2009/03/23,224.5,227.0,217.5,217.5,7000,217.5,2.0
2009/03/25,225.0,225.0,225.0,225.0,2000,225,2.0
2009/03/31,215.0,215.0,215.0,215.0,1000,215,2.0
2009/04/06,210.0,210.0,210.0,210.0,1000,210,2.0
2009/04/08,210.0,210.0,210.0,210.0,1000,210,2.0
2009/04/09,210.0,210.0,210.0,210.0,1000,210,2.0
2009/04/16,220.0,220.0,220.0,220.0,2000,220,2.0
2009/04/17,224.5,227.5,224.5,225.0,5000,225,2.0
2009/04/20,225.0,237.5,225.0,237.5,6000,237.5,2.0
2009/04/21,217.5,217.5,217.5,217.5,2000,217.5,2.0
2009/04/27,232.0,232.0,232.0,232.0,1000,232,2.0
2009/04/30,232.5,232.5,232.5,232.5,1000,232.5,2.0
2009/05/01,215.5,217.5,215.5,217.5,2000,217.5,2.0
2009/05/07,230.0,230.0,230.0,230.0,1000,230,2.0
2009/05/11,231.5,232.5,231.5,231.5,3000,231.5,2.0
2009/05/14,217.5,217.5,215.0,215.0,2000,215,2.0
2009/05/15,218.0,218.0,218.0,218.0,1000,218,2.0
2009/05/18,222.5,222.5,222.5,222.5,1000,222.5,2.0
2009/05/19,224.0,224.0,224.0,224.0,1000,224,2.0
2009/05/20,225.0,230.0,225.0,230.0,9000,230,2.0
2009/05/22,220.0,220.0,220.0,220.0,1000,220,2.0
2009/05/29,232.0,232.5,232.0,232.5,2000,232.5,2.0
2009/06/04,224.0,224.0,224.0,224.0,5000,224,2.0
2009/06/09,234.0,234.0,234.0,234.0,1000,234,2.0
2009/06/11,227.5,236.0,227.5,236.0,4000,236,2.0
2009/06/12,237.0,237.0,237.0,237.0,1000,237,2.0
2009/06/17,240.0,240.0,240.0,240.0,2000,240,2.0
2009/06/18,250.5,250.5,246.0,250.0,5000,250,2.0
2009/06/19,255.0,263.5,255.0,263.5,2000,263.5,2.0
2009/06/22,273.5,273.5,243.5,243.5,6000,243.5,2.0
2009/06/25,240.0,240.0,240.0,240.0,1000,240,2.0
2009/06/26,231.5,231.5,231.5,231.5,2000,231.5,2.0
2009/07/03,221.5,221.5,220.0,220.0,8000,220,2.0
2009/07/06,221.0,221.0,221.0,221.0,1000,221,2.0
2009/07/07,221.0,221.0,221.0,221.0,1000,221,2.0
2009/07/08,223.0,223.0,223.0,223.0,1000,223,2.0
2009/07/09,220.0,220.0,217.5,217.5,2000,217.5,2.0
2009/07/14,218.0,218.0,218.0,218.0,1000,218,2.0
2009/07/16,230.0,232.5,230.0,232.5,4000,232.5,2.0
2009/07/17,235.0,235.0,232.5,232.5,5000,232.5,2.0
2009/07/21,230.0,230.0,230.0,230.0,8000,230,2.0
2009/07/24,217.0,217.0,217.0,217.0,1000,217,2.0
2009/07/27,227.5,227.5,227.5,227.5,1000,227.5,2.0
2009/07/28,224.5,224.5,224.5,224.5,1000,224.5,2.0
2009/07/29,220.0,220.0,220.0,220.0,2000,220,2.0
2009/07/30,217.5,217.5,217.5,217.5,1000,217.5,2.0
2009/07/31,222.0,222.0,222.0,222.0,1000,222,2.0
2009/08/03,222.5,222.5,222.0,222.0,2000,222,2.0
2009/08/04,226.5,226.5,226.5,226.5,1000,226.5,2.0
2009/08/05,225.0,225.0,225.0,225.0,1000,225,2.0
2009/08/07,222.5,222.5,222.0,222.0,3000,222,2.0
2009/08/11,225.0,225.0,225.0,225.0,1000,225,2.0
2009/08/12,227.5,233.0,227.5,230.5,9000,230.5,2.0
2009/08/13,239.0,239.0,239.0,239.0,3000,239,2.0
2009/08/17,240.5,240.5,240.5,240.5,1000,240.5,2.0
2009/08/19,257.0,257.0,257.0,257.0,1000,257,2.0
2009/08/20,255.0,255.0,255.0,255.0,4000,255,2.0
2009/08/24,256.0,256.0,256.0,256.0,2000,256,2.0
2009/08/25,259.0,259.5,259.0,259.5,2000,259.5,2.0
2009/08/31,262.5,262.5,262.5,262.5,1000,262.5,2.0
2009/09/07,250.5,250.5,250.5,250.5,1000,250.5,2.0
2009/09/10,245.5,245.5,245.5,245.5,1000,245.5,2.0
2009/09/14,245.0,245.0,245.0,245.0,1000,245,2.0
2009/09/17,250.0,250.0,250.0,250.0,1000,250,2.0
2009/09/24,249.5,249.5,249.5,249.5,5000,249.5,2.0
2009/09/29,245.0,245.0,245.0,245.0,1000,245,2.0
2009/10/02,241.5,241.5,241.5,241.5,1000,241.5,2.0
2009/10/07,244.0,244.0,244.0,244.0,1000,244,2.0
2009/10/19,256.5,257.0,255.0,255.0,5000,255,2.0
2009/10/20,260.0,261.5,260.0,261.5,9000,261.5,2.0
2009/10/26,261.5,261.5,258.5,258.5,3000,258.5,2.0
2009/10/30,259.0,259.0,259.0,259.0,1000,259,2.0
2009/11/04,241.5,241.5,241.5,241.5,1000,241.5,2.0
2009/11/06,242.5,242.5,242.5,242.5,1000,242.5,2.0
2009/11/10,240.0,240.0,240.0,240.0,1000,240,2.0
2009/11/16,242.5,242.5,242.5,242.5,2000,242.5,2.0
2009/11/17,241.0,241.0,241.0,241.0,4000,241,2.0
2009/11/18,241.5,241.5,241.5,241.5,2000,241.5,2.0
2009/11/19,240.5,240.5,240.5,240.5,1000,240.5,2.0
2009/11/20,233.0,248.0,233.0,248.0,5000,248,2.0
2009/11/30,246.0,246.0,236.5,236.5,2000,236.5,2.0
2009/12/07,235.0,235.0,235.0,235.0,2000,235,2.0
2009/12/10,232.5,232.5,232.5,232.5,1000,232.5,2.0
2009/12/16,232.5,240.0,232.5,240.0,3000,240,2.0
2009/12/17,240.0,240.0,240.0,240.0,1000,240,2.0
2009/12/21,242.5,247.5,242.5,247.5,5000,247.5,2.0
2009/12/30,244.5,244.5,244.5,244.5,1000,244.5,2.0
2010/01/13,244.5,244.5,244.5,244.5,1000,244.5,2.0
2010/01/19,251.0,251.0,250.5,250.5,2000,250.5,2.0
2010/01/20,250.5,250.5,250.5,250.5,5000,250.5,2.0
2010/01/22,250.5,250.5,250.5,250.5,1000,250.5,2.0
2010/01/29,240.0,240.0,240.0,240.0,1000,240,2.0
2010/02/01,240.0,244.0,240.0,244.0,3000,244,2.0
2010/02/02,240.0,240.0,240.0,240.0,2000,240,2.0
2010/02/08,244.0,244.0,242.5,244.0,3000,244,2.0
2010/02/09,240.0,240.0,238.0,238.0,3000,238,2.0
2010/02/15,235.0,235.0,235.0,235.0,2000,235,2.0
2010/02/17,235.0,235.0,235.0,235.0,1000,235,2.0
2010/02/18,235.0,236.5,235.0,236.5,2000,236.5,2.0
2010/02/22,239.5,243.5,239.5,243.5,8000,243.5,2.0
2010/02/25,243.5,243.5,243.5,243.5,1000,243.5,2.0
2010/02/26,243.5,243.5,236.0,236.0,2000,236,2.0
2010/03/01,240.0,240.0,240.0,240.0,1000,240,2.0
2010/03/02,237.5,237.5,237.5,237.5,1000,237.5,2.0
2010/03/05,237.5,237.5,237.5,237.5,1000,237.5,2.0
2010/03/09,235.5,240.0,235.5,240.0,2000,240,2.0
2010/03/10,233.0,233.5,226.5,227.5,11000,227.5,2.0
2010/03/15,230.0,230.0,230.0,230.0,1000,230,2.0
2010/03/17,234.0,234.0,233.5,233.5,2000,233.5,2.0
2010/03/18,234.0,234.0,230.0,230.0,6000,230,2.0
2010/03/19,230.0,230.0,229.5,229.5,3000,229.5,2.0
2010/03/23,227.5,229.0,225.0,225.0,11000,225,2.0
2010/03/24,228.5,228.5,228.5,228.5,1000,228.5,2.0
2010/03/26,231.0,231.0,231.0,231.0,1000,231,2.0
2010/03/29,239.0,239.0,239.0,239.0,1000,239,2.0
2010/03/30,235.0,235.0,235.0,235.0,1000,235,2.0
2010/03/31,243.0,245.0,243.0,245.0,3000,245,2.0
2010/04/01,245.0,245.0,245.0,245.0,1000,245,2.0
2010/04/02,249.0,249.0,249.0,249.0,1000,249,2.0
2010/04/05,243.0,249.5,243.0,249.5,2000,249.5,2.0
2010/04/06,249.5,249.5,249.5,249.5,1000,249.5,2.0
2010/04/07,248.5,249.0,248.5,249.0,2000,249,2.0
2010/04/09,247.5,247.5,247.5,247.5,1000,247.5,2.0
2010/04/12,247.0,247.0,245.0,245.0,3000,245,2.0
2010/04/13,247.5,247.5,247.5,247.5,1000,247.5,2.0
2010/04/16,249.0,249.0,249.0,249.0,1000,249,2.0
2010/04/19,249.0,249.0,248.5,248.5,5000,248.5,2.0
2010/04/20,248.0,249.0,248.0,249.0,7000,249,2.0
2010/04/23,249.0,249.0,249.0,249.0,1000,249,2.0
2010/04/26,249.0,251.0,249.0,251.0,6000,251,2.0
2010/04/27,249.5,249.5,249.5,249.5,1000,249.5,2.0
2010/04/28,251.0,251.0,251.0,251.0,2000,251,2.0
2010/04/30,253.5,254.5,253.5,254.5,3000,254.5,2.0
2010/05/06,254.5,254.5,254.5,254.5,1000,254.5,2.0
2010/05/07,252.5,252.5,249.0,249.0,2000,249,2.0
2010/05/10,275.0,284.0,275.0,275.0,11000,275,2.0
2010/05/11,275.0,275.0,275.0,275.0,1000,275,2.0
2010/05/12,283.0,290.0,275.0,290.0,8000,290,2.0
2010/05/13,280.0,280.0,275.0,275.0,3000,275,2.0
2010/05/14,280.0,280.0,280.0,280.0,1000,280,2.0
2010/05/17,290.0,290.0,290.0,290.0,2000,290,2.0
2010/05/18,295.0,295.0,295.0,295.0,2000,295,2.0
2010/05/19,292.5,292.5,286.0,286.0,4000,286,2.0
2010/05/20,289.5,296.5,289.5,290.0,6000,290,2.0
2010/05/24,300.0,300.0,300.0,300.0,3000,300,2.0
2010/05/25,288.0,288.0,288.0,288.0,1000,288,2.0
2010/05/26,288.0,292.5,288.0,292.5,2000,292.5,2.0
2010/05/27,275.0,275.0,250.0,250.0,12000,250,2.0
2010/05/28,260.0,260.0,255.0,255.0,4000,255,2.0
2010/06/02,260.0,262.0,260.0,262.0,3000,262,2.0
2010/06/04,270.5,272.0,270.5,272.0,2000,272,2.0
2010/06/07,274.5,274.5,274.5,274.5,1000,274.5,2.0
2010/06/08,284.5,284.5,284.5,284.5,1000,284.5,2.0
2010/06/09,285.0,285.0,285.0,285.0,1000,285,2.0
2010/06/11,287.5,290.0,287.5,290.0,4000,290,2.0
2010/06/14,294.0,322.5,294.0,320.0,7000,320,2.0
2010/06/15,320.0,320.0,320.0,320.0,3000,320,2.0
2010/06/16,310.0,310.0,301.0,301.0,2000,301,2.0
2010/06/17,300.0,300.0,300.0,300.0,3000,300,2.0
2010/06/21,300.5,313.0,300.5,313.0,5000,313,2.0
2010/06/24,307.5,307.5,305.0,305.0,3000,305,2.0
2010/06/25,290.0,290.0,290.0,290.0,1000,290,2.0
2010/06/28,284.5,284.5,284.5,284.5,1000,284.5,2.0
2010/06/29,275.5,275.5,275.0,275.0,4000,275,2.0
2010/06/30,274.5,274.5,255.0,255.0,3000,255,2.0
2010/07/01,255.5,255.5,255.5,255.5,2000,255.5,2.0
2010/07/05,255.0,260.0,255.0,260.0,4000,260,2.0
2010/07/07,263.5,263.5,263.5,263.5,1000,263.5,2.0
2010/07/09,263.5,263.5,263.5,263.5,1000,263.5,2.0
2010/07/12,263.5,265.0,263.5,265.0,2000,265,2.0
2010/07/14,266.5,266.5,266.5,266.5,1000,266.5,2.0
2010/07/15,281.0,281.0,281.0,281.0,1000,281,2.0
2010/07/16,276.0,276.0,276.0,276.0,2000,276,2.0
2010/07/20,276.0,284.5,259.5,259.5,9000,259.5,2.0
2010/07/26,262.5,262.5,262.5,262.5,2000,262.5,2.0
2010/07/30,264.5,264.5,264.5,264.5,2000,264.5,2.0
2010/08/02,245.5,250.0,235.5,250.0,11000,250,2.0
2010/08/05,250.0,250.0,250.0,250.0,1000,250,2.0
2010/08/13,237.5,237.5,237.5,237.5,1000,237.5,2.0
2010/08/17,258.5,258.5,258.5,258.5,2000,258.5,2.0
2010/08/20,268.5,268.5,268.5,268.5,4000,268.5,2.0
2010/08/23,268.5,268.5,268.5,268.5,1000,268.5,2.0
2010/08/24,268.5,268.5,268.5,268.5,4000,268.5,2.0
2010/08/25,268.5,268.5,268.5,268.5,1000,268.5,2.0
2010/08/31,267.5,267.5,267.5,267.5,9000,267.5,2.0
2010/09/01,267.5,267.5,267.5,267.5,2000,267.5,2.0
2010/09/06,250.0,250.0,238.5,242.5,18000,242.5,2.0
2010/09/07,244.5,247.5,244.5,244.5,6000,244.5,2.0
2010/09/13,244.5,244.5,240.5,240.5,3000,240.5,2.0
2010/09/14,238.0,238.0,231.0,231.0,5000,231,2.0
2010/09/15,238.0,238.0,238.0,238.0,1000,238,2.0
2010/09/17,245.0,245.0,243.5,243.5,3000,243.5,2.0
2010/09/21,243.0,247.0,243.0,247.0,6000,247,2.0
2010/09/24,247.0,247.0,247.0,247.0,5000,247,2.0
2010/09/30,250.5,250.5,250.5,250.5,1000,250.5,2.0
2010/10/04,242.0,242.0,242.0,242.0,1000,242,2.0
2010/10/05,242.0,242.0,242.0,242.0,1000,242,2.0
2010/10/06,238.0,245.0,238.0,245.0,2000,245,2.0
2010/10/08,245.0,245.0,245.0,245.0,1000,245,2.0
2010/10/13,245.0,245.0,241.0,241.0,3000,241,2.0
2010/10/15,245.0,245.0,245.0,245.0,1000,245,2.0
2010/10/18,245.5,245.5,244.5,244.5,4000,244.5,2.0
2010/10/19,244.5,244.5,243.0,243.5,3000,243.5,2.0
2010/10/20,243.5,244.0,243.5,244.0,8000,244,2.0
2010/10/25,243.5,243.5,243.0,243.0,4000,243,2.0
2010/10/26,245.0,245.0,245.0,245.0,5000,245,2.0
2010/10/27,245.0,245.0,245.0,245.0,1000,245,2.0
2010/10/29,245.0,245.0,245.0,245.0,1000,245,2.0
2010/11/05,237.0,237.0,237.0,237.0,1000,237,2.0
2010/11/10,240.0,240.0,240.0,240.0,1000,240,2.0
2010/11/11,240.0,240.0,238.0,238.0,5000,238,2.0
2010/11/12,237.0,237.0,229.0,229.0,3000,229,2.0
2010/11/15,232.0,232.0,232.0,232.0,2000,232,2.0
2010/11/16,232.5,232.5,232.5,232.5,1000,232.5,2.0
2010/11/17,233.0,233.0,233.0,233.0,1000,233,2.0
2010/11/18,235.0,235.0,235.0,235.0,1000,235,2.0
2010/11/19,235.5,235.5,235.0,235.0,2000,235,2.0
2010/11/22,231.5,235.0,227.5,227.5,7000,227.5,2.0
2010/12/06,230.0,230.0,230.0,230.0,1000,230,2.0
2010/12/13,237.0,237.0,237.0,237.0,1000,237,2.0
2010/12/14,234.0,237.5,234.0,237.5,2000,237.5,2.0
2010/12/15,235.5,235.5,235.5,235.5,1000,235.5,2.0
2010/12/16,235.5,235.5,235.5,235.5,1000,235.5,2.0
2010/12/17,235.5,236.0,235.5,236.0,6000,236,2.0
2010/12/20,233.0,234.0,233.0,233.0,7000,233,2.0
2010/12/24,231.0,231.0,231.0,231.0,1000,231,2.0
2010/12/27,231.5,231.5,230.0,230.0,5000,230,2.0
2010/12/30,232.0,232.0,232.0,232.0,1000,232,2.0
2011/01/04,225.5,225.5,225.5,225.5,1000,225.5,2.0
2011/01/07,235.0,235.5,235.0,235.5,2000,235.5,2.0
2011/01/11,235.5,235.5,234.5,234.5,2000,234.5,2.0
2011/01/12,232.5,232.5,232.0,232.0,2000,232,2.0
2011/01/13,233.0,233.0,230.0,230.0,3000,230,2.0
2011/01/14,231.5,231.5,231.5,231.5,1000,231.5,2.0
2011/01/17,233.0,235.0,233.0,235.0,5000,235,2.0
2011/01/18,232.0,232.0,231.5,231.5,2000,231.5,2.0
2011/01/20,231.5,233.0,231.5,233.0,6000,233,2.0
2011/01/21,230.5,230.5,230.5,230.5,1000,230.5,2.0
2011/01/24,233.0,233.0,233.0,233.0,1000,233,2.0
2011/01/26,234.0,234.0,234.0,234.0,1000,234,2.0
2011/01/27,234.0,234.0,233.5,233.5,2000,233.5,2.0
2011/01/31,233.5,233.5,233.5,233.5,1000,233.5,2.0
2011/02/01,233.5,235.0,233.5,235.0,2000,235,2.0
2011/02/03,233.0,233.0,233.0,233.0,3000,233,2.0
2011/02/08,233.0,233.0,232.5,232.5,2000,232.5,2.0
2011/02/09,233.0,233.0,233.0,233.0,1000,233,2.0
2011/02/10,232.5,233.0,232.5,233.0,2000,233,2.0
2011/02/14,233.0,233.0,233.0,233.0,2000,233,2.0
2011/02/15,234.0,234.0,234.0,234.0,1000,234,2.0
2011/02/16,234.0,235.0,234.0,235.0,2000,235,2.0
2011/02/17,235.0,235.0,235.0,235.0,1000,235,2.0
2011/02/18,235.5,236.0,235.5,236.0,3000,236,2.0
2011/02/21,236.0,236.0,236.0,236.0,7000,236,2.0
2011/02/25,235.5,235.5,235.5,235.5,1000,235.5,2.0
2011/02/28,236.0,242.5,236.0,242.5,2000,242.5,2.0
2011/03/08,242.5,242.5,242.5,242.5,6000,242.5,2.0
2011/03/09,242.5,242.5,242.5,242.5,1000,242.5,2.0
2011/03/10,242.5,242.5,242.5,242.5,1000,242.5,2.0
2011/03/14,210.5,215.5,210.5,215.5,3000,215.5,2.0
2011/03/15,216.0,216.0,215.0,215.0,2000,215,2.0
2011/03/16,212.5,212.5,210.0,210.0,3000,210,2.0
2011/03/17,210.0,215.0,210.0,215.0,2000,215,2.0
2011/03/18,220.0,220.0,220.0,220.0,1000,220,2.0
2011/03/22,225.5,241.5,225.5,241.5,7000,241.5,2.0
2011/03/25,242.0,242.0,242.0,242.0,1000,242,2.0
2011/04/04,241.0,241.0,241.0,241.0,1000,241,2.0
2011/04/08,235.0,235.0,230.0,230.0,2000,230,2.0
2011/04/14,230.5,230.5,230.5,230.5,1000,230.5,2.0
2011/04/15,231.5,231.5,231.5,231.5,1000,231.5,2.0
2011/04/19,234.5,234.5,231.5,231.5,5000,231.5,2.0
2011/04/20,229.5,229.5,229.5,229.5,6000,229.5,2.0
2011/04/25,226.5,232.5,226.5,230.0,12000,230,2.0
2011/04/27,227.5,227.5,227.5,227.5,1000,227.5,2.0
2011/04/28,228.0,228.0,225.0,225.0,3000,225,2.0
2011/05/06,225.0,225.0,225.0,225.0,3000,225,2.0
2011/05/09,225.0,225.0,223.0,223.0,8000,223,2.0
2011/05/10,222.0,223.0,222.0,223.0,3000,223,2.0
2011/05/12,223.0,223.0,223.0,223.0,7000,223,2.0
2011/05/13,223.0,223.0,221.5,221.5,3000,221.5,2.0
2011/05/16,221.5,221.5,221.5,221.5,2000,221.5,2.0
2011/05/17,221.5,221.5,220.0,220.0,6000,220,2.0
2011/05/18,220.0,220.5,215.5,215.5,8000,215.5,2.0
2011/05/19,215.5,215.5,215.5,215.5,2000,215.5,2.0
2011/05/20,213.5,214.5,212.0,212.0,11000,212,2.0
2011/05/23,212.5,212.5,212.5,212.5,1000,212.5,2.0
2011/05/24,212.5,212.5,212.5,212.5,3000,212.5,2.0
2011/05/25,212.5,212.5,210.5,210.5,5000,210.5,2.0
2011/05/26,210.5,210.5,206.0,209.5,4000,209.5,2.0
2011/05/27,210.5,210.5,210.0,210.0,5000,210,2.0
2011/05/30,211.5,214.5,211.5,212.0,4000,212,2.0
2011/05/31,213.5,213.5,211.5,212.0,10000,212,2.0
2011/06/01,211.0,211.0,210.5,211.0,5000,211,2.0
2011/06/02,211.0,211.0,207.5,208.0,12000,208,2.0
2011/06/03,207.0,207.0,206.0,206.0,5000,206,2.0
2011/06/06,206.5,206.5,206.0,206.0,6000,206,2.0
2011/06/07,205.5,206.0,205.5,206.0,4000,206,2.0
2011/06/08,206.0,206.0,204.5,204.5,4000,204.5,2.0
2011/06/09,204.5,205.0,203.0,203.0,6000,203,2.0
2011/06/10,204.0,204.0,203.5,203.5,7000,203.5,2.0
2011/06/14,203.5,203.5,203.5,203.5,1000,203.5,2.0
2011/06/16,206.5,207.0,206.5,207.0,3000,207,2.0
2011/06/17,208.0,210.0,208.0,210.0,4000,210,2.0
2011/06/20,212.0,212.0,209.0,211.5,8000,211.5,2.0
2011/06/21,209.0,209.0,209.0,209.0,1000,209,2.0
2011/06/22,210.0,210.0,209.5,209.5,2000,209.5,2.0
2011/06/23,211.0,211.0,211.0,211.0,1000,211,2.0
2011/06/24,209.5,211.0,209.5,211.0,9000,211,2.0
2011/06/27,211.5,212.5,210.0,210.0,16000,210,2.0
2011/06/28,200.0,200.0,195.5,197.5,10000,197.5,2.0
2011/06/29,197.5,198.5,197.5,198.5,3000,198.5,2.0
2011/06/30,199.5,200.5,199.5,200.5,2000,200.5,2.0
2011/07/04,201.0,201.0,200.5,200.5,2000,200.5,2.0
2011/07/05,200.0,200.0,198.0,198.0,2000,198,2.0
2011/07/07,199.5,199.5,199.5,199.5,1000,199.5,2.0
2011/07/11,200.0,200.0,200.0,200.0,1000,200,2.0
2011/07/13,200.0,201.0,200.0,201.0,2000,201,2.0
2011/07/15,201.0,202.0,201.0,202.0,2000,202,2.0
2011/07/19,202.0,202.5,200.0,202.5,3000,202.5,2.0
2011/07/20,201.5,204.5,199.0,199.0,8000,199,2.0
2011/07/21,198.5,198.5,198.5,198.5,1000,198.5,2.0
2011/07/22,199.0,199.0,199.0,199.0,1000,199,2.0
2011/07/25,199.0,199.0,198.0,198.0,2000,198,2.0
2011/07/26,197.0,198.5,195.0,195.0,3000,195,2.0
2011/07/28,198.5,198.5,198.5,198.5,2000,198.5,2.0
2011/07/29,199.5,199.5,199.5,199.5,1000,199.5,2.0
2011/08/01,200.0,200.0,200.0,200.0,1000,200,2.0
2011/08/02,197.5,197.5,195.0,195.0,5000,195,2.0
2011/08/05,194.0,194.0,194.0,194.0,2000,194,2.0
2011/08/08,194.5,194.5,194.5,194.5,1000,194.5,2.0
2011/08/09,194.0,194.0,194.0,194.0,3000,194,2.0
2011/08/10,194.0,194.0,194.0,194.0,1000,194,2.0
2011/08/11,194.0,194.0,194.0,194.0,2000,194,2.0
2011/08/12,195.0,195.0,195.0,195.0,1000,195,2.0
2011/08/15,195.0,195.0,195.0,195.0,1000,195,2.0
2011/08/18,194.5,194.5,194.5,194.5,5000,194.5,2.0
2011/08/19,194.5,194.5,194.5,194.5,3000,194.5,2.0
2011/08/22,195.5,198.0,195.5,198.0,10000,198,2.0
2011/08/24,198.0,198.0,198.0,198.0,1000,198,2.0
2011/08/25,198.0,198.0,198.0,198.0,1000,198,2.0
2011/08/26,198.0,198.0,198.0,198.0,1000,198,2.0
2011/08/29,198.0,198.0,198.0,198.0,1000,198,2.0
2011/08/30,199.0,199.0,199.0,199.0,1000,199,2.0
2011/08/31,201.5,201.5,201.5,201.5,3000,201.5,2.0
2011/09/07,194.5,194.5,194.5,194.5,1000,194.5,2.0
2011/09/08,200.5,200.5,196.0,196.0,2000,196,2.0
2011/09/09,196.0,196.0,196.0,196.0,1000,196,2.0
2011/09/12,196.0,196.0,196.0,196.0,1000,196,2.0
2011/09/13,194.5,194.5,194.5,194.5,1000,194.5,2.0
2011/09/15,195.5,195.5,195.5,195.5,1000,195.5,2.0
2011/09/16,196.5,196.5,196.5,196.5,2000,196.5,2.0
2011/09/20,201.0,203.5,201.0,203.5,7000,203.5,2.0
2011/09/21,195.5,195.5,193.5,193.5,3000,193.5,2.0
2011/09/27,194.5,194.5,194.5,194.5,1000,194.5,2.0
2011/09/28,196.5,199.0,195.0,199.0,4000,199,2.0
2011/09/29,195.0,195.0,195.0,195.0,2000,195,2.0
2011/09/30,197.5,197.5,197.5,197.5,1000,197.5,2.0
2011/10/04,197.0,201.0,197.0,201.0,2000,201,2.0
2011/10/05,201.0,201.0,201.0,201.0,1000,201,2.0
2011/10/18,200.5,201.5,200.5,201.5,2000,201.5,2.0
2011/10/20,212.0,212.0,212.0,212.0,9000,212,2.0
2011/10/25,211.0,211.0,211.0,211.0,4000,211,2.0
2011/10/26,204.5,204.5,204.5,204.5,1000,204.5,2.0
2011/10/28,205.5,205.5,205.5,205.5,1000,205.5,2.0
2011/10/31,209.5,209.5,209.5,209.5,1000,209.5,2.0
2011/11/02,201.5,201.5,201.5,201.5,1000,201.5,2.0
2011/11/04,205.0,205.0,205.0,205.0,1000,205,2.0
2011/11/07,205.0,205.0,205.0,205.0,1000,205,2.0
2011/11/15,205.0,205.0,205.0,205.0,1000,205,2.0
2011/11/18,206.5,206.5,205.5,205.5,2000,205.5,2.0
2011/11/21,208.5,209.0,208.5,209.0,6000,209,2.0
2011/11/28,203.0,203.0,203.0,203.0,1000,203,2.0
2011/11/30,207.0,207.0,207.0,207.0,1000,207,2.0
2011/12/01,209.0,209.0,209.0,209.0,1000,209,2.0
2011/12/05,203.5,203.5,203.5,203.5,1000,203.5,2.0
2011/12/08,208.0,208.0,208.0,208.0,1000,208,2.0
2011/12/14,208.0,208.0,208.0,208.0,1000,208,2.0
2011/12/15,207.5,207.5,207.5,207.5,1000,207.5,2.0
2011/12/16,209.0,209.0,209.0,209.0,2000,209,2.0
2011/12/19,209.0,209.0,209.0,209.0,1000,209,2.0
2011/12/20,209.0,211.5,209.0,210.0,9000,210,2.0
2011/12/21,198.0,207.5,198.0,207.5,2000,207.5,2.0
2011/12/22,207.5,207.5,207.5,207.5,2000,207.5,2.0
2011/12/26,211.5,211.5,203.5,203.5,2000,203.5,2.0
2011/12/27,204.0,204.0,204.0,204.0,2000,204,2.0
2011/12/28,196.0,196.0,196.0,196.0,1000,196,2.0
2011/12/29,204.0,204.0,204.0,204.0,1000,204,2.0
2011/12/30,205.0,205.0,205.0,205.0,2000,205,2.0
2012/01/11,209.0,209.0,209.0,209.0,1000,209,2.0
2012/01/17,209.0,209.5,209.0,209.5,3000,209.5,2.0
2012/01/19,214.5,215.5,214.5,215.5,3000,215.5,2.0
2012/01/20,219.5,220.0,219.5,220.0,6000,220,2.0
2012/01/23,208.0,208.0,208.0,208.0,1000,208,2.0
2012/01/30,207.5,207.5,207.5,207.5,1000,207.5,2.0
2012/01/31,212.5,212.5,212.5,212.5,1000,212.5,2.0
2012/02/01,209.5,209.5,209.5,209.5,1000,209.5,2.0
2012/02/02,213.5,213.5,213.5,213.5,1000,213.5,2.0
2012/02/03,213.5,213.5,213.5,213.5,1000,213.5,2.0
2012/02/06,217.0,217.0,217.0,217.0,1000,217,2.0
2012/02/07,217.0,217.0,217.0,217.0,1000,217,2.0
2012/02/15,220.0,220.0,220.0,220.0,4000,220,2.0
2012/02/16,220.0,224.0,220.0,224.0,3000,224,2.0
2012/02/17,225.0,225.0,222.5,223.0,5000,223,2.0
2012/02/20,224.0,224.0,221.0,221.0,6000,221,2.0
2012/02/21,220.5,220.5,220.5,220.5,1000,220.5,2.0
2012/02/24,227.5,227.5,227.5,227.5,1000,227.5,2.0
2012/03/12,227.5,227.5,227.5,227.5,1000,227.5,2.0
2012/03/14,230.0,231.0,230.0,231.0,4000,231,2.0
2012/03/16,234.5,234.5,234.5,234.5,1000,234.5,2.0
2012/03/21,247.0,248.0,247.0,248.0,5000,248,2.0
2012/03/22,249.5,249.5,249.5,249.5,1000,249.5,2.0
2012/03/27,250.0,250.0,250.0,250.0,1000,250,2.0
2012/03/30,250.0,250.0,250.0,250.0,1000,250,2.0
2012/04/02,250.0,250.0,250.0,250.0,1000,250,2.0
2012/04/04,251.0,251.0,251.0,251.0,1000,251,2.0
2012/04/05,251.0,251.0,251.0,251.0,1000,251,2.0
2012/04/11,251.0,251.0,251.0,251.0,3000,251,2.0
2012/04/12,264.5,264.5,264.5,264.5,1000,264.5,2.0
2012/04/19,265.5,266.0,256.0,256.0,7000,256,2.0
2012/04/20,256.0,256.0,256.0,256.0,5000,256,2.0
2012/04/23,252.5,252.5,252.5,252.5,1000,252.5,2.0
2012/04/25,256.0,256.0,256.0,256.0,1000,256,2.0
2012/04/27,261.0,261.0,261.0,261.0,1000,261,2.0
2012/05/02,257.5,257.5,257.5,257.5,1000,257.5,2.0
2012/05/15,265.0,265.0,265.0,265.0,1000,265,2.0
2012/05/16,260.5,260.5,260.5,260.5,1000,260.5,2.0
2012/05/17,265.0,265.0,265.0,265.0,1000,265,2.0
2012/05/18,261.5,262.0,261.5,262.0,2000,262,2.0
2012/05/21,262.0,263.0,262.0,263.0,5000,263,2.0
2012/05/24,260.0,260.0,260.0,260.0,1000,260,2.0
2012/05/29,260.0,260.0,260.0,260.0,1000,260,2.0
2012/06/05,260.0,260.0,260.0,260.0,1000,260,2.0
2012/06/06,255.0,255.0,255.0,255.0,1000,255,2.0
2012/06/07,264.0,264.0,264.0,264.0,1000,264,2.0
2012/06/08,264.5,265.0,264.5,265.0,2000,265,2.0
2012/06/14,315.0,315.0,315.0,315.0,1000,315,2.0
2012/06/15,275.0,275.0,270.0,275.0,6000,275,2.0
2012/06/18,280.0,285.0,280.0,285.0,3000,285,2.0
2012/06/20,314.0,314.0,314.0,314.0,4000,314,2.0
2012/06/21,285.0,300.0,285.0,300.0,2000,300,2.0
2012/06/25,300.0,300.0,300.0,300.0,1000,300,2.0
2012/06/26,287.5,290.0,285.0,285.0,4000,285,2.0
2012/06/27,257.0,257.0,255.5,255.5,2000,255.5,2.0
2012/06/29,274.5,274.5,270.5,270.5,4000,270.5,2.0
2012/07/03,261.0,261.0,256.5,256.5,4000,256.5,2.0
2012/07/04,257.5,257.5,256.0,256.0,2000,256,2.0
2012/07/06,256.0,256.0,256.0,256.0,1000,256,2.0
2012/07/18,260.0,260.0,259.5,259.5,2000,259.5,2.0
2012/07/20,258.0,260.5,258.0,260.5,6000,260.5,2.0
2012/07/26,242.0,242.0,242.0,242.0,2000,242,2.0
2012/07/30,237.0,237.0,237.0,237.0,5000,237,2.0
2012/07/31,248.5,248.5,248.5,248.5,2000,248.5,2.0
2012/08/13,241.5,241.5,241.5,241.5,1000,241.5,2.0
2012/08/14,245.5,245.5,245.5,245.5,1000,245.5,2.0
2012/08/16,245.0,245.0,245.0,245.0,1000,245,2.0
2012/08/20,250.0,252.0,250.0,252.0,6000,252,2.0
2012/08/27,266.5,266.5,266.5,266.5,2000,266.5,2.0
2012/09/03,265.0,265.0,265.0,265.0,1000,265,2.0
2012/09/05,265.0,265.0,265.0,265.0,2000,265,2.0
2012/09/06,265.0,265.0,265.0,265.0,1000,265,2.0
2012/09/07,274.5,274.5,266.5,266.5,2000,266.5,2.0
2012/09/11,265.0,265.0,265.0,265.0,6000,265,2.0
2012/09/12,252.0,252.0,252.0,252.0,1000,252,2.0
2012/09/20,267.5,267.5,267.5,267.5,4000,267.5,2.0
2012/09/26,254.0,254.0,254.0,254.0,2000,254,2.0
2012/09/28,262.0,262.0,262.0,262.0,1000,262,2.0
2012/10/01,257.0,257.0,257.0,257.0,1000,257,2.0
2012/10/03,269.5,269.5,269.5,269.5,1000,269.5,2.0
2012/10/04,265.0,265.0,265.0,265.0,1000,265,2.0
2012/10/18,265.0,270.0,265.0,270.0,3000,270,2.0
2012/10/19,265.0,265.0,265.0,265.0,6000,265,2.0
2012/10/22,256.5,262.0,256.5,262.0,12000,262,2.0
2012/10/25,265.0,265.0,265.0,265.0,3000,265,2.0
2012/11/12,245.0,245.0,245.0,245.0,2000,245,2.0
2012/11/19,250.0,250.0,250.0,250.0,1000,250,2.0
2012/11/20,250.0,259.0,250.0,259.0,5000,259,2.0
2012/11/22,259.0,259.0,259.0,259.0,1000,259,2.0
2012/12/03,255.0,255.0,255.0,255.0,1000,255,2.0
2012/12/11,260.0,260.0,260.0,260.0,2000,260,2.0
2012/12/17,262.5,262.5,262.5,262.5,1000,262.5,2.0
2012/12/18,265.5,265.5,265.5,265.5,1000,265.5,2.0
2012/12/19,265.0,269.5,265.0,269.5,4000,269.5,2.0
2012/12/20,265.5,274.5,254.5,254.5,11000,254.5,2.0
2012/12/21,254.5,254.5,254.5,254.5,1000,254.5,2.0
2012/12/25,259.0,259.0,259.0,259.0,1000,259,2.0
2012/12/27,259.0,259.0,259.0,259.0,2000,259,2.0
2012/12/28,264.0,264.0,264.0,264.0,2000,264,2.0
2013/01/09,259.0,259.0,259.0,259.0,1000,259,2.0
2013/01/11,264.0,264.0,264.0,264.0,3000,264,2.0
2013/01/15,289.0,289.0,289.0,289.0,1000,289,2.0
2013/01/16,275.5,280.0,275.5,280.0,2000,280,2.0
2013/01/18,285.0,285.0,285.0,285.0,1000,285,2.0
2013/01/21,289.0,289.0,289.0,289.0,4000,289,2.0
2013/01/22,294.0,294.0,294.0,294.0,1000,294,2.0
2013/01/31,287.0,287.0,287.0,287.0,1000,287,2.0
2013/02/01,287.0,287.0,287.0,287.0,2000,287,2.0
2013/02/05,277.5,277.5,270.5,272.5,7000,272.5,2.0
2013/02/06,282.5,282.5,282.5,282.5,2000,282.5,2.0
2013/02/13,280.0,280.0,275.0,275.0,2000,275,2.0
2013/02/14,272.5,272.5,272.5,272.5,1000,272.5,2.0
2013/02/15,275.0,275.0,275.0,275.0,1000,275,2.0
2013/02/19,280.0,285.0,280.0,285.0,2000,285,2.0
2013/02/20,283.0,285.0,283.0,285.0,7000,285,2.0
2013/02/26,277.5,277.5,276.0,276.0,2000,276,2.0
2013/02/27,277.5,277.5,277.5,277.5,1000,277.5,2.0
2013/03/01,282.5,282.5,282.5,282.5,2000,282.5,2.0
2013/03/04,281.0,281.0,281.0,281.0,1000,281,2.0
2013/03/05,281.0,281.0,281.0,281.0,1000,281,2.0
2013/03/06,282.5,282.5,282.5,282.5,1000,282.5,2.0
2013/03/07,278.5,278.5,278.5,278.5,2000,278.5,2.0
2013/03/11,279.0,279.0,279.0,279.0,3000,279,2.0
2013/03/15,283.5,283.5,283.0,283.0,2000,283,2.0
2013/03/18,285.0,285.5,280.5,285.5,7000,285.5,2.0
2013/03/19,286.0,287.5,286.0,287.5,4000,287.5,2.0
2013/03/21,290.5,310.0,290.5,300.0,11000,300,2.0
2013/03/22,310.0,320.0,300.0,305.0,6000,305,2.0
2013/03/25,330.0,355.0,330.0,355.0,4000,355,2.0
2013/03/26,326.0,327.0,326.0,327.0,3000,327,2.0
2013/03/27,335.0,335.0,315.0,315.0,5000,315,2.0
2013/03/28,322.5,322.5,322.5,322.5,2000,322.5,2.0
2013/03/29,332.0,332.0,322.5,322.5,3000,322.5,2.0
2013/04/02,307.5,307.5,307.5,307.5,1000,307.5,2.0
2013/04/03,310.0,310.0,310.0,310.0,1000,310,2.0
2013/04/08,310.0,320.0,310.0,320.0,2000,320,2.0
2013/04/09,310.5,310.5,310.5,310.5,2000,310.5,2.0
2013/04/10,313.0,313.0,312.5,312.5,2000,312.5,2.0
2013/04/11,313.0,315.0,313.0,315.0,3000,315,2.0
2013/04/12,315.0,315.0,313.0,314.0,4000,314,2.0
2013/04/15,315.0,319.0,315.0,319.0,7000,319,2.0
2013/04/19,316.5,316.5,316.0,316.0,2000,316,2.0
2013/04/22,325.0,335.0,319.0,319.0,13000,319,2.0
2013/04/23,327.5,327.5,320.0,320.0,3000,320,2.0
2013/04/24,320.5,320.5,315.5,315.5,5000,315.5,2.0
2013/04/25,320.0,327.0,320.0,327.0,4000,327,2.0
2013/04/26,325.0,327.0,321.0,327.0,4000,327,2.0
2013/04/30,327.5,327.5,325.0,325.0,2000,325,2.0
2013/05/01,325.0,325.0,320.0,320.0,2000,320,2.0
2013/05/07,327.5,333.5,326.0,326.5,5000,326.5,2.0
2013/05/08,334.5,335.0,327.5,327.5,3000,327.5,2.0
2013/05/09,337.5,337.5,328.5,328.5,3000,328.5,2.0
2013/05/10,329.0,329.0,329.0,329.0,1000,329,2.0
2013/05/13,324.0,324.0,323.5,323.5,6000,323.5,2.0
2013/05/16,323.5,323.5,320.5,320.5,4000,320.5,2.0
2013/05/17,320.0,325.0,320.0,325.0,4000,325,2.0
2013/05/20,324.5,325.0,324.5,325.0,7000,325,2.0
2013/05/23,325.0,325.0,323.5,323.5,3000,323.5,2.0
2013/05/27,318.5,323.0,318.0,323.0,3000,323,2.0
2013/05/28,328.0,328.0,328.0,328.0,1000,328,2.0
2013/05/30,322.5,322.5,315.0,317.5,5000,317.5,2.0
2013/05/31,317.5,317.5,317.5,317.5,2000,317.5,2.0
2013/06/03,320.0,320.0,320.0,320.0,1000,320,2.0
2013/06/05,320.0,323.5,320.0,323.5,2000,323.5,2.0
2013/06/06,323.5,323.5,318.0,318.0,3000,318,2.0
2013/06/07,317.0,317.0,315.0,316.5,6000,316.5,2.0
2013/06/10,320.0,320.0,320.0,320.0,1000,320,2.0
2013/06/12,319.5,319.5,319.5,319.5,1000,319.5,2.0
2013/06/14,320.0,324.0,320.0,324.0,2000,324,2.0
2013/06/17,323.5,323.5,323.5,323.5,1000,323.5,2.0
2013/06/18,323.5,325.0,323.5,325.0,6000,325,2.0
2013/06/19,327.5,327.5,325.0,325.0,2000,325,2.0
2013/06/20,325.0,327.5,325.0,327.5,7000,327.5,2.0
2013/06/21,325.0,325.0,325.0,325.0,1000,325,2.0
2013/06/24,325.0,340.0,325.0,340.0,4000,340,2.0
2013/06/25,339.0,339.0,329.0,329.0,2000,329,2.0
2013/06/26,309.0,309.0,307.5,307.5,3000,307.5,2.0
2013/06/27,307.5,307.5,307.5,307.5,2000,307.5,2.0
2013/06/28,312.5,312.5,312.5,312.5,1000,312.5,2.0
2013/07/01,310.0,310.0,310.0,310.0,1000,310,2.0
2013/07/02,300.5,300.5,292.5,292.5,3000,292.5,2.0
2013/07/03,300.5,300.5,300.5,300.5,1000,300.5,2.0
2013/07/05,300.0,300.0,300.0,300.0,1000,300,2.0
2013/07/10,300.0,300.0,300.0,300.0,1000,300,2.0
2013/07/17,301.5,306.0,301.5,306.0,2000,306,2.0
2013/07/18,302.5,302.5,302.5,302.5,1000,302.5,2.0
2013/07/19,302.5,302.5,302.5,302.5,2000,302.5,2.0
2013/07/22,302.0,302.0,302.0,302.0,5000,302,2.0
2013/07/24,293.0,293.0,293.0,293.0,1000,293,2.0
2013/07/31,298.0,298.0,298.0,298.0,1000,298,2.0
2013/08/05,293.0,293.0,293.0,293.0,2000,293,2.0
2013/08/07,297.5,297.5,297.5,297.5,1000,297.5,2.0
2013/08/15,297.5,297.5,297.5,297.5,1000,297.5,2.0
2013/08/19,299.0,300.0,299.0,300.0,2000,300,2.0
2013/08/20,300.0,300.0,300.0,300.0,5000,300,2.0
2013/08/23,292.5,292.5,292.5,292.5,2000,292.5,2.0
2013/08/26,292.5,292.5,292.5,292.5,1000,292.5,2.0
2013/08/29,292.5,292.5,292.5,292.5,1000,292.5,2.0
2013/08/30,296.5,296.5,296.5,296.5,1000,296.5,2.0
2013/09/05,295.0,295.0,295.0,295.0,1000,295,2.0
2013/09/10,290.5,290.5,290.0,290.0,2000,290,2.0
2013/09/11,290.0,290.0,290.0,290.0,1000,290,2.0
2013/09/12,290.0,290.0,290.0,290.0,1000,290,2.0
2013/09/17,295.0,295.0,295.0,295.0,2000,295,2.0
2013/09/20,304.0,304.0,304.0,304.0,6000,304,2.0
2013/09/27,308.0,317.0,304.5,317.0,6000,317,2.0
2013/09/30,317.0,317.5,317.0,317.5,3000,317.5,2.0
2013/10/01,318.5,318.5,318.5,318.5,1000,318.5,2.0
2013/10/02,318.5,318.5,317.5,317.5,2000,317.5,2.0
2013/10/04,310.0,310.0,310.0,310.0,2000,310,2.0
2013/10/10,310.0,313.0,308.0,313.0,3000,313,2.0
2013/10/11,313.0,313.0,310.0,310.0,3000,310,2.0
2013/10/15,312.0,312.0,312.0,312.0,1000,312,2.0
2013/10/16,317.0,317.0,317.0,317.0,1000,317,2.0
2013/10/18,317.0,317.5,314.0,314.0,8000,314,2.0
2013/10/21,321.5,341.5,321.5,341.5,7000,341.5,2.0
2013/10/23,339.5,339.5,339.5,339.5,2000,339.5,2.0
2013/10/25,329.5,329.5,329.5,329.5,3000,329.5,2.0
2013/10/28,331.0,338.0,323.0,325.0,4000,325,2.0
2013/10/31,337.5,337.5,337.5,337.5,1000,337.5,2.0
2013/11/01,328.0,333.0,328.0,328.0,1800,328,2.0
2013/11/05,334.5,334.5,334.5,334.5,900,334.5,2.0
2013/11/06,333.5,333.5,332.5,332.5,1000,332.5,2.0
2013/11/07,332.5,334.5,331.5,334.5,2300,334.5,2.0
2013/11/08,334.5,334.5,334.5,334.5,300,334.5,2.0
2013/11/11,334.5,334.5,334.0,334.0,800,334,2.0
2013/11/12,333.5,333.5,332.5,332.5,3200,332.5,2.0
2013/11/13,332.5,332.5,332.0,332.5,1200,332.5,2.0
2013/11/14,332.5,335.5,332.5,335.5,1400,335.5,2.0
2013/11/15,335.0,335.0,335.0,335.0,400,335,2.0
2013/11/18,334.5,334.5,330.0,334.5,1600,334.5,2.0
2013/11/19,335.0,337.5,335.0,337.5,1800,337.5,2.0
2013/11/20,340.0,340.0,340.0,340.0,5700,340,2.0
2013/11/21,339.5,339.5,339.5,339.5,200,339.5,2.0
2013/11/22,339.5,340.0,339.5,340.0,200,340,2.0
2013/11/25,340.0,340.0,335.0,340.0,1600,340,2.0
2013/11/27,338.5,338.5,336.0,336.0,300,336,2.0
2013/11/28,338.0,338.0,338.0,338.0,100,338,2.0
2013/11/29,340.0,340.0,339.5,340.0,1100,340,2.0
2013/12/02,341.5,342.5,341.5,342.5,400,342.5,2.0
2013/12/03,344.0,344.0,344.0,344.0,700,344,2.0
2013/12/04,339.0,339.0,339.0,339.0,1000,339,2.0
2013/12/05,339.0,339.0,339.0,339.0,300,339,2.0
2013/12/06,338.5,339.0,337.5,339.0,700,339,2.0
2013/12/09,344.0,345.0,342.5,345.0,1100,345,2.0
2013/12/10,340.0,345.0,332.5,332.5,5400,332.5,2.0
2013/12/11,335.0,340.0,335.0,340.0,200,340,2.0
2013/12/12,341.0,343.0,341.0,343.0,200,343,2.0
2013/12/13,343.0,343.5,343.0,343.5,400,343.5,2.0
2013/12/16,343.5,344.5,343.5,344.5,2100,344.5,2.0
2013/12/17,344.5,345.0,341.5,344.5,3500,344.5,2.0
2013/12/18,344.5,345.0,339.5,339.5,2300,339.5,2.0
2013/12/19,340.0,340.0,337.0,339.5,2500,339.5,2.0
2013/12/20,340.0,340.0,340.0,340.0,5300,340,2.0
2013/12/24,335.0,340.0,333.5,340.0,1400,340,2.0
2013/12/25,339.5,339.5,329.5,331.0,3500,331,2.0
2013/12/26,335.0,339.5,335.0,339.5,700,339.5,2.0
2013/12/27,339.5,342.0,332.5,342.0,1500,342,2.0
2013/12/30,347.0,355.0,342.0,342.5,1200,342.5,2.0
2014/01/06,360.0,360.0,350.0,350.0,1200,350,2.0
2014/01/07,350.0,352.5,350.0,350.0,400,350,2.0
2014/01/08,357.0,357.5,357.0,357.0,800,357,2.0
2014/01/09,358.5,358.5,357.5,357.5,500,357.5,2.0
2014/01/10,357.5,357.5,353.5,353.5,700,353.5,2.0
2014/01/14,350.0,359.0,350.0,359.0,3000,359,2.0
2014/01/15,357.5,359.0,354.5,354.5,600,354.5,2.0
2014/01/16,357.5,360.0,357.0,360.0,1000,360,2.0
2014/01/17,360.0,367.5,360.0,367.5,2000,367.5,2.0
2014/01/20,369.0,381.5,369.0,378.0,5100,378,2.0
2014/01/21,382.5,382.5,380.0,380.0,1500,380,2.0
2014/01/22,380.0,380.0,379.5,379.5,500,379.5,2.0
2014/01/23,380.0,380.5,377.5,380.5,1900,380.5,2.0
2014/01/24,385.0,385.0,380.5,380.5,1100,380.5,2.0
2014/01/27,379.0,390.0,378.5,390.0,1300,390,2.0
2014/01/28,396.0,465.0,396.0,465.0,14200,465,2.0
2014/01/29,472.5,472.5,430.5,441.5,13100,441.5,2.0
2014/01/30,431.5,431.5,417.5,418.0,1000,418,2.0
2014/01/31,418.0,423.5,411.0,416.5,1800,416.5,2.0
2014/02/03,394.0,413.0,375.0,375.0,4400,375,2.0
2014/02/04,355.5,400.0,335.0,400.0,4400,400,2.0
2014/02/05,362.5,392.5,362.5,392.5,600,392.5,2.0
2014/02/06,392.5,393.5,392.5,393.5,500,393.5,2.0
2014/02/07,394.0,399.5,394.0,399.5,1100,399.5,2.0
2014/02/10,412.0,415.0,412.0,415.0,1400,415,2.0
2014/02/12,415.0,415.0,415.0,415.0,400,415,2.0
2014/02/13,410.0,410.0,410.0,410.0,400,410,2.0
2014/02/14,410.0,410.0,410.0,410.0,1100,410,2.0
2014/02/17,415.0,415.0,415.0,415.0,200,415,2.0
2014/02/18,407.5,411.0,407.5,408.5,2100,408.5,2.0
2014/02/19,406.0,414.0,406.0,414.0,400,414,2.0
2014/02/20,421.5,424.5,412.5,412.5,4200,412.5,2.0
2014/02/21,412.5,412.5,411.5,411.5,600,411.5,2.0
2014/02/24,415.0,415.0,415.0,415.0,100,415,2.0
2014/02/25,414.0,426.0,414.0,425.0,1500,425,2.0
2014/02/26,422.5,422.5,420.0,422.0,500,422,2.0
2014/02/27,425.0,425.0,422.5,422.5,200,422.5,2.0
2014/02/28,434.5,434.5,434.5,434.5,500,434.5,2.0
2014/03/03,434.5,442.5,428.0,428.0,900,428,2.0
2014/03/04,413.0,417.5,413.0,417.5,1000,417.5,2.0
2014/03/05,421.0,421.0,421.0,421.0,100,421,2.0
2014/03/06,422.0,422.0,418.5,418.5,800,418.5,2.0
2014/03/11,429.5,432.5,428.0,432.5,600,432.5,2.0
2014/03/12,425.0,430.5,423.0,430.5,500,430.5,2.0
2014/03/13,423.0,433.5,423.0,433.5,1000,433.5,2.0
2014/03/14,427.5,427.5,420.0,421.5,1300,421.5,2.0
2014/03/17,421.5,421.5,420.0,421.5,500,421.5,2.0
2014/03/18,423.0,425.5,421.0,425.5,2400,425.5,2.0
2014/03/19,406.5,411.0,400.5,401.5,21300,401.5,2.0
2014/03/20,399.5,405.5,395.0,395.0,11400,395,2.0
2014/03/24,399.5,400.5,396.0,400.5,2100,400.5,2.0
2014/03/25,404.0,405.5,399.0,399.0,900,399,2.0
2014/03/26,391.5,394.0,390.5,390.5,3000,390.5,2.0
2014/03/27,390.5,400.0,388.5,393.0,2500,393,2.0
2014/03/28,401.0,401.0,396.5,396.5,1100,396.5,2.0
2014/03/31,405.0,405.0,400.5,404.5,4500,404.5,2.0
2014/04/01,404.0,404.0,401.5,402.0,2700,402,2.0
2014/04/02,405.5,406.0,402.5,406.0,2200,406,2.0
2014/04/03,406.0,410.0,406.0,409.5,2000,409.5,2.0
2014/04/04,409.5,409.5,408.5,409.5,2500,409.5,2.0
2014/04/07,409.5,409.5,406.0,406.0,2900,406,2.0
2014/04/08,406.5,407.0,404.5,405.0,2600,405,2.0
2014/04/09,401.5,404.5,401.5,401.5,2100,401.5,2.0
2014/04/10,402.5,403.5,402.5,403.5,800,403.5,2.0
2014/04/11,401.5,407.0,401.0,405.5,1100,405.5,2.0
2014/04/14,406.5,406.5,405.5,406.5,900,406.5,2.0
2014/04/15,406.5,406.5,401.5,403.0,1500,403,2.0
2014/04/16,405.5,406.5,404.0,406.5,1400,406.5,2.0
2014/04/17,406.5,407.0,403.5,404.0,2600,404,2.0
2014/04/18,406.5,409.0,403.5,409.0,4000,409,2.0
2014/04/21,410.0,411.5,404.5,405.0,7200,405,2.0
2014/04/22,407.0,407.5,403.0,407.5,2000,407.5,2.0
2014/04/23,407.5,407.5,404.0,406.5,2400,406.5,2.0
2014/04/24,407.5,407.5,405.0,406.5,4000,406.5,2.0
2014/04/25,406.5,409.0,405.0,405.0,2500,405,2.0
2014/04/28,410.0,410.0,406.0,406.5,2000,406.5,2.0
2014/04/30,411.5,411.5,406.5,410.0,3800,410,2.0
2014/05/01,410.0,410.0,407.0,409.5,2200,409.5,2.0
2014/05/02,410.0,411.5,407.5,407.5,1800,407.5,2.0
2014/05/07,407.5,409.5,406.5,407.5,3700,407.5,2.0
2014/05/08,407.5,407.5,407.0,407.0,1900,407,2.0
2014/05/09,407.5,409.0,407.0,409.0,3000,409,2.0
2014/05/12,408.5,408.5,406.5,406.5,2500,406.5,2.0
2014/05/13,407.5,407.5,406.5,406.5,3400,406.5,2.0
2014/05/14,406.5,407.5,406.5,407.0,1900,407,2.0
2014/05/15,406.5,407.5,406.0,407.5,2500,407.5,2.0
2014/05/16,407.5,407.5,406.0,407.5,3400,407.5,2.0
2014/05/19,407.5,407.5,407.0,407.5,2300,407.5,2.0
2014/05/20,407.5,407.5,406.0,406.5,5800,406.5,2.0
2014/05/21,407.0,407.5,406.5,407.5,800,407.5,2.0
2014/05/22,407.5,407.5,406.5,407.0,1500,407,2.0
2014/05/23,407.5,407.5,407.0,407.5,1800,407.5,2.0
2014/05/26,407.5,409.5,407.5,407.5,4200,407.5,2.0
2014/05/27,407.5,408.5,407.0,408.5,3900,408.5,2.0
2014/05/28,408.0,408.0,407.5,408.0,3300,408,2.0
2014/05/29,408.0,408.0,407.5,408.0,6800,408,2.0
2014/05/30,408.0,408.0,407.0,407.5,10300,407.5,2.0
2014/06/02,409.0,412.5,408.5,412.5,5100,412.5,2.0
2014/06/03,412.5,413.0,411.5,413.0,4200,413,2.0
2014/06/04,413.0,414.0,411.5,414.0,4900,414,2.0
2014/06/05,414.5,418.5,414.5,418.5,14900,418.5,2.0
2014/06/06,419.0,421.5,415.0,421.0,20700,421,2.0
2014/06/09,422.5,428.5,420.0,427.5,17200,427.5,2.0
2014/06/10,427.5,430.0,425.0,429.0,10800,429,2.0
2014/06/11,427.5,449.5,427.5,443.5,24300,443.5,2.0
2014/06/12,444.0,448.5,436.0,444.5,15000,444.5,2.0
2014/06/13,444.5,450.5,440.0,449.0,9200,449,2.0
2014/06/16,449.0,459.0,449.0,458.5,12800,458.5,2.0
2014/06/17,460.0,465.0,460.0,460.5,10600,460.5,2.0
2014/06/18,461.5,463.5,460.0,461.0,8200,461,2.0
2014/06/19,460.0,462.0,459.0,462.0,10400,462,2.0
2014/06/20,460.0,461.0,442.0,450.5,19800,450.5,2.0
2014/06/23,450.0,456.0,446.0,456.0,12100,456,2.0
2014/06/24,460.0,462.5,455.0,458.0,10300,458,2.0
2014/06/25,463.5,468.0,459.5,465.5,17300,465.5,2.0
2014/06/26,427.5,434.5,417.5,423.5,44100,423.5,2.0
2014/06/27,423.0,423.5,411.0,415.0,14000,415,2.0
2014/06/30,415.0,417.5,412.5,417.5,4100,417.5,2.0
2014/07/01,417.5,417.5,412.5,412.5,6600,412.5,2.0
2014/07/02,412.0,414.0,411.0,412.0,4300,412,2.0
2014/07/03,412.0,413.0,411.5,413.0,2200,413,2.0
2014/07/04,415.0,415.0,411.0,411.0,2600,411,2.0
2014/07/07,411.0,413.5,410.5,413.5,3200,413.5,2.0
2014/07/08,413.5,413.5,410.5,410.5,2500,410.5,2.0
2014/07/09,410.5,412.0,409.0,409.5,2700,409.5,2.0
2014/07/10,410.0,414.0,409.5,410.5,1800,410.5,2.0
2014/07/11,409.0,410.0,408.5,409.5,2000,409.5,2.0
2014/07/14,408.5,408.5,407.5,407.5,2400,407.5,2.0
2014/07/15,407.5,408.5,406.5,408.0,3500,408,2.0
2014/07/16,410.0,412.0,409.5,410.5,2500,410.5,2.0
2014/07/17,415.5,415.5,409.0,411.0,2800,411,2.0
2014/07/18,412.0,412.0,409.0,410.5,1000,410.5,2.0
2014/07/22,410.5,411.5,408.5,409.0,6200,409,2.0
2014/07/23,410.0,410.0,408.0,408.0,900,408,2.0
2014/07/24,408.0,412.0,408.0,408.0,1500,408,2.0
2014/07/25,408.5,410.0,408.0,408.5,800,408.5,2.0
2014/07/28,408.5,408.5,407.5,408.5,1000,408.5,2.0
2014/07/29,408.5,410.0,407.5,410.0,2100,410,2.0
2014/07/30,410.0,410.0,408.0,408.0,900,408,2.0
2014/07/31,408.0,412.5,408.0,412.0,1600,412,2.0
2014/08/01,412.0,412.0,407.5,409.5,1700,409.5,2.0
2014/08/04,409.5,410.0,407.5,410.0,3500,410,2.0
2014/08/05,410.0,410.0,407.5,408.0,1100,408,2.0
2014/08/06,407.5,407.5,407.0,407.0,1400,407,2.0
2014/08/07,407.0,407.5,406.5,406.5,700,406.5,2.0
2014/08/08,405.5,406.0,405.5,405.5,900,405.5,2.0
2014/08/11,405.5,405.5,403.5,403.5,2500,403.5,2.0
2014/08/12,403.5,403.5,402.5,402.5,1500,402.5,2.0
2014/08/13,402.5,402.5,400.0,400.0,2500,400,2.0
2014/08/14,400.0,401.5,398.0,398.0,2900,398,2.0
2014/08/15,398.5,400.0,397.5,400.0,2500,400,2.0
2014/08/18,400.0,401.0,399.0,399.5,2000,399.5,2.0
2014/08/19,400.0,401.5,397.5,401.5,3800,401.5,2.0
2014/08/20,401.5,401.5,397.5,397.5,6100,397.5,2.0
2014/08/21,397.5,398.0,397.5,397.5,2800,397.5,2.0
2014/08/22,397.5,397.5,397.0,397.0,3400,397,2.0
2014/08/25,397.0,399.0,397.0,397.0,2800,397,2.0
2014/08/26,397.0,397.0,396.5,396.5,900,396.5,2.0
2014/08/27,396.5,398.0,395.5,396.5,2900,396.5,2.0
2014/08/28,398.0,398.0,394.0,396.0,3800,396,2.0
2014/08/29,396.0,396.0,392.5,395.0,3100,395,2.0
2014/09/01,394.5,394.5,390.5,390.5,2900,390.5,2.0
2014/09/02,392.0,392.5,391.0,392.5,2300,392.5,2.0
2014/09/03,392.5,402.0,392.5,398.0,3600,398,2.0
2014/09/04,398.0,402.5,398.0,401.0,1500,401,2.0
2014/09/05,400.5,401.0,400.0,400.0,400,400,2.0
2014/09/08,400.5,402.5,399.0,402.5,2600,402.5,2.0
2014/09/09,402.0,402.0,400.5,400.5,900,400.5,2.0
2014/09/10,400.5,402.5,399.5,399.5,2300,399.5,2.0
2014/09/11,401.0,401.0,401.0,401.0,100,401,2.0
2014/09/12,401.0,410.0,401.0,409.5,5200,409.5,2.0
2014/09/16,410.0,417.5,410.0,415.0,5000,415,2.0
2014/09/17,415.5,418.0,411.5,415.0,8100,415,2.0
2014/09/18,410.5,414.0,410.5,412.5,1700,412.5,2.0
2014/09/19,410.5,412.0,408.0,412.0,3000,412,2.0
2014/09/22,412.0,415.0,412.0,415.0,4500,415,2.0
2014/09/24,415.5,421.5,415.5,418.5,12000,418.5,2.0
2014/09/25,419.0,421.0,418.5,419.0,3000,419,2.0
2014/09/26,419.5,424.5,419.5,424.5,6700,424.5,2.0
2014/09/29,425.5,431.0,425.5,431.0,4900,431,2.0
2014/09/30,430.0,430.0,417.0,424.0,3800,424,2.0
2014/10/01,422.5,424.0,420.0,421.5,2600,421.5,2.0
2014/10/02,420.0,422.0,418.0,419.0,3600,419,2.0
2014/10/03,419.0,425.0,417.5,425.0,3600,425,2.0
2014/10/06,427.0,427.5,423.0,427.5,5500,427.5,2.0
2014/10/07,427.5,427.5,424.0,425.0,1600,425,2.0
2014/10/08,422.5,424.0,419.0,421.0,4400,421,2.0
2014/10/09,424.5,424.5,420.0,420.0,5500,420,2.0
2014/10/10,420.0,420.0,411.0,417.5,1900,417.5,2.0
2014/10/14,412.5,420.0,411.5,412.5,1800,412.5,2.0
2014/10/15,415.5,417.5,414.5,416.0,2800,416,2.0
2014/10/16,413.0,429.0,413.0,417.5,2700,417.5,2.0
2014/10/17,417.5,422.5,417.5,420.0,1300,420,2.0
2014/10/20,425.0,427.0,424.0,427.0,6100,427,2.0
2014/10/21,428.5,430.5,428.5,430.5,5200,430.5,2.0
2014/10/22,430.5,432.5,430.5,432.5,3400,432.5,2.0
2014/10/23,425.0,430.0,424.5,425.0,4200,425,2.0
2014/10/24,427.5,428.0,425.5,428.0,600,428,2.0
2014/10/27,428.5,431.5,428.5,431.5,2400,431.5,2.0
2014/10/28,432.0,436.5,431.5,436.0,8700,436,2.0
2014/10/29,437.0,440.0,430.0,438.0,10300,438,2.0
2014/10/30,438.0,442.5,435.0,438.0,3500,438,2.0
2014/10/31,438.0,439.5,435.0,438.0,2100,438,2.0
2014/11/04,436.0,438.5,430.5,435.5,4000,435.5,2.0
2014/11/05,435.5,442.5,433.0,435.5,6500,435.5,2.0
2014/11/06,435.5,440.5,435.5,440.5,1300,440.5,2.0
2014/11/07,437.5,439.5,435.0,439.5,7400,439.5,2.0
2014/11/10,436.0,437.0,434.5,435.5,2500,435.5,2.0
2014/11/11,437.5,443.0,437.5,442.5,12600,442.5,2.0
2014/11/12,444.0,444.0,437.5,441.0,9400,441,2.0
2014/11/13,437.5,443.0,432.5,440.5,16800,440.5,2.0
2014/11/14,437.0,448.5,437.0,448.5,4400,448.5,2.0
2014/11/17,450.0,452.5,450.0,450.0,8400,450,2.0
2014/11/18,451.0,460.0,451.0,460.0,8600,460,2.0
2014/11/19,460.0,461.5,457.5,460.5,4000,460.5,2.0
2014/11/20,466.0,469.0,465.0,467.5,9500,467.5,2.0
2014/11/21,470.0,482.0,470.0,482.0,12800,482,2.0
2014/11/25,525.0,557.0,516.0,557.0,125700,557,2.0
2014/11/26,572.0,640.0,536.5,611.0,81700,611,2.0
2014/11/27,624.0,675.0,624.0,640.0,74700,640,2.0
2014/11/28,639.0,673.5,597.5,665.0,77100,665,2.0
2014/12/01,665.0,665.0,625.0,636.5,25600,636.5,2.0
2014/12/02,631.0,634.5,623.5,627.0,10500,627,2.0
2014/12/03,632.5,665.0,623.5,663.0,13100,663,2.0
2014/12/04,669.5,669.5,625.0,660.0,11600,660,2.0
2014/12/05,670.0,749.5,669.0,744.0,44200,744,2.0
2014/12/08,744.0,779.0,725.0,730.0,34400,730,2.0
2014/12/09,739.5,744.5,710.0,735.0,12000,735,2.0
2014/12/10,745.0,786.5,745.0,786.0,74400,786,2.0
2014/12/11,746.0,779.5,725.5,761.5,37700,761.5,2.0
2014/12/12,781.5,800.0,776.5,786.0,40600,786,2.0
2014/12/15,786.0,865.0,785.5,857.5,62400,857.5,2.0
2014/12/16,865.0,948.0,804.5,839.5,77000,839.5,2.0
2014/12/17,839.5,890.0,775.5,875.0,33800,875,2.0
2014/12/18,895.0,895.0,860.0,872.5,26900,872.5,2.0
2014/12/19,864.0,865.0,830.0,863.5,14700,863.5,2.0
2014/12/22,874.5,874.5,859.5,867.5,22400,867.5,2.0
2014/12/24,867.5,894.0,820.0,894.0,35800,894,2.0
2014/12/25,894.0,894.0,860.0,869.5,17400,869.5,2.0
2014/12/26,889.5,925.0,878.0,924.0,75200,924,2.0
2014/12/29,915.0,1124.0,878.5,1112.5,243500,1112.5,2.0
2014/12/30,1097.5,1362.5,1029.5,1311.5,101900,1311.5,2.0
2015/01/05,1311.5,1311.5,1119.5,1133.5,73500,1133.5,2.0
2015/01/06,1106.5,1121.0,1050.5,1055.0,28200,1055,2.0
2015/01/07,1050.0,1095.0,1045.0,1084.5,24400,1084.5,2.0
2015/01/08,1084.5,1089.5,1055.0,1067.0,9800,1067,2.0
2015/01/09,1053.0,1086.0,982.0,1010.5,15300,1010.5,2.0
2015/01/13,1015.0,1015.0,945.0,956.5,18300,956.5,2.0
2015/01/14,946.5,1010.0,945.0,945.0,12100,945,2.0
2015/01/15,945.0,951.5,890.0,918.0,13700,918,2.0
2015/01/16,913.5,944.5,875.0,928.5,15100,928.5,2.0
2015/01/19,921.0,921.0,882.5,907.5,5100,907.5,2.0
2015/01/20,887.5,905.0,887.5,902.0,6100,902,2.0
2015/01/21,910.0,916.0,890.0,897.5,5000,897.5,2.0
2015/01/22,877.5,909.0,877.5,891.5,3400,891.5,2.0
2015/01/23,895.0,895.0,877.5,880.0,3100,880,2.0
2015/01/26,881.0,883.5,875.0,882.5,6000,882.5,2.0
2015/01/27,882.5,903.0,877.5,897.0,4800,897,2.0
2015/01/28,880.0,930.0,880.0,925.5,8800,925.5,2.0
2015/01/29,925.5,955.0,899.5,941.5,15700,941.5,2.0
2015/01/30,977.5,977.5,940.0,951.5,10800,951.5,2.0
2015/02/02,951.5,951.5,898.5,929.5,7900,929.5,2.0
2015/02/03,929.5,934.5,900.0,900.0,4700,900,2.0
2015/02/04,910.0,917.5,897.5,908.5,6600,908.5,2.0
2015/02/05,908.5,908.5,902.0,903.0,1600,903,2.0
2015/02/06,903.0,909.0,895.0,899.0,3300,899,2.0
2015/02/09,877.5,892.0,835.5,852.5,9600,852.5,2.0
2015/02/10,836.5,849.0,827.5,827.5,9600,827.5,2.0
2015/02/12,847.0,850.0,825.0,837.0,4300,837,2.0
2015/02/13,850.0,899.0,845.0,872.0,12400,872,2.0
2015/02/16,872.0,890.0,850.5,883.5,6900,883.5,2.0
2015/02/17,883.5,897.0,881.0,886.0,1600,886,2.0
2015/02/18,892.5,900.0,887.5,896.0,6300,896,2.0
2015/02/19,900.0,900.0,880.0,900.0,5100,900,2.0
2015/02/20,900.0,917.5,900.0,909.5,5600,909.5,2.0
2015/02/23,910.0,910.0,899.0,903.0,3300,903,2.0
2015/02/24,905.0,910.0,887.5,910.0,4100,910,2.0
2015/02/25,890.0,910.0,890.0,896.0,2100,896,2.0
2015/02/26,890.5,900.0,890.0,900.0,3500,900,2.0
2015/02/27,900.0,925.0,890.5,897.5,12500,897.5,2.0
2015/03/02,898.0,930.5,898.0,930.0,5500,930,2.0
2015/03/03,930.0,930.0,912.5,929.5,2500,929.5,2.0
2015/03/04,915.0,925.0,910.5,913.5,2100,913.5,2.0
2015/03/05,913.5,932.5,912.5,929.0,2300,929,2.0
2015/03/06,932.5,943.0,922.5,942.5,5900,942.5,2.0
2015/03/09,942.0,952.0,925.5,952.0,2900,952,2.0
2015/03/10,952.0,1020.0,945.5,1020.0,24800,1020,2.0
2015/03/11,1022.5,1022.5,980.0,986.0,17500,986,2.0
2015/03/12,1000.0,1000.0,986.0,999.0,6800,999,2.0
2015/03/13,1015.0,1015.0,999.0,1000.0,19500,1000,2.0
2015/03/16,1225.0,1225.0,1090.5,1104.0,69000,1104,2.0
2015/03/17,1112.5,1137.5,1075.0,1099.5,20600,1099.5,2.0
2015/03/18,1124.5,1124.5,1095.5,1102.5,6500,1102.5,2.0
2015/03/19,1100.0,1108.0,1091.5,1102.0,7900,1102,2.0
2015/03/20,1102.0,1117.0,1098.5,1114.5,13000,1114.5,2.0
2015/03/23,1134.5,1134.5,1119.0,1130.5,4800,1130.5,2.0
2015/03/24,1130.5,1138.5,1121.0,1133.5,5800,1133.5,2.0
2015/03/25,1140.0,1140.0,1130.5,1131.0,4800,1131,2.0
2015/03/26,1134.0,1134.0,1001.0,1022.5,10300,1022.5,2.0
2015/03/27,1083,1100,1045,1065,31400,1065,1
2015/03/30,1125,1135,1071,1131,28300,1131,1
2015/03/31,1131,1270,1131,1240,33300,1240,1
2015/04/01,1300,1300,1177,1239,42300,1239,1
2015/04/02,1250,1262,1200,1215,27400,1215,1
2015/04/03,1215,1215,1173,1205,24800,1205,1
2015/04/06,1206,1215,1186,1191,13600,1191,1
2015/04/07,1199,1207,1170,1177,24500,1177,1
2015/04/08,1178,1200,1170,1191,14100,1191,1
2015/04/09,1191,1199,1185,1194,9200,1194,1
2015/04/10,1184,1193,1166,1173,18800,1173,1
2015/04/13,1163,1172,1131,1169,30700,1169,1
2015/04/14,1167,1167,1138,1150,14700,1150,1
2015/04/15,1135,1165,1127,1132,16400,1132,1
2015/04/16,1129,1135,1113,1130,14200,1130,1
2015/04/17,1129,1129,1105,1110,18300,1110,1
2015/04/20,1110,1133,1104,1106,17000,1106,1
2015/04/21,1106,1114,1092,1093,16000,1093,1
2015/04/22,1111,1135,1055,1134,15900,1134,1
2015/04/23,1121,1140,1121,1128,8800,1128,1
2015/04/24,1120,1135,1107,1111,21100,1111,1
2015/04/27,1130,1130,1057,1096,23100,1096,1
2015/04/28,1115,1115,1055,1066,44700,1066,1
2015/04/30,1066,1075,1058,1061,18900,1061,1
2015/05/01,1075,1084,1058,1071,20000,1071,1
2015/05/07,1070,1081,1025,1044,27900,1044,1
2015/05/08,1030,1038,1000,1013,39700,1013,1
2015/05/11,1014,1048,1014,1041,16500,1041,1
2015/05/12,1054,1091,1042,1073,24300,1073,1
2015/05/13,1078,1105,1076,1094,32100,1094,1
2015/05/14,1094,1094,1060,1070,15200,1070,1
2015/05/15,1090,1111,1069,1085,20100,1085,1
2015/05/18,1080,1105,1080,1100,12300,1100,1
2015/05/19,1099,1117,1099,1117,26600,1117,1
2015/05/20,1117,1126,1108,1123,18000,1123,1
2015/05/21,1125,1140,1115,1118,16700,1118,1
2015/05/22,1127,1140,1121,1136,7300,1136,1
2015/05/25,1140,1160,1140,1146,10000,1146,1
2015/05/26,1153,1158,1146,1154,15900,1154,1
2015/05/27,1163,1163,1146,1157,16400,1157,1
2015/05/28,1170,1178,1163,1174,13000,1174,1
2015/05/29,1178,1190,1167,1172,15400,1172,1
2015/06/01,1167,1171,1152,1170,20400,1170,1
2015/06/02,1170,1170,1158,1160,14600,1160,1
2015/06/03,1162,1165,1159,1160,8700,1160,1
2015/06/04,1165,1165,1161,1164,8600,1164,1
2015/06/05,1162,1166,1162,1164,9900,1164,1
2015/06/08,1158,1180,1158,1174,12100,1174,1
2015/06/09,1174,1175,1165,1166,15300,1166,1
2015/06/10,1166,1174,1158,1167,14800,1167,1
2015/06/11,1169,1175,1168,1171,13000,1171,1
2015/06/12,1170,1180,1170,1175,27800,1175,1
2015/06/15,1175,1175,1170,1173,16300,1173,1
2015/06/16,1173,1179,1171,1174,12000,1174,1
2015/06/17,1179,1180,1167,1167,16200,1167,1
2015/06/18,1166,1166,1131,1136,23200,1136,1
2015/06/19,1142,1165,1138,1150,15500,1150,1
2015/06/22,1152,1164,1150,1155,24800,1155,1
2015/06/23,1155,1169,1155,1168,25100,1168,1
2015/06/24,1169,1179,1167,1173,35400,1173,1
2015/06/25,1155,1159,1141,1141,174100,1141,1
2015/06/26,1112,1142,1095,1114,78100,1114,1
2015/06/29,1067,1109,1067,1093,29000,1093,1
2015/06/30,1077,1086,1047,1068,28600,1068,1
2015/07/01,1061,1109,1060,1092,21400,1092,1
2015/07/02,1095,1104,1083,1091,9800,1091,1
2015/07/03,1091,1092,1075,1075,14100,1075,1
2015/07/06,1075,1075,1050,1050,12600,1050,1
2015/07/07,1072,1090,1063,1083,10300,1083,1
2015/07/08,1090,1091,1045,1045,17200,1045,1
2015/07/09,1025,1082,1004,1035,17800,1035,1
2015/07/10,1041,1052,1021,1027,20000,1027,1
2015/07/13,1032,1035,962,1026,21800,1026,1
2015/07/14,1100,1106,1078,1091,24300,1091,1
2015/07/15,1082,1099,1065,1074,16500,1074,1
2015/07/16,1060,1087,1016,1065,10100,1065,1
2015/07/17,1080,1087,1068,1077,6600,1077,1
2015/07/21,1080,1081,1077,1080,4900,1080,1
2015/07/22,1076,1099,1051,1055,9000,1055,1
2015/07/23,1059,1059,1040,1048,7900,1048,1
2015/07/24,1048,1057,1047,1047,8300,1047,1
2015/07/27,1047,1047,1039,1039,6900,1039,1
2015/07/28,1036,1065,1036,1045,10600,1045,1
2015/07/29,1045,1048,1034,1044,6600,1044,1
2015/07/30,1033,1060,1033,1037,9000,1037,1
2015/07/31,1037,1079,1037,1053,8000,1053,1
2015/08/03,1050,1098,1050,1095,18400,1095,1
2015/08/04,1099,1120,1096,1113,18200,1113,1
2015/08/05,1100,1142,1100,1138,18300,1138,1
2015/08/06,1131,1147,1121,1141,12100,1141,1
2015/08/07,1121,1151,1121,1143,19700,1143,1
2015/08/10,1140,1140,1120,1138,14100,1138,1
2015/08/11,1138,1138,1100,1117,10900,1117,1
2015/08/12,1117,1117,1102,1103,3100,1103,1
2015/08/13,1100,1107,1083,1097,5800,1097,1
2015/08/14,1097,1124,1091,1098,3700,1098,1
2015/08/17,1100,1107,1063,1103,7400,1103,1
2015/08/18,1123,1123,1116,1120,2900,1120,1
2015/08/19,1117,1117,1081,1090,5900,1090,1
2015/08/20,1090,1100,1082,1082,8100,1082,1
2015/08/21,1082,1085,1066,1067,9600,1067,1
2015/08/24,1050,1065,1021,1027,16200,1027,1
2015/08/25,1015,1021,965,989,14700,989,1
2015/08/26,1021,1052,980,1021,13500,1021,1
2015/08/27,1060,1068,1023,1049,9300,1049,1
2015/08/28,1049,1063,1045,1049,6200,1049,1
2015/08/31,1049,1095,1031,1091,4600,1091,1
2015/09/01,1090,1090,1037,1040,10700,1040,1
2015/09/02,1035,1060,1014,1020,7100,1020,1
2015/09/03,1020,1054,1020,1025,4900,1025,1
2015/09/04,1052,1052,1001,1003,9200,1003,1
2015/09/07,1000,1050,988,1017,9500,1017,1
2015/09/08,1017,1017,982,990,7500,990,1
2015/09/09,1008,1050,1008,1048,6900,1048,1
2015/09/10,1047,1047,1004,1037,5700,1037,1
2015/09/11,1010,1047,1010,1029,16000,1029,1
2015/09/14,1047,1047,1010,1016,2700,1016,1
2015/09/15,1004,1075,1004,1051,12300,1051,1
2015/09/16,1069,1069,1054,1060,3000,1060,1
2015/09/17,1064,1074,1060,1073,5500,1073,1
2015/09/18,1054,1064,1042,1062,3600,1062,1
2015/09/24,1062,1076,1026,1031,11400,1031,1
2015/09/25,1031,1079,1031,1072,6000,1072,1
2015/09/28,1050,1050,1001,1042,6300,1042,1
2015/09/29,1035,1035,1009,1024,2900,1024,1
2015/09/30,1024,1032,1020,1021,3200,1021,1
2015/10/01,1030,1035,1020,1020,3800,1020,1
2015/10/02,1015,1036,1014,1015,3200,1015,1
2015/10/05,1030,1051,1030,1031,9100,1031,1
2015/10/06,1040,1053,1037,1040,10600,1040,1
2015/10/07,1050,1058,1011,1015,8200,1015,1
2015/10/08,1013,1026,1012,1016,4600,1016,1
2015/10/09,1015,1021,1015,1021,5100,1021,1
2015/10/13,1015,1035,999,999,13100,999,1
2015/10/14,1000,1005,998,1001,9800,1001,1
2015/10/15,1001,1023,1001,1009,5000,1009,1
2015/10/16,1035,1038,1013,1017,5100,1017,1
2015/10/19,1011,1030,1010,1026,3200,1026,1
2015/10/20,1026,1032,1001,1013,9100,1013,1
2015/10/21,1006,1015,1001,1015,5100,1015,1
2015/10/22,1004,1025,1004,1025,3600,1025,1
2015/10/23,1030,1030,1003,1025,8900,1025,1
2015/10/26,1025,1031,1015,1030,7700,1030,1
2015/10/27,1040,1046,1040,1043,12000,1043,1
2015/10/28,1057,1080,1042,1080,19500,1080,1
2015/10/29,1083,1090,1030,1042,13000,1042,1
2015/10/30,1056,1080,1051,1056,6700,1056,1
2015/11/02,1057,1059,1052,1053,6700,1053,1
2015/11/04,1070,1070,1045,1057,5600,1057,1
2015/11/05,1062,1078,1045,1076,10800,1076,1
2015/11/06,1078,1085,1078,1085,8800,1085,1
2015/11/09,1085,1147,1084,1120,20500,1120,1
2015/11/10,1120,1146,1060,1139,18200,1139,1
2015/11/11,1150,1159,1130,1132,16800,1132,1
2015/11/12,1150,1155,1140,1150,15500,1150,1
2015/11/13,1133,1154,1133,1154,6700,1154,1
2015/11/16,1145,1154,1145,1151,7300,1151,1
2015/11/17,1155,1155,1147,1155,9800,1155,1
2015/11/18,1155,1158,1149,1157,8100,1157,1
2015/11/19,1156,1159,1150,1159,8800,1159,1
2015/11/20,1158,1160,1145,1156,12900,1156,1
2015/11/24,1156,1167,1154,1167,11000,1167,1
2015/11/25,1170,1172,1150,1169,10300,1169,1
2015/11/26,1171,1171,1159,1165,3300,1165,1
2015/11/27,1165,1169,1150,1164,10600,1164,1
2015/11/30,1153,1170,1153,1168,7700,1168,1
2015/12/01,1169,1170,1160,1170,4900,1170,1
2015/12/02,1080,1130,1060,1118,66100,1118,1
2015/12/03,1101,1167,1101,1155,22000,1155,1
2015/12/04,1150,1150,1135,1145,6200,1145,1
2015/12/07,1140,1152,1135,1138,8700,1138,1
2015/12/08,1100,1115,1095,1103,35700,1103,1
2015/12/09,1096,1100,1060,1090,9400,1090,1
2015/12/10,1072,1096,1035,1036,10800,1036,1
2015/12/11,1022,1045,1022,1039,14700,1039,1
2015/12/14,1037,1042,1022,1037,6600,1037,1
2015/12/15,1037,1038,1025,1027,5300,1027,1
2015/12/16,1028,1040,1028,1033,7600,1033,1
2015/12/17,1055,1063,1039,1060,6600,1060,1
2015/12/18,1060,1086,1059,1081,9500,1081,1
2015/12/21,1081,1102,1075,1093,14800,1093,1
2015/12/22,1102,1102,1087,1091,6600,1091,1
2015/12/24,1101,1101,1063,1063,4100,1063,1
2015/12/25,1033,1100,1030,1087,12200,1087,1
2015/12/28,1074,1098,1057,1060,6200,1060,1
2015/12/29,1059,1069,1022,1039,9100,1039,1
2015/12/30,1039,1039,1003,1010,23800,1010,1
2016/01/04,1007,1009,988,991,16200,991,1
2016/01/05,991,1003,988,994,8700,994,1
2016/01/06,988,1009,988,993,7100,993,1
2016/01/07,1000,1007,991,994,5200,994,1
2016/01/08,996,998,989,990,9900,990,1
2016/01/12,991,993,970,972,13600,972,1
2016/01/13,980,992,976,983,7300,983,1
2016/01/14,992,992,939,966,16000,966,1
2016/01/15,984,984,947,949,7300,949,1
2016/01/18,949,968,930,939,7800,939,1
2016/01/19,941,941,882,891,10800,891,1
2016/01/20,891,905,880,881,16300,881,1
2016/01/21,867,896,867,867,11400,867,1
2016/01/22,875,898,875,893,9300,893,1
2016/01/25,905,955,905,941,8100,941,1
2016/01/26,941,941,931,932,3100,932,1
2016/01/27,871,886,855,856,58500,856,1
2016/01/28,856,867,854,858,13100,858,1
2016/01/29,871,878,858,877,16500,877,1
2016/02/01,888,888,878,882,7700,882,1
2016/02/02,880,880,867,876,9200,876,1
2016/02/03,870,872,862,870,6100,870,1
2016/02/04,865,875,864,865,4900,865,1
2016/02/05,873,873,862,866,4300,866,1
2016/02/08,868,880,866,879,5400,879,1
2016/02/09,867,884,864,865,8000,865,1
2016/02/10,880,884,861,861,14800,861,1
2016/02/12,855,862,821,825,27100,825,1
2016/02/15,869,874,854,873,11500,873,1
2016/02/16,879,891,870,870,11300,870,1
2016/02/17,872,872,855,861,6200,861,1
2016/02/18,876,876,860,866,6900,866,1
2016/02/19,867,875,862,863,8900,863,1
2016/02/22,863,882,860,863,15200,863,1
2016/02/23,863,876,860,865,6800,865,1
2016/02/24,860,876,859,860,7800,860,1
2016/02/25,865,876,862,870,14200,870,1
2016/02/26,879,903,879,903,8100,903,1
2016/02/29,910,950,910,937,16500,937,1
2016/03/01,937,950,937,941,6700,941,1
2016/03/02,948,996,948,984,13500,984,1
2016/03/03,969,993,969,992,8100,992,1
2016/03/04,985,986,940,961,10900,961,1
2016/03/07,972,982,938,940,7600,940,1
2016/03/08,937,941,931,933,5600,933,1
2016/03/09,933,936,931,933,3000,933,1
2016/03/10,940,948,940,944,3800,944,1
2016/03/11,941,976,941,974,13500,974,1
2016/03/14,980,998,977,991,4700,991,1
2016/03/15,991,1012,987,1002,17000,1002,1
2016/03/16,1000,1008,994,994,5000,994,1
2016/03/17,1000,1012,990,994,7700,994,1
2016/03/18,1004,1004,960,963,7300,963,1
2016/03/22,963,973,963,973,9100,973,1
2016/03/23,983,985,976,985,3200,985,1
2016/03/24,975,975,964,967,9100,967,1
2016/03/25,978,997,978,993,4500,993,1
2016/03/28,993,1013,982,1013,14900,1013,1
2016/03/29,1010,1017,1000,1017,6300,1017,1
2016/03/30,1025,1029,1012,1012,7300,1012,1
2016/03/31,1020,1020,997,997,6700,997,1
2016/04/01,1000,1012,965,965,11200,965,1
2016/04/04,975,996,959,984,9800,984,1
2016/04/05,980,980,949,952,10800,952,1
2016/04/06,962,964,939,942,4500,942,1
2016/04/07,950,958,941,942,4200,942,1
2016/04/08,935,964,935,954,7400,954,1
2016/04/11,966,976,956,970,2700,970,1
2016/04/12,970,980,967,974,3600,974,1
2016/04/13,975,980,974,974,1500,974,1
2016/04/14,974,981,970,981,7100,981,1
2016/04/15,982,989,981,988,4500,988,1
2016/04/18,988,994,971,981,3900,981,1
2016/04/19,981,997,981,997,3500,997,1
2016/04/20,997,1027,997,1005,23400,1005,1
2016/04/21,1009,1022,1008,1019,5400,1019,1
2016/04/22,1019,1030,1010,1030,8900,1030,1
2016/04/25,1030,1030,981,1002,8900,1002,1
2016/04/26,1020,1020,1010,1018,2600,1018,1
2016/04/27,1020,1029,1014,1025,5900,1025,1
2016/04/28,1030,1030,1018,1021,9200,1021,1
2016/05/02,1000,1016,1000,1004,7100,1004,1
2016/05/06,1010,1022,988,991,4200,991,1
2016/05/09,1006,1017,1005,1014,4800,1014,1
2016/05/10,1015,1015,1003,1013,9300,1013,1
2016/05/11,1010,1012,1010,1011,2600,1011,1
2016/05/12,1010,1011,1005,1011,4200,1011,1
2016/05/13,1012,1015,1005,1008,6100,1008,1
2016/05/16,1009,1031,1009,1026,9900,1026,1
2016/05/17,1038,1059,1031,1059,14600,1059,1
2016/05/18,1060,1060,1007,1018,8500,1018,1
2016/05/19,1020,1048,1010,1014,6100,1014,1
2016/05/20,1014,1043,1014,1039,7200,1039,1
2016/05/23,1050,1050,1018,1024,5700,1024,1
2016/05/24,1024,1025,1017,1018,2700,1018,1
2016/05/25,1021,1030,1018,1027,7200,1027,1
2016/05/26,1026,1041,1026,1034,6300,1034,1
2016/05/27,1043,1049,1035,1047,4500,1047,1
2016/05/30,1049,1055,1044,1055,8500,1055,1
2016/05/31,1055,1055,1042,1054,5300,1054,1
2016/06/01,1054,1069,1050,1067,7200,1067,1
2016/06/02,1057,1075,1057,1074,7300,1074,1
2016/06/03,1079,1083,1054,1080,7100,1080,1
2016/06/06,1075,1085,1073,1083,9400,1083,1
2016/06/07,1088,1090,1083,1086,3600,1086,1
2016/06/08,1080,1092,1040,1086,9200,1086,1
2016/06/09,1086,1094,1083,1085,5400,1085,1
2016/06/10,1097,1097,1076,1093,14600,1093,1
2016/06/13,1089,1093,1080,1090,10700,1090,1
2016/06/14,1090,1090,1073,1075,9100,1075,1
2016/06/15,1075,1088,1075,1078,8500,1078,1
2016/06/16,1077,1086,1075,1075,7700,1075,1
2016/06/17,1070,1085,1070,1085,7900,1085,1
2016/06/20,1086,1090,1086,1086,7600,1086,1
2016/06/21,1090,1094,1086,1094,10700,1094,1
2016/06/22,1094,1099,1086,1098,34100,1098,1
2016/06/23,1100,1100,1090,1100,14600,1100,1
2016/06/24,1097,1100,1070,1100,24500,1100,1
2016/06/27,1095,1099,1026,1026,112500,1026,1
2016/06/28,1005,1026,958,988,52600,988,1
2016/06/29,988,1036,988,1029,13400,1029,1
2016/06/30,1040,1054,1040,1045,12800,1045,1
2016/07/01,1045,1085,1045,1085,15800,1085,1
2016/07/04,1080,1080,1048,1067,11400,1067,1
2016/07/05,1048,1074,1045,1074,6600,1074,1
2016/07/06,1071,1079,1058,1062,8100,1062,1
2016/07/07,1062,1084,1050,1062,12700,1062,1
2016/07/08,1080,1080,1051,1054,5500,1054,1
2016/07/11,1079,1098,1054,1067,17900,1067,1
2016/07/12,1080,1090,1061,1070,7000,1070,1
2016/07/13,1070,1099,1059,1096,9100,1096,1
2016/07/14,1094,1097,1083,1090,7400,1090,1
2016/07/15,1096,1096,1075,1077,8100,1077,1
2016/07/19,1077,1098,1076,1098,6500,1098,1
2016/07/20,1098,1098,1077,1098,8000,1098,1
2016/07/21,1098,1098,1079,1090,5000,1090,1
2016/07/22,1087,1090,1070,1082,7200,1082,1
2016/07/25,1082,1090,1071,1090,3100,1090,1
2016/07/26,1094,1094,1074,1074,8100,1074,1
2016/07/27,1083,1091,1076,1083,4600,1083,1
2016/07/28,1071,1079,1054,1065,7900,1065,1
2016/07/29,1065,1078,1056,1072,3200,1072,1
2016/08/01,1061,1098,1058,1079,8500,1079,1
2016/08/02,1069,1074,1050,1050,5200,1050,1
2016/08/03,1051,1064,1040,1042,5600,1042,1
2016/08/04,1047,1051,1017,1031,4700,1031,1
2016/08/05,1051,1051,1023,1030,5800,1030,1
2016/08/08,1050,1089,1050,1088,17600,1088,1
2016/08/09,1089,1121,1074,1120,22600,1120,1
2016/08/10,1120,1120,1094,1114,6600,1114,1
2016/08/12,1120,1125,1118,1122,6800,1122,1
2016/08/15,1122,1122,1117,1119,1400,1119,1
2016/08/16,1120,1120,1110,1114,5900,1114,1
2016/08/17,1101,1105,1076,1105,9000,1105,1
2016/08/18,1103,1118,1096,1112,5500,1112,1
2016/08/19,1082,1112,1082,1104,3400,1104,1
2016/08/22,1104,1105,1085,1100,9800,1100,1
2016/08/23,1083,1105,1083,1089,11700,1089,1
2016/08/24,1089,1096,1082,1094,4800,1094,1
2016/08/25,1094,1100,1082,1087,4400,1087,1
2016/08/26,1083,1083,1053,1054,3900,1054,1
2016/08/29,1084,1084,995,1007,10500,1007,1
2016/08/30,998,1003,980,991,8400,991,1
2016/08/31,991,1015,991,1013,3700,1013,1
2016/09/01,1013,1023,991,1006,4700,1006,1
2016/09/02,999,1090,999,1018,6500,1018,1
2016/09/05,1018,1033,1017,1033,4000,1033,1
2016/09/06,1004,1038,1004,1038,1900,1038,1
2016/09/07,1038,1038,1012,1033,4900,1033,1
2016/09/08,1044,1044,1021,1028,3400,1028,1
2016/09/09,1036,1037,1030,1037,4700,1037,1
2016/09/12,1037,1043,1029,1041,2000,1041,1
2016/09/13,1050,1074,1033,1033,2900,1033,1
2016/09/14,1034,1042,1034,1038,3000,1038,1
2016/09/15,1032,1041,1032,1035,1500,1035,1
2016/09/16,1046,1048,1030,1034,5400,1034,1
2016/09/20,1034,1069,1034,1058,9800,1058,1
2016/09/21,1059,1100,1059,1100,10200,1100,1
2016/09/23,1100,1100,1074,1096,8400,1096,1
2016/09/26,1097,1100,1091,1100,5100,1100,1
2016/09/27,1099,1120,1092,1120,10600,1120,1
2016/09/28,1120,1120,1101,1113,5100,1113,1
2016/09/29,1119,1120,1101,1120,9600,1120,1
2016/09/30,1114,1117,1101,1112,3200,1112,1
2016/10/03,1112,1112,1100,1101,4200,1101,1
2016/10/04,1101,1110,1101,1106,4100,1106,1
2016/10/05,1109,1117,1108,1112,8800,1112,1
2016/10/06,1112,1119,1112,1117,7200,1117,1
2016/10/07,1110,1119,1110,1119,6300,1119,1
2016/10/11,1110,1120,1105,1116,8500,1116,1
2016/10/12,1110,1120,1104,1116,5300,1116,1
2016/10/13,1119,1119,1099,1118,4200,1118,1
2016/10/14,1120,1120,1117,1119,7500,1119,1
2016/10/17,1119,1130,1110,1111,8700,1111,1
2016/10/18,1116,1120,1084,1087,6000,1087,1
2016/10/19,1115,1115,1096,1111,3100,1111,1
2016/10/20,1111,1120,1111,1117,8500,1117,1
2016/10/21,1117,1120,1101,1109,5600,1109,1
2016/10/24,1094,1119,1094,1115,2900,1115,1
2016/10/25,1120,1120,1115,1120,6200,1120,1
2016/10/26,1103,1139,1081,1134,12500,1134,1
2016/10/27,1140,1140,1102,1120,5800,1120,1
2016/10/28,1108,1130,1097,1130,11800,1130,1
2016/10/31,1130,1131,1110,1125,9200,1125,1
2016/11/01,1113,1134,1109,1127,5600,1127,1
2016/11/02,1103,1126,1103,1113,5400,1113,1
2016/11/04,1103,1134,1102,1134,8200,1134,1
2016/11/07,1120,1135,1101,1102,8700,1102,1
2016/11/08,1108,1133,1108,1133,6900,1133,1
2016/11/09,1133,1133,1100,1112,7100,1112,1
2016/11/10,1132,1135,1094,1101,14600,1101,1
2016/11/11,1101,1139,1081,1095,8700,1095,1
2016/11/14,1080,1085,1062,1076,9400,1076,1
2016/11/15,1067,1083,1067,1077,4500,1077,1
2016/11/16,1082,1097,1082,1094,4600,1094,1
2016/11/17,1103,1106,1097,1106,3400,1106,1
2016/11/18,1108,1119,1106,1108,4900,1108,1
2016/11/21,1108,1110,1099,1108,8300,1108,1
2016/11/22,1111,1126,1104,1121,8700,1121,1
2016/11/24,1121,1121,1100,1114,5000,1114,1
2016/11/25,1114,1122,1095,1101,6600,1101,1
2016/11/28,1080,1118,1077,1112,7500,1112,1
2016/11/29,1115,1120,1090,1120,5000,1120,1
2016/11/30,1120,1120,1107,1109,3700,1109,1
2016/12/01,1115,1115,1097,1099,3300,1099,1
2016/12/02,1100,1115,1097,1097,3500,1097,1
2016/12/05,1090,1125,1085,1095,7100,1095,1
2016/12/06,1104,1104,1085,1085,8600,1085,1
2016/12/07,1094,1095,1078,1092,8000,1092,1
2016/12/08,1099,1099,1078,1083,9100,1083,1
2016/12/09,1076,1084,1073,1079,11100,1079,1
2016/12/12,1089,1098,1089,1097,9700,1097,1
2016/12/13,1100,1126,1088,1125,9900,1125,1
2016/12/14,1125,1125,1098,1117,4100,1117,1
2016/12/15,1124,1127,1114,1117,6500,1117,1
2016/12/16,1120,1121,1115,1120,6300,1120,1
2016/12/19,1120,1128,1116,1126,7100,1126,1
2016/12/20,1126,1138,1124,1138,13500,1138,1
2016/12/21,1134,1134,1122,1127,3200,1127,1
2016/12/22,1127,1135,1112,1134,4800,1134,1
2016/12/26,1122,1138,1122,1132,10400,1132,1
2016/12/27,1123,1133,1123,1133,3400,1133,1
2016/12/28,1133,1149,1122,1136,4700,1136,1
2016/12/29,1124,1140,1124,1140,9200,1140,1
2016/12/30,1140,1148,1120,1144,11000,1144,1
2017/01/04,1135,1141,1124,1135,5900,1135,1
2017/01/05,1129,1140,1129,1140,4100,1140,1
2017/01/06,1126,1145,1121,1145,12700,1145,1
2017/01/10,1144,1144,1134,1144,7700,1144,1
2017/01/11,1145,1145,1133,1144,4500,1144,1
2017/01/12,1144,1144,1101,1123,7600,1123,1
2017/01/13,1113,1132,1113,1128,8100,1128,1
2017/01/16,1124,1138,1124,1128,4600,1128,1
2017/01/17,1137,1137,1121,1129,5100,1129,1
2017/01/18,1128,1128,1105,1110,6000,1110,1
2017/01/19,1122,1126,1113,1118,5200,1118,1
2017/01/20,1118,1137,1118,1134,8400,1134,1
2017/01/23,1134,1134,1123,1123,7200,1123,1
2017/01/24,1129,1136,1126,1134,2000,1134,1
2017/01/25,1140,1140,1127,1134,5200,1134,1
2017/01/26,1140,1140,1132,1139,4700,1139,1
2017/01/27,1133,1140,1129,1140,6400,1140,1
2017/01/30,1140,1140,1115,1140,7400,1140,1
2017/01/31,1138,1139,1129,1136,4300,1136,1
2017/02/01,1125,1140,1125,1137,5900,1137,1
2017/02/02,1139,1139,1128,1138,5100,1138,1
2017/02/03,1139,1140,1130,1135,7300,1135,1
2017/02/06,1135,1143,1133,1137,6500,1137,1
2017/02/07,1135,1139,1129,1137,8800,1137,1
2017/02/08,1140,1174,1135,1140,25600,1140,1
2017/02/09,1145,1145,1133,1139,8500,1139,1
2017/02/10,1141,1145,1133,1144,10600,1144,1
2017/02/13,1150,1155,1134,1152,14200,1152,1
2017/02/14,1155,1167,1150,1167,9300,1167,1
2017/02/15,1167,1178,1167,1173,16200,1173,1
2017/02/16,1180,1190,1167,1182,10300,1182,1
2017/02/17,1182,1184,1176,1184,7700,1184,1
2017/02/20,1184,1188,1163,1182,11300,1182,1
2017/02/21,1176,1195,1176,1194,8300,1194,1
2017/02/22,1190,1218,1185,1205,17800,1205,1
2017/02/23,1220,1233,1217,1232,13500,1232,1
2017/02/24,1226,1226,1214,1218,5100,1218,1
2017/02/27,1207,1215,1198,1212,6200,1212,1
2017/02/28,1215,1230,1215,1226,8100,1226,1
2017/03/01,1230,1235,1223,1228,4800,1228,1
2017/03/02,1230,1230,1202,1228,6700,1228,1
2017/03/03,1229,1229,1224,1227,4500,1227,1
2017/03/06,1208,1245,1208,1245,14600,1245,1
2017/03/07,1250,1253,1245,1253,10800,1253,1
2017/03/08,1250,1278,1250,1273,8400,1273,1
2017/03/09,1293,1293,1275,1277,8300,1277,1
2017/03/10,1270,1291,1265,1275,18000,1275,1
2017/03/13,1282,1290,1273,1276,9800,1276,1
2017/03/14,1276,1289,1270,1289,7000,1289,1
2017/03/15,1292,1292,1282,1291,4700,1291,1
2017/03/16,1282,1295,1282,1295,7300,1295,1
2017/03/17,1286,1295,1284,1295,7300,1295,1
2017/03/21,1295,1295,1285,1291,8600,1291,1
2017/03/22,1277,1290,1272,1284,6900,1284,1
2017/03/23,1280,1293,1280,1285,6400,1285,1
2017/03/24,1280,1293,1269,1285,12800,1285,1
2017/03/27,1281,1286,1261,1266,4800,1266,1
2017/03/28,1280,1295,1269,1295,11400,1295,1
2017/03/29,1294,1299,1281,1288,14800,1288,1
2017/03/30,1288,1307,1288,1307,12500,1307,1
2017/03/31,1310,1312,1251,1254,21400,1254,1
2017/04/03,1267,1283,1114,1234,29500,1234,1
2017/04/04,1222,1248,1214,1246,14500,1246,1
2017/04/05,1239,1255,1216,1220,12500,1220,1
2017/04/06,1210,1215,1174,1183,10400,1183,1
2017/04/07,1187,1252,1184,1192,10200,1192,1
2017/04/10,1209,1233,1207,1208,5700,1208,1
2017/04/11,1201,1218,1201,1204,4100,1204,1
2017/04/12,1204,1217,1199,1199,3700,1199,1
2017/04/13,1196,1213,1195,1207,8700,1207,1
2017/04/14,1200,1207,1192,1193,6900,1193,1
2017/04/17,1201,1212,1180,1195,6000,1195,1
2017/04/18,1211,1211,1193,1193,6100,1193,1
2017/04/19,1193,1214,1193,1206,6800,1206,1
2017/04/20,1206,1210,1206,1208,5200,1208,1
2017/04/21,1210,1225,1210,1218,4600,1218,1
2017/04/24,1219,1236,1182,1219,11500,1219,1
2017/04/25,1222,1250,1222,1234,5800,1234,1
2017/04/26,1236,1258,1233,1238,8400,1238,1
2017/04/27,1238,1263,1235,1258,8400,1258,1
2017/04/28,1263,1265,1251,1256,6600,1256,1
2017/05/01,1256,1263,1254,1255,6900,1255,1
2017/05/02,1280,1280,1268,1272,8200,1272,1
2017/05/08,1280,1307,1274,1298,13700,1298,1
2017/05/09,1282,1331,1278,1327,14500,1327,1
2017/05/10,1331,1339,1315,1317,12900,1317,1
2017/05/11,1300,1300,1269,1295,31500,1295,1
2017/05/12,1300,1306,1276,1279,10800,1279,1
2017/05/15,1290,1319,1290,1314,15000,1314,1
2017/05/16,1320,1321,1306,1320,9900,1320,1
2017/05/17,1306,1330,1306,1325,6200,1325,1
2017/05/18,1304,1325,1304,1325,10500,1325,1
2017/05/19,1323,1323,1310,1320,9300,1320,1
2017/05/22,1320,1333,1320,1330,6900,1330,1
2017/05/23,1339,1347,1336,1343,10200,1343,1
2017/05/24,1344,1349,1344,1349,5700,1349,1
2017/05/25,1350,1358,1335,1338,9800,1338,1
2017/05/26,1338,1349,1322,1324,7200,1324,1
2017/05/29,1324,1336,1324,1326,11500,1326,1
2017/05/30,1330,1335,1326,1328,10500,1328,1
2017/05/31,1329,1339,1325,1325,9200,1325,1
2017/06/01,1342,1346,1335,1345,14000,1345,1
2017/06/02,1336,1359,1336,1359,15200,1359,1
2017/06/05,1348,1359,1347,1355,9100,1355,1
2017/06/06,1355,1365,1351,1354,12700,1354,1
2017/06/07,1359,1359,1351,1351,17200,1351,1
2017/06/08,1356,1359,1352,1352,16200,1352,1
2017/06/09,1353,1358,1352,1352,12200,1352,1
2017/06/12,1359,1362,1346,1350,27200,1350,1
2017/06/13,1357,1361,1356,1358,3300,1358,1
2017/06/14,1362,1365,1350,1350,7600,1350,1
2017/06/15,1357,1359,1350,1351,8700,1351,1
2017/06/16,1355,1362,1355,1356,19000,1356,1
2017/06/19,1356,1366,1356,1356,15300,1356,1
2017/06/20,1357,1400,1357,1381,24600,1381,1
2017/06/21,1387,1398,1381,1390,24900,1390,1
2017/06/22,1390,1410,1390,1399,22200,1399,1
2017/06/23,1409,1414,1394,1406,25400,1406,1
2017/06/26,1393,1404,1370,1370,34500,1370,1
2017/06/27,1370,1379,1358,1358,124800,1358,1
2017/06/28,1312,1336,1312,1328,96800,1328,1
2017/06/29,1340,1353,1326,1348,25700,1348,1
2017/06/30,1347,1349,1343,1346,12100,1346,1
2017/07/03,1354,1357,1336,1357,18200,1357,1
2017/07/04,1359,1359,1326,1326,9300,1326,1
2017/07/05,1327,1340,1318,1340,12000,1340,1
2017/07/06,1331,1352,1331,1332,7600,1332,1
2017/07/07,1320,1326,1282,1282,13400,1282,1
2017/07/10,1285,1296,1283,1284,7300,1284,1
2017/07/11,1288,1302,1286,1295,4200,1295,1
2017/07/12,1301,1317,1301,1306,4200,1306,1
2017/07/13,1305,1308,1298,1300,4300,1300,1
2017/07/14,1300,1310,1300,1303,3000,1303,1
2017/07/18,1313,1319,1305,1315,5100,1315,1
2017/07/19,1321,1344,1317,1340,6400,1340,1
2017/07/20,1341,1358,1341,1356,6900,1356,1
2017/07/21,1362,1362,1357,1360,6300,1360,1
2017/07/24,1360,1385,1357,1385,17200,1385,1
2017/07/25,1384,1384,1370,1370,7700,1370,1
2017/07/26,1352,1355,1341,1341,8900,1341,1
2017/07/27,1341,1376,1341,1368,6100,1368,1
2017/07/28,1374,1376,1365,1373,5500,1373,1
2017/07/31,1373,1373,1355,1359,6600,1359,1
2017/08/01,1310,1354,1289,1347,23400,1347,1
2017/08/02,1358,1358,1335,1344,4400,1344,1
2017/08/03,1344,1358,1338,1357,4800,1357,1
2017/08/04,1372,1372,1324,1358,9100,1358,1
2017/08/07,1314,1316,1284,1286,24200,1286,1
2017/08/08,1286,1296,1280,1296,7600,1296,1
2017/08/09,1298,1298,1250,1256,8700,1256,1
2017/08/10,1260,1275,1258,1275,8100,1275,1
2017/08/14,1258,1278,1229,1255,6700,1255,1
2017/08/15,1254,1264,1224,1225,12200,1225,1
2017/08/16,1255,1298,1252,1296,11700,1296,1
2017/08/17,1315,1315,1280,1290,9500,1290,1
2017/08/18,1263,1277,1254,1256,7600,1256,1
2017/08/21,1263,1278,1258,1269,4600,1269,1
2017/08/22,1271,1285,1269,1269,6900,1269,1
2017/08/23,1270,1271,1257,1259,4000,1259,1
2017/08/24,1264,1270,1262,1263,2200,1263,1
2017/08/25,1268,1270,1260,1266,2300,1266,1
2017/08/28,1265,1266,1246,1251,3200,1251,1
2017/08/29,1251,1251,1226,1245,4100,1245,1
2017/08/30,1255,1255,1250,1255,2300,1255,1
2017/08/31,1259,1260,1245,1260,4900,1260,1
2017/09/01,1259,1259,1254,1254,2400,1254,1
2017/09/04,1242,1266,1242,1250,8200,1250,1
2017/09/05,1255,1265,1242,1248,8000,1248,1
2017/09/06,1245,1258,1245,1249,3800,1249,1
2017/09/07,1249,1270,1247,1270,3500,1270,1
2017/09/08,1240,1268,1240,1250,8500,1250,1
2017/09/11,1267,1274,1263,1274,2300,1274,1
2017/09/12,1274,1300,1270,1292,8100,1292,1
2017/09/13,1309,1309,1263,1292,4500,1292,1
2017/09/14,1300,1300,1279,1288,2500,1288,1
2017/09/15,1288,1292,1281,1287,4600,1287,1
2017/09/19,1287,1296,1287,1288,6500,1288,1
2017/09/20,1288,1296,1288,1289,9700,1289,1
2017/09/21,1288,1295,1281,1287,4600,1287,1
2017/09/22,1283,1289,1264,1285,2900,1285,1
2017/09/25,1285,1292,1281,1287,5900,1287,1
2017/09/26,1269,1291,1266,1291,10800,1291,1
2017/09/27,1291,1291,1280,1289,2000,1289,1
2017/09/28,1281,1281,1261,1271,8300,1271,1
2017/09/29,1265,1278,1265,1267,2500,1267,1
2017/10/02,1280,1291,1272,1290,3400,1290,1
2017/10/03,1279,1291,1279,1287,5900,1287,1
2017/10/04,1280,1299,1280,1298,4000,1298,1
2017/10/05,1298,1300,1283,1290,5800,1290,1
2017/10/06,1287,1299,1275,1298,5400,1298,1
2017/10/10,1298,1298,1277,1293,3000,1293,1
2017/10/11,1297,1327,1297,1325,8400,1325,1
2017/10/12,1325,1327,1319,1322,4200,1322,1
2017/10/13,1335,1335,1328,1333,7900,1333,1
2017/10/16,1335,1339,1301,1334,4500,1334,1
2017/10/17,1340,1345,1334,1340,5800,1340,1
2017/10/18,1325,1325,1304,1311,6100,1311,1
2017/10/19,1311,1320,1294,1298,5400,1298,1
2017/10/20,1298,1309,1298,1303,8700,1303,1
2017/10/23,1303,1331,1292,1331,8900,1331,1
2017/10/24,1319,1332,1315,1332,5400,1332,1
2017/10/25,1330,1330,1319,1329,5000,1329,1
2017/10/26,1324,1327,1312,1327,3600,1327,1
2017/10/27,1327,1340,1303,1340,4100,1340,1
2017/10/30,1330,1341,1315,1340,13400,1340,1
2017/10/31,1310,1342,1310,1333,7000,1333,1
2017/11/01,1333,1371,1318,1366,9900,1366,1
2017/11/02,1356,1356,1323,1343,4100,1343,1
2017/11/06,1343,1343,1326,1326,3400,1326,1
2017/11/07,1323,1345,1306,1340,4500,1340,1
2017/11/08,1323,1342,1315,1323,5800,1323,1
2017/11/09,1316,1324,1309,1318,10700,1318,1
2017/11/10,1304,1304,1290,1300,7600,1300,1
2017/11/13,1300,1300,1287,1297,1800,1297,1
2017/11/14,1291,1307,1290,1303,3300,1303,1
2017/11/15,1307,1307,1297,1297,6700,1297,1
2017/11/16,1299,1309,1298,1300,3200,1300,1
2017/11/17,1310,1325,1310,1318,4100,1318,1
2017/11/20,1318,1337,1318,1330,4500,1330,1
2017/11/21,1331,1342,1331,1341,3200,1341,1
2017/11/22,1341,1341,1317,1317,9700,1317,1
2017/11/24,1324,1325,1312,1313,3700,1313,1
2017/11/27,1311,1330,1311,1320,3300,1320,1
2017/11/28,1320,1327,1310,1320,5700,1320,1
2017/11/29,1326,1326,1309,1309,4800,1309,1
2017/11/30,1309,1313,1295,1295,9700,1295,1
2017/12/01,1282,1308,1282,1299,4800,1299,1
2017/12/04,1307,1307,1293,1298,2000,1298,1
2017/12/05,1291,1305,1290,1303,2900,1303,1
2017/12/06,1297,1305,1287,1287,8400,1287,1
2017/12/07,1287,1304,1287,1300,5200,1300,1
2017/12/08,1270,1290,1269,1281,20300,1281,1
2017/12/11,1284,1296,1283,1291,4700,1291,1
2017/12/12,1293,1299,1290,1292,4300,1292,1
2017/12/13,1292,1297,1290,1294,4300,1294,1
2017/12/14,1297,1304,1297,1304,4700,1304,1
2017/12/15,1304,1304,1290,1296,9200,1296,1
2017/12/18,1296,1306,1285,1285,8500,1285,1
2017/12/19,1290,1297,1282,1284,4100,1284,1
2017/12/20,1284,1290,1282,1282,7200,1282,1
2017/12/21,1287,1298,1287,1293,4800,1293,1
2017/12/22,1298,1318,1298,1311,9700,1311,1
2017/12/25,1295,1314,1295,1302,6300,1302,1
2017/12/26,1303,1308,1291,1306,7700,1306,1
2017/12/27,1307,1317,1307,1310,3200,1310,1
2017/12/28,1312,1319,1307,1312,4100,1312,1
2017/12/29,1316,1319,1298,1303,5200,1303,1
2018/01/04,1306,1308,1290,1301,4700,1301,1
2018/01/05,1305,1310,1290,1303,5700,1303,1
2018/01/09,1303,1303,1290,1300,3900,1300,1
2018/01/10,1300,1300,1293,1296,2400,1296,1
2018/01/11,1296,1300,1296,1299,2300,1299,1
2018/01/12,1293,1305,1291,1293,7300,1293,1
2018/01/15,1300,1311,1300,1304,3200,1304,1
2018/01/16,1304,1305,1299,1302,4100,1302,1
2018/01/17,1302,1308,1300,1300,3500,1300,1
2018/01/18,1301,1310,1301,1306,5600,1306,1
2018/01/19,1308,1322,1308,1320,7400,1320,1
2018/01/22,1320,1328,1308,1310,7300,1310,1
2018/01/23,1310,1317,1300,1312,4200,1312,1
2018/01/24,1311,1311,1301,1303,5000,1303,1
2018/01/25,1303,1306,1284,1284,8500,1284,1
2018/01/26,1285,1300,1280,1281,9000,1281,1
2018/01/29,1285,1294,1285,1286,4600,1286,1
2018/01/30,1285,1286,1272,1272,9500,1272,1
2018/01/31,1273,1292,1270,1270,10400,1270,1
2018/02/01,1270,1274,1259,1267,9000,1267,1
2018/02/02,1263,1270,1258,1267,5000,1267,1
2018/02/05,1262,1264,1242,1243,10300,1243,1
2018/02/06,1200,1201,1140,1140,17700,1140,1
2018/02/07,1151,1201,1151,1176,13000,1176,1
2018/02/08,1183,1200,1160,1160,9700,1160,1
2018/02/09,1158,1163,1135,1138,10900,1138,1
2018/02/13,1142,1152,1105,1105,10800,1105,1
2018/02/14,1105,1120,1092,1095,10300,1095,1
2018/02/15,1114,1120,1094,1097,8900,1097,1
2018/02/16,1115,1178,1106,1156,7600,1156,1
2018/02/19,1157,1223,1157,1215,6100,1215,1
2018/02/20,1215,1254,1215,1246,9700,1246,1
2018/02/21,1248,1281,1244,1257,15100,1257,1
2018/02/22,1258,1273,1258,1264,6900,1264,1
2018/02/23,1266,1275,1266,1271,4400,1271,1
2018/02/26,1275,1281,1271,1278,3900,1278,1
2018/02/27,1285,1285,1280,1280,6700,1280,1
2018/02/28,1284,1290,1280,1280,6700,1280,1
2018/03/01,1276,1276,1227,1229,11400,1229,1
2018/03/02,1219,1219,1169,1181,13300,1181,1
2018/03/05,1196,1197,1160,1161,6300,1161,1
2018/03/06,1165,1193,1158,1184,8800,1184,1
2018/03/07,1184,1188,1169,1171,3900,1171,1
2018/03/08,1199,1199,1177,1194,3600,1194,1
2018/03/09,1190,1226,1190,1203,7900,1203,1
2018/03/12,1219,1226,1217,1224,3200,1224,1
2018/03/13,1230,1253,1226,1250,5700,1250,1
2018/03/14,1256,1256,1241,1250,6100,1250,1
2018/03/15,1260,1267,1228,1242,5900,1242,1
2018/03/16,1250,1253,1235,1240,7500,1240,1
2018/03/19,1240,1250,1219,1228,6600,1228,1
2018/03/20,1228,1233,1204,1208,11200,1208,1
2018/03/22,1196,1202,1191,1199,4400,1199,1
2018/03/23,1191,1193,1170,1170,8800,1170,1
2018/03/26,1170,1189,1161,1188,7900,1188,1
2018/03/27,1190,1222,1190,1200,10700,1200,1
2018/03/28,1193,1203,1177,1189,7900,1189,1
2018/03/29,1190,1211,1187,1196,11600,1196,1
2018/03/30,1200,1211,1197,1202,7800,1202,1
2018/04/02,1203,1203,1182,1196,9400,1196,1
2018/04/03,1193,1208,1186,1189,6100,1189,1
2018/04/04,1200,1235,1199,1218,9300,1218,1
2018/04/05,1210,1214,1200,1212,7900,1212,1
2018/04/06,1213,1255,1213,1219,4500,1219,1
2018/04/09,1220,1259,1220,1250,5400,1250,1
2018/04/10,1258,1279,1258,1278,4700,1278,1
2018/04/11,1279,1284,1261,1268,4100,1268,1
2018/04/12,1270,1275,1250,1266,7500,1266,1
2018/04/13,1266,1276,1258,1266,5400,1266,1
2018/04/16,1267,1274,1251,1274,4500,1274,1
2018/04/17,1271,1277,1264,1270,3700,1270,1
2018/04/18,1281,1295,1280,1294,5800,1294,1
2018/04/19,1295,1350,1295,1341,13400,1341,1
2018/04/20,1341,1341,1310,1313,8900,1313,1
2018/04/23,1304,1325,1304,1324,3500,1324,1
2018/04/24,1341,1341,1314,1329,6200,1329,1
2018/04/25,1328,1335,1320,1332,6600,1332,1
2018/04/26,1339,1363,1330,1358,13900,1358,1
2018/04/27,1373,1380,1358,1379,12300,1379,1
2018/05/01,1378,1378,1342,1347,6400,1347,1
2018/05/02,1340,1353,1338,1343,6700,1343,1
2018/05/07,1343,1367,1341,1367,4700,1367,1
2018/05/08,1361,1370,1355,1360,6500,1360,1
2018/05/09,1363,1373,1341,1345,8100,1345,1
2018/05/10,1346,1366,1345,1366,4900,1366,1
2018/05/11,1369,1379,1359,1378,5900,1378,1
2018/05/14,1372,1372,1359,1367,7700,1367,1
2018/05/15,1372,1378,1360,1378,6200,1378,1
2018/05/16,1375,1419,1373,1415,19800,1415,1
2018/05/17,1410,1415,1387,1395,8700,1395,1
2018/05/18,1414,1414,1392,1400,4300,1400,1
2018/05/21,1400,1412,1400,1407,6100,1407,1
2018/05/22,1414,1421,1410,1421,6000,1421,1
2018/05/23,1427,1440,1421,1440,9800,1440,1
2018/05/24,1439,1440,1429,1440,5800,1440,1
2018/05/25,1429,1429,1407,1422,4800,1422,1
2018/05/28,1427,1428,1418,1425,4800,1425,1
2018/05/29,1429,1436,1404,1413,9900,1413,1
2018/05/30,1409,1409,1369,1370,9300,1370,1
2018/05/31,1390,1410,1385,1405,6000,1405,1
2018/06/01,1405,1405,1380,1391,8000,1391,1
2018/06/04,1400,1409,1390,1408,10300,1408,1
2018/06/05,1403,1450,1403,1450,8200,1450,1
2018/06/06,1440,1444,1418,1422,37300,1422,1
2018/06/07,1420,1446,1414,1440,34000,1440,1
2018/06/08,1421,1443,1421,1435,18400,1435,1
2018/06/11,1435,1447,1430,1438,23600,1438,1
2018/06/12,1445,1448,1436,1448,13600,1448,1
2018/06/13,1448,1470,1447,1468,22100,1468,1
2018/06/14,1469,1489,1461,1482,20100,1482,1
2018/06/15,1475,1480,1473,1473,27000,1473,1
2018/06/18,1473,1480,1455,1455,35900,1455,1
2018/06/19,1455,1455,1417,1425,24000,1425,1
2018/06/20,1424,1450,1406,1449,81600,1449,1
2018/06/21,1442,1446,1421,1421,48100,1421,1
2018/06/22,1415,1415,1401,1401,38400,1401,1
2018/06/25,1393,1398,1331,1331,40800,1331,1
2018/06/26,1320,1355,1306,1306,134900,1306,1
2018/06/27,1306,1326,1291,1320,73900,1320,1
2018/06/28,1320,1337,1308,1337,18500,1337,1
2018/06/29,1343,1347,1321,1341,11900,1341,1
2018/07/02,1342,1342,1317,1321,10300,1321,1
2018/07/03,1327,1327,1300,1302,10000,1302,1
2018/07/04,1311,1311,1293,1295,7200,1295,1
2018/07/05,1299,1328,1296,1302,8100,1302,1
2018/07/06,1303,1320,1299,1302,6900,1302,1
2018/07/09,1303,1311,1281,1285,13000,1285,1
2018/07/10,1286,1294,1248,1248,13200,1248,1
2018/07/11,1252,1256,1206,1213,15400,1213,1
2018/07/12,1201,1233,1201,1223,10500,1223,1
2018/07/13,1223,1233,1221,1222,5800,1222,1
2018/07/17,1244,1296,1244,1293,9000,1293,1
2018/07/18,1320,1320,1301,1304,7900,1304,1
2018/07/19,1300,1303,1284,1292,8000,1292,1
2018/07/20,1292,1305,1283,1283,8800,1283,1
2018/07/23,1273,1283,1273,1276,3000,1276,1
2018/07/24,1276,1285,1276,1278,1700,1278,1
2018/07/25,1279,1294,1279,1287,2400,1287,1
2018/07/26,1290,1295,1282,1292,3500,1292,1
2018/07/27,1289,1290,1283,1289,3100,1289,1
2018/07/30,1290,1298,1277,1298,7800,1298,1
2018/07/31,1298,1340,1281,1338,11300,1338,1
2018/08/01,1338,1339,1270,1278,13500,1278,1
2018/08/02,1285,1312,1271,1274,5900,1274,1
2018/08/03,1276,1291,1276,1291,2400,1291,1
2018/08/06,1286,1305,1268,1268,3500,1268,1
2018/08/07,1282,1282,1223,1256,11100,1256,1
2018/08/08,1247,1247,1171,1188,20800,1188,1
2018/08/09,1186,1186,1151,1151,10100,1151,1
2018/08/10,1144,1151,1131,1139,12500,1139,1
2018/08/13,1116,1121,1101,1103,13900,1103,1
2018/08/14,1101,1104,1086,1099,10700,1099,1
