2007/01/04,3275.0,3275.0,3275.0,3275.0,1000,3275,0.2
2007/01/05,3250.0,3250.0,3250.0,3250.0,1000,3250,0.2
2007/01/09,3250.0,3250.0,3250.0,3250.0,3000,3250,0.2
2007/01/10,3250.0,3250.0,3250.0,3250.0,2000,3250,0.2
2007/01/11,3250.0,3250.0,3250.0,3250.0,1000,3250,0.2
2007/01/16,3250.0,3260.0,3200.0,3200.0,8000,3200,0.2
2007/01/17,3200.0,3200.0,3200.0,3200.0,3000,3200,0.2
2007/01/18,3200.0,3200.0,3190.0,3190.0,4000,3190,0.2
2007/01/22,3200.0,3200.0,3200.0,3200.0,1000,3200,0.2
2007/01/23,3200.0,3200.0,3200.0,3200.0,7000,3200,0.2
2007/01/24,3200.0,3200.0,3200.0,3200.0,4000,3200,0.2
2007/01/25,3200.0,3200.0,3200.0,3200.0,14000,3200,0.2
2007/01/26,2900.0,3065.0,2900.0,3065.0,3000,3065,0.2
2007/01/29,3100.0,3100.0,3100.0,3100.0,1000,3100,0.2
2007/01/30,3190.0,3190.0,3190.0,3190.0,5000,3190,0.2
2007/02/01,3140.0,3140.0,3140.0,3140.0,1000,3140,0.2
2007/02/02,3050.0,3050.0,3025.0,3025.0,3000,3025,0.2
2007/02/05,3000.0,3000.0,2975.0,2975.0,5000,2975,0.2
2007/02/06,2900.0,2900.0,2900.0,2900.0,3000,2900,0.2
2007/02/07,2800.0,2800.0,2800.0,2800.0,3000,2800,0.2
2007/02/09,2800.0,2800.0,2800.0,2800.0,5000,2800,0.2
2007/02/14,2800.0,2800.0,2800.0,2800.0,3000,2800,0.2
2007/02/15,2800.0,2800.0,2800.0,2800.0,5000,2800,0.2
2007/02/23,2850.0,2850.0,2850.0,2850.0,1000,2850,0.2
2007/03/01,2850.0,2850.0,2850.0,2850.0,1000,2850,0.2
2007/03/02,2900.0,2900.0,2900.0,2900.0,1000,2900,0.2
2007/03/05,2900.0,2900.0,2900.0,2900.0,1000,2900,0.2
2007/03/06,2750.0,2750.0,2750.0,2750.0,2000,2750,0.2
2007/03/14,2795.0,2795.0,2795.0,2795.0,1000,2795,0.2
2007/03/15,2800.0,2800.0,2800.0,2800.0,1000,2800,0.2
2007/03/23,2850.0,2850.0,2850.0,2850.0,1000,2850,0.2
2007/03/26,2850.0,2850.0,2850.0,2850.0,1000,2850,0.2
2007/03/30,2850.0,2850.0,2850.0,2850.0,1000,2850,0.2
2007/04/02,2850.0,2850.0,2850.0,2850.0,2000,2850,0.2
2007/04/25,2515.0,2515.0,2515.0,2515.0,1000,2515,0.2
2007/04/27,2625.0,2625.0,2625.0,2625.0,1000,2625,0.2
2007/05/02,2755.0,2755.0,2755.0,2755.0,1000,2755,0.2
2007/05/07,2890.0,2890.0,2890.0,2890.0,1000,2890,0.2
2007/05/15,2590.0,2790.0,2590.0,2790.0,2000,2790,0.2
2007/05/30,2890.0,2890.0,2765.0,2765.0,2000,2765,0.2
2007/06/01,2865.0,2865.0,2865.0,2865.0,1000,2865,0.2
2007/06/15,2750.0,2750.0,2750.0,2750.0,1000,2750,0.2
2007/06/20,2750.0,2750.0,2750.0,2750.0,1000,2750,0.2
2007/06/25,2915.0,2915.0,2885.0,2885.0,2000,2885,0.2
2007/06/28,2885.0,2885.0,2750.0,2750.0,3000,2750,0.2
2007/07/10,2850.0,2850.0,2850.0,2850.0,1000,2850,0.2
2007/07/11,2680.0,2680.0,2680.0,2680.0,1000,2680,0.2
2007/07/25,2835.0,2835.0,2835.0,2835.0,1000,2835,0.2
2007/07/26,2700.0,2700.0,2700.0,2700.0,1000,2700,0.2
2007/07/27,2700.0,2700.0,2700.0,2700.0,1000,2700,0.2
2007/08/02,2560.0,2560.0,2560.0,2560.0,2000,2560,0.2
2007/08/27,2680.0,2680.0,2680.0,2680.0,1000,2680,0.2
2007/09/27,2685.0,2685.0,2685.0,2685.0,1000,2685,0.2
2007/09/28,2680.0,2680.0,2680.0,2680.0,1000,2680,0.2
2007/10/10,2600.0,2600.0,2600.0,2600.0,1000,2600,0.2
2007/10/11,2600.0,2600.0,2600.0,2600.0,1000,2600,0.2
2007/10/12,2600.0,2600.0,2600.0,2600.0,1000,2600,0.2
2007/10/15,2700.0,2700.0,2700.0,2700.0,1000,2700,0.2
2007/10/22,2600.0,2600.0,2600.0,2600.0,1000,2600,0.2
2007/10/25,2730.0,2730.0,2600.0,2600.0,2000,2600,0.2
2007/11/02,2600.0,2600.0,2600.0,2600.0,1000,2600,0.2
2007/11/27,2525.0,2525.0,2525.0,2525.0,1000,2525,0.2
2007/12/07,2550.0,2600.0,2550.0,2600.0,3000,2600,0.2
2007/12/10,2730.0,2730.0,2730.0,2730.0,2000,2730,0.2
2007/12/12,2700.0,2700.0,2700.0,2700.0,1000,2700,0.2
2007/12/18,2500.0,2500.0,2500.0,2500.0,1000,2500,0.2
2007/12/19,2555.0,2555.0,2555.0,2555.0,1000,2555,0.2
2008/01/04,2540.0,2545.0,2540.0,2545.0,2000,2545,0.2
2008/01/07,2530.0,2530.0,2530.0,2530.0,2000,2530,0.2
2008/01/09,2625.0,2625.0,2625.0,2625.0,1000,2625,0.2
2008/01/10,2525.0,2525.0,2525.0,2525.0,1000,2525,0.2
2008/01/15,2490.0,2490.0,2490.0,2490.0,1000,2490,0.2
2008/01/18,2575.0,2575.0,2575.0,2575.0,1000,2575,0.2
2008/01/21,2575.0,2575.0,2575.0,2575.0,1000,2575,0.2
2008/01/22,2530.0,2530.0,2530.0,2530.0,1000,2530,0.2
2008/01/24,2565.0,2565.0,2565.0,2565.0,1000,2565,0.2
2008/01/25,2565.0,2565.0,2565.0,2565.0,2000,2565,0.2
2008/01/28,2065.0,2365.0,2065.0,2365.0,4000,2365,0.2
2008/02/05,2400.0,2400.0,2400.0,2400.0,1000,2400,0.2
2008/02/08,2075.0,2075.0,2075.0,2075.0,1000,2075,0.2
2008/02/13,2000.0,2000.0,2000.0,2000.0,1000,2000,0.2
2008/02/14,2075.0,2075.0,2075.0,2075.0,1000,2075,0.2
2008/02/25,1955.0,1955.0,1955.0,1955.0,1000,1955,0.2
2008/02/26,2125.0,2125.0,2125.0,2125.0,2000,2125,0.2
2008/03/05,2125.0,2125.0,2125.0,2125.0,3000,2125,0.2
2008/03/10,2125.0,2125.0,2125.0,2125.0,1000,2125,0.2
2008/03/18,2125.0,2125.0,2125.0,2125.0,1000,2125,0.2
2008/03/25,2125.0,2125.0,2125.0,2125.0,1000,2125,0.2
2008/03/26,2100.0,2100.0,2100.0,2100.0,1000,2100,0.2
2008/04/07,2050.0,2250.0,2050.0,2250.0,2000,2250,0.2
2008/04/11,2325.0,2325.0,2325.0,2325.0,1000,2325,0.2
2008/04/21,2350.0,2350.0,2350.0,2350.0,1000,2350,0.2
2008/04/30,2585.0,2585.0,2585.0,2585.0,3000,2585,0.2
2008/05/08,2350.0,2350.0,2350.0,2350.0,1000,2350,0.2
2008/05/19,2275.0,2275.0,2275.0,2275.0,1000,2275,0.2
2008/05/27,2250.0,2250.0,2250.0,2250.0,1000,2250,0.2
2008/06/17,2250.0,2250.0,2250.0,2250.0,4000,2250,0.2
2008/06/24,2200.0,2200.0,2200.0,2200.0,1000,2200,0.2
2008/06/30,2200.0,2200.0,2200.0,2200.0,1000,2200,0.2
2008/07/10,2305.0,2305.0,2150.0,2150.0,3000,2150,0.2
2008/07/14,2050.0,2050.0,2050.0,2050.0,1000,2050,0.2
2008/07/24,2050.0,2050.0,2050.0,2050.0,1000,2050,0.2
2008/07/25,2150.0,2150.0,2150.0,2150.0,1000,2150,0.2
2008/08/12,2075.0,2075.0,2075.0,2075.0,1000,2075,0.2
2008/09/18,2025.0,2025.0,2025.0,2025.0,1000,2025,0.2
2008/09/19,2050.0,2050.0,2050.0,2050.0,1000,2050,0.2
2008/10/02,2035.0,2035.0,2035.0,2035.0,1000,2035,0.2
2008/10/10,1665.0,2040.0,1665.0,1715.0,3000,1715,0.2
2008/10/14,1990.0,1990.0,1990.0,1990.0,1000,1990,0.2
2008/10/24,2005.0,2005.0,2005.0,2005.0,1000,2005,0.2
2008/10/27,2000.0,2000.0,2000.0,2000.0,1000,2000,0.2
2008/10/31,2250.0,2250.0,2250.0,2250.0,1000,2250,0.2
2008/11/10,2000.0,2000.0,2000.0,2000.0,1000,2000,0.2
2008/11/20,2025.0,2025.0,2025.0,2025.0,1000,2025,0.2
2008/11/25,2050.0,2050.0,2050.0,2050.0,1000,2050,0.2
2008/11/27,2050.0,2050.0,2050.0,2050.0,1000,2050,0.2
2008/12/01,2050.0,2050.0,2050.0,2050.0,1000,2050,0.2
2008/12/02,2040.0,2040.0,2040.0,2040.0,1000,2040,0.2
2008/12/04,1980.0,1980.0,1980.0,1980.0,1000,1980,0.2
2008/12/10,2045.0,2050.0,2045.0,2050.0,3000,2050,0.2
2008/12/15,2055.0,2055.0,2055.0,2055.0,2000,2055,0.2
2008/12/16,2015.0,2015.0,2015.0,2015.0,1000,2015,0.2
2008/12/25,2050.0,2050.0,2050.0,2050.0,1000,2050,0.2
2008/12/26,2075.0,2075.0,2075.0,2075.0,1000,2075,0.2
2008/12/29,2250.0,2250.0,2250.0,2250.0,1000,2250,0.2
2009/01/06,2275.0,2275.0,2275.0,2275.0,4000,2275,0.2
2009/01/13,2085.0,2085.0,2085.0,2085.0,1000,2085,0.2
2009/01/21,2125.0,2300.0,2125.0,2300.0,2000,2300,0.2
2009/01/22,2275.0,2300.0,2275.0,2300.0,3000,2300,0.2
2009/01/23,2350.0,2350.0,2350.0,2350.0,2000,2350,0.2
2009/01/26,2275.0,2275.0,2275.0,2275.0,1000,2275,0.2
2009/01/27,2005.0,2005.0,2005.0,2005.0,1000,2005,0.2
2009/01/30,2335.0,2335.0,2335.0,2335.0,1000,2335,0.2
2009/02/06,2000.0,2000.0,2000.0,2000.0,1000,2000,0.2
2009/02/16,1850.0,1850.0,1850.0,1850.0,1000,1850,0.2
2009/02/17,1780.0,1780.0,1780.0,1780.0,3000,1780,0.2
2009/02/20,1750.0,1750.0,1750.0,1750.0,1000,1750,0.2
2009/02/25,1825.0,1825.0,1725.0,1725.0,2000,1725,0.2
2009/03/05,1800.0,1800.0,1800.0,1800.0,1000,1800,0.2
2009/03/16,1850.0,1850.0,1850.0,1850.0,1000,1850,0.2
2009/03/17,1725.0,1725.0,1725.0,1725.0,4000,1725,0.2
2009/03/19,1825.0,1825.0,1825.0,1825.0,1000,1825,0.2
2009/03/24,1850.0,1850.0,1850.0,1850.0,1000,1850,0.2
2009/03/25,1775.0,1775.0,1775.0,1775.0,1000,1775,0.2
2009/04/02,1800.0,1800.0,1800.0,1800.0,1000,1800,0.2
2009/04/07,1800.0,1800.0,1800.0,1800.0,2000,1800,0.2
2009/04/24,1895.0,1895.0,1895.0,1895.0,1000,1895,0.2
2009/05/08,2290.0,2290.0,2290.0,2290.0,1000,2290,0.2
2009/05/11,2150.0,2150.0,2150.0,2150.0,2000,2150,0.2
2009/05/15,1915.0,1915.0,1915.0,1915.0,1000,1915,0.2
2009/05/18,2190.0,2190.0,2190.0,2190.0,1000,2190,0.2
2009/05/22,1970.0,1970.0,1970.0,1970.0,1000,1970,0.2
2009/06/02,1970.0,1970.0,1970.0,1970.0,1000,1970,0.2
2009/06/11,1970.0,2000.0,1970.0,2000.0,2000,2000,0.2
2009/06/12,2000.0,2000.0,2000.0,2000.0,3000,2000,0.2
2009/06/16,2000.0,2000.0,2000.0,2000.0,2000,2000,0.2
2009/06/22,2000.0,2000.0,2000.0,2000.0,1000,2000,0.2
2009/06/23,1995.0,1995.0,1995.0,1995.0,1000,1995,0.2
2009/06/26,1835.0,1835.0,1835.0,1835.0,1000,1835,0.2
2009/06/29,1855.0,1855.0,1855.0,1855.0,2000,1855,0.2
2009/07/10,1995.0,1995.0,1995.0,1995.0,3000,1995,0.2
2009/07/13,2000.0,2000.0,2000.0,2000.0,1000,2000,0.2
2009/08/03,2000.0,2000.0,2000.0,2000.0,1000,2000,0.2
2009/08/04,2000.0,2000.0,2000.0,2000.0,2000,2000,0.2
2009/08/18,2015.0,2015.0,2000.0,2000.0,5000,2000,0.2
2009/08/28,2025.0,2025.0,2025.0,2025.0,2000,2025,0.2
2009/08/31,2035.0,2035.0,2035.0,2035.0,2000,2035,0.2
2009/09/01,2050.0,2050.0,2035.0,2035.0,5000,2035,0.2
2009/09/07,2075.0,2075.0,2075.0,2075.0,1000,2075,0.2
2009/09/24,2000.0,2000.0,2000.0,2000.0,1000,2000,0.2
2009/09/25,2100.0,2100.0,2100.0,2100.0,1000,2100,0.2
2009/09/29,2075.0,2075.0,2075.0,2075.0,1000,2075,0.2
2009/10/01,2050.0,2050.0,2050.0,2050.0,1000,2050,0.2
2009/10/02,2100.0,2100.0,2100.0,2100.0,1000,2100,0.2
2009/10/05,2100.0,2100.0,2100.0,2100.0,2000,2100,0.2
2009/10/13,2125.0,2125.0,2125.0,2125.0,2000,2125,0.2
2009/10/15,2150.0,2150.0,2150.0,2150.0,1000,2150,0.2
2009/10/21,2175.0,2175.0,2175.0,2175.0,1000,2175,0.2
2009/10/26,2645.0,2645.0,2395.0,2395.0,2000,2395,0.2
2009/10/27,2420.0,2420.0,2420.0,2420.0,1000,2420,0.2
2009/11/16,2050.0,2050.0,2050.0,2050.0,1000,2050,0.2
2009/11/20,2025.0,2025.0,2025.0,2025.0,1000,2025,0.2
2009/11/26,2095.0,2095.0,2095.0,2095.0,1000,2095,0.2
2009/12/02,2025.0,2025.0,2025.0,2025.0,1000,2025,0.2
2009/12/08,2000.0,2000.0,2000.0,2000.0,5000,2000,0.2
2009/12/10,2000.0,2000.0,2000.0,2000.0,18000,2000,0.2
2009/12/15,1965.0,1965.0,1965.0,1965.0,1000,1965,0.2
2009/12/21,2065.0,2065.0,2065.0,2065.0,1000,2065,0.2
2009/12/24,2060.0,2060.0,2060.0,2060.0,1000,2060,0.2
2009/12/29,2100.0,2100.0,2100.0,2100.0,1000,2100,0.2
2010/01/06,2225.0,2225.0,2225.0,2225.0,1000,2225,0.2
2010/01/15,2200.0,2250.0,2200.0,2250.0,2000,2250,0.2
2010/01/18,2250.0,2250.0,2250.0,2250.0,3000,2250,0.2
2010/01/21,2200.0,2200.0,2200.0,2200.0,1000,2200,0.2
2010/01/26,2245.0,2250.0,2245.0,2250.0,2000,2250,0.2
2010/01/27,2005.0,2245.0,2005.0,2245.0,6000,2245,0.2
2010/02/22,2165.0,2165.0,2165.0,2165.0,1000,2165,0.2
2010/02/24,1900.0,1900.0,1900.0,1900.0,2000,1900,0.2
2010/02/25,2150.0,2150.0,2150.0,2150.0,1000,2150,0.2
2010/03/15,1950.0,1950.0,1950.0,1950.0,1000,1950,0.2
2010/03/24,1985.0,1985.0,1985.0,1985.0,1000,1985,0.2
2010/03/25,2060.0,2060.0,2060.0,2060.0,1000,2060,0.2
2010/04/06,2060.0,2060.0,2060.0,2060.0,1000,2060,0.2
2010/04/22,2025.0,2025.0,2025.0,2025.0,1000,2025,0.2
2010/04/27,2025.0,2025.0,2025.0,2025.0,1000,2025,0.2
2010/05/07,1965.0,1965.0,1965.0,1965.0,1000,1965,0.2
2010/05/18,2205.0,2205.0,2205.0,2205.0,1000,2205,0.2
2010/05/19,1990.0,2150.0,1990.0,2150.0,2000,2150,0.2
2010/05/20,2000.0,2130.0,2000.0,2130.0,4000,2130,0.2
2010/05/21,2000.0,2100.0,2000.0,2100.0,5000,2100,0.2
2010/05/24,2020.0,2020.0,2020.0,2020.0,1000,2020,0.2
2010/05/25,2060.0,2060.0,2060.0,2060.0,3000,2060,0.2
2010/05/26,2020.0,2020.0,2020.0,2020.0,1000,2020,0.2
2010/05/27,1980.0,1980.0,1950.0,1950.0,3000,1950,0.2
2010/06/01,1950.0,1950.0,1950.0,1950.0,2000,1950,0.2
2010/06/21,1915.0,1915.0,1915.0,1915.0,1000,1915,0.2
2010/07/09,1995.0,1995.0,1995.0,1995.0,2000,1995,0.2
2010/07/12,2035.0,2035.0,2035.0,2035.0,1000,2035,0.2
2010/07/15,2035.0,2035.0,2035.0,2035.0,1000,2035,0.2
2010/07/23,2100.0,2100.0,2100.0,2100.0,1000,2100,0.2
2010/08/24,1960.0,1960.0,1960.0,1960.0,1000,1960,0.2
2010/08/25,2055.0,2055.0,2055.0,2055.0,1000,2055,0.2
2010/09/07,2050.0,2050.0,2050.0,2050.0,1000,2050,0.2
2010/09/22,2010.0,2010.0,2010.0,2010.0,1000,2010,0.2
2010/09/24,2050.0,2050.0,2050.0,2050.0,1000,2050,0.2
2010/09/27,2025.0,2050.0,2000.0,2050.0,4000,2050,0.2
2010/10/19,1970.0,1970.0,1970.0,1970.0,1000,1970,0.2
2010/10/25,2010.0,2010.0,2010.0,2010.0,1000,2010,0.2
2010/10/27,1950.0,2010.0,1950.0,2010.0,14000,2010,0.2
2010/11/12,1970.0,1970.0,1970.0,1970.0,1000,1970,0.2
2010/11/18,2000.0,2000.0,1950.0,1950.0,2000,1950,0.2
2010/11/24,2050.0,2050.0,2050.0,2050.0,1000,2050,0.2
2010/12/02,2000.0,2050.0,2000.0,2050.0,4000,2050,0.2
2010/12/03,1985.0,1985.0,1985.0,1985.0,1000,1985,0.2
2010/12/10,2080.0,2080.0,2080.0,2080.0,2000,2080,0.2
2010/12/14,2000.0,2000.0,2000.0,2000.0,1000,2000,0.2
2010/12/15,2000.0,2000.0,2000.0,2000.0,1000,2000,0.2
2010/12/16,2000.0,2000.0,2000.0,2000.0,1000,2000,0.2
2010/12/17,2000.0,2000.0,2000.0,2000.0,1000,2000,0.2
2010/12/21,2000.0,2000.0,2000.0,2000.0,7000,2000,0.2
2010/12/24,2040.0,2040.0,2000.0,2000.0,6000,2000,0.2
2010/12/27,1980.0,1980.0,1980.0,1980.0,2000,1980,0.2
2010/12/29,2010.0,2010.0,2010.0,2010.0,1000,2010,0.2
2011/01/05,2025.0,2025.0,2025.0,2025.0,2000,2025,0.2
2011/01/06,2015.0,2075.0,2015.0,2075.0,6000,2075,0.2
2011/01/07,2025.0,2025.0,2025.0,2025.0,10000,2025,0.2
2011/01/11,2065.0,2065.0,2025.0,2025.0,11000,2025,0.2
2011/01/12,2025.0,2025.0,2020.0,2025.0,8000,2025,0.2
2011/01/13,2035.0,2035.0,2025.0,2025.0,4000,2025,0.2
2011/01/14,2025.0,2025.0,2025.0,2025.0,1000,2025,0.2
2011/01/17,2040.0,2040.0,2040.0,2040.0,2000,2040,0.2
2011/01/18,2045.0,2065.0,2045.0,2050.0,6000,2050,0.2
2011/01/19,2075.0,2075.0,2075.0,2075.0,1000,2075,0.2
2011/01/20,2075.0,2080.0,2075.0,2080.0,2000,2080,0.2
2011/01/21,2060.0,2060.0,2055.0,2055.0,3000,2055,0.2
2011/01/24,2090.0,2090.0,2090.0,2090.0,1000,2090,0.2
2011/01/25,2090.0,2090.0,2075.0,2075.0,3000,2075,0.2
2011/01/26,2095.0,2105.0,2075.0,2075.0,4000,2075,0.2
2011/01/27,1950.0,1950.0,1950.0,1950.0,3000,1950,0.2
2011/02/04,1950.0,1950.0,1950.0,1950.0,1000,1950,0.2
2011/02/07,1960.0,1960.0,1960.0,1960.0,2000,1960,0.2
2011/02/15,1930.0,1930.0,1925.0,1925.0,2000,1925,0.2
2011/02/18,1925.0,1925.0,1925.0,1925.0,2000,1925,0.2
2011/02/21,1925.0,1925.0,1925.0,1925.0,2000,1925,0.2
2011/02/22,1925.0,1925.0,1925.0,1925.0,1000,1925,0.2
2011/02/23,1925.0,1925.0,1925.0,1925.0,1000,1925,0.2
2011/02/24,1925.0,1925.0,1925.0,1925.0,1000,1925,0.2
2011/02/28,1900.0,1900.0,1900.0,1900.0,1000,1900,0.2
2011/03/04,1925.0,1925.0,1925.0,1925.0,2000,1925,0.2
2011/03/07,1910.0,1910.0,1910.0,1910.0,1000,1910,0.2
2011/03/08,1950.0,1950.0,1910.0,1910.0,2000,1910,0.2
2011/03/11,1925.0,1925.0,1925.0,1925.0,1000,1925,0.2
2011/03/14,1925.0,1925.0,1755.0,1850.0,5000,1850,0.2
2011/03/15,1775.0,1775.0,1750.0,1750.0,5000,1750,0.2
2011/03/16,1510.0,1815.0,1510.0,1815.0,3000,1815,0.2
2011/03/18,1825.0,1825.0,1825.0,1825.0,1000,1825,0.2
2011/03/22,1940.0,1945.0,1940.0,1945.0,2000,1945,0.2
2011/03/31,1980.0,2050.0,1980.0,2050.0,4000,2050,0.2
2011/04/01,2050.0,2050.0,2050.0,2050.0,8000,2050,0.2
2011/04/04,2050.0,2050.0,2000.0,2000.0,6000,2000,0.2
2011/04/06,2075.0,2075.0,2075.0,2075.0,4000,2075,0.2
2011/04/15,1995.0,1995.0,1995.0,1995.0,1000,1995,0.2
2011/04/26,2100.0,2100.0,2100.0,2100.0,2000,2100,0.2
2011/05/06,2095.0,2095.0,2095.0,2095.0,3000,2095,0.2
2011/05/09,2075.0,2075.0,2075.0,2075.0,1000,2075,0.2
2011/05/17,2050.0,2050.0,2050.0,2050.0,1000,2050,0.2
2011/05/18,2060.0,2065.0,2060.0,2065.0,6000,2065,0.2
2011/05/23,2005.0,2005.0,2005.0,2005.0,1000,2005,0.2
2011/05/25,2005.0,2005.0,2005.0,2005.0,1000,2005,0.2
2011/05/26,2005.0,2010.0,2000.0,2010.0,9000,2010,0.2
2011/06/17,2000.0,2000.0,2000.0,2000.0,2000,2000,0.2
2011/07/04,2000.0,2000.0,2000.0,2000.0,7000,2000,0.2
2011/07/08,2075.0,2075.0,2035.0,2035.0,3000,2035,0.2
2011/07/19,2085.0,2085.0,2085.0,2085.0,1000,2085,0.2
2011/07/25,2085.0,2085.0,2085.0,2085.0,1000,2085,0.2
2011/08/03,2095.0,2095.0,2095.0,2095.0,1000,2095,0.2
2011/08/05,2100.0,2100.0,2100.0,2100.0,1000,2100,0.2
2011/08/09,1950.0,1950.0,1950.0,1950.0,1000,1950,0.2
2011/08/10,2000.0,2000.0,2000.0,2000.0,1000,2000,0.2
2011/08/11,2050.0,2050.0,2050.0,2050.0,1000,2050,0.2
2011/08/23,1975.0,1975.0,1975.0,1975.0,1000,1975,0.2
2011/09/06,2150.0,2150.0,2150.0,2150.0,2000,2150,0.2
2011/09/21,2000.0,2000.0,2000.0,2000.0,1000,2000,0.2
2011/09/22,2000.0,2000.0,2000.0,2000.0,1000,2000,0.2
2011/09/28,1880.0,1880.0,1880.0,1880.0,1000,1880,0.2
2011/10/18,1940.0,1940.0,1940.0,1940.0,1000,1940,0.2
2011/10/21,1860.0,1860.0,1860.0,1860.0,4000,1860,0.2
2011/10/24,1800.0,1800.0,1800.0,1800.0,10000,1800,0.2
2011/10/25,1770.0,1800.0,1770.0,1800.0,15000,1800,0.2
2011/10/27,1825.0,1825.0,1825.0,1825.0,1000,1825,0.2
2011/11/08,1800.0,1800.0,1800.0,1800.0,1000,1800,0.2
2011/11/11,1765.0,1765.0,1765.0,1765.0,1000,1765,0.2
2011/11/15,1800.0,1800.0,1800.0,1800.0,3000,1800,0.2
2011/11/28,1760.0,1760.0,1760.0,1760.0,1000,1760,0.2
2011/12/01,1800.0,1800.0,1800.0,1800.0,1000,1800,0.2
2011/12/02,1850.0,1850.0,1850.0,1850.0,1000,1850,0.2
2011/12/05,1930.0,1930.0,1930.0,1930.0,1000,1930,0.2
2011/12/09,1945.0,1945.0,1900.0,1900.0,3000,1900,0.2
2011/12/12,1895.0,1895.0,1895.0,1895.0,1000,1895,0.2
2011/12/26,1900.0,1900.0,1900.0,1900.0,1000,1900,0.2
2012/01/06,1940.0,1940.0,1880.0,1880.0,2000,1880,0.2
2012/01/18,1920.0,1920.0,1920.0,1920.0,1000,1920,0.2
2012/01/19,1990.0,1990.0,1990.0,1990.0,1000,1990,0.2
2012/01/23,1990.0,1990.0,1990.0,1990.0,1000,1990,0.2
2012/01/25,1990.0,1990.0,1930.0,1930.0,2000,1930,0.2
2012/01/27,1950.0,1950.0,1950.0,1950.0,1000,1950,0.2
2012/02/01,1990.0,1990.0,1920.0,1920.0,2000,1920,0.2
2012/02/02,1960.0,1960.0,1960.0,1960.0,1000,1960,0.2
2012/02/03,1920.0,1920.0,1920.0,1920.0,2000,1920,0.2
2012/02/06,1920.0,1920.0,1920.0,1920.0,1000,1920,0.2
2012/02/22,1960.0,1960.0,1960.0,1960.0,1000,1960,0.2
2012/02/27,1985.0,1985.0,1985.0,1985.0,1000,1985,0.2
2012/03/01,1990.0,1990.0,1990.0,1990.0,4000,1990,0.2
2012/03/02,1985.0,1985.0,1985.0,1985.0,1000,1985,0.2
2012/03/07,1985.0,1985.0,1985.0,1985.0,1000,1985,0.2
2012/03/09,1985.0,1985.0,1985.0,1985.0,1000,1985,0.2
2012/03/12,1985.0,1985.0,1985.0,1985.0,11000,1985,0.2
2012/03/13,1985.0,1985.0,1985.0,1985.0,3000,1985,0.2
2012/03/14,1985.0,2000.0,1985.0,2000.0,8000,2000,0.2
2012/03/15,1985.0,1985.0,1985.0,1985.0,2000,1985,0.2
2012/03/19,1995.0,2025.0,1995.0,2025.0,4000,2025,0.2
2012/03/21,2030.0,2030.0,2030.0,2030.0,1000,2030,0.2
2012/03/22,2030.0,2030.0,2030.0,2030.0,1000,2030,0.2
2012/03/23,2050.0,2050.0,2050.0,2050.0,2000,2050,0.2
2012/03/26,2000.0,2050.0,2000.0,2050.0,6000,2050,0.2
2012/03/27,2025.0,2025.0,2025.0,2025.0,1000,2025,0.2
2012/03/28,1900.0,1900.0,1865.0,1865.0,2000,1865,0.2
2012/03/29,1865.0,1865.0,1860.0,1860.0,3000,1860,0.2
2012/03/30,1900.0,1990.0,1900.0,1990.0,2000,1990,0.2
2012/04/04,1910.0,1910.0,1910.0,1910.0,1000,1910,0.2
2012/04/05,1900.0,1900.0,1845.0,1885.0,7000,1885,0.2
2012/04/11,1875.0,1875.0,1875.0,1875.0,2000,1875,0.2
2012/04/12,1915.0,1915.0,1915.0,1915.0,1000,1915,0.2
2012/04/16,1900.0,1900.0,1900.0,1900.0,1000,1900,0.2
2012/04/23,1860.0,1895.0,1855.0,1895.0,3000,1895,0.2
2012/05/01,1900.0,1900.0,1900.0,1900.0,1000,1900,0.2
2012/05/07,1975.0,1975.0,1925.0,1925.0,2000,1925,0.2
2012/05/09,1900.0,1900.0,1900.0,1900.0,1000,1900,0.2
2012/05/16,1860.0,1860.0,1860.0,1860.0,1000,1860,0.2
2012/05/25,1860.0,1860.0,1860.0,1860.0,1000,1860,0.2
2012/05/28,1860.0,1860.0,1860.0,1860.0,1000,1860,0.2
2012/06/04,1850.0,1850.0,1850.0,1850.0,1000,1850,0.2
2012/06/05,1860.0,1860.0,1860.0,1860.0,1000,1860,0.2
2012/07/02,1900.0,1900.0,1900.0,1900.0,1000,1900,0.2
2012/07/04,1860.0,1860.0,1860.0,1860.0,1000,1860,0.2
2012/07/10,1950.0,1950.0,1950.0,1950.0,4000,1950,0.2
2012/07/23,1910.0,1910.0,1910.0,1910.0,1000,1910,0.2
2012/07/25,1875.0,1875.0,1875.0,1875.0,1000,1875,0.2
2012/07/30,1955.0,1955.0,1955.0,1955.0,1000,1955,0.2
2012/08/01,1915.0,1915.0,1915.0,1915.0,1000,1915,0.2
2012/08/20,1905.0,1905.0,1905.0,1905.0,1000,1905,0.2
2012/08/24,1940.0,1940.0,1940.0,1940.0,1000,1940,0.2
2012/08/27,1910.0,1910.0,1910.0,1910.0,1000,1910,0.2
2012/08/31,1880.0,1880.0,1880.0,1880.0,1000,1880,0.2
2012/09/04,1900.0,1900.0,1900.0,1900.0,1000,1900,0.2
2012/09/18,1880.0,1880.0,1880.0,1880.0,1000,1880,0.2
2012/09/26,1880.0,1880.0,1880.0,1880.0,3000,1880,0.2
2012/10/10,1880.0,1880.0,1880.0,1880.0,1000,1880,0.2
2012/10/15,1850.0,1850.0,1820.0,1820.0,2000,1820,0.2
2012/10/22,1820.0,1820.0,1820.0,1820.0,2000,1820,0.2
2012/10/25,1860.0,1860.0,1860.0,1860.0,1000,1860,0.2
2012/10/31,1860.0,1860.0,1860.0,1860.0,1000,1860,0.2
2012/11/05,1860.0,1860.0,1860.0,1860.0,2000,1860,0.2
2012/11/12,1825.0,1825.0,1825.0,1825.0,2000,1825,0.2
2012/11/13,1825.0,1825.0,1780.0,1780.0,8000,1780,0.2
2012/11/14,1820.0,1820.0,1820.0,1820.0,1000,1820,0.2
2012/11/19,1780.0,1780.0,1780.0,1780.0,1000,1780,0.2
2012/11/21,1800.0,1800.0,1800.0,1800.0,2000,1800,0.2
2012/11/22,1800.0,1800.0,1800.0,1800.0,4000,1800,0.2
2012/11/26,1780.0,1780.0,1780.0,1780.0,3000,1780,0.2
2012/11/27,1800.0,1800.0,1800.0,1800.0,1000,1800,0.2
2012/11/29,1830.0,1850.0,1830.0,1850.0,2000,1850,0.2
2012/12/03,1880.0,1880.0,1840.0,1840.0,2000,1840,0.2
2012/12/06,1800.0,1800.0,1800.0,1800.0,1000,1800,0.2
2012/12/07,1830.0,1830.0,1830.0,1830.0,2000,1830,0.2
2012/12/10,1870.0,1870.0,1870.0,1870.0,1000,1870,0.2
2012/12/17,1875.0,1875.0,1875.0,1875.0,1000,1875,0.2
2012/12/19,1850.0,1850.0,1850.0,1850.0,1000,1850,0.2
2012/12/20,1855.0,1855.0,1855.0,1855.0,1000,1855,0.2
2012/12/27,1875.0,1875.0,1875.0,1875.0,2000,1875,0.2
2012/12/28,1900.0,1900.0,1900.0,1900.0,1000,1900,0.2
2013/01/04,1980.0,2065.0,1900.0,1900.0,4000,1900,0.2
2013/01/08,1930.0,1930.0,1930.0,1930.0,1000,1930,0.2
2013/01/09,1970.0,1970.0,1970.0,1970.0,1000,1970,0.2
2013/01/11,1950.0,1950.0,1950.0,1950.0,1000,1950,0.2
2013/01/21,2045.0,2045.0,2045.0,2045.0,1000,2045,0.2
2013/01/23,2025.0,2025.0,2025.0,2025.0,2000,2025,0.2
2013/01/28,2070.0,2070.0,2070.0,2070.0,1000,2070,0.2
2013/01/30,1955.0,1955.0,1955.0,1955.0,1000,1955,0.2
2013/01/31,1975.0,2000.0,1975.0,2000.0,2000,2000,0.2
2013/02/01,2000.0,2000.0,2000.0,2000.0,2000,2000,0.2
2013/02/05,1975.0,1975.0,1975.0,1975.0,1000,1975,0.2
2013/02/06,1950.0,1950.0,1940.0,1940.0,5000,1940,0.2
2013/02/08,1955.0,1955.0,1955.0,1955.0,1000,1955,0.2
2013/02/12,1955.0,1955.0,1955.0,1955.0,1000,1955,0.2
2013/02/13,1955.0,1955.0,1955.0,1955.0,1000,1955,0.2
2013/02/14,1950.0,1950.0,1950.0,1950.0,3000,1950,0.2
2013/02/15,1950.0,1950.0,1950.0,1950.0,2000,1950,0.2
2013/02/18,1950.0,1990.0,1950.0,1990.0,2000,1990,0.2
2013/02/22,1990.0,2000.0,1990.0,2000.0,3000,2000,0.2
2013/02/25,2025.0,2025.0,2025.0,2025.0,2000,2025,0.2
2013/02/27,1945.0,1945.0,1945.0,1945.0,4000,1945,0.2
2013/02/28,1985.0,1985.0,1985.0,1985.0,1000,1985,0.2
2013/03/04,1985.0,1985.0,1985.0,1985.0,1000,1985,0.2
2013/03/06,1985.0,2000.0,1985.0,2000.0,2000,2000,0.2
2013/03/07,2000.0,2000.0,1960.0,1960.0,4000,1960,0.2
2013/03/11,1975.0,1975.0,1975.0,1975.0,1000,1975,0.2
2013/03/12,1975.0,2015.0,1975.0,2015.0,2000,2015,0.2
2013/03/13,2010.0,2010.0,2010.0,2010.0,1000,2010,0.2
2013/03/18,2025.0,2025.0,2005.0,2005.0,2000,2005,0.2
2013/03/21,2025.0,2075.0,2025.0,2075.0,3000,2075,0.2
2013/03/22,2000.0,2040.0,2000.0,2040.0,4000,2040,0.2
2013/03/25,2045.0,2045.0,2045.0,2045.0,1000,2045,0.2
2013/03/26,2010.0,2010.0,2010.0,2010.0,1000,2010,0.2
2013/03/27,1910.0,1910.0,1900.0,1900.0,3000,1900,0.2
2013/03/29,1940.0,1940.0,1940.0,1940.0,1000,1940,0.2
2013/04/04,1950.0,1950.0,1945.0,1945.0,2000,1945,0.2
2013/04/05,1975.0,1975.0,1975.0,1975.0,1000,1975,0.2
2013/04/17,1935.0,1935.0,1935.0,1935.0,1000,1935,0.2
2013/04/18,1970.0,1970.0,1970.0,1970.0,1000,1970,0.2
2013/04/19,1930.0,1930.0,1930.0,1930.0,1000,1930,0.2
2013/04/23,1940.0,1990.0,1940.0,1990.0,5000,1990,0.2
2013/04/25,1990.0,1995.0,1990.0,1995.0,2000,1995,0.2
2013/05/01,1955.0,1955.0,1955.0,1955.0,2000,1955,0.2
2013/05/07,1990.0,1990.0,1990.0,1990.0,1000,1990,0.2
2013/05/08,1975.0,1995.0,1975.0,1995.0,2000,1995,0.2
2013/05/09,1990.0,1990.0,1990.0,1990.0,2000,1990,0.2
2013/05/10,1990.0,1990.0,1990.0,1990.0,2000,1990,0.2
2013/05/13,2025.0,2025.0,2010.0,2010.0,4000,2010,0.2
2013/05/14,1975.0,1975.0,1975.0,1975.0,1000,1975,0.2
2013/05/17,2000.0,2000.0,2000.0,2000.0,1000,2000,0.2
2013/05/20,2000.0,2000.0,2000.0,2000.0,1000,2000,0.2
2013/05/21,1990.0,1990.0,1965.0,1965.0,3000,1965,0.2
2013/05/22,1965.0,1965.0,1965.0,1965.0,1000,1965,0.2
2013/05/23,1985.0,1985.0,1985.0,1985.0,1000,1985,0.2
2013/05/24,1985.0,1985.0,1985.0,1985.0,1000,1985,0.2
2013/05/28,1980.0,1980.0,1980.0,1980.0,2000,1980,0.2
2013/05/30,1980.0,1980.0,1980.0,1980.0,1000,1980,0.2
2013/06/03,1970.0,1970.0,1970.0,1970.0,1000,1970,0.2
2013/06/05,1965.0,1965.0,1965.0,1965.0,1000,1965,0.2
2013/06/06,1960.0,1960.0,1960.0,1960.0,1000,1960,0.2
2013/06/13,1940.0,1975.0,1940.0,1975.0,2000,1975,0.2
2013/06/20,1925.0,1925.0,1925.0,1925.0,1000,1925,0.2
2013/06/28,1925.0,1925.0,1925.0,1925.0,3000,1925,0.2
2013/07/02,1925.0,1925.0,1925.0,1925.0,2000,1925,0.2
2013/07/05,1905.0,1905.0,1905.0,1905.0,1000,1905,0.2
2013/07/09,1945.0,1945.0,1945.0,1945.0,1000,1945,0.2
2013/07/10,1985.0,1985.0,1985.0,1985.0,3000,1985,0.2
2013/07/11,1985.0,1985.0,1960.0,1960.0,2000,1960,0.2
2013/07/16,1995.0,1995.0,1955.0,1955.0,2000,1955,0.2
2013/07/19,1955.0,1955.0,1955.0,1955.0,1000,1955,0.2
2013/07/23,1945.0,1950.0,1930.0,1930.0,4000,1930,0.2
2013/07/24,1945.0,1945.0,1945.0,1945.0,1000,1945,0.2
2013/07/25,1945.0,1945.0,1945.0,1945.0,1000,1945,0.2
2013/07/29,1925.0,1925.0,1925.0,1925.0,3000,1925,0.2
2013/08/02,1920.0,1920.0,1920.0,1920.0,1000,1920,0.2
2013/08/05,1925.0,1925.0,1925.0,1925.0,1000,1925,0.2
2013/08/06,1955.0,1955.0,1915.0,1915.0,2000,1915,0.2
2013/08/08,1915.0,1915.0,1915.0,1915.0,1000,1915,0.2
2013/08/09,1910.0,1910.0,1900.0,1900.0,5000,1900,0.2
2013/08/15,1910.0,1910.0,1910.0,1910.0,1000,1910,0.2
2013/08/19,1910.0,1910.0,1910.0,1910.0,2000,1910,0.2
2013/08/23,1925.0,1925.0,1925.0,1925.0,1000,1925,0.2
2013/08/27,1905.0,1905.0,1900.0,1900.0,4000,1900,0.2
2013/09/06,1895.0,1895.0,1885.0,1885.0,3000,1885,0.2
2013/09/11,1900.0,1900.0,1900.0,1900.0,1000,1900,0.2
2013/09/13,1900.0,1900.0,1895.0,1895.0,2000,1895,0.2
2013/09/17,1875.0,1880.0,1875.0,1875.0,5000,1875,0.2
2013/09/19,1875.0,1875.0,1870.0,1870.0,2000,1870,0.2
2013/09/20,1870.0,1870.0,1870.0,1870.0,1000,1870,0.2
2013/09/24,1865.0,1890.0,1865.0,1890.0,2000,1890,0.2
2013/09/25,1900.0,1900.0,1890.0,1890.0,2000,1890,0.2
2013/09/30,1890.0,1890.0,1890.0,1890.0,1000,1890,0.2
2013/10/02,1900.0,1900.0,1900.0,1900.0,2000,1900,0.2
2013/10/03,1900.0,1900.0,1900.0,1900.0,1000,1900,0.2
2013/10/04,1900.0,1900.0,1900.0,1900.0,1000,1900,0.2
2013/10/08,1930.0,1930.0,1900.0,1900.0,3000,1900,0.2
2013/10/10,1900.0,1900.0,1900.0,1900.0,2000,1900,0.2
2013/10/15,1900.0,1900.0,1900.0,1900.0,1000,1900,0.2
2013/10/16,1900.0,1900.0,1900.0,1900.0,1000,1900,0.2
2013/10/21,1900.0,1900.0,1900.0,1900.0,1000,1900,0.2
2013/10/23,1900.0,1900.0,1900.0,1900.0,1000,1900,0.2
2013/10/24,1900.0,1900.0,1900.0,1900.0,1000,1900,0.2
2013/10/25,1900.0,1900.0,1900.0,1900.0,2000,1900,0.2
2013/10/28,1890.0,1890.0,1890.0,1890.0,1000,1890,0.2
2013/10/30,1900.0,1900.0,1900.0,1900.0,2000,1900,0.2
2013/11/01,1900.0,1900.0,1890.0,1890.0,2000,1890,0.2
2013/11/05,1890.0,1890.0,1890.0,1890.0,1000,1890,0.2
2013/11/08,1890.0,1890.0,1890.0,1890.0,1000,1890,0.2
2013/11/11,1885.0,1885.0,1885.0,1885.0,1000,1885,0.2
2013/11/12,1885.0,1885.0,1880.0,1880.0,4000,1880,0.2
2013/11/15,1890.0,1890.0,1890.0,1890.0,1000,1890,0.2
2013/11/18,1905.0,1905.0,1905.0,1905.0,1000,1905,0.2
2013/12/02,1905.0,1905.0,1905.0,1905.0,2000,1905,0.2
2013/12/04,1910.0,1910.0,1910.0,1910.0,1000,1910,0.2
2013/12/05,1900.0,1900.0,1900.0,1900.0,2000,1900,0.2
2013/12/06,1910.0,1910.0,1910.0,1910.0,1000,1910,0.2
2013/12/10,1980.0,1980.0,1980.0,1980.0,2000,1980,0.2
2013/12/11,1980.0,1980.0,1980.0,1980.0,1000,1980,0.2
2013/12/17,1975.0,1975.0,1975.0,1975.0,1000,1975,0.2
2013/12/24,1950.0,1950.0,1925.0,1925.0,2000,1925,0.2
2013/12/25,1925.0,1925.0,1925.0,1925.0,2000,1925,0.2
2013/12/30,2000.0,2000.0,2000.0,2000.0,1000,2000,0.2
2014/01/08,2000.0,2000.0,2000.0,2000.0,1000,2000,0.2
2014/01/16,2000.0,2000.0,2000.0,2000.0,1000,2000,0.2
2014/01/20,1960.0,1960.0,1960.0,1960.0,1000,1960,0.2
2014/01/27,2000.0,2000.0,2000.0,2000.0,2000,2000,0.2
2014/01/28,2005.0,2005.0,2005.0,2005.0,1000,2005,0.2
2014/01/29,2000.0,2000.0,2000.0,2000.0,1000,2000,0.2
2014/01/31,2000.0,2000.0,2000.0,2000.0,1000,2000,0.2
2014/02/03,2000.0,2000.0,2000.0,2000.0,2000,2000,0.2
2014/02/10,2020.0,2020.0,2020.0,2020.0,1000,2020,0.2
2014/02/18,2020.0,2020.0,2000.0,2000.0,2000,2000,0.2
2014/02/20,2015.0,2015.0,2015.0,2015.0,1000,2015,0.2
2014/02/21,2020.0,2020.0,2020.0,2020.0,1000,2020,0.2
2014/02/24,2020.0,2020.0,2020.0,2020.0,1000,2020,0.2
2014/02/25,2005.0,2005.0,2005.0,2005.0,1000,2005,0.2
2014/03/07,2025.0,2040.0,2025.0,2040.0,2000,2040,0.2
2014/03/10,2020.0,2020.0,2020.0,2020.0,1000,2020,0.2
2014/03/12,2050.0,2050.0,2050.0,2050.0,1000,2050,0.2
2014/03/13,2050.0,2050.0,2050.0,2050.0,1000,2050,0.2
2014/03/17,2060.0,2060.0,2000.0,2000.0,7000,2000,0.2
2014/03/18,2010.0,2010.0,2010.0,2010.0,2000,2010,0.2
2014/03/19,1995.0,1995.0,1995.0,1995.0,1000,1995,0.2
2014/03/24,1955.0,1955.0,1955.0,1955.0,3000,1955,0.2
2014/03/25,2000.0,2000.0,2000.0,2000.0,1000,2000,0.2
2014/03/27,1945.0,1950.0,1945.0,1950.0,2000,1950,0.2
2014/04/09,1910.0,1910.0,1910.0,1910.0,1000,1910,0.2
2014/04/11,1900.0,1900.0,1900.0,1900.0,2000,1900,0.2
2014/04/17,1895.0,1895.0,1895.0,1895.0,1000,1895,0.2
2014/04/18,1935.0,1935.0,1895.0,1895.0,2000,1895,0.2
2014/04/22,1875.0,1875.0,1875.0,1875.0,1000,1875,0.2
2014/04/23,1875.0,1875.0,1860.0,1860.0,2000,1860,0.2
2014/04/24,1860.0,1860.0,1860.0,1860.0,1000,1860,0.2
2014/04/25,1865.0,1865.0,1850.0,1850.0,4000,1850,0.2
2014/04/28,1860.0,1860.0,1860.0,1860.0,1000,1860,0.2
2014/05/08,1850.0,1850.0,1850.0,1850.0,1000,1850,0.2
2014/05/13,1855.0,1855.0,1855.0,1855.0,1000,1855,0.2
2014/05/22,1865.0,1865.0,1865.0,1865.0,1000,1865,0.2
2014/05/27,1865.0,1865.0,1865.0,1865.0,1000,1865,0.2
2014/06/02,1870.0,1870.0,1870.0,1870.0,1000,1870,0.2
2014/06/04,1890.0,1890.0,1890.0,1890.0,1000,1890,0.2
2014/06/16,1900.0,1900.0,1900.0,1900.0,1000,1900,0.2
2014/06/18,1900.0,1900.0,1880.0,1880.0,2000,1880,0.2
2014/06/25,1960.0,1960.0,1960.0,1960.0,1000,1960,0.2
2014/06/26,1880.0,1880.0,1880.0,1880.0,1000,1880,0.2
2014/07/04,1950.0,1950.0,1950.0,1950.0,1000,1950,0.2
2014/07/07,1965.0,1965.0,1965.0,1965.0,1000,1965,0.2
2014/07/09,1950.0,1950.0,1950.0,1950.0,1000,1950,0.2
2014/07/10,1975.0,1975.0,1975.0,1975.0,3000,1975,0.2
2014/07/23,1970.0,1970.0,1970.0,1970.0,1000,1970,0.2
2014/07/25,1970.0,1970.0,1950.0,1950.0,3000,1950,0.2
2014/07/31,1965.0,1965.0,1965.0,1965.0,1000,1965,0.2
2014/08/01,1975.0,1975.0,1975.0,1975.0,1000,1975,0.2
2014/08/06,1950.0,1950.0,1950.0,1950.0,1000,1950,0.2
2014/08/07,1930.0,1930.0,1930.0,1930.0,1000,1930,0.2
2014/08/11,1925.0,1925.0,1925.0,1925.0,1000,1925,0.2
2014/08/19,1900.0,1900.0,1900.0,1900.0,1000,1900,0.2
2014/08/29,1995.0,1995.0,1995.0,1995.0,1000,1995,0.2
2014/09/02,1915.0,1915.0,1915.0,1915.0,3000,1915,0.2
2014/09/04,1950.0,1950.0,1950.0,1950.0,1000,1950,0.2
2014/09/08,1950.0,1950.0,1950.0,1950.0,2000,1950,0.2
2014/09/11,1910.0,1910.0,1910.0,1910.0,1000,1910,0.2
2014/09/12,1910.0,1950.0,1910.0,1950.0,4000,1950,0.2
2014/09/16,1925.0,1925.0,1925.0,1925.0,1000,1925,0.2
2014/09/17,1935.0,1935.0,1935.0,1935.0,1000,1935,0.2
2014/09/19,1970.0,1970.0,1970.0,1970.0,1000,1970,0.2
2014/09/25,2000.0,2000.0,2000.0,2000.0,1000,2000,0.2
2014/09/29,1960.0,1960.0,1960.0,1960.0,1000,1960,0.2
2014/10/02,1980.0,1980.0,1980.0,1980.0,1000,1980,0.2
2014/10/10,1940.0,1940.0,1940.0,1940.0,1000,1940,0.2
2014/10/14,1950.0,1950.0,1950.0,1950.0,1000,1950,0.2
2014/10/17,1935.0,1935.0,1935.0,1935.0,3000,1935,0.2
2014/10/21,1935.0,1935.0,1925.0,1925.0,2000,1925,0.2
2014/10/24,1925.0,1925.0,1925.0,1925.0,1000,1925,0.2
2014/10/27,1945.0,1945.0,1935.0,1935.0,2000,1935,0.2
2014/10/31,1940.0,1940.0,1940.0,1940.0,1000,1940,0.2
2014/11/07,1950.0,1950.0,1950.0,1950.0,1000,1950,0.2
2014/11/17,1950.0,1950.0,1950.0,1950.0,1000,1950,0.2
2014/11/19,2000.0,2000.0,2000.0,2000.0,1000,2000,0.2
2014/11/25,2000.0,2000.0,2000.0,2000.0,1000,2000,0.2
2014/11/28,1950.0,1950.0,1950.0,1950.0,1000,1950,0.2
2014/12/02,2000.0,2000.0,1950.0,1950.0,2000,1950,0.2
2014/12/04,1950.0,1950.0,1950.0,1950.0,1000,1950,0.2
2014/12/05,1925.0,1925.0,1925.0,1925.0,2000,1925,0.2
2014/12/08,1925.0,1925.0,1910.0,1910.0,2000,1910,0.2
2014/12/09,1910.0,1950.0,1910.0,1950.0,2000,1950,0.2
2014/12/10,1985.0,1985.0,1945.0,1945.0,2000,1945,0.2
2014/12/15,1975.0,1975.0,1975.0,1975.0,2000,1975,0.2
2014/12/19,1950.0,1950.0,1950.0,1950.0,1000,1950,0.2
2014/12/22,1980.0,1980.0,1980.0,1980.0,1000,1980,0.2
2014/12/25,1925.0,1925.0,1925.0,1925.0,3000,1925,0.2
2014/12/29,1950.0,1950.0,1950.0,1950.0,1000,1950,0.2
2015/01/07,1975.0,1975.0,1975.0,1975.0,1000,1975,0.2
2015/01/09,1975.0,1985.0,1950.0,1950.0,3000,1950,0.2
2015/01/15,1940.0,1940.0,1940.0,1940.0,1000,1940,0.2
2015/01/20,1940.0,1940.0,1940.0,1940.0,1000,1940,0.2
2015/01/23,2015.0,2015.0,2015.0,2015.0,1000,2015,0.2
2015/01/27,2015.0,2015.0,2015.0,2015.0,2000,2015,0.2
2015/01/28,2000.0,2000.0,2000.0,2000.0,1000,2000,0.2
2015/02/09,1960.0,1960.0,1960.0,1960.0,1000,1960,0.2
2015/02/16,1980.0,1980.0,1975.0,1975.0,2000,1975,0.2
2015/02/19,1975.0,1975.0,1975.0,1975.0,1000,1975,0.2
2015/02/23,1965.0,1965.0,1965.0,1965.0,1000,1965,0.2
2015/02/26,1970.0,1970.0,1970.0,1970.0,2000,1970,0.2
2015/03/02,1970.0,1975.0,1970.0,1975.0,3000,1975,0.2
2015/03/06,2000.0,2025.0,2000.0,2025.0,2000,2025,0.2
2015/03/09,2000.0,2000.0,2000.0,2000.0,1000,2000,0.2
2015/03/10,2030.0,2030.0,2000.0,2000.0,2000,2000,0.2
2015/03/11,2025.0,2025.0,2025.0,2025.0,1000,2025,0.2
2015/03/12,2025.0,2025.0,2010.0,2010.0,2000,2010,0.2
2015/03/13,2040.0,2050.0,2040.0,2050.0,2000,2050,0.2
2015/03/16,2045.0,2045.0,2020.0,2040.0,6000,2040,0.2
2015/03/18,2050.0,2050.0,2040.0,2040.0,2000,2040,0.2
2015/03/19,2050.0,2060.0,2050.0,2060.0,3000,2060,0.2
2015/03/20,2065.0,2075.0,2050.0,2050.0,4000,2050,0.2
2015/03/25,2050.0,2050.0,2050.0,2050.0,1000,2050,0.2
2015/03/26,2065.0,2075.0,2050.0,2050.0,4000,2050,0.2
2015/03/27,1970.0,1970.0,1965.0,1965.0,4000,1965,0.2
2015/03/30,1965.0,1965.0,1965.0,1965.0,2000,1965,0.2
2015/04/02,1975.0,1975.0,1975.0,1975.0,1000,1975,0.2
2015/04/03,1975.0,1975.0,1975.0,1975.0,1000,1975,0.2
2015/04/06,1980.0,1980.0,1980.0,1980.0,1000,1980,0.2
2015/04/07,1950.0,1950.0,1950.0,1950.0,5000,1950,0.2
2015/04/10,1980.0,1980.0,1980.0,1980.0,1000,1980,0.2
2015/04/14,1960.0,1960.0,1960.0,1960.0,1000,1960,0.2
2015/04/15,1975.0,1975.0,1955.0,1955.0,2000,1955,0.2
2015/04/16,1975.0,1975.0,1975.0,1975.0,1000,1975,0.2
2015/04/20,1980.0,1980.0,1980.0,1980.0,1000,1980,0.2
2015/04/21,1980.0,1980.0,1980.0,1980.0,1000,1980,0.2
2015/04/22,1990.0,1995.0,1990.0,1995.0,3000,1995,0.2
2015/04/27,1990.0,1990.0,1975.0,1975.0,2000,1975,0.2
2015/04/28,1990.0,1990.0,1990.0,1990.0,1000,1990,0.2
2015/04/30,1980.0,1980.0,1980.0,1980.0,1000,1980,0.2
2015/05/08,2050.0,2050.0,2050.0,2050.0,2000,2050,0.2
2015/05/12,2050.0,2150.0,2050.0,2150.0,8000,2150,0.2
2015/05/13,2150.0,2150.0,2150.0,2150.0,6000,2150,0.2
2015/05/19,2015.0,2015.0,2015.0,2015.0,1000,2015,0.2
2015/05/21,2145.0,2145.0,2145.0,2145.0,2000,2145,0.2
2015/06/04,2075.0,2075.0,2075.0,2075.0,1000,2075,0.2
2015/06/05,2055.0,2055.0,2055.0,2055.0,1000,2055,0.2
2015/06/08,2100.0,2100.0,2100.0,2100.0,1000,2100,0.2
2015/06/11,2100.0,2100.0,2075.0,2075.0,2000,2075,0.2
2015/06/16,2100.0,2100.0,2100.0,2100.0,1000,2100,0.2
2015/06/17,2100.0,2100.0,2100.0,2100.0,1000,2100,0.2
2015/06/18,2055.0,2055.0,2055.0,2055.0,1000,2055,0.2
2015/06/19,2055.0,2055.0,2055.0,2055.0,1000,2055,0.2
2015/06/23,2095.0,2095.0,2095.0,2095.0,1000,2095,0.2
2015/06/29,2100.0,2120.0,2100.0,2120.0,2000,2120,0.2
2015/06/30,2145.0,2145.0,2145.0,2145.0,1000,2145,0.2
2015/07/08,2080.0,2080.0,2075.0,2075.0,2000,2075,0.2
2015/07/10,2135.0,2150.0,2135.0,2150.0,4000,2150,0.2
2015/07/13,2035.0,2035.0,2035.0,2035.0,1000,2035,0.2
2015/07/15,2035.0,2035.0,2035.0,2035.0,6000,2035,0.2
2015/07/16,2030.0,2050.0,2030.0,2050.0,11000,2050,0.2
2015/07/17,2035.0,2035.0,2030.0,2030.0,2000,2030,0.2
2015/07/21,2000.0,2000.0,2000.0,2000.0,1000,2000,0.2
2015/07/23,2080.0,2080.0,2080.0,2080.0,1000,2080,0.2
2015/07/24,2180.0,2180.0,2180.0,2180.0,1000,2180,0.2
2015/07/29,2060.0,2060.0,2025.0,2025.0,7000,2025,0.2
2015/07/30,2020.0,2020.0,2010.0,2010.0,4000,2010,0.2
2015/08/03,2015.0,2015.0,2000.0,2000.0,2000,2000,0.2
2015/08/05,2000.0,2000.0,2000.0,2000.0,1000,2000,0.2
2015/08/06,2010.0,2010.0,2010.0,2010.0,1000,2010,0.2
2015/08/11,2015.0,2030.0,2010.0,2030.0,4000,2030,0.2
2015/08/20,2045.0,2045.0,2045.0,2045.0,1000,2045,0.2
2015/08/21,2050.0,2050.0,2050.0,2050.0,2000,2050,0.2
2015/08/24,2025.0,2025.0,2025.0,2025.0,1000,2025,0.2
2015/08/28,2005.0,2005.0,2000.0,2000.0,2000,2000,0.2
2015/09/01,2005.0,2005.0,2005.0,2005.0,1000,2005,0.2
2015/09/02,2000.0,2000.0,2000.0,2000.0,2000,2000,0.2
2015/09/04,1995.0,1995.0,1995.0,1995.0,1000,1995,0.2
2015/09/07,1985.0,1985.0,1985.0,1985.0,1000,1985,0.2
2015/09/09,1975.0,1975.0,1975.0,1975.0,2000,1975,0.2
2015/09/11,2095.0,2100.0,2095.0,2100.0,2000,2100,0.2
2015/09/15,2050.0,2050.0,2050.0,2050.0,1000,2050,0.2
2015/09/16,2100.0,2100.0,2075.0,2075.0,3000,2075,0.2
2015/09/17,2100.0,2100.0,2100.0,2100.0,3000,2100,0.2
2015/09/18,2100.0,2100.0,2100.0,2100.0,2000,2100,0.2
2015/09/24,2100.0,2100.0,2100.0,2100.0,1000,2100,0.2
2015/09/25,2100.0,2100.0,2100.0,2100.0,3000,2100,0.2
2015/09/28,2020.0,2020.0,2020.0,2020.0,1000,2020,0.2
2015/09/29,2090.0,2090.0,2090.0,2090.0,1000,2090,0.2
2015/10/08,2020.0,2020.0,2020.0,2020.0,1000,2020,0.2
2015/10/09,2090.0,2090.0,2090.0,2090.0,1000,2090,0.2
2015/10/13,2100.0,2100.0,2090.0,2090.0,10000,2090,0.2
2015/10/14,2090.0,2090.0,2090.0,2090.0,4000,2090,0.2
2015/10/19,2100.0,2100.0,2100.0,2100.0,2000,2100,0.2
2015/10/20,2075.0,2075.0,2075.0,2075.0,3000,2075,0.2
2015/10/21,2075.0,2075.0,2075.0,2075.0,1000,2075,0.2
2015/10/26,2075.0,2075.0,2035.0,2035.0,2000,2035,0.2
2015/10/27,2050.0,2050.0,2050.0,2050.0,1000,2050,0.2
2015/10/28,2150.0,2150.0,2145.0,2150.0,8000,2150,0.2
2015/10/29,2250.0,2300.0,2250.0,2250.0,9000,2250,0.2
2015/10/30,2245.0,2245.0,2175.0,2240.0,3000,2240,0.2
2015/11/04,2235.0,2235.0,2235.0,2235.0,1000,2235,0.2
2015/11/05,2115.0,2150.0,2115.0,2150.0,3000,2150,0.2
2015/11/06,2145.0,2145.0,2145.0,2145.0,1000,2145,0.2
2015/11/09,2145.0,2145.0,2145.0,2145.0,1000,2145,0.2
2015/11/13,2115.0,2115.0,2100.0,2115.0,4000,2115,0.2
2015/11/16,2115.0,2115.0,2115.0,2115.0,1000,2115,0.2
2015/11/18,2075.0,2075.0,2075.0,2075.0,2000,2075,0.2
2015/11/19,2075.0,2075.0,2075.0,2075.0,1000,2075,0.2
2015/11/25,2145.0,2145.0,2145.0,2145.0,1000,2145,0.2
2015/11/26,2155.0,2160.0,2155.0,2160.0,2000,2160,0.2
2015/11/27,2130.0,2130.0,2125.0,2125.0,2000,2125,0.2
2015/11/30,2130.0,2130.0,2130.0,2130.0,2000,2130,0.2
2015/12/01,2160.0,2160.0,2160.0,2160.0,1000,2160,0.2
2015/12/02,2160.0,2160.0,2160.0,2160.0,2000,2160,0.2
2015/12/10,2220.0,2250.0,2220.0,2250.0,4000,2250,0.2
2015/12/11,2260.0,2260.0,2260.0,2260.0,1000,2260,0.2
2015/12/14,2260.0,2260.0,2220.0,2220.0,2000,2220,0.2
2015/12/15,2280.0,2280.0,2210.0,2210.0,7000,2210,0.2
2015/12/17,2245.0,2250.0,2245.0,2250.0,2000,2250,0.2
2015/12/21,2260.0,2300.0,2260.0,2290.0,7000,2290,0.2
2015/12/22,2690.0,2690.0,2690.0,2690.0,11000,2690,0.2
2015/12/24,2755.0,2755.0,2750.0,2750.0,4000,2750,0.2
2015/12/25,2750.0,2750.0,2750.0,2750.0,1000,2750,0.2
2015/12/28,2745.0,2745.0,2745.0,2745.0,1000,2745,0.2
2015/12/30,2740.0,2740.0,2740.0,2740.0,1000,2740,0.2
2016/01/05,2540.0,2675.0,2525.0,2675.0,6000,2675,0.2
2016/01/07,2675.0,2675.0,2575.0,2575.0,2000,2575,0.2
2016/01/08,2575.0,2575.0,2575.0,2575.0,1000,2575,0.2
2016/01/12,2575.0,2575.0,2575.0,2575.0,1000,2575,0.2
2016/01/13,2625.0,2625.0,2625.0,2625.0,1000,2625,0.2
2016/01/14,2675.0,2675.0,2540.0,2540.0,2000,2540,0.2
2016/01/15,2450.0,2580.0,2450.0,2580.0,4000,2580,0.2
2016/01/20,2545.0,2550.0,2415.0,2550.0,3000,2550,0.2
2016/01/22,2450.0,2520.0,2450.0,2520.0,2000,2520,0.2
2016/01/25,2580.0,2580.0,2500.0,2500.0,4000,2500,0.2
2016/01/27,2525.0,2525.0,2525.0,2525.0,1000,2525,0.2
2016/01/28,2500.0,2500.0,2500.0,2500.0,1000,2500,0.2
2016/01/29,2645.0,2650.0,2645.0,2650.0,2000,2650,0.2
2016/02/01,2650.0,2650.0,2650.0,2650.0,1000,2650,0.2
2016/02/09,2650.0,2650.0,2650.0,2650.0,1000,2650,0.2
2016/02/12,2500.0,2500.0,2305.0,2305.0,4000,2305,0.2
2016/02/16,2310.0,2310.0,2310.0,2310.0,1000,2310,0.2
2016/02/18,2645.0,2650.0,2645.0,2650.0,3000,2650,0.2
2016/02/22,2650.0,2735.0,2650.0,2735.0,4000,2735,0.2
2016/02/23,2725.0,2725.0,2725.0,2725.0,2000,2725,0.2
2016/03/01,2625.0,2625.0,2625.0,2625.0,2000,2625,0.2
2016/03/04,2525.0,2525.0,2500.0,2500.0,5000,2500,0.2
2016/03/07,2540.0,2540.0,2540.0,2540.0,1000,2540,0.2
2016/03/09,2550.0,2550.0,2550.0,2550.0,2000,2550,0.2
2016/03/14,2550.0,2550.0,2500.0,2500.0,2000,2500,0.2
2016/03/15,2525.0,2575.0,2525.0,2575.0,2000,2575,0.2
2016/03/17,2550.0,2600.0,2550.0,2600.0,2000,2600,0.2
2016/03/18,2750.0,2750.0,2750.0,2750.0,1000,2750,0.2
2016/03/22,2750.0,2750.0,2750.0,2750.0,1000,2750,0.2
2016/03/23,2580.0,2600.0,2580.0,2600.0,2000,2600,0.2
2016/03/25,2650.0,2750.0,2575.0,2750.0,4000,2750,0.2
2016/03/28,2650.0,2650.0,2650.0,2650.0,1000,2650,0.2
2016/03/30,2500.0,2500.0,2500.0,2500.0,1000,2500,0.2
2016/04/07,2450.0,2450.0,2430.0,2430.0,2000,2430,0.2
2016/04/08,2485.0,2485.0,2485.0,2485.0,1000,2485,0.2
2016/04/11,2485.0,2485.0,2485.0,2485.0,1000,2485,0.2
2016/04/13,2405.0,2445.0,2405.0,2445.0,4000,2445,0.2
2016/04/14,2455.0,2455.0,2450.0,2450.0,2000,2450,0.2
2016/04/18,2455.0,2600.0,2455.0,2600.0,5000,2600,0.2
2016/04/19,2700.0,2745.0,2700.0,2745.0,2000,2745,0.2
2016/04/20,2610.0,2610.0,2610.0,2610.0,1000,2610,0.2
2016/04/22,2600.0,2740.0,2600.0,2740.0,2000,2740,0.2
2016/05/06,2540.0,2540.0,2540.0,2540.0,4000,2540,0.2
2016/05/10,2570.0,2570.0,2570.0,2570.0,1000,2570,0.2
2016/05/11,2580.0,2650.0,2580.0,2650.0,2000,2650,0.2
2016/05/12,2550.0,2550.0,2450.0,2500.0,7000,2500,0.2
2016/05/16,2450.0,2450.0,2395.0,2395.0,3000,2395,0.2
2016/05/18,2400.0,2400.0,2375.0,2400.0,3000,2400,0.2
2016/05/19,2400.0,2400.0,2400.0,2400.0,4000,2400,0.2
2016/05/23,2360.0,2400.0,2360.0,2400.0,2000,2400,0.2
2016/05/25,2435.0,2460.0,2435.0,2460.0,2000,2460,0.2
2016/05/27,2400.0,2400.0,2310.0,2350.0,6000,2350,0.2
2016/05/30,2315.0,2355.0,2315.0,2355.0,3000,2355,0.2
2016/06/06,2325.0,2325.0,2325.0,2325.0,1000,2325,0.2
2016/06/13,2325.0,2345.0,2325.0,2345.0,2000,2345,0.2
2016/06/20,2330.0,2330.0,2330.0,2330.0,1000,2330,0.2
2016/06/21,2330.0,2330.0,2330.0,2330.0,1000,2330,0.2
2016/06/22,2405.0,2405.0,2405.0,2405.0,1000,2405,0.2
2016/06/24,2435.0,2435.0,2325.0,2325.0,2000,2325,0.2
2016/06/27,2275.0,2275.0,2275.0,2275.0,1000,2275,0.2
2016/06/29,2275.0,2275.0,2275.0,2275.0,1000,2275,0.2
2016/07/04,2390.0,2390.0,2390.0,2390.0,1000,2390,0.2
2016/07/05,2390.0,2390.0,2390.0,2390.0,1000,2390,0.2
2016/07/08,2400.0,2400.0,2400.0,2400.0,4000,2400,0.2
2016/07/12,2420.0,2420.0,2420.0,2420.0,1000,2420,0.2
2016/07/20,2425.0,2465.0,2425.0,2465.0,3000,2465,0.2
2016/07/25,2465.0,2465.0,2385.0,2385.0,2000,2385,0.2
2016/08/09,2425.0,2500.0,2425.0,2435.0,5000,2435,0.2
2016/08/16,2490.0,2490.0,2490.0,2490.0,1000,2490,0.2
2016/08/19,2580.0,2580.0,2550.0,2550.0,3000,2550,0.2
2016/08/24,2600.0,2600.0,2600.0,2600.0,1000,2600,0.2
2016/08/25,2630.0,2630.0,2630.0,2630.0,1000,2630,0.2
2016/09/08,2425.0,2425.0,2425.0,2425.0,1000,2425,0.2
2016/09/12,2400.0,2400.0,2400.0,2400.0,1000,2400,0.2
2016/09/16,2350.0,2350.0,2350.0,2350.0,2000,2350,0.2
2016/09/20,2350.0,2400.0,2350.0,2400.0,5000,2400,0.2
2016/09/30,2400.0,2400.0,2400.0,2400.0,1000,2400,0.2
2016/10/03,2390.0,2390.0,2390.0,2390.0,1000,2390,0.2
2016/10/07,2405.0,2405.0,2405.0,2405.0,1000,2405,0.2
2016/10/11,2450.0,2500.0,2450.0,2500.0,2000,2500,0.2
2016/10/12,2510.0,2510.0,2510.0,2510.0,1000,2510,0.2
2016/10/14,2550.0,2550.0,2550.0,2550.0,1000,2550,0.2
2016/10/17,2500.0,2550.0,2500.0,2550.0,4000,2550,0.2
2016/10/19,2550.0,2550.0,2550.0,2550.0,1000,2550,0.2
2016/10/21,2500.0,2500.0,2500.0,2500.0,1000,2500,0.2
2016/10/25,2550.0,2550.0,2550.0,2550.0,1000,2550,0.2
2016/10/28,2550.0,2600.0,2550.0,2600.0,2000,2600,0.2
2016/10/31,2510.0,2510.0,2510.0,2510.0,5000,2510,0.2
2016/11/01,2510.0,2510.0,2500.0,2500.0,3000,2500,0.2
2016/11/02,2465.0,2465.0,2465.0,2465.0,2000,2465,0.2
2016/11/04,2510.0,2510.0,2410.0,2410.0,5000,2410,0.2
2016/11/15,2455.0,2455.0,2455.0,2455.0,1000,2455,0.2
2016/11/16,2455.0,2455.0,2455.0,2455.0,1000,2455,0.2
2016/11/17,2495.0,2495.0,2470.0,2470.0,2000,2470,0.2
2016/11/18,2470.0,2470.0,2470.0,2470.0,1000,2470,0.2
2016/11/21,2510.0,2510.0,2465.0,2465.0,2000,2465,0.2
2016/11/24,2445.0,2445.0,2445.0,2445.0,1000,2445,0.2
2016/11/25,2525.0,2525.0,2475.0,2475.0,2000,2475,0.2
2016/12/02,2460.0,2460.0,2460.0,2460.0,1000,2460,0.2
2016/12/06,2495.0,2500.0,2495.0,2500.0,2000,2500,0.2
2016/12/09,2600.0,2600.0,2550.0,2550.0,3000,2550,0.2
2016/12/12,2550.0,2550.0,2550.0,2550.0,3000,2550,0.2
2016/12/13,2500.0,2500.0,2500.0,2500.0,9000,2500,0.2
2016/12/16,2550.0,2550.0,2550.0,2550.0,1000,2550,0.2
2016/12/19,2540.0,2550.0,2540.0,2550.0,3000,2550,0.2
2016/12/20,2500.0,2500.0,2475.0,2495.0,8000,2495,0.2
2016/12/22,2495.0,2495.0,2490.0,2490.0,2000,2490,0.2
2016/12/26,2505.0,2505.0,2475.0,2475.0,2000,2475,0.2
2016/12/27,2460.0,2480.0,2460.0,2480.0,3000,2480,0.2
2016/12/30,2460.0,2460.0,2460.0,2460.0,1000,2460,0.2
2017/01/04,2545.0,2545.0,2545.0,2545.0,1000,2545,0.2
2017/01/05,2500.0,2500.0,2430.0,2430.0,7000,2430,0.2
2017/01/10,2510.0,2510.0,2510.0,2510.0,2000,2510,0.2
2017/01/12,2540.0,2550.0,2540.0,2550.0,2000,2550,0.2
2017/01/17,2525.0,2525.0,2525.0,2525.0,1000,2525,0.2
2017/01/18,2520.0,2520.0,2505.0,2510.0,3000,2510,0.2
2017/01/19,2545.0,2545.0,2545.0,2545.0,1000,2545,0.2
2017/01/23,2545.0,2595.0,2545.0,2595.0,2000,2595,0.2
2017/01/25,2645.0,2645.0,2645.0,2645.0,1000,2645,0.2
2017/01/26,2645.0,2645.0,2645.0,2645.0,1000,2645,0.2
2017/01/27,2555.0,2555.0,2555.0,2555.0,1000,2555,0.2
2017/01/30,2600.0,2600.0,2600.0,2600.0,1000,2600,0.2
2017/01/31,2550.0,2550.0,2530.0,2530.0,2000,2530,0.2
2017/02/01,2575.0,2575.0,2575.0,2575.0,1000,2575,0.2
2017/02/02,2545.0,2575.0,2545.0,2575.0,2000,2575,0.2
2017/02/10,2585.0,2585.0,2585.0,2585.0,1000,2585,0.2
2017/02/13,2575.0,2575.0,2575.0,2575.0,1000,2575,0.2
2017/02/14,2580.0,2580.0,2580.0,2580.0,2000,2580,0.2
2017/02/17,2595.0,2595.0,2595.0,2595.0,2000,2595,0.2
2017/02/20,2625.0,2625.0,2625.0,2625.0,1000,2625,0.2
2017/02/21,2640.0,2640.0,2640.0,2640.0,1000,2640,0.2
2017/02/22,2590.0,2595.0,2590.0,2595.0,2000,2595,0.2
2017/03/01,2645.0,2645.0,2645.0,2645.0,1000,2645,0.2
2017/03/06,2595.0,2595.0,2595.0,2595.0,3000,2595,0.2
2017/03/07,2600.0,2600.0,2600.0,2600.0,1000,2600,0.2
2017/03/08,2610.0,2645.0,2610.0,2645.0,2000,2645,0.2
2017/03/10,2650.0,2650.0,2650.0,2650.0,2000,2650,0.2
2017/03/13,2650.0,2650.0,2650.0,2650.0,1000,2650,0.2
2017/03/15,2665.0,2675.0,2665.0,2675.0,2000,2675,0.2
2017/03/21,2650.0,2650.0,2650.0,2650.0,1000,2650,0.2
2017/03/22,2665.0,2675.0,2665.0,2675.0,4000,2675,0.2
2017/03/24,2725.0,2745.0,2700.0,2745.0,4000,2745,0.2
2017/03/27,2750.0,2750.0,2745.0,2745.0,2000,2745,0.2
2017/03/28,2645.0,2745.0,2640.0,2745.0,4000,2745,0.2
2017/03/29,2625.0,2625.0,2625.0,2625.0,1000,2625,0.2
2017/04/03,2625.0,2625.0,2625.0,2625.0,1000,2625,0.2
2017/04/04,2560.0,2560.0,2555.0,2555.0,2000,2555,0.2
2017/04/06,2555.0,2555.0,2555.0,2555.0,1000,2555,0.2
2017/04/11,2605.0,2605.0,2605.0,2605.0,1000,2605,0.2
2017/04/14,2620.0,2625.0,2620.0,2625.0,3000,2625,0.2
2017/04/17,2625.0,2625.0,2625.0,2625.0,1000,2625,0.2
2017/04/18,2575.0,2575.0,2575.0,2575.0,1000,2575,0.2
2017/04/19,2525.0,2525.0,2525.0,2525.0,1000,2525,0.2
2017/04/20,2525.0,2525.0,2525.0,2525.0,1000,2525,0.2
2017/04/26,2530.0,2575.0,2530.0,2575.0,3000,2575,0.2
2017/04/28,2580.0,2580.0,2580.0,2580.0,1000,2580,0.2
2017/05/02,2575.0,2575.0,2575.0,2575.0,1000,2575,0.2
2017/05/08,2565.0,2565.0,2565.0,2565.0,1000,2565,0.2
2017/05/10,2565.0,2565.0,2565.0,2565.0,1000,2565,0.2
2017/05/15,2590.0,2590.0,2590.0,2590.0,1000,2590,0.2
2017/05/17,2575.0,2575.0,2575.0,2575.0,1000,2575,0.2
2017/05/18,2565.0,2615.0,2565.0,2615.0,2000,2615,0.2
2017/05/22,2610.0,2610.0,2610.0,2610.0,1000,2610,0.2
2017/05/25,2660.0,2700.0,2660.0,2700.0,2000,2700,0.2
2017/05/26,2665.0,2710.0,2665.0,2710.0,3000,2710,0.2
2017/05/29,2750.0,2750.0,2750.0,2750.0,4000,2750,0.2
2017/05/30,2700.0,2750.0,2700.0,2750.0,2000,2750,0.2
2017/05/31,2700.0,2700.0,2700.0,2700.0,1000,2700,0.2
2017/06/01,2740.0,2740.0,2740.0,2740.0,1000,2740,0.2
2017/06/02,2670.0,2670.0,2670.0,2670.0,1000,2670,0.2
2017/06/05,2665.0,2665.0,2665.0,2665.0,1000,2665,0.2
2017/06/09,2615.0,2615.0,2615.0,2615.0,1000,2615,0.2
2017/06/12,2615.0,2615.0,2615.0,2615.0,1000,2615,0.2
2017/06/14,2665.0,2665.0,2665.0,2665.0,1000,2665,0.2
2017/06/19,2645.0,2645.0,2645.0,2645.0,2000,2645,0.2
2017/06/20,2645.0,2645.0,2620.0,2620.0,2000,2620,0.2
2017/06/23,2665.0,2665.0,2635.0,2655.0,4000,2655,0.2
2017/06/26,2650.0,2750.0,2650.0,2725.0,3000,2725,0.2
2017/06/29,2750.0,2750.0,2750.0,2750.0,1000,2750,0.2
2017/06/30,2740.0,2740.0,2740.0,2740.0,1000,2740,0.2
2017/07/03,2690.0,2690.0,2690.0,2690.0,1000,2690,0.2
2017/07/06,2740.0,2750.0,2740.0,2750.0,4000,2750,0.2
2017/07/07,2750.0,2750.0,2750.0,2750.0,2000,2750,0.2
2017/07/10,2795.0,2800.0,2795.0,2800.0,4000,2800,0.2
2017/07/24,2750.0,2750.0,2750.0,2750.0,2000,2750,0.2
2017/07/27,2750.0,2750.0,2750.0,2750.0,1000,2750,0.2
2017/08/01,2700.0,2700.0,2700.0,2700.0,1000,2700,0.2
2017/08/03,2700.0,2700.0,2700.0,2700.0,1000,2700,0.2
2017/08/07,2695.0,2695.0,2695.0,2695.0,1000,2695,0.2
2017/08/08,2695.0,2740.0,2690.0,2690.0,3000,2690,0.2
2017/08/09,2690.0,2720.0,2690.0,2720.0,2000,2720,0.2
2017/08/10,2720.0,2750.0,2720.0,2750.0,4000,2750,0.2
2017/08/14,2750.0,2755.0,2750.0,2755.0,4000,2755,0.2
2017/08/16,2750.0,2750.0,2750.0,2750.0,2000,2750,0.2
2017/08/17,3250.0,3250.0,2850.0,2850.0,10000,2850,0.2
2017/08/21,2730.0,2755.0,2730.0,2750.0,11000,2750,0.2
2017/08/24,2750.0,2750.0,2750.0,2750.0,1000,2750,0.2
2017/08/25,2800.0,2800.0,2800.0,2800.0,1000,2800,0.2
2017/08/28,2800.0,2800.0,2800.0,2800.0,1000,2800,0.2
2017/08/31,2850.0,2850.0,2850.0,2850.0,1000,2850,0.2
2017/09/01,2850.0,2850.0,2850.0,2850.0,1000,2850,0.2
2017/09/04,2760.0,2760.0,2760.0,2760.0,1000,2760,0.2
2017/09/05,2760.0,2760.0,2760.0,2760.0,2000,2760,0.2
2017/09/07,2755.0,2755.0,2755.0,2755.0,1000,2755,0.2
2017/09/11,2800.0,2800.0,2715.0,2715.0,3000,2715,0.2
2017/09/13,2800.0,2800.0,2725.0,2725.0,5000,2725,0.2
2017/09/19,2750.0,2750.0,2750.0,2750.0,2000,2750,0.2
2017/09/25,2775.0,2800.0,2775.0,2800.0,2000,2800,0.2
2017/09/26,2785.0,2785.0,2785.0,2785.0,2000,2785,0.2
2017/09/27,2685,2740,2685,2710,900,2710,1
2017/09/28,2720,2790,2720,2790,400,2790,1
2017/09/29,2800,2850,2800,2850,200,2850,1
2017/10/02,2820,2820,2820,2820,200,2820,1
2017/10/04,2803,2803,2803,2803,200,2803,1
2017/10/06,2801,2801,2801,2801,100,2801,1
2017/10/10,2803,2803,2803,2803,200,2803,1
2017/10/11,2841,2845,2841,2845,200,2845,1
2017/10/12,2803,2803,2803,2803,200,2803,1
2017/10/13,2845,2845,2845,2845,200,2845,1
2017/10/16,2845,2845,2804,2804,200,2804,1
2017/10/17,2800,2800,2750,2750,800,2750,1
2017/10/18,2750,2750,2750,2750,100,2750,1
2017/10/19,2800,2800,2800,2800,200,2800,1
2017/10/20,2751,2751,2751,2751,200,2751,1
2017/10/23,2840,2840,2770,2800,600,2800,1
2017/10/24,2840,2840,2760,2789,2300,2789,1
2017/10/25,2789,2792,2783,2783,500,2783,1
2017/10/26,2795,2818,2768,2775,1300,2775,1
2017/10/27,2800,2800,2765,2765,1100,2765,1
2017/10/30,2773,2800,2773,2800,400,2800,1
2017/10/31,2790,2800,2775,2775,300,2775,1
2017/11/01,2800,2800,2800,2800,300,2800,1
2017/11/06,2799,2799,2770,2775,1100,2775,1
2017/11/07,2775,2775,2770,2770,500,2770,1
2017/11/08,2798,2798,2770,2770,400,2770,1
2017/11/09,2800,2800,2800,2800,100,2800,1
2017/11/13,2771,2771,2767,2767,500,2767,1
2017/11/14,2768,2784,2768,2784,300,2784,1
2017/11/16,2771,2771,2768,2768,300,2768,1
2017/11/17,2768,2770,2768,2770,200,2770,1
2017/11/20,2790,2790,2765,2765,600,2765,1
2017/11/24,2795,2795,2795,2795,100,2795,1
2017/11/27,2794,3000,2794,3000,1100,3000,1
2017/11/28,2763,2837,2763,2837,4300,2837,1
2017/11/29,2787,2800,2787,2800,300,2800,1
2017/11/30,2798,2798,2798,2798,100,2798,1
2017/12/01,2800,2800,2785,2800,800,2800,1
2017/12/05,2806,2980,2806,2980,500,2980,1
2017/12/07,2979,2979,2979,2979,100,2979,1
2017/12/08,2979,2979,2979,2979,400,2979,1
2017/12/11,2980,2980,2980,2980,100,2980,1
2017/12/13,2979,2979,2878,2878,300,2878,1
2017/12/14,2879,2879,2879,2879,100,2879,1
2017/12/15,2870,2870,2868,2868,300,2868,1
2017/12/20,2868,2868,2868,2868,100,2868,1
2017/12/22,2980,2980,2880,2880,300,2880,1
2017/12/25,2910,2910,2910,2910,200,2910,1
2017/12/26,2885,2920,2880,2920,400,2920,1
2017/12/27,2920,2920,2920,2920,100,2920,1
2017/12/28,2920,2929,2900,2929,400,2929,1
2017/12/29,2930,2988,2930,2988,400,2988,1
2018/01/04,2990,2990,2990,2990,200,2990,1
2018/01/05,3000,3000,3000,3000,200,3000,1
2018/01/09,3000,3000,2999,3000,600,3000,1
2018/01/10,3000,3015,3000,3015,200,3015,1
2018/01/11,3000,3000,3000,3000,100,3000,1
2018/01/12,3015,3015,3015,3015,100,3015,1
2018/01/16,3015,3200,3015,3200,200,3200,1
2018/01/17,3005,3010,2999,2999,600,2999,1
2018/01/19,3040,3040,3040,3040,200,3040,1
2018/01/23,3110,3165,3055,3055,300,3055,1
2018/01/24,3045,3045,3045,3045,200,3045,1
2018/01/25,3045,3045,3040,3040,300,3040,1
2018/01/26,3040,3040,3040,3040,200,3040,1
2018/01/29,3035,3100,3035,3100,300,3100,1
2018/01/30,3050,3100,3050,3100,300,3100,1
2018/01/31,3030,3100,3030,3100,300,3100,1
2018/02/01,3050,3050,3050,3050,200,3050,1
2018/02/02,3190,3190,3190,3190,200,3190,1
2018/02/05,3120,3120,3065,3065,300,3065,1
2018/02/06,3065,3065,3025,3025,300,3025,1
2018/02/08,3025,3025,3010,3025,400,3025,1
2018/02/09,3005,3005,3000,3000,600,3000,1
2018/02/13,3000,3000,3000,3000,400,3000,1
2018/02/14,3000,3000,3000,3000,100,3000,1
2018/02/15,3030,3030,3010,3010,400,3010,1
2018/02/20,2996,3100,2996,3100,300,3100,1
2018/02/22,3100,3100,3100,3100,100,3100,1
2018/02/23,3150,3150,3150,3150,100,3150,1
2018/02/26,3030,3030,3030,3030,200,3030,1
2018/02/27,3035,3100,3035,3100,200,3100,1
2018/02/28,3100,3100,3100,3100,100,3100,1
2018/03/02,3170,3170,3100,3100,200,3100,1
2018/03/05,3110,3110,3100,3100,300,3100,1
2018/03/06,3160,3160,3160,3160,100,3160,1
2018/03/07,3160,3160,3160,3160,100,3160,1
2018/03/08,3160,3170,3160,3170,200,3170,1
2018/03/09,3200,3200,3200,3200,500,3200,1
2018/03/12,3050,3050,3030,3030,900,3030,1
2018/03/13,3100,3200,3100,3200,300,3200,1
2018/03/16,3100,3100,3100,3100,100,3100,1
2018/03/19,3200,3200,3200,3200,300,3200,1
2018/03/20,3175,3175,3175,3175,100,3175,1
2018/03/22,3200,3210,3200,3210,300,3210,1
2018/03/23,3490,3490,3115,3130,1400,3130,1
2018/03/26,3100,3560,3100,3150,1800,3150,1
2018/03/27,3200,3200,3160,3160,700,3160,1
2018/03/28,2970,3050,2970,3040,800,3040,1
2018/03/29,2995,2995,2982,2982,400,2982,1
2018/03/30,2997,2997,2997,2997,100,2997,1
2018/04/03,2992,2992,2921,2970,1400,2970,1
2018/04/04,2950,2950,2950,2950,400,2950,1
2018/04/09,2951,2955,2951,2955,300,2955,1
2018/04/10,2925,2995,2925,2995,300,2995,1
2018/04/16,2912,2912,2912,2912,200,2912,1
2018/04/17,2960,2995,2960,2995,300,2995,1
2018/04/18,2950,2950,2950,2950,200,2950,1
2018/04/23,2931,2931,2931,2931,200,2931,1
2018/04/25,3020,3020,3020,3020,300,3020,1
2018/04/27,2950,2950,2930,2930,500,2930,1
2018/05/01,2931,2931,2931,2931,100,2931,1
2018/05/02,2980,2980,2931,2931,300,2931,1
2018/05/07,2980,2980,2980,2980,100,2980,1
2018/05/08,2930,2930,2930,2930,100,2930,1
2018/05/09,2980,2980,2960,2960,200,2960,1
2018/05/10,2985,3000,2980,3000,400,3000,1
2018/05/11,3000,3000,2980,3000,300,3000,1
2018/05/14,2935,2935,2935,2935,100,2935,1
2018/05/16,2936,2936,2936,2936,200,2936,1
2018/05/18,2930,2950,2930,2950,400,2950,1
2018/05/21,2980,2980,2980,2980,100,2980,1
2018/05/22,2913,2943,2913,2940,600,2940,1
2018/05/23,2940,2940,2910,2910,400,2910,1
2018/05/25,2950,2950,2950,2950,100,2950,1
2018/05/28,2940,2940,2940,2940,200,2940,1
2018/05/31,2950,2950,2950,2950,100,2950,1
2018/06/01,2950,2950,2950,2950,300,2950,1
2018/06/04,2988,2988,2913,2913,300,2913,1
2018/06/05,2913,2913,2913,2913,100,2913,1
2018/06/08,2917,2917,2917,2917,100,2917,1
2018/06/13,2950,2950,2930,2930,200,2930,1
2018/06/14,2931,2931,2931,2931,100,2931,1
2018/06/15,2935,2937,2935,2937,300,2937,1
2018/06/18,2980,2980,2937,2937,500,2937,1
2018/06/20,2935,2935,2935,2935,100,2935,1
2018/06/22,2930,2930,2930,2930,800,2930,1
2018/06/26,2980,2980,2935,2935,200,2935,1
2018/07/02,2938,2950,2938,2950,300,2950,1
2018/07/03,2950,2955,2941,2941,400,2941,1
2018/07/05,2950,2974,2950,2974,200,2974,1
2018/07/06,2999,2999,2999,2999,200,2999,1
2018/07/09,2950,2950,2925,2925,900,2925,1
2018/07/10,3070,3070,2984,2984,700,2984,1
2018/07/19,3030,3030,3030,3030,100,3030,1
2018/07/20,3035,3050,3035,3040,400,3040,1
2018/07/23,3000,3000,3000,3000,100,3000,1
2018/07/25,3100,3100,2995,2995,800,2995,1
2018/08/01,3045,3045,3045,3045,300,3045,1
2018/08/03,3030,3030,3030,3030,100,3030,1
2018/08/06,3030,3030,3030,3030,100,3030,1
2018/08/07,3005,3005,3005,3005,200,3005,1
2018/08/09,2989,2989,2989,2989,200,2989,1
2018/08/13,2974,3165,2974,3165,300,3165,1
2018/08/14,3095,3095,3095,3095,100,3095,1
