2007/01/04,171.0,171.0,171.0,171.0,22,171,400.0
2007/01/05,163.5,163.5,158.5,158.5,27,158.5,400.0
2007/01/09,159.75,159.75,147.25,147.5,12,147.5,400.0
2007/01/10,150.0,157.25,150.0,157.25,24,157.25,400.0
2007/01/11,152.25,157.5,152.25,157.5,9,157.5,400.0
2007/01/12,151.25,151.25,145.25,145.25,23,145.25,400.0
2007/01/15,146.5,152.5,146.5,152.5,5,152.5,400.0
2007/01/16,146.25,146.25,143.75,143.75,5,143.75,400.0
2007/01/17,145.0,156.25,145.0,156.25,9,156.25,400.0
2007/01/18,157.5,168.75,157.5,168.75,25,168.75,400.0
2007/01/19,163.75,181.25,163.75,181.25,65,181.25,400.0
2007/01/22,183.75,186.25,181.0,181.25,18,181.25,400.0
2007/01/23,178.75,178.75,178.75,178.75,1,178.75,400.0
2007/01/24,181.25,181.25,176.25,178.75,6,178.75,400.0
2007/01/25,173.75,173.75,171.25,171.5,8,171.5,400.0
2007/01/26,171.25,171.25,171.25,171.25,1,171.25,400.0
2007/01/29,172.25,175.0,172.25,175.0,4,175,400.0
2007/01/30,172.5,172.5,172.5,172.5,2,172.5,400.0
2007/01/31,171.25,171.25,170.25,170.25,3,170.25,400.0
2007/02/01,170.0,170.0,170.0,170.0,1,170,400.0
2007/02/05,162.5,163.75,162.5,163.75,14,163.75,400.0
2007/02/07,172.5,172.5,165.0,165.0,2,165,400.0
2007/02/08,157.75,157.75,155.0,155.0,9,155,400.0
2007/02/09,155.0,155.0,155.0,155.0,1,155,400.0
2007/02/14,153.75,153.75,153.75,153.75,1,153.75,400.0
2007/02/16,153.75,153.75,153.75,153.75,1,153.75,400.0
2007/02/19,152.0,152.0,152.0,152.0,8,152,400.0
2007/02/20,152.0,152.0,152.0,152.0,3,152,400.0
2007/02/21,151.0,153.0,151.0,153.0,16,153,400.0
2007/02/22,154.25,155.5,154.25,155.5,2,155.5,400.0
2007/02/26,145.0,145.75,142.75,145.75,5,145.75,400.0
2007/02/27,143.25,143.75,143.25,143.75,7,143.75,400.0
2007/02/28,142.5,142.5,142.5,142.5,1,142.5,400.0
2007/03/01,137.5,137.5,132.5,132.5,3,132.5,400.0
2007/03/05,133.75,133.75,133.75,133.75,2,133.75,400.0
2007/03/06,131.25,131.25,125.75,125.75,14,125.75,400.0
2007/03/07,128.25,128.25,126.75,126.75,10,126.75,400.0
2007/03/08,128.0,128.0,126.5,127.5,4,127.5,400.0
2007/03/09,127.5,127.5,126.25,127.5,23,127.5,400.0
2007/03/12,125.75,125.75,125.75,125.75,1,125.75,400.0
2007/03/13,123.5,123.5,123.5,123.5,2,123.5,400.0
2007/03/14,125.0,125.0,125.0,125.0,1,125,400.0
2007/03/15,126.25,126.25,126.25,126.25,1,126.25,400.0
2007/03/16,127.5,138.75,127.5,137.5,19,137.5,400.0
2007/03/19,138.75,140.0,138.75,140.0,5,140,400.0
2007/03/20,140.0,141.25,140.0,141.25,25,141.25,400.0
2007/03/22,141.25,141.25,133.75,133.75,5,133.75,400.0
2007/03/23,127.5,127.5,126.25,126.25,2,126.25,400.0
2007/03/26,126.5,126.5,125.0,125.0,4,125,400.0
2007/03/27,125.0,125.0,124.5,124.5,4,124.5,400.0
2007/03/28,124.75,124.75,123.75,123.75,4,123.75,400.0
2007/03/29,123.0,123.0,122.5,122.5,6,122.5,400.0
2007/04/03,122.75,122.75,122.5,122.5,3,122.5,400.0
2007/04/04,120.5,120.5,120.5,120.5,1,120.5,400.0
2007/04/05,120.5,121.25,120.5,120.5,6,120.5,400.0
2007/04/06,120.25,120.25,120.25,120.25,2,120.25,400.0
2007/04/10,120.13,120.13,120.13,120.13,3,120.13,400.0
2007/04/11,122.13,123.13,122.13,123.13,4,123.13,400.0
2007/04/12,124.13,127.75,124.13,127.75,11,127.75,400.0
2007/04/18,127.5,140.0,125.0,140.0,22,140,400.0
2007/04/20,128.25,128.25,128.25,128.25,1,128.25,400.0
2007/04/23,125.75,125.75,125.75,125.75,1,125.75,400.0
2007/04/24,123.75,123.75,123.75,123.75,2,123.75,400.0
2007/04/25,120.75,120.75,120.25,120.25,7,120.25,400.0
2007/04/26,120.5,120.5,120.5,120.5,1,120.5,400.0
2007/05/02,121.25,124.25,121.25,124.25,4,124.25,400.0
2007/05/07,122.5,122.5,122.5,122.5,1,122.5,400.0
2007/05/09,119.63,119.63,119.63,119.63,2,119.63,400.0
2007/05/10,120.63,120.63,120.63,120.63,1,120.63,400.0
2007/05/11,116.63,116.63,116.63,116.63,2,116.63,400.0
2007/05/16,114.63,114.63,110.63,110.63,6,110.63,400.0
2007/05/18,110.0,110.0,107.75,107.75,7,107.75,400.0
2007/05/21,107.75,107.75,107.75,107.75,1,107.75,400.0
2007/05/22,105.25,105.25,102.75,102.75,10,102.75,400.0
2007/05/23,105.0,105.0,104.75,104.75,6,104.75,400.0
2007/05/24,105.75,109.75,103.75,108.75,47,108.75,400.0
2007/05/25,107.75,107.75,107.75,107.75,7,107.75,400.0
2007/05/28,105.75,105.75,105.75,105.75,10,105.75,400.0
2007/05/29,103.75,105.75,103.75,105.75,2,105.75,400.0
2007/06/04,107.5,107.5,106.5,106.5,2,106.5,400.0
2007/06/05,107.5,107.5,107.5,107.5,1,107.5,400.0
2007/06/06,105.0,105.0,105.0,105.0,4,105,400.0
2007/06/08,105.0,105.0,105.0,105.0,2,105,400.0
2007/06/11,105.0,105.0,105.0,105.0,7,105,400.0
2007/06/12,107.0,109.5,107.0,108.25,4,108.25,400.0
2007/06/13,111.0,114.0,110.0,110.0,12,110,400.0
2007/06/15,108.0,108.0,105.13,105.13,3,105.13,400.0
2007/06/18,106.25,107.0,106.0,107.0,7,107,400.0
2007/06/19,105.5,105.5,105.5,105.5,4,105.5,400.0
2007/06/20,100.5,100.5,100.0,100.0,21,100,400.0
2007/06/21,100.0,100.0,100.0,100.0,9,100,400.0
2007/06/22,100.0,100.75,100.0,100.75,3,100.75,400.0
2007/06/25,100.75,100.75,100.75,100.75,1,100.75,400.0
2007/06/26,101.75,101.75,101.75,101.75,1,101.75,400.0
2007/06/27,100.75,101.63,100.63,101.63,5,101.63,400.0
2007/06/28,100.75,100.75,100.63,100.63,8,100.63,400.0
2007/07/02,104.25,104.75,104.25,104.75,4,104.75,400.0
2007/07/06,101.75,101.75,101.25,101.25,5,101.25,400.0
2007/07/09,101.38,102.38,101.25,102.38,10,102.38,400.0
2007/07/10,101.5,103.38,101.5,103.38,4,103.38,400.0
2007/07/13,101.38,101.38,101.0,101.0,7,101,400.0
2007/07/17,101.0,101.0,101.0,101.0,2,101,400.0
2007/07/18,100.13,100.13,100.0,100.0,7,100,400.0
2007/07/19,100.0,100.0,100.0,100.0,2,100,400.0
2007/07/20,100.0,100.0,95.0,95.0,16,95,400.0
2007/07/23,92.0,92.0,90.0,90.0,9,90,400.0
2007/07/24,88.38,88.38,87.25,87.25,4,87.25,400.0
2007/07/25,85.25,85.25,85.25,85.25,5,85.25,400.0
2007/07/26,88.5,88.5,88.5,88.5,1,88.5,400.0
2007/07/31,87.5,87.5,87.25,87.25,2,87.25,400.0
2007/08/03,90.0,90.0,90.0,90.0,2,90,400.0
2007/08/06,90.0,90.0,90.0,90.0,2,90,400.0
2007/08/07,87.5,87.5,87.5,87.5,2,87.5,400.0
2007/08/16,88.5,88.5,88.5,88.5,2,88.5,400.0
2007/08/17,78.5,80.5,78.5,80.5,6,80.5,400.0
2007/08/20,78.5,78.5,78.5,78.5,9,78.5,400.0
2007/08/21,78.63,78.63,78.5,78.5,6,78.5,400.0
2007/08/23,78.63,78.63,78.63,78.63,5,78.63,400.0
2007/08/27,78.75,78.75,78.75,78.75,10,78.75,400.0
2007/08/28,79.25,80.0,79.25,80.0,14,80,400.0
2007/08/29,80.0,80.0,80.0,80.0,10,80,400.0
2007/08/31,79.75,79.75,79.75,79.75,4,79.75,400.0
2007/09/04,78.5,78.5,78.5,78.5,2,78.5,400.0
2007/09/05,78.5,78.5,78.5,78.5,3,78.5,400.0
2007/09/06,78.5,78.5,76.25,76.25,2,76.25,400.0
2007/09/07,72.5,72.5,72.25,72.25,5,72.25,400.0
2007/09/10,72.25,72.5,72.25,72.25,13,72.25,400.0
2007/09/14,75.0,75.0,75.0,75.0,9,75,400.0
2007/09/18,78.0,78.0,71.75,73.25,10,73.25,400.0
2007/09/19,71.0,71.0,71.0,71.0,3,71,400.0
2007/09/20,66.25,67.0,66.25,67.0,6,67,400.0
2007/09/21,66.25,66.25,66.25,66.25,1,66.25,400.0
2007/09/27,69.25,69.25,69.25,69.25,12,69.25,400.0
2007/09/28,64.0,67.75,64.0,67.75,3,67.75,400.0
2007/10/01,69.25,69.25,69.25,69.25,5,69.25,400.0
2007/10/02,70.0,72.0,70.0,72.0,3,72,400.0
2007/10/03,70.0,70.0,70.0,70.0,1,70,400.0
2007/10/04,71.25,71.25,70.0,70.0,19,70,400.0
2007/10/09,75.0,75.0,75.0,75.0,5,75,400.0
2007/10/19,70.0,70.0,70.0,70.0,25,70,400.0
2007/10/22,70.0,70.0,70.0,70.0,6,70,400.0
2007/10/24,67.75,67.75,67.75,67.75,1,67.75,400.0
2007/10/25,69.25,69.25,69.25,69.25,1,69.25,400.0
2007/10/26,69.25,69.25,69.25,69.25,2,69.25,400.0
2007/10/29,70.0,70.0,70.0,70.0,5,70,400.0
2007/10/30,75.0,75.0,75.0,75.0,10,75,400.0
2007/11/06,75.0,75.0,75.0,75.0,1,75,400.0
2007/11/08,75.0,77.0,75.0,77.0,10,77,400.0
2007/11/09,76.88,76.88,75.0,75.0,11,75,400.0
2007/11/19,68.78,71.25,68.78,71.25,2,71.25,400.0
2007/11/20,75.0,75.0,73.0,73.75,27,73.75,400.0
2007/11/22,69.25,69.25,69.25,69.25,1,69.25,400.0
2007/11/27,73.25,73.25,73.25,73.25,1,73.25,400.0
2007/11/28,73.75,73.75,73.75,73.75,5,73.75,400.0
2007/11/30,74.98,77.5,74.98,77.5,2,77.5,400.0
2007/12/06,77.5,77.5,77.5,77.5,5,77.5,400.0
2007/12/07,78.75,78.75,78.75,78.75,1,78.75,400.0
2007/12/10,80.0,80.0,80.0,80.0,17,80,400.0
2007/12/14,72.78,73.0,72.5,72.5,10,72.5,400.0
2007/12/17,71.5,71.5,71.25,71.25,5,71.25,400.0
2007/12/18,66.75,66.75,66.75,66.75,3,66.75,400.0
2007/12/21,66.75,66.75,66.75,66.75,3,66.75,400.0
2007/12/25,66.75,66.75,66.75,66.75,22,66.75,400.0
2007/12/26,66.75,66.75,66.75,66.75,9,66.75,400.0
2007/12/27,64.0,64.0,64.0,64.0,7,64,400.0
2007/12/28,65.5,65.5,65.5,65.5,1,65.5,400.0
2008/01/08,67.5,67.5,62.25,62.25,3,62.25,400.0
2008/01/10,69.75,69.75,69.75,69.75,2,69.75,400.0
2008/01/11,72.25,72.25,72.25,72.25,1,72.25,400.0
2008/01/15,73.0,73.0,73.0,73.0,1,73,400.0
2008/01/16,75.25,75.25,75.25,75.25,1,75.25,400.0
2008/01/18,77.5,77.5,77.5,77.5,1,77.5,400.0
2008/01/21,82.5,82.5,82.5,82.5,1,82.5,400.0
2008/01/24,81.75,81.75,81.75,81.75,1,81.75,400.0
2008/01/25,75.0,75.0,75.0,75.0,1,75,400.0
2008/02/14,78.0,78.0,78.0,78.0,1,78,400.0
2008/02/15,67.0,74.5,67.0,74.5,5,74.5,400.0
2008/02/18,73.0,75.0,67.0,70.75,10,70.75,400.0
2008/02/19,74.5,74.5,74.5,74.5,1,74.5,400.0
2008/02/20,73.7,73.7,73.7,73.7,6,73.7,400.0
2008/02/21,67.5,69.95,66.2,69.95,6,69.95,400.0
2008/02/22,65.0,65.0,62.5,62.5,4,62.5,400.0
2008/02/25,62.5,62.5,62.25,62.5,9,62.5,400.0
2008/02/26,62.5,62.5,62.25,62.25,4,62.25,400.0
2008/02/27,62.28,65.25,60.0,65.25,6,65.25,400.0
2008/03/03,69.0,69.0,69.0,69.0,6,69,400.0
2008/03/04,68.75,70.0,68.75,70.0,6,70,400.0
2008/03/11,65.0,65.0,65.0,65.0,1,65,400.0
2008/03/12,62.5,62.5,62.5,62.5,2,62.5,400.0
2008/03/13,55.0,55.0,55.0,55.0,12,55,400.0
2008/03/14,60.25,60.25,50.5,50.5,6,50.5,400.0
2008/03/18,41.5,48.0,41.5,48.0,92,48,400.0
2008/03/19,52.75,53.0,49.25,53.0,20,53,400.0
2008/03/21,53.75,59.5,53.75,59.5,5,59.5,400.0
2008/03/24,52.0,57.25,52.0,57.25,8,57.25,400.0
2008/03/25,60.25,60.25,57.25,60.25,4,60.25,400.0
2008/03/26,61.0,63.25,61.0,63.25,6,63.25,400.0
2008/03/27,67.5,67.5,67.5,67.5,5,67.5,400.0
2008/03/28,69.75,70.5,69.75,70.5,16,70.5,400.0
2008/03/31,70.5,70.5,70.5,70.5,2,70.5,400.0
2008/04/01,70.5,73.5,70.5,73.5,10,73.5,400.0
2008/04/02,77.25,77.25,77.25,77.25,10,77.25,400.0
2008/04/03,72.0,76.0,72.0,72.5,5,72.5,400.0
2008/04/04,70.0,79.5,70.0,79.5,28,79.5,400.0
2008/04/11,79.5,79.5,78.5,78.5,20,78.5,400.0
2008/04/14,74.75,74.75,70.0,70.0,20,70,400.0
2008/04/15,71.5,71.5,71.5,71.5,4,71.5,400.0
2008/04/16,73.0,73.0,73.0,73.0,10,73,400.0
2008/04/17,74.75,74.75,65.5,65.5,23,65.5,400.0
2008/04/18,65.0,65.0,58.0,58.5,31,58.5,400.0
2008/04/21,58.5,59.25,58.5,59.25,25,59.25,400.0
2008/04/22,60.0,60.0,60.0,60.0,5,60,400.0
2008/04/23,66.0,66.0,66.0,66.0,14,66,400.0
2008/04/24,69.75,69.75,69.75,69.75,3,69.75,400.0
2008/04/25,72.23,72.23,72.23,72.23,8,72.23,400.0
2008/04/30,77.25,77.25,77.25,77.25,1,77.25,400.0
2008/05/02,75.0,77.25,75.0,77.25,30,77.25,400.0
2008/05/07,74.75,79.75,74.75,79.75,8,79.75,400.0
2008/05/08,81.75,81.75,81.75,81.75,2,81.75,400.0
2008/05/09,80.0,80.0,74.5,74.5,6,74.5,400.0
2008/05/12,70.75,70.75,70.0,70.0,2,70,400.0
2008/05/13,71.75,76.5,71.75,76.5,26,76.5,400.0
2008/05/14,67.75,77.5,67.75,77.5,12,77.5,400.0
2008/05/15,77.5,82.5,77.5,82.5,4,82.5,400.0
2008/05/16,82.5,82.5,82.5,82.5,1,82.5,400.0
2008/05/19,82.0,82.5,82.0,82.5,30,82.5,400.0
2008/05/20,82.5,84.75,82.5,84.75,11,84.75,400.0
2008/05/23,75.13,87.88,75.13,87.88,3,87.88,400.0
2008/05/27,85.88,85.88,77.88,85.63,53,85.63,400.0
2008/05/28,90.63,90.63,90.63,90.63,5,90.63,400.0
2008/05/30,81.0,88.75,80.0,88.75,20,88.75,400.0
2008/06/02,92.75,92.75,92.75,92.75,1,92.75,400.0
2008/06/03,94.75,94.75,94.75,94.75,3,94.75,400.0
2008/06/13,77.5,84.5,77.5,84.5,2,84.5,400.0
2008/06/16,74.5,82.5,74.5,82.5,10,82.5,400.0
2008/06/17,82.5,82.5,82.5,82.5,2,82.5,400.0
2008/06/19,81.25,81.25,81.25,81.25,2,81.25,400.0
2008/06/23,81.25,81.25,81.25,81.25,3,81.25,400.0
2008/06/26,71.5,72.25,71.0,71.0,29,71,400.0
2008/06/27,77.5,78.5,77.5,78.5,8,78.5,400.0
2008/06/30,78.5,78.5,78.25,78.5,11,78.5,400.0
2008/07/01,78.5,78.5,78.5,78.5,15,78.5,400.0
2008/07/04,71.25,71.25,71.25,71.25,1,71.25,400.0
2008/07/07,74.8,74.8,74.8,74.8,3,74.8,400.0
2008/07/08,77.25,77.25,77.25,77.25,6,77.25,400.0
2008/07/09,77.5,77.5,77.5,77.5,3,77.5,400.0
2008/07/10,77.5,77.5,77.5,77.5,1,77.5,400.0
2008/07/11,79.75,79.75,79.75,79.75,4,79.75,400.0
2008/07/16,78.5,78.5,78.5,78.5,7,78.5,400.0
2008/07/17,80.25,84.25,80.25,84.25,6,84.25,400.0
2008/07/22,74.25,74.25,74.25,74.25,1,74.25,400.0
2008/07/23,81.0,81.0,81.0,81.0,3,81,400.0
2008/07/28,81.63,81.63,81.63,81.63,3,81.63,400.0
2008/07/31,70.15,78.75,70.0,78.75,67,78.75,400.0
2008/08/01,78.75,78.75,78.75,78.75,15,78.75,400.0
2008/08/04,78.75,78.75,77.5,77.5,19,77.5,400.0
2008/08/06,81.38,81.38,81.25,81.25,5,81.25,400.0
2008/08/14,78.75,78.75,78.75,78.75,1,78.75,400.0
2008/08/22,82.5,82.5,82.5,82.5,1,82.5,400.0
2008/08/26,80.5,80.5,80.5,80.5,1,80.5,400.0
2008/08/27,82.5,82.5,80.0,82.5,35,82.5,400.0
2008/08/28,88.75,88.75,78.75,88.75,7,88.75,400.0
2008/09/08,88.75,88.75,88.75,88.75,3,88.75,400.0
2008/09/12,80.0,80.0,78.75,78.75,4,78.75,400.0
2008/09/18,78.75,78.75,78.75,78.75,1,78.75,400.0
2008/09/25,80.0,80.0,80.0,80.0,3,80,400.0
2008/10/06,84.0,84.0,84.0,84.0,4,84,400.0
2008/10/07,74.0,74.0,74.0,74.0,1,74,400.0
2008/10/10,76.5,76.5,76.5,76.5,1,76.5,400.0
2008/10/15,86.5,86.5,66.5,66.5,6,66.5,400.0
2008/10/16,74.0,74.0,74.0,74.0,1,74,400.0
2008/10/17,81.5,81.5,81.5,81.5,1,81.5,400.0
2008/10/20,81.5,81.5,81.5,81.5,1,81.5,400.0
2008/10/24,85.0,85.0,85.0,85.0,1,85,400.0
2008/10/29,84.75,84.75,84.75,84.75,3,84.75,400.0
2008/10/31,84.75,84.75,84.75,84.75,1,84.75,400.0
2008/11/06,85.0,85.0,85.0,85.0,3,85,400.0
2008/11/25,74.75,76.5,74.75,74.75,16,74.75,400.0
2008/11/26,75.0,75.0,75.0,75.0,3,75,400.0
2008/11/28,78.75,78.75,78.75,78.75,6,78.75,400.0
2008/12/03,68.75,68.75,68.75,68.75,3,68.75,400.0
2008/12/05,68.75,68.75,68.75,68.75,7,68.75,400.0
2008/12/08,72.18,72.18,68.75,68.75,7,68.75,400.0
2008/12/09,66.25,66.25,61.25,61.25,3,61.25,400.0
2008/12/10,53.75,53.75,53.75,53.75,3,53.75,400.0
2008/12/12,46.25,48.5,46.25,48.5,12,48.5,400.0
2008/12/15,50.5,50.5,50.5,50.5,1,50.5,400.0
2008/12/16,51.25,58.0,48.0,50.0,52,50,400.0
2008/12/17,50.0,50.0,50.0,50.0,2,50,400.0
2008/12/19,50.0,50.0,48.75,48.75,3,48.75,400.0
2008/12/22,50.0,50.0,50.0,50.0,3,50,400.0
2008/12/29,50.0,50.0,50.0,50.0,10,50,400.0
2008/12/30,51.5,51.5,51.5,51.5,1,51.5,400.0
2009/01/06,54.08,54.08,54.08,54.08,1,54.08,400.0
2009/01/13,56.78,56.98,49.28,56.98,21,56.98,400.0
2009/01/14,56.98,56.98,56.75,56.75,3,56.75,400.0
2009/01/15,56.75,56.75,56.75,56.75,2,56.75,400.0
2009/01/16,56.75,56.78,56.75,56.75,13,56.75,400.0
2009/01/19,56.75,56.75,56.75,56.75,1,56.75,400.0
2009/01/21,56.75,56.75,56.75,56.75,1,56.75,400.0
2009/01/22,56.75,57.5,56.75,57.5,4,57.5,400.0
2009/01/29,57.5,57.5,57.5,57.5,1,57.5,400.0
2009/01/30,57.5,65.0,57.5,65.0,4,65,400.0
2009/02/02,65.0,65.0,65.0,65.0,1,65,400.0
2009/02/05,65.0,65.0,65.0,65.0,3,65,400.0
2009/02/06,68.25,68.25,65.0,65.0,6,65,400.0
2009/02/18,65.0,65.0,65.0,65.0,1,65,400.0
2009/02/19,65.0,65.0,65.0,65.0,3,65,400.0
2009/02/20,65.0,65.0,65.0,65.0,2,65,400.0
2009/02/23,65.0,65.0,64.0,64.0,3,64,400.0
2009/02/24,63.98,63.98,63.98,63.98,1,63.98,400.0
2009/02/25,63.98,63.98,63.98,63.98,3,63.98,400.0
2009/02/26,63.98,63.98,63.75,63.75,3,63.75,400.0
2009/02/27,63.75,63.75,63.75,63.75,1,63.75,400.0
2009/03/05,63.75,63.75,63.75,63.75,3,63.75,400.0
2009/03/06,65.0,65.0,65.0,65.0,7,65,400.0
2009/03/09,65.0,65.0,64.98,64.98,3,64.98,400.0
2009/03/10,64.98,64.98,64.98,64.98,1,64.98,400.0
2009/03/12,64.98,64.98,64.5,64.5,3,64.5,400.0
2009/03/13,64.5,64.5,63.75,63.75,3,63.75,400.0
2009/03/16,63.75,63.75,63.75,63.75,2,63.75,400.0
2009/03/17,63.75,63.75,63.25,63.25,3,63.25,400.0
2009/03/18,63.25,63.25,63.25,63.25,2,63.25,400.0
2009/04/06,66.4,66.4,66.4,66.4,3,66.4,400.0
2009/04/07,55.0,62.5,55.0,56.5,7,56.5,400.0
2009/04/28,57.5,65.5,57.5,65.5,3,65.5,400.0
2009/05/07,68.78,68.78,68.78,68.78,3,68.78,400.0
2009/05/19,65.0,65.0,65.0,65.0,3,65,400.0
2009/05/25,57.5,57.5,57.5,57.5,4,57.5,400.0
2009/05/29,62.75,65.0,62.75,65.0,2,65,400.0
2009/06/01,65.0,65.0,65.0,65.0,3,65,400.0
2009/06/03,72.5,72.5,72.5,72.5,12,72.5,400.0
2009/06/08,76.13,76.13,76.13,76.13,1,76.13,400.0
2009/06/09,79.88,79.88,79.88,79.88,2,79.88,400.0
2009/06/11,76.25,76.25,76.25,76.25,3,76.25,400.0
2009/06/16,78.75,78.75,78.75,78.75,10,78.75,400.0
2009/07/06,82.63,82.63,82.63,82.63,3,82.63,400.0
2009/07/16,75.0,75.0,75.0,75.0,3,75,400.0
2009/07/17,75.0,75.0,75.0,75.0,3,75,400.0
2009/07/22,72.5,72.5,72.5,72.5,1,72.5,400.0
2009/08/03,72.63,83.75,72.5,83.75,4,83.75,400.0
2009/08/04,74.5,74.5,74.5,74.5,3,74.5,400.0
2009/08/05,69.75,77.0,69.75,77.0,7,77,400.0
2009/08/06,79.75,79.75,79.75,79.75,2,79.75,400.0
2009/08/10,77.75,78.75,77.75,78.75,2,78.75,400.0
2009/08/13,71.0,74.0,70.25,74.0,7,74,400.0
2009/08/17,74.75,75.0,74.75,75.0,37,75,400.0
2009/08/24,77.5,77.5,77.5,77.5,2,77.5,400.0
2009/08/28,75.0,75.0,75.0,75.0,2,75,400.0
2009/09/02,75.0,75.0,75.0,75.0,10,75,400.0
2009/09/04,75.0,75.0,75.0,75.0,11,75,400.0
2009/09/07,77.0,77.0,77.0,77.0,3,77,400.0
2009/09/14,72.75,75.0,72.75,75.0,8,75,400.0
2009/09/17,75.0,75.0,75.0,75.0,1,75,400.0
2009/10/06,75.5,75.5,75.5,75.5,3,75.5,400.0
2009/10/14,75.0,75.0,75.0,75.0,2,75,400.0
2009/11/06,77.0,77.0,77.0,77.0,3,77,400.0
2009/11/11,75.0,75.0,75.0,75.0,6,75,400.0
2009/11/12,79.5,79.5,77.5,77.5,3,77.5,400.0
2009/11/18,77.5,77.5,77.5,77.5,2,77.5,400.0
2009/11/20,77.5,77.5,77.5,77.5,2,77.5,400.0
2009/11/27,80.0,80.0,80.0,80.0,2,80,400.0
2009/11/30,80.0,80.0,80.0,80.0,2,80,400.0
2009/12/03,80.0,80.0,80.0,80.0,5,80,400.0
2009/12/08,84.0,84.0,84.0,84.0,1,84,400.0
2009/12/09,88.13,88.13,88.13,88.13,2,88.13,400.0
2009/12/18,78.0,78.0,78.0,78.0,1,78,400.0
2009/12/25,84.25,84.25,84.25,84.25,1,84.25,400.0
2010/01/04,87.5,87.75,87.5,87.5,3,87.5,400.0
2010/01/06,91.88,91.88,91.88,91.88,2,91.88,400.0
2010/01/12,95.0,95.0,93.75,93.75,2,93.75,400.0
2010/01/18,95.0,95.0,95.0,95.0,1,95,400.0
2010/02/01,97.5,97.5,97.5,97.5,1,97.5,400.0
2010/02/04,97.5,97.5,97.5,97.5,1,97.5,400.0
2010/02/08,102.38,102.38,102.38,102.38,2,102.38,400.0
2010/02/15,100.0,100.0,100.0,100.0,1,100,400.0
2010/03/01,98.75,98.75,98.75,98.75,1,98.75,400.0
2010/03/02,98.75,98.75,98.75,98.75,4,98.75,400.0
2010/03/05,98.75,98.75,98.75,98.75,10,98.75,400.0
2010/03/09,98.75,98.75,98.75,98.75,3,98.75,400.0
2010/03/10,98.75,98.75,98.75,98.75,2,98.75,400.0
2010/03/11,81.38,90.13,81.38,90.13,2,90.13,400.0
2010/03/12,114.63,114.63,114.63,114.63,1,114.63,400.0
2010/03/15,114.63,114.63,114.63,114.63,1,114.63,400.0
2010/03/16,97.13,97.13,97.13,97.13,1,97.13,400.0
2010/03/17,112.5,112.5,112.5,112.5,1,112.5,400.0
2010/03/23,100.0,100.0,100.0,100.0,1,100,400.0
2010/03/26,100.0,100.0,100.0,100.0,8,100,400.0
2010/03/29,112.25,112.25,112.25,112.25,1,112.25,400.0
2010/04/06,117.5,117.5,117.5,117.5,3,117.5,400.0
2010/04/12,125.0,125.0,125.0,125.0,1,125,400.0
2010/04/13,125.0,125.0,125.0,125.0,1,125,400.0
2010/05/06,125.0,125.0,125.0,125.0,2,125,400.0
2010/05/11,125.0,125.0,125.0,125.0,7,125,400.0
2010/05/14,125.0,125.0,125.0,125.0,11,125,400.0
2010/05/17,120.0,120.0,120.0,120.0,9,120,400.0
2010/06/03,117.5,117.5,117.5,117.5,1,117.5,400.0
2010/06/04,126.25,126.25,126.25,126.25,1,126.25,400.0
2010/06/07,127.0,127.0,127.0,127.0,8,127,400.0
2010/06/08,127.0,127.0,127.0,127.0,6,127,400.0
2010/06/10,112.5,112.5,112.5,112.5,3,112.5,400.0
2010/06/11,127.0,127.0,127.0,127.0,1,127,400.0
2010/07/06,130.0,130.0,130.0,130.0,2,130,400.0
2010/08/06,130.0,130.0,130.0,130.0,1,130,400.0
2010/08/09,155.0,155.0,155.0,155.0,2,155,400.0
2010/09/03,149.75,149.75,149.75,149.75,3,149.75,400.0
2010/09/06,154.5,154.5,154.5,154.5,2,154.5,400.0
2010/09/24,147.5,147.5,147.5,147.5,10,147.5,400.0
2010/09/28,142.5,142.5,142.5,142.5,10,142.5,400.0
2010/09/30,137.5,137.5,137.5,137.5,1,137.5,400.0
2010/10/01,137.5,137.5,137.5,137.5,9,137.5,400.0
2010/10/05,132.5,132.5,132.5,132.5,10,132.5,400.0
2010/10/06,139.0,139.0,139.0,139.0,2,139,400.0
2010/10/14,114.0,114.0,114.0,114.0,1,114,400.0
2010/10/15,96.63,112.38,96.63,112.38,4,112.38,400.0
2010/10/18,93.13,100.0,93.13,97.5,11,97.5,400.0
2010/10/19,97.5,100.0,89.5,89.5,7,89.5,400.0
2010/10/20,112.5,112.5,112.5,112.5,14,112.5,400.0
2010/10/21,96.75,114.25,96.75,114.25,10,114.25,400.0
2010/10/22,117.5,122.5,117.5,122.5,13,122.5,400.0
2010/10/25,115.5,126.0,115.5,126.0,10,126,400.0
2010/10/26,131.5,131.5,106.5,106.5,2,106.5,400.0
2010/10/28,92.5,92.5,92.5,92.5,1,92.5,400.0
2010/10/29,92.5,92.5,92.5,92.5,4,92.5,400.0
2010/11/02,87.5,87.5,82.63,82.63,11,82.63,400.0
2010/11/04,82.5,82.5,75.5,82.5,13,82.5,400.0
2010/11/05,79.0,94.5,79.0,87.5,26,87.5,400.0
2010/11/08,91.88,91.88,79.63,79.63,5,79.63,400.0
2010/11/12,86.5,90.0,86.5,90.0,3,90,400.0
2010/11/17,82.5,82.5,82.5,82.5,3,82.5,400.0
2010/11/19,87.5,100.0,87.5,93.0,6,93,400.0
2010/11/29,100.0,100.0,100.0,100.0,20,100,400.0
2010/12/01,100.0,100.0,100.0,100.0,1,100,400.0
2010/12/03,117.5,117.5,117.5,117.5,1,117.5,400.0
2010/12/06,123.38,123.38,123.38,123.38,3,123.38,400.0
2010/12/08,125.0,125.0,125.0,125.0,5,125,400.0
2010/12/10,133.75,133.75,133.75,133.75,4,133.75,400.0
2010/12/13,125.0,125.0,125.0,125.0,10,125,400.0
2010/12/15,125.0,125.0,125.0,125.0,5,125,400.0
2010/12/27,115.0,137.5,115.0,137.5,3,137.5,400.0
2011/01/04,129.75,129.75,125.0,125.0,11,125,400.0
2011/01/05,130.0,130.0,130.0,130.0,1,130,400.0
2011/01/06,136.5,136.5,136.5,136.5,3,136.5,400.0
2011/01/12,132.5,132.5,132.5,132.5,15,132.5,400.0
2011/01/19,132.5,132.5,132.5,132.5,3,132.5,400.0
2011/01/20,119.0,119.0,119.0,119.0,2,119,400.0
2011/01/21,119.0,119.0,119.0,119.0,1,119,400.0
2011/01/25,136.5,136.5,136.5,136.5,4,136.5,400.0
2011/01/27,137.5,137.5,137.5,137.5,5,137.5,400.0
2011/01/31,142.5,142.5,142.5,142.5,2,142.5,400.0
2011/02/01,119.0,119.0,119.0,119.0,3,119,400.0
2011/02/03,125.0,125.0,125.0,125.0,4,125,400.0
2011/02/04,125.0,125.0,125.0,125.0,5,125,400.0
2011/02/07,131.25,131.25,131.25,131.25,2,131.25,400.0
2011/02/08,133.75,146.0,133.75,146.0,4,146,400.0
2011/02/10,132.5,132.5,132.5,132.5,10,132.5,400.0
2011/02/14,142.5,142.5,137.5,137.5,4,137.5,400.0
2011/02/17,137.5,140.0,137.5,140.0,4,140,400.0
2011/02/18,150.0,150.0,150.0,150.0,4,150,400.0
2011/02/21,175.0,175.0,175.0,175.0,2,175,400.0
2011/02/22,186.25,193.75,181.25,181.25,7,181.25,400.0
2011/02/24,175.0,175.0,175.0,175.0,2,175,400.0
2011/03/04,180.0,212.5,180.0,208.75,67,208.75,400.0
2011/03/07,208.75,238.75,208.75,235.0,15,235,400.0
2011/03/08,235.0,235.0,216.25,216.25,4,216.25,400.0
2011/03/09,238.75,238.75,223.75,223.75,7,223.75,400.0
2011/03/14,186.5,186.5,186.5,186.5,4,186.5,400.0
2011/03/15,186.5,186.5,186.5,186.5,4,186.5,400.0
2011/03/16,181.25,181.25,181.25,181.25,6,181.25,400.0
2011/03/17,146.25,146.25,144.5,144.5,7,144.5,400.0
2011/03/18,144.75,144.75,144.75,144.75,1,144.75,400.0
2011/03/22,194.5,194.5,194.5,194.5,1,194.5,400.0
2011/03/23,212.5,212.5,212.5,212.5,4,212.5,400.0
2011/03/24,195.0,195.0,175.0,175.0,7,175,400.0
2011/03/25,175.0,175.0,175.0,175.0,1,175,400.0
2011/03/28,172.0,180.0,172.0,180.0,2,180,400.0
2011/03/29,180.0,190.0,166.0,166.0,58,166,100.0
2011/04/05,174.3,174.3,174.3,174.3,7,174.3,100.0
2011/04/06,183.0,185.0,183.0,183.0,20,183,100.0
2011/04/07,189.0,189.0,189.0,189.0,2,189,100.0
2011/04/15,183.0,183.0,183.0,183.0,1,183,100.0
2011/04/18,171.0,171.0,171.0,171.0,4,171,100.0
2011/04/19,171.0,171.0,171.0,171.0,2,171,100.0
2011/04/20,171.0,171.0,171.0,171.0,1,171,100.0
2011/04/21,175.0,175.0,175.0,175.0,1,175,100.0
2011/04/22,172.0,172.0,172.0,172.0,1,172,100.0
2011/04/28,180.0,185.0,180.0,185.0,2,185,100.0
2011/05/02,180.0,188.0,180.0,188.0,3,188,100.0
2011/05/06,197.4,197.4,197.4,197.4,4,197.4,100.0
2011/05/09,206.4,206.4,206.4,206.4,9,206.4,100.0
2011/05/11,176.4,176.4,176.4,176.4,4,176.4,100.0
2011/05/12,192.4,192.4,189.0,189.0,2,189,100.0
2011/05/13,190.0,190.0,190.0,190.0,2,190,100.0
2011/05/16,206.5,206.5,206.5,206.5,1,206.5,100.0
2011/05/17,206.4,206.4,206.4,206.4,4,206.4,100.0
2011/05/23,200.0,201.0,200.0,201.0,5,201,100.0
2011/05/25,200.0,200.0,199.0,199.0,2,199,100.0
2011/05/31,238.0,238.0,235.0,235.0,4,235,100.0
2011/06/01,237.0,237.0,237.0,237.0,1,237,100.0
2011/06/02,238.0,238.0,235.0,235.0,2,235,100.0
2011/06/06,240.0,240.0,240.0,240.0,10,240,100.0
2011/06/13,239.0,239.0,239.0,239.0,15,239,100.0
2011/06/14,254.0,260.0,254.0,260.0,7,260,100.0
2011/06/15,265.0,280.0,265.0,280.0,17,280,100.0
2011/06/16,295.0,295.0,285.0,285.0,29,285,100.0
2011/06/17,275.0,275.0,275.0,275.0,2,275,100.0
2011/06/20,285.0,285.0,285.0,285.0,16,285,100.0
2011/06/22,275.0,275.0,274.5,274.5,14,274.5,100.0
2011/06/27,283.0,283.0,271.0,271.0,9,271,100.0
2011/06/28,277.0,277.0,277.0,277.0,4,277,100.0
2011/07/01,279.0,279.0,279.0,279.0,5,279,100.0
2011/07/05,279.0,279.0,250.0,250.0,18,250,100.0
2011/07/06,262.5,270.0,262.5,262.5,10,262.5,100.0
2011/07/12,231.0,231.0,231.0,231.0,4,231,100.0
2011/07/13,240.0,240.0,240.0,240.0,1,240,100.0
2011/07/14,288.0,288.0,288.0,288.0,9,288,100.0
2011/07/20,270.0,270.0,260.0,260.0,16,260,100.0
2011/07/21,264.0,265.0,264.0,265.0,18,265,100.0
2011/07/29,270.0,270.0,270.0,270.0,5,270,100.0
2011/08/04,260.1,260.1,260.1,260.1,1,260.1,100.0
2011/08/05,265.1,265.1,265.1,265.1,3,265.1,100.0
2011/08/08,270.0,270.5,260.0,260.0,33,260,100.0
2011/08/10,260.0,260.0,260.0,260.0,4,260,100.0
2011/08/12,260.0,260.0,260.0,260.0,3,260,100.0
2011/08/15,240.0,240.0,240.0,240.0,7,240,100.0
2011/08/17,225.0,225.0,225.0,225.0,3,225,100.0
2011/08/19,226.0,226.0,226.0,226.0,30,226,100.0
2011/08/24,216.0,216.0,216.0,216.0,4,216,100.0
2011/08/26,213.0,230.0,213.0,230.0,2,230,100.0
2011/08/31,231.0,231.0,231.0,231.0,2,231,100.0
2011/09/01,231.0,231.0,231.0,231.0,4,231,100.0
2011/09/05,242.5,242.5,242.5,242.5,1,242.5,100.0
2011/09/06,252.5,252.5,252.5,252.5,8,252.5,100.0
2011/09/12,259.5,259.5,259.5,259.5,4,259.5,100.0
2011/09/13,224.5,224.5,224.5,224.5,1,224.5,100.0
2011/09/16,259.5,259.5,259.5,259.5,2,259.5,100.0
2011/10/03,230.0,230.0,230.0,230.0,5,230,100.0
2011/10/05,241.5,241.5,240.0,240.0,3,240,100.0
2011/10/06,252.0,252.0,252.0,252.0,12,252,100.0
2011/10/11,240.0,240.0,240.0,240.0,1,240,100.0
2011/10/19,240.0,240.0,230.0,230.0,4,230,100.0
2011/10/24,230.0,230.0,220.0,220.0,9,220,100.0
2011/10/27,220.0,220.0,220.0,220.0,1,220,100.0
2011/10/31,245.0,270.0,245.0,270.0,2,270,100.0
2011/11/04,260.0,260.0,260.0,260.0,1,260,100.0
2011/11/07,272.0,272.0,272.0,272.0,10,272,100.0
2011/11/10,272.0,272.0,272.0,272.0,7,272,100.0
2011/11/11,310.0,310.0,310.0,310.0,1,310,100.0
2011/11/15,310.0,310.0,310.0,310.0,4,310,100.0
2011/11/22,246.0,246.0,246.0,246.0,2,246,100.0
2011/11/24,245.0,245.0,245.0,245.0,1,245,100.0
2011/12/05,257.2,257.2,250.0,255.0,8,255,100.0
2011/12/06,267.7,267.7,267.7,267.7,8,267.7,100.0
2011/12/07,260.0,260.0,260.0,260.0,2,260,100.0
2011/12/14,245.0,245.0,245.0,245.0,1,245,100.0
2011/12/21,245.0,245.0,245.0,245.0,3,245,100.0
2011/12/22,235.0,235.0,235.0,235.0,1,235,100.0
2011/12/26,230.0,230.0,230.0,230.0,2,230,100.0
2012/01/05,255.0,255.0,255.0,255.0,2,255,100.0
2012/01/06,267.7,267.7,267.7,267.7,2,267.7,100.0
2012/01/10,281.0,281.0,281.0,281.0,1,281,100.0
2012/01/11,300.0,315.0,300.0,315.0,6,315,100.0
2012/01/12,295.0,295.0,295.0,295.0,6,295,100.0
2012/01/18,255.0,255.0,255.0,255.0,1,255,100.0
2012/01/24,255.0,255.0,255.0,255.0,5,255,100.0
2012/01/26,240.0,240.0,240.0,240.0,1,240,100.0
2012/02/03,235.0,235.0,235.0,235.0,1,235,100.0
2012/02/06,250.0,250.0,246.7,246.7,14,246.7,100.0
2012/02/10,246.7,246.7,246.7,246.7,1,246.7,100.0
2012/02/14,221.7,221.7,200.0,215.0,18,215,100.0
2012/02/16,225.0,225.0,225.0,225.0,1,225,100.0
2012/02/21,225.0,225.0,225.0,225.0,1,225,100.0
2012/02/22,235.0,235.0,215.0,215.0,5,215,100.0
2012/02/27,222.2,265.0,222.2,265.0,19,265,100.0
2012/02/28,230.1,230.1,225.0,225.0,7,225,100.0
2012/03/01,221.0,245.0,221.0,245.0,16,245,100.0
2012/03/05,250.0,250.0,250.0,250.0,2,250,100.0
2012/03/06,265.0,265.0,262.5,262.5,12,262.5,100.0
2012/03/12,242.5,242.5,242.5,242.5,1,242.5,100.0
2012/03/15,280.0,280.0,280.0,280.0,1,280,100.0
2012/03/16,245.1,250.0,245.1,250.0,26,250,100.0
2012/03/19,230.0,230.0,230.0,230.0,4,230,100.0
2012/03/21,255.0,255.0,255.0,255.0,6,255,100.0
2012/03/26,235.0,235.0,235.0,235.0,1,235,100.0
2012/03/28,233.0,233.0,233.0,233.0,3,233,100.0
2012/03/29,223.0,223.0,223.0,223.0,4,223,100.0
2012/03/30,230.0,230.0,230.0,230.0,1,230,100.0
2012/04/02,230.0,230.0,230.0,230.0,4,230,100.0
2012/04/04,240.0,240.0,240.0,240.0,2,240,100.0
2012/04/05,250.0,250.0,250.0,250.0,2,250,100.0
2012/04/06,262.5,262.5,262.5,262.5,12,262.5,100.0
2012/04/16,265.0,265.0,265.0,265.0,2,265,100.0
2012/04/19,250.0,250.0,250.0,250.0,1,250,100.0
2012/04/23,248.0,248.0,248.0,248.0,1,248,100.0
2012/04/25,240.1,240.1,240.1,240.1,1,240.1,100.0
2012/05/01,255.0,255.0,255.0,255.0,1,255,100.0
2012/05/02,255.0,255.0,255.0,255.0,1,255,100.0
2012/05/07,265.0,265.0,259.5,259.5,11,259.5,100.0
2012/05/08,250.0,250.0,250.0,250.0,1,250,100.0
2012/05/15,250.0,250.0,250.0,250.0,1,250,100.0
2012/05/18,215.1,220.0,215.1,220.0,11,220,100.0
2012/05/21,200.0,200.0,200.0,200.0,10,200,100.0
2012/05/22,200.0,200.0,190.0,190.0,10,190,100.0
2012/05/23,195.0,195.0,195.0,195.0,1,195,100.0
2012/05/24,189.0,189.0,189.0,189.0,1,189,100.0
2012/05/25,180.0,180.0,180.0,180.0,10,180,100.0
2012/05/28,180.0,180.0,170.0,170.0,15,170,100.0
2012/05/30,160.0,160.0,160.0,160.0,13,160,100.0
2012/05/31,159.0,159.0,159.0,159.0,1,159,100.0
2012/06/01,155.0,155.0,149.0,149.0,16,149,100.0
2012/06/05,156.0,156.1,151.0,151.0,17,151,100.0
2012/06/06,162.8,191.0,162.8,191.0,31,191,100.0
2012/06/07,228.0,231.0,175.0,200.0,88,200,100.0
2012/06/08,205.0,205.0,190.0,204.9,48,204.9,100.0
2012/06/12,190.0,204.8,190.0,204.8,22,204.8,100.0
2012/06/14,205.0,205.0,205.0,205.0,5,205,100.0
2012/06/15,190.0,190.0,182.0,182.0,14,182,100.0
2012/06/19,194.0,194.0,194.0,194.0,5,194,100.0
2012/06/22,190.0,190.0,182.5,182.5,11,182.5,100.0
2012/06/25,190.0,190.0,190.0,190.0,5,190,100.0
2012/06/26,202.0,202.0,185.0,193.8,12,193.8,100.0
2012/06/29,183.3,183.3,183.3,183.3,4,183.3,100.0
2012/07/02,185.0,195.0,185.0,195.0,18,195,100.0
2012/07/03,210.0,210.0,210.0,210.0,20,210,100.0
2012/07/05,220.5,225.0,220.5,225.0,4,225,100.0
2012/07/06,229.0,229.0,229.0,229.0,9,229,100.0
2012/07/10,205.0,210.0,205.0,210.0,20,210,100.0
2012/07/12,200.0,200.0,195.0,200.0,10,200,100.0
2012/07/18,200.0,200.0,200.0,200.0,10,200,100.0
2012/07/25,197.0,197.0,197.0,197.0,10,197,100.0
2012/07/27,190.0,190.0,190.0,190.0,4,190,100.0
2012/08/06,199.5,199.5,199.5,199.5,5,199.5,100.0
2012/08/07,209.4,209.4,209.4,209.4,8,209.4,100.0
2012/08/10,195.0,195.0,195.0,195.0,2,195,100.0
2012/08/13,183.0,183.0,183.0,183.0,2,183,100.0
2012/08/20,190.0,190.0,190.0,190.0,11,190,100.0
2012/08/27,195.0,195.0,195.0,195.0,6,195,100.0
2012/09/03,195.0,195.0,195.0,195.0,10,195,100.0
2012/09/05,204.7,204.7,204.7,204.7,1,204.7,100.0
2012/09/06,210.0,210.0,210.0,210.0,9,210,100.0
2012/09/10,187.0,187.0,187.0,187.0,1,187,100.0
2012/09/11,190.0,220.0,190.0,220.0,14,220,100.0
2012/09/12,187.0,187.0,187.0,187.0,7,187,100.0
2012/09/13,203.0,208.0,203.0,208.0,2,208,100.0
2012/09/14,194.0,194.0,194.0,194.0,2,194,100.0
2012/09/18,198.0,198.0,198.0,198.0,5,198,100.0
2012/09/21,205.0,205.0,205.0,205.0,7,205,100.0
2012/10/02,187.0,187.0,187.0,187.0,37,187,100.0
2012/10/05,196.3,196.3,180.5,180.5,14,180.5,100.0
2012/10/09,189.5,189.5,189.5,189.5,7,189.5,100.0
2012/10/10,198.9,198.9,198.9,198.9,2,198.9,100.0
2012/10/11,207.0,207.0,207.0,207.0,1,207,100.0
2012/10/18,185.0,185.0,185.0,185.0,15,185,100.0
2012/11/02,200.0,200.0,200.0,200.0,1,200,100.0
2012/11/05,200.0,200.0,200.0,200.0,2,200,100.0
2012/11/06,200.0,200.0,200.0,200.0,8,200,100.0
2012/12/04,197.0,197.0,197.0,197.0,1,197,100.0
2012/12/05,198.0,198.0,198.0,198.0,7,198,100.0
2012/12/06,200.0,206.9,200.0,204.0,34,204,100.0
2012/12/07,195.0,195.0,195.0,195.0,1,195,100.0
2012/12/11,198.0,205.0,198.0,205.0,7,205,100.0
2012/12/17,205.0,205.0,205.0,205.0,10,205,100.0
2012/12/18,207.0,207.0,207.0,207.0,10,207,100.0
2012/12/25,200.0,200.0,200.0,200.0,1,200,100.0
2012/12/26,185.5,185.5,185.5,185.5,1,185.5,100.0
2013/01/07,200.0,205.0,200.0,205.0,6,205,100.0
2013/01/08,215.0,215.0,215.0,215.0,9,215,100.0
2013/01/21,185.1,185.1,185.1,185.1,14,185.1,100.0
2013/01/22,190.0,190.5,190.0,190.5,2,190.5,100.0
2013/01/24,194.5,194.5,194.0,194.0,2,194,100.0
2013/01/25,188.0,188.0,188.0,188.0,2,188,100.0
2013/01/28,190.0,190.0,190.0,190.0,1,190,100.0
2013/01/29,190.0,190.0,190.0,190.0,1,190,100.0
2013/01/31,195.0,195.0,195.0,195.0,1,195,100.0
2013/02/01,195.0,195.0,195.0,195.0,1,195,100.0
2013/02/04,190.0,190.0,190.0,190.0,4,190,100.0
2013/02/05,198.0,202.0,193.0,193.0,5,193,100.0
2013/02/06,202.6,202.6,202.6,202.6,8,202.6,100.0
2013/02/07,210.0,210.0,197.0,197.0,4,197,100.0
2013/02/12,206.0,206.0,198.0,198.0,5,198,100.0
2013/02/13,199.0,199.0,199.0,199.0,1,199,100.0
2013/02/15,198.5,198.5,198.5,198.5,1,198.5,100.0
2013/02/21,200.0,200.0,200.0,200.0,2,200,100.0
2013/02/22,200.0,200.0,200.0,200.0,2,200,100.0
2013/02/26,205.0,205.0,205.0,205.0,1,205,100.0
2013/02/28,209.9,209.9,209.9,209.9,1,209.9,100.0
2013/03/01,206.0,206.0,206.0,206.0,2,206,100.0
2013/03/04,204.0,204.0,204.0,204.0,2,204,100.0
2013/03/05,210.0,210.0,210.0,210.0,4,210,100.0
2013/03/06,210.0,245.0,210.0,240.0,40,240,100.0
2013/03/07,215.0,235.0,215.0,235.0,3,235,100.0
2013/03/08,225.0,235.0,215.0,220.0,10,220,100.0
2013/03/13,207.0,222.3,202.3,222.3,12,222.3,100.0
2013/03/14,207.3,209.5,204.5,209.5,21,209.5,100.0
2013/03/15,214.5,214.5,210.0,210.0,2,210,100.0
2013/03/18,215.0,215.0,215.0,215.0,1,215,100.0
2013/03/21,210.0,210.0,210.0,210.0,4,210,100.0
2013/03/22,210.0,240.0,210.0,240.0,19,240,100.0
2013/03/25,255.0,260.0,234.5,260.0,11,260,100.0
2013/03/26,280.0,310.0,270.0,310.0,24,310,100.0
2013/03/27,310.0,380.0,310.0,367.0,147,367,100.0
2013/03/28,368.0,368.0,314.0,325.0,28,325,100.0
2013/03/29,349.0,349.0,349.0,349.0,1,349,100.0
2013/04/01,288.0,310.5,280.0,310.5,29,310.5,100.0
2013/04/02,246.5,287.0,241.5,287.0,59,287,100.0
2013/04/03,252.0,272.9,250.0,272.9,47,272.9,100.0
2013/04/04,243.5,273.9,238.0,273.9,45,273.9,100.0
2013/04/05,277.8,277.8,260.0,260.0,18,260,100.0
2013/04/08,261.9,261.9,240.0,240.0,27,240,100.0
2013/04/09,239.0,249.5,239.0,239.5,18,239.5,100.0
2013/04/10,245.0,245.0,234.0,234.0,29,234,100.0
2013/04/11,243.9,243.9,233.9,233.9,4,233.9,100.0
2013/04/12,233.9,233.9,233.0,233.0,11,233,100.0
2013/04/15,230.0,245.0,230.0,230.1,8,230.1,100.0
2013/04/16,220.1,220.1,216.1,216.1,5,216.1,100.0
2013/04/17,225.8,241.0,218.0,241.0,35,241,100.0
2013/04/18,249.9,270.0,241.1,264.9,124,264.9,100.0
2013/04/19,265.0,280.0,264.0,280.0,23,280,100.0
2013/04/22,278.9,317.0,275.0,317.0,106,317,100.0
2013/04/23,295.0,295.0,250.0,275.0,140,275,100.0
2013/04/24,275.0,275.0,265.0,270.0,15,270,100.0
2013/04/25,251.8,266.5,251.8,266.5,5,266.5,100.0
2013/04/26,253.3,265.8,253.0,265.8,17,265.8,100.0
2013/04/30,260.0,260.1,251.1,251.1,8,251.1,100.0
2013/05/01,250.0,250.0,250.0,250.0,6,250,100.0
2013/05/02,250.0,270.0,250.0,260.0,11,260,100.0
2013/05/07,270.0,270.0,252.5,255.0,18,255,100.0
2013/05/08,269.0,275.0,268.9,275.0,32,275,100.0
2013/05/09,280.0,290.0,268.0,290.0,24,290,100.0
2013/05/10,290.0,290.0,280.0,280.0,4,280,100.0
2013/05/13,280.0,280.0,280.0,280.0,11,280,100.0
2013/05/14,280.0,280.0,280.0,280.0,3,280,100.0
2013/05/16,261.0,261.0,260.0,260.0,9,260,100.0
2013/05/17,270.0,272.0,262.0,262.0,9,262,100.0
2013/05/20,273.0,312.0,273.0,312.0,27,312,100.0
2013/05/21,288.0,289.0,288.0,289.0,7,289,100.0
2013/05/22,294.0,294.0,274.0,274.0,8,274,100.0
2013/05/23,254.0,254.0,254.0,254.0,1,254,100.0
2013/05/24,244.1,244.1,244.1,244.1,1,244.1,100.0
2013/05/27,234.2,269.8,234.2,269.8,13,269.8,100.0
2013/05/28,274.8,289.0,274.8,285.0,10,285,100.0
2013/05/29,294.9,300.0,271.0,300.0,18,300,100.0
2013/05/30,300.0,300.0,300.0,300.0,5,300,100.0
2013/06/05,290.0,290.0,289.9,289.9,4,289.9,100.0
2013/06/06,290.0,290.0,290.0,290.0,3,290,100.0
2013/06/07,255.0,255.0,250.0,250.0,3,250,100.0
2013/06/10,270.0,270.0,270.0,270.0,1,270,100.0
2013/06/12,270.0,270.0,245.0,245.0,2,245,100.0
2013/06/13,226.0,226.0,226.0,226.0,31,226,100.0
2013/06/14,226.0,241.0,226.0,241.0,4,241,100.0
2013/06/18,246.0,246.0,246.0,246.0,2,246,100.0
2013/06/25,246.0,246.0,226.0,226.0,3,226,100.0
2013/06/28,233.5,233.5,233.5,233.5,5,233.5,100.0
2013/07/02,213.5,230.0,213.5,230.0,5,230,100.0
2013/07/03,230.1,230.1,230.1,230.1,1,230.1,100.0
2013/07/05,241.6,241.6,241.6,241.6,2,241.6,100.0
2013/07/08,251.6,251.6,251.6,251.6,4,251.6,100.0
2013/07/11,252.0,252.0,252.0,252.0,1,252,100.0
2013/07/12,249.9,250.0,249.9,250.0,5,250,100.0
2013/07/16,240.0,240.0,240.0,240.0,4,240,100.0
2013/07/19,240.0,240.0,240.0,240.0,4,240,100.0
2013/07/25,241.6,270.0,241.6,270.0,2,270,100.0
2013/08/05,280.0,280.0,280.0,280.0,2,280,100.0
2013/08/06,289.9,289.9,289.9,289.9,3,289.9,100.0
2013/08/07,280.0,280.0,280.0,280.0,1,280,100.0
2013/08/13,258.0,258.0,258.0,258.0,1,258,100.0
2013/08/15,238.0,248.0,238.0,248.0,5,248,100.0
2013/08/16,263.0,263.0,263.0,263.0,1,263,100.0
2013/08/29,268.0,278.0,268.0,278.0,2,278,100.0
2013/08/30,278.0,278.0,278.0,278.0,1,278,100.0
2013/09/05,278.0,278.0,278.0,278.0,2,278,100.0
2013/09/06,278.0,278.0,278.0,278.0,3,278,100.0
2013/09/24,271.0,271.0,271.0,271.0,1,271,100.0
2013/09/26,287,287,287,287,100,287,1
2013/09/30,255,255,255,255,300,255,1
2013/10/01,247,280,247,280,1500,280,1
2013/10/03,217,234,217,230,4500,230,1
2013/10/04,230,235,230,235,2200,235,1
2013/10/07,246,246,246,246,1100,246,1
2013/10/17,250,250,250,250,100,250,1
2013/10/18,266,266,242,258,300,258,1
2013/10/22,255,255,255,255,100,255,1
2013/10/28,256,272,256,272,200,272,1
2013/11/05,264,264,257,257,200,257,1
2013/11/06,265,265,265,265,300,265,1
2013/11/12,250,250,250,250,100,250,1
2013/11/13,266,266,260,260,300,260,1
2013/11/21,255,255,255,255,100,255,1
2013/11/25,279,279,279,279,100,279,1
2013/11/26,247,247,247,247,100,247,1
2013/11/27,240,265,240,265,500,265,1
2013/11/28,264,264,264,264,200,264,1
2013/11/29,248,258,240,256,2900,256,1
2013/12/02,247,252,247,252,2000,252,1
2013/12/03,242,242,240,240,2900,240,1
2013/12/05,248,250,248,248,1400,248,1
2013/12/06,250,250,250,250,400,250,1
2013/12/10,246,246,246,246,1100,246,1
2013/12/11,245,245,245,245,200,245,1
2013/12/16,237,237,237,237,100,237,1
2013/12/18,236,244,236,241,300,241,1
2013/12/19,236,236,236,236,600,236,1
2013/12/20,242,242,242,242,100,242,1
2013/12/24,236,236,236,236,100,236,1
2013/12/25,230,230,230,230,300,230,1
2014/01/06,239,239,239,239,500,239,1
2014/01/07,247,247,247,247,400,247,1
2014/01/08,236,236,236,236,800,236,1
2014/01/15,244,244,244,244,100,244,1
2014/01/16,248,255,248,255,200,255,1
2014/01/17,263,263,255,255,1100,255,1
2014/01/20,269,275,259,259,900,259,1
2014/01/22,283,283,283,283,100,283,1
2014/01/23,299,308,268,268,1400,268,1
2014/01/24,252,260,251,251,1700,251,1
2014/01/27,253,269,253,269,300,269,1
2014/01/30,253,253,253,253,100,253,1
2014/01/31,258,258,242,252,1400,252,1
2014/02/03,244,248,242,245,1000,245,1
2014/02/05,257,257,257,257,300,257,1
2014/02/06,264,264,264,264,400,264,1
2014/02/10,264,264,264,264,100,264,1
2014/02/17,272,277,272,277,200,277,1
2014/03/03,251,251,251,251,100,251,1
2014/03/04,245,245,245,245,500,245,1
2014/03/05,257,257,243,243,500,243,1
2014/03/06,255,255,247,247,700,247,1
2014/03/12,245,245,245,245,100,245,1
2014/03/18,240,258,234,258,700,258,1
2014/03/19,265,279,263,263,1600,263,1
2014/03/25,250,250,250,250,100,250,1
2014/03/26,279,279,279,279,100,279,1
2014/03/31,250,254,238,249,2000,249,1
2014/04/02,241,241,237,241,3200,241,1
2014/04/04,241,241,241,241,100,241,1
2014/04/07,233,233,233,233,1500,233,1
2014/04/08,231,246,230,241,1900,241,1
2014/04/10,233,247,233,240,1000,240,1
2014/04/17,232,237,221,237,900,237,1
2014/04/18,243,243,243,243,100,243,1
2014/04/21,235,235,227,227,200,227,1
2014/04/22,234,234,234,234,100,234,1
2014/04/25,226,226,226,226,100,226,1
2014/04/28,224,224,224,224,300,224,1
2014/04/30,225,225,225,225,200,225,1
2014/05/02,222,238,222,238,800,238,1
2014/05/07,242,242,242,242,600,242,1
2014/05/22,240,240,240,240,100,240,1
2014/06/02,234,234,234,234,100,234,1
2014/06/05,242,242,229,229,500,229,1
2014/06/06,240,240,240,240,300,240,1
2014/06/13,241,241,241,241,500,241,1
2014/06/16,238,238,238,238,500,238,1
2014/06/18,240,250,240,250,500,250,1
2014/06/19,242,242,240,240,300,240,1
2014/06/20,240,240,240,240,300,240,1
2014/06/23,231,235,231,235,1300,235,1
2014/06/24,231,235,231,235,500,235,1
2014/06/27,228,229,228,229,300,229,1
2014/06/30,224,238,224,236,900,236,1
2014/07/01,233,233,232,232,500,232,1
2014/07/02,231,231,223,223,1500,223,1
2014/07/03,234,234,234,234,200,234,1
2014/07/04,235,235,232,235,400,235,1
2014/07/07,243,243,236,241,1200,241,1
2014/07/08,238,238,236,236,600,236,1
2014/07/09,236,236,235,235,1200,235,1
2014/07/14,233,233,231,231,400,231,1
2014/07/15,231,231,231,231,100,231,1
2014/07/16,231,231,230,230,300,230,1
2014/07/17,231,235,231,235,400,235,1
2014/07/18,235,235,233,233,700,233,1
2014/07/22,236,236,236,236,100,236,1
2014/07/23,238,238,230,230,800,230,1
2014/07/28,230,230,230,230,100,230,1
2014/07/29,230,230,230,230,400,230,1
2014/07/30,230,230,230,230,100,230,1
2014/08/05,235,235,235,235,400,235,1
2014/08/06,236,240,232,232,700,232,1
2014/08/07,232,232,232,232,100,232,1
2014/08/11,238,240,238,240,200,240,1
2014/08/13,230,230,230,230,200,230,1
2014/08/15,226,230,225,226,900,226,1
2014/08/18,227,227,227,227,100,227,1
2014/08/19,235,235,220,231,1100,231,1
2014/08/20,223,228,221,223,500,223,1
2014/08/21,227,227,222,224,500,224,1
2014/08/22,225,225,225,225,200,225,1
2014/08/25,225,229,225,229,500,229,1
2014/08/26,224,224,224,224,100,224,1
2014/08/27,224,228,224,228,600,228,1
2014/08/29,228,228,228,228,100,228,1
2014/09/01,229,229,229,229,200,229,1
2014/09/04,226,229,226,228,2000,228,1
2014/09/05,229,229,223,228,900,228,1
2014/09/08,229,229,229,229,300,229,1
2014/09/11,228,228,228,228,100,228,1
2014/09/12,220,222,215,219,4000,219,1
2014/09/16,222,222,215,219,900,219,1
2014/09/17,216,216,216,216,100,216,1
2014/09/18,213,213,213,213,400,213,1
2014/09/19,218,219,218,219,200,219,1
2014/09/22,219,219,219,219,100,219,1
2014/09/24,219,219,216,216,500,216,1
2014/09/25,215,215,215,215,200,215,1
2014/09/29,218,218,218,218,100,218,1
2014/09/30,210,212,210,211,1300,211,1
2014/10/01,217,217,217,217,100,217,1
2014/10/02,210,210,210,210,100,210,1
2014/10/03,210,215,210,215,200,215,1
2014/10/06,219,219,219,219,700,219,1
2014/10/07,218,218,218,218,100,218,1
2014/10/15,218,218,218,218,100,218,1
2014/10/24,215,228,210,210,1000,210,1
2014/10/28,210,210,210,210,200,210,1
2014/10/29,205,213,205,213,400,213,1
2014/11/04,205,213,204,204,1600,204,1
2014/11/05,211,211,205,205,700,205,1
2014/11/06,213,216,206,211,1300,211,1
2014/11/10,212,212,212,212,200,212,1
2014/11/14,207,207,206,206,400,206,1
2014/11/19,205,205,205,205,200,205,1
2014/11/21,205,205,205,205,100,205,1
2014/11/25,213,213,213,213,200,213,1
2014/12/03,206,214,206,214,400,214,1
2014/12/05,214,214,206,208,400,208,1
2014/12/08,215,216,207,207,1100,207,1
2014/12/12,215,215,207,207,200,207,1
2014/12/15,215,222,215,221,300,221,1
2014/12/16,211,211,207,211,500,211,1
2014/12/19,212,212,212,212,100,212,1
2014/12/25,206,208,203,208,800,208,1
2014/12/26,207,207,207,207,100,207,1
2014/12/29,207,207,202,202,200,202,1
2014/12/30,210,215,210,213,600,213,1
2015/01/05,216,217,216,217,700,217,1
2015/01/06,224,224,224,224,500,224,1
2015/01/07,216,216,216,216,100,216,1
2015/01/14,208,216,208,216,200,216,1
2015/01/15,208,208,208,208,300,208,1
2015/01/16,208,208,208,208,200,208,1
2015/01/19,207,207,207,207,200,207,1
2015/01/20,207,207,207,207,100,207,1
2015/01/21,207,207,207,207,100,207,1
2015/01/22,213,213,213,213,100,213,1
2015/01/23,213,213,213,213,100,213,1
2015/01/26,213,213,213,213,100,213,1
2015/01/30,213,213,213,213,100,213,1
2015/02/03,213,213,213,213,200,213,1
2015/02/05,220,220,220,220,200,220,1
2015/02/06,228,228,228,228,400,228,1
2015/02/12,228,228,228,228,200,228,1
2015/02/16,229,229,227,227,200,227,1
2015/02/17,234,234,234,234,100,234,1
2015/02/19,230,230,230,230,200,230,1
2015/03/02,226,229,226,229,400,229,1
2015/03/05,237,237,237,237,200,237,1
2015/03/06,230,230,230,230,300,230,1
2015/03/10,233,258,233,234,7200,234,1
2015/03/11,234,240,234,240,600,240,1
2015/03/12,235,235,233,235,700,235,1
2015/03/13,227,235,227,235,200,235,1
2015/03/19,238,238,238,238,100,238,1
2015/03/24,238,240,238,240,400,240,1
2015/03/25,248,255,248,255,200,255,1
2015/03/26,263,263,263,263,300,263,1
2015/03/27,247,247,247,247,300,247,1
2015/04/01,248,248,248,248,100,248,1
2015/04/06,256,256,256,256,900,256,1
2015/04/07,250,250,250,250,200,250,1
2015/04/13,250,250,250,250,1500,250,1
2015/04/17,235,235,221,230,4500,230,1
2015/04/20,226,226,225,225,200,225,1
2015/04/21,230,230,228,228,3100,228,1
2015/04/22,229,229,222,222,1800,222,1
2015/04/23,219,219,219,219,400,219,1
2015/04/24,235,235,223,234,700,234,1
2015/04/27,237,237,237,237,200,237,1
2015/04/28,230,230,220,225,800,225,1
2015/04/30,229,232,225,230,600,230,1
2015/05/01,224,231,223,231,1200,231,1
2015/05/07,237,237,237,237,400,237,1
2015/05/08,230,230,224,230,600,230,1
2015/05/12,223,223,223,223,400,223,1
2015/05/13,225,225,225,225,3200,225,1
2015/05/14,222,222,213,220,1800,220,1
2015/05/15,227,227,227,227,200,227,1
2015/05/18,220,225,217,217,1200,217,1
2015/05/19,220,222,220,222,200,222,1
2015/05/20,225,225,225,225,900,225,1
2015/05/21,224,228,217,228,400,228,1
2015/05/22,220,225,220,225,200,225,1
2015/05/25,227,250,224,237,8100,237,1
2015/05/26,237,237,230,230,2400,230,1
2015/05/27,231,235,231,235,200,235,1
2015/05/28,227,232,216,232,2700,232,1
2015/05/29,229,229,221,225,1800,225,1
2015/06/01,221,221,221,221,200,221,1
2015/06/02,220,226,218,226,400,226,1
2015/06/03,222,222,222,222,200,222,1
2015/06/04,226,226,225,225,200,225,1
2015/06/05,227,227,227,227,300,227,1
2015/06/08,228,228,222,228,1200,228,1
2015/06/10,225,228,222,227,19800,227,1
2015/06/11,222,230,222,223,1600,223,1
2015/06/12,228,229,228,229,200,229,1
2015/06/15,230,230,230,230,500,230,1
2015/06/16,230,230,229,230,600,230,1
2015/06/18,225,225,225,225,200,225,1
2015/06/19,224,224,224,224,200,224,1
2015/06/25,232,232,232,232,300,232,1
2015/06/26,236,244,236,244,300,244,1
2015/06/29,244,244,240,240,4800,240,1
2015/06/30,222,230,222,230,1000,230,1
2015/07/01,235,239,235,239,400,239,1
2015/07/02,230,230,223,229,4800,229,1
2015/07/03,224,225,221,221,1100,221,1
2015/07/06,227,230,223,223,2500,223,1
2015/07/07,228,228,221,223,1300,223,1
2015/07/08,221,225,221,222,500,222,1
2015/07/09,220,220,201,203,3100,203,1
2015/07/10,216,224,216,223,700,223,1
2015/07/13,223,223,212,215,1000,215,1
2015/07/14,216,216,210,215,1600,215,1
2015/07/15,215,220,214,214,2500,214,1
2015/07/16,215,215,215,215,100,215,1
2015/07/17,222,239,222,236,2600,236,1
2015/07/21,235,235,220,228,4600,228,1
2015/07/22,224,229,224,224,600,224,1
2015/07/23,224,224,224,224,700,224,1
2015/07/24,225,225,221,225,1500,225,1
2015/07/27,220,220,220,220,100,220,1
2015/07/29,220,225,220,225,1200,225,1
2015/07/30,226,226,226,226,500,226,1
2015/07/31,221,226,221,226,300,226,1
2015/08/03,224,224,224,224,100,224,1
2015/08/04,224,224,224,224,2800,224,1
2015/08/05,226,226,226,226,200,226,1
2015/08/06,227,227,223,223,500,223,1
2015/08/07,221,226,221,226,500,226,1
2015/08/10,222,222,222,222,400,222,1
2015/08/11,222,225,220,225,3700,225,1
2015/08/12,226,227,226,227,1700,227,1
2015/08/13,227,228,222,228,1400,228,1
2015/08/14,222,222,218,218,1800,218,1
2015/08/17,218,219,218,219,400,219,1
2015/08/18,218,218,218,218,100,218,1
2015/08/19,221,221,219,219,200,219,1
2015/08/20,217,217,217,217,500,217,1
2015/08/21,213,213,212,212,200,212,1
2015/08/24,212,212,212,212,100,212,1
2015/08/25,207,219,203,219,300,219,1
2015/08/27,211,211,208,208,200,208,1
2015/08/28,219,219,219,219,100,219,1
2015/08/31,221,221,221,221,100,221,1
2015/09/01,213,213,213,213,100,213,1
2015/09/02,213,213,213,213,100,213,1
2015/09/07,221,221,221,221,600,221,1
2015/09/08,222,222,211,214,1400,214,1
2015/09/11,214,215,214,215,600,215,1
2015/09/17,207,207,207,207,500,207,1
2015/09/24,207,215,194,198,4100,198,1
2015/09/25,198,198,198,198,100,198,1
2015/09/28,202,202,202,202,200,202,1
2015/09/29,199,199,199,199,100,199,1
2015/09/30,199,199,199,199,100,199,1
2015/10/05,204,204,198,198,800,198,1
2015/10/06,207,207,205,205,800,205,1
2015/10/14,200,200,200,200,300,200,1
2015/10/23,207,211,207,211,200,211,1
2015/10/26,205,205,205,205,500,205,1
2015/10/27,207,207,207,207,100,207,1
2015/10/29,212,212,212,212,100,212,1
2015/11/02,208,208,206,206,300,206,1
2015/11/04,207,207,205,205,400,205,1
2015/11/05,213,213,213,213,200,213,1
2015/11/06,215,215,213,213,700,213,1
2015/11/09,203,205,203,205,800,205,1
2015/11/10,202,202,201,201,300,201,1
2015/11/11,206,206,206,206,300,206,1
2015/11/12,201,201,200,200,1000,200,1
2015/11/13,205,205,205,205,100,205,1
2015/11/18,205,206,205,206,200,206,1
2015/11/19,200,206,200,206,400,206,1
2015/11/20,201,201,201,201,100,201,1
2015/11/24,201,201,201,201,300,201,1
2015/11/25,201,210,201,210,1100,210,1
2015/11/26,203,203,203,203,100,203,1
2015/11/27,202,205,202,205,300,205,1
2015/11/30,202,202,201,201,600,201,1
2015/12/01,202,202,202,202,100,202,1
2015/12/02,200,200,200,200,400,200,1
2015/12/03,202,208,202,205,15700,205,1
2015/12/04,208,208,202,202,300,202,1
2015/12/07,210,210,202,204,1300,204,1
2015/12/08,204,204,204,204,200,204,1
2015/12/10,209,209,203,203,200,203,1
2015/12/11,203,203,203,203,300,203,1
2015/12/14,202,202,200,200,300,200,1
2015/12/15,208,208,208,208,100,208,1
2015/12/16,200,200,200,200,200,200,1
2015/12/18,204,204,203,203,300,203,1
2015/12/21,203,203,199,199,4300,199,1
2015/12/24,200,200,200,200,100,200,1
2015/12/25,199,199,199,199,100,199,1
2015/12/28,192,200,192,200,600,200,1
2015/12/29,204,204,204,204,100,204,1
2015/12/30,205,205,197,201,500,201,1
2016/01/04,201,201,201,201,100,201,1
2016/01/05,204,204,203,203,400,203,1
2016/01/06,207,210,207,210,1100,210,1
2016/01/08,208,208,201,201,400,201,1
2016/01/12,196,196,196,196,500,196,1
2016/01/13,195,195,195,195,200,195,1
2016/01/14,190,195,190,195,200,195,1
2016/01/15,187,188,186,186,500,186,1
2016/01/18,187,187,184,184,900,184,1
2016/01/19,184,184,183,183,400,183,1
2016/01/20,183,183,180,180,700,180,1
2016/01/21,172,172,172,172,100,172,1
2016/01/25,171,184,171,184,400,184,1
2016/01/26,178,178,178,178,300,178,1
2016/01/27,170,179,170,179,600,179,1
2016/01/28,179,179,179,179,300,179,1
2016/01/29,179,179,179,179,100,179,1
2016/02/02,184,184,178,178,800,178,1
2016/02/04,173,173,173,173,200,173,1
2016/02/05,178,178,178,178,200,178,1
2016/02/08,182,182,170,175,1000,175,1
2016/02/09,170,178,170,178,300,178,1
2016/02/12,170,181,167,181,500,181,1
2016/02/15,181,182,181,182,900,182,1
2016/02/16,182,182,182,182,500,182,1
2016/02/17,182,182,182,182,300,182,1
2016/02/18,182,182,182,182,1200,182,1
2016/02/23,175,175,175,175,700,175,1
2016/03/02,176,186,176,186,400,186,1
2016/03/07,187,187,180,180,800,180,1
2016/03/08,183,184,183,184,200,184,1
2016/03/09,178,178,178,178,300,178,1
2016/03/10,176,176,176,176,100,176,1
2016/03/11,178,184,178,184,400,184,1
2016/03/14,185,210,185,207,1500,207,1
2016/03/15,205,205,188,203,1200,203,1
2016/03/16,190,195,189,195,900,195,1
2016/03/17,195,195,195,195,100,195,1
2016/03/22,190,190,190,190,300,190,1
2016/03/23,189,189,189,189,300,189,1
2016/03/25,189,189,188,188,400,188,1
2016/03/28,193,195,193,195,500,195,1
2016/04/04,196,196,196,196,100,196,1
2016/04/05,200,200,200,200,400,200,1
2016/04/06,208,208,207,207,1100,207,1
2016/04/07,200,200,200,200,100,200,1
2016/04/15,204,204,204,204,1100,204,1
2016/04/18,218,224,218,222,2500,222,1
2016/04/19,224,224,210,220,4000,220,1
2016/04/20,220,220,202,204,2100,204,1
2016/04/21,212,212,212,212,100,212,1
2016/04/22,204,217,204,215,500,215,1
2016/04/25,206,207,206,207,600,207,1
2016/04/26,206,211,203,210,800,210,1
2016/04/28,211,212,205,210,800,210,1
2016/05/02,201,201,186,191,1900,191,1
2016/05/06,200,200,200,200,1000,200,1
2016/05/09,193,204,193,204,300,204,1
2016/05/10,196,201,196,201,300,201,1
2016/05/11,195,200,195,200,200,200,1
2016/05/12,195,200,195,200,300,200,1
2016/05/16,196,196,191,193,800,193,1
2016/05/18,190,195,190,195,300,195,1
2016/05/23,188,193,188,193,200,193,1
2016/05/26,190,190,190,190,200,190,1
2016/05/27,188,195,188,195,200,195,1
2016/05/30,195,199,195,199,600,199,1
2016/05/31,198,198,198,198,100,198,1
2016/06/01,194,194,194,194,100,194,1
2016/06/02,194,194,194,194,100,194,1
2016/06/06,199,200,195,200,900,200,1
2016/06/09,200,200,200,200,2000,200,1
2016/06/10,200,200,200,200,200,200,1
2016/06/13,192,192,192,192,100,192,1
2016/06/15,192,192,192,192,100,192,1
2016/06/16,187,187,178,183,3900,183,1
2016/06/17,184,184,184,184,200,184,1
2016/06/20,181,181,181,181,100,181,1
2016/06/21,180,190,180,190,200,190,1
2016/06/24,184,184,172,182,400,182,1
2016/06/27,173,182,173,182,500,182,1
2016/06/28,180,195,180,195,300,195,1
2016/06/30,193,193,193,193,100,193,1
2016/07/05,194,194,194,194,200,194,1
2016/07/06,195,195,195,195,400,195,1
2016/07/08,194,194,194,194,100,194,1
2016/07/19,194,194,193,193,400,193,1
2016/07/20,195,195,195,195,1000,195,1
2016/08/01,195,195,195,195,100,195,1
2016/08/03,193,193,192,192,200,192,1
2016/08/05,193,202,193,201,1200,201,1
2016/08/08,202,202,202,202,400,202,1
2016/08/09,202,202,202,202,100,202,1
2016/08/12,194,200,194,200,200,200,1
2016/08/16,195,195,195,195,100,195,1
2016/08/17,194,194,193,193,400,193,1
2016/08/22,200,200,200,200,100,200,1
2016/08/29,201,201,201,201,1000,201,1
2016/09/01,195,195,195,195,100,195,1
2016/09/05,200,200,200,200,200,200,1
2016/09/06,200,200,195,195,700,195,1
2016/09/07,195,195,195,195,100,195,1
2016/09/13,190,190,190,190,700,190,1
2016/09/14,195,195,195,195,1500,195,1
2016/09/23,198,198,198,198,100,198,1
2016/09/26,198,198,198,198,100,198,1
2016/09/27,198,198,198,198,200,198,1
2016/09/29,199,202,199,202,300,202,1
2016/10/03,200,200,200,200,100,200,1
2016/10/05,202,202,202,202,400,202,1
2016/10/06,202,202,202,202,700,202,1
2016/10/18,202,205,201,205,1400,205,1
2016/10/19,206,206,200,206,6000,206,1
2016/10/20,206,206,206,206,300,206,1
2016/10/24,207,207,207,207,200,207,1
2016/10/26,211,211,211,211,1700,211,1
2016/10/31,211,211,211,211,100,211,1
2016/11/02,201,201,200,200,1200,200,1
2016/11/07,200,200,200,200,800,200,1
2016/11/08,200,200,200,200,300,200,1
2016/11/11,197,205,197,205,1000,205,1
2016/11/14,198,198,198,198,100,198,1
2016/11/15,205,205,205,205,100,205,1
2016/11/16,207,207,207,207,600,207,1
2016/11/18,210,210,210,210,100,210,1
2016/11/21,210,210,210,210,3200,210,1
2016/11/22,199,199,199,199,400,199,1
2016/11/24,204,204,201,201,400,201,1
2016/11/25,207,208,201,201,300,201,1
2016/11/28,202,202,200,200,900,200,1
2016/11/29,207,207,207,207,200,207,1
2016/11/30,204,204,203,203,800,203,1
2016/12/01,203,206,203,206,3800,206,1
2016/12/02,210,210,210,210,200,210,1
2016/12/05,210,210,210,210,200,210,1
2016/12/06,208,208,208,208,400,208,1
2016/12/07,209,209,209,209,300,209,1
2016/12/12,209,209,209,209,400,209,1
2016/12/13,209,212,201,209,7500,209,1
2016/12/14,212,212,204,212,2300,212,1
2016/12/15,205,208,205,208,300,208,1
2016/12/20,208,208,205,205,500,205,1
2016/12/21,211,211,211,211,2500,211,1
2016/12/22,203,203,203,203,500,203,1
2016/12/26,203,203,203,203,100,203,1
2016/12/27,210,211,210,211,300,211,1
2016/12/28,205,207,205,207,1300,207,1
2016/12/29,203,208,195,200,5300,200,1
2016/12/30,207,207,198,199,5800,199,1
2017/01/04,199,201,199,200,1100,200,1
2017/01/05,206,207,201,201,900,201,1
2017/01/06,205,205,201,201,600,201,1
2017/01/10,206,206,200,201,600,201,1
2017/01/11,204,204,204,204,200,204,1
2017/01/13,204,209,204,209,600,209,1
2017/01/16,209,209,206,206,200,206,1
2017/01/18,201,203,201,203,800,203,1
2017/01/19,203,203,203,203,200,203,1
2017/01/20,202,202,200,200,1200,200,1
2017/01/23,201,201,201,201,300,201,1
2017/01/24,205,206,201,201,700,201,1
2017/01/25,201,208,201,208,2600,208,1
2017/01/30,206,206,203,203,200,203,1
2017/01/31,203,203,202,202,200,202,1
2017/02/01,205,207,205,205,800,205,1
2017/02/02,207,207,207,207,200,207,1
2017/02/03,205,205,205,205,100,205,1
2017/02/06,208,208,206,206,1000,206,1
2017/02/09,203,203,203,203,100,203,1
2017/02/13,204,204,201,201,1100,201,1
2017/02/14,203,211,201,201,1400,201,1
2017/02/15,201,203,201,201,600,201,1
2017/02/16,202,204,201,203,800,203,1
2017/02/17,202,202,201,201,300,201,1
2017/02/20,201,203,201,203,3000,203,1
2017/02/21,201,201,201,201,400,201,1
2017/02/22,203,203,203,203,1200,203,1
2017/02/23,203,207,203,207,3500,207,1
2017/02/27,202,204,202,204,300,204,1
2017/02/28,203,203,203,203,100,203,1
2017/03/02,203,203,203,203,100,203,1
2017/03/03,209,209,208,208,1000,208,1
2017/03/06,211,211,208,208,15000,208,1
2017/03/09,209,210,209,210,1700,210,1
2017/03/10,208,208,208,208,100,208,1
2017/03/16,205,205,205,205,200,205,1
2017/03/21,209,211,209,211,500,211,1
2017/03/22,211,211,211,211,700,211,1
2017/03/23,205,205,202,204,1200,204,1
2017/03/28,204,204,204,204,100,204,1
2017/03/29,220,244,210,214,3500,214,1
2017/03/30,238,240,220,228,6100,228,1
2017/03/31,220,229,220,229,1500,229,1
2017/04/03,222,222,211,218,800,218,1
2017/04/04,221,221,221,221,200,221,1
2017/04/05,225,229,225,229,700,229,1
2017/04/06,233,233,215,222,2400,222,1
2017/04/07,230,230,230,230,100,230,1
2017/04/11,234,235,230,235,10400,235,1
2017/04/12,236,238,214,214,2800,214,1
2017/04/13,230,230,228,228,1200,228,1
2017/04/17,215,225,215,225,800,225,1
2017/04/18,225,225,225,225,100,225,1
2017/04/20,217,217,217,217,100,217,1
2017/04/21,217,217,217,217,100,217,1
2017/04/24,216,216,216,216,100,216,1
2017/05/02,228,236,228,236,2800,236,1
2017/05/08,242,242,242,242,1100,242,1
2017/05/09,233,233,233,233,100,233,1
2017/05/10,243,243,227,227,400,227,1
2017/05/11,244,245,218,218,1700,218,1
2017/05/12,218,218,215,217,2300,217,1
2017/05/15,218,232,218,232,1100,232,1
2017/05/16,229,229,221,222,900,222,1
2017/05/17,220,220,220,220,500,220,1
2017/05/18,229,229,228,229,1100,229,1
2017/05/19,222,222,222,222,200,222,1
2017/05/22,225,226,223,223,2100,223,1
2017/05/23,223,223,222,222,200,222,1
2017/05/24,220,222,220,222,700,222,1
2017/05/25,228,228,228,228,100,228,1
2017/05/26,228,229,228,229,400,229,1
2017/05/31,229,229,229,229,100,229,1
2017/06/01,222,230,222,229,3000,229,1
2017/06/02,228,228,218,224,3500,224,1
2017/06/05,224,224,224,224,300,224,1
2017/06/06,224,224,219,222,20900,222,1
2017/06/07,223,223,217,217,1200,217,1
2017/06/08,217,219,217,219,200,219,1
2017/06/14,217,217,215,215,1000,215,1
2017/06/16,219,220,219,220,400,220,1
2017/06/19,220,221,218,218,3500,218,1
2017/06/20,218,218,217,217,3100,217,1
2017/06/21,220,220,215,220,2300,220,1
2017/06/22,215,217,215,217,2200,217,1
2017/06/23,220,220,220,220,500,220,1
2017/06/27,221,221,217,218,3800,218,1
2017/06/28,220,221,201,208,2000,208,1
2017/06/29,214,214,209,209,500,209,1
2017/06/30,209,209,201,208,2700,208,1
2017/07/03,208,213,208,213,600,213,1
2017/07/04,213,213,207,208,1400,208,1
2017/07/05,215,215,214,215,1400,215,1
2017/07/06,218,218,215,215,500,215,1
2017/07/07,211,219,211,214,400,214,1
2017/07/10,215,215,215,215,100,215,1
2017/07/11,214,214,213,213,300,213,1
2017/07/12,211,211,211,211,400,211,1
2017/07/13,220,221,212,221,1500,221,1
2017/07/14,220,225,217,218,3000,218,1
2017/07/18,223,223,218,218,1800,218,1
2017/07/19,222,222,222,222,100,222,1
2017/07/21,230,230,220,220,700,220,1
2017/07/24,220,220,220,220,100,220,1
2017/07/25,216,228,216,220,500,220,1
2017/07/26,215,225,215,225,800,225,1
2017/07/28,220,227,220,227,2000,227,1
2017/07/31,226,226,220,220,1900,220,1
2017/08/02,221,225,221,225,1100,225,1
2017/08/03,217,218,217,218,200,218,1
2017/08/07,225,225,225,225,700,225,1
2017/08/08,221,224,221,221,1100,221,1
2017/08/09,221,221,221,221,1000,221,1
2017/08/14,221,221,213,214,1300,214,1
2017/08/18,219,220,219,220,200,220,1
2017/08/21,213,213,213,213,200,213,1
2017/08/22,213,213,213,213,200,213,1
2017/08/25,211,212,210,212,1700,212,1
2017/08/28,213,213,213,213,100,213,1
2017/08/29,212,212,212,212,100,212,1
2017/08/30,212,212,212,212,100,212,1
2017/09/01,215,216,215,216,2100,216,1
2017/09/04,215,215,215,215,1700,215,1
2017/09/05,217,217,209,209,2800,209,1
2017/09/06,218,218,209,209,1500,209,1
2017/09/11,209,209,209,209,100,209,1
2017/09/14,206,209,206,209,600,209,1
2017/09/15,214,214,214,214,200,214,1
2017/09/19,215,215,215,215,4200,215,1
2017/09/20,210,210,210,210,1800,210,1
2017/09/21,211,212,211,212,900,212,1
2017/09/22,215,215,215,215,2000,215,1
2017/09/25,215,215,215,215,800,215,1
2017/09/26,209,215,209,215,600,215,1
2017/09/27,214,214,214,214,300,214,1
2017/09/28,215,217,215,217,700,217,1
2017/09/29,217,220,217,220,700,220,1
2017/10/02,220,220,212,219,1300,219,1
2017/10/03,221,223,217,223,700,223,1
2017/10/04,220,226,217,220,5200,220,1
2017/10/05,228,228,224,224,1800,224,1
2017/10/06,232,244,224,230,3100,230,1
2017/10/10,230,230,230,230,300,230,1
2017/10/11,237,237,225,225,3700,225,1
2017/10/12,221,229,221,229,200,229,1
2017/10/13,233,233,227,227,500,227,1
2017/10/16,221,221,221,221,200,221,1
2017/10/17,229,232,229,231,500,231,1
2017/10/18,233,235,233,233,3300,233,1
2017/10/20,234,234,230,230,300,230,1
2017/10/23,222,225,222,225,1100,225,1
2017/10/24,240,240,239,240,1300,240,1
2017/10/25,248,248,230,233,4200,233,1
2017/10/27,240,240,224,226,2600,226,1
2017/10/30,235,235,228,228,300,228,1
2017/10/31,233,233,233,233,1100,233,1
2017/11/02,235,235,234,234,700,234,1
2017/11/06,245,245,237,237,1000,237,1
2017/11/08,244,244,237,237,300,237,1
2017/11/09,242,242,242,242,100,242,1
2017/11/13,232,235,232,235,600,235,1
2017/11/14,231,231,231,231,100,231,1
2017/11/15,240,240,230,230,1000,230,1
2017/11/16,229,229,229,229,100,229,1
2017/11/17,237,237,237,237,200,237,1
2017/11/20,231,231,231,231,100,231,1
2017/11/21,237,237,237,237,200,237,1
2017/11/22,237,237,233,233,1300,233,1
2017/11/24,239,239,239,239,600,239,1
2017/11/27,247,247,247,247,600,247,1
2017/11/28,246,246,246,246,100,246,1
2017/11/29,238,245,238,245,500,245,1
2017/11/30,245,249,245,249,600,249,1
2017/12/01,248,249,241,241,3600,241,1
2017/12/04,242,245,242,245,200,245,1
2017/12/05,245,245,242,242,700,242,1
2017/12/06,245,245,237,237,500,237,1
2017/12/07,238,239,236,236,3200,236,1
2017/12/08,236,236,236,236,1700,236,1
2017/12/12,237,238,236,238,2600,238,1
2017/12/14,234,243,234,243,2500,243,1
2017/12/15,239,244,239,244,400,244,1
2017/12/18,244,249,243,249,3600,249,1
2017/12/19,249,252,249,252,4300,252,1
2017/12/20,255,255,250,255,2900,255,1
2017/12/21,255,263,254,263,3500,263,1
2017/12/22,260,260,254,260,1000,260,1
2017/12/25,260,260,260,260,100,260,1
2017/12/26,255,260,250,260,1700,260,1
2017/12/27,242,250,242,250,200,250,1
2017/12/28,247,255,247,255,300,255,1
2017/12/29,255,255,255,255,1100,255,1
2018/01/04,256,256,250,250,300,250,1
2018/01/05,254,255,250,254,6100,254,1
2018/01/09,254,254,254,254,600,254,1
2018/01/10,248,248,248,248,900,248,1
2018/01/11,253,253,253,253,100,253,1
2018/01/12,254,254,249,249,1200,249,1
2018/01/16,250,250,250,250,200,250,1
2018/01/17,250,250,248,248,800,248,1
2018/01/18,247,247,247,247,200,247,1
2018/01/22,240,245,240,245,400,245,1
2018/01/23,248,250,248,250,2500,250,1
2018/01/24,250,260,250,260,2800,260,1
2018/01/25,255,255,244,250,3100,250,1
2018/01/26,250,250,250,250,500,250,1
2018/01/29,245,330,245,330,94500,330,1
2018/01/30,354,406,292,294,116000,294,1
2018/01/31,292,292,253,264,63800,264,1
2018/02/01,272,272,252,265,39000,265,1
2018/02/02,259,260,245,250,28500,250,1
2018/02/05,251,251,237,238,26200,238,1
2018/02/06,230,230,213,222,22700,222,1
2018/02/07,224,238,224,235,10100,235,1
2018/02/08,233,235,231,235,400,235,1
2018/02/09,229,233,226,233,2600,233,1
2018/02/13,234,234,226,234,2200,234,1
2018/02/14,230,233,224,233,2300,233,1
2018/02/15,233,236,228,236,3900,236,1
2018/02/16,232,236,231,236,700,236,1
2018/02/19,236,242,235,238,3600,238,1
2018/02/20,242,242,239,241,1800,241,1
2018/02/21,238,250,235,249,6200,249,1
2018/02/22,247,249,243,249,600,249,1
2018/02/23,248,250,242,247,2700,247,1
2018/02/26,245,248,245,248,200,248,1
2018/02/27,250,250,242,243,700,243,1
2018/02/28,242,250,242,250,700,250,1
2018/03/01,244,249,244,249,300,249,1
2018/03/02,241,247,239,247,1900,247,1
2018/03/05,246,267,240,240,12600,240,1
2018/03/06,246,278,242,242,16000,242,1
2018/03/07,246,259,244,244,2000,244,1
2018/03/08,246,251,243,247,5600,247,1
2018/03/09,247,247,243,243,5100,243,1
2018/03/12,244,246,242,244,1800,244,1
2018/03/13,244,247,244,247,1600,247,1
2018/03/14,247,249,243,243,2300,243,1
2018/03/15,241,241,226,237,3600,237,1
2018/03/16,240,242,238,242,900,242,1
2018/03/19,250,266,240,240,9800,240,1
2018/03/20,233,240,233,240,2800,240,1
2018/03/22,240,241,236,241,900,241,1
2018/03/23,232,237,226,233,4600,233,1
2018/03/26,232,235,224,235,1500,235,1
2018/03/27,227,232,227,228,3700,228,1
2018/03/28,228,228,215,219,3800,219,1
2018/03/29,221,230,220,230,1100,230,1
2018/03/30,230,230,228,230,1100,230,1
2018/04/02,226,231,225,228,1700,228,1
2018/04/03,225,227,225,227,500,227,1
2018/04/04,227,227,227,227,800,227,1
2018/04/05,231,231,226,227,500,227,1
2018/04/06,231,231,227,227,1300,227,1
2018/04/09,225,226,225,226,500,226,1
2018/04/10,229,229,228,228,900,228,1
2018/04/11,231,231,229,229,300,229,1
2018/04/12,229,235,227,233,1100,233,1
2018/04/13,235,235,231,231,900,231,1
2018/04/16,226,227,226,227,800,227,1
2018/04/17,227,227,225,225,2500,225,1
2018/04/18,225,229,223,228,1500,228,1
2018/04/19,227,227,227,227,100,227,1
2018/04/20,223,230,223,225,600,225,1
2018/04/24,225,225,223,223,600,223,1
2018/04/25,228,228,224,224,300,224,1
2018/04/26,229,229,225,225,400,225,1
2018/04/27,226,226,226,226,200,226,1
2018/05/01,226,227,224,227,300,227,1
2018/05/02,229,229,229,229,600,229,1
2018/05/07,230,235,230,231,1700,231,1
2018/05/08,233,233,233,233,100,233,1
2018/05/09,233,233,232,232,300,232,1
2018/05/10,232,232,232,232,100,232,1
2018/05/11,234,237,228,229,1000,229,1
2018/05/15,229,229,225,228,700,228,1
2018/05/16,228,228,228,228,500,228,1
2018/05/17,225,236,225,235,1600,235,1
2018/05/18,235,238,227,229,1800,229,1
2018/05/21,228,230,225,227,1000,227,1
2018/05/22,225,231,225,231,500,231,1
2018/05/23,230,230,226,226,1100,226,1
2018/05/24,227,237,227,237,1300,237,1
2018/05/25,237,237,229,235,1000,235,1
2018/05/29,235,239,235,239,600,239,1
2018/05/30,237,237,235,235,400,235,1
2018/05/31,231,231,231,231,100,231,1
2018/06/01,238,238,238,238,100,238,1
2018/06/04,232,238,232,238,200,238,1
2018/06/05,239,239,238,239,1300,239,1
2018/06/06,240,263,240,263,3100,263,1
2018/06/07,261,262,245,245,1600,245,1
2018/06/08,246,254,246,254,500,254,1
2018/06/12,254,254,250,250,500,250,1
2018/06/13,248,252,242,252,1000,252,1
2018/06/14,244,244,243,243,400,243,1
2018/06/15,242,243,239,240,1900,240,1
2018/06/18,240,240,237,237,700,237,1
2018/06/19,231,239,230,239,1400,239,1
2018/06/20,239,239,239,239,200,239,1
2018/06/21,239,239,231,231,1900,231,1
2018/06/22,235,235,230,230,800,230,1
2018/06/25,236,236,236,236,200,236,1
2018/06/26,232,235,230,230,2300,230,1
2018/06/27,230,230,220,228,900,228,1
2018/06/28,224,228,224,228,300,228,1
2018/06/29,228,228,228,228,100,228,1
2018/07/02,225,225,210,220,2800,220,1
2018/07/03,215,218,180,191,31300,191,1
2018/07/04,191,193,184,191,8100,191,1
2018/07/05,191,195,187,195,4400,195,1
2018/07/06,195,205,191,203,6200,203,1
2018/07/09,197,200,196,200,400,200,1
2018/07/10,200,207,200,207,2500,207,1
2018/07/11,199,206,199,206,1500,206,1
2018/07/12,198,208,198,204,1700,204,1
2018/07/13,204,209,204,209,400,209,1
2018/07/17,213,213,210,210,800,210,1
2018/07/18,205,211,205,205,1300,205,1
2018/07/19,209,209,209,209,200,209,1
2018/07/20,201,202,200,200,3100,200,1
2018/07/23,200,205,200,205,200,205,1
2018/07/24,205,216,205,213,1100,213,1
2018/07/25,207,209,206,209,1300,209,1
2018/07/26,208,209,208,209,700,209,1
2018/07/27,210,210,210,210,300,210,1
2018/07/30,210,210,208,210,900,210,1
2018/07/31,212,224,212,224,2200,224,1
2018/08/01,222,230,212,218,1900,218,1
2018/08/03,219,219,219,219,200,219,1
2018/08/06,227,227,217,217,1800,217,1
2018/08/07,215,223,201,205,2200,205,1
2018/08/08,213,213,213,213,300,213,1
2018/08/10,208,210,208,210,300,210,1
2018/08/13,202,202,197,197,500,197,1
