2014/09/24,657.5,687.25,532.5,532.5,1465600,532.5,4.0
2014/09/25,545.0,547.25,477.75,484.5,365100,484.5,4.0
2014/09/26,477.75,510.5,477.5,485.5,77700,485.5,4.0
2014/09/29,499.75,499.75,476.25,477.75,48300,477.75,4.0
2014/09/30,457.75,462.5,424.5,424.5,81500,424.5,4.0
2014/10/01,417.5,448.75,405.0,408.25,59500,408.25,4.0
2014/10/02,388.25,410.75,385.0,404.0,23000,404,4.0
2014/10/03,414.0,418.5,400.5,418.5,17700,418.5,4.0
2014/10/06,428.5,458.0,420.25,450.75,58500,450.75,4.0
2014/10/07,450.75,498.75,440.5,484.5,120800,484.5,4.0
2014/10/08,469.5,479.25,450.5,463.0,49800,463,4.0
2014/10/09,473.0,520.0,460.0,480.5,216600,480.5,4.0
2014/10/10,470.5,470.5,422.5,445.0,63600,445,4.0
2014/10/14,415.0,422.25,406.25,406.25,34500,406.25,4.0
2014/10/15,402.5,413.75,371.25,379.75,49300,379.75,4.0
2014/10/16,354.75,366.0,350.25,351.25,37000,351.25,4.0
2014/10/17,355.25,363.5,343.75,345.25,15100,345.25,4.0
2014/10/20,355.5,366.25,350.0,355.25,20200,355.25,4.0
2014/10/21,362.75,365.0,351.0,353.75,13000,353.75,4.0
2014/10/22,361.0,400.0,351.5,390.75,46400,390.75,4.0
2014/10/23,380.75,387.5,373.75,378.5,9500,378.5,4.0
2014/10/24,381.75,383.25,374.5,374.75,6900,374.75,4.0
2014/10/27,376.0,376.0,354.75,357.5,9100,357.5,4.0
2014/10/28,353.0,360.75,353.0,360.25,5100,360.25,4.0
2014/10/29,367.75,367.75,355.75,362.25,2400,362.25,4.0
2014/10/30,369.75,397.5,363.75,387.25,23700,387.25,4.0
2014/10/31,395.0,397.25,357.5,357.75,16100,357.75,4.0
2014/11/04,375.0,385.0,340.25,342.5,32400,342.5,4.0
2014/11/05,342.0,350.0,342.0,347.0,7200,347,4.0
2014/11/06,362.0,369.25,350.0,353.25,19800,353.25,4.0
2014/11/07,345.75,350.0,335.25,350.0,14900,350,4.0
2014/11/10,357.25,357.25,345.75,356.0,4900,356,4.0
2014/11/11,362.5,381.25,356.25,381.25,38000,381.25,4.0
2014/11/12,397.5,409.75,371.25,395.25,49700,395.25,4.0
2014/11/13,409.25,444.5,401.25,440.0,83600,440,4.0
2014/11/14,445.0,455.0,412.75,412.75,40200,412.75,4.0
2014/11/17,391.25,391.25,355.0,361.75,34200,361.75,4.0
2014/11/18,361.75,372.25,361.75,368.25,9700,368.25,4.0
2014/11/19,374.75,382.0,363.0,373.75,14600,373.75,4.0
2014/11/20,375.0,375.25,360.0,360.0,7300,360,4.0
2014/11/21,371.25,371.25,361.25,365.5,2200,365.5,4.0
2014/11/25,370.5,371.25,360.0,362.75,4200,362.75,4.0
2014/11/26,362.75,362.75,358.0,358.5,6000,358.5,4.0
2014/11/27,357.75,359.5,355.75,355.75,2900,355.75,4.0
2014/11/28,355.0,367.5,353.75,360.0,6200,360,4.0
2014/12/01,367.5,367.5,360.75,363.25,3100,363.25,4.0
2014/12/02,362.75,363.0,348.0,350.75,10600,350.75,4.0
2014/12/03,343.75,353.75,325.0,325.25,32700,325.25,4.0
2014/12/04,327.5,330.25,325.0,326.75,14200,326.75,4.0
2014/12/05,327.5,335.5,326.75,332.75,3500,332.75,4.0
2014/12/08,330.25,331.5,322.5,324.5,15100,324.5,4.0
2014/12/09,324.5,325.0,319.0,319.25,7400,319.25,4.0
2014/12/10,312.5,314.0,301.25,306.25,12900,306.25,4.0
2014/12/11,301.5,315.0,301.5,315.0,5200,315,4.0
2014/12/12,315.0,318.75,310.25,315.0,3600,315,4.0
2014/12/15,307.5,318.75,305.0,310.5,5900,310.5,4.0
2014/12/16,318.0,318.0,304.0,305.5,3100,305.5,4.0
2014/12/17,305.0,320.0,305.0,311.25,2200,311.25,4.0
2014/12/18,311.25,314.75,305.25,306.0,8200,306,4.0
2014/12/19,310.0,310.0,305.75,308.0,2400,308,4.0
2014/12/22,312.0,333.5,310.0,331.25,25700,331.25,4.0
2014/12/24,334.0,349.75,318.75,323.5,25100,323.5,4.0
2014/12/25,320.25,325.0,320.0,322.25,12500,322.25,4.0
2014/12/26,315.75,321.75,315.5,321.25,1700,321.25,4.0
2014/12/29,323.75,342.25,323.75,335.75,9900,335.75,4.0
2014/12/30,321.5,326.25,317.5,322.0,14700,322,4.0
2015/01/05,322.0,332.0,322.0,330.0,7600,330,4.0
2015/01/06,327.5,342.0,327.0,336.5,9200,336.5,4.0
2015/01/07,341.5,343.75,332.5,343.0,7800,343,4.0
2015/01/08,343.5,363.5,343.5,363.0,15400,363,4.0
2015/01/09,370.5,391.25,370.5,391.25,54000,391.25,4.0
2015/01/13,390.5,391.5,378.0,386.25,19100,386.25,4.0
2015/01/14,378.5,391.75,377.25,381.25,10600,381.25,4.0
2015/01/15,380.25,382.5,365.0,377.5,18400,377.5,4.0
2015/01/16,376.25,397.25,375.75,397.0,10800,397,4.0
2015/01/19,399.75,400.0,390.0,395.0,12600,395,4.0
2015/01/20,395.5,403.0,395.25,402.25,13500,402.25,4.0
2015/01/21,400.0,419.5,399.5,412.25,43800,412.25,4.0
2015/01/22,426.75,428.0,418.0,422.75,24900,422.75,4.0
2015/01/23,417.5,424.5,412.5,421.75,9000,421.75,4.0
2015/01/26,413.0,421.25,413.0,417.0,10200,417,4.0
2015/01/27,420.0,427.5,417.75,424.75,23200,424.75,4.0
2015/01/28,424.5,434.5,420.0,434.5,21800,434.5,4.0
2015/01/29,435.0,438.0,427.75,433.75,12300,433.75,4.0
2015/01/30,423.75,426.75,417.5,423.25,11600,423.25,4.0
2015/02/02,415.0,415.25,383.75,415.25,21900,415.25,4.0
2015/02/03,413.5,413.5,390.25,405.5,2600,405.5,4.0
2015/02/04,395.5,422.5,394.5,405.25,9500,405.25,4.0
2015/02/05,412.0,412.0,397.5,403.0,3000,403,4.0
2015/02/06,400.0,407.5,400.0,406.5,8700,406.5,4.0
2015/02/09,406.0,407.5,398.5,407.5,6900,407.5,4.0
2015/02/10,408.5,412.5,394.25,412.5,15600,412.5,4.0
2015/02/12,403.75,405.0,391.5,404.25,6300,404.25,4.0
2015/02/13,397.5,407.5,397.5,406.25,14800,406.25,4.0
2015/02/16,406.25,419.5,397.5,419.5,13500,419.5,4.0
2015/02/17,419.5,452.5,418.75,444.25,41700,444.25,4.0
2015/02/18,452.75,462.5,450.75,455.5,53300,455.5,4.0
2015/02/19,458.5,459.5,452.25,454.25,10800,454.25,4.0
2015/02/20,454.75,459.25,453.5,454.5,16000,454.5,4.0
2015/02/23,454.5,492.25,454.25,492.0,65600,492,4.0
2015/02/24,482.25,492.0,479.5,490.75,24700,490.75,4.0
2015/02/25,491.5,502.5,485.0,498.5,29100,498.5,4.0
2015/02/26,490.5,500.0,472.75,496.25,32000,496.25,4.0
2015/02/27,495.75,495.75,489.5,493.0,14000,493,4.0
2015/03/02,490.0,495.0,482.5,493.0,19700,493,4.0
2015/03/03,492.5,493.75,478.25,486.25,21700,486.25,4.0
2015/03/04,482.5,487.25,451.75,487.25,8800,487.25,4.0
2015/03/05,477.5,492.0,475.0,491.25,11600,491.25,4.0
2015/03/06,489.75,489.75,477.5,486.75,13100,486.75,4.0
2015/03/09,477.0,486.0,475.0,485.25,17800,485.25,4.0
2015/03/10,475.25,483.25,475.25,478.75,9900,478.75,4.0
2015/03/11,477.5,493.75,477.0,493.5,21900,493.5,4.0
2015/03/12,492.5,512.25,482.5,505.0,29700,505,4.0
2015/03/13,505.0,505.0,496.25,499.75,5800,499.75,4.0
2015/03/16,500.0,503.75,490.0,498.5,16300,498.5,4.0
2015/03/17,500.25,500.75,480.0,492.5,26300,492.5,4.0
2015/03/18,487.5,490.0,479.75,486.5,14200,486.5,4.0
2015/03/19,477.75,487.5,476.25,486.5,7200,486.5,4.0
2015/03/20,487.5,488.25,477.25,488.25,7000,488.25,4.0
2015/03/23,487.5,487.5,475.5,485.5,9200,485.5,4.0
2015/03/24,477.0,500.0,471.75,500.0,25000,500,4.0
2015/03/25,502.75,502.75,489.25,500.0,5000,500,4.0
2015/03/26,491.75,495.0,487.5,493.75,6700,493.75,4.0
2015/03/27,482.75,499.75,481.25,499.75,7000,499.75,4.0
2015/03/30,495.0,499.75,489.0,497.5,11000,497.5,4.0
2015/03/31,497.5,498.0,487.75,493.0,8500,493,4.0
2015/04/01,491.75,497.5,490.0,494.0,2600,494,4.0
2015/04/02,497.75,525.0,493.25,512.5,17400,512.5,4.0
2015/04/03,514.0,514.0,497.5,509.75,3500,509.75,4.0
2015/04/06,505.5,510.75,505.5,510.0,3100,510,4.0
2015/04/07,511.25,530.25,507.5,525.0,25300,525,4.0
2015/04/08,536.25,537.0,525.0,531.0,10800,531,4.0
2015/04/09,531.0,568.5,520.25,568.5,31300,568.5,4.0
2015/04/10,568.75,573.5,555.0,572.5,11400,572.5,4.0
2015/04/13,560.0,584.75,555.25,583.75,22800,583.75,4.0
2015/04/14,570.25,587.5,563.5,583.75,16900,583.75,4.0
2015/04/15,575.25,588.75,570.0,583.75,15700,583.75,4.0
2015/04/16,582.5,590.0,573.0,578.25,8100,578.25,4.0
2015/04/17,587.0,587.0,573.0,578.0,3500,578,4.0
2015/04/20,572.5,582.5,537.5,582.0,22200,582,4.0
2015/04/21,567.5,589.0,555.5,589.0,9200,589,4.0
2015/04/22,589.0,612.5,586.0,602.0,16500,602,4.0
2015/04/23,602.0,611.25,591.5,600.75,8700,600.75,4.0
2015/04/24,606.75,607.5,570.5,606.75,22900,606.75,4.0
2015/04/27,600.0,617.0,581.5,610.25,19900,610.25,4.0
2015/04/28,592.75,607.25,582.5,598.5,11200,598.5,4.0
2015/04/30,588.75,597.5,570.0,592.5,7000,592.5,4.0
2015/05/01,580.25,598.5,570.0,597.5,11200,597.5,4.0
2015/05/07,597.5,655.0,587.5,636.5,13700,636.5,4.0
2015/05/08,637.0,650.0,617.25,625.0,20200,625,4.0
2015/05/11,618.75,621.5,602.5,614.0,7700,614,4.0
2015/05/12,618.0,620.0,608.25,608.25,1400,608.25,4.0
2015/05/13,600.0,625.0,597.0,615.25,4900,615.25,4.0
2015/05/14,602.75,613.75,600.0,601.5,6100,601.5,4.0
2015/05/15,576.5,622.25,575.5,620.5,8500,620.5,4.0
2015/05/18,624.25,624.25,597.5,618.75,2500,618.75,4.0
2015/05/19,618.5,618.5,600.0,610.0,3700,610,4.0
2015/05/20,610.0,610.0,587.5,600.0,9500,600,4.0
2015/05/21,607.5,607.5,584.25,587.75,2700,587.75,4.0
2015/05/22,598.75,598.75,583.0,597.5,2300,597.5,4.0
2015/05/25,598.5,620.0,593.25,618.5,7400,618.5,4.0
2015/05/26,599.75,618.0,587.75,618.0,3400,618,4.0
2015/05/27,618.0,618.0,590.0,617.0,14600,617,4.0
2015/05/28,616.5,616.75,584.75,614.25,21300,614.25,4.0
2015/05/29,614.25,614.25,591.25,606.0,20900,606,4.0
2015/06/01,606.25,617.0,596.25,612.5,19300,612.5,4.0
2015/06/02,611.25,640.0,609.25,625.0,17800,625,4.0
2015/06/03,620.0,632.25,617.25,617.5,1800,617.5,4.0
2015/06/04,617.5,629.75,617.5,624.75,5400,624.75,4.0
2015/06/05,618.75,625.0,618.75,625.0,2500,625,4.0
2015/06/08,630.0,631.25,625.0,630.0,1800,630,4.0
2015/06/09,635.0,635.0,622.75,625.25,1300,625.25,4.0
2015/06/10,625.0,626.25,620.25,625.0,1500,625,4.0
2015/06/11,625.0,626.0,620.0,620.0,3200,620,4.0
2015/06/12,625.0,641.25,617.75,641.25,4100,641.25,4.0
2015/06/15,650.0,652.5,637.75,645.0,9800,645,4.0
2015/06/16,652.5,657.5,590.0,630.0,24000,630,4.0
2015/06/17,742.25,755.0,652.75,676.25,392500,676.25,4.0
2015/06/18,688.75,689.75,650.25,670.0,64000,670,4.0
2015/06/19,670.5,670.75,639.0,650.75,37500,650.75,4.0
2015/06/22,668.5,668.5,620.0,630.0,39200,630,4.0
2015/06/23,630.0,636.0,622.25,636.0,13500,636,4.0
2015/06/24,625.0,632.5,615.0,631.25,20500,631.25,4.0
2015/06/25,623.5,635.0,623.5,627.0,7800,627,4.0
2015/06/26,625.0,631.25,622.5,630.0,8100,630,4.0
2015/06/29,619.5,636.75,614.0,636.25,8500,636.25,4.0
2015/06/30,627.5,662.0,626.25,640.0,9700,640,4.0
2015/07/01,649.75,657.5,643.75,655.25,3300,655.25,4.0
2015/07/02,660.0,662.5,650.0,655.5,8600,655.5,4.0
2015/07/03,647.5,647.75,633.25,633.25,6700,633.25,4.0
2015/07/06,620.75,627.5,617.75,621.75,6500,621.75,4.0
2015/07/07,623.75,650.0,623.75,649.5,9800,649.5,4.0
2015/07/08,647.5,660.75,615.0,635.0,20400,635,4.0
2015/07/09,617.75,661.25,577.75,642.5,16200,642.5,4.0
2015/07/10,642.5,642.5,619.5,625.25,6200,625.25,4.0
2015/07/13,625.5,638.75,625.5,629.75,2500,629.75,4.0
2015/07/14,627.0,634.25,626.5,634.25,1100,634.25,4.0
2015/07/15,630.0,631.25,622.25,631.25,5600,631.25,4.0
2015/07/16,626.5,637.5,621.25,637.5,6600,637.5,4.0
2015/07/17,643.5,660.75,641.25,650.0,17500,650,4.0
2015/07/21,655.0,655.0,642.5,649.0,4300,649,4.0
2015/07/22,640.0,641.25,630.0,637.0,7400,637,4.0
2015/07/23,631.0,644.75,631.0,631.5,10200,631.5,4.0
2015/07/24,627.5,630.0,620.25,625.25,9600,625.25,4.0
2015/07/27,625.25,632.5,624.5,632.5,4700,632.5,4.0
2015/07/28,623.5,623.75,621.0,623.5,2800,623.5,4.0
2015/07/29,623.75,633.75,618.5,627.0,5200,627,4.0
2015/07/30,637.5,638.5,607.75,622.25,8500,622.25,4.0
2015/07/31,625.0,627.5,577.5,625.25,22100,625.25,4.0
2015/08/03,625.25,625.25,618.5,625.0,3300,625,4.0
2015/08/04,625.0,625.0,606.25,624.5,4000,624.5,4.0
2015/08/05,612.0,614.5,608.25,614.5,3400,614.5,4.0
2015/08/06,614.5,619.25,604.0,607.75,3600,607.75,4.0
2015/08/07,608.75,649.75,608.75,616.0,23900,616,4.0
2015/08/10,622.75,623.0,600.0,617.5,10900,617.5,4.0
2015/08/11,611.75,625.0,603.25,625.0,6600,625,4.0
2015/08/12,615.0,628.75,600.0,627.75,6600,627.75,4.0
2015/08/13,632.25,632.25,614.0,622.75,3200,622.75,4.0
2015/08/14,631.25,631.25,617.0,625.0,38900,625,4.0
2015/08/17,631.25,645.25,626.5,644.75,11600,644.75,4.0
2015/08/18,650.0,650.0,635.0,640.0,6500,640,4.0
2015/08/19,642.5,642.5,627.5,640.0,15400,640,4.0
2015/08/20,637.5,637.5,621.25,629.25,3400,629.25,4.0
2015/08/21,607.75,642.5,598.0,642.25,14000,642.25,4.0
2015/08/24,605.25,632.5,592.75,630.0,15900,630,4.0
2015/08/25,555.0,587.5,505.0,505.0,32400,505,4.0
2015/08/26,475.25,499.5,442.5,482.5,75900,482.5,4.0
2015/08/27,492.25,492.25,444.5,444.5,37900,444.5,4.0
2015/08/28,446.25,477.75,440.5,460.25,41700,460.25,4.0
2015/08/31,467.5,477.5,463.75,463.75,19800,463.75,4.0
2015/09/01,455.75,459.75,437.5,437.5,17300,437.5,4.0
2015/09/02,417.5,455.0,417.5,444.25,20200,444.25,4.0
2015/09/03,438.5,455.0,409.5,417.5,30100,417.5,4.0
2015/09/04,420.0,420.0,370.25,394.5,23300,394.5,4.0
2015/09/07,370.0,384.5,370.0,382.5,15800,382.5,4.0
2015/09/08,394.0,400.0,377.5,383.5,10200,383.5,4.0
2015/09/09,419.75,422.5,389.0,407.5,7800,407.5,4.0
2015/09/10,382.5,397.5,382.5,392.75,4400,392.75,4.0
2015/09/11,385.25,407.5,385.25,399.0,16800,399,4.0
2015/09/14,396.25,399.75,382.75,384.0,5500,384,4.0
2015/09/15,376.75,400.0,376.75,388.25,5500,388.25,4.0
2015/09/16,398.25,398.25,384.25,385.25,4000,385.25,4.0
2015/09/17,383.0,390.0,383.0,388.5,3300,388.5,4.0
2015/09/18,381.25,387.5,381.25,382.5,7500,382.5,4.0
2015/09/24,381.75,386.25,376.5,385.0,7900,385,4.0
2015/09/25,375.0,380.25,371.5,380.25,6800,380.25,4.0
2015/09/28,380.25,380.5,380.25,380.5,200,380.5,4.0
2015/09/29,375.25,377.25,346.0,359.0,10200,359,4.0
2015/09/30,358.25,367.75,358.25,360.5,1500,360.5,4.0
2015/10/01,366.0,366.0,361.75,364.75,600,364.75,4.0
2015/10/02,357.25,362.5,355.25,359.75,7400,359.75,4.0
2015/10/05,365.0,374.25,362.75,366.5,2700,366.5,4.0
2015/10/06,374.0,388.75,371.25,384.0,7400,384,4.0
2015/10/07,374.0,375.0,370.0,375.0,4400,375,4.0
2015/10/08,370.5,376.25,370.5,376.25,7000,376.25,4.0
2015/10/09,368.75,392.25,367.75,391.5,5400,391.5,4.0
2015/10/13,385.0,391.75,372.5,375.0,5800,375,4.0
2015/10/14,373.5,376.25,372.5,372.5,3500,372.5,4.0
2015/10/15,370.25,377.25,370.0,373.75,6200,373.75,4.0
2015/10/16,370.25,375.25,346.25,372.5,11500,372.5,4.0
2015/10/19,365.25,369.0,362.5,362.5,3500,362.5,4.0
2015/10/20,362.5,376.0,362.5,376.0,1900,376,4.0
2015/10/21,366.0,366.5,360.0,360.0,4300,360,4.0
2015/10/22,360.0,367.75,360.0,362.25,800,362.25,4.0
2015/10/23,369.75,371.75,369.5,371.75,700,371.75,4.0
2015/10/26,386.25,428.75,386.0,424.75,17100,424.75,4.0
2015/10/27,437.5,450.0,425.0,425.0,17400,425,4.0
2015/10/28,425.0,435.0,417.75,417.75,4700,417.75,4.0
2015/10/29,417.75,426.25,417.5,426.25,3300,426.25,4.0
2015/10/30,427.75,446.0,427.75,445.25,5300,445.25,4.0
2015/11/02,446.75,453.75,442.75,452.25,5800,452.25,4.0
2015/11/04,442.5,450.25,442.5,443.25,7500,443.25,4.0
2015/11/05,443.25,443.25,415.75,420.5,11200,420.5,4.0
2015/11/06,417.5,450.0,417.5,450.0,4900,450,4.0
2015/11/09,446.5,450.0,446.25,446.25,1500,446.25,4.0
2015/11/10,452.5,468.5,446.25,468.5,5500,468.5,4.0
2015/11/11,475.0,493.75,455.0,492.0,10900,492,4.0
2015/11/12,498.75,498.75,482.5,486.5,3900,486.5,4.0
2015/11/13,482.75,500.0,482.5,498.75,5600,498.75,4.0
2015/11/16,498.75,498.75,471.5,476.0,4300,476,4.0
2015/11/17,475.0,484.75,461.25,464.0,2300,464,4.0
2015/11/18,479.5,481.5,475.0,481.5,400,481.5,4.0
2015/11/19,475.0,475.0,468.75,473.75,1000,473.75,4.0
2015/11/20,469.0,477.5,462.75,477.5,4900,477.5,4.0
2015/11/24,490.25,490.25,477.5,477.75,800,477.75,4.0
2015/11/25,487.0,487.0,475.75,475.75,400,475.75,4.0
2015/11/26,477.5,481.25,475.5,475.5,2000,475.5,4.0
2015/11/27,475.0,478.75,462.5,472.25,2500,472.25,4.0
2015/11/30,452.25,462.0,445.0,446.0,7100,446,4.0
2015/12/01,446.0,462.5,446.0,454.25,2800,454.25,4.0
2015/12/02,444.25,451.5,443.0,443.0,2500,443,4.0
2015/12/03,435.0,440.0,435.0,440.0,700,440,4.0
2015/12/04,445.0,445.25,445.0,445.25,6700,445.25,4.0
2015/12/07,442.5,455.75,442.5,454.5,1900,454.5,4.0
2015/12/08,455.0,455.0,451.0,454.25,2100,454.25,4.0
2015/12/09,449.0,452.5,447.25,447.25,3600,447.25,4.0
2015/12/10,450.0,450.0,444.0,449.5,2100,449.5,4.0
2015/12/11,449.5,449.75,442.25,449.5,4100,449.5,4.0
2015/12/14,444.5,444.5,431.5,433.0,3100,433,4.0
2015/12/15,447.5,447.5,422.5,432.0,7100,432,4.0
2015/12/16,429.5,441.0,416.75,425.0,29100,425,4.0
2015/12/17,416.5,426.25,404.0,406.5,4400,406.5,4.0
2015/12/18,400.25,407.5,398.0,407.5,6600,407.5,4.0
2015/12/21,417.25,417.25,395.0,400.0,1000,400,4.0
2015/12/22,393.0,400.0,393.0,393.75,2100,393.75,4.0
2015/12/24,394.0,394.75,375.5,394.75,1700,394.75,4.0
2015/12/25,389.25,394.25,386.25,386.25,1200,386.25,4.0
2015/12/28,396.25,396.25,396.25,396.25,100,396.25,4.0
2015/12/29,400.0,401.75,398.75,401.75,2100,401.75,4.0
2015/12/30,395.0,414.75,395.0,414.75,3000,414.75,4.0
2016/01/04,404.75,411.0,400.0,402.5,4800,402.5,4.0
2016/01/05,400.0,401.25,394.75,398.5,3200,398.5,4.0
2016/01/06,397.5,397.5,397.5,397.5,10100,397.5,4.0
2016/01/07,397.5,397.5,369.75,385.0,4300,385,4.0
2016/01/08,375.0,377.5,368.75,375.0,1500,375,4.0
2016/01/12,375.0,380.0,364.75,375.0,7600,375,4.0
2016/01/13,363.0,364.25,362.5,362.5,2900,362.5,4.0
2016/01/14,360.0,360.0,343.75,353.25,4600,353.25,4.0
2016/01/15,353.75,354.25,353.25,353.25,2400,353.25,4.0
2016/01/18,345.75,345.75,335.0,335.0,36200,335,4.0
2016/01/19,320.0,351.5,320.0,351.5,4200,351.5,4.0
2016/01/20,361.25,361.25,343.75,350.0,3500,350,4.0
2016/01/21,350.0,357.5,347.5,357.25,3200,357.25,4.0
2016/01/22,357.25,370.0,351.25,370.0,8100,370,4.0
2016/01/25,363.75,370.0,361.25,366.0,2900,366,4.0
2016/01/26,354.25,354.25,350.0,352.5,5000,352.5,4.0
2016/01/27,355.0,362.5,355.0,362.25,400,362.25,4.0
2016/01/28,369.75,392.5,369.75,376.75,3400,376.75,4.0
2016/01/29,376.75,384.5,376.75,383.75,1400,383.75,4.0
2016/02/01,391.25,404.5,391.25,396.75,1500,396.75,4.0
2016/02/02,397.5,399.25,397.5,398.75,2100,398.75,4.0
2016/02/03,400.0,400.0,390.25,394.5,800,394.5,4.0
2016/02/04,402.5,405.25,402.25,405.25,1900,405.25,4.0
2016/02/05,394.0,405.25,394.0,405.25,2300,405.25,4.0
2016/02/08,402.5,407.0,402.0,402.5,5300,402.5,4.0
2016/02/09,382.5,422.75,380.0,422.75,8600,422.75,4.0
2016/02/10,413.5,413.5,393.5,402.5,1500,402.5,4.0
2016/02/12,392.5,407.5,392.5,397.25,8500,397.25,4.0
2016/02/15,400.0,404.0,400.0,404.0,700,404,4.0
2016/02/16,412.25,412.5,406.25,412.5,2100,412.5,4.0
2016/02/17,416.25,417.5,407.75,407.75,2600,407.75,4.0
2016/02/18,406.5,423.75,406.5,423.75,2800,423.75,4.0
2016/02/19,414.0,425.25,414.0,424.5,7000,424.5,4.0
2016/02/22,425.0,447.25,423.75,442.0,5500,442,4.0
2016/02/23,443.0,443.0,426.25,432.0,1600,432,4.0
2016/02/24,422.0,431.5,422.0,427.5,2800,427.5,4.0
2016/02/25,441.25,441.25,440.0,440.0,800,440,4.0
2016/02/26,438.75,438.75,420.0,437.5,6300,437.5,4.0
2016/02/29,426.25,428.75,426.0,428.75,700,428.75,4.0
2016/03/01,428.75,438.25,428.25,428.25,900,428.25,4.0
2016/03/02,428.25,450.0,428.25,448.75,2000,448.75,4.0
2016/03/03,448.75,460.0,446.25,446.25,1700,446.25,4.0
2016/03/04,452.5,452.5,452.5,452.5,100,452.5,4.0
2016/03/07,459.75,461.5,450.0,453.75,1500,453.75,4.0
2016/03/08,457.25,462.5,452.75,455.5,3000,455.5,4.0
2016/03/09,450.25,450.75,447.5,447.5,1200,447.5,4.0
2016/03/10,454.5,456.25,448.0,450.0,800,450,4.0
2016/03/11,453.75,458.5,453.75,458.5,900,458.5,4.0
2016/03/14,456.25,456.25,452.5,452.5,200,452.5,4.0
2016/03/15,452.5,458.75,437.5,457.5,4100,457.5,4.0
2016/03/16,458.0,463.75,458.0,460.75,1800,460.75,4.0
2016/03/17,461.5,461.5,437.0,461.25,7600,461.25,4.0
2016/03/22,461.25,466.25,461.0,465.0,2400,465,4.0
2016/03/23,446.75,471.25,446.75,471.25,4600,471.25,4.0
2016/03/24,472.5,475.0,472.5,472.5,1100,472.5,4.0
2016/03/25,475.0,476.25,475.0,476.0,1700,476,4.0
2016/03/28,482.5,505.0,475.0,502.5,6500,502.5,4.0
2016/03/29,502.5,502.5,487.5,502.5,7400,502.5,4.0
2016/03/30,503.0,503.0,496.75,500.0,4900,500,4.0
2016/03/31,502.5,502.5,498.75,502.5,3700,502.5,4.0
2016/04/01,502.5,537.5,502.25,504.0,11900,504,4.0
2016/04/04,504.75,505.0,474.5,485.0,6200,485,4.0
2016/04/05,495.0,585.0,495.0,585.0,69200,585,4.0
2016/04/06,605.0,605.0,531.25,565.0,60500,565,4.0
2016/04/07,577.5,636.25,577.5,580.0,67200,580,4.0
2016/04/08,575.0,625.0,567.5,622.5,29900,622.5,4.0
2016/04/11,655.0,747.5,625.0,725.0,301500,725,4.0
2016/04/12,767.5,850.0,745.25,850.0,317300,850,4.0
2016/04/13,847.5,1025.0,807.5,1025.0,364600,1025,4.0
2016/04/14,1077.5,1200.0,1057.5,1200.0,583300,1200,4.0
2016/04/15,1217.5,1337.5,1076.25,1242.5,549100,1242.5,4.0
2016/04/18,1285.0,1285.0,1135.0,1175.0,167000,1175,4.0
2016/04/19,1200.0,1212.5,1076.25,1078.75,184300,1078.75,4.0
2016/04/20,1061.25,1112.5,997.5,1035.0,136800,1035,4.0
2016/04/21,1017.5,1087.5,1001.25,1006.25,124600,1006.25,4.0
2016/04/22,1052.5,1057.5,940.0,947.5,93300,947.5,4.0
2016/04/25,957.5,1012.5,952.5,1000.0,64500,1000,4.0
2016/04/26,1108,1109,780,887,504400,887,1
2016/04/27,900,905,802,868,227900,868,1
2016/04/28,843,901,794,827,225500,827,1
2016/05/02,797,977,793,951,535400,951,1
2016/05/06,921,941,888,900,291000,900,1
2016/05/09,914,928,856,878,150400,878,1
2016/05/10,903,970,880,900,272300,900,1
2016/05/11,935,970,922,944,228100,944,1
2016/05/12,967,1093,958,1059,733600,1059,1
2016/05/13,1050,1052,938,995,349200,995,1
2016/05/16,976,976,845,879,314100,879,1
2016/05/17,819,863,808,858,223800,858,1
2016/05/18,1008,1008,851,918,1690200,918,1
2016/05/19,1038,1068,976,1068,691900,1068,1
2016/05/20,1128,1344,1073,1090,3851100,1090,1
2016/05/23,1016,1154,996,1128,817600,1128,1
2016/05/24,1139,1213,1042,1065,536500,1065,1
2016/05/25,1099,1100,1002,1029,291300,1029,1
2016/05/26,1011,1024,941,1011,277600,1011,1
2016/05/27,971,1001,965,969,108800,969,1
2016/05/30,971,995,953,973,75900,973,1
2016/05/31,994,1055,990,1000,159800,1000,1
2016/06/01,985,1046,984,1022,137600,1022,1
2016/06/02,1025,1134,1000,1070,622600,1070,1
2016/06/03,1121,1150,1060,1101,334600,1101,1
2016/06/06,1060,1250,1052,1250,822100,1250,1
2016/06/07,1256,1280,1155,1205,515600,1205,1
2016/06/08,1200,1365,1162,1228,1299000,1228,1
2016/06/09,1215,1310,1185,1202,471600,1202,1
2016/06/10,1190,1230,1130,1135,284400,1135,1
2016/06/13,1111,1435,1097,1435,1794600,1435,1
2016/06/14,1410,1637,1224,1470,4243400,1470,1
2016/06/15,1492,1570,1320,1370,1457000,1370,1
2016/06/16,1380,1468,1181,1263,704700,1263,1
2016/06/17,1300,1314,1146,1180,559000,1180,1
2016/06/20,1170,1274,1134,1181,699400,1181,1
2016/06/21,1160,1218,1146,1155,347200,1155,1
2016/06/22,1183,1189,1039,1056,303000,1056,1
2016/06/23,1071,1091,1006,1048,179600,1048,1
2016/06/24,1070,1083,810,910,349500,910,1
2016/06/27,938,1014,937,985,236500,985,1
2016/06/28,945,1020,920,988,160600,988,1
2016/06/29,980,1028,955,981,267400,981,1
2016/06/30,1008,1128,985,1002,495400,1002,1
2016/07/01,1007,1083,1000,1027,200900,1027,1
2016/07/04,1017,1055,1014,1027,136400,1027,1
2016/07/05,1038,1046,983,996,131400,996,1
2016/07/06,959,980,940,970,114100,970,1
2016/07/07,985,985,905,951,104900,951,1
2016/07/08,945,945,858,890,164800,890,1
2016/07/11,928,972,897,940,76000,940,1
2016/07/12,960,962,912,952,99400,952,1
2016/07/13,962,985,943,963,80700,963,1
2016/07/14,953,1019,952,1013,115000,1013,1
2016/07/15,1001,1016,926,947,125800,947,1
2016/07/19,933,949,880,906,99200,906,1
2016/07/20,888,932,855,876,99100,876,1
2016/07/21,891,917,863,897,75300,897,1
2016/07/22,938,939,881,881,59600,881,1
2016/07/25,850,850,796,818,146700,818,1
2016/07/26,809,827,780,815,84400,815,1
2016/07/27,810,815,797,807,42100,807,1
2016/07/28,792,797,760,762,84900,762,1
2016/07/29,758,812,731,796,89000,796,1
2016/08/01,766,817,750,795,39600,795,1
2016/08/02,780,863,780,837,83200,837,1
2016/08/03,822,826,778,789,82100,789,1
2016/08/04,785,797,763,780,39800,780,1
2016/08/05,767,786,767,772,30000,772,1
2016/08/08,758,772,738,741,53900,741,1
2016/08/09,726,819,719,787,50100,787,1
2016/08/10,800,800,760,781,38200,781,1
2016/08/12,770,806,770,806,30100,806,1
2016/08/15,806,833,795,813,30300,813,1
2016/08/16,821,848,817,832,54800,832,1
2016/08/17,847,847,769,780,65400,780,1
2016/08/18,791,797,745,754,49900,754,1
2016/08/19,777,779,749,774,39600,774,1
2016/08/22,790,833,776,830,74500,830,1
2016/08/23,845,938,836,864,404500,864,1
2016/08/24,864,888,864,868,51000,868,1
2016/08/25,895,909,875,875,67000,875,1
2016/08/26,874,900,869,869,69500,869,1
2016/08/29,900,911,884,898,61700,898,1
2016/08/30,883,900,860,861,76300,861,1
2016/08/31,882,890,817,835,71900,835,1
2016/09/01,840,890,830,880,29600,880,1
2016/09/02,871,1030,871,1030,56900,1030,1
2016/09/05,970,1015,932,999,408000,999,1
2016/09/06,996,1066,975,1028,368100,1028,1
2016/09/07,1058,1198,1049,1173,930700,1173,1
2016/09/08,1143,1154,1097,1135,279000,1135,1
2016/09/09,1135,1172,1110,1124,161700,1124,1
2016/09/12,1090,1165,1067,1162,168400,1162,1
2016/09/13,1178,1210,1127,1160,249700,1160,1
2016/09/14,1040,1095,959,968,431200,968,1
2016/09/15,940,945,867,890,247100,890,1
2016/09/16,882,887,864,867,71900,867,1
2016/09/20,842,864,824,832,118800,832,1
2016/09/21,823,830,803,819,72800,819,1
2016/09/23,812,837,804,820,109200,820,1
2016/09/26,830,888,825,879,125300,879,1
2016/09/27,864,928,845,917,108700,917,1
2016/09/28,928,959,880,904,210700,904,1
2016/09/29,918,920,885,899,71500,899,1
2016/09/30,880,893,863,871,49200,871,1
2016/10/03,886,891,863,870,41700,870,1
2016/10/04,910,915,892,898,99700,898,1
2016/10/05,898,910,895,896,42800,896,1
2016/10/06,910,910,878,880,61200,880,1
2016/10/07,883,885,871,881,34300,881,1
2016/10/11,880,886,872,876,37000,876,1
2016/10/12,877,880,834,845,78200,845,1
2016/10/13,839,845,830,838,39800,838,1
2016/10/14,829,837,821,830,47100,830,1
2016/10/17,830,833,822,826,25300,826,1
2016/10/18,825,831,809,826,91500,826,1
2016/10/19,834,860,831,848,47600,848,1
2016/10/20,843,851,822,826,49000,826,1
2016/10/21,827,831,818,820,47200,820,1
2016/10/24,835,837,797,825,84500,825,1
2016/10/25,828,828,802,814,32300,814,1
2016/10/26,808,816,800,802,64400,802,1
2016/10/27,807,837,804,830,42000,830,1
2016/10/28,830,830,811,814,21500,814,1
2016/10/31,799,814,799,803,76500,803,1
2016/11/01,802,812,789,808,44800,808,1
2016/11/02,810,810,755,769,130300,769,1
2016/11/04,740,774,712,741,95400,741,1
2016/11/07,765,796,744,753,49600,753,1
2016/11/08,768,768,732,732,25600,732,1
2016/11/09,724,753,655,684,136200,684,1
2016/11/10,737,737,674,717,55100,717,1
2016/11/11,736,740,709,711,50800,711,1
2016/11/14,718,762,718,756,57400,756,1
2016/11/15,765,780,718,734,134300,734,1
2016/11/16,740,775,727,768,85500,768,1
2016/11/17,783,840,783,812,150900,812,1
2016/11/18,797,813,791,793,30800,793,1
2016/11/21,785,802,779,782,25100,782,1
2016/11/22,762,785,752,782,43400,782,1
2016/11/24,783,817,768,790,42900,790,1
2016/11/25,780,795,763,768,29500,768,1
2016/11/28,760,776,757,765,13600,765,1
2016/11/29,755,764,751,757,27100,757,1
2016/11/30,751,768,750,755,20100,755,1
2016/12/01,764,776,755,755,19500,755,1
2016/12/02,750,750,732,743,30100,743,1
2016/12/05,743,743,715,722,41700,722,1
2016/12/06,725,742,717,717,16500,717,1
2016/12/07,712,715,690,698,42100,698,1
2016/12/08,688,698,655,668,46700,668,1
2016/12/09,661,670,633,659,89700,659,1
2016/12/12,672,743,666,727,101800,727,1
2016/12/13,712,775,712,774,70000,774,1
2016/12/14,773,795,773,790,64100,790,1
2016/12/15,835,860,710,761,278800,761,1
2016/12/16,741,753,722,736,64700,736,1
2016/12/19,721,729,700,700,54300,700,1
2016/12/20,696,725,696,719,33300,719,1
2016/12/21,725,733,721,728,28200,728,1
2016/12/22,728,728,699,713,25800,713,1
2016/12/26,701,725,692,707,58100,707,1
2016/12/27,737,768,706,750,72600,750,1
2016/12/28,745,760,729,732,35800,732,1
2016/12/29,722,754,722,746,26100,746,1
2016/12/30,746,757,731,741,21900,741,1
2017/01/04,740,748,733,743,21800,743,1
2017/01/05,743,759,739,751,24100,751,1
2017/01/06,751,764,744,752,25400,752,1
2017/01/10,752,755,734,734,21500,734,1
2017/01/11,731,743,710,714,29500,714,1
2017/01/12,714,723,710,710,18300,710,1
2017/01/13,705,719,703,715,13700,715,1
2017/01/16,711,720,706,707,17400,707,1
2017/01/17,721,780,712,733,79100,733,1
2017/01/18,733,743,722,730,10900,730,1
2017/01/19,744,765,725,733,40800,733,1
2017/01/20,733,741,716,718,27000,718,1
2017/01/23,720,733,720,724,9500,724,1
2017/01/24,730,730,722,722,7900,722,1
2017/01/25,730,759,725,757,47100,757,1
2017/01/26,760,768,740,750,15000,750,1
2017/01/27,750,755,742,750,28700,750,1
2017/01/30,750,759,740,747,27500,747,1
2017/01/31,743,759,743,745,23400,745,1
2017/02/01,746,749,738,745,21900,745,1
2017/02/02,745,761,743,746,24200,746,1
2017/02/03,742,775,742,771,41400,771,1
2017/02/06,790,824,772,824,99200,824,1
2017/02/07,823,823,780,796,75900,796,1
2017/02/08,797,822,797,816,50500,816,1
2017/02/09,807,883,805,850,146200,850,1
2017/02/10,865,889,849,850,147100,850,1
2017/02/13,859,890,755,836,273200,836,1
2017/02/14,836,888,836,871,140600,871,1
2017/02/15,886,939,875,919,366000,919,1
2017/02/16,920,935,896,898,70300,898,1
2017/02/17,913,913,846,864,67100,864,1
2017/02/20,896,915,872,911,59400,911,1
2017/02/21,913,915,884,897,30200,897,1
2017/02/22,905,908,882,889,31000,889,1
2017/02/23,909,909,850,896,39200,896,1
2017/02/24,900,900,858,875,36600,875,1
2017/02/27,874,874,843,850,38500,850,1
2017/02/28,839,873,838,843,39100,843,1
2017/03/01,846,866,832,851,26200,851,1
2017/03/02,857,866,840,851,30100,851,1
2017/03/03,851,864,833,864,28400,864,1
2017/03/06,855,902,855,898,73900,898,1
2017/03/07,891,895,870,872,34800,872,1
2017/03/08,857,871,852,860,39100,860,1
2017/03/09,860,970,858,858,286100,858,1
2017/03/10,876,882,841,850,42400,850,1
2017/03/13,859,878,844,844,33700,844,1
2017/03/14,801,838,772,819,71300,819,1
2017/03/15,830,855,772,816,134900,816,1
2017/03/16,771,799,766,778,82500,778,1
2017/03/17,776,785,766,770,44300,770,1
2017/03/21,800,800,758,760,38700,760,1
2017/03/22,750,755,729,737,32700,737,1
2017/03/23,730,730,688,707,71700,707,1
2017/03/24,721,733,707,727,31600,727,1
2017/03/27,748,748,721,725,27900,725,1
2017/03/28,720,722,708,708,31600,708,1
2017/03/29,715,728,715,728,14200,728,1
2017/03/30,744,767,737,746,63400,746,1
2017/03/31,745,752,730,732,12000,732,1
2017/04/03,732,732,713,720,21500,720,1
2017/04/04,725,725,692,697,35200,697,1
2017/04/05,687,700,684,687,30300,687,1
2017/04/06,668,676,656,660,35400,660,1
2017/04/07,642,666,635,652,41100,652,1
2017/04/10,652,700,652,698,20600,698,1
2017/04/11,681,698,660,688,27700,688,1
2017/04/12,658,666,645,647,27300,647,1
2017/04/13,657,660,626,660,31300,660,1
2017/04/14,656,656,623,624,53800,624,1
2017/04/17,613,633,610,612,41700,612,1
2017/04/18,627,637,621,636,24600,636,1
2017/04/19,626,649,626,647,14900,647,1
2017/04/20,648,688,648,675,30900,675,1
2017/04/21,674,675,662,662,11000,662,1
2017/04/24,668,668,630,634,24300,634,1
2017/04/25,637,650,626,643,30200,643,1
2017/04/26,644,661,644,653,11200,653,1
2017/04/27,656,662,653,654,18600,654,1
2017/04/28,656,664,654,657,9500,657,1
2017/05/01,648,679,648,667,13700,667,1
2017/05/02,665,676,656,667,18200,667,1
2017/05/08,680,681,660,669,33700,669,1
2017/05/09,671,714,671,710,53400,710,1
2017/05/10,720,732,710,710,32500,710,1
2017/05/11,730,730,709,710,22000,710,1
2017/05/12,705,725,705,710,24500,710,1
2017/05/15,736,744,710,742,47500,742,1
2017/05/16,741,757,738,746,24700,746,1
2017/05/17,739,749,738,738,19900,738,1
2017/05/18,708,726,690,725,47000,725,1
2017/05/19,714,735,713,720,12300,720,1
2017/05/22,717,735,714,715,18500,715,1
2017/05/23,712,733,710,719,21000,719,1
2017/05/24,722,734,722,734,7200,734,1
2017/05/25,738,747,732,747,15900,747,1
2017/05/26,744,744,728,738,11800,738,1
2017/05/29,723,742,723,730,13300,730,1
2017/05/30,730,755,730,751,27100,751,1
2017/05/31,747,764,745,756,32800,756,1
2017/06/01,756,768,730,768,16000,768,1
2017/06/02,777,777,761,768,18600,768,1
2017/06/05,768,775,758,769,17200,769,1
2017/06/06,761,770,754,759,14300,759,1
2017/06/07,751,752,733,738,22700,738,1
2017/06/08,732,750,729,729,23700,729,1
2017/06/09,732,764,730,750,38900,750,1
2017/06/12,769,770,750,770,35000,770,1
2017/06/13,777,807,773,807,110100,807,1
2017/06/14,717,734,702,710,229100,710,1
2017/06/15,707,708,681,708,63600,708,1
2017/06/16,700,700,685,686,22100,686,1
2017/06/19,686,686,677,683,38700,683,1
2017/06/20,681,695,678,690,31700,690,1
2017/06/21,687,689,678,683,22600,683,1
2017/06/22,684,687,678,685,22400,685,1
2017/06/23,686,686,677,682,23200,682,1
2017/06/26,681,683,671,680,14100,680,1
2017/06/27,678,678,668,673,27900,673,1
2017/06/28,673,674,658,658,25200,658,1
2017/06/29,659,688,657,683,20000,683,1
2017/06/30,680,684,672,684,8500,684,1
2017/07/03,688,698,680,689,16900,689,1
2017/07/04,689,689,673,675,13700,675,1
2017/07/05,675,684,674,674,16000,674,1
2017/07/06,682,682,666,666,13100,666,1
2017/07/07,666,680,660,679,18700,679,1
2017/07/10,679,680,673,679,7100,679,1
2017/07/11,678,690,677,682,15100,682,1
2017/07/12,684,690,680,681,10500,681,1
2017/07/13,681,689,679,684,6600,684,1
2017/07/14,681,688,678,685,12000,685,1
2017/07/18,685,685,675,675,10200,675,1
2017/07/19,675,683,671,681,4700,681,1
2017/07/20,684,689,675,675,5800,675,1
2017/07/21,675,675,671,673,8100,673,1
2017/07/24,671,675,670,671,9500,671,1
2017/07/25,668,672,665,668,11900,668,1
2017/07/26,668,668,651,652,17900,652,1
2017/07/27,655,662,647,652,44200,652,1
2017/07/28,658,658,646,650,11200,650,1
2017/07/31,652,659,645,646,7800,646,1
2017/08/01,645,651,616,620,35100,620,1
2017/08/02,618,666,598,666,54700,666,1
2017/08/03,666,668,640,644,19100,644,1
2017/08/04,654,660,630,640,20100,640,1
2017/08/07,640,666,631,642,35400,642,1
2017/08/08,652,655,640,640,13700,640,1
2017/08/09,640,645,630,630,6200,630,1
2017/08/10,627,636,612,613,10700,613,1
2017/08/14,603,612,595,596,13300,596,1
2017/08/15,596,605,596,601,9900,601,1
2017/08/16,597,614,597,606,17400,606,1
2017/08/17,619,643,607,639,16600,639,1
2017/08/18,649,649,630,643,14100,643,1
2017/08/21,655,655,615,639,30900,639,1
2017/08/22,640,653,633,653,9200,653,1
2017/08/23,655,655,643,655,6200,655,1
2017/08/24,648,660,642,660,7500,660,1
2017/08/25,660,665,639,663,14200,663,1
2017/08/28,660,730,654,678,64000,678,1
2017/08/29,678,678,665,675,16700,675,1
2017/08/30,676,688,665,672,9300,672,1
2017/08/31,680,680,663,663,3900,663,1
2017/09/01,660,660,654,657,4400,657,1
2017/09/04,652,658,640,643,8700,643,1
2017/09/05,633,633,585,608,32900,608,1
2017/09/06,591,610,586,608,17100,608,1
2017/09/07,618,618,589,593,18200,593,1
2017/09/08,587,594,580,590,15000,590,1
2017/09/11,600,610,595,600,5900,600,1
2017/09/12,610,620,606,620,9100,620,1
2017/09/13,630,647,630,631,29100,631,1
2017/09/14,611,621,591,598,32100,598,1
2017/09/15,590,601,590,600,18000,600,1
2017/09/19,600,618,600,603,11100,603,1
2017/09/20,604,610,603,606,6900,606,1
2017/09/21,605,614,604,604,12900,604,1
2017/09/22,605,608,602,604,5600,604,1
2017/09/25,606,620,590,599,29500,599,1
2017/09/26,609,609,598,603,7500,603,1
2017/09/27,603,609,598,600,5900,600,1
2017/09/28,601,603,593,595,23800,595,1
2017/09/29,595,602,595,596,7400,596,1
2017/10/02,600,608,598,599,18500,599,1
2017/10/03,602,605,601,603,6200,603,1
2017/10/04,607,690,603,655,70600,655,1
2017/10/05,645,655,630,644,46500,644,1
2017/10/06,644,644,623,624,15600,624,1
2017/10/10,624,624,603,612,15100,612,1
2017/10/11,620,643,611,620,9300,620,1
2017/10/12,621,628,617,617,12100,617,1
2017/10/13,620,624,617,621,6200,621,1
2017/10/16,616,627,607,607,19200,607,1
2017/10/17,617,621,608,613,11600,613,1
2017/10/18,615,631,613,616,12600,616,1
2017/10/19,617,621,613,616,5300,616,1
2017/10/20,610,617,609,612,5700,612,1
2017/10/23,612,626,610,611,9700,611,1
2017/10/24,613,618,609,609,14900,609,1
2017/10/25,619,619,609,610,16300,610,1
2017/10/26,610,610,601,607,21200,607,1
2017/10/27,605,613,605,607,6900,607,1
2017/10/30,607,611,603,605,12200,605,1
2017/10/31,606,611,604,609,14100,609,1
2017/11/01,611,611,604,608,7600,608,1
2017/11/02,608,608,595,601,24600,601,1
2017/11/06,599,600,593,593,13900,593,1
2017/11/07,593,604,593,603,13300,603,1
2017/11/08,602,602,593,597,14200,597,1
2017/11/09,598,600,591,595,16100,595,1
2017/11/10,591,600,591,596,6400,596,1
2017/11/13,596,614,592,608,37100,608,1
2017/11/14,603,620,592,596,26500,596,1
2017/11/15,594,613,584,588,27200,588,1
2017/11/16,598,598,591,595,8300,595,1
2017/11/17,596,603,594,603,8200,603,1
2017/11/20,603,605,599,604,6200,604,1
2017/11/21,602,607,600,606,9200,606,1
2017/11/22,613,614,606,610,12700,610,1
2017/11/24,604,610,604,609,8600,609,1
2017/11/27,609,618,609,611,15400,611,1
2017/11/28,617,627,609,626,29900,626,1
2017/11/29,636,640,626,626,18800,626,1
2017/11/30,627,639,616,632,14200,632,1
2017/12/01,635,644,627,640,15800,640,1
2017/12/04,648,649,640,645,23300,645,1
2017/12/05,640,645,635,645,10400,645,1
2017/12/06,642,642,618,618,20200,618,1
2017/12/07,621,630,588,611,21300,611,1
2017/12/08,621,621,610,613,6500,613,1
2017/12/11,605,615,599,611,16200,611,1
2017/12/12,601,622,600,614,21900,614,1
2017/12/13,613,628,610,611,17500,611,1
2017/12/14,611,618,607,616,12000,616,1
2017/12/15,530,626,526,600,279400,600,1
2017/12/18,617,618,568,588,71500,588,1
2017/12/19,588,605,585,596,39700,596,1
2017/12/20,598,598,580,583,23600,583,1
2017/12/21,579,580,560,567,27100,567,1
2017/12/22,560,620,559,570,147400,570,1
2017/12/25,567,569,560,563,33700,563,1
2017/12/26,563,569,562,565,25600,565,1
2017/12/27,566,577,566,577,16100,577,1
2017/12/28,583,585,568,571,21400,571,1
2017/12/29,570,571,563,564,21100,564,1
2018/01/04,566,570,560,563,19300,563,1
2018/01/05,569,569,561,562,7500,562,1
2018/01/09,561,561,550,550,37700,550,1
2018/01/10,553,560,552,558,19600,558,1
2018/01/11,560,572,560,570,19200,570,1
2018/01/12,570,581,566,577,16000,577,1
2018/01/15,584,594,581,589,24000,589,1
2018/01/16,605,617,600,607,92800,607,1
2018/01/17,600,607,595,597,33000,597,1
2018/01/18,599,606,595,595,26100,595,1
2018/01/19,595,597,580,590,22800,590,1
2018/01/22,586,586,575,585,14500,585,1
2018/01/23,585,592,585,591,11100,591,1
2018/01/24,591,600,586,588,26800,588,1
2018/01/25,586,589,580,581,8400,581,1
2018/01/26,581,585,575,578,14800,578,1
2018/01/29,581,581,575,576,6100,576,1
2018/01/30,572,584,564,567,20400,567,1
2018/01/31,565,579,565,572,5300,572,1
2018/02/01,572,581,572,577,3100,577,1
2018/02/02,577,582,575,577,7300,577,1
2018/02/05,573,573,559,562,17100,562,1
2018/02/06,512,522,503,510,56800,510,1
2018/02/07,552,557,544,548,39800,548,1
2018/02/08,558,558,538,544,5700,544,1
2018/02/09,514,538,514,531,12200,531,1
2018/02/13,535,547,535,541,1600,541,1
2018/02/14,541,545,535,542,7100,542,1
2018/02/15,537,545,537,541,1800,541,1
2018/02/16,536,550,531,550,6500,550,1
2018/02/19,551,565,549,561,5000,561,1
2018/02/20,564,564,554,560,1000,560,1
2018/02/21,550,565,550,563,11300,563,1
2018/02/22,556,568,555,567,2800,567,1
2018/02/23,567,586,564,580,18900,580,1
2018/02/26,586,598,580,589,25700,589,1
2018/02/27,595,595,580,589,17900,589,1
2018/02/28,570,591,570,589,18500,589,1
2018/03/01,580,589,575,589,12800,589,1
2018/03/02,593,593,574,580,26100,580,1
2018/03/05,578,580,570,570,21300,570,1
2018/03/06,570,578,570,574,2000,574,1
2018/03/07,554,591,554,578,8500,578,1
2018/03/08,584,587,564,585,12700,585,1
2018/03/09,595,595,574,578,9600,578,1
2018/03/12,578,579,570,576,2300,576,1
2018/03/13,576,581,571,575,8500,575,1
2018/03/14,575,590,573,590,6500,590,1
2018/03/15,590,628,590,620,106800,620,1
2018/03/16,560,579,537,568,98100,568,1
2018/03/19,561,570,559,559,10700,559,1
2018/03/20,545,552,541,542,17700,542,1
2018/03/22,544,564,544,552,4500,552,1
2018/03/23,541,550,523,524,9800,524,1
2018/03/26,501,513,497,509,20400,509,1
2018/03/27,519,520,507,518,6300,518,1
2018/03/28,518,522,507,518,3400,518,1
2018/03/29,533,536,507,532,14000,532,1
2018/03/30,538,538,534,534,1200,534,1
2018/04/02,540,540,530,532,2300,532,1
2018/04/03,532,532,514,525,1900,525,1
2018/04/04,522,529,519,527,2300,527,1
2018/04/05,524,538,524,538,6200,538,1
2018/04/06,540,540,520,525,5400,525,1
2018/04/09,525,525,518,525,2500,525,1
2018/04/10,515,518,512,513,1200,513,1
2018/04/11,513,513,504,513,5500,513,1
2018/04/12,513,514,508,509,4500,509,1
2018/04/13,508,513,508,508,2900,508,1
2018/04/16,505,536,505,510,6400,510,1
2018/04/17,508,534,508,508,2400,508,1
2018/04/18,509,523,509,513,2400,513,1
2018/04/19,516,522,499,499,12000,499,1
2018/04/20,499,506,499,501,2400,501,1
2018/04/23,500,506,500,501,4100,501,1
2018/04/24,500,507,500,501,4800,501,1
2018/04/25,501,506,501,503,1700,503,1
2018/04/26,504,509,500,506,4900,506,1
2018/04/27,505,509,503,507,1800,507,1
2018/05/01,533,548,515,515,28500,515,1
2018/05/02,525,534,520,531,8000,531,1
2018/05/07,531,538,531,532,4900,532,1
2018/05/08,540,541,529,529,5800,529,1
2018/05/09,520,521,516,516,3100,516,1
2018/05/10,516,521,511,511,2700,511,1
2018/05/11,511,511,500,503,12900,503,1
2018/05/14,505,510,502,505,3800,505,1
2018/05/15,506,514,506,511,2900,511,1
2018/05/16,508,518,501,501,15100,501,1
2018/05/17,499,500,492,496,18600,496,1
2018/05/18,495,503,491,498,12000,498,1
2018/05/21,503,503,497,501,3200,501,1
2018/05/22,507,508,505,508,4300,508,1
2018/05/23,505,505,505,505,700,505,1
2018/05/24,501,504,501,504,3400,504,1
2018/05/25,501,507,501,506,1600,506,1
2018/05/28,508,508,496,504,5400,504,1
2018/05/29,502,506,494,496,10300,496,1
2018/05/30,494,500,492,498,1000,498,1
2018/05/31,497,497,477,482,15500,482,1
2018/06/01,482,483,469,476,5600,476,1
2018/06/04,468,468,452,456,24000,456,1
2018/06/05,457,461,450,457,8400,457,1
2018/06/06,462,462,438,444,10000,444,1
2018/06/07,447,452,412,430,37400,430,1
2018/06/08,438,438,420,428,22200,428,1
2018/06/11,428,431,424,426,11500,426,1
2018/06/12,429,446,426,441,24000,441,1
2018/06/13,459,518,451,455,199400,455,1
2018/06/14,460,460,419,433,97200,433,1
2018/06/15,441,441,425,426,15000,426,1
2018/06/18,435,435,423,424,11700,424,1
2018/06/19,423,424,420,420,7800,420,1
2018/06/20,415,415,395,405,22500,405,1
2018/06/21,405,413,402,405,7200,405,1
2018/06/22,402,406,400,402,9500,402,1
2018/06/25,401,406,399,400,18200,400,1
2018/06/26,398,402,396,398,9100,398,1
2018/06/27,403,403,396,401,6100,401,1
2018/06/28,396,405,396,398,4500,398,1
2018/06/29,396,400,396,397,2400,397,1
2018/07/02,403,403,395,397,11200,397,1
2018/07/03,397,401,387,391,8700,391,1
2018/07/04,395,395,387,392,6300,392,1
2018/07/05,388,398,388,394,3800,394,1
2018/07/06,402,402,392,396,7700,396,1
2018/07/09,403,404,399,404,2300,404,1
2018/07/10,404,405,400,404,2300,404,1
2018/07/11,402,404,390,402,8100,402,1
2018/07/12,402,405,398,405,2000,405,1
2018/07/13,401,405,400,400,2200,400,1
2018/07/17,402,402,397,397,1400,397,1
2018/07/18,403,404,398,401,4400,401,1
2018/07/19,399,403,399,402,800,402,1
2018/07/20,399,401,399,401,600,401,1
2018/07/23,481,481,481,481,18600,481,1
2018/07/24,561,561,561,561,17900,561,1
2018/07/25,661,661,661,661,36600,661,1
2018/07/26,681,714,603,618,1665000,618,1
2018/07/27,610,654,600,633,562000,633,1
2018/07/30,613,729,565,571,795400,571,1
2018/07/31,562,598,546,560,205700,560,1
2018/08/01,580,585,550,558,88000,558,1
2018/08/02,570,585,540,549,83200,549,1
2018/08/03,559,587,545,572,131200,572,1
2018/08/06,565,568,542,545,58600,545,1
2018/08/07,540,550,497,507,150600,507,1
2018/08/08,505,526,501,505,43200,505,1
2018/08/09,506,530,500,515,51300,515,1
2018/08/10,516,525,486,493,38700,493,1
2018/08/13,488,489,444,465,50800,465,1
2018/08/14,461,478,459,460,20500,460,1
