2008/03/27,540,540,510,531,55900,531,1
2008/03/28,530,600,510,600,12700,600,1
2008/03/31,640,640,611,620,7300,620,1
2008/04/01,620,620,580,610,4400,610,1
2008/04/02,582,600,582,590,3000,590,1
2008/04/03,591,591,570,585,3800,585,1
2008/04/04,586,586,560,560,3700,560,1
2008/04/07,540,560,520,540,2700,540,1
2008/04/08,540,540,540,540,600,540,1
2008/04/09,545,545,525,545,2200,545,1
2008/04/10,520,535,520,535,2800,535,1
2008/04/11,525,547,525,547,2200,547,1
2008/04/14,607,607,560,580,5000,580,1
2008/04/15,580,600,575,590,1500,590,1
2008/04/16,600,600,580,600,1800,600,1
2008/04/17,581,590,581,581,1300,581,1
2008/04/18,586,595,586,586,800,586,1
2008/04/21,588,591,581,591,2900,591,1
2008/04/22,592,598,592,598,1500,598,1
2008/04/23,581,582,580,580,2100,580,1
2008/04/24,599,599,581,581,1500,581,1
2008/04/25,581,581,580,580,1900,580,1
2008/04/28,586,599,586,587,500,587,1
2008/04/30,589,600,586,599,1400,599,1
2008/05/01,600,600,580,590,1900,590,1
2008/05/02,590,595,585,595,1400,595,1
2008/05/07,609,610,588,588,2100,588,1
2008/05/08,591,600,590,600,800,600,1
2008/05/09,600,600,589,596,3500,596,1
2008/05/12,588,594,583,594,1200,594,1
2008/05/13,594,603,586,603,2800,603,1
2008/05/14,605,605,591,600,2900,600,1
2008/05/15,593,608,585,608,3800,608,1
2008/05/16,608,609,600,609,1500,609,1
2008/05/19,610,617,610,615,1000,615,1
2008/05/20,617,657,617,657,3600,657,1
2008/05/21,654,654,614,617,3100,617,1
2008/05/22,627,650,620,630,3200,630,1
2008/05/23,645,652,620,620,4000,620,1
2008/05/26,627,628,626,626,2100,626,1
2008/05/27,620,628,620,628,1500,628,1
2008/05/28,638,640,638,640,400,640,1
2008/05/29,630,647,630,645,1500,645,1
2008/05/30,645,648,640,640,4600,640,1
2008/06/02,643,670,640,652,4400,652,1
2008/06/03,653,653,635,635,2400,635,1
2008/06/04,641,650,638,650,600,650,1
2008/06/05,650,650,650,650,100,650,1
2008/06/06,650,650,650,650,2300,650,1
2008/06/09,650,655,640,655,1100,655,1
2008/06/10,655,655,641,645,1300,645,1
2008/06/11,645,645,645,645,100,645,1
2008/06/12,640,659,640,650,1900,650,1
2008/06/13,641,645,636,636,1000,636,1
2008/06/16,640,640,636,637,2800,637,1
2008/06/17,645,660,641,659,2800,659,1
2008/06/18,660,662,652,658,4700,658,1
2008/06/19,660,663,660,660,6400,660,1
2008/06/20,661,662,653,660,5500,660,1
2008/06/23,665,669,661,666,3700,666,1
2008/06/24,668,668,660,660,4400,660,1
2008/06/25,666,670,660,670,5700,670,1
2008/06/26,678,678,665,665,800,665,1
2008/06/27,661,665,660,664,3100,664,1
2008/06/30,670,670,669,669,3500,669,1
2008/07/01,665,675,660,675,3700,675,1
2008/07/02,668,670,655,670,1400,670,1
2008/07/03,660,663,660,663,700,663,1
2008/07/04,650,659,650,659,2600,659,1
2008/07/07,659,659,653,658,1000,658,1
2008/07/08,658,658,655,656,2500,656,1
2008/07/09,656,670,656,670,2200,670,1
2008/07/10,660,668,659,668,700,668,1
2008/07/11,669,669,660,660,2200,660,1
2008/07/14,660,669,660,668,400,668,1
2008/07/15,660,661,655,658,1700,658,1
2008/07/16,659,660,657,657,600,657,1
2008/07/17,657,660,657,660,200,660,1
2008/07/18,664,675,664,675,2700,675,1
2008/07/22,674,674,659,665,1600,665,1
2008/07/23,665,670,660,660,900,660,1
2008/07/24,660,660,659,659,900,659,1
2008/07/25,660,668,660,668,2000,668,1
2008/07/28,667,667,660,660,400,660,1
2008/07/29,659,659,657,657,400,657,1
2008/07/30,658,658,656,656,700,656,1
2008/07/31,656,656,656,656,100,656,1
2008/08/01,658,662,658,662,200,662,1
2008/08/04,656,657,650,650,900,650,1
2008/08/05,654,655,654,655,600,655,1
2008/08/06,665,665,652,652,200,652,1
2008/08/07,659,659,653,653,400,653,1
2008/08/08,652,660,650,660,1400,660,1
2008/08/11,650,660,650,651,1400,651,1
2008/08/12,655,655,655,655,100,655,1
2008/08/13,650,650,650,650,2200,650,1
2008/08/14,645,645,645,645,200,645,1
2008/08/15,633,633,633,633,100,633,1
2008/08/18,635,635,623,625,500,625,1
2008/08/19,588,612,588,612,800,612,1
2008/08/20,611,615,611,615,1000,615,1
2008/08/21,615,630,615,630,900,630,1
2008/08/25,645,650,645,650,300,650,1
2008/08/26,580,580,570,580,1100,580,1
2008/08/27,590,590,590,590,100,590,1
2008/08/28,600,600,600,600,200,600,1
2008/08/29,600,600,600,600,300,600,1
2008/09/01,599,599,599,599,100,599,1
2008/09/03,578,578,576,576,300,576,1
2008/09/04,575,584,575,575,1100,575,1
2008/09/05,575,575,570,570,200,570,1
2008/09/08,590,592,560,560,400,560,1
2008/09/09,550,550,550,550,400,550,1
2008/09/10,560,570,560,570,300,570,1
2008/09/11,570,570,570,570,100,570,1
2008/09/12,570,570,570,570,100,570,1
2008/09/16,570,570,570,570,100,570,1
2008/09/17,570,570,560,560,300,560,1
2008/09/18,540,540,540,540,1100,540,1
2008/09/19,580,600,580,600,200,600,1
2008/09/22,560,560,560,560,600,560,1
2008/09/24,551,560,551,560,200,560,1
2008/09/26,553,560,553,553,600,553,1
2008/09/30,530,530,530,530,200,530,1
2008/10/02,560,560,560,560,100,560,1
2008/10/03,501,505,500,500,800,500,1
2008/10/06,489,489,444,475,500,475,1
2008/10/07,450,450,450,450,300,450,1
2008/10/08,446,450,390,390,900,390,1
2008/10/09,395,464,391,464,500,464,1
2008/10/10,479,480,479,480,500,480,1
2008/10/14,505,530,505,530,500,530,1
2008/10/15,540,540,540,540,100,540,1
2008/10/16,500,500,500,500,300,500,1
2008/10/17,500,500,455,455,500,455,1
2008/10/21,481,481,481,481,100,481,1
2008/10/22,481,481,481,481,600,481,1
2008/10/23,500,500,500,500,200,500,1
2008/10/27,475,495,475,495,200,495,1
2008/10/28,475,480,450,450,1200,450,1
2008/10/29,480,480,435,480,600,480,1
2008/10/30,485,485,485,485,200,485,1
2008/10/31,480,480,480,480,100,480,1
2008/11/04,481,481,481,481,200,481,1
2008/11/06,480,485,480,485,300,485,1
2008/11/10,480,480,479,480,1400,480,1
2008/11/11,481,481,471,471,700,471,1
2008/11/12,471,480,470,470,300,470,1
2008/11/13,451,451,451,451,600,451,1
2008/11/14,468,468,468,468,100,468,1
2008/11/18,455,455,455,455,100,455,1
2008/11/19,454,470,433,470,2000,470,1
2008/11/20,470,480,470,480,600,480,1
2008/11/21,480,480,480,480,100,480,1
2008/11/25,480,480,480,480,100,480,1
2008/11/27,480,480,480,480,100,480,1
2008/12/01,470,470,470,470,200,470,1
2008/12/02,479,479,479,479,100,479,1
2008/12/03,460,465,460,465,200,465,1
2008/12/05,452,460,452,460,200,460,1
2008/12/08,460,460,460,460,100,460,1
2008/12/09,450,460,450,460,400,460,1
2008/12/10,460,470,455,470,400,470,1
2008/12/12,470,470,455,455,300,455,1
2008/12/15,455,455,435,435,1900,435,1
2008/12/16,435,435,435,435,1100,435,1
2008/12/17,434,435,405,405,2400,405,1
2008/12/18,405,405,405,405,500,405,1
2008/12/19,435,435,400,400,800,400,1
2008/12/22,400,400,390,392,2700,392,1
2008/12/24,342,349,330,349,3200,349,1
2008/12/25,340,350,340,350,500,350,1
2008/12/26,330,350,330,350,400,350,1
2008/12/29,355,380,355,375,3800,375,1
2008/12/30,375,375,375,375,700,375,1
2009/01/05,399,400,399,400,200,400,1
2009/01/06,390,405,390,405,200,405,1
2009/01/07,405,405,405,405,100,405,1
2009/01/08,406,420,406,420,300,420,1
2009/01/09,435,435,435,435,100,435,1
2009/01/13,435,435,400,400,300,400,1
2009/01/14,406,406,395,395,600,395,1
2009/01/19,415,415,415,415,100,415,1
2009/01/20,400,400,400,400,100,400,1
2009/01/21,395,395,395,395,100,395,1
2009/01/23,401,401,391,391,200,391,1
2009/01/27,380,380,380,380,100,380,1
2009/01/29,380,380,380,380,100,380,1
2009/01/30,380,380,380,380,200,380,1
2009/02/02,340,340,306,337,1600,337,1
2009/02/03,347,347,340,340,200,340,1
2009/02/04,350,350,350,350,200,350,1
2009/02/05,380,380,380,380,500,380,1
2009/02/06,380,385,380,385,200,385,1
2009/02/09,390,390,380,385,300,385,1
2009/02/10,380,380,355,355,400,355,1
2009/02/12,380,380,380,380,300,380,1
2009/02/13,390,400,390,400,2200,400,1
2009/02/16,380,380,380,380,1000,380,1
2009/02/17,400,400,390,400,2200,400,1
2009/02/18,400,400,380,380,600,380,1
2009/02/19,395,400,390,400,2200,400,1
2009/02/20,400,410,400,410,700,410,1
2009/02/23,405,420,405,415,900,415,1
2009/02/24,339,340,308,324,2100,324,1
2009/02/25,325,325,325,325,100,325,1
2009/02/26,310,315,302,315,700,315,1
2009/02/27,309,309,309,309,300,309,1
2009/03/02,302,306,301,306,700,306,1
2009/03/03,295,295,295,295,400,295,1
2009/03/04,294,298,293,298,300,298,1
2009/03/05,300,300,300,300,100,300,1
2009/03/06,300,300,300,300,200,300,1
2009/03/10,305,305,303,303,400,303,1
2009/03/11,305,305,303,303,200,303,1
2009/03/12,300,300,300,300,200,300,1
2009/03/13,291,295,290,295,300,295,1
2009/03/16,295,295,295,295,200,295,1
2009/03/17,293,295,293,295,600,295,1
2009/03/18,290,294,290,294,200,294,1
2009/03/19,295,295,295,295,400,295,1
2009/03/23,290,294,290,294,200,294,1
2009/03/24,290,290,285,290,600,290,1
2009/03/25,280,280,253,262,1400,262,1
2009/03/26,270,270,270,270,100,270,1
2009/03/27,267,267,251,260,1500,260,1
2009/03/30,261,263,261,263,500,263,1
2009/03/31,261,265,261,264,1000,264,1
2009/04/02,264,285,264,285,1600,285,1
2009/04/03,275,290,275,290,1800,290,1
2009/04/06,290,305,290,305,900,305,1
2009/04/07,287,287,287,287,200,287,1
2009/04/08,295,297,295,297,200,297,1
2009/04/09,298,298,295,295,200,295,1
2009/04/10,295,300,295,300,900,300,1
2009/04/13,301,305,300,305,1000,305,1
2009/04/14,305,310,303,303,700,303,1
2009/04/15,322,340,322,330,1900,330,1
2009/04/16,330,330,330,330,200,330,1
2009/04/20,325,325,319,319,200,319,1
2009/04/21,319,319,319,319,100,319,1
2009/04/22,315,315,315,315,1000,315,1
2009/04/23,315,315,300,300,4100,300,1
2009/04/24,300,300,300,300,400,300,1
2009/04/27,270,280,270,280,700,280,1
2009/04/30,280,280,280,280,200,280,1
2009/05/01,285,285,285,285,200,285,1
2009/05/07,295,295,275,285,1200,285,1
2009/05/08,285,285,276,281,300,281,1
2009/05/11,286,286,274,274,600,274,1
2009/05/12,279,279,279,279,100,279,1
2009/05/13,279,280,273,278,1000,278,1
2009/05/14,273,278,273,278,200,278,1
2009/05/15,281,285,281,283,900,283,1
2009/05/18,285,285,285,285,100,285,1
2009/05/19,290,322,290,322,1400,322,1
2009/05/20,332,332,332,332,200,332,1
2009/05/21,315,325,315,325,200,325,1
2009/05/22,327,330,327,330,200,330,1
2009/05/25,330,335,330,335,600,335,1
2009/05/26,336,336,336,336,200,336,1
2009/05/27,340,352,330,330,1400,330,1
2009/05/28,305,320,305,320,1200,320,1
2009/05/29,395,400,375,375,14600,375,1
2009/06/01,390,415,390,410,1600,410,1
2009/06/02,415,430,415,420,3100,420,1
2009/06/03,420,420,390,390,2300,390,1
2009/06/04,390,390,375,390,2700,390,1
2009/06/05,395,411,395,410,500,410,1
2009/06/08,411,411,410,410,1600,410,1
2009/06/09,417,420,417,420,500,420,1
2009/06/10,420,420,420,420,600,420,1
2009/06/11,430,430,420,425,3000,425,1
2009/06/12,425,425,420,425,1600,425,1
2009/06/15,425,425,425,425,600,425,1
2009/06/16,425,425,425,425,100,425,1
2009/06/17,420,420,420,420,200,420,1
2009/06/18,420,420,420,420,200,420,1
2009/06/19,430,430,415,415,500,415,1
2009/06/22,415,415,400,400,900,400,1
2009/06/23,390,390,390,390,100,390,1
2009/06/25,425,425,425,425,500,425,1
2009/06/26,435,435,435,435,1000,435,1
2009/06/29,435,460,435,460,1200,460,1
2009/06/30,470,470,470,470,200,470,1
2009/07/01,467,467,436,436,600,436,1
2009/07/02,460,465,460,465,300,465,1
2009/07/03,467,468,465,465,600,465,1
2009/07/06,475,475,475,475,300,475,1
2009/07/07,479,479,479,479,100,479,1
2009/07/09,460,460,460,460,100,460,1
2009/07/10,420,420,411,415,800,415,1
2009/07/13,411,411,411,411,200,411,1
2009/07/15,468,468,465,465,1000,465,1
2009/07/16,460,460,460,460,500,460,1
2009/07/17,470,470,470,470,300,470,1
2009/07/21,470,470,469,470,500,470,1
2009/07/23,471,471,470,470,500,470,1
2009/07/24,471,480,471,480,1100,480,1
2009/07/27,490,490,485,485,600,485,1
2009/07/28,485,485,485,485,200,485,1
2009/07/29,485,485,485,485,100,485,1
2009/07/30,485,485,485,485,300,485,1
2009/07/31,485,486,485,486,200,486,1
2009/08/03,486,486,486,486,200,486,1
2009/08/06,475,475,455,455,400,455,1
2009/08/07,457,457,457,457,100,457,1
2009/08/10,442,442,442,442,700,442,1
2009/08/11,452,452,435,435,800,435,1
2009/08/12,431,431,431,431,200,431,1
2009/08/13,439,450,439,450,300,450,1
2009/08/14,460,460,446,456,800,456,1
2009/08/17,455,479,455,479,200,479,1
2009/08/18,440,466,440,466,1000,466,1
2009/08/19,460,460,460,460,100,460,1
2009/08/20,445,471,444,471,1100,471,1
2009/08/25,466,466,466,466,100,466,1
2009/08/26,470,475,470,475,400,475,1
2009/08/27,475,475,465,465,1400,465,1
2009/08/28,465,465,465,465,200,465,1
2009/08/31,465,465,465,465,100,465,1
2009/09/01,466,470,466,470,200,470,1
2009/09/03,468,470,468,470,400,470,1
2009/09/04,470,470,470,470,200,470,1
2009/09/07,470,470,470,470,100,470,1
2009/09/08,470,470,470,470,100,470,1
2009/09/09,470,470,470,470,100,470,1
2009/09/10,475,480,470,470,1500,470,1
2009/09/11,480,480,480,480,100,480,1
2009/09/14,480,480,480,480,100,480,1
2009/09/15,489,489,481,481,200,481,1
2009/09/16,481,481,481,481,200,481,1
2009/09/18,480,480,480,480,900,480,1
2009/09/24,460,460,455,455,400,455,1
2009/09/25,440,440,440,440,200,440,1
2009/09/28,438,438,437,437,300,437,1
2009/09/29,437,437,437,437,1100,437,1
2009/10/01,440,465,440,465,300,465,1
2009/10/02,451,451,450,450,200,450,1
2009/10/05,450,450,440,440,500,440,1
2009/10/06,440,440,427,427,600,427,1
2009/10/07,440,440,434,434,300,434,1
2009/10/08,450,480,450,480,800,480,1
2009/10/09,460,473,460,473,1300,473,1
2009/10/14,470,470,470,470,100,470,1
2009/10/15,475,480,470,480,1000,480,1
2009/10/20,477,477,477,477,1100,477,1
2009/10/22,461,461,461,461,300,461,1
2009/10/23,461,470,455,470,1000,470,1
2009/10/27,470,470,470,470,100,470,1
2009/10/28,470,470,456,456,600,456,1
2009/10/29,471,471,455,455,400,455,1
2009/11/02,473,473,473,473,100,473,1
2009/11/04,481,481,481,481,200,481,1
2009/11/06,482,482,482,482,200,482,1
2009/11/10,480,480,480,480,100,480,1
2009/11/12,450,460,440,460,600,460,1
2009/11/13,470,470,470,470,100,470,1
2009/11/16,460,460,460,460,100,460,1
2009/11/18,455,455,446,446,200,446,1
2009/11/19,448,448,445,445,700,445,1
2009/11/24,455,455,455,455,100,455,1
2009/11/25,435,455,435,455,400,455,1
2009/11/26,455,455,455,455,100,455,1
2009/11/27,450,451,450,450,700,450,1
2009/11/30,440,440,440,440,100,440,1
2009/12/01,450,450,450,450,100,450,1
2009/12/03,451,453,451,453,300,453,1
2009/12/04,448,448,448,448,200,448,1
2009/12/07,448,448,448,448,100,448,1
2009/12/08,448,448,448,448,100,448,1
2009/12/09,447,447,447,447,200,447,1
2009/12/10,447,447,447,447,100,447,1
2009/12/11,450,455,450,455,1100,455,1
2009/12/14,440,445,440,445,300,445,1
2009/12/16,450,450,450,450,100,450,1
2009/12/17,455,455,455,455,100,455,1
2009/12/21,455,455,455,455,100,455,1
2009/12/22,455,455,455,455,100,455,1
2009/12/25,455,455,455,455,100,455,1
2009/12/29,451,451,451,451,400,451,1
2010/01/05,454,454,454,454,200,454,1
2010/01/07,455,455,450,450,400,450,1
2010/01/08,450,460,450,460,300,460,1
2010/01/12,460,460,453,453,200,453,1
2010/01/13,455,455,455,455,100,455,1
2010/01/14,471,475,470,475,1000,475,1
2010/01/15,467,473,465,473,600,473,1
2010/01/18,478,479,478,479,400,479,1
2010/01/20,480,480,475,475,200,475,1
2010/01/21,482,482,469,469,200,469,1
2010/01/22,475,480,475,480,400,480,1
2010/01/25,475,475,475,475,100,475,1
2010/01/26,470,470,470,470,300,470,1
2010/01/27,480,480,480,480,1400,480,1
2010/01/29,472,472,472,472,100,472,1
2010/02/01,475,475,475,475,100,475,1
2010/02/02,475,480,475,480,1100,480,1
2010/02/04,469,473,469,473,1100,473,1
2010/02/05,470,471,470,471,600,471,1
2010/02/08,470,470,470,470,200,470,1
2010/02/09,470,470,469,469,1300,469,1
2010/02/10,469,469,465,465,500,465,1
2010/02/12,465,470,465,470,300,470,1
2010/02/15,479,479,479,479,400,479,1
2010/02/16,455,470,455,470,700,470,1
2010/02/17,470,470,470,470,100,470,1
2010/02/18,470,470,455,470,900,470,1
2010/02/19,479,480,479,480,2500,480,1
2010/02/22,484,492,484,492,1000,492,1
2010/02/23,490,500,480,499,1200,499,1
2010/02/24,457,494,457,494,1000,494,1
2010/02/26,462,480,462,480,500,480,1
2010/03/02,465,465,465,465,200,465,1
2010/03/03,461,461,461,461,100,461,1
2010/03/05,461,461,461,461,300,461,1
2010/03/08,446,461,446,461,300,461,1
2010/03/09,453,460,453,453,1000,453,1
2010/03/10,460,460,460,460,100,460,1
2010/03/11,465,465,465,465,100,465,1
2010/03/12,450,450,450,450,500,450,1
2010/03/15,452,465,450,460,3200,460,1
2010/03/16,460,460,460,460,200,460,1
2010/03/17,452,452,452,452,300,452,1
2010/03/18,450,465,450,465,600,465,1
2010/03/24,465,465,465,465,100,465,1
2010/03/25,456,456,456,456,200,456,1
2010/03/29,455,455,455,455,100,455,1
2010/03/30,455,455,455,455,100,455,1
2010/03/31,464,465,463,463,800,463,1
2010/04/01,465,465,465,465,2200,465,1
2010/04/02,468,468,460,460,1100,460,1
2010/04/05,460,460,460,460,200,460,1
2010/04/06,460,460,455,455,300,455,1
2010/04/07,455,455,455,455,100,455,1
2010/04/08,452,460,450,450,600,450,1
2010/04/09,458,465,458,465,900,465,1
2010/04/12,465,465,454,454,1500,454,1
2010/04/13,464,464,463,464,1900,464,1
2010/04/14,464,470,464,470,700,470,1
2010/04/15,459,459,435,447,4000,447,1
2010/04/16,455,458,450,450,1200,450,1
2010/04/19,444,444,442,442,400,442,1
2010/04/20,441,450,441,450,700,450,1
2010/04/21,457,457,457,457,100,457,1
2010/04/22,449,449,442,442,200,442,1
2010/04/23,445,450,445,450,200,450,1
2010/04/26,450,454,450,454,300,454,1
2010/04/27,454,454,454,454,100,454,1
2010/04/30,450,450,450,450,100,450,1
2010/05/06,450,454,450,450,1000,450,1
2010/05/07,439,439,439,439,100,439,1
2010/05/10,438,438,438,438,300,438,1
2010/05/12,438,438,438,438,300,438,1
2010/05/17,422,432,422,430,1100,430,1
2010/05/18,430,430,430,430,600,430,1
2010/05/19,406,409,405,405,1800,405,1
2010/05/20,415,415,415,415,100,415,1
2010/05/21,416,416,410,410,1500,410,1
2010/05/24,405,418,402,405,2000,405,1
2010/05/27,421,421,421,421,100,421,1
2010/05/28,405,405,405,405,300,405,1
2010/06/02,418,418,418,418,100,418,1
2010/06/03,421,425,421,421,700,421,1
2010/06/07,420,420,420,420,200,420,1
2010/06/08,412,412,412,412,100,412,1
2010/06/09,410,410,410,410,100,410,1
2010/06/11,405,405,397,397,800,397,1
2010/06/14,400,400,400,400,100,400,1
2010/06/18,386,400,386,400,1800,400,1
2010/06/23,400,400,400,400,1100,400,1
2010/06/24,400,401,400,400,500,400,1
2010/06/25,400,400,400,400,200,400,1
2010/06/30,400,400,400,400,200,400,1
2010/07/01,376,390,376,390,900,390,1
2010/07/05,380,384,380,381,1100,381,1
2010/07/07,405,405,405,405,400,405,1
2010/07/15,389,389,389,389,100,389,1
2010/07/16,395,395,395,395,100,395,1
2010/07/21,390,390,390,390,100,390,1
2010/07/26,400,400,400,400,500,400,1
2010/07/28,400,400,400,400,1000,400,1
2010/07/30,380,380,380,380,300,380,1
2010/08/04,396,396,390,395,700,395,1
2010/08/09,395,395,381,385,600,385,1
2010/08/11,380,380,380,380,800,380,1
2010/08/16,390,390,390,390,100,390,1
2010/08/17,385,385,385,385,200,385,1
2010/08/18,361,375,361,375,800,375,1
2010/08/23,385,385,385,385,100,385,1
2010/08/30,380,380,380,380,100,380,1
2010/09/01,356,364,356,364,500,364,1
2010/09/03,350,358,350,358,1100,358,1
2010/09/07,360,360,355,355,500,355,1
2010/09/08,355,355,355,355,100,355,1
2010/09/10,345,345,345,345,600,345,1
2010/09/14,352,352,352,352,100,352,1
2010/09/16,352,352,352,352,300,352,1
2010/09/22,350,350,350,350,100,350,1
2010/09/24,345,345,345,345,300,345,1
2010/09/27,343,345,343,345,300,345,1
2010/09/28,345,345,345,345,200,345,1
2010/09/30,345,345,340,340,600,340,1
2010/10/05,345,345,345,345,100,345,1
2010/10/06,345,345,345,345,100,345,1
2010/10/12,340,340,340,340,100,340,1
2010/10/13,345,345,345,345,100,345,1
2010/10/14,345,345,345,345,100,345,1
2010/10/25,345,345,345,345,100,345,1
2010/10/28,345,347,345,347,200,347,1
2010/11/02,363,363,363,363,200,363,1
2010/11/09,389,390,389,390,900,390,1
2010/11/10,350,360,350,360,900,360,1
2010/11/16,360,360,340,340,500,340,1
2010/11/19,360,360,360,360,200,360,1
2010/11/22,348,348,348,348,100,348,1
2010/11/25,348,348,348,348,100,348,1
2010/11/29,340,340,340,340,1100,340,1
2010/12/02,340,340,340,340,2300,340,1
2010/12/03,338,338,338,338,100,338,1
2010/12/06,345,345,345,345,400,345,1
2010/12/08,345,345,345,345,100,345,1
2010/12/10,347,347,347,347,100,347,1
2010/12/15,359,359,358,358,200,358,1
2010/12/16,341,341,340,340,2300,340,1
2010/12/21,340,340,340,340,600,340,1
2010/12/22,340,340,340,340,100,340,1
2010/12/24,350,360,350,360,300,360,1
2010/12/27,360,360,360,360,400,360,1
2010/12/28,360,360,360,360,100,360,1
2010/12/29,351,359,351,358,500,358,1
2011/01/04,362,362,362,362,100,362,1
2011/01/06,346,356,346,356,800,356,1
2011/01/07,360,362,360,360,1300,360,1
2011/01/11,370,380,370,380,800,380,1
2011/01/12,390,390,390,390,700,390,1
2011/01/14,385,385,380,380,200,380,1
2011/01/20,359,364,359,364,200,364,1
2011/01/21,360,360,355,355,1200,355,1
2011/01/27,350,350,350,350,600,350,1
2011/01/28,352,352,352,352,600,352,1
2011/01/31,352,352,341,341,300,341,1
2011/02/01,352,352,352,352,600,352,1
2011/02/09,379,379,355,355,500,355,1
2011/02/14,355,367,355,367,1200,367,1
2011/02/15,368,368,368,368,500,368,1
2011/02/16,352,352,351,351,400,351,1
2011/02/17,359,359,359,359,100,359,1
2011/02/18,351,361,345,361,1000,361,1
2011/02/21,353,355,353,355,1800,355,1
2011/02/22,359,359,351,351,800,351,1
2011/02/23,360,368,355,355,500,355,1
2011/02/28,351,351,351,351,100,351,1
2011/03/01,359,359,350,350,700,350,1
2011/03/11,355,355,355,355,100,355,1
2011/03/14,340,340,301,320,3600,320,1
2011/03/15,310,310,280,280,2600,280,1
2011/03/16,269,280,269,269,800,269,1
2011/03/17,277,277,248,265,2500,265,1
2011/03/18,300,344,300,333,1600,333,1
2011/03/22,333,334,333,333,600,333,1
2011/03/23,301,301,300,300,500,300,1
2011/03/24,305,312,305,312,500,312,1
2011/03/28,300,300,300,300,1100,300,1
2011/03/29,285,285,285,285,1000,285,1
2011/03/30,285,300,280,300,800,300,1
2011/03/31,308,320,308,320,600,320,1
2011/04/01,325,343,325,343,600,343,1
2011/04/04,340,340,340,340,700,340,1
2011/04/06,330,330,330,330,100,330,1
2011/04/07,330,345,330,345,400,345,1
2011/04/11,350,350,330,330,400,330,1
2011/04/12,335,343,335,343,200,343,1
2011/04/14,351,351,351,351,100,351,1
2011/04/18,358,358,358,358,200,358,1
2011/04/25,336,336,336,336,900,336,1
2011/04/26,335,335,335,335,200,335,1
2011/04/27,335,335,335,335,1200,335,1
2011/04/28,335,335,335,335,200,335,1
2011/05/06,343,343,343,343,100,343,1
2011/05/16,319,319,319,319,100,319,1
2011/05/17,335,335,335,335,200,335,1
2011/05/18,335,335,335,335,100,335,1
2011/05/23,330,330,330,330,600,330,1
2011/05/25,322,325,322,325,200,325,1
2011/05/26,310,318,310,318,500,318,1
2011/05/27,325,325,315,315,800,315,1
2011/05/31,315,330,308,315,6200,315,1
2011/06/13,323,323,323,323,100,323,1
2011/06/14,315,315,315,315,500,315,1
2011/06/21,315,330,315,330,1000,330,1
2011/06/29,330,330,315,315,200,315,1
2011/06/30,294,294,294,294,500,294,1
2011/07/01,294,308,294,308,2300,308,1
2011/07/05,310,310,310,310,1100,310,1
2011/07/14,303,303,303,303,500,303,1
2011/07/19,300,300,300,300,2000,300,1
2011/07/20,298,298,298,298,100,298,1
2011/07/21,308,308,308,308,100,308,1
2011/07/25,302,302,302,302,100,302,1
2011/07/26,302,302,302,302,100,302,1
2011/07/28,301,301,301,301,100,301,1
2011/07/29,300,300,300,300,1000,300,1
2011/08/02,305,305,305,305,100,305,1
2011/08/03,300,300,300,300,1300,300,1
2011/08/04,300,300,300,300,200,300,1
2011/08/05,308,315,300,315,900,315,1
2011/08/08,295,300,295,300,1300,300,1
2011/08/17,305,305,295,295,200,295,1
2011/08/18,300,305,300,305,900,305,1
2011/08/24,289,289,289,289,400,289,1
2011/08/29,289,290,289,290,200,290,1
2011/08/30,297,297,297,297,100,297,1
2011/08/31,299,299,299,299,500,299,1
2011/09/01,300,300,300,300,100,300,1
2011/09/08,276,276,276,276,300,276,1
2011/09/09,292,292,268,268,400,268,1
2011/09/12,276,292,276,292,200,292,1
2011/09/16,268,270,268,270,800,270,1
2011/09/20,278,278,278,278,100,278,1
2011/09/22,262,262,254,262,1100,262,1
2011/09/27,270,270,270,270,400,270,1
2011/09/29,270,270,270,270,100,270,1
2011/10/06,270,270,270,270,100,270,1
2011/10/13,270,270,270,270,100,270,1
2011/10/14,270,270,270,270,300,270,1
2011/10/20,275,275,275,275,100,275,1
2011/10/26,270,270,270,270,100,270,1
2011/11/01,270,286,270,270,1400,270,1
2011/11/02,290,290,290,290,100,290,1
2011/11/10,258,258,258,258,400,258,1
2011/11/11,265,265,265,265,100,265,1
2011/11/14,270,270,270,270,100,270,1
2011/11/29,270,270,270,270,100,270,1
2011/11/30,270,270,270,270,300,270,1
2011/12/02,270,270,270,270,1200,270,1
2011/12/05,254,262,254,262,200,262,1
2011/12/06,255,255,254,254,300,254,1
2011/12/07,270,270,270,270,100,270,1
2011/12/14,265,265,265,265,100,265,1
2011/12/15,267,267,267,267,2000,267,1
2011/12/22,279,280,267,267,3100,267,1
2011/12/26,267,267,267,267,2200,267,1
2011/12/29,269,269,269,269,100,269,1
2012/01/06,280,280,280,280,200,280,1
2012/01/10,288,288,288,288,100,288,1
2012/01/13,275,275,275,275,100,275,1
2012/01/16,259,260,259,260,400,260,1
2012/01/20,270,270,270,270,100,270,1
2012/01/23,270,270,270,270,200,270,1
2012/01/24,266,266,265,266,700,266,1
2012/01/25,265,265,265,265,300,265,1
2012/01/31,270,270,270,270,300,270,1
2012/02/02,280,280,280,280,1000,280,1
2012/02/03,265,269,265,269,800,269,1
2012/02/09,284,284,284,284,100,284,1
2012/02/13,290,290,290,290,100,290,1
2012/02/15,310,310,310,310,200,310,1
2012/02/20,305,305,290,290,900,290,1
2012/02/21,290,290,290,290,200,290,1
2012/02/23,290,290,286,286,200,286,1
2012/02/24,296,296,296,296,300,296,1
2012/02/27,280,290,280,290,300,290,1
2012/02/28,280,280,280,280,300,280,1
2012/03/01,280,280,280,280,200,280,1
2012/03/02,280,280,280,280,500,280,1
2012/03/06,277,277,272,272,300,272,1
2012/03/07,272,272,270,270,500,270,1
2012/03/12,275,275,275,275,100,275,1
2012/03/13,280,281,280,280,700,280,1
2012/03/14,285,285,278,280,1600,280,1
2012/03/15,285,285,285,285,100,285,1
2012/03/16,290,290,277,277,1300,277,1
2012/03/19,280,280,280,280,300,280,1
2012/03/21,287,287,283,283,300,283,1
2012/03/22,288,288,281,281,200,281,1
2012/03/26,284,284,284,284,200,284,1
2012/03/30,282,282,282,282,100,282,1
2012/04/02,281,281,270,270,3600,270,1
2012/04/03,270,270,268,268,1600,268,1
2012/04/05,260,268,260,268,700,268,1
2012/04/06,268,271,268,271,200,271,1
2012/04/09,271,271,270,270,600,270,1
2012/04/12,262,262,261,261,500,261,1
2012/04/13,257,265,257,257,700,257,1
2012/04/16,233,235,230,234,3100,234,1
2012/04/17,230,231,230,231,800,231,1
2012/04/18,231,231,231,231,200,231,1
2012/04/19,236,240,236,240,200,240,1
2012/04/23,240,240,240,240,100,240,1
2012/04/27,230,233,222,230,2200,230,1
2012/05/01,222,230,222,228,2800,228,1
2012/05/02,228,230,228,228,700,228,1
2012/05/07,228,228,228,228,200,228,1
2012/05/09,228,228,228,228,300,228,1
2012/05/10,228,228,228,228,100,228,1
2012/05/11,230,235,228,235,3800,235,1
2012/05/16,234,234,234,234,200,234,1
2012/05/24,234,234,234,234,100,234,1
2012/05/25,219,227,219,227,300,227,1
2012/05/28,227,227,227,227,100,227,1
2012/05/29,229,229,204,204,2900,204,1
2012/05/30,208,208,208,208,100,208,1
2012/05/31,210,210,210,210,100,210,1
2012/06/05,205,205,205,205,100,205,1
2012/06/06,205,205,205,205,100,205,1
2012/06/07,210,210,210,210,300,210,1
2012/06/08,210,210,205,205,1300,205,1
2012/06/11,205,205,205,205,100,205,1
2012/06/12,205,210,205,210,300,210,1
2012/06/13,210,210,202,202,500,202,1
2012/06/14,202,205,202,205,200,205,1
2012/06/15,205,209,205,209,300,209,1
2012/06/18,201,209,201,209,300,209,1
2012/06/21,208,208,203,203,600,203,1
2012/06/22,202,205,202,202,700,202,1
2012/06/25,202,204,202,204,300,204,1
2012/06/26,212,264,212,242,8000,242,1
2012/06/27,243,255,236,250,2800,250,1
2012/06/28,238,256,232,240,1400,240,1
2012/06/29,232,232,222,232,2100,232,1
2012/07/02,248,248,248,248,1400,248,1
2012/07/03,248,248,248,248,100,248,1
2012/07/04,235,240,220,240,600,240,1
2012/07/05,218,220,218,219,1200,219,1
2012/07/06,223,240,219,225,3100,225,1
2012/07/09,220,220,220,220,100,220,1
2012/07/10,212,216,208,208,2600,208,1
2012/07/11,209,221,198,198,2900,198,1
2012/07/12,198,205,198,203,900,203,1
2012/07/13,195,203,195,195,1200,195,1
2012/07/17,190,190,175,181,3300,181,1
2012/07/18,175,181,175,178,2900,178,1
2012/07/19,177,177,174,174,800,174,1
2012/07/20,174,174,170,171,1000,171,1
2012/07/23,171,171,171,171,300,171,1
2012/07/25,170,171,170,171,300,171,1
2012/07/26,171,171,170,170,300,170,1
2012/07/27,170,171,161,163,1200,163,1
2012/07/30,163,169,163,169,1300,169,1
2012/07/31,169,169,169,169,100,169,1
2012/08/01,169,179,168,169,500,169,1
2012/08/02,165,167,165,167,500,167,1
2012/08/03,178,187,168,171,2300,171,1
2012/08/06,169,170,169,170,200,170,1
2012/08/07,171,171,171,171,600,171,1
2012/08/08,172,172,172,172,200,172,1
2012/08/09,172,172,167,167,600,167,1
2012/08/10,167,167,167,167,600,167,1
2012/08/13,167,167,167,167,100,167,1
2012/08/14,167,167,165,165,200,165,1
2012/08/15,165,165,165,165,100,165,1
2012/08/16,164,164,164,164,200,164,1
2012/08/17,165,165,165,165,100,165,1
2012/08/20,162,162,162,162,300,162,1
2012/08/27,165,165,165,165,100,165,1
2012/08/29,165,166,165,166,200,166,1
2012/08/30,166,166,166,166,100,166,1
2012/08/31,162,162,162,162,100,162,1
2012/09/03,162,163,162,163,400,163,1
2012/09/04,160,160,160,160,300,160,1
2012/09/05,161,164,160,164,300,164,1
2012/09/06,160,160,158,158,800,158,1
2012/09/07,160,160,160,160,100,160,1
2012/09/10,160,163,160,163,200,163,1
2012/09/12,158,168,158,168,1000,168,1
2012/09/13,168,168,168,168,700,168,1
2012/09/14,165,168,160,160,1700,160,1
2012/09/18,165,165,165,165,100,165,1
2012/09/24,162,162,162,162,200,162,1
2012/09/25,161,161,160,160,300,160,1
2012/09/26,165,165,160,160,200,160,1
2012/09/27,160,168,160,167,1300,167,1
2012/09/28,168,168,168,168,200,168,1
2012/10/02,159,159,159,159,400,159,1
2012/10/03,161,161,161,161,100,161,1
2012/10/09,169,169,169,169,1400,169,1
2012/10/12,169,169,169,169,300,169,1
2012/10/15,160,160,160,160,500,160,1
2012/10/16,175,175,175,175,100,175,1
2012/10/17,174,174,174,174,100,174,1
2012/10/18,170,170,170,170,100,170,1
2012/10/22,170,170,170,170,200,170,1
2012/10/23,170,174,170,174,200,174,1
2012/10/24,169,173,169,173,900,173,1
2012/10/26,168,173,168,173,1300,173,1
2012/10/30,164,164,163,164,1500,164,1
2012/10/31,168,168,168,168,100,168,1
2012/11/05,165,166,158,161,1900,161,1
2012/11/06,160,164,157,164,1100,164,1
2012/11/07,159,160,159,160,1800,160,1
2012/11/08,157,158,157,158,600,158,1
2012/11/09,158,158,158,158,200,158,1
2012/11/12,158,158,145,153,1500,153,1
2012/11/13,153,169,153,169,1700,169,1
2012/11/14,166,169,166,169,1000,169,1
2012/11/15,166,177,157,167,5100,167,1
2012/11/16,170,198,170,198,2700,198,1
2012/11/19,191,196,191,196,800,196,1
2012/11/20,172,172,168,172,5100,172,1
2012/11/21,168,173,161,169,1700,169,1
2012/11/22,169,169,169,169,300,169,1
2012/11/26,169,175,165,165,2500,165,1
2012/11/27,166,170,165,165,900,165,1
2012/11/28,165,169,165,169,200,169,1
2012/11/29,169,169,165,165,500,165,1
2012/11/30,165,170,165,166,600,166,1
2012/12/03,166,170,165,165,1100,165,1
2012/12/04,168,168,163,164,900,164,1
2012/12/05,164,169,163,163,1200,163,1
2012/12/06,163,163,162,162,600,162,1
2012/12/07,160,167,160,167,1800,167,1
2012/12/10,163,163,160,161,1400,161,1
2012/12/11,160,160,159,159,1000,159,1
2012/12/12,159,161,157,161,2100,161,1
2012/12/13,161,163,160,162,2300,162,1
2012/12/14,162,163,162,162,3500,162,1
2012/12/17,162,162,159,159,1700,159,1
2012/12/18,159,162,158,159,3100,159,1
2012/12/19,159,165,158,161,3900,161,1
2012/12/20,161,161,159,159,1000,159,1
2012/12/21,159,159,156,159,1300,159,1
2012/12/25,161,165,159,162,4800,162,1
2012/12/26,162,170,162,170,4400,170,1
2012/12/27,170,176,159,163,4100,163,1
2012/12/28,164,167,164,167,400,167,1
2013/01/04,162,171,162,171,4400,171,1
2013/01/07,168,185,165,175,3600,175,1
2013/01/08,199,225,194,199,12600,199,1
2013/01/09,207,207,195,197,3400,197,1
2013/01/10,197,198,192,192,4500,192,1
2013/01/11,192,192,190,191,2100,191,1
2013/01/15,191,220,176,176,13500,176,1
2013/01/16,180,182,180,181,1600,181,1
2013/01/17,186,231,186,231,10100,231,1
2013/01/18,311,311,311,311,6600,311,1
2013/01/21,391,391,391,391,9200,391,1
2013/01/22,415,415,323,355,52700,355,1
2013/01/23,311,333,305,308,11500,308,1
2013/01/24,300,305,252,296,15400,296,1
2013/01/25,277,293,275,278,3800,278,1
2013/01/28,302,302,285,285,11800,285,1
2013/01/29,319,319,296,319,10700,319,1
2013/01/30,317,321,285,301,10200,301,1
2013/01/31,309,309,292,292,4300,292,1
2013/02/01,290,290,275,289,3000,289,1
2013/02/04,290,290,277,277,1800,277,1
2013/02/05,270,270,253,265,5100,265,1
2013/02/06,261,284,254,284,3300,284,1
2013/02/07,285,287,280,280,900,280,1
2013/02/08,290,290,289,289,1100,289,1
2013/02/12,286,299,285,299,2500,299,1
2013/02/13,298,298,278,285,500,285,1
2013/02/14,276,276,275,275,500,275,1
2013/02/15,274,275,258,275,5000,275,1
2013/02/18,290,290,289,289,6800,289,1
2013/02/19,280,281,280,280,2600,280,1
2013/02/20,272,272,270,270,600,270,1
2013/02/21,276,276,276,276,400,276,1
2013/02/22,277,277,277,277,200,277,1
2013/02/25,288,288,262,277,2800,277,1
2013/02/26,282,282,279,279,900,279,1
2013/02/27,273,273,273,273,100,273,1
2013/02/28,279,283,279,283,300,283,1
2013/03/01,290,302,290,302,800,302,1
2013/03/04,301,302,278,278,4000,278,1
2013/03/05,279,282,278,278,800,278,1
2013/03/06,281,291,281,291,600,291,1
2013/03/07,290,290,284,284,700,284,1
2013/03/08,290,290,286,290,900,290,1
2013/03/11,295,305,286,304,1200,304,1
2013/03/12,303,303,295,303,600,303,1
2013/03/13,310,318,294,294,2100,294,1
2013/03/14,301,314,301,314,500,314,1
2013/03/15,314,329,314,329,9500,329,1
2013/03/18,329,340,329,340,5500,340,1
2013/03/19,340,340,317,339,1100,339,1
2013/03/21,345,419,329,419,10500,419,1
2013/03/22,363,375,344,351,5700,351,1
2013/03/25,375,419,375,419,6400,419,1
2013/03/26,403,416,400,416,1400,416,1
2013/03/27,420,496,420,496,14700,496,1
2013/03/28,564,576,506,528,34400,528,1
2013/03/29,538,538,440,500,18400,500,1
2013/04/01,490,520,460,460,12500,460,1
2013/04/02,396,540,382,540,8300,540,1
2013/04/03,640,640,590,640,32400,640,1
2013/04/04,680,680,540,595,23400,595,1
2013/04/05,675,675,525,575,19200,575,1
2013/04/08,555,649,550,630,25900,630,1
2013/04/09,632,664,612,649,18100,649,1
2013/04/10,635,650,613,628,8300,628,1
2013/04/11,600,600,576,599,7700,599,1
2013/04/12,600,603,585,602,3500,602,1
2013/04/15,602,605,550,550,10400,550,1
2013/04/16,550,580,493,570,6300,570,1
2013/04/17,600,600,599,599,5500,599,1
2013/04/18,611,620,595,595,5700,595,1
2013/04/19,600,613,530,570,5400,570,1
2013/04/22,575,597,570,597,2000,597,1
2013/04/23,587,587,550,575,5600,575,1
2013/04/24,555,600,555,600,2100,600,1
2013/04/25,605,605,600,600,300,600,1
2013/04/26,567,570,550,570,2500,570,1
2013/04/30,580,608,555,607,1800,607,1
2013/05/01,577,578,560,561,2100,561,1
2013/05/02,551,551,533,533,4000,533,1
2013/05/07,542,570,540,549,2100,549,1
2013/05/08,579,579,530,550,4400,550,1
2013/05/09,542,558,540,558,2500,558,1
2013/05/10,528,528,501,501,6900,501,1
2013/05/13,501,505,482,492,4600,492,1
2013/05/14,484,499,483,499,1300,499,1
2013/05/15,484,485,462,462,5100,462,1
2013/05/16,460,460,382,404,8700,404,1
2013/05/17,484,484,484,484,5100,484,1
2013/05/20,530,535,506,512,10000,512,1
2013/05/21,520,520,482,520,2200,520,1
2013/05/22,497,497,450,474,1900,474,1
2013/05/23,480,480,475,475,1700,475,1
2013/05/24,483,496,450,482,1600,482,1
2013/05/27,480,480,480,480,700,480,1
2013/05/28,448,448,448,448,1500,448,1
2013/05/29,400,442,399,412,12300,412,1
2013/05/30,412,432,404,427,3200,427,1
2013/05/31,426,426,410,410,400,410,1
2013/06/03,390,400,374,400,1400,400,1
2013/06/04,400,400,400,400,1200,400,1
2013/06/05,376,400,376,400,1100,400,1
2013/06/06,360,380,348,348,1800,348,1
2013/06/07,350,350,296,330,3100,330,1
2013/06/10,322,370,299,333,4800,333,1
2013/06/11,300,312,300,306,13900,306,1
2013/06/12,320,333,306,324,6900,324,1
2013/06/13,306,306,306,306,200,306,1
2013/06/14,308,320,307,307,1800,307,1
2013/06/17,306,306,300,300,400,300,1
2013/06/18,300,301,300,301,400,301,1
2013/06/19,300,300,290,292,1300,292,1
2013/06/21,291,309,290,309,1100,309,1
2013/06/24,309,314,300,300,1200,300,1
2013/06/25,284,298,270,298,2700,298,1
2013/06/26,282,282,282,282,300,282,1
2013/06/27,266,309,265,309,3200,309,1
2013/06/28,309,322,309,322,1300,322,1
2013/07/01,330,346,330,346,900,346,1
2013/07/02,338,349,337,345,5900,345,1
2013/07/03,339,339,339,339,2000,339,1
2013/07/04,339,339,325,325,1600,325,1
2013/07/05,338,338,338,338,200,338,1
2013/07/08,339,377,339,340,3800,340,1
2013/07/09,341,341,341,341,500,341,1
2013/07/10,343,343,326,326,7400,326,1
2013/07/11,326,326,326,326,1300,326,1
2013/07/12,351,351,351,351,700,351,1
2013/07/16,391,400,384,399,2900,399,1
2013/07/17,357,359,335,359,4000,359,1
2013/07/18,351,365,351,365,900,365,1
2013/07/19,349,349,349,349,1600,349,1
2013/07/22,342,351,342,351,400,351,1
2013/07/23,367,367,350,350,1800,350,1
2013/07/24,342,342,342,342,100,342,1
2013/07/26,342,342,342,342,200,342,1
2013/07/29,329,329,329,329,100,329,1
2013/07/30,320,320,304,306,2000,306,1
2013/07/31,299,299,297,297,200,297,1
2013/08/01,297,300,297,300,400,300,1
2013/08/02,317,318,317,318,300,318,1
2013/08/05,302,305,293,303,1200,303,1
2013/08/06,302,307,302,307,400,307,1
2013/08/07,301,318,301,318,700,318,1
2013/08/12,303,303,303,303,100,303,1
2013/08/13,305,305,305,305,100,305,1
2013/08/15,300,300,300,300,1000,300,1
2013/08/16,310,310,310,310,200,310,1
2013/08/21,294,294,294,294,300,294,1
2013/08/22,294,294,294,294,200,294,1
2013/08/23,302,302,302,302,100,302,1
2013/08/26,297,297,297,297,100,297,1
2013/08/27,297,297,297,297,1000,297,1
2013/08/28,297,297,297,297,100,297,1
2013/08/29,297,297,297,297,700,297,1
2013/09/03,297,297,297,297,100,297,1
2013/09/04,300,300,300,300,100,300,1
2013/09/05,284,285,284,285,200,285,1
2013/09/06,287,287,283,283,1000,283,1
2013/09/09,287,313,285,313,2100,313,1
2013/09/10,317,317,317,317,300,317,1
2013/09/11,331,397,331,397,9600,397,1
2013/09/12,405,411,350,360,14300,360,1
2013/09/13,357,357,324,342,2800,342,1
2013/09/17,340,342,324,340,1500,340,1
2013/09/18,335,348,324,340,2400,340,1
2013/09/19,357,357,357,357,200,357,1
2013/09/20,348,348,348,348,100,348,1
2013/09/25,324,324,324,324,300,324,1
2013/09/26,325,325,325,325,100,325,1
2013/09/27,341,341,333,333,600,333,1
2013/09/30,320,320,320,320,1900,320,1
2013/10/01,307,320,301,305,2000,305,1
2013/10/02,301,302,301,301,800,301,1
2013/10/04,311,311,311,311,100,311,1
2013/10/07,306,306,305,305,500,305,1
2013/10/08,313,316,313,316,600,316,1
2013/10/09,307,331,307,331,200,331,1
2013/10/10,341,341,341,341,200,341,1
2013/10/11,341,342,341,342,500,342,1
2013/10/15,311,328,311,327,700,327,1
2013/10/16,319,319,290,299,1700,299,1
2013/10/17,334,334,310,312,2100,312,1
2013/10/18,304,312,304,305,1000,305,1
2013/10/21,310,318,310,318,200,318,1
2013/10/22,323,323,323,323,200,323,1
2013/10/23,314,314,314,314,100,314,1
2013/10/24,313,313,313,313,100,313,1
2013/10/25,313,313,305,305,200,305,1
2013/10/28,321,321,321,321,200,321,1
2013/10/30,320,327,320,327,200,327,1
2013/11/07,303,315,303,315,200,315,1
2013/11/08,299,310,299,310,500,310,1
2013/11/12,314,314,314,314,100,314,1
2013/11/14,314,314,314,314,500,314,1
2013/11/15,315,325,315,325,700,325,1
2013/11/18,309,330,303,303,1100,303,1
2013/11/19,317,317,317,317,100,317,1
2013/11/20,317,317,317,317,100,317,1
2013/11/21,315,315,315,315,300,315,1
2013/11/22,307,309,307,309,300,309,1
2013/11/25,309,309,303,303,1200,303,1
2013/11/27,303,305,303,303,1200,303,1
2013/11/28,301,310,301,310,400,310,1
2013/11/29,317,317,317,317,100,317,1
2013/12/02,318,318,318,318,400,318,1
2013/12/04,302,319,302,319,300,319,1
2013/12/05,319,327,319,327,200,327,1
2013/12/06,326,330,326,330,400,330,1
2013/12/09,334,339,334,339,700,339,1
2013/12/10,336,336,336,336,900,336,1
2013/12/12,306,314,306,314,400,314,1
2013/12/13,306,306,306,306,200,306,1
2013/12/16,301,302,291,302,900,302,1
2013/12/17,286,291,286,289,1700,289,1
2013/12/18,288,288,288,288,500,288,1
2013/12/19,290,290,290,290,300,290,1
2013/12/20,290,290,285,289,1600,289,1
2013/12/24,273,282,273,275,3400,275,1
2013/12/25,289,289,271,271,3000,271,1
2013/12/26,272,279,272,279,200,279,1
2013/12/27,271,299,271,299,2800,299,1
2013/12/30,297,300,297,300,300,300,1
2014/01/06,296,296,296,296,300,296,1
2014/01/07,302,303,302,303,600,303,1
2014/01/10,311,311,311,311,100,311,1
2014/01/14,320,320,301,310,300,310,1
2014/01/15,303,303,293,293,300,293,1
2014/01/16,285,317,275,317,8800,317,1
2014/01/17,310,316,310,316,1600,316,1
2014/01/20,316,316,300,300,600,300,1
2014/01/21,308,317,308,317,600,317,1
2014/01/22,302,312,301,312,400,312,1
2014/01/24,304,304,304,304,400,304,1
2014/01/27,298,298,297,297,200,297,1
2014/01/29,300,300,300,300,100,300,1
2014/01/30,286,286,286,286,300,286,1
2014/02/03,287,287,287,287,100,287,1
2014/02/04,271,271,256,256,1800,256,1
2014/02/05,267,270,267,268,1000,268,1
2014/02/06,270,270,270,270,100,270,1
2014/02/07,270,270,270,270,100,270,1
2014/02/10,254,273,254,273,1600,273,1
2014/02/12,273,276,268,268,1800,268,1
2014/02/13,268,268,264,268,500,268,1
2014/02/14,260,320,260,280,6500,280,1
2014/02/17,288,288,281,281,800,281,1
2014/02/19,281,281,280,280,300,280,1
2014/02/21,275,275,275,275,100,275,1
2014/02/24,270,270,270,270,700,270,1
2014/02/25,265,270,265,270,600,270,1
2014/02/26,265,281,265,281,300,281,1
2014/03/03,270,280,270,280,700,280,1
2014/03/05,272,278,272,278,1900,278,1
2014/03/06,302,302,285,286,1600,286,1
2014/03/07,280,280,275,275,400,275,1
2014/03/10,284,284,284,284,400,284,1
2014/03/11,278,278,278,278,100,278,1
2014/03/13,275,275,270,271,600,271,1
2014/03/14,270,270,270,270,800,270,1
2014/03/17,271,271,271,271,100,271,1
2014/03/18,273,276,273,276,900,276,1
2014/03/19,275,280,272,280,400,280,1
2014/03/20,285,285,273,273,1900,273,1
2014/03/24,275,275,275,275,100,275,1
2014/03/26,275,275,275,275,200,275,1
2014/03/27,272,281,268,281,500,281,1
2014/03/31,269,279,269,279,200,279,1
2014/04/01,273,273,273,273,100,273,1
2014/04/02,275,280,275,280,1300,280,1
2014/04/03,275,275,275,275,100,275,1
2014/04/07,278,280,278,280,800,280,1
2014/04/08,288,288,288,288,500,288,1
2014/04/09,296,296,296,296,100,296,1
2014/04/10,277,277,277,277,1200,277,1
2014/04/11,271,271,271,271,100,271,1
2014/04/16,270,270,262,270,700,270,1
2014/04/21,280,280,275,275,500,275,1
2014/04/23,270,270,254,254,200,254,1
2014/04/25,264,264,264,264,100,264,1
2014/04/28,259,259,259,259,100,259,1
2014/04/30,261,261,261,261,100,261,1
2014/05/07,255,255,255,255,100,255,1
2014/05/09,254,254,254,254,1700,254,1
2014/05/12,251,251,250,250,200,250,1
2014/05/13,250,250,250,250,200,250,1
2014/05/15,234,245,234,245,1200,245,1
2014/05/16,235,268,235,266,2300,266,1
2014/05/23,242,250,240,250,1700,250,1
2014/05/26,234,242,231,241,1500,241,1
2014/05/27,234,234,234,234,100,234,1
2014/05/28,234,242,234,242,2000,242,1
2014/05/29,250,250,250,250,100,250,1
2014/06/02,235,249,235,249,200,249,1
2014/06/03,255,255,255,255,700,255,1
2014/06/04,246,246,245,245,900,245,1
2014/06/05,243,243,243,243,100,243,1
2014/06/09,249,249,238,245,700,245,1
2014/06/11,240,240,240,240,600,240,1
2014/06/13,240,240,240,240,500,240,1
2014/06/16,234,254,234,237,1000,237,1
2014/06/17,236,236,236,236,1600,236,1
2014/06/18,244,244,244,244,100,244,1
2014/06/19,244,245,237,238,1600,238,1
2014/06/20,245,245,245,245,100,245,1
2014/06/23,244,246,242,246,900,246,1
2014/06/24,253,254,253,254,3200,254,1
2014/06/25,257,257,257,257,100,257,1
2014/06/26,259,259,259,259,500,259,1
2014/06/27,273,307,273,300,4200,300,1
2014/06/30,284,300,280,295,3400,295,1
2014/07/03,298,300,298,300,800,300,1
2014/07/08,317,317,317,317,1100,317,1
2014/07/09,294,294,293,293,300,293,1
2014/07/10,295,295,295,295,500,295,1
2014/07/11,298,298,297,298,600,298,1
2014/07/15,300,300,300,300,500,300,1
2014/07/16,299,299,283,284,800,284,1
2014/07/17,276,297,276,281,800,281,1
2014/07/23,275,305,275,305,800,305,1
2014/07/24,304,304,280,302,400,302,1
2014/07/30,278,308,278,308,1500,308,1
2014/08/01,316,316,316,316,100,316,1
2014/08/04,316,317,316,317,300,317,1
2014/08/11,317,317,317,317,100,317,1
2014/08/22,317,317,317,317,100,317,1
2014/08/26,310,310,310,310,100,310,1
2014/08/28,310,310,310,310,100,310,1
2014/08/29,302,315,292,292,1100,292,1
2014/09/01,305,306,305,305,900,305,1
2014/09/02,306,306,306,306,1000,306,1
2014/09/03,315,317,315,317,1400,317,1
2014/09/04,325,325,285,292,7200,292,1
2014/09/05,299,306,294,294,5400,294,1
2014/09/08,302,302,302,302,200,302,1
2014/09/09,310,310,310,310,100,310,1
2014/09/11,310,310,310,310,2100,310,1
2014/09/12,310,310,310,310,400,310,1
2014/09/16,310,315,310,315,600,315,1
2014/09/17,315,315,315,315,400,315,1
2014/09/19,320,320,317,317,300,317,1
2014/09/22,315,315,310,310,600,310,1
2014/09/29,310,310,310,310,100,310,1
2014/10/02,325,325,310,310,500,310,1
2014/10/03,295,295,295,295,100,295,1
2014/10/06,300,300,300,300,100,300,1
2014/10/07,300,300,300,300,500,300,1
2014/10/09,276,300,276,277,2000,277,1
2014/10/10,290,319,290,296,1300,296,1
2014/10/14,280,280,280,280,800,280,1
2014/10/15,282,282,251,278,4500,278,1
2014/10/16,284,284,280,280,200,280,1
2014/10/17,278,292,278,292,400,292,1
2014/10/20,292,292,292,292,1700,292,1
2014/10/21,260,268,260,268,3800,268,1
2014/10/22,261,261,261,261,200,261,1
2014/10/24,271,271,268,268,300,268,1
2014/10/27,284,285,284,285,400,285,1
2014/10/28,290,300,290,300,500,300,1
2014/10/29,300,300,300,300,100,300,1
2014/10/31,310,310,310,310,100,310,1
2014/11/04,320,365,284,300,13600,300,1
2014/11/05,314,345,310,326,2600,326,1
2014/11/06,318,326,310,326,1600,326,1
2014/11/10,329,329,329,329,100,329,1
2014/11/11,330,330,330,330,200,330,1
2014/11/12,330,354,330,335,1200,335,1
2014/11/17,314,346,314,346,200,346,1
2014/11/18,328,344,328,344,400,344,1
2014/11/19,327,333,326,333,600,333,1
2014/11/20,326,326,326,326,400,326,1
2014/11/21,326,326,296,320,1800,320,1
2014/11/25,304,318,304,318,2400,318,1
2014/11/26,317,325,317,325,1000,325,1
2014/11/27,335,335,330,330,200,330,1
2014/12/01,331,331,331,331,400,331,1
2014/12/02,339,339,339,339,500,339,1
2014/12/04,331,339,331,339,600,339,1
2014/12/05,327,330,325,330,1700,330,1
2014/12/09,322,322,322,322,300,322,1
2014/12/10,322,322,322,322,100,322,1
2014/12/11,316,316,315,315,1600,315,1
2014/12/12,317,345,317,345,300,345,1
2014/12/15,344,344,330,330,800,330,1
2014/12/16,344,348,320,348,4000,348,1
2014/12/17,348,425,335,425,13500,425,1
2014/12/18,431,505,431,484,20500,484,1
2014/12/19,510,520,415,430,10200,430,1
2014/12/22,374,386,361,386,10300,386,1
2014/12/24,389,415,371,387,5700,387,1
2014/12/25,395,400,352,362,3300,362,1
2014/12/26,362,362,355,360,800,360,1
2014/12/29,375,376,360,361,5700,361,1
2014/12/30,369,375,352,369,2800,369,1
2015/01/05,379,380,340,375,3200,375,1
2015/01/07,379,455,379,455,1300,455,1
2015/01/08,471,471,402,442,1200,442,1
2015/01/09,412,428,412,415,800,415,1
2015/01/13,400,400,389,391,600,391,1
2015/01/14,392,409,392,409,1600,409,1
2015/01/15,410,458,409,420,6000,420,1
2015/01/16,420,420,381,391,6300,391,1
2015/01/19,423,456,423,432,3500,432,1
2015/01/20,432,437,421,421,1200,421,1
2015/01/21,397,410,397,410,600,410,1
2015/01/22,423,436,423,436,1400,436,1
2015/01/23,437,439,411,411,3600,411,1
2015/01/26,427,438,409,425,1100,425,1
2015/01/27,413,413,411,411,1600,411,1
2015/01/28,405,405,405,405,400,405,1
2015/01/29,402,405,400,405,700,405,1
2015/02/04,405,405,405,405,100,405,1
2015/02/05,405,407,380,407,500,407,1
2015/02/10,404,405,404,405,200,405,1
2015/02/12,405,405,405,405,1000,405,1
2015/02/13,407,410,407,410,2500,410,1
2015/02/16,410,415,409,415,10800,415,1
2015/02/17,420,420,420,420,500,420,1
2015/02/18,420,420,420,420,700,420,1
2015/02/19,420,420,420,420,3900,420,1
2015/02/20,420,420,396,419,400,419,1
2015/02/23,420,499,420,486,20000,486,1
2015/02/24,470,470,450,455,1400,455,1
2015/02/25,463,463,433,433,1100,433,1
2015/02/26,430,437,430,432,2400,432,1
2015/02/27,431,455,430,446,4500,446,1
2015/03/03,435,450,435,450,2200,450,1
2015/03/04,450,454,430,438,13100,438,1
2015/03/05,454,454,430,430,5400,430,1
2015/03/06,430,432,424,426,3200,426,1
2015/03/09,426,441,425,441,1100,441,1
2015/03/10,441,444,422,422,12600,422,1
2015/03/11,430,438,425,438,3700,438,1
2015/03/12,439,439,430,430,1500,430,1
2015/03/13,422,437,421,437,800,437,1
2015/03/16,430,430,430,430,500,430,1
2015/03/17,430,446,430,446,600,446,1
2015/03/18,445,449,417,430,5900,430,1
2015/03/19,438,438,425,425,300,425,1
2015/03/23,433,449,430,430,5000,430,1
2015/03/24,433,433,430,430,1800,430,1
2015/03/25,430,442,430,442,900,442,1
2015/03/26,431,431,430,430,800,430,1
2015/03/27,430,430,430,430,400,430,1
2015/03/31,435,440,435,440,200,440,1
2015/04/01,440,460,440,460,1000,460,1
2015/04/02,470,500,470,500,1600,500,1
2015/04/03,500,504,466,504,1100,504,1
2015/04/06,502,502,502,502,100,502,1
2015/04/07,506,506,506,506,100,506,1
2015/04/08,506,530,505,518,2200,518,1
2015/04/09,518,535,518,535,500,535,1
2015/04/10,560,635,560,635,2700,635,1
2015/04/13,645,673,600,610,5700,610,1
2015/04/14,610,645,600,645,4400,645,1
2015/04/15,630,647,614,630,4200,630,1
2015/04/16,620,640,600,625,700,625,1
2015/04/17,630,635,625,635,4100,635,1
2015/04/20,629,629,565,565,2300,565,1
2015/04/21,545,545,503,535,4600,535,1
2015/04/22,545,635,545,635,10000,635,1
2015/04/23,635,684,635,676,6600,676,1
2015/04/24,699,765,642,715,9100,715,1
2015/04/27,745,865,745,865,14700,865,1
2015/04/28,872,1015,720,726,42100,726,1
2015/04/30,750,876,750,876,25000,876,1
2015/05/01,726,810,726,740,24100,740,1
2015/05/07,740,750,625,649,6300,649,1
2015/05/08,624,713,604,699,8000,699,1
2015/05/11,649,650,637,642,2800,642,1
2015/05/12,632,643,620,620,3600,620,1
2015/05/13,610,615,598,598,3600,598,1
2015/05/14,588,620,574,605,2200,605,1
2015/05/15,601,630,578,630,4800,630,1
2015/05/18,642,642,592,592,600,592,1
2015/05/19,610,630,610,614,700,614,1
2015/05/20,604,604,565,575,6200,575,1
2015/05/21,566,566,548,550,2100,550,1
2015/05/22,561,573,550,550,2500,550,1
2015/05/25,570,570,540,540,1600,540,1
2015/05/26,550,576,506,576,2800,576,1
2015/05/27,546,565,520,540,13400,540,1
2015/05/28,540,543,535,543,2000,543,1
2015/05/29,550,630,550,571,4700,571,1
2015/06/01,591,640,588,600,8900,600,1
2015/06/02,620,635,617,635,4200,635,1
2015/06/03,635,635,602,635,3100,635,1
2015/06/04,633,638,617,617,3900,617,1
2015/06/05,632,639,622,634,7800,634,1
2015/06/08,634,634,600,634,3900,634,1
2015/06/09,642,642,642,642,400,642,1
2015/06/10,632,632,632,632,100,632,1
2015/06/12,637,638,630,631,1500,631,1
2015/06/16,601,611,600,611,300,611,1
2015/06/17,600,600,555,598,3800,598,1
2015/06/18,568,568,506,506,11200,506,1
2015/06/19,516,516,488,489,6400,489,1
2015/06/22,500,502,496,498,2900,498,1
2015/06/23,498,503,470,488,4500,488,1
2015/06/24,480,484,476,484,500,484,1
2015/06/25,484,505,475,505,800,505,1
2015/06/26,505,505,495,495,300,495,1
2015/06/29,490,490,490,490,700,490,1
2015/06/30,498,499,490,499,400,499,1
2015/07/01,491,510,491,510,400,510,1
2015/07/03,500,505,480,505,500,505,1
2015/07/06,481,493,471,493,1000,493,1
2015/07/07,493,493,472,472,600,472,1
2015/07/08,494,499,482,490,1800,490,1
2015/07/09,482,490,466,482,1300,482,1
2015/07/10,471,471,463,463,300,463,1
2015/07/13,470,470,470,470,500,470,1
2015/07/14,480,529,480,529,4300,529,1
2015/07/15,549,560,529,529,2600,529,1
2015/07/16,510,510,499,500,2500,500,1
2015/07/17,500,500,500,500,300,500,1
2015/07/21,500,500,495,500,1400,500,1
2015/07/23,491,504,491,499,400,499,1
2015/07/24,491,500,491,500,400,500,1
2015/07/28,495,500,495,500,600,500,1
2015/07/29,490,500,490,500,600,500,1
2015/07/30,490,490,490,490,600,490,1
2015/07/31,490,490,490,490,1500,490,1
2015/08/03,490,490,482,490,900,490,1
2015/08/04,482,490,482,490,200,490,1
2015/08/05,498,520,490,519,1700,519,1
2015/08/06,509,509,509,509,1000,509,1
2015/08/07,537,537,537,537,100,537,1
2015/08/13,522,522,522,522,100,522,1
2015/08/14,512,512,512,512,200,512,1
2015/08/17,524,524,515,515,200,515,1
2015/08/18,516,524,514,514,400,514,1
2015/08/19,515,515,515,515,300,515,1
2015/08/20,515,515,515,515,200,515,1
2015/08/21,515,524,496,524,2400,524,1
2015/08/24,490,522,485,505,1200,505,1
2015/08/25,494,504,492,500,2500,500,1
2015/08/26,500,500,500,500,200,500,1
2015/08/27,450,500,450,500,2800,500,1
2015/08/28,468,519,468,519,700,519,1
2015/09/01,491,525,491,525,700,525,1
2015/09/03,525,540,525,540,1200,540,1
2015/09/04,540,540,540,540,300,540,1
2015/09/07,531,550,530,550,1800,550,1
2015/09/08,550,550,510,540,1100,540,1
2015/09/09,540,550,530,550,2900,550,1
2015/09/10,550,560,550,560,200,560,1
2015/09/14,565,565,565,565,100,565,1
2015/09/15,570,665,570,650,6100,650,1
2015/09/16,590,601,555,555,3600,555,1
2015/09/17,605,605,590,590,300,590,1
2015/09/24,589,600,589,600,400,600,1
2015/09/25,576,590,565,590,1200,590,1
2015/09/28,580,580,580,580,100,580,1
2015/09/29,510,540,510,540,300,540,1
2015/09/30,450,620,450,520,72500,520,1
2015/10/01,520,520,520,520,300,520,1
2015/10/05,500,500,490,490,700,490,1
2015/10/07,495,495,495,495,100,495,1
2015/10/08,500,500,500,500,500,500,1
2015/10/09,505,505,505,505,200,505,1
2015/10/13,525,525,510,515,1300,515,1
2015/10/14,497,515,497,515,200,515,1
2015/10/15,510,510,500,500,500,500,1
2015/10/16,485,485,450,450,7300,450,1
2015/10/19,450,450,429,429,1100,429,1
2015/10/20,433,449,433,433,2800,433,1
2015/10/21,449,456,449,456,800,456,1
2015/10/22,441,441,400,400,1600,400,1
2015/10/23,408,413,405,413,800,413,1
2015/10/26,415,417,415,417,600,417,1
2015/10/27,417,417,404,404,500,404,1
2015/10/28,420,428,405,405,600,405,1
2015/10/29,397,412,382,412,900,412,1
2015/10/30,404,404,400,400,200,400,1
2015/11/02,392,399,392,399,300,399,1
2015/11/04,406,455,406,455,3600,455,1
2015/11/05,415,415,400,414,1600,414,1
2015/11/06,438,438,438,438,800,438,1
2015/11/09,406,416,405,413,3400,413,1
2015/11/10,413,414,406,414,500,414,1
2015/11/11,430,494,430,494,8200,494,1
2015/11/12,542,570,452,460,9300,460,1
2015/11/13,460,500,437,487,3600,487,1
2015/11/16,487,503,487,503,200,503,1
2015/11/17,541,541,459,468,700,468,1
2015/11/18,460,468,392,423,10500,423,1
2015/11/19,439,444,420,444,1700,444,1
2015/11/24,420,420,420,420,800,420,1
2015/11/25,412,425,400,420,3500,420,1
2015/11/26,412,416,408,410,1100,410,1
2015/11/27,411,411,406,406,600,406,1
2015/11/30,422,432,402,418,1500,418,1
2015/12/01,419,435,419,426,2000,426,1
2015/12/02,413,435,412,435,1200,435,1
2015/12/03,435,440,435,440,1100,440,1
2015/12/04,424,440,384,430,15100,430,1
2015/12/07,410,411,403,410,1100,410,1
2015/12/08,410,444,410,444,2900,444,1
2015/12/09,448,448,415,445,2900,445,1
2015/12/11,421,421,421,421,400,421,1
2015/12/14,413,413,391,410,2000,410,1
2015/12/15,418,418,397,405,3700,405,1
2015/12/16,405,432,405,432,2200,432,1
2015/12/17,432,434,416,434,1200,434,1
2015/12/18,435,435,420,432,900,432,1
2015/12/22,416,448,401,448,2300,448,1
2015/12/24,440,470,440,470,10700,470,1
2015/12/25,480,480,448,480,2600,480,1
2015/12/28,484,490,484,490,900,490,1
2015/12/30,490,505,490,505,1700,505,1
2016/01/04,455,600,455,599,1200,599,1
2016/01/05,596,596,505,596,2400,596,1
2016/01/06,536,536,496,518,4600,518,1
2016/01/07,494,494,426,440,8700,440,1
2016/01/08,448,448,424,428,2900,428,1
2016/01/12,405,405,400,400,2300,400,1
2016/01/13,392,408,392,408,500,408,1
2016/01/14,400,400,392,392,300,392,1
2016/01/15,403,424,396,408,2600,408,1
2016/01/18,396,396,396,396,800,396,1
2016/01/19,392,392,392,392,400,392,1
2016/01/20,380,393,380,393,900,393,1
2016/01/21,385,385,382,382,400,382,1
2016/01/22,400,400,372,390,900,390,1
2016/01/26,382,382,382,382,100,382,1
2016/01/27,406,414,406,414,300,414,1
2016/01/28,430,450,430,450,1600,450,1
2016/02/01,466,530,466,530,8400,530,1
2016/02/02,530,590,530,560,5800,560,1
2016/02/03,566,566,460,460,12600,460,1
2016/02/04,412,412,380,380,73200,380,1
2016/02/05,376,376,300,305,84200,305,1
2016/02/08,321,321,289,311,15500,311,1
2016/02/09,311,311,281,282,7600,282,1
2016/02/10,295,296,258,270,9700,270,1
2016/02/12,254,256,240,241,8300,241,1
2016/02/15,252,258,248,257,5400,257,1
2016/02/16,249,257,235,242,10100,242,1
2016/02/17,243,263,241,241,2900,241,1
2016/02/18,251,321,242,316,36300,316,1
2016/02/19,320,320,272,281,14400,281,1
2016/02/22,277,288,275,288,5700,288,1
2016/02/23,280,281,280,281,900,281,1
2016/02/24,286,291,285,291,5000,291,1
2016/02/25,291,294,286,286,3900,286,1
2016/02/26,299,301,299,301,2300,301,1
2016/02/29,309,320,300,310,5100,310,1
2016/03/01,312,320,298,298,3100,298,1
2016/03/02,293,315,293,314,1400,314,1
2016/03/03,320,326,320,326,400,326,1
2016/03/04,302,312,302,308,2900,308,1
2016/03/07,308,311,301,301,1500,301,1
2016/03/08,309,315,293,301,2300,301,1
2016/03/09,293,295,271,282,3900,282,1
2016/03/10,280,288,280,288,1700,288,1
2016/03/11,309,313,290,292,5100,292,1
2016/03/14,288,295,286,287,2100,287,1
2016/03/15,298,315,298,298,2100,298,1
2016/03/16,300,309,300,309,300,309,1
2016/03/17,313,313,294,295,2000,295,1
2016/03/18,291,291,291,291,400,291,1
2016/03/22,298,300,298,298,1200,298,1
2016/03/23,298,299,298,299,900,299,1
2016/03/24,300,304,300,300,400,300,1
2016/03/25,286,318,286,318,3200,318,1
2016/03/28,317,317,291,307,2400,307,1
2016/03/30,297,300,292,300,400,300,1
2016/03/31,295,300,295,300,700,300,1
2016/04/01,293,293,291,291,1600,291,1
2016/04/04,288,291,288,291,2000,291,1
2016/04/05,282,296,280,280,1100,280,1
2016/04/06,272,272,252,267,7900,267,1
2016/04/07,265,269,260,268,1200,268,1
2016/04/08,260,275,260,275,900,275,1
2016/04/11,278,279,269,279,2100,279,1
2016/04/12,285,293,285,293,1100,293,1
2016/04/13,285,290,281,290,800,290,1
2016/04/14,282,293,281,282,2100,282,1
2016/04/15,288,288,278,287,2800,287,1
2016/04/18,282,283,275,275,1100,275,1
2016/04/19,275,279,274,279,500,279,1
2016/04/20,271,277,266,277,2800,277,1
2016/04/21,276,285,276,285,1200,285,1
2016/04/22,280,280,278,278,200,278,1
2016/04/25,271,271,271,271,1000,271,1
2016/04/26,282,282,282,282,300,282,1
2016/04/27,275,276,275,275,400,275,1
2016/04/28,279,282,275,282,2100,282,1
2016/05/02,274,274,272,272,2300,272,1
2016/05/06,273,273,272,272,1800,272,1
2016/05/09,269,269,269,269,100,269,1
2016/05/10,270,270,270,270,600,270,1
2016/05/12,268,269,268,268,1800,268,1
2016/05/13,275,277,263,263,3400,263,1
2016/05/16,265,265,263,263,1800,263,1
2016/05/17,261,262,254,262,3400,262,1
2016/05/18,262,262,259,259,2000,259,1
2016/05/19,259,281,251,279,9100,279,1
2016/05/20,285,292,285,290,4700,290,1
2016/05/23,294,300,284,284,2700,284,1
2016/05/24,295,318,295,305,4900,305,1
2016/05/25,310,385,310,335,32800,335,1
2016/05/26,327,353,319,346,5900,346,1
2016/05/27,350,400,350,400,9800,400,1
2016/05/30,400,400,358,375,4500,375,1
2016/05/31,367,367,336,354,4400,354,1
2016/06/01,345,345,330,338,1000,338,1
2016/06/02,323,323,291,299,9400,299,1
2016/06/03,299,379,295,379,11600,379,1
2016/06/06,395,395,314,318,14300,318,1
2016/06/07,319,325,313,317,2300,317,1
2016/06/08,311,333,307,307,3100,307,1
2016/06/09,310,310,303,303,800,303,1
2016/06/10,303,314,300,308,7500,308,1
2016/06/13,310,335,305,325,5300,325,1
2016/06/14,324,324,300,300,1000,300,1
2016/06/15,332,332,305,315,2400,315,1
2016/06/16,307,312,293,301,1400,301,1
2016/06/17,306,306,291,291,500,291,1
2016/06/20,307,307,292,300,700,300,1
2016/06/22,297,297,297,297,100,297,1
2016/06/23,297,297,296,296,200,296,1
2016/06/24,297,297,281,281,1300,281,1
2016/06/27,287,300,284,288,800,288,1
2016/06/28,280,280,272,275,1700,275,1
2016/06/29,274,285,274,285,400,285,1
2016/06/30,357,357,300,316,7000,316,1
2016/07/04,301,304,296,298,1300,298,1
2016/07/05,301,301,294,294,600,294,1
2016/07/06,291,299,290,299,1200,299,1
2016/07/07,300,300,289,290,2600,290,1
2016/07/08,295,298,289,298,800,298,1
2016/07/11,298,298,295,298,500,298,1
2016/07/12,298,306,297,306,900,306,1
2016/07/13,312,312,292,292,2200,292,1
2016/07/14,292,292,292,292,100,292,1
2016/07/15,292,292,292,292,100,292,1
2016/07/19,300,308,300,300,2000,300,1
2016/07/20,300,300,298,298,900,298,1
2016/07/25,286,295,286,295,2700,295,1
2016/07/26,290,294,286,294,1000,294,1
2016/07/27,286,331,286,303,4400,303,1
2016/07/29,303,303,295,297,800,297,1
2016/08/02,300,300,285,287,2000,287,1
2016/08/03,283,291,283,286,1800,286,1
2016/08/04,291,291,290,290,200,290,1
2016/08/05,285,291,285,291,600,291,1
2016/08/08,290,290,273,290,2900,290,1
2016/08/10,284,290,284,290,200,290,1
2016/08/12,289,289,283,283,500,283,1
2016/08/15,283,289,283,289,700,289,1
2016/08/16,290,290,290,290,500,290,1
2016/08/17,292,292,289,289,500,289,1
2016/08/18,289,289,287,287,600,287,1
2016/08/19,293,296,293,296,500,296,1
2016/08/22,302,302,302,302,600,302,1
2016/08/24,303,306,300,300,600,300,1
2016/08/26,293,293,277,280,3500,280,1
2016/08/29,283,283,282,282,800,282,1
2016/08/30,290,300,290,300,1800,300,1
2016/08/31,300,303,300,300,1000,300,1
2016/09/01,300,300,300,300,400,300,1
2016/09/02,306,315,306,314,1800,314,1
2016/09/05,314,314,314,314,200,314,1
2016/09/06,314,314,314,314,200,314,1
2016/09/07,340,340,325,334,5700,334,1
2016/09/08,333,358,327,358,1800,358,1
2016/09/09,374,379,353,369,3400,369,1
2016/09/12,365,367,360,360,2100,360,1
2016/09/13,368,370,360,361,1900,361,1
2016/09/15,372,390,372,389,900,389,1
2016/09/16,388,388,370,370,1300,370,1
2016/09/20,368,369,366,366,1500,366,1
2016/09/21,365,365,361,362,2200,362,1
2016/09/23,377,377,356,356,300,356,1
2016/09/26,356,356,351,351,300,351,1
2016/09/27,389,389,370,370,300,370,1
2016/09/28,370,390,370,390,200,390,1
2016/09/29,389,389,380,380,600,380,1
2016/09/30,356,365,356,365,2500,365,1
2016/10/03,357,358,357,357,400,357,1
2016/10/05,357,365,357,365,200,365,1
2016/10/06,404,404,366,388,7500,388,1
2016/10/07,396,396,363,373,4200,373,1
2016/10/11,378,388,360,363,3000,363,1
2016/10/12,379,390,360,360,3100,360,1
2016/10/13,361,366,360,366,1400,366,1
2016/10/14,366,369,360,367,1400,367,1
2016/10/17,367,367,367,367,400,367,1
2016/10/18,359,364,358,364,1000,364,1
2016/10/21,352,359,352,359,400,359,1
2016/10/24,351,352,348,348,1000,348,1
2016/10/25,363,367,357,365,700,365,1
2016/10/26,367,367,352,352,700,352,1
2016/10/27,352,352,336,336,1800,336,1
2016/10/28,337,350,334,350,300,350,1
2016/10/31,358,358,358,358,300,358,1
2016/11/01,349,349,349,349,300,349,1
2016/11/04,334,334,328,328,1400,328,1
2016/11/07,328,328,325,325,1300,325,1
2016/11/08,318,318,317,318,2800,318,1
2016/11/09,315,315,315,315,100,315,1
2016/11/10,320,321,320,320,600,320,1
2016/11/11,324,326,324,326,400,326,1
2016/11/14,321,341,320,341,1300,341,1
2016/11/16,334,337,334,337,300,337,1
2016/11/17,350,350,350,350,2500,350,1
2016/11/18,343,350,343,350,400,350,1
2016/11/24,350,350,350,350,100,350,1
2016/11/25,351,351,351,351,700,351,1
2016/11/28,359,370,359,370,900,370,1
2016/11/29,370,370,369,370,1200,370,1
2016/11/30,370,370,370,370,3000,370,1
2016/12/01,370,370,370,370,1000,370,1
2016/12/02,370,370,370,370,700,370,1
2016/12/05,370,370,370,370,200,370,1
2016/12/06,365,365,365,365,100,365,1
2016/12/07,370,370,370,370,700,370,1
2016/12/08,375,375,375,375,1000,375,1
2016/12/09,380,390,380,390,1700,390,1
2016/12/12,391,400,391,400,1300,400,1
2016/12/13,368,380,364,370,2900,370,1
2016/12/14,398,439,385,439,6000,439,1
2016/12/15,411,445,397,417,12000,417,1
2016/12/16,441,497,441,497,12200,497,1
2016/12/19,502,540,497,497,6200,497,1
2016/12/20,473,473,451,454,2500,454,1
2016/12/21,431,435,430,435,400,435,1
2016/12/22,430,430,418,418,1200,418,1
2016/12/26,417,417,417,417,300,417,1
2016/12/27,420,451,420,451,2400,451,1
2016/12/28,450,450,450,450,100,450,1
2016/12/29,413,413,411,411,2300,411,1
2016/12/30,443,443,413,440,3500,440,1
2017/01/04,440,440,439,439,3900,439,1
2017/01/06,443,443,435,435,500,435,1
2017/01/10,431,447,430,447,1500,447,1
2017/01/11,445,445,445,445,100,445,1
2017/01/12,445,445,445,445,500,445,1
2017/01/13,440,451,440,450,1300,450,1
2017/01/16,450,450,430,430,2200,430,1
2017/01/17,427,427,426,426,300,426,1
2017/01/18,432,432,430,431,300,431,1
2017/01/19,437,438,428,428,300,428,1
2017/01/20,423,423,423,423,300,423,1
2017/01/23,439,440,432,432,1300,432,1
2017/01/24,432,432,432,432,1200,432,1
2017/01/25,424,440,424,440,1500,440,1
2017/01/26,440,440,440,440,1000,440,1
2017/01/27,424,429,424,429,200,429,1
2017/01/30,440,440,440,440,500,440,1
2017/01/31,440,440,430,430,700,430,1
2017/02/03,431,431,430,430,200,430,1
2017/02/06,428,428,426,428,300,428,1
2017/02/07,428,428,425,425,200,425,1
2017/02/08,425,500,425,490,3100,490,1
2017/02/09,445,485,444,485,4400,485,1
2017/02/10,490,490,490,490,500,490,1
2017/02/13,458,458,458,458,100,458,1
2017/02/14,454,454,446,448,1000,448,1
2017/02/15,446,446,446,446,200,446,1
2017/02/16,446,446,446,446,500,446,1
2017/02/17,446,446,444,444,200,444,1
2017/02/20,448,448,432,440,1000,440,1
2017/02/21,432,432,430,430,4300,430,1
2017/02/22,426,444,426,430,1700,430,1
2017/02/23,425,425,420,420,400,420,1
2017/02/24,428,436,428,428,700,428,1
2017/02/28,428,430,428,430,300,430,1
2017/03/01,421,435,421,435,400,435,1
2017/03/02,420,438,420,438,400,438,1
2017/03/03,438,450,434,450,2100,450,1
2017/03/06,530,530,503,503,4400,503,1
2017/03/07,500,500,450,483,4600,483,1
2017/03/08,483,483,470,470,500,470,1
2017/03/09,465,468,434,468,2000,468,1
2017/03/10,476,476,476,476,100,476,1
2017/03/13,470,470,449,449,500,449,1
2017/03/14,460,479,460,475,1200,475,1
2017/03/15,470,470,470,470,200,470,1
2017/03/16,460,468,452,453,800,453,1
2017/03/17,456,475,456,474,400,474,1
2017/03/21,474,474,458,458,200,458,1
2017/03/22,461,464,461,464,400,464,1
2017/03/23,480,480,479,480,600,480,1
2017/03/24,480,519,480,499,1200,499,1
2017/03/27,474,478,468,478,1000,478,1
2017/03/28,485,485,458,458,1000,458,1
2017/03/29,472,472,471,472,900,472,1
2017/03/30,472,472,461,461,500,461,1
2017/03/31,458,458,457,457,400,457,1
2017/04/03,480,480,480,480,300,480,1
2017/04/04,485,510,485,501,2300,501,1
2017/04/05,468,484,468,484,200,484,1
2017/04/06,500,500,454,454,5200,454,1
2017/04/07,452,466,450,466,400,466,1
2017/04/10,480,480,475,475,200,475,1
2017/04/11,475,475,474,474,200,474,1
2017/04/12,460,467,406,426,3900,426,1
2017/04/13,450,450,400,400,3300,400,1
2017/04/14,392,402,391,402,2100,402,1
2017/04/17,410,410,368,400,4000,400,1
2017/04/18,392,398,391,391,1100,391,1
2017/04/19,399,401,378,401,2900,401,1
2017/04/20,401,401,395,395,600,395,1
2017/04/21,400,401,398,398,300,398,1
2017/04/24,390,390,383,383,300,383,1
2017/04/25,376,376,371,372,1800,372,1
2017/04/26,372,390,371,390,1200,390,1
2017/04/27,382,385,375,377,3300,377,1
2017/04/28,385,389,370,388,7500,388,1
2017/05/01,380,380,380,380,200,380,1
2017/05/08,377,394,375,394,3200,394,1
2017/05/09,398,418,395,418,1900,418,1
2017/05/10,417,417,417,417,100,417,1
2017/05/11,407,407,396,396,900,396,1
2017/05/12,417,460,417,422,8700,422,1
2017/05/15,425,425,395,418,4200,418,1
2017/05/16,404,404,375,395,15600,395,1
2017/05/17,395,415,394,397,3100,397,1
2017/05/18,395,395,381,385,3800,385,1
2017/05/19,393,393,385,385,700,385,1
2017/05/22,383,392,382,392,2700,392,1
2017/05/23,386,392,383,392,900,392,1
2017/05/25,388,388,379,379,2200,379,1
2017/05/26,380,385,379,385,1400,385,1
2017/05/29,389,390,389,390,400,390,1
2017/05/30,392,392,385,385,1500,385,1
2017/05/31,390,390,383,383,1400,383,1
2017/06/01,393,393,393,393,400,393,1
2017/06/02,386,390,379,379,3100,379,1
2017/06/05,387,387,379,379,2500,379,1
2017/06/06,381,400,381,400,6600,400,1
2017/06/07,405,426,405,422,2700,422,1
2017/06/08,422,422,402,402,1100,402,1
2017/06/09,402,402,402,402,200,402,1
2017/06/12,400,400,394,394,1200,394,1
2017/06/13,391,391,390,390,300,390,1
2017/06/14,394,394,383,388,13500,388,1
2017/06/15,388,392,388,392,200,392,1
2017/06/16,384,392,384,385,1000,385,1
2017/06/19,384,384,384,384,200,384,1
2017/06/20,390,400,376,379,9100,379,1
2017/06/21,377,379,377,377,500,377,1
2017/06/22,378,384,370,375,4200,375,1
2017/06/23,383,385,378,380,3800,380,1
2017/06/26,380,384,380,384,2400,384,1
2017/06/27,381,381,379,379,1200,379,1
2017/06/28,380,380,378,379,800,379,1
2017/06/29,379,379,368,376,4800,376,1
2017/06/30,376,379,376,379,1300,379,1
2017/07/03,371,376,370,375,2700,375,1
2017/07/04,377,393,377,393,2700,393,1
2017/07/05,394,394,378,391,5300,391,1
2017/07/06,392,392,382,383,1300,383,1
2017/07/07,386,388,386,388,600,388,1
2017/07/10,388,388,388,388,200,388,1
2017/07/11,390,390,382,384,300,384,1
2017/07/12,388,388,388,388,300,388,1
2017/07/13,390,390,384,388,400,388,1
2017/07/14,390,395,387,387,1100,387,1
2017/07/18,387,387,387,387,300,387,1
2017/07/19,394,394,386,393,300,393,1
2017/07/20,393,393,393,393,100,393,1
2017/07/21,393,393,377,386,1500,386,1
2017/07/24,387,387,386,386,200,386,1
2017/07/25,386,386,386,386,200,386,1
2017/07/26,390,390,388,388,300,388,1
2017/07/27,389,389,389,389,300,389,1
2017/07/28,390,390,390,390,200,390,1
2017/07/31,384,391,384,391,800,391,1
2017/08/01,392,392,392,392,200,392,1
2017/08/02,392,392,392,392,100,392,1
2017/08/03,392,392,391,391,200,391,1
2017/08/04,391,391,391,391,200,391,1
2017/08/07,392,395,386,386,1600,386,1
2017/08/08,392,392,392,392,100,392,1
2017/08/09,391,391,391,391,200,391,1
2017/08/10,390,390,390,390,100,390,1
2017/08/14,390,390,372,372,1600,372,1
2017/08/15,380,380,380,380,100,380,1
2017/08/16,380,380,380,380,100,380,1
2017/08/17,379,380,379,380,400,380,1
2017/08/18,375,375,371,371,700,371,1
2017/08/21,371,371,371,371,100,371,1
2017/08/22,372,372,362,362,1100,362,1
2017/08/23,364,364,364,364,100,364,1
2017/08/24,379,379,379,379,500,379,1
2017/08/25,371,375,365,366,900,366,1
2017/08/28,371,372,371,372,1100,372,1
2017/08/30,381,381,380,380,200,380,1
2017/08/31,391,391,391,391,300,391,1
2017/09/01,393,398,393,398,700,398,1
2017/09/04,398,398,397,397,600,397,1
2017/09/05,389,389,388,388,400,388,1
2017/09/06,385,385,385,385,100,385,1
2017/09/07,386,386,386,386,100,386,1
2017/09/08,398,398,382,382,400,382,1
2017/09/14,398,398,398,398,500,398,1
2017/09/15,395,395,383,384,1600,384,1
2017/09/19,384,396,379,380,4100,380,1
2017/09/20,390,391,380,391,3500,391,1
2017/09/21,391,396,380,388,5800,388,1
2017/09/22,385,385,379,379,1100,379,1
2017/09/25,385,385,378,378,1900,378,1
2017/09/26,377,385,377,385,200,385,1
2017/09/27,387,387,379,379,1600,379,1
2017/09/28,390,390,378,378,3600,378,1
2017/09/29,381,383,379,379,3200,379,1
2017/10/02,379,379,379,379,200,379,1
2017/10/03,380,381,380,380,1800,380,1
2017/10/05,380,380,377,377,6300,377,1
2017/10/06,381,381,381,381,300,381,1
2017/10/10,389,389,389,389,1500,389,1
2017/10/11,388,389,388,389,1200,389,1
2017/10/12,405,409,386,403,13400,403,1
2017/10/13,400,415,400,400,9500,400,1
2017/10/16,400,406,390,406,3200,406,1
2017/10/18,406,406,406,406,600,406,1
2017/10/19,395,403,395,397,2400,397,1
2017/10/20,397,398,390,391,11000,391,1
2017/10/23,391,395,391,395,2400,395,1
2017/10/24,398,405,395,405,3900,405,1
2017/10/25,405,414,403,403,1100,403,1
2017/10/26,398,398,387,387,1700,387,1
2017/10/27,391,422,391,402,10300,402,1
2017/10/30,418,418,390,395,4700,395,1
2017/10/31,396,402,396,402,1100,402,1
2017/11/01,408,435,408,433,7600,433,1
2017/11/02,429,435,421,435,1700,435,1
2017/11/06,444,465,444,461,6000,461,1
2017/11/07,459,461,450,460,1700,460,1
2017/11/08,454,460,454,460,1800,460,1
2017/11/09,452,452,444,444,1200,444,1
2017/11/10,439,439,435,435,1600,435,1
2017/11/13,435,436,433,433,2100,433,1
2017/11/15,440,440,440,440,200,440,1
2017/11/16,437,440,436,440,1000,440,1
2017/11/17,440,440,440,440,200,440,1
2017/11/20,448,455,448,455,1300,455,1
2017/11/21,455,460,450,450,1800,450,1
2017/11/22,458,458,458,458,100,458,1
2017/11/24,438,446,432,445,1300,445,1
2017/11/27,455,456,455,456,1000,456,1
2017/11/28,458,459,435,455,2600,455,1
2017/11/29,459,459,459,459,100,459,1
2017/11/30,460,460,452,460,500,460,1
2017/12/06,447,468,447,468,1400,468,1
2017/12/07,452,459,452,458,1000,458,1
2017/12/08,460,460,460,460,400,460,1
2017/12/11,460,463,460,463,200,463,1
2017/12/12,463,468,447,465,2000,465,1
2017/12/13,463,468,463,468,900,468,1
2017/12/14,468,473,468,473,1200,473,1
2017/12/15,475,477,475,477,2800,477,1
2017/12/18,488,488,480,488,300,488,1
2017/12/19,487,487,465,465,600,465,1
2017/12/20,473,473,449,450,2200,450,1
2017/12/21,455,530,455,508,18500,508,1
2017/12/22,500,500,472,474,9100,474,1
2017/12/25,482,482,476,476,1300,476,1
2017/12/26,480,485,476,480,1400,480,1
2017/12/27,485,486,454,471,3700,471,1
2017/12/28,477,550,476,506,11300,506,1
2017/12/29,499,500,487,493,2000,493,1
2018/01/04,493,508,493,498,1600,498,1
2018/01/05,505,505,502,502,900,502,1
2018/01/09,500,517,500,517,1300,517,1
2018/01/10,517,530,517,530,3800,530,1
2018/01/11,515,520,515,515,5900,515,1
2018/01/12,522,525,515,516,10500,516,1
2018/01/15,520,556,519,536,6700,536,1
2018/01/16,550,572,548,548,9800,548,1
2018/01/17,559,559,550,559,2500,559,1
2018/01/18,559,559,533,546,1300,546,1
2018/01/19,564,564,555,555,300,555,1
2018/01/22,555,555,529,529,2300,529,1
2018/01/23,528,532,521,529,2700,529,1
2018/01/24,525,526,525,526,1200,526,1
2018/01/25,528,538,528,538,500,538,1
2018/01/26,540,540,540,540,300,540,1
2018/01/29,540,540,540,540,200,540,1
2018/01/30,540,547,521,547,800,547,1
2018/01/31,546,546,546,546,400,546,1
2018/02/01,552,555,527,537,1600,537,1
2018/02/02,537,537,520,537,1500,537,1
2018/02/05,529,529,522,524,900,524,1
2018/02/06,511,511,460,478,4000,478,1
2018/02/07,500,500,490,490,900,490,1
2018/02/08,482,482,482,482,100,482,1
2018/02/09,480,486,454,462,1400,462,1
2018/02/13,462,470,462,470,300,470,1
2018/02/14,470,470,470,470,300,470,1
2018/02/15,494,494,494,494,200,494,1
2018/02/16,470,486,470,485,2300,485,1
2018/02/19,485,485,485,485,100,485,1
2018/02/21,500,500,500,500,100,500,1
2018/02/23,510,510,510,510,200,510,1
2018/02/27,510,510,510,510,100,510,1
2018/02/28,510,519,510,519,400,519,1
2018/03/01,509,509,509,509,400,509,1
2018/03/02,509,509,509,509,300,509,1
2018/03/05,519,564,501,511,2600,511,1
2018/03/06,511,512,511,512,300,512,1
2018/03/07,522,522,507,507,500,507,1
2018/03/08,511,511,511,511,100,511,1
2018/03/09,513,513,513,513,200,513,1
2018/03/13,513,514,513,513,400,513,1
2018/03/14,513,513,513,513,300,513,1
2018/03/16,533,535,533,535,900,535,1
2018/03/19,535,535,535,535,1900,535,1
2018/03/20,535,535,535,535,500,535,1
2018/03/22,540,540,540,540,400,540,1
2018/03/23,544,544,544,544,100,544,1
2018/03/26,544,544,505,524,4600,524,1
2018/03/27,514,533,514,533,700,533,1
2018/03/28,533,533,533,533,200,533,1
2018/03/29,523,533,523,523,2000,523,1
2018/03/30,518,518,505,518,11000,518,1
2018/04/02,510,518,510,518,800,518,1
2018/04/03,525,525,525,525,200,525,1
2018/04/04,528,528,528,528,200,528,1
2018/04/05,535,535,535,535,400,535,1
2018/04/06,535,535,535,535,100,535,1
2018/04/09,535,535,535,535,300,535,1
2018/04/10,535,535,525,535,700,535,1
2018/04/11,525,535,525,535,1400,535,1
2018/04/12,535,535,528,528,500,528,1
2018/04/13,527,528,520,528,600,528,1
2018/04/16,528,528,525,525,1700,525,1
2018/04/17,525,525,515,524,1500,524,1
2018/04/18,525,525,525,525,1100,525,1
2018/04/19,512,512,512,512,1100,512,1
2018/04/20,512,518,508,518,700,518,1
2018/04/23,511,516,510,515,800,515,1
2018/04/24,515,515,515,515,2000,515,1
2018/04/25,505,505,505,505,300,505,1
2018/04/26,512,512,505,512,1300,512,1
2018/04/27,512,544,512,521,2700,521,1
2018/05/01,521,521,521,521,300,521,1
2018/05/07,521,525,521,525,200,525,1
2018/05/08,525,525,525,525,100,525,1
2018/05/09,535,535,535,535,100,535,1
2018/05/11,535,535,515,525,1000,525,1
2018/05/14,525,525,500,510,3800,510,1
2018/05/15,518,519,518,519,200,519,1
2018/05/16,521,521,510,510,900,510,1
2018/05/17,520,530,500,510,1400,510,1
2018/05/18,501,515,501,515,700,515,1
2018/05/21,520,520,520,520,100,520,1
2018/05/22,520,528,520,528,700,528,1
2018/05/23,535,535,512,512,600,512,1
2018/05/24,512,512,511,511,200,511,1
2018/05/25,501,501,501,501,100,501,1
2018/05/30,500,510,500,510,2300,510,1
2018/05/31,500,500,500,500,600,500,1
2018/06/01,500,510,500,510,200,510,1
2018/06/05,515,515,511,511,200,511,1
2018/06/06,511,515,511,515,1200,515,1
2018/06/12,554,555,518,527,1900,527,1
2018/06/13,537,544,537,544,200,544,1
2018/06/15,538,538,538,538,100,538,1
2018/06/20,510,510,510,510,100,510,1
2018/06/21,510,510,510,510,700,510,1
2018/06/22,512,512,512,512,100,512,1
2018/06/25,529,535,529,535,1800,535,1
2018/06/28,515,520,515,520,1000,520,1
2018/06/29,520,520,520,520,800,520,1
2018/07/03,520,520,520,520,200,520,1
2018/07/10,519,519,519,519,1100,519,1
2018/07/12,517,517,488,504,900,504,1
2018/07/13,514,514,514,514,200,514,1
2018/07/17,510,510,510,510,400,510,1
2018/07/18,510,510,490,506,800,506,1
2018/07/19,506,506,506,506,500,506,1
2018/07/23,510,510,510,510,1200,510,1
2018/07/24,505,505,505,505,1000,505,1
2018/07/27,505,505,505,505,300,505,1
2018/07/31,510,510,510,510,100,510,1
2018/08/01,505,505,505,505,200,505,1
2018/08/03,507,605,507,602,5400,602,1
2018/08/06,542,574,522,561,2300,561,1
2018/08/07,541,541,530,530,300,530,1
2018/08/08,525,526,525,526,400,526,1
2018/08/09,526,526,503,503,2700,503,1
2018/08/10,503,526,497,503,3800,503,1
2018/08/13,505,505,496,497,2800,497,1
2018/08/14,500,500,438,481,6900,481,1
