2012/09/06,375,382,375,380,1400,380,1
2012/09/07,388,388,375,375,200,375,1
2012/09/10,380,381,374,374,8600,374,1
2012/09/11,381,381,363,370,11000,370,1
2012/09/12,378,378,365,369,7500,369,1
2012/09/13,365,377,364,377,3000,377,1
2012/09/14,383,400,383,399,5900,399,1
2012/09/18,413,413,393,395,11000,395,1
2012/09/19,399,405,393,393,3100,393,1
2012/09/20,399,399,395,395,1300,395,1
2012/09/21,399,399,391,391,3900,391,1
2012/09/24,398,398,385,388,8100,388,1
2012/09/25,392,392,381,381,8300,381,1
2012/09/26,383,383,380,380,5900,380,1
2012/09/27,380,382,379,380,4100,380,1
2012/09/28,384,384,376,376,8600,376,1
2012/10/02,385,385,385,385,200,385,1
2012/10/03,385,385,385,385,100,385,1
2012/10/04,385,385,385,385,500,385,1
2012/10/09,400,400,400,400,200,400,1
2012/10/16,379,379,379,379,100,379,1
2012/10/17,387,387,387,387,100,387,1
2012/10/18,395,395,395,395,100,395,1
2012/10/23,387,387,387,387,100,387,1
2012/10/24,384,384,384,384,200,384,1
2012/10/25,400,400,400,400,200,400,1
2012/10/26,398,398,397,397,900,397,1
2012/10/31,405,405,405,405,300,405,1
2012/11/01,400,400,400,400,100,400,1
2012/11/02,408,408,408,408,100,408,1
2012/11/05,408,408,408,408,1000,408,1
2012/11/06,423,431,400,400,2000,400,1
2012/11/07,416,416,411,411,600,411,1
2012/11/08,400,400,400,400,10400,400,1
2012/11/09,396,396,396,396,200,396,1
2012/11/12,420,420,417,417,200,417,1
2012/11/13,419,419,419,419,600,419,1
2012/11/16,405,405,401,401,5100,401,1
2012/11/19,399,403,399,403,3100,403,1
2012/11/22,399,399,390,393,3000,393,1
2012/11/26,395,395,380,395,19100,395,1
2012/11/27,396,396,388,391,7000,391,1
2012/11/28,393,400,393,399,6600,399,1
2012/11/29,400,404,396,403,11700,403,1
2012/11/30,403,404,400,401,17300,401,1
2012/12/03,400,409,399,402,50500,402,1
2012/12/04,405,405,399,401,23900,401,1
2012/12/05,401,408,397,400,21700,400,1
2012/12/06,397,402,392,398,89800,398,1
2012/12/07,397,402,395,395,25100,395,1
2012/12/10,395,400,393,395,47200,395,1
2012/12/11,397,403,393,403,45300,403,1
2012/12/12,403,409,403,408,31700,408,1
2012/12/13,408,415,406,413,44300,413,1
2012/12/14,412,415,407,412,32600,412,1
2012/12/17,419,435,416,420,113100,420,1
2012/12/18,420,429,418,426,53600,426,1
2012/12/19,428,428,416,418,76800,418,1
2012/12/20,422,422,415,420,41100,420,1
2012/12/21,418,426,415,419,53500,419,1
2012/12/25,423,458,421,452,212600,452,1
2012/12/26,468,478,455,471,156700,471,1
2012/12/27,471,475,463,474,85300,474,1
2012/12/28,477,507,469,505,135000,505,1
2013/01/04,565,604,515,598,265000,598,1
2013/01/07,638,696,604,685,312400,685,1
2013/01/08,655,689,635,656,191200,656,1
2013/01/09,660,756,563,740,396900,740,1
2013/01/10,725,748,680,680,163900,680,1
2013/01/11,688,731,657,658,129700,658,1
2013/01/15,670,689,652,666,68100,666,1
2013/01/16,647,666,610,641,129200,641,1
2013/01/17,635,635,585,620,144100,620,1
2013/01/18,630,659,602,630,144600,630,1
2013/01/21,650,715,643,700,193200,700,1
2013/01/22,689,697,657,662,136000,662,1
2013/01/23,652,665,642,644,41600,644,1
2013/01/24,635,649,617,636,55900,636,1
2013/01/25,650,654,628,653,56800,653,1
2013/01/28,658,661,630,661,157100,661,1
2013/01/29,664,665,623,630,164500,630,1
2013/01/30,624,660,621,654,162300,654,1
2013/01/31,674,682,641,651,170400,651,1
2013/02/01,660,671,630,671,138000,671,1
2013/02/04,691,719,686,700,275000,700,1
2013/02/05,681,687,550,550,430500,550,1
2013/02/06,474,520,473,517,1454100,517,1
2013/02/07,498,511,471,495,318600,495,1
2013/02/08,479,495,470,479,222200,479,1
2013/02/12,484,492,464,473,127800,473,1
2013/02/13,466,479,453,456,102100,456,1
2013/02/14,465,465,448,456,63800,456,1
2013/02/15,455,460,428,430,96700,430,1
2013/02/18,438,458,438,452,46500,452,1
2013/02/19,439,472,439,451,44600,451,1
2013/02/20,450,471,450,466,40500,466,1
2013/02/21,466,483,466,472,65200,472,1
2013/02/22,464,470,455,458,46700,458,1
2013/02/25,465,465,449,456,86100,456,1
2013/02/26,460,468,458,466,74900,466,1
2013/02/27,469,469,458,458,33700,458,1
2013/02/28,462,466,460,466,39300,466,1
2013/03/01,462,463,458,460,54000,460,1
2013/03/04,463,485,463,471,101700,471,1
2013/03/05,478,490,477,479,74300,479,1
2013/03/06,490,490,476,476,68200,476,1
2013/03/07,480,492,480,486,70200,486,1
2013/03/08,487,494,483,488,41100,488,1
2013/03/11,490,505,489,500,60800,500,1
2013/03/12,500,511,497,511,101900,511,1
2013/03/13,504,509,494,497,54700,497,1
2013/03/14,494,529,494,528,92900,528,1
2013/03/15,535,540,520,527,224700,527,1
2013/03/18,519,526,498,508,92300,508,1
2013/03/19,503,508,493,503,61600,503,1
2013/03/21,512,527,510,511,75700,511,1
2013/03/22,519,519,488,500,77400,500,1
2013/03/25,500,505,490,494,48300,494,1
2013/03/26,494,505,491,502,28500,502,1
2013/03/27,497,528,497,526,133400,526,1
2013/03/28,544,557,525,534,131200,534,1
2013/03/29,545,572,534,568,223300,568,1
2013/04/01,583,602,560,560,298600,560,1
2013/04/02,530,566,482,550,153400,550,1
2013/04/03,567,579,548,555,149300,555,1
2013/04/04,545,578,535,568,83500,568,1
2013/04/05,608,628,589,600,348100,600,1
2013/04/08,650,700,631,683,424200,683,1
2013/04/09,727,755,638,660,362200,660,1
2013/04/10,660,690,624,663,134200,663,1
2013/04/11,655,669,600,622,204800,622,1
2013/04/12,603,660,603,654,137400,654,1
2013/04/15,662,662,616,629,78200,629,1
2013/04/16,609,663,604,663,74300,663,1
2013/04/17,655,670,630,633,115600,633,1
2013/04/18,639,639,608,620,137400,620,1
2013/04/19,614,637,614,630,36500,630,1
2013/04/22,645,688,640,655,92900,655,1
2013/04/23,666,668,645,654,68400,654,1
2013/04/24,654,655,635,645,55200,645,1
2013/04/25,641,641,625,630,67700,630,1
2013/04/26,633,640,618,619,73600,619,1
2013/04/30,618,646,618,645,43600,645,1
2013/05/01,635,665,635,645,64800,645,1
2013/05/02,638,644,633,640,27600,640,1
2013/05/07,650,680,643,670,104100,670,1
2013/05/08,672,699,665,679,114200,679,1
2013/05/09,659,690,646,670,136400,670,1
2013/05/10,670,689,651,689,78000,689,1
2013/05/13,679,683,664,665,70100,665,1
2013/05/14,665,686,662,685,60300,685,1
2013/05/15,678,690,610,620,166000,620,1
2013/05/16,600,629,580,596,87800,596,1
2013/05/17,596,642,596,642,22300,642,1
2013/05/20,634,644,632,632,30500,632,1
2013/05/21,622,632,603,626,21500,626,1
2013/05/22,626,630,605,605,42500,605,1
2013/05/23,610,614,575,594,161000,594,1
2013/05/24,589,630,589,622,69700,622,1
2013/05/27,609,615,595,610,24100,610,1
2013/05/28,595,600,581,588,30100,588,1
2013/05/29,600,609,590,599,26600,599,1
2013/05/30,596,600,582,587,45700,587,1
2013/05/31,587,597,585,585,10000,585,1
2013/06/03,581,582,561,566,17400,566,1
2013/06/04,561,565,553,565,16100,565,1
2013/06/05,565,587,565,582,2200,582,1
2013/06/06,556,565,525,526,19300,526,1
2013/06/07,472,540,470,540,89700,540,1
2013/06/10,560,560,532,550,10200,550,1
2013/06/11,530,552,530,550,8500,550,1
2013/06/12,533,538,528,534,2400,534,1
2013/06/13,512,527,510,510,6700,510,1
2013/06/14,513,530,513,524,2300,524,1
2013/06/17,544,550,525,541,15400,541,1
2013/06/18,543,559,537,553,13600,553,1
2013/06/19,554,570,543,570,25200,570,1
2013/06/20,540,565,532,554,21900,554,1
2013/06/21,534,551,521,540,16100,540,1
2013/06/24,540,562,540,542,60600,542,1
2013/06/25,540,549,510,510,147600,510,1
2013/06/26,505,518,492,495,65300,495,1
2013/06/27,490,539,479,530,43200,530,1
2013/06/28,530,561,513,557,27900,557,1
2013/07/01,557,557,544,544,7500,544,1
2013/07/02,550,565,550,556,17100,556,1
2013/07/03,550,569,550,568,10200,568,1
2013/07/04,560,580,541,580,37400,580,1
2013/07/05,590,630,590,612,77900,612,1
2013/07/08,633,640,607,624,45000,624,1
2013/07/09,627,627,600,611,27200,611,1
2013/07/10,601,623,601,613,19400,613,1
2013/07/11,612,625,600,625,9400,625,1
2013/07/12,629,660,612,656,84300,656,1
2013/07/16,650,650,620,641,10800,641,1
2013/07/17,631,655,626,630,17600,630,1
2013/07/18,630,650,620,641,30700,641,1
2013/07/19,637,649,615,630,40000,630,1
2013/07/22,630,630,620,620,8500,620,1
2013/07/23,618,626,610,612,13700,612,1
2013/07/24,626,627,601,612,15800,612,1
2013/07/25,604,614,600,600,14600,600,1
2013/07/26,600,612,597,611,7100,611,1
2013/07/29,607,610,575,580,16500,580,1
2013/07/30,570,609,569,604,18900,604,1
2013/07/31,600,608,597,608,3600,608,1
2013/08/01,600,612,596,608,9100,608,1
2013/08/02,615,628,613,627,13400,627,1
2013/08/05,637,654,615,644,65900,644,1
2013/08/06,662,686,658,678,70600,678,1
2013/08/07,686,686,660,666,22800,666,1
2013/08/08,666,679,655,663,7200,663,1
2013/08/09,644,644,563,569,175000,569,1
2013/08/12,569,597,546,590,87900,590,1
2013/08/13,580,590,575,590,5000,590,1
2013/08/14,570,587,568,580,13100,580,1
2013/08/15,578,578,567,567,3400,567,1
2013/08/16,567,577,560,571,4200,571,1
2013/08/19,561,566,557,557,4200,557,1
2013/08/20,560,560,536,537,84700,537,1
2013/08/21,545,545,530,534,8200,534,1
2013/08/22,530,532,526,527,5100,527,1
2013/08/23,534,534,527,527,6500,527,1
2013/08/26,531,531,520,523,7500,523,1
2013/08/27,523,530,523,526,4300,526,1
2013/08/28,525,525,517,523,1600,523,1
2013/08/29,503,510,493,500,18400,500,1
2013/08/30,490,500,490,495,8200,495,1
2013/09/02,499,508,495,502,8400,502,1
2013/09/03,510,515,504,515,6100,515,1
2013/09/04,516,517,505,515,10500,515,1
2013/09/05,526,529,518,520,4400,520,1
2013/09/06,518,518,507,507,1500,507,1
2013/09/09,530,555,525,552,23700,552,1
2013/09/10,552,552,538,549,3700,549,1
2013/09/11,550,554,520,539,29100,539,1
2013/09/12,527,534,526,526,3700,526,1
2013/09/13,530,534,514,528,13800,528,1
2013/09/17,530,544,530,537,10100,537,1
2013/09/18,547,555,540,545,11700,545,1
2013/09/19,546,565,546,556,7100,556,1
2013/09/20,560,568,556,564,9400,564,1
2013/09/24,560,567,547,564,8900,564,1
2013/09/25,568,569,559,569,6300,569,1
2013/09/26,569,570,549,567,8200,567,1
2013/09/27,568,578,568,578,10800,578,1
2013/09/30,577,578,560,572,8800,572,1
2013/10/01,568,574,556,565,6000,565,1
2013/10/02,557,563,540,555,8900,555,1
2013/10/03,550,554,541,541,1700,541,1
2013/10/04,525,539,525,528,5300,528,1
2013/10/07,523,537,520,525,5100,525,1
2013/10/08,510,526,508,526,8800,526,1
2013/10/09,521,526,517,523,8600,523,1
2013/10/10,522,533,522,532,6700,532,1
2013/10/11,536,540,535,538,6200,538,1
2013/10/15,548,548,540,547,2200,547,1
2013/10/16,537,543,535,535,1700,535,1
2013/10/17,545,545,536,544,500,544,1
2013/10/18,536,542,535,535,600,535,1
2013/10/21,537,565,537,550,13200,550,1
2013/10/22,558,558,550,550,7700,550,1
2013/10/23,553,554,535,553,9800,553,1
2013/10/24,540,549,540,541,5300,541,1
2013/10/25,537,539,532,532,2800,532,1
2013/10/28,540,540,525,528,8400,528,1
2013/10/29,521,530,520,527,2700,527,1
2013/10/30,520,524,515,515,17500,515,1
2013/10/31,518,519,515,515,2700,515,1
2013/11/01,514,515,512,515,7000,515,1
2013/11/05,520,520,515,519,2800,519,1
2013/11/06,518,519,511,512,23600,512,1
2013/11/07,504,508,502,506,10600,506,1
2013/11/08,506,518,503,518,7200,518,1
2013/11/11,519,530,502,530,13000,530,1
2013/11/13,520,520,512,520,3200,520,1
2013/11/14,510,520,510,519,3500,519,1
2013/11/15,521,534,515,525,17200,525,1
2013/11/18,530,531,502,516,68200,516,1
2013/11/19,512,515,507,515,5200,515,1
2013/11/20,515,515,504,511,6300,511,1
2013/11/21,508,508,498,508,21400,508,1
2013/11/22,505,509,505,509,7300,509,1
2013/11/25,505,519,505,516,26300,516,1
2013/11/26,515,516,501,515,4300,515,1
2013/11/27,505,514,505,514,2700,514,1
2013/11/28,515,517,508,515,2400,515,1
2013/11/29,515,527,505,506,11200,506,1
2013/12/02,512,512,505,509,2500,509,1
2013/12/03,507,510,503,510,6400,510,1
2013/12/04,504,504,499,502,20700,502,1
2013/12/05,500,504,499,499,12500,499,1
2013/12/06,500,506,500,502,10700,502,1
2013/12/09,510,512,507,509,11000,509,1
2013/12/10,511,511,510,510,2300,510,1
2013/12/11,514,514,508,510,3100,510,1
2013/12/12,503,508,500,505,7100,505,1
2013/12/13,510,510,499,500,12400,500,1
2013/12/16,505,506,497,505,6200,505,1
2013/12/17,495,500,490,498,25000,498,1
2013/12/18,500,500,490,492,2100,492,1
2013/12/19,500,510,499,500,14600,500,1
2013/12/20,509,509,497,506,40600,506,1
2013/12/24,501,507,492,497,16300,497,1
2013/12/25,497,520,494,500,22600,500,1
2013/12/26,510,521,506,508,9700,508,1
2013/12/27,520,522,512,521,13600,521,1
2013/12/30,523,536,521,531,16200,531,1
2014/01/06,530,553,528,552,35000,552,1
2014/01/07,550,553,550,550,19600,550,1
2014/01/08,553,554,550,553,4400,553,1
2014/01/09,553,567,550,560,19800,560,1
2014/01/10,551,570,550,569,15400,569,1
2014/01/14,565,568,556,568,4200,568,1
2014/01/15,560,571,556,567,10900,567,1
2014/01/16,570,596,570,580,99300,580,1
2014/01/17,575,590,575,578,9400,578,1
2014/01/20,590,617,581,610,31400,610,1
2014/01/21,615,617,597,597,22700,597,1
2014/01/22,600,609,598,602,3400,602,1
2014/01/23,602,604,584,584,9900,584,1
2014/01/24,575,578,572,575,11500,575,1
2014/01/27,575,593,570,575,10800,575,1
2014/01/28,575,579,569,575,21100,575,1
2014/01/29,575,585,565,580,8400,580,1
2014/01/30,565,566,540,541,7900,541,1
2014/01/31,545,546,521,535,11200,535,1
2014/02/03,550,550,526,540,18800,540,1
2014/02/04,496,560,493,560,114700,560,1
2014/02/05,522,559,516,559,49500,559,1
2014/02/06,549,559,530,541,5200,541,1
2014/02/07,543,554,528,544,9000,544,1
2014/02/10,546,546,530,531,1500,531,1
2014/02/12,531,536,520,527,7500,527,1
2014/02/13,527,527,513,521,2100,521,1
2014/02/14,514,516,506,507,4400,507,1
2014/02/17,507,510,501,505,5600,505,1
2014/02/18,515,526,507,526,2600,526,1
2014/02/19,525,525,509,516,3200,516,1
2014/02/20,506,506,501,501,4900,501,1
2014/02/21,511,511,504,510,1100,510,1
2014/02/24,520,522,510,519,1400,519,1
2014/02/25,522,522,513,519,500,519,1
2014/02/26,519,519,514,514,1800,514,1
2014/02/27,517,517,511,514,1800,514,1
2014/02/28,488,497,479,489,51400,489,1
2014/03/03,486,489,470,473,35400,473,1
2014/03/04,457,463,447,451,50200,451,1
2014/03/05,449,451,441,441,170000,441,1
2014/03/06,430,445,428,443,487200,443,1
2014/03/07,442,444,437,441,117200,441,1
2014/03/10,440,456,440,449,102200,449,1
2014/03/11,452,456,444,447,52600,447,1
2014/03/12,440,441,434,438,36500,438,1
2014/03/13,442,442,439,439,14600,439,1
2014/03/14,433,437,432,436,34400,436,1
2014/03/17,432,434,426,427,50200,427,1
2014/03/18,434,434,419,427,25400,427,1
2014/03/19,427,430,427,428,13000,428,1
2014/03/20,429,429,419,424,23200,424,1
2014/03/24,424,433,422,430,16700,430,1
2014/03/25,430,430,423,425,15600,425,1
2014/03/26,429,429,423,426,13900,426,1
2014/03/27,423,429,423,428,10400,428,1
2014/03/28,427,435,427,433,14200,433,1
2014/03/31,436,445,436,445,19600,445,1
2014/04/01,448,449,445,448,26300,448,1
2014/04/02,449,459,448,456,85700,456,1
2014/04/03,451,456,451,454,24100,454,1
2014/04/04,455,457,453,453,12300,453,1
2014/04/07,450,450,441,441,40100,441,1
2014/04/08,440,440,430,434,45100,434,1
2014/04/09,426,432,426,427,11900,427,1
2014/04/10,430,430,421,424,14600,424,1
2014/04/11,416,419,410,419,16200,419,1
2014/04/14,420,425,419,425,23400,425,1
2014/04/15,423,429,420,421,11600,421,1
2014/04/16,427,431,422,431,5000,431,1
2014/04/17,431,432,429,432,6200,432,1
2014/04/18,433,434,430,433,4200,433,1
2014/04/21,435,438,433,436,12700,436,1
2014/04/22,434,437,427,427,7600,427,1
2014/04/23,428,433,427,432,13500,432,1
2014/04/24,433,435,432,433,10100,433,1
2014/04/25,433,434,430,433,22500,433,1
2014/04/28,435,435,429,431,32200,431,1
2014/04/30,432,436,426,429,20000,429,1
2014/05/01,429,435,429,435,4300,435,1
2014/05/02,436,437,434,436,3200,436,1
2014/05/07,437,438,435,438,5800,438,1
2014/05/08,441,445,438,445,10300,445,1
2014/05/09,440,443,433,443,21000,443,1
2014/05/12,443,444,439,439,5400,439,1
2014/05/13,445,445,435,438,13400,438,1
2014/05/14,441,441,438,440,3500,440,1
2014/05/15,441,445,440,442,11900,442,1
2014/05/16,440,441,432,432,11100,432,1
2014/05/19,434,440,422,424,14700,424,1
2014/05/20,432,432,422,432,9600,432,1
2014/05/21,425,434,425,430,9500,430,1
2014/05/22,432,438,431,438,6900,438,1
2014/05/23,462,465,443,445,457600,445,1
2014/05/26,453,482,453,473,251900,473,1
2014/05/27,473,474,456,462,138900,462,1
2014/05/28,462,481,462,470,304400,470,1
2014/05/29,475,502,473,494,701500,494,1
2014/05/30,492,502,490,493,214500,493,1
2014/06/02,501,510,494,506,235200,506,1
2014/06/03,506,509,498,500,144600,500,1
2014/06/04,504,504,498,500,101900,500,1
2014/06/05,501,501,498,499,55100,499,1
2014/06/06,500,500,493,499,104300,499,1
2014/06/09,501,502,498,500,56100,500,1
2014/06/10,501,503,498,500,68800,500,1
2014/06/11,500,504,500,504,73600,504,1
2014/06/12,501,514,501,514,116600,514,1
2014/06/13,513,513,509,513,157100,513,1
2014/06/16,516,529,514,526,161100,526,1
2014/06/17,528,537,527,535,184300,535,1
2014/06/18,537,539,524,528,199100,528,1
2014/06/19,528,530,519,525,148200,525,1
2014/06/20,524,526,513,519,116300,519,1
2014/06/23,523,530,523,530,168000,530,1
2014/06/24,529,530,526,529,136200,529,1
2014/06/25,529,534,526,526,497100,526,1
2014/06/26,513,521,509,515,374700,515,1
2014/06/27,515,518,504,509,81200,509,1
2014/06/30,511,513,509,512,34600,512,1
2014/07/01,513,517,512,517,57500,517,1
2014/07/02,520,522,517,517,67700,517,1
2014/07/03,518,520,516,517,30600,517,1
2014/07/04,517,519,512,513,55700,513,1
2014/07/07,514,514,508,510,56600,510,1
2014/07/08,510,513,507,512,47100,512,1
2014/07/09,510,512,508,509,29800,509,1
2014/07/10,510,510,502,503,64300,503,1
2014/07/11,502,503,495,498,81200,498,1
2014/07/14,499,501,498,501,21900,501,1
2014/07/15,503,507,503,507,101800,507,1
2014/07/16,507,510,507,509,33200,509,1
2014/07/17,511,511,503,508,30200,508,1
2014/07/18,503,507,502,504,22800,504,1
2014/07/22,504,509,504,507,16700,507,1
2014/07/23,509,509,500,505,40400,505,1
2014/07/24,505,506,502,503,11400,503,1
2014/07/25,505,508,503,506,23300,506,1
2014/07/28,504,507,504,506,20200,506,1
2014/07/29,505,509,505,509,25600,509,1
2014/07/30,509,510,491,502,62700,502,1
2014/07/31,503,504,465,469,233500,469,1
2014/08/01,465,469,448,467,153700,467,1
2014/08/04,470,473,464,465,40900,465,1
2014/08/05,469,470,460,467,27700,467,1
2014/08/06,455,461,455,458,38200,458,1
2014/08/07,460,460,452,456,38700,456,1
2014/08/08,453,460,448,454,71800,454,1
2014/08/11,426,440,426,429,265900,429,1
2014/08/12,430,440,430,440,42400,440,1
2014/08/13,438,447,418,430,161100,430,1
2014/08/14,433,434,430,431,26800,431,1
2014/08/15,434,438,433,438,23900,438,1
2014/08/18,438,440,430,436,36800,436,1
2014/08/19,436,441,435,439,35800,439,1
2014/08/20,440,444,439,442,32900,442,1
2014/08/21,442,444,441,442,14100,442,1
2014/08/22,445,445,442,443,19200,443,1
2014/08/25,444,447,443,444,18100,444,1
2014/08/26,446,447,441,442,21300,442,1
2014/08/27,443,443,438,440,29100,440,1
2014/08/28,441,441,436,437,29300,437,1
2014/08/29,438,443,437,442,15000,442,1
2014/09/01,445,446,442,446,17300,446,1
2014/09/02,448,455,448,452,27100,452,1
2014/09/03,454,455,451,453,10200,453,1
2014/09/04,452,455,451,454,19900,454,1
2014/09/05,455,455,452,453,15400,453,1
2014/09/08,458,458,454,454,23900,454,1
2014/09/09,455,457,455,455,5500,455,1
2014/09/10,456,456,452,455,18200,455,1
2014/09/11,455,455,453,455,4200,455,1
2014/09/12,454,454,446,446,30000,446,1
2014/09/16,445,446,441,441,42700,441,1
2014/09/17,442,443,441,441,17500,441,1
2014/09/18,441,443,437,442,34300,442,1
2014/09/19,445,445,441,444,19500,444,1
2014/09/22,447,451,446,451,34600,451,1
2014/09/24,453,456,451,456,26000,456,1
2014/09/25,453,457,453,457,26500,457,1
2014/09/26,455,458,450,458,44200,458,1
2014/09/29,460,462,458,458,30500,458,1
2014/09/30,460,460,450,450,39600,450,1
2014/10/01,450,452,447,450,32500,450,1
2014/10/02,447,447,438,442,56500,442,1
2014/10/03,445,448,443,447,15800,447,1
2014/10/06,450,454,449,454,24500,454,1
2014/10/07,456,457,454,455,18100,455,1
2014/10/08,453,454,448,452,20100,452,1
2014/10/09,453,453,447,448,18500,448,1
2014/10/10,447,449,443,444,23900,444,1
2014/10/14,444,446,440,440,44900,440,1
2014/10/15,441,445,440,443,12800,443,1
2014/10/16,439,439,429,429,55900,429,1
2014/10/17,431,437,428,428,24000,428,1
2014/10/20,434,441,434,441,14800,441,1
2014/10/21,444,444,436,438,10200,438,1
2014/10/22,437,441,436,441,17600,441,1
2014/10/23,441,444,440,443,8300,443,1
2014/10/24,445,445,442,442,7900,442,1
2014/10/27,443,447,443,445,6600,445,1
2014/10/28,447,447,445,446,9700,446,1
2014/10/29,449,449,445,447,6300,447,1
2014/10/30,447,449,446,447,5900,447,1
2014/10/31,447,453,447,451,21500,451,1
2014/11/04,470,470,456,463,68800,463,1
2014/11/05,461,462,460,462,17600,462,1
2014/11/06,461,461,456,457,18400,457,1
2014/11/07,453,454,444,445,47500,445,1
2014/11/10,445,446,441,442,39100,442,1
2014/11/11,442,444,436,436,58000,436,1
2014/11/12,437,439,432,432,62300,432,1
2014/11/13,432,438,432,437,29700,437,1
2014/11/14,438,442,436,442,26100,442,1
2014/11/17,445,445,439,439,38200,439,1
2014/11/18,441,445,441,445,16500,445,1
2014/11/19,447,447,437,441,27000,441,1
2014/11/20,443,443,434,437,37000,437,1
2014/11/21,439,439,435,438,10000,438,1
2014/11/25,441,445,440,445,18700,445,1
2014/11/26,447,459,446,458,52100,458,1
2014/11/27,457,457,451,451,19100,451,1
2014/11/28,453,455,452,453,8600,453,1
2014/12/01,454,465,454,465,198600,465,1
2014/12/02,464,466,459,465,25500,465,1
2014/12/03,465,465,460,461,14400,461,1
2014/12/04,461,461,454,455,21500,455,1
2014/12/05,455,458,453,456,18200,456,1
2014/12/08,458,461,456,458,38600,458,1
2014/12/09,458,460,453,453,40500,453,1
2014/12/10,451,455,446,451,46900,451,1
2014/12/11,450,452,445,451,39900,451,1
2014/12/12,454,454,449,451,27100,451,1
2014/12/15,450,450,440,443,52300,443,1
2014/12/16,443,443,435,439,51700,439,1
2014/12/17,436,442,436,440,24400,440,1
2014/12/18,441,445,440,445,15400,445,1
2014/12/19,446,452,445,452,30900,452,1
2014/12/22,445,450,445,449,27900,449,1
2014/12/24,448,449,439,445,115200,445,1
2014/12/25,445,446,441,442,48000,442,1
2014/12/26,443,448,441,448,24200,448,1
2014/12/29,450,456,449,451,33900,451,1
2014/12/30,454,454,451,453,14600,453,1
2015/01/05,456,459,454,457,37500,457,1
2015/01/06,457,457,454,456,28100,456,1
2015/01/07,456,458,455,457,17200,457,1
2015/01/08,459,459,457,458,20400,458,1
2015/01/09,459,459,455,457,18000,457,1
2015/01/13,455,456,452,453,42000,453,1
2015/01/14,454,458,453,456,89000,456,1
2015/01/15,458,458,455,457,8500,457,1
2015/01/16,456,457,454,457,14700,457,1
2015/01/19,457,457,455,457,12900,457,1
2015/01/20,458,458,455,457,19600,457,1
2015/01/21,458,462,457,461,25000,461,1
2015/01/22,462,462,458,458,15700,458,1
2015/01/23,458,461,458,461,14200,461,1
2015/01/26,461,465,461,464,22000,464,1
2015/01/27,465,466,464,466,20800,466,1
2015/01/28,466,475,465,475,31800,475,1
2015/01/29,474,474,468,468,25600,468,1
2015/01/30,467,468,466,466,23700,466,1
2015/02/02,468,468,454,460,53100,460,1
2015/02/03,461,463,456,459,19300,459,1
2015/02/04,460,461,457,460,13600,460,1
2015/02/05,460,460,457,457,12200,457,1
2015/02/06,460,462,458,462,11600,462,1
2015/02/09,469,473,467,473,40600,473,1
2015/02/10,473,473,462,470,29800,470,1
2015/02/12,472,472,465,472,36700,472,1
2015/02/13,472,473,468,473,29100,473,1
2015/02/16,475,480,471,480,49100,480,1
2015/02/17,483,494,480,494,75900,494,1
2015/02/18,491,494,489,490,57600,490,1
2015/02/19,487,496,484,484,98000,484,1
2015/02/20,486,497,483,495,66300,495,1
2015/02/23,500,507,490,496,63300,496,1
2015/02/24,501,502,497,499,31000,499,1
2015/02/25,498,502,494,501,45300,501,1
2015/02/26,501,503,496,502,27600,502,1
2015/02/27,503,504,498,500,26200,500,1
2015/03/02,501,506,501,506,34800,506,1
2015/03/03,506,507,497,499,53300,499,1
2015/03/04,501,502,499,502,14100,502,1
2015/03/05,502,502,499,500,24100,500,1
2015/03/06,502,503,499,500,20600,500,1
2015/03/09,500,503,499,502,28000,502,1
2015/03/10,503,505,502,505,23500,505,1
2015/03/11,505,508,500,508,46300,508,1
2015/03/12,507,508,506,507,25100,507,1
2015/03/13,508,516,508,514,76000,514,1
2015/03/16,515,516,508,515,60400,515,1
2015/03/17,515,518,515,517,25500,517,1
2015/03/18,518,519,507,513,71700,513,1
2015/03/19,511,519,511,519,21500,519,1
2015/03/20,520,522,517,519,30400,519,1
2015/03/23,521,524,519,524,79800,524,1
2015/03/24,525,527,519,523,51400,523,1
2015/03/25,520,523,519,519,27000,519,1
2015/03/26,519,521,515,518,26700,518,1
2015/03/27,515,521,515,520,26900,520,1
2015/03/30,522,522,515,519,37500,519,1
2015/03/31,519,521,519,521,14300,521,1
2015/04/01,521,524,519,522,31700,522,1
2015/04/02,522,531,522,525,52000,525,1
2015/04/03,527,532,527,530,35200,530,1
2015/04/06,535,546,534,545,56700,545,1
2015/04/07,549,560,544,555,81200,555,1
2015/04/08,556,559,549,551,58000,551,1
2015/04/09,552,555,542,550,58300,550,1
2015/04/10,550,551,529,535,77900,535,1
2015/04/13,538,549,538,548,29400,548,1
2015/04/14,550,553,545,553,37600,553,1
2015/04/15,553,553,549,552,20100,552,1
2015/04/16,552,553,540,550,34700,550,1
2015/04/17,550,550,540,543,29200,543,1
2015/04/20,543,546,540,543,45500,543,1
2015/04/21,546,548,542,545,43300,545,1
2015/04/22,549,549,546,549,24400,549,1
2015/04/23,549,551,545,550,40700,550,1
2015/04/24,551,551,533,544,109900,544,1
2015/04/27,545,546,540,541,64300,541,1
2015/04/28,544,546,541,542,22000,542,1
2015/04/30,544,544,539,543,60500,543,1
2015/05/01,542,542,537,539,49800,539,1
2015/05/07,539,542,539,540,36600,540,1
2015/05/08,542,543,540,540,39400,540,1
2015/05/11,550,559,544,556,116200,556,1
2015/05/12,558,565,551,565,93200,565,1
2015/05/13,565,569,560,566,71500,566,1
2015/05/14,567,569,564,566,35300,566,1
2015/05/15,567,567,563,565,25800,565,1
2015/05/18,569,572,567,572,43900,572,1
2015/05/19,575,582,574,579,89900,579,1
2015/05/20,580,585,580,584,51900,584,1
2015/05/21,586,590,585,586,56400,586,1
2015/05/22,590,593,590,593,54800,593,1
2015/05/25,596,598,593,595,80300,595,1
2015/05/26,597,597,590,595,77300,595,1
2015/05/27,591,592,586,587,96200,587,1
2015/05/28,589,593,588,590,53800,590,1
2015/05/29,592,592,588,592,61500,592,1
2015/06/01,590,591,584,584,89700,584,1
2015/06/02,584,587,582,585,65100,585,1
2015/06/03,585,586,575,577,127400,577,1
2015/06/04,577,582,577,580,44400,580,1
2015/06/05,582,587,580,585,77700,585,1
2015/06/08,589,592,589,592,55700,592,1
2015/06/09,592,593,589,590,47100,590,1
2015/06/10,589,589,585,588,55800,588,1
2015/06/11,590,590,586,588,49400,588,1
2015/06/12,589,589,579,581,112400,581,1
2015/06/15,582,583,573,574,110700,574,1
2015/06/16,573,579,572,579,62800,579,1
2015/06/17,578,578,575,578,54100,578,1
2015/06/18,577,578,573,574,54600,574,1
2015/06/19,575,578,573,578,64100,578,1
2015/06/22,580,580,578,580,92600,580,1
2015/06/23,580,582,580,582,102700,582,1
2015/06/24,582,583,580,580,160200,580,1
2015/06/25,576,578,567,567,722300,567,1
2015/06/26,556,558,547,548,535700,548,1
2015/06/29,529,534,516,530,187200,530,1
2015/06/30,521,522,515,515,77500,515,1
2015/07/01,515,525,515,525,57300,525,1
2015/07/02,525,527,520,522,48400,522,1
2015/07/03,520,522,516,517,38100,517,1
2015/07/06,512,514,509,510,52000,510,1
2015/07/07,512,517,511,515,21200,515,1
2015/07/08,515,515,501,503,43200,503,1
2015/07/09,496,497,462,494,88200,494,1
2015/07/10,494,507,494,495,112200,495,1
2015/07/13,499,505,499,499,30500,499,1
2015/07/14,505,507,502,502,28900,502,1
2015/07/15,505,507,501,506,21400,506,1
2015/07/16,506,514,506,514,25100,514,1
2015/07/17,515,515,511,511,25100,511,1
2015/07/21,511,513,509,510,26800,510,1
2015/07/22,510,510,504,506,30100,506,1
2015/07/23,506,508,503,507,15600,507,1
2015/07/24,489,495,482,488,147400,488,1
2015/07/27,486,488,483,486,53100,486,1
2015/07/28,484,489,481,485,33600,485,1
2015/07/29,485,488,481,483,19700,483,1
2015/07/30,484,485,482,483,11000,483,1
2015/07/31,485,487,483,485,17000,485,1
2015/08/03,487,489,485,488,16900,488,1
2015/08/04,488,489,487,488,10400,488,1
2015/08/05,489,494,488,493,26900,493,1
2015/08/06,496,496,483,487,65100,487,1
2015/08/07,487,488,483,484,13900,484,1
2015/08/10,483,484,472,472,73900,472,1
2015/08/11,473,479,472,478,44600,478,1
2015/08/12,476,478,475,476,14500,476,1
2015/08/13,476,479,475,478,11100,478,1
2015/08/14,478,482,478,481,18000,481,1
2015/08/17,480,481,475,475,30900,475,1
2015/08/18,475,476,474,475,14700,475,1
2015/08/19,475,476,468,469,35000,469,1
2015/08/20,467,468,460,461,45500,461,1
2015/08/21,457,457,442,442,110500,442,1
2015/08/24,438,448,427,428,100100,428,1
2015/08/25,409,438,403,431,94100,431,1
2015/08/26,435,443,431,443,38700,443,1
2015/08/27,450,451,441,443,41500,443,1
2015/08/28,452,460,449,460,26900,460,1
2015/08/31,460,461,455,455,18700,455,1
2015/09/01,453,453,448,448,15500,448,1
2015/09/02,444,447,441,443,14200,443,1
2015/09/03,444,446,441,441,8500,441,1
2015/09/04,444,444,430,430,23300,430,1
2015/09/07,430,430,419,419,28100,419,1
2015/09/08,422,424,410,411,31400,411,1
2015/09/09,422,426,418,426,21700,426,1
2015/09/10,426,429,422,429,20300,429,1
2015/09/11,428,434,423,434,17200,434,1
2015/09/14,440,443,437,439,14500,439,1
2015/09/15,440,440,434,437,10300,437,1
2015/09/16,440,440,436,436,9900,436,1
2015/09/17,437,440,437,437,7600,437,1
2015/09/18,442,442,437,438,6300,438,1
2015/09/24,439,441,438,441,13900,441,1
2015/09/25,440,441,439,439,6900,439,1
2015/09/28,441,450,440,442,13700,442,1
2015/09/29,441,441,436,437,15900,437,1
2015/09/30,437,440,437,438,9200,438,1
2015/10/01,440,442,439,440,9700,440,1
2015/10/02,441,441,439,440,11200,440,1
2015/10/05,445,445,443,443,11500,443,1
2015/10/06,445,446,442,444,15900,444,1
2015/10/07,446,448,445,447,12700,447,1
2015/10/08,448,450,446,449,11500,449,1
2015/10/09,450,450,447,448,21200,448,1
2015/10/13,452,452,450,452,81300,452,1
2015/10/14,452,453,450,452,9300,452,1
2015/10/15,452,452,451,451,7200,451,1
2015/10/16,454,454,451,453,11600,453,1
2015/10/19,454,454,452,452,9100,452,1
2015/10/20,453,454,451,453,10300,453,1
2015/10/21,453,454,452,453,4800,453,1
2015/10/22,454,454,452,453,6100,453,1
2015/10/23,454,455,453,454,13700,454,1
2015/10/26,455,456,453,454,15000,454,1
2015/10/27,455,456,453,455,4600,455,1
2015/10/28,455,459,454,457,11800,457,1
2015/10/29,457,458,455,457,10100,457,1
2015/10/30,457,459,456,459,5200,459,1
2015/11/02,460,462,459,460,10500,460,1
2015/11/04,463,464,461,462,14700,462,1
2015/11/05,464,464,461,464,15500,464,1
2015/11/06,441,453,438,452,55900,452,1
2015/11/09,455,457,453,457,13500,457,1
2015/11/10,457,460,455,456,12500,456,1
2015/11/11,456,458,456,456,10900,456,1
2015/11/12,457,458,456,457,5400,457,1
2015/11/13,457,457,455,456,9100,456,1
2015/11/16,455,456,452,456,18500,456,1
2015/11/17,456,456,453,455,6400,455,1
2015/11/18,455,456,450,455,18400,455,1
2015/11/19,455,455,452,455,6900,455,1
2015/11/20,456,456,454,455,8100,455,1
2015/11/24,456,459,455,458,10200,458,1
2015/11/25,459,463,457,462,21900,462,1
2015/11/26,464,473,456,463,32100,463,1
2015/11/27,465,466,463,465,6000,465,1
2015/11/30,466,467,464,467,10000,467,1
2015/12/01,467,467,463,463,10700,463,1
2015/12/02,466,466,463,463,8000,463,1
2015/12/03,464,465,463,464,9000,464,1
2015/12/04,460,463,460,461,22800,461,1
2015/12/07,463,465,460,460,23400,460,1
2015/12/08,462,465,460,460,51400,460,1
2015/12/09,460,462,459,461,32100,461,1
2015/12/10,460,461,457,458,32000,458,1
2015/12/11,460,463,459,460,73100,460,1
2015/12/14,458,461,456,459,20500,459,1
2015/12/15,462,462,457,459,10000,459,1
2015/12/16,461,462,458,462,7800,462,1
2015/12/17,461,463,460,460,12200,460,1
2015/12/18,460,460,448,448,192400,448,1
2015/12/21,451,458,450,454,26400,454,1
2015/12/22,456,458,454,458,12200,458,1
2015/12/24,460,460,457,457,22900,457,1
2015/12/25,455,457,451,456,24600,456,1
2015/12/28,457,460,456,460,13300,460,1
2015/12/29,459,463,455,462,13900,462,1
2015/12/30,463,465,462,462,10800,462,1
2016/01/04,466,466,463,465,12500,465,1
2016/01/05,465,466,463,463,8100,463,1
2016/01/06,465,465,462,462,11000,462,1
2016/01/07,461,466,461,465,18000,465,1
2016/01/08,464,465,461,461,13800,461,1
2016/01/12,464,465,455,459,22600,459,1
2016/01/13,460,463,456,459,8000,459,1
2016/01/14,458,458,448,452,26900,452,1
2016/01/15,453,457,453,455,8300,455,1
2016/01/18,449,455,440,446,32800,446,1
2016/01/19,445,450,445,446,7400,446,1
2016/01/20,451,451,444,446,8000,446,1
2016/01/21,443,444,435,435,21300,435,1
2016/01/22,435,443,435,439,14500,439,1
2016/01/25,446,447,441,446,8400,446,1
2016/01/26,446,449,443,449,9200,449,1
2016/01/27,453,458,452,455,18400,455,1
2016/01/28,457,459,455,456,5100,456,1
2016/01/29,456,460,452,459,18900,459,1
2016/02/01,465,466,460,462,31600,462,1
2016/02/02,500,506,473,482,224600,482,1
2016/02/03,479,479,467,473,30800,473,1
2016/02/04,467,473,462,466,25300,466,1
2016/02/05,462,471,461,466,25000,466,1
2016/02/08,430,445,417,441,148400,441,1
2016/02/09,430,436,427,430,78000,430,1
2016/02/10,428,435,405,410,86200,410,1
2016/02/12,402,405,385,385,85900,385,1
2016/02/15,402,417,401,408,36700,408,1
2016/02/16,410,419,408,416,25400,416,1
2016/02/17,414,416,411,412,23900,412,1
2016/02/18,414,418,413,416,15300,416,1
2016/02/19,411,430,410,429,188300,429,1
2016/02/22,419,433,418,433,33300,433,1
2016/02/23,435,435,425,428,16400,428,1
2016/02/24,428,432,424,431,12500,431,1
2016/02/25,427,430,426,429,11500,429,1
2016/02/26,431,432,415,418,21500,418,1
2016/02/29,418,423,417,421,9500,421,1
2016/03/01,422,422,417,417,7400,417,1
2016/03/02,422,425,420,421,14300,421,1
2016/03/03,422,427,421,427,23700,427,1
2016/03/04,430,436,414,430,57300,430,1
2016/03/07,430,430,426,430,14300,430,1
2016/03/08,428,429,424,427,10900,427,1
2016/03/09,425,426,418,420,30500,420,1
2016/03/10,420,428,420,428,22500,428,1
2016/03/11,423,431,423,430,19700,430,1
2016/03/14,430,435,430,434,19500,434,1
2016/03/15,433,436,431,436,19800,436,1
2016/03/16,438,440,435,440,27800,440,1
2016/03/17,440,445,439,444,39700,444,1
2016/03/18,441,444,437,438,18700,438,1
2016/03/22,440,443,440,442,15200,442,1
2016/03/23,443,445,441,445,25400,445,1
2016/03/24,445,446,442,443,21100,443,1
2016/03/25,443,443,441,443,13700,443,1
2016/03/28,443,447,443,443,19800,443,1
2016/03/29,443,448,443,448,18600,448,1
2016/03/30,450,455,446,447,51500,447,1
2016/03/31,447,458,446,455,17800,455,1
2016/04/01,459,459,449,453,32700,453,1
2016/04/04,453,455,450,455,22000,455,1
2016/04/05,454,454,440,448,15600,448,1
2016/04/06,440,445,440,443,7800,443,1
2016/04/07,440,447,440,444,12600,444,1
2016/04/08,440,450,437,448,9800,448,1
2016/04/11,448,449,444,449,7200,449,1
2016/04/12,448,449,446,446,8900,446,1
2016/04/13,446,448,443,446,10000,446,1
2016/04/14,446,453,444,453,20500,453,1
2016/04/15,451,451,446,451,7200,451,1
2016/04/18,447,451,445,449,14300,449,1
2016/04/19,451,453,449,451,12500,451,1
2016/04/20,450,452,449,452,6500,452,1
2016/04/21,452,454,449,450,26100,450,1
2016/04/22,450,451,447,451,25000,451,1
2016/04/25,452,458,450,453,29800,453,1
2016/04/26,458,459,454,459,22200,459,1
2016/04/27,458,458,455,458,9600,458,1
2016/04/28,458,463,456,457,48400,457,1
2016/05/02,454,457,450,453,25000,453,1
2016/05/06,454,465,453,465,31800,465,1
2016/05/09,456,459,453,455,33200,455,1
2016/05/10,459,460,455,458,10900,458,1
2016/05/11,460,461,456,457,23200,457,1
2016/05/12,455,460,455,458,9800,458,1
2016/05/13,458,458,455,456,19800,456,1
2016/05/16,458,459,456,456,14800,456,1
2016/05/17,458,459,456,458,12600,458,1
2016/05/18,459,459,453,457,22500,457,1
2016/05/19,458,458,455,455,4300,455,1
2016/05/20,456,458,450,455,18500,455,1
2016/05/23,455,457,454,456,11500,456,1
2016/05/24,454,457,454,457,7900,457,1
2016/05/25,458,458,455,455,12400,455,1
2016/05/26,457,458,451,455,16700,455,1
2016/05/27,457,458,453,456,17200,456,1
2016/05/30,458,464,457,461,33600,461,1
2016/05/31,462,470,461,469,51500,469,1
2016/06/01,466,473,465,468,26300,468,1
2016/06/02,467,468,465,467,21800,467,1
2016/06/03,466,470,465,466,19600,466,1
2016/06/06,463,465,461,464,17900,464,1
2016/06/07,466,469,463,466,26300,466,1
2016/06/08,464,466,463,465,17100,465,1
2016/06/09,465,467,464,464,7900,464,1
2016/06/10,464,470,464,469,20500,469,1
2016/06/13,469,469,460,461,37100,461,1
2016/06/14,460,464,449,452,30700,452,1
2016/06/15,449,458,445,458,21300,458,1
2016/06/16,455,456,442,443,33700,443,1
2016/06/17,442,448,440,443,32300,443,1
2016/06/20,444,452,444,447,24500,447,1
2016/06/21,444,449,443,447,21600,447,1
2016/06/22,446,448,445,446,18600,446,1
2016/06/23,442,453,442,445,40700,445,1
2016/06/24,445,452,424,428,73800,428,1
2016/06/27,425,443,425,430,175700,430,1
2016/06/28,399,403,377,392,164600,392,1
2016/06/29,396,402,390,398,72900,398,1
2016/06/30,400,400,393,395,28300,395,1
2016/07/01,395,398,394,395,26500,395,1
2016/07/04,395,399,394,397,18500,397,1
2016/07/05,399,406,396,401,46300,401,1
2016/07/06,400,401,396,398,25100,398,1
2016/07/07,396,398,395,395,21500,395,1
2016/07/08,395,396,393,395,13000,395,1
2016/07/11,395,401,395,399,18400,399,1
2016/07/12,405,405,400,401,19500,401,1
2016/07/13,402,406,402,404,12800,404,1
2016/07/14,404,415,404,415,21800,415,1
2016/07/15,415,427,412,416,41500,416,1
2016/07/19,420,426,418,426,40300,426,1
2016/07/20,430,437,429,436,88400,436,1
2016/07/21,436,439,430,436,23000,436,1
2016/07/22,432,438,426,432,15700,432,1
2016/07/25,496,497,473,477,562200,477,1
2016/07/26,477,484,470,475,122700,475,1
2016/07/27,478,483,475,480,87900,480,1
2016/07/28,480,495,478,495,144400,495,1
2016/07/29,490,493,455,480,141100,480,1
2016/08/01,491,494,483,492,111100,492,1
2016/08/02,494,500,492,500,148300,500,1
2016/08/03,498,500,492,500,71600,500,1
2016/08/04,498,500,488,491,60200,491,1
2016/08/05,496,499,492,499,57100,499,1
2016/08/08,499,499,470,493,82600,493,1
2016/08/09,486,486,443,447,164800,447,1
2016/08/10,453,461,449,460,57400,460,1
2016/08/12,459,459,451,451,24500,451,1
2016/08/15,454,454,447,453,25900,453,1
2016/08/16,456,467,455,460,46100,460,1
2016/08/17,452,454,448,451,31700,451,1
2016/08/18,446,455,439,451,42000,451,1
2016/08/19,459,463,454,455,47700,455,1
2016/08/22,451,468,451,468,54000,468,1
2016/08/23,461,480,460,475,69200,475,1
2016/08/24,470,480,465,480,55500,480,1
2016/08/25,480,490,477,484,68300,484,1
2016/08/26,480,480,466,474,65800,474,1
2016/08/29,478,494,477,477,118900,477,1
2016/08/30,470,475,433,439,669400,439,1
2016/08/31,434,455,434,451,180700,451,1
2016/09/01,446,455,446,453,73400,453,1
2016/09/02,449,462,449,462,52300,462,1
2016/09/05,462,480,456,469,52400,469,1
2016/09/06,470,475,467,468,24300,468,1
2016/09/07,460,466,458,465,20500,465,1
2016/09/08,462,467,460,463,12600,463,1
2016/09/09,462,470,461,464,18400,464,1
2016/09/12,458,458,452,458,18900,458,1
2016/09/13,455,463,455,463,17400,463,1
2016/09/14,462,464,457,459,16500,459,1
2016/09/15,458,458,448,450,21700,450,1
2016/09/16,449,453,449,452,13200,452,1
2016/09/20,445,454,445,449,19500,449,1
2016/09/21,452,456,446,456,18100,456,1
2016/09/23,454,458,440,458,36600,458,1
2016/09/26,456,458,452,454,14500,454,1
2016/09/27,456,457,450,457,19400,457,1
2016/09/28,457,457,451,453,11000,453,1
2016/09/29,454,457,450,455,22500,455,1
2016/09/30,453,453,449,452,11600,452,1
2016/10/03,452,455,450,452,13500,452,1
2016/10/04,452,452,445,448,14000,448,1
2016/10/05,449,450,447,449,18400,449,1
2016/10/06,451,451,447,448,10700,448,1
2016/10/07,448,448,443,444,18500,444,1
2016/10/11,443,444,440,441,22900,441,1
2016/10/12,440,442,437,438,21300,438,1
2016/10/13,438,440,433,435,18200,435,1
2016/10/14,433,434,431,433,12400,433,1
2016/10/17,433,440,433,438,16000,438,1
2016/10/18,442,446,440,442,14500,442,1
2016/10/19,444,447,444,446,10900,446,1
2016/10/20,448,452,446,451,15100,451,1
2016/10/21,454,455,451,452,16900,452,1
2016/10/24,453,456,451,454,15600,454,1
2016/10/25,454,454,452,454,16100,454,1
2016/10/26,455,460,453,455,30400,455,1
2016/10/27,455,460,454,459,21700,459,1
2016/10/28,462,462,459,462,26400,462,1
2016/10/31,458,463,457,460,9900,460,1
2016/11/01,460,461,455,460,8800,460,1
2016/11/02,455,456,452,453,12900,453,1
2016/11/04,453,453,447,449,15300,449,1
2016/11/07,449,449,447,448,7800,448,1
2016/11/08,447,453,446,451,25600,451,1
2016/11/09,451,454,435,439,27700,439,1
2016/11/10,444,450,442,445,23900,445,1
2016/11/11,450,450,445,447,12700,447,1
2016/11/14,445,450,445,447,13300,447,1
2016/11/15,444,450,444,448,5700,448,1
2016/11/16,448,449,444,449,10800,449,1
2016/11/17,445,449,445,449,11200,449,1
2016/11/18,449,451,447,450,14900,450,1
2016/11/21,451,453,449,452,10500,452,1
2016/11/22,450,453,450,452,10200,452,1
2016/11/24,452,454,451,453,13100,453,1
2016/11/25,453,455,449,453,11400,453,1
2016/11/28,453,455,451,454,12600,454,1
2016/11/29,454,455,452,455,10800,455,1
2016/11/30,455,457,453,456,17300,456,1
2016/12/01,457,457,451,456,19400,456,1
2016/12/02,456,457,453,453,21400,453,1
2016/12/05,453,454,451,453,14200,453,1
2016/12/06,453,455,450,455,20100,455,1
2016/12/07,455,457,455,457,13800,457,1
2016/12/08,458,459,457,457,25500,457,1
2016/12/09,457,458,454,457,25900,457,1
2016/12/12,457,459,455,458,17600,458,1
2016/12/13,458,460,457,460,20800,460,1
2016/12/14,460,463,457,462,38500,462,1
2016/12/15,455,464,455,458,54800,458,1
2016/12/16,460,462,455,461,26000,461,1
2016/12/19,462,464,459,462,22200,462,1
2016/12/20,461,464,460,462,14300,462,1
2016/12/21,462,464,460,462,17900,462,1
2016/12/22,460,463,459,462,14700,462,1
2016/12/26,461,465,461,465,49600,465,1
2016/12/27,461,464,461,461,33500,461,1
2016/12/28,458,460,454,460,37200,460,1
2016/12/29,459,459,455,459,17600,459,1
2016/12/30,458,459,454,458,21900,458,1
2017/01/04,458,463,453,455,150700,455,1
2017/01/05,455,459,452,459,29000,459,1
2017/01/06,456,459,454,458,12000,458,1
2017/01/10,458,462,458,462,25700,462,1
2017/01/11,462,462,460,461,7500,461,1
2017/01/12,460,461,458,458,20000,458,1
2017/01/13,458,461,455,458,33100,458,1
2017/01/16,458,458,456,457,8000,457,1
2017/01/17,456,456,453,454,16700,454,1
2017/01/18,451,453,449,449,30500,449,1
2017/01/19,450,454,450,452,10000,452,1
2017/01/20,453,453,450,450,20000,450,1
2017/01/23,450,452,450,450,21000,450,1
2017/01/24,450,452,450,452,21000,452,1
2017/01/25,451,454,451,454,17900,454,1
2017/01/26,454,455,452,453,10700,453,1
2017/01/27,453,454,452,452,16200,452,1
2017/01/30,453,455,453,453,12700,453,1
2017/01/31,453,458,453,453,54600,453,1
2017/02/01,453,456,453,454,12800,454,1
2017/02/02,453,456,453,455,34400,455,1
2017/02/03,455,457,453,455,25700,455,1
2017/02/06,455,456,452,454,23300,454,1
2017/02/07,460,460,454,454,35700,454,1
2017/02/08,453,456,451,452,65400,452,1
2017/02/09,452,453,451,453,18000,453,1
2017/02/10,456,456,452,452,22100,452,1
2017/02/13,456,456,452,454,21500,454,1
2017/02/14,455,455,452,452,15300,452,1
2017/02/15,453,455,451,453,28500,453,1
2017/02/16,454,454,451,453,19200,453,1
2017/02/17,453,453,450,453,23200,453,1
2017/02/20,453,454,453,454,9200,454,1
2017/02/21,455,456,454,455,18400,455,1
2017/02/22,455,457,453,455,16300,455,1
2017/02/23,455,457,455,457,9600,457,1
2017/02/24,457,458,456,457,14200,457,1
2017/02/27,457,458,455,457,19200,457,1
2017/02/28,458,460,457,458,15500,458,1
2017/03/01,459,459,457,457,14700,457,1
2017/03/02,458,458,457,457,19200,457,1
2017/03/03,457,459,456,456,26300,456,1
2017/03/06,457,458,457,458,9000,458,1
2017/03/07,458,460,456,458,28600,458,1
2017/03/08,459,466,457,464,52400,464,1
2017/03/09,470,472,465,468,45300,468,1
2017/03/10,468,474,468,473,54700,473,1
2017/03/13,474,481,473,476,39400,476,1
2017/03/14,474,476,474,474,20100,474,1
2017/03/15,474,476,472,473,27000,473,1
2017/03/16,473,474,468,469,24200,469,1
2017/03/17,472,476,469,475,51200,475,1
2017/03/21,476,476,472,475,26200,475,1
2017/03/22,476,476,473,474,36200,474,1
2017/03/23,475,475,473,475,20700,475,1
2017/03/24,476,478,474,478,27700,478,1
2017/03/27,480,480,474,475,28600,475,1
2017/03/28,475,480,474,480,19900,480,1
2017/03/29,481,485,478,482,35800,482,1
2017/03/30,480,487,478,485,124100,485,1
2017/03/31,494,543,490,533,1051900,533,1
2017/04/03,530,543,521,524,473100,524,1
2017/04/04,522,565,508,535,1267000,535,1
2017/04/05,535,543,525,531,235900,531,1
2017/04/06,525,528,501,517,237200,517,1
2017/04/07,519,531,492,519,258700,519,1
2017/04/10,511,555,511,528,478800,528,1
2017/04/11,527,538,513,520,159100,520,1
2017/04/12,508,515,500,504,170200,504,1
2017/04/13,495,513,495,510,92800,510,1
2017/04/14,504,512,502,503,64700,503,1
2017/04/17,498,511,498,507,72400,507,1
2017/04/18,515,519,508,515,58400,515,1
2017/04/19,512,516,511,512,64900,512,1
2017/04/20,512,524,510,522,85900,522,1
2017/04/21,524,554,523,554,378800,554,1
2017/04/24,550,555,531,541,241200,541,1
2017/04/25,537,559,533,555,174200,555,1
2017/04/26,563,576,556,568,233200,568,1
2017/04/27,573,575,559,563,270600,563,1
2017/04/28,555,573,551,569,248100,569,1
2017/05/01,574,578,563,574,206400,574,1
2017/05/02,574,585,569,576,262900,576,1
2017/05/08,575,582,572,579,143100,579,1
2017/05/09,577,592,577,589,229600,589,1
2017/05/10,560,570,531,552,558700,552,1
2017/05/11,560,577,553,557,235700,557,1
2017/05/12,556,570,546,563,183900,563,1
2017/05/15,562,576,561,562,120400,562,1
2017/05/16,560,566,553,560,160500,560,1
2017/05/17,563,573,563,569,154800,569,1
2017/05/18,561,586,561,581,368800,581,1
2017/05/19,581,585,570,582,138700,582,1
2017/05/22,581,583,574,577,90300,577,1
2017/05/23,578,613,574,610,479600,610,1
2017/05/24,609,609,596,603,138100,603,1
2017/05/25,605,606,598,600,96700,600,1
2017/05/26,601,603,591,598,133900,598,1
2017/05/29,596,620,591,616,258800,616,1
2017/05/30,615,617,605,612,108600,612,1
2017/05/31,612,620,607,616,103500,616,1
2017/06/01,620,639,619,627,175500,627,1
2017/06/02,628,636,625,628,102100,628,1
2017/06/05,628,634,622,631,73100,631,1
2017/06/06,632,632,601,614,147200,614,1
2017/06/07,612,620,607,610,66100,610,1
2017/06/08,601,628,596,625,165000,625,1
2017/06/09,622,626,618,626,84900,626,1
2017/06/12,618,626,617,620,60100,620,1
2017/06/13,617,622,610,612,102000,612,1
2017/06/14,613,619,610,610,72200,610,1
2017/06/15,610,617,607,615,56200,615,1
2017/06/16,615,618,609,618,64500,618,1
2017/06/19,616,616,607,607,78500,607,1
2017/06/20,607,613,600,604,122500,604,1
2017/06/21,600,606,591,593,141900,593,1
2017/06/22,592,599,592,597,74400,597,1
2017/06/23,595,596,582,590,163700,590,1
2017/06/26,587,591,584,587,93800,587,1
2017/06/27,589,593,573,584,263900,584,1
2017/06/28,569,575,561,564,198300,564,1
2017/06/29,566,568,558,567,125100,567,1
2017/06/30,569,574,558,564,99100,564,1
2017/07/03,564,584,564,583,157800,583,1
2017/07/04,576,580,560,565,110300,565,1
2017/07/05,563,563,549,554,118100,554,1
2017/07/06,552,557,547,548,65900,548,1
2017/07/07,543,546,534,540,93800,540,1
2017/07/10,542,560,542,554,95500,554,1
2017/07/11,555,558,551,557,49500,557,1
2017/07/12,559,562,553,559,66700,559,1
2017/07/13,562,578,559,560,80600,560,1
2017/07/14,564,564,559,561,24000,561,1
2017/07/18,562,571,558,570,68000,570,1
2017/07/19,575,589,575,582,117200,582,1
2017/07/20,584,592,583,587,100900,587,1
2017/07/21,588,619,587,619,476900,619,1
2017/07/24,625,719,622,688,1390400,688,1
2017/07/25,685,697,661,696,648900,696,1
2017/07/26,686,691,666,680,304300,680,1
2017/07/27,689,779,684,722,1348500,722,1
2017/07/28,722,739,712,728,436000,728,1
2017/07/31,740,769,705,720,626300,720,1
2017/08/01,718,733,646,675,602700,675,1
2017/08/02,669,712,668,695,374800,695,1
2017/08/03,685,690,656,662,339400,662,1
2017/08/04,662,676,640,670,253300,670,1
2017/08/07,770,770,770,770,59300,770,1
2017/08/08,830,842,758,764,3018500,764,1
2017/08/09,777,835,769,834,1733400,834,1
2017/08/10,805,816,746,756,1037100,756,1
2017/08/14,748,786,742,760,519500,760,1
2017/08/15,768,815,767,804,582700,804,1
2017/08/16,805,877,793,865,1043900,865,1
2017/08/17,866,904,854,904,871200,904,1
2017/08/18,889,949,886,949,933700,949,1
2017/08/21,949,964,923,957,675400,957,1
2017/08/22,945,950,912,930,366100,930,1
2017/08/23,945,960,916,928,414800,928,1
2017/08/24,934,942,901,923,270900,923,1
2017/08/25,939,940,908,932,194100,932,1
2017/08/28,922,985,913,922,458700,922,1
2017/08/29,907,936,903,911,249000,911,1
2017/08/30,910,918,865,903,297600,903,1
2017/08/31,900,925,889,922,207100,922,1
2017/09/01,894,894,850,851,497300,851,1
2017/09/04,851,860,818,834,381300,834,1
2017/09/05,829,844,784,791,442100,791,1
2017/09/06,779,806,769,789,495700,789,1
2017/09/07,781,808,761,765,405500,765,1
2017/09/08,765,779,742,743,1050900,743,1
2017/09/11,754,766,746,755,413900,755,1
2017/09/12,764,789,757,782,399700,782,1
2017/09/13,787,806,781,800,354300,800,1
2017/09/14,804,828,765,772,489400,772,1
2017/09/15,779,835,778,822,599300,822,1
2017/09/19,852,887,852,867,705500,867,1
2017/09/20,871,914,871,895,685200,895,1
2017/09/21,899,909,882,895,335400,895,1
2017/09/22,885,889,835,845,451800,845,1
2017/09/25,853,872,837,847,254000,847,1
2017/09/26,850,853,835,839,178600,839,1
2017/09/27,839,862,839,855,124700,855,1
2017/09/28,860,865,843,845,181900,845,1
2017/09/29,845,867,835,857,176700,857,1
2017/10/02,869,887,858,865,190400,865,1
2017/10/03,862,875,862,867,113900,867,1
2017/10/04,870,875,845,846,176400,846,1
2017/10/05,833,836,799,799,449000,799,1
2017/10/06,824,824,776,783,703500,783,1
2017/10/10,778,811,778,808,269100,808,1
2017/10/11,815,815,783,785,212400,785,1
2017/10/12,799,804,791,799,179300,799,1
2017/10/13,805,830,800,829,450200,829,1
2017/10/16,838,856,832,832,419900,832,1
2017/10/17,832,836,814,825,202700,825,1
2017/10/18,826,844,823,826,281400,826,1
2017/10/19,829,833,806,812,226500,812,1
2017/10/20,806,807,796,798,184500,798,1
2017/10/23,813,817,804,811,158700,811,1
2017/10/24,808,818,805,812,113100,812,1
2017/10/25,813,825,808,809,196700,809,1
2017/10/26,811,825,807,825,144700,825,1
2017/10/27,831,848,829,832,260100,832,1
2017/10/30,859,879,852,859,474100,859,1
2017/10/31,859,859,840,856,141500,856,1
2017/11/01,868,892,854,887,487100,887,1
2017/11/02,884,886,863,874,256600,874,1
2017/11/06,880,880,836,847,348500,847,1
2017/11/07,842,859,832,849,200300,849,1
2017/11/08,789,817,773,789,1732600,789,1
2017/11/09,789,797,731,747,1073800,747,1
2017/11/10,732,753,731,746,353800,746,1
2017/11/13,751,766,743,753,198800,753,1
2017/11/14,750,759,737,743,174800,743,1
2017/11/15,746,758,728,730,345500,730,1
2017/11/16,725,750,725,748,152500,748,1
2017/11/17,760,766,750,757,166000,757,1
2017/11/20,757,770,754,767,159000,767,1
2017/11/21,778,799,769,771,267500,771,1
2017/11/22,775,790,775,780,125200,780,1
2017/11/24,775,795,768,777,187800,777,1
2017/11/27,786,786,772,777,103300,777,1
2017/11/28,779,782,763,772,122700,772,1
2017/11/29,777,793,770,776,172600,776,1
2017/11/30,782,800,774,792,291700,792,1
2017/12/01,797,797,779,789,158700,789,1
2017/12/04,789,793,772,773,116100,773,1
2017/12/05,774,784,753,784,177300,784,1
2017/12/06,784,790,759,761,320500,761,1
2017/12/07,763,785,763,784,189600,784,1
2017/12/08,780,792,778,790,192400,790,1
2017/12/11,795,808,792,794,145600,794,1
2017/12/12,808,818,794,810,137900,810,1
2017/12/13,815,820,808,812,80700,812,1
2017/12/14,818,824,812,820,91700,820,1
2017/12/15,823,833,817,827,147700,827,1
2017/12/18,839,851,830,851,260200,851,1
2017/12/19,861,867,841,844,175800,844,1
2017/12/20,842,851,833,834,187100,834,1
2017/12/21,833,842,830,841,88700,841,1
2017/12/22,846,856,842,843,124800,843,1
2017/12/25,841,861,836,860,165100,860,1
2017/12/26,868,873,852,856,128500,856,1
2017/12/27,858,882,858,875,234100,875,1
2017/12/28,884,884,861,862,122800,862,1
2017/12/29,861,872,855,856,142000,856,1
2018/01/04,871,888,862,879,265300,879,1
2018/01/05,885,893,876,885,183800,885,1
2018/01/09,898,907,890,900,165000,900,1
2018/01/10,910,984,909,973,511500,973,1
2018/01/11,980,1081,979,1040,867000,1040,1
2018/01/12,1040,1068,1010,1017,343800,1017,1
2018/01/15,1022,1058,1001,1042,242100,1042,1
2018/01/16,1050,1063,1023,1039,171600,1039,1
2018/01/17,1022,1057,1022,1046,265300,1046,1
2018/01/18,1085,1179,1085,1122,1124400,1122,1
2018/01/19,1126,1175,1126,1159,537200,1159,1
2018/01/22,1160,1186,1139,1179,364300,1179,1
2018/01/23,1192,1196,1135,1141,452700,1141,1
2018/01/24,1141,1170,1117,1137,270000,1137,1
2018/01/25,1120,1127,1080,1104,255600,1104,1
2018/01/26,1114,1120,1077,1083,199200,1083,1
2018/01/29,1080,1099,1055,1084,205400,1084,1
2018/01/30,1090,1090,1044,1061,276100,1061,1
2018/01/31,1031,1054,1015,1018,298200,1018,1
2018/02/01,1025,1048,1025,1034,165500,1034,1
2018/02/02,1025,1035,1005,1023,270600,1023,1
2018/02/05,993,1003,960,989,282600,989,1
2018/02/06,890,945,851,916,382300,916,1
2018/02/07,940,974,922,924,361300,924,1
2018/02/08,921,940,902,916,263400,916,1
2018/02/09,845,889,845,881,334000,881,1
2018/02/13,887,904,858,860,298800,860,1
2018/02/14,855,876,825,835,231700,835,1
2018/02/15,837,875,834,862,186300,862,1
2018/02/16,879,910,877,894,242300,894,1
2018/02/19,954,960,907,930,342000,930,1
2018/02/20,931,953,912,940,204100,940,1
2018/02/21,936,946,894,915,239500,915,1
2018/02/22,910,924,892,899,115600,899,1
2018/02/23,907,930,901,920,174500,920,1
2018/02/26,939,941,921,924,122500,924,1
2018/02/27,930,939,904,911,167100,911,1
2018/02/28,903,927,895,902,233700,902,1
2018/03/01,910,914,890,896,120100,896,1
2018/03/02,873,898,870,889,110300,889,1
2018/03/05,886,892,840,842,210700,842,1
2018/03/06,865,868,851,859,170700,859,1
2018/03/07,858,873,846,857,104200,857,1
2018/03/08,873,878,859,861,63800,861,1
2018/03/09,876,876,857,861,88600,861,1
2018/03/12,879,891,860,873,112100,873,1
2018/03/13,877,910,867,909,115600,909,1
2018/03/14,902,913,900,909,63900,909,1
2018/03/15,903,912,883,894,93100,894,1
2018/03/16,896,905,882,887,79600,887,1
2018/03/19,877,879,844,851,115400,851,1
2018/03/20,836,867,835,860,80700,860,1
2018/03/22,861,867,844,859,71900,859,1
2018/03/23,830,850,816,822,142800,822,1
2018/03/26,813,816,778,814,166400,814,1
2018/03/27,828,836,816,823,94200,823,1
2018/03/28,822,837,815,830,88600,830,1
2018/03/29,847,859,836,859,101300,859,1
2018/03/30,866,875,858,871,103200,871,1
2018/04/02,871,890,865,886,119500,886,1
2018/04/03,872,872,848,859,111800,859,1
2018/04/04,867,868,850,855,92300,855,1
2018/04/05,855,857,835,846,148000,846,1
2018/04/06,846,860,846,855,79600,855,1
2018/04/09,845,845,808,808,231700,808,1
2018/04/10,814,833,802,828,118500,828,1
2018/04/11,835,839,823,827,60100,827,1
2018/04/12,832,849,826,837,69200,837,1
2018/04/13,841,860,839,850,64600,850,1
2018/04/16,859,867,838,843,61000,843,1
2018/04/17,840,892,838,882,269900,882,1
2018/04/18,912,991,909,986,761300,986,1
2018/04/19,980,980,903,904,619300,904,1
2018/04/20,909,1018,909,985,1264900,985,1
2018/04/23,1015,1035,960,982,623700,982,1
2018/04/24,981,993,935,946,459100,946,1
2018/04/25,940,980,936,971,243400,971,1
2018/04/26,973,974,927,940,268300,940,1
2018/04/27,938,943,919,922,138000,922,1
2018/05/01,918,930,901,921,146600,921,1
2018/05/02,922,960,919,949,209700,949,1
2018/05/07,948,972,936,956,238800,956,1
2018/05/08,960,960,911,941,370200,941,1
2018/05/09,883,890,839,845,804100,845,1
2018/05/10,833,852,833,842,248000,842,1
2018/05/11,845,848,798,820,601500,820,1
2018/05/14,823,839,811,836,191300,836,1
2018/05/15,845,851,831,844,172500,844,1
2018/05/16,845,848,833,844,93400,844,1
2018/05/17,845,862,837,856,243500,856,1
2018/05/18,852,854,839,848,213600,848,1
2018/05/21,849,864,844,860,176600,860,1
2018/05/22,859,859,833,845,376900,845,1
2018/05/23,843,850,833,843,292800,843,1
2018/05/24,844,853,831,834,147300,834,1
2018/05/25,828,839,827,835,99600,835,1
2018/05/28,835,840,825,828,109900,828,1
2018/05/29,827,845,825,838,150600,838,1
2018/05/30,831,849,822,846,139700,846,1
2018/05/31,846,853,831,836,209200,836,1
2018/06/01,837,840,831,837,125500,837,1
2018/06/04,844,857,842,852,177500,852,1
2018/06/05,856,861,845,846,128100,846,1
2018/06/06,845,849,833,836,212500,836,1
2018/06/07,837,843,830,841,93200,841,1
2018/06/08,841,852,841,841,107300,841,1
2018/06/11,844,875,844,867,248000,867,1
2018/06/12,867,884,867,876,170300,876,1
2018/06/13,883,889,875,882,165100,882,1
2018/06/14,887,887,860,871,154900,871,1
2018/06/15,882,882,861,872,140000,872,1
2018/06/18,868,877,861,863,136100,863,1
2018/06/19,860,860,839,850,156500,850,1
2018/06/20,847,867,842,864,171300,864,1
2018/06/21,865,872,853,857,153300,857,1
2018/06/22,854,867,853,864,104100,864,1
2018/06/25,865,868,848,852,147400,852,1
2018/06/26,837,855,833,847,313100,847,1
2018/06/27,817,826,809,812,253700,812,1
2018/06/28,810,832,789,829,245600,829,1
2018/06/29,834,834,816,819,84500,819,1
2018/07/02,810,821,798,798,133100,798,1
2018/07/03,796,805,777,785,162700,785,1
2018/07/04,775,777,747,764,194100,764,1
2018/07/05,763,763,727,734,279900,734,1
2018/07/06,742,756,736,753,116100,753,1
2018/07/09,754,795,754,789,153800,789,1
2018/07/10,785,794,775,775,149400,775,1
2018/07/11,771,781,752,755,138100,755,1
2018/07/12,759,768,755,758,63800,758,1
2018/07/13,765,769,757,760,39900,760,1
2018/07/17,760,763,756,760,67600,760,1
2018/07/18,762,771,758,765,90000,765,1
2018/07/19,769,774,762,762,58600,762,1
2018/07/20,760,765,754,758,68700,758,1
2018/07/23,758,760,748,755,67600,755,1
2018/07/24,753,770,753,767,117700,767,1
2018/07/25,769,788,769,783,93400,783,1
2018/07/26,790,805,787,804,104100,804,1
2018/07/27,804,808,800,805,80100,805,1
2018/07/30,806,809,787,791,159600,791,1
2018/07/31,832,842,783,784,614000,784,1
2018/08/01,800,814,790,813,173500,813,1
2018/08/02,813,825,803,808,127400,808,1
2018/08/03,808,813,797,811,90500,811,1
2018/08/06,817,818,801,803,84100,803,1
2018/08/07,802,811,801,807,96400,807,1
2018/08/08,820,885,815,882,956500,882,1
2018/08/09,887,913,875,898,436900,898,1
2018/08/10,889,893,860,868,278800,868,1
2018/08/13,866,879,841,868,247200,868,1
2018/08/14,859,874,850,873,151400,873,1
