2013/07/12,285000.0,304000.0,281500.0,294500.0,11794,294500,2.0
2013/07/16,310000.0,325000.0,301500.0,320000.0,4321,320000,2.0
2013/07/17,315500.0,318500.0,303000.0,305500.0,2150,305500,2.0
2013/07/18,307500.0,313500.0,297500.0,300500.0,1590,300500,2.0
2013/07/19,300000.0,304500.0,293500.0,303000.0,1268,303000,2.0
2013/07/22,302500.0,306000.0,299000.0,300000.0,436,300000,2.0
2013/07/23,299000.0,299500.0,293500.0,293500.0,558,293500,2.0
2013/07/24,292500.0,293500.0,288000.0,288500.0,684,288500,2.0
2013/07/25,288500.0,292500.0,288500.0,290000.0,416,290000,2.0
2013/07/26,291000.0,291500.0,286500.0,287000.0,441,287000,2.0
2013/07/29,289000.0,289500.0,280000.0,280500.0,498,280500,2.0
2013/07/30,281500.0,285500.0,280500.0,285500.0,279,285500,2.0
2013/07/31,285000.0,287000.0,280500.0,282500.0,303,282500,2.0
2013/08/01,282500.0,284500.0,280500.0,283000.0,224,283000,2.0
2013/08/02,286000.0,293000.0,285000.0,292500.0,436,292500,2.0
2013/08/05,294000.0,294500.0,290000.0,293500.0,177,293500,2.0
2013/08/06,294000.0,294500.0,291000.0,294000.0,166,294000,2.0
2013/08/07,291000.0,294500.0,290500.0,293000.0,133,293000,2.0
2013/08/08,292500.0,293500.0,288500.0,292500.0,286,292500,2.0
2013/08/09,291000.0,292000.0,281500.0,285500.0,323,285500,2.0
2013/08/12,285500.0,288500.0,284500.0,287000.0,154,287000,2.0
2013/08/13,287000.0,287500.0,285000.0,286500.0,114,286500,2.0
2013/08/14,287000.0,292000.0,287000.0,292000.0,166,292000,2.0
2013/08/15,293000.0,293000.0,289000.0,292000.0,143,292000,2.0
2013/08/16,290500.0,292000.0,284000.0,285500.0,369,285500,2.0
2013/08/19,287500.0,296000.0,287500.0,296000.0,326,296000,2.0
2013/08/20,294000.0,297000.0,292500.0,292500.0,263,292500,2.0
2013/08/21,292500.0,295000.0,291500.0,294000.0,193,294000,2.0
2013/08/22,292500.0,294500.0,290500.0,293500.0,166,293500,2.0
2013/08/23,294000.0,295000.0,292500.0,295000.0,138,295000,2.0
2013/08/26,295000.0,296000.0,293000.0,296000.0,261,296000,2.0
2013/08/27,296000.0,296000.0,292500.0,295500.0,142,295500,2.0
2013/08/28,295500.0,304500.0,294500.0,303000.0,1087,303000,2.0
2013/08/29,303500.0,304000.0,287000.0,304000.0,1191,304000,2.0
2013/08/30,297000.0,301000.0,288000.0,288500.0,719,288500,2.0
2013/09/02,290500.0,294000.0,289500.0,290000.0,195,290000,2.0
2013/09/03,291500.0,292500.0,289500.0,292000.0,162,292000,2.0
2013/09/04,292500.0,292500.0,290500.0,291500.0,122,291500,2.0
2013/09/05,292000.0,292500.0,290000.0,290000.0,149,290000,2.0
2013/09/06,290500.0,291500.0,290500.0,291000.0,130,291000,2.0
2013/09/09,301000.0,301500.0,295500.0,300500.0,614,300500,2.0
2013/09/10,300500.0,305000.0,300500.0,302500.0,609,302500,2.0
2013/09/11,305000.0,305500.0,300000.0,304000.0,511,304000,2.0
2013/09/12,304000.0,305500.0,300500.0,304000.0,278,304000,2.0
2013/09/13,302000.0,304500.0,302000.0,304000.0,250,304000,2.0
2013/09/17,304000.0,304000.0,300000.0,301000.0,113,301000,2.0
2013/09/18,301000.0,302000.0,297500.0,299500.0,185,299500,2.0
2013/09/19,299000.0,300000.0,295000.0,298000.0,245,298000,2.0
2013/09/20,300000.0,300500.0,296000.0,297500.0,172,297500,2.0
2013/09/24,297500.0,298500.0,296000.0,298500.0,53,298500,2.0
2013/09/25,299000.0,300500.0,298000.0,298500.0,116,298500,2.0
2013/09/26,299000.0,300000.0,296000.0,297500.0,140,297500,2.0
2013/09/27,299000.0,301500.0,298000.0,301000.0,273,301000,2.0
2013/09/30,299500.0,303500.0,298500.0,302000.0,168,302000,2.0
2013/10/01,303500.0,303500.0,299000.0,300000.0,121,300000,2.0
2013/10/02,300000.0,300000.0,289500.0,293500.0,326,293500,2.0
2013/10/03,293500.0,295000.0,292000.0,292500.0,154,292500,2.0
2013/10/04,290500.0,291500.0,285500.0,291500.0,394,291500,2.0
2013/10/07,292000.0,292000.0,285500.0,286000.0,141,286000,2.0
2013/10/08,285000.0,287500.0,284000.0,286000.0,176,286000,2.0
2013/10/09,286000.0,291500.0,286000.0,291500.0,114,291500,2.0
2013/10/10,291000.0,293500.0,290000.0,291000.0,70,291000,2.0
2013/10/11,293500.0,293500.0,291500.0,293000.0,82,293000,2.0
2013/10/15,294000.0,294500.0,290500.0,292000.0,93,292000,2.0
2013/10/16,292500.0,292500.0,290000.0,290000.0,96,290000,2.0
2013/10/17,292000.0,292500.0,291000.0,291000.0,70,291000,2.0
2013/10/18,291000.0,291500.0,288500.0,289000.0,148,289000,2.0
2013/10/21,291500.0,292500.0,289000.0,290500.0,120,290500,2.0
2013/10/22,290500.0,291500.0,289500.0,290500.0,62,290500,2.0
2013/10/23,291500.0,291500.0,289500.0,289500.0,47,289500,2.0
2013/10/24,287500.0,290000.0,287500.0,290000.0,114,290000,2.0
2013/10/25,290000.0,290000.0,287000.0,288000.0,192,288000,2.0
2013/10/28,287500.0,290000.0,287000.0,290000.0,134,290000,2.0
2013/10/29,287500.0,288500.0,285000.0,287500.0,134,287500,2.0
2013/10/30,286500.0,290000.0,286500.0,288000.0,88,288000,2.0
2013/10/31,288000.0,289500.0,287000.0,288000.0,95,288000,2.0
2013/11/01,288500.0,289500.0,286500.0,287500.0,101,287500,2.0
2013/11/05,286500.0,287500.0,285500.0,287000.0,97,287000,2.0
2013/11/06,287000.0,287000.0,285000.0,285000.0,93,285000,2.0
2013/11/07,286500.0,286500.0,283500.0,283500.0,85,283500,2.0
2013/11/08,283000.0,285000.0,283000.0,283500.0,61,283500,2.0
2013/11/11,283500.0,285500.0,283000.0,285000.0,85,285000,2.0
2013/11/12,285500.0,287000.0,284500.0,287000.0,45,287000,2.0
2013/11/13,287000.0,287500.0,285500.0,285500.0,27,285500,2.0
2013/11/14,285500.0,287000.0,285000.0,287000.0,59,287000,2.0
2013/11/15,287500.0,288000.0,285000.0,288000.0,74,288000,2.0
2013/11/18,288000.0,288500.0,286500.0,286500.0,49,286500,2.0
2013/11/19,286000.0,287000.0,285500.0,285500.0,68,285500,2.0
2013/11/20,285500.0,286000.0,285000.0,285500.0,50,285500,2.0
2013/11/21,285500.0,286500.0,285000.0,285000.0,81,285000,2.0
2013/11/22,285000.0,286000.0,284500.0,285500.0,94,285500,2.0
2013/11/25,285500.0,287000.0,284500.0,286500.0,74,286500,2.0
2013/11/26,286500.0,287500.0,285000.0,287500.0,83,287500,2.0
2013/11/27,288000.0,288000.0,285500.0,285500.0,72,285500,2.0
2013/11/28,286500.0,287000.0,285000.0,285000.0,77,285000,2.0
2013/11/29,285000.0,285500.0,284000.0,284500.0,189,284500,2.0
2013/12/02,284500.0,286000.0,283500.0,286000.0,96,286000,2.0
2013/12/03,289000.0,292000.0,288000.0,291000.0,399,291000,2.0
2013/12/04,293000.0,293000.0,290000.0,293000.0,186,293000,2.0
2013/12/05,289000.0,292500.0,289000.0,289500.0,107,289500,2.0
2013/12/06,288500.0,292500.0,288500.0,291500.0,135,291500,2.0
2013/12/09,292500.0,292500.0,289500.0,291000.0,64,291000,2.0
2013/12/10,289500.0,291500.0,289000.0,289500.0,148,289500,2.0
2013/12/11,289000.0,291000.0,289000.0,289500.0,40,289500,2.0
2013/12/12,290000.0,290000.0,288500.0,290000.0,35,290000,2.0
2013/12/13,288500.0,292000.0,288500.0,292000.0,137,292000,2.0
2013/12/16,294500.0,299500.0,290500.0,293500.0,410,293500,2.0
2013/12/17,294000.0,295500.0,291000.0,295500.0,163,295500,2.0
2013/12/18,296500.0,298500.0,295500.0,298000.0,228,298000,2.0
2013/12/19,297500.0,297500.0,292500.0,293500.0,113,293500,2.0
2013/12/20,296500.0,299500.0,295000.0,299000.0,340,299000,2.0
2013/12/24,299500.0,305000.0,299500.0,300000.0,443,300000,2.0
2013/12/25,304000.0,304500.0,301000.0,301500.0,169,301500,2.0
2013/12/26,301500.0,319500.0,301500.0,315500.0,501,315500,2.0
2013/12/27,318500.0,320000.0,310000.0,317500.0,405,317500,2.0
2013/12/30,315000.0,337500.0,315000.0,331500.0,672,331500,2.0
2014/01/06,323000.0,332500.0,322000.0,331000.0,360,331000,2.0
2014/01/07,331000.0,337500.0,328500.0,334000.0,420,334000,2.0
2014/01/08,330000.0,333500.0,324500.0,329000.0,613,329000,2.0
2014/01/09,329000.0,330000.0,326000.0,328000.0,121,328000,2.0
2014/01/10,325500.0,332500.0,324500.0,329500.0,385,329500,2.0
2014/01/14,327500.0,328000.0,325500.0,327500.0,243,327500,2.0
2014/01/15,327500.0,329500.0,326000.0,328500.0,155,328500,2.0
2014/01/16,328500.0,333500.0,328500.0,333000.0,186,333000,2.0
2014/01/17,334500.0,345000.0,332500.0,342500.0,268,342500,2.0
2014/01/20,343000.0,344500.0,339500.0,340000.0,170,340000,2.0
2014/01/21,335000.0,344500.0,335000.0,340000.0,170,340000,2.0
2014/01/22,340000.0,365000.0,340000.0,358500.0,527,358500,2.0
2014/01/23,351000.0,357000.0,350000.0,352500.0,195,352500,2.0
2014/01/24,350000.0,352000.0,346000.0,347500.0,104,347500,2.0
2014/01/27,345000.0,353000.0,341000.0,353000.0,149,353000,2.0
2014/01/28,355000.0,360000.0,350000.0,360000.0,182,360000,2.0
2014/01/29,356500.0,365000.0,354500.0,362000.0,174,362000,2.0
2014/01/30,356500.0,363500.0,355000.0,360500.0,224,360500,2.0
2014/01/31,363500.0,365000.0,353000.0,362500.0,254,362500,2.0
2014/02/03,362500.0,362500.0,353500.0,353500.0,158,353500,2.0
2014/02/04,340000.0,356500.0,340000.0,352500.0,301,352500,2.0
2014/02/05,352500.0,360500.0,352500.0,359000.0,134,359000,2.0
2014/02/06,362500.0,380000.0,360000.0,371000.0,242,371000,2.0
2014/02/07,377500.0,381000.0,370000.0,370500.0,191,370500,2.0
2014/02/10,368000.0,368000.0,362000.0,362500.0,142,362500,2.0
2014/02/12,360000.0,369500.0,360000.0,365500.0,119,365500,2.0
2014/02/13,366500.0,368000.0,360500.0,360500.0,73,360500,2.0
2014/02/14,365000.0,367000.0,360000.0,365500.0,147,365500,2.0
2014/02/17,369000.0,369000.0,363500.0,365500.0,50,365500,2.0
2014/02/18,365500.0,365500.0,362500.0,363000.0,43,363000,2.0
2014/02/19,362500.0,365500.0,360500.0,363500.0,65,363500,2.0
2014/02/20,365000.0,367500.0,362500.0,367500.0,90,367500,2.0
2014/02/21,368000.0,368500.0,366000.0,367000.0,59,367000,2.0
2014/02/24,369500.0,369500.0,365000.0,365500.0,59,365500,2.0
2014/02/25,365500.0,366500.0,361000.0,365500.0,91,365500,2.0
2014/02/26,365000.0,365500.0,363500.0,365500.0,30,365500,2.0
2014/02/27,364500.0,365000.0,360500.0,361500.0,127,361500,2.0
2014/02/28,363500.0,363500.0,358500.0,359000.0,69,359000,2.0
2014/03/03,353500.0,360000.0,352500.0,357000.0,105,357000,2.0
2014/03/04,354000.0,356000.0,352500.0,354000.0,37,354000,2.0
2014/03/05,354000.0,356000.0,353500.0,355000.0,44,355000,2.0
2014/03/06,355000.0,357000.0,355000.0,357000.0,45,357000,2.0
2014/03/07,356000.0,360500.0,355000.0,360500.0,84,360500,2.0
2014/03/10,362000.0,362000.0,357500.0,357500.0,50,357500,2.0
2014/03/11,357500.0,361000.0,354500.0,354500.0,60,354500,2.0
2014/03/12,354000.0,356000.0,353000.0,353000.0,53,353000,2.0
2014/03/13,353000.0,356500.0,351500.0,353000.0,57,353000,2.0
2014/03/14,353000.0,355500.0,350000.0,352000.0,98,352000,2.0
2014/03/17,350500.0,354000.0,350500.0,352000.0,38,352000,2.0
2014/03/18,353000.0,355000.0,351000.0,354500.0,41,354500,2.0
2014/03/19,354000.0,358000.0,351000.0,353500.0,66,353500,2.0
2014/03/20,353500.0,355000.0,351500.0,351500.0,52,351500,2.0
2014/03/24,351500.0,360000.0,351500.0,359000.0,86,359000,2.0
2014/03/25,355000.0,360500.0,355000.0,355500.0,62,355500,2.0
2014/03/26,360500.0,364500.0,358500.0,362500.0,68,362500,2.0
2014/03/27,358000.0,368500.0,357500.0,368500.0,108,368500,2.0
2014/03/28,365500.0,367500.0,360000.0,360000.0,76,360000,2.0
2014/03/31,360500.0,367000.0,357000.0,362000.0,156,362000,2.0
2014/04/01,363000.0,368000.0,362500.0,367500.0,123,367500,2.0
2014/04/02,367500.0,369000.0,365500.0,369000.0,71,369000,2.0
2014/04/03,369000.0,374500.0,366500.0,367000.0,122,367000,2.0
2014/04/04,372500.0,372500.0,365000.0,365000.0,133,365000,2.0
2014/04/07,375500.0,413000.0,375500.0,393500.0,780,393500,2.0
2014/04/08,397500.0,404500.0,392000.0,403500.0,406,403500,2.0
2014/04/09,399000.0,401500.0,394000.0,398500.0,153,398500,2.0
2014/04/10,401000.0,405000.0,392000.0,392000.0,350,392000,2.0
2014/04/11,391500.0,402000.0,390500.0,398500.0,224,398500,2.0
2014/04/14,400000.0,400000.0,393000.0,398000.0,175,398000,2.0
2014/04/15,396500.0,400000.0,395000.0,395000.0,102,395000,2.0
2014/04/16,396000.0,398000.0,393000.0,395500.0,147,395500,2.0
2014/04/17,397000.0,399500.0,396500.0,397500.0,108,397500,2.0
2014/04/18,399500.0,407500.0,399000.0,407500.0,216,407500,2.0
2014/04/21,407500.0,412000.0,407500.0,408000.0,82,408000,2.0
2014/04/22,408000.0,412000.0,406500.0,406500.0,237,406500,2.0
2014/04/23,406500.0,409000.0,397000.0,406500.0,727,406500,2.0
2014/04/24,408000.0,415000.0,408000.0,415000.0,382,415000,2.0
2014/04/25,415000.0,418500.0,409000.0,409000.0,503,409000,2.0
2014/04/28,407500.0,409000.0,400000.0,406000.0,377,406000,2.0
2014/04/30,405000.0,407000.0,401000.0,404500.0,396,404500,2.0
2014/05/01,407000.0,410500.0,397500.0,397500.0,1758,397500,2.0
2014/05/02,395000.0,396500.0,393000.0,395000.0,2124,395000,2.0
2014/05/07,391500.0,393000.0,387000.0,389500.0,606,389500,2.0
2014/05/08,389500.0,389500.0,374000.0,376500.0,820,376500,2.0
2014/05/09,376000.0,383000.0,376000.0,380000.0,289,380000,2.0
2014/05/12,381500.0,382000.0,376000.0,378500.0,121,378500,2.0
2014/05/13,379500.0,380500.0,376000.0,376000.0,353,376000,2.0
2014/05/14,379000.0,382500.0,375500.0,379500.0,422,379500,2.0
2014/05/15,381500.0,383500.0,379500.0,380500.0,254,380500,2.0
2014/05/16,383500.0,383500.0,374000.0,377000.0,759,377000,2.0
2014/05/19,376500.0,378000.0,376000.0,376500.0,192,376500,2.0
2014/05/20,377000.0,377500.0,376000.0,376500.0,123,376500,2.0
2014/05/21,376500.0,376500.0,374000.0,376500.0,208,376500,2.0
2014/05/22,377000.0,379000.0,375500.0,378500.0,377,378500,2.0
2014/05/23,378000.0,379500.0,376500.0,376500.0,196,376500,2.0
2014/05/26,377500.0,378000.0,375500.0,376000.0,155,376000,2.0
2014/05/27,376000.0,382500.0,376000.0,379500.0,293,379500,2.0
2014/05/28,381500.0,383000.0,379000.0,382000.0,153,382000,2.0
2014/05/29,382500.0,383000.0,380000.0,380500.0,166,380500,2.0
2014/05/30,381500.0,392000.0,381500.0,391000.0,884,391000,2.0
2014/06/02,390500.0,391500.0,386500.0,389000.0,242,389000,2.0
2014/06/03,391500.0,394000.0,390000.0,391000.0,368,391000,2.0
2014/06/04,391000.0,392000.0,390000.0,391000.0,151,391000,2.0
2014/06/05,392000.0,392000.0,386500.0,389000.0,270,389000,2.0
2014/06/06,390000.0,392500.0,388000.0,391500.0,322,391500,2.0
2014/06/09,393500.0,393500.0,390500.0,390500.0,153,390500,2.0
2014/06/10,392000.0,393000.0,390500.0,393000.0,331,393000,2.0
2014/06/11,391000.0,393000.0,390000.0,393000.0,219,393000,2.0
2014/06/12,393000.0,393000.0,391000.0,391000.0,305,391000,2.0
2014/06/13,392500.0,392500.0,390000.0,390500.0,269,390500,2.0
2014/06/16,392500.0,393500.0,391000.0,392500.0,256,392500,2.0
2014/06/17,393000.0,394000.0,391000.0,393500.0,403,393500,2.0
2014/06/18,394000.0,398000.0,392000.0,397500.0,929,397500,2.0
2014/06/19,397000.0,409500.0,397000.0,403500.0,1345,403500,2.0
2014/06/20,403500.0,418000.0,403500.0,418000.0,1592,418000,2.0
2014/06/23,422000.0,423500.0,416500.0,421500.0,1437,421500,2.0
2014/06/24,419500.0,421500.0,416500.0,421000.0,943,421000,2.0
2014/06/25,421000.0,424000.0,418500.0,423000.0,834,423000,2.0
2014/06/26,424000.0,434500.0,424000.0,433000.0,1079,433000,2.0
2014/06/27,425500.0,439500.0,425500.0,436500.0,897,436500,2.0
2014/06/30,440000.0,444000.0,430500.0,437500.0,968,437500,2.0
2014/07/01,434000.0,439500.0,432500.0,432500.0,331,432500,2.0
2014/07/02,434000.0,434500.0,429500.0,430000.0,274,430000,2.0
2014/07/03,430000.0,434500.0,423500.0,432000.0,450,432000,2.0
2014/07/04,435500.0,435500.0,427500.0,433500.0,264,433500,2.0
2014/07/07,431500.0,433000.0,430000.0,431000.0,182,431000,2.0
2014/07/08,431000.0,436000.0,431000.0,435500.0,287,435500,2.0
2014/07/09,435000.0,440000.0,431500.0,440000.0,410,440000,2.0
2014/07/10,440000.0,441500.0,434500.0,435500.0,481,435500,2.0
2014/07/11,434500.0,435500.0,431000.0,432000.0,341,432000,2.0
2014/07/14,434500.0,434500.0,433000.0,434000.0,134,434000,2.0
2014/07/15,434500.0,439500.0,432500.0,439000.0,337,439000,2.0
2014/07/16,439500.0,442000.0,439000.0,442000.0,386,442000,2.0
2014/07/17,442500.0,457500.0,442500.0,454000.0,1009,454000,2.0
2014/07/18,451000.0,460500.0,450500.0,456500.0,823,456500,2.0
2014/07/22,460500.0,475000.0,460500.0,472000.0,678,472000,2.0
2014/07/23,471000.0,472000.0,458500.0,463500.0,603,463500,2.0
2014/07/24,465000.0,467500.0,458500.0,463000.0,446,463000,2.0
2014/07/25,462000.0,467000.0,461000.0,461000.0,245,461000,2.0
2014/07/28,460000.0,462500.0,459500.0,459500.0,194,459500,2.0
2014/07/29,459000.0,460000.0,457500.0,457500.0,147,457500,2.0
2014/07/30,458000.0,461500.0,455500.0,458000.0,269,458000,2.0
2014/07/31,462500.0,475000.0,458000.0,475000.0,672,475000,2.0
2014/08/01,474000.0,475000.0,466000.0,473000.0,290,473000,2.0
2014/08/04,475000.0,476000.0,469500.0,475000.0,299,475000,2.0
2014/08/05,477500.0,477500.0,471500.0,474500.0,410,474500,2.0
2014/08/06,476000.0,476000.0,461500.0,463000.0,427,463000,2.0
2014/08/07,464500.0,472500.0,463000.0,472000.0,305,472000,2.0
2014/08/08,465000.0,471000.0,463500.0,471000.0,342,471000,2.0
2014/08/11,474500.0,476500.0,474000.0,475000.0,236,475000,2.0
2014/08/12,477500.0,492500.0,477500.0,489500.0,519,489500,2.0
2014/08/13,490000.0,493500.0,489500.0,493000.0,270,493000,2.0
2014/08/14,495500.0,499500.0,493500.0,495500.0,348,495500,2.0
2014/08/15,497000.0,500000.0,496000.0,500000.0,466,500000,2.0
2014/08/18,500000.0,500500.0,497500.0,500500.0,437,500500,2.0
2014/08/19,500000.0,502000.0,494500.0,496000.0,417,496000,2.0
2014/08/20,496500.0,499000.0,486000.0,491500.0,462,491500,2.0
2014/08/21,494000.0,497500.0,490500.0,492500.0,355,492500,2.0
2014/08/22,495000.0,495000.0,491000.0,492000.0,169,492000,2.0
2014/08/25,492500.0,493000.0,486000.0,490000.0,544,490000,2.0
2014/08/26,490000.0,497000.0,490000.0,495000.0,253,495000,2.0
2014/08/27,495000.0,502500.0,492500.0,501500.0,446,501500,2.0
2014/08/28,500000.0,504000.0,499500.0,502000.0,296,502000,2.0
2014/08/29,500000.0,504500.0,498500.0,498500.0,338,498500,2.0
2014/09/01,502000.0,510000.0,501000.0,506500.0,303,506500,2.0
2014/09/02,511000.0,538000.0,509000.0,517000.0,800,517000,2.0
2014/09/03,515000.0,547500.0,515000.0,544500.0,642,544500,2.0
2014/09/04,539500.0,542000.0,528500.0,538000.0,653,538000,2.0
2014/09/05,538000.0,541500.0,536000.0,539500.0,262,539500,2.0
2014/09/08,543500.0,549000.0,542000.0,542500.0,316,542500,2.0
2014/09/09,544500.0,544500.0,537500.0,541500.0,331,541500,2.0
2014/09/10,542500.0,547500.0,542000.0,546500.0,224,546500,2.0
2014/09/11,549000.0,560000.0,549000.0,556500.0,527,556500,2.0
2014/09/12,560500.0,574500.0,560000.0,572500.0,714,572500,2.0
2014/09/16,590000.0,590000.0,577000.0,580500.0,701,580500,2.0
2014/09/17,588000.0,605000.0,584500.0,598000.0,1024,598000,2.0
2014/09/18,604000.0,608500.0,558500.0,577000.0,1895,577000,2.0
2014/09/19,580000.0,594000.0,561500.0,565500.0,1466,565500,2.0
2014/09/22,565000.0,576000.0,557500.0,572500.0,674,572500,2.0
2014/09/24,574000.0,576500.0,567500.0,572500.0,427,572500,2.0
2014/09/25,576000.0,581000.0,575000.0,579000.0,650,579000,2.0
2014/09/26,579000.0,583000.0,571500.0,574000.0,584,574000,2.0
2014/09/29,570000.0,575000.0,562500.0,570500.0,572,570500,2.0
2014/09/30,574500.0,578000.0,569500.0,575000.0,474,575000,2.0
2014/10/01,574000.0,579500.0,573000.0,574000.0,424,574000,2.0
2014/10/02,570500.0,572000.0,565000.0,569000.0,557,569000,2.0
2014/10/03,566500.0,567000.0,564500.0,566500.0,241,566500,2.0
2014/10/06,566500.0,569500.0,565000.0,568500.0,202,568500,2.0
2014/10/07,568500.0,569000.0,564000.0,565000.0,319,565000,2.0
2014/10/08,562500.0,567000.0,562000.0,566000.0,347,566000,2.0
2014/10/09,565000.0,569000.0,563500.0,564500.0,271,564500,2.0
2014/10/10,555000.0,564500.0,553500.0,564500.0,503,564500,2.0
2014/10/14,554000.0,555500.0,536000.0,546500.0,445,546500,2.0
2014/10/15,548500.0,564500.0,546000.0,562000.0,256,562000,2.0
2014/10/16,550000.0,567000.0,545500.0,567000.0,321,567000,2.0
2014/10/17,568500.0,569500.0,560000.0,563000.0,288,563000,2.0
2014/10/20,569000.0,569500.0,565000.0,565500.0,150,565500,2.0
2014/10/21,561000.0,567000.0,560500.0,562000.0,158,562000,2.0
2014/10/22,565000.0,566000.0,562000.0,565000.0,116,565000,2.0
2014/10/23,563000.0,573500.0,562000.0,570000.0,215,570000,2.0
2014/10/24,572500.0,572500.0,565500.0,567000.0,328,567000,2.0
2014/10/27,565500.0,571000.0,564000.0,566500.0,170,566500,2.0
2014/10/28,565500.0,568000.0,555000.0,562000.0,255,562000,2.0
2014/10/29,554000.0,559500.0,552500.0,553000.0,216,553000,2.0
2014/10/30,555000.0,561500.0,550000.0,559000.0,222,559000,2.0
2014/10/31,563000.0,565000.0,559000.0,562500.0,349,562500,2.0
2014/11/04,584500.0,584500.0,565500.0,567000.0,452,567000,2.0
2014/11/05,567000.0,570000.0,560000.0,563000.0,375,563000,2.0
2014/11/06,563500.0,563500.0,549500.0,551500.0,564,551500,2.0
2014/11/07,559000.0,569000.0,554500.0,566000.0,512,566000,2.0
2014/11/10,565500.0,582500.0,565000.0,580500.0,506,580500,2.0
2014/11/11,580500.0,588500.0,579500.0,588500.0,641,588500,2.0
2014/11/12,593000.0,604000.0,588500.0,596500.0,626,596500,2.0
2014/11/13,600000.0,604500.0,593000.0,603000.0,380,603000,2.0
2014/11/14,602000.0,615000.0,600000.0,615000.0,464,615000,2.0
2014/11/17,615000.0,615000.0,595000.0,595000.0,467,595000,2.0
2014/11/18,601000.0,611000.0,590000.0,591000.0,448,591000,2.0
2014/11/19,587000.0,600500.0,586500.0,589000.0,443,589000,2.0
2014/11/20,595000.0,597500.0,589000.0,589000.0,271,589000,2.0
2014/11/21,592500.0,594500.0,587000.0,594500.0,307,594500,2.0
2014/11/25,589500.0,603500.0,589500.0,591000.0,977,591000,2.0
2014/11/26,593500.0,600500.0,591000.0,594000.0,317,594000,2.0
2014/11/27,592500.0,598000.0,590500.0,595000.0,399,595000,2.0
2014/11/28,596500.0,604500.0,593000.0,604500.0,551,604500,2.0
2014/12/01,605000.0,612000.0,601500.0,604000.0,411,604000,2.0
2014/12/02,605000.0,610000.0,605000.0,606500.0,276,606500,2.0
2014/12/03,607000.0,608500.0,603500.0,604500.0,174,604500,2.0
2014/12/04,605000.0,605000.0,596500.0,596500.0,356,596500,2.0
2014/12/05,596500.0,601500.0,595000.0,598000.0,210,598000,2.0
2014/12/08,598500.0,599500.0,592500.0,592500.0,229,592500,2.0
2014/12/09,591000.0,593500.0,588500.0,590000.0,156,590000,2.0
2014/12/10,584500.0,590000.0,581500.0,590000.0,252,590000,2.0
2014/12/11,584000.0,593000.0,582500.0,591500.0,191,591500,2.0
2014/12/12,591500.0,594000.0,588000.0,588500.0,200,588500,2.0
2014/12/15,590000.0,594500.0,588500.0,592000.0,183,592000,2.0
2014/12/16,593500.0,600000.0,592000.0,600000.0,349,600000,2.0
2014/12/17,599500.0,599500.0,593000.0,597500.0,176,597500,2.0
2014/12/18,600000.0,604500.0,598000.0,599000.0,329,599000,2.0
2014/12/19,603500.0,606500.0,598000.0,599000.0,520,599000,2.0
2014/12/22,603000.0,603000.0,597500.0,599500.0,253,599500,2.0
2014/12/24,604500.0,604500.0,597000.0,600500.0,171,600500,2.0
2014/12/25,600500.0,600500.0,598000.0,599000.0,157,599000,2.0
2014/12/26,599500.0,615000.0,598000.0,614500.0,318,614500,2.0
2014/12/29,612000.0,639500.0,612000.0,638000.0,720,638000,2.0
2014/12/30,640000.0,651500.0,629500.0,632500.0,396,632500,2.0
2015/01/05,641000.0,641000.0,631500.0,635500.0,227,635500,2.0
2015/01/06,629000.0,634000.0,625000.0,625000.0,308,625000,2.0
2015/01/07,625500.0,633500.0,620500.0,625500.0,280,625500,2.0
2015/01/08,633000.0,634500.0,625000.0,625000.0,253,625000,2.0
2015/01/09,631000.0,634500.0,627500.0,628000.0,164,628000,2.0
2015/01/13,628000.0,634000.0,625500.0,632500.0,226,632500,2.0
2015/01/14,633500.0,634500.0,628000.0,629000.0,383,629000,2.0
2015/01/15,634000.0,643500.0,631500.0,638000.0,514,638000,2.0
2015/01/16,637000.0,645500.0,628000.0,641500.0,316,641500,2.0
2015/01/19,647500.0,650500.0,640500.0,644000.0,419,644000,2.0
2015/01/20,647000.0,658500.0,645500.0,658500.0,308,658500,2.0
2015/01/21,660500.0,678000.0,659000.0,667500.0,499,667500,2.0
2015/01/22,675000.0,675000.0,660000.0,665500.0,343,665500,2.0
2015/01/23,673500.0,675000.0,661000.0,669500.0,191,669500,2.0
2015/01/26,669500.0,679500.0,667500.0,676000.0,358,676000,2.0
2015/01/27,679500.0,692000.0,679000.0,685500.0,353,685500,2.0
2015/01/28,687500.0,692500.0,685500.0,687000.0,358,687000,2.0
2015/01/29,685000.0,689000.0,675500.0,678000.0,527,678000,2.0
2015/01/30,681500.0,681500.0,665000.0,668000.0,593,668000,2.0
2015/02/02,667500.0,667500.0,635500.0,650000.0,663,650000,2.0
2015/02/03,657500.0,657500.0,623000.0,626500.0,532,626500,2.0
2015/02/04,634000.0,651000.0,634000.0,651000.0,315,651000,2.0
2015/02/05,652500.0,655500.0,642000.0,649000.0,221,649000,2.0
2015/02/06,651000.0,670000.0,649500.0,669500.0,355,669500,2.0
2015/02/09,677500.0,677500.0,650500.0,655000.0,375,655000,2.0
2015/02/10,650500.0,655000.0,650000.0,651000.0,159,651000,2.0
2015/02/12,652000.0,660000.0,651000.0,660000.0,204,660000,2.0
2015/02/13,660000.0,666500.0,656500.0,657000.0,180,657000,2.0
2015/02/16,657500.0,661000.0,653500.0,659000.0,126,659000,2.0
2015/02/17,660000.0,660000.0,648000.0,654000.0,383,654000,2.0
2015/02/18,654000.0,659500.0,653000.0,657000.0,130,657000,2.0
2015/02/19,657000.0,657500.0,650000.0,654000.0,142,654000,2.0
2015/02/20,654500.0,656000.0,644000.0,644500.0,324,644500,2.0
2015/02/23,648500.0,648500.0,644000.0,647000.0,119,647000,2.0
2015/02/24,648000.0,653000.0,643500.0,653000.0,178,653000,2.0
2015/02/25,652000.0,652000.0,649000.0,651000.0,97,651000,2.0
2015/02/26,650500.0,652000.0,649000.0,652000.0,152,652000,2.0
2015/02/27,652500.0,655500.0,650000.0,651500.0,309,651500,2.0
2015/03/02,654500.0,657500.0,654000.0,655500.0,109,655500,2.0
2015/03/03,657500.0,657500.0,643500.0,644500.0,239,644500,2.0
2015/03/04,644500.0,649000.0,643000.0,644000.0,186,644000,2.0
2015/03/05,641500.0,650000.0,640500.0,650000.0,168,650000,2.0
2015/03/06,652000.0,652500.0,650000.0,650500.0,139,650500,2.0
2015/03/09,650000.0,650000.0,644000.0,646500.0,131,646500,2.0
2015/03/10,646000.0,647500.0,642000.0,645500.0,178,645500,2.0
2015/03/11,640000.0,646000.0,638000.0,639000.0,209,639000,2.0
2015/03/12,639000.0,642500.0,637500.0,637500.0,192,637500,2.0
2015/03/13,643500.0,644000.0,637500.0,640000.0,214,640000,2.0
2015/03/16,640000.0,642000.0,639000.0,642000.0,122,642000,2.0
2015/03/17,642500.0,650000.0,642500.0,650000.0,226,650000,2.0
2015/03/18,649500.0,652500.0,646500.0,651500.0,133,651500,2.0
2015/03/19,653000.0,661500.0,651500.0,661000.0,215,661000,2.0
2015/03/20,661500.0,667500.0,658000.0,665500.0,198,665500,2.0
2015/03/23,671500.0,675000.0,668000.0,672500.0,239,672500,2.0
2015/03/24,674500.0,685000.0,671500.0,684000.0,287,684000,2.0
2015/03/25,685000.0,700000.0,685000.0,690500.0,463,690500,2.0
2015/03/26,686500.0,698500.0,683000.0,685500.0,261,685500,2.0
2015/03/27,684500.0,697500.0,684500.0,690500.0,362,690500,2.0
2015/03/30,697000.0,730000.0,692500.0,722000.0,572,722000,2.0
2015/03/31,720500.0,747500.0,720500.0,736000.0,649,736000,2.0
2015/04/01,715000.0,715000.0,693000.0,701500.0,678,701500,2.0
2015/04/02,699500.0,703000.0,693000.0,695500.0,382,695500,2.0
2015/04/03,696000.0,705500.0,693000.0,695000.0,358,695000,2.0
2015/04/06,693000.0,708500.0,690000.0,708500.0,300,708500,2.0
2015/04/07,716500.0,742000.0,716500.0,741000.0,467,741000,2.0
2015/04/08,747000.0,760000.0,730500.0,746000.0,483,746000,2.0
2015/04/09,750000.0,752500.0,742500.0,744000.0,212,744000,2.0
2015/04/10,748000.0,748000.0,718500.0,728500.0,821,728500,2.0
2015/04/13,761000.0,767000.0,745000.0,767000.0,1013,767000,2.0
2015/04/14,762500.0,762500.0,748000.0,754500.0,776,754500,2.0
2015/04/15,752500.0,755000.0,737500.0,749000.0,395,749000,2.0
2015/04/16,753000.0,753000.0,740500.0,747000.0,309,747000,2.0
2015/04/17,746000.0,746500.0,725000.0,727500.0,426,727500,2.0
2015/04/20,725000.0,732000.0,719000.0,720500.0,294,720500,2.0
2015/04/21,722000.0,729000.0,719000.0,728500.0,436,728500,2.0
2015/04/22,725000.0,749000.0,725000.0,742000.0,765,742000,2.0
2015/04/23,745000.0,747500.0,735500.0,736000.0,419,736000,2.0
2015/04/24,740000.0,745000.0,737500.0,743500.0,335,743500,2.0
2015/04/27,735000.0,741500.0,730000.0,733000.0,413,733000,2.0
2015/04/28,733500.0,735000.0,727500.0,727500.0,371,727500,2.0
2015/04/30,721000.0,722500.0,716500.0,721500.0,493,721500,2.0
2015/05/01,717000.0,726000.0,717000.0,724000.0,1075,724000,2.0
2015/05/07,722500.0,727500.0,712500.0,719500.0,921,719500,2.0
2015/05/08,715000.0,722000.0,713000.0,722000.0,432,722000,2.0
2015/05/11,720000.0,730000.0,718500.0,723500.0,448,723500,2.0
2015/05/12,725000.0,725000.0,716500.0,716500.0,207,716500,2.0
2015/05/13,716500.0,719000.0,714500.0,717500.0,150,717500,2.0
2015/05/14,719000.0,719000.0,713500.0,716500.0,192,716500,2.0
2015/05/15,716000.0,722000.0,716000.0,721000.0,202,721000,2.0
2015/05/18,717500.0,723000.0,717500.0,723000.0,156,723000,2.0
2015/05/19,724000.0,724500.0,720500.0,721000.0,193,721000,2.0
2015/05/20,719500.0,720500.0,717500.0,719500.0,205,719500,2.0
2015/05/21,719500.0,719500.0,714500.0,718500.0,197,718500,2.0
2015/05/22,714000.0,718500.0,712500.0,718500.0,174,718500,2.0
2015/05/25,718500.0,719000.0,709000.0,709000.0,360,709000,2.0
2015/05/26,708500.0,708500.0,702000.0,706000.0,244,706000,2.0
2015/05/27,702500.0,704500.0,699500.0,700000.0,377,700000,2.0
2015/05/28,700000.0,700500.0,678000.0,681500.0,865,681500,2.0
2015/05/29,684000.0,701500.0,684000.0,701500.0,425,701500,2.0
2015/06/01,701500.0,705000.0,695000.0,703000.0,250,703000,2.0
2015/06/02,704500.0,705000.0,703000.0,705000.0,209,705000,2.0
2015/06/03,703000.0,704500.0,701000.0,703000.0,95,703000,2.0
2015/06/04,703000.0,703000.0,690500.0,692500.0,238,692500,2.0
2015/06/05,691000.0,692500.0,687500.0,691000.0,204,691000,2.0
2015/06/08,685000.0,689000.0,681000.0,683500.0,219,683500,2.0
2015/06/09,680500.0,682500.0,678000.0,680500.0,184,680500,2.0
2015/06/10,678500.0,680500.0,672000.0,675000.0,204,675000,2.0
2015/06/11,673500.0,675000.0,667500.0,670000.0,207,670000,2.0
2015/06/12,667000.0,667000.0,656000.0,661500.0,441,661500,2.0
2015/06/15,650500.0,672000.0,650500.0,671000.0,287,671000,2.0
2015/06/16,671500.0,681500.0,666000.0,681500.0,203,681500,2.0
2015/06/17,684000.0,688500.0,682500.0,682500.0,188,682500,2.0
2015/06/18,687000.0,696500.0,681500.0,691000.0,382,691000,2.0
2015/06/19,697000.0,697000.0,690500.0,691500.0,212,691500,2.0
2015/06/22,692500.0,697000.0,692500.0,697000.0,177,697000,2.0
2015/06/23,695000.0,696000.0,683500.0,690500.0,263,690500,2.0
2015/06/24,687500.0,692000.0,682500.0,684000.0,260,684000,2.0
2015/06/25,683000.0,686500.0,680000.0,683000.0,169,683000,2.0
2015/06/26,680000.0,684500.0,679000.0,682500.0,137,682500,2.0
2015/06/29,667500.0,682000.0,666000.0,678500.0,212,678500,2.0
2015/06/30,672500.0,683500.0,672500.0,676500.0,210,676500,2.0
2015/07/01,683500.0,684000.0,678000.0,684000.0,147,684000,2.0
2015/07/02,684000.0,684500.0,670000.0,678000.0,232,678000,2.0
2015/07/03,675000.0,678000.0,668000.0,675000.0,208,675000,2.0
2015/07/06,668000.0,674500.0,664000.0,669000.0,166,669000,2.0
2015/07/07,669500.0,680000.0,651000.0,657000.0,373,657000,2.0
2015/07/08,655000.0,655000.0,628000.0,636000.0,400,636000,2.0
2015/07/09,611000.0,625000.0,582500.0,625000.0,571,625000,2.0
2015/07/10,618500.0,624000.0,612000.0,613000.0,217,613000,2.0
2015/07/13,628000.0,642500.0,625000.0,642500.0,289,642500,2.0
2015/07/14,647500.0,656500.0,643500.0,644000.0,257,644000,2.0
2015/07/15,644000.0,648000.0,644000.0,646000.0,90,646000,2.0
2015/07/16,647500.0,650500.0,645000.0,649500.0,158,649500,2.0
2015/07/17,652000.0,652000.0,646500.0,648500.0,90,648500,2.0
2015/07/21,650000.0,652500.0,647500.0,648500.0,117,648500,2.0
2015/07/22,647500.0,650500.0,641500.0,649000.0,103,649000,2.0
2015/07/23,649000.0,649000.0,636500.0,642500.0,110,642500,2.0
2015/07/24,641000.0,650000.0,640500.0,647000.0,137,647000,2.0
2015/07/27,650000.0,653000.0,648500.0,651000.0,109,651000,2.0
2015/07/28,647500.0,654500.0,643500.0,653500.0,128,653500,2.0
2015/07/29,654500.0,667500.0,647500.0,664000.0,214,664000,2.0
2015/07/30,664000.0,677000.0,664000.0,675000.0,228,675000,2.0
2015/07/31,674500.0,678500.0,667500.0,678500.0,144,678500,2.0
2015/08/03,679000.0,697500.0,679000.0,697500.0,309,697500,2.0
2015/08/04,697500.0,697500.0,691500.0,694500.0,131,694500,2.0
2015/08/05,694000.0,694000.0,687500.0,687500.0,70,687500,2.0
2015/08/06,684500.0,687500.0,670500.0,687000.0,159,687000,2.0
2015/08/07,683000.0,684000.0,678000.0,678000.0,40,678000,2.0
2015/08/10,675500.0,681500.0,667000.0,667000.0,162,667000,2.0
2015/08/11,669000.0,669000.0,660500.0,662500.0,132,662500,2.0
2015/08/12,660000.0,660000.0,648000.0,648500.0,187,648500,2.0
2015/08/13,649000.0,654500.0,648500.0,649000.0,108,649000,2.0
2015/08/14,650500.0,655500.0,650000.0,654000.0,78,654000,2.0
2015/08/17,659500.0,660500.0,649500.0,649500.0,84,649500,2.0
2015/08/18,652000.0,652500.0,648000.0,648000.0,109,648000,2.0
2015/08/19,648000.0,651500.0,646500.0,648500.0,171,648500,2.0
2015/08/20,646500.0,648000.0,645000.0,645000.0,154,645000,2.0
2015/08/21,634000.0,636000.0,632500.0,634000.0,206,634000,2.0
2015/08/24,604000.0,620000.0,601500.0,603500.0,364,603500,2.0
2015/08/25,558500.0,600500.0,555000.0,580500.0,463,580500,2.0
2015/08/26,593000.0,593000.0,581000.0,584000.0,196,584000,2.0
2015/08/27,629000.0,629000.0,600000.0,600500.0,269,600500,2.0
2015/08/28,624500.0,624500.0,602500.0,607500.0,171,607500,2.0
2015/08/31,608500.0,622000.0,605500.0,618500.0,161,618500,2.0
2015/09/01,615500.0,616000.0,603500.0,603500.0,152,603500,2.0
2015/09/02,595000.0,600000.0,587500.0,592000.0,276,592000,2.0
2015/09/03,593500.0,597000.0,586000.0,588500.0,239,588500,2.0
2015/09/04,588000.0,588000.0,573500.0,573500.0,197,573500,2.0
2015/09/07,558500.0,562000.0,551500.0,553500.0,313,553500,2.0
2015/09/08,552500.0,557500.0,530500.0,530500.0,406,530500,2.0
2015/09/09,537500.0,550000.0,531500.0,533000.0,412,533000,2.0
2015/09/10,532500.0,534500.0,519000.0,530000.0,629,530000,2.0
2015/09/11,525500.0,542500.0,525500.0,537500.0,401,537500,2.0
2015/09/14,547500.0,547500.0,536500.0,536500.0,178,536500,2.0
2015/09/15,536000.0,540000.0,521000.0,521000.0,317,521000,2.0
2015/09/16,523500.0,530000.0,516000.0,517500.0,269,517500,2.0
2015/09/17,520000.0,541500.0,520000.0,525500.0,403,525500,2.0
2015/09/18,532000.0,548500.0,527000.0,545500.0,206,545500,2.0
2015/09/24,543500.0,547000.0,529000.0,540000.0,358,540000,2.0
2015/09/25,534000.0,552500.0,534000.0,550500.0,216,550500,2.0
2015/09/28,562500.0,563000.0,546500.0,551500.0,191,551500,2.0
2015/09/29,550500.0,556500.0,525000.0,531000.0,329,531000,2.0
2015/09/30,546000.0,547500.0,538500.0,538500.0,222,538500,2.0
2015/10/01,541000.0,555500.0,538500.0,553000.0,254,553000,2.0
2015/10/02,550000.0,555000.0,546000.0,546000.0,249,546000,2.0
2015/10/05,559500.0,565000.0,553500.0,560500.0,310,560500,2.0
2015/10/06,567500.0,575000.0,561000.0,571500.0,252,571500,2.0
2015/10/07,572500.0,573000.0,564500.0,567000.0,161,567000,2.0
2015/10/08,567000.0,577500.0,564500.0,572500.0,151,572500,2.0
2015/10/09,587500.0,614500.0,587500.0,590000.0,861,590000,2.0
2015/10/13,595000.0,614000.0,594000.0,609000.0,455,609000,2.0
2015/10/14,617500.0,618000.0,596000.0,600000.0,454,600000,2.0
2015/10/15,606500.0,606500.0,594000.0,598500.0,235,598500,2.0
2015/10/16,605500.0,606000.0,602500.0,605000.0,117,605000,2.0
2015/10/19,610000.0,612000.0,604500.0,605500.0,162,605500,2.0
2015/10/20,605500.0,610000.0,597500.0,605000.0,326,605000,2.0
2015/10/21,600000.0,612000.0,600000.0,609000.0,742,609000,2.0
2015/10/22,611500.0,615000.0,611000.0,613000.0,305,613000,2.0
2015/10/23,614500.0,625000.0,614000.0,622000.0,403,622000,2.0
2015/10/26,631000.0,639500.0,631000.0,637500.0,426,637500,2.0
2015/10/27,643500.0,646000.0,637500.0,644500.0,329,644500,2.0
2015/10/28,632500.0,661500.0,632500.0,656500.0,726,656500,2.0
2015/10/29,658000.0,658500.0,636000.0,650500.0,457,650500,2.0
2015/10/30,652000.0,653000.0,644000.0,648500.0,381,648500,2.0
2015/11/02,658000.0,662500.0,648000.0,662000.0,3320,662000,2.0
2015/11/04,602000.0,623000.0,601500.0,617500.0,8721,617500,2.0
2015/11/05,614000.0,617500.0,610000.0,611500.0,2208,611500,2.0
2015/11/06,612500.0,613000.0,601000.0,602500.0,1293,602500,2.0
2015/11/09,601500.0,602000.0,594500.0,600000.0,1085,600000,2.0
2015/11/10,597500.0,598500.0,592000.0,594500.0,913,594500,2.0
2015/11/11,592000.0,597500.0,590500.0,596500.0,928,596500,2.0
2015/11/12,595000.0,596500.0,592000.0,594500.0,432,594500,2.0
2015/11/13,594000.0,599000.0,593000.0,599000.0,693,599000,2.0
2015/11/16,589000.0,596000.0,588500.0,592500.0,541,592500,2.0
2015/11/17,599500.0,605000.0,596000.0,602500.0,912,602500,2.0
2015/11/18,608500.0,608500.0,601500.0,602000.0,401,602000,2.0
2015/11/19,604500.0,607000.0,602000.0,603500.0,387,603500,2.0
2015/11/20,601500.0,603500.0,599500.0,603500.0,430,603500,2.0
2015/11/24,603500.0,604000.0,599000.0,599000.0,435,599000,2.0
2015/11/25,599500.0,602500.0,598500.0,600500.0,267,600500,2.0
2015/11/26,600500.0,602500.0,600000.0,601500.0,319,601500,2.0
2015/11/27,601500.0,602500.0,599000.0,602500.0,421,602500,2.0
2015/11/30,603500.0,606500.0,600500.0,606500.0,1035,606500,2.0
2015/12/01,606500.0,607000.0,603500.0,606000.0,355,606000,2.0
2015/12/02,606000.0,614000.0,605500.0,610000.0,796,610000,2.0
2015/12/03,612500.0,620500.0,610000.0,618000.0,1003,618000,2.0
2015/12/04,616000.0,618000.0,608500.0,608500.0,402,608500,2.0
2015/12/07,611000.0,614500.0,610500.0,611000.0,268,611000,2.0
2015/12/08,611000.0,614500.0,609500.0,609500.0,460,609500,2.0
2015/12/09,611000.0,615000.0,611000.0,614000.0,512,614000,2.0
2015/12/10,609000.0,613500.0,607500.0,608000.0,380,608000,2.0
2015/12/11,609500.0,609500.0,602500.0,603000.0,411,603000,2.0
2015/12/14,598000.0,599000.0,593500.0,595500.0,505,595500,2.0
2015/12/15,595500.0,606000.0,590500.0,590500.0,369,590500,2.0
2015/12/16,604500.0,605000.0,595500.0,605000.0,452,605000,2.0
2015/12/17,607000.0,610500.0,605500.0,607000.0,450,607000,2.0
2015/12/18,608000.0,612500.0,606000.0,611500.0,683,611500,2.0
2015/12/21,611500.0,615500.0,609500.0,615500.0,583,615500,2.0
2015/12/22,616000.0,620000.0,615500.0,620000.0,565,620000,2.0
2015/12/24,620000.0,624500.0,615000.0,615500.0,464,615500,2.0
2015/12/25,614500.0,616500.0,612000.0,616000.0,419,616000,2.0
2015/12/28,616000.0,630000.0,616000.0,629500.0,447,629500,2.0
2015/12/29,625500.0,634000.0,622500.0,625500.0,542,625500,2.0
2015/12/30,627000.0,630000.0,626000.0,628000.0,357,628000,2.0
2016/01/04,627000.0,628000.0,614500.0,619500.0,330,619500,2.0
2016/01/05,618000.0,618000.0,610500.0,614500.0,427,614500,2.0
2016/01/06,615000.0,622500.0,615000.0,617500.0,261,617500,2.0
2016/01/07,616000.0,617500.0,611000.0,612500.0,248,612500,2.0
2016/01/08,608000.0,616500.0,604500.0,608000.0,364,608000,2.0
2016/01/12,608000.0,608500.0,596500.0,596500.0,282,596500,2.0
2016/01/13,600000.0,604000.0,598500.0,601000.0,221,601000,2.0
2016/01/14,596000.0,598500.0,593500.0,596000.0,470,596000,2.0
2016/01/15,599500.0,599500.0,591000.0,592500.0,282,592500,2.0
2016/01/18,586000.0,587500.0,580500.0,586500.0,431,586500,2.0
2016/01/19,586000.0,587500.0,584000.0,584500.0,199,584500,2.0
2016/01/20,587000.0,588000.0,562500.0,563000.0,430,563000,2.0
2016/01/21,560000.0,568500.0,547000.0,552000.0,470,552000,2.0
2016/01/22,559500.0,561500.0,555000.0,555000.0,247,555000,2.0
2016/01/25,557500.0,570000.0,557000.0,568000.0,252,568000,2.0
2016/01/26,567500.0,573500.0,563000.0,572500.0,167,572500,2.0
2016/01/27,576500.0,582500.0,576500.0,581500.0,360,581500,2.0
2016/01/28,582500.0,582500.0,576000.0,576500.0,281,576500,2.0
2016/01/29,578500.0,598500.0,571500.0,598500.0,808,598500,2.0
2016/02/01,610500.0,626500.0,610500.0,610500.0,871,610500,2.0
2016/02/02,610000.0,611000.0,606000.0,611000.0,227,611000,2.0
2016/02/03,603500.0,613000.0,593500.0,613000.0,398,613000,2.0
2016/02/04,612500.0,614500.0,606500.0,612500.0,407,612500,2.0
2016/02/05,613500.0,631000.0,612500.0,627500.0,1250,627500,2.0
2016/02/08,625000.0,635500.0,624500.0,631000.0,557,631000,2.0
2016/02/09,626000.0,629000.0,615000.0,623500.0,762,623500,2.0
2016/02/10,622500.0,626000.0,600500.0,605500.0,901,605500,2.0
2016/02/12,602500.0,609000.0,592000.0,601000.0,1324,601000,2.0
2016/02/15,611500.0,623500.0,606000.0,612500.0,548,612500,2.0
2016/02/16,618500.0,646500.0,615500.0,633000.0,737,633000,2.0
2016/02/17,635500.0,639000.0,628000.0,634500.0,423,634500,2.0
2016/02/18,637500.0,647000.0,630000.0,640000.0,753,640000,2.0
2016/02/19,640000.0,662500.0,637500.0,660000.0,991,660000,2.0
2016/02/22,662500.0,667000.0,653000.0,662000.0,572,662000,2.0
2016/02/23,663500.0,665500.0,655000.0,657000.0,390,657000,2.0
2016/02/24,660000.0,675000.0,656000.0,672000.0,1101,672000,2.0
2016/02/25,666500.0,685000.0,666500.0,681000.0,807,681000,2.0
2016/02/26,675500.0,688500.0,675500.0,686500.0,545,686500,2.0
2016/02/29,690000.0,690000.0,684500.0,689500.0,482,689500,2.0
2016/03/01,689500.0,700000.0,686000.0,696000.0,709,696000,2.0
2016/03/02,703000.0,706000.0,695500.0,698500.0,459,698500,2.0
2016/03/03,692500.0,694000.0,675000.0,677500.0,666,677500,2.0
2016/03/04,670000.0,677000.0,652500.0,677000.0,587,677000,2.0
2016/03/07,677000.0,677000.0,661000.0,672000.0,390,672000,2.0
2016/03/08,670000.0,684000.0,665500.0,683000.0,397,683000,2.0
2016/03/09,675000.0,685000.0,674000.0,681000.0,377,681000,2.0
2016/03/10,681000.0,681000.0,668500.0,676000.0,321,676000,2.0
2016/03/11,670000.0,688500.0,670000.0,686500.0,417,686500,2.0
2016/03/14,685000.0,686500.0,677500.0,677500.0,194,677500,2.0
2016/03/15,679000.0,681000.0,676000.0,676500.0,168,676500,2.0
2016/03/16,675500.0,676500.0,668500.0,671500.0,281,671500,2.0
2016/03/17,670000.0,671500.0,652500.0,666000.0,576,666000,2.0
2016/03/18,666000.0,666000.0,656000.0,658500.0,160,658500,2.0
2016/03/22,657500.0,663000.0,654500.0,658000.0,305,658000,2.0
2016/03/23,660500.0,669500.0,660000.0,666000.0,217,666000,2.0
2016/03/24,663000.0,671500.0,661000.0,667000.0,263,667000,2.0
2016/03/25,666000.0,669500.0,661000.0,665500.0,170,665500,2.0
2016/03/28,670000.0,670000.0,662500.0,663000.0,123,663000,2.0
2016/03/29,667000.0,675000.0,664500.0,673000.0,188,673000,2.0
2016/03/30,675000.0,689500.0,673500.0,686000.0,512,686000,2.0
2016/03/31,687000.0,692500.0,682000.0,687000.0,442,687000,2.0
2016/04/01,688000.0,691000.0,675000.0,681000.0,429,681000,2.0
2016/04/04,686500.0,699000.0,678000.0,699000.0,459,699000,2.0
2016/04/05,699000.0,700000.0,684000.0,697000.0,765,697000,2.0
2016/04/06,690500.0,700000.0,690500.0,699500.0,441,699500,2.0
2016/04/07,696500.0,700000.0,693500.0,699500.0,270,699500,2.0
2016/04/08,690500.0,697500.0,690500.0,695000.0,203,695000,2.0
2016/04/11,698000.0,698500.0,681500.0,682500.0,541,682500,2.0
2016/04/12,682000.0,685000.0,676500.0,682500.0,402,682500,2.0
2016/04/13,679000.0,683500.0,675000.0,676000.0,389,676000,2.0
2016/04/14,674500.0,681000.0,672500.0,678500.0,274,678500,2.0
2016/04/15,675500.0,681500.0,675000.0,676000.0,334,676000,2.0
2016/04/18,673000.0,674000.0,666000.0,666000.0,604,666000,2.0
2016/04/19,670000.0,674000.0,668000.0,674000.0,447,674000,2.0
2016/04/20,685000.0,688000.0,674500.0,675500.0,910,675500,2.0
2016/04/21,676500.0,677000.0,666000.0,670000.0,922,670000,2.0
2016/04/22,669500.0,679500.0,666500.0,678000.0,548,678000,2.0
2016/04/25,682500.0,693000.0,677000.0,693000.0,899,693000,2.0
2016/04/26,682500.0,691500.0,677500.0,688000.0,623,688000,2.0
2016/04/27,679000.0,682500.0,667500.0,670500.0,795,670500,2.0
2016/04/28,671000.0,673000.0,650500.0,657000.0,936,657000,2.0
2016/05/02,645500.0,648500.0,637000.0,640000.0,992,640000,2.0
2016/05/06,645000.0,653500.0,641500.0,641500.0,775,641500,2.0
2016/05/09,649500.0,652000.0,644500.0,652000.0,174,652000,2.0
2016/05/10,650000.0,652500.0,647000.0,652000.0,254,652000,2.0
2016/05/11,651000.0,652500.0,646500.0,646500.0,137,646500,2.0
2016/05/12,644000.0,647500.0,642500.0,644500.0,259,644500,2.0
2016/05/13,645000.0,648000.0,641000.0,646000.0,341,646000,2.0
2016/05/16,649000.0,650000.0,640500.0,643000.0,270,643000,2.0
2016/05/17,640000.0,649500.0,640000.0,649000.0,149,649000,2.0
2016/05/18,649000.0,649000.0,644000.0,645000.0,119,645000,2.0
2016/05/19,649000.0,649000.0,641000.0,641000.0,200,641000,2.0
2016/05/20,640500.0,641500.0,633000.0,634000.0,471,634000,2.0
2016/05/23,635000.0,650000.0,635000.0,647500.0,423,647500,2.0
2016/05/24,645000.0,651000.0,640500.0,648000.0,208,648000,2.0
2016/05/25,649500.0,659500.0,648000.0,659500.0,448,659500,2.0
2016/05/26,657500.0,659500.0,652000.0,656000.0,264,656000,2.0
2016/05/27,657000.0,659500.0,652500.0,656500.0,183,656500,2.0
2016/05/30,659000.0,662000.0,654000.0,661000.0,189,661000,2.0
2016/05/31,659000.0,665000.0,655500.0,665000.0,293,665000,2.0
2016/06/01,662500.0,664500.0,657500.0,661000.0,214,661000,2.0
2016/06/02,657500.0,664000.0,656000.0,658500.0,274,658500,2.0
2016/06/03,658500.0,665000.0,658500.0,663000.0,273,663000,2.0
2016/06/06,661500.0,665500.0,651000.0,653000.0,351,653000,2.0
2016/06/07,655500.0,655500.0,650500.0,653000.0,76,653000,2.0
2016/06/08,651500.0,660500.0,651500.0,657500.0,109,657500,2.0
2016/06/09,654500.0,661500.0,650500.0,660500.0,151,660500,2.0
2016/06/10,660500.0,662000.0,655500.0,662000.0,152,662000,2.0
2016/06/13,654500.0,658000.0,654500.0,655500.0,153,655500,2.0
2016/06/14,654500.0,656500.0,640500.0,641000.0,312,641000,2.0
2016/06/15,639500.0,650500.0,638500.0,645000.0,201,645000,2.0
2016/06/16,650000.0,652500.0,634000.0,634000.0,369,634000,2.0
2016/06/17,637500.0,644500.0,633000.0,635000.0,376,635000,2.0
2016/06/20,641500.0,643500.0,639500.0,640500.0,185,640500,2.0
2016/06/21,645500.0,645500.0,638500.0,643000.0,234,643000,2.0
2016/06/22,640000.0,645000.0,635000.0,635000.0,284,635000,2.0
2016/06/23,635000.0,637500.0,631500.0,636500.0,301,636500,2.0
2016/06/24,637500.0,638500.0,555500.0,611500.0,664,611500,2.0
2016/06/27,609000.0,618500.0,601000.0,601500.0,453,601500,2.0
2016/06/28,601500.0,635000.0,601000.0,635000.0,351,635000,2.0
2016/06/29,635000.0,643500.0,628500.0,633500.0,303,633500,2.0
2016/06/30,636500.0,652500.0,635500.0,646500.0,322,646500,2.0
2016/07/01,653000.0,655000.0,646500.0,653000.0,179,653000,2.0
2016/07/04,646000.0,655500.0,646000.0,652500.0,228,652500,2.0
2016/07/05,652500.0,652500.0,646000.0,646000.0,59,646000,2.0
2016/07/06,648500.0,648500.0,638000.0,638000.0,209,638000,2.0
2016/07/07,640500.0,641000.0,628500.0,633500.0,327,633500,2.0
2016/07/08,627500.0,632000.0,617000.0,619500.0,323,619500,2.0
2016/07/11,624500.0,634000.0,622000.0,626500.0,259,626500,2.0
2016/07/12,631500.0,637000.0,630500.0,636000.0,208,636000,2.0
2016/07/13,639000.0,641000.0,633000.0,633000.0,293,633000,2.0
2016/07/14,633000.0,643000.0,633000.0,643000.0,235,643000,2.0
2016/07/15,643000.0,649000.0,630000.0,630000.0,378,630000,2.0
2016/07/19,628000.0,631500.0,625000.0,625000.0,273,625000,2.0
2016/07/20,625500.0,634000.0,619000.0,624500.0,392,624500,2.0
2016/07/21,633000.0,637500.0,624500.0,624500.0,311,624500,2.0
2016/07/22,624500.0,629500.0,621500.0,625000.0,265,625000,2.0
2016/07/25,621000.0,624000.0,617500.0,617500.0,236,617500,2.0
2016/07/26,619500.0,619500.0,614500.0,618000.0,214,618000,2.0
2016/07/27,619000.0,622000.0,616500.0,618000.0,129,618000,2.0
2016/07/28,621500.0,632500.0,616000.0,632500.0,420,632500,2.0
2016/07/29,632500.0,644000.0,627500.0,627500.0,482,627500,2.0
2016/08/01,637500.0,649500.0,631000.0,637500.0,411,637500,2.0
2016/08/02,642000.0,642500.0,627500.0,631000.0,206,631000,2.0
2016/08/03,631000.0,631500.0,623500.0,627500.0,147,627500,2.0
2016/08/04,627500.0,636500.0,621000.0,629000.0,297,629000,2.0
2016/08/05,625500.0,637000.0,623000.0,623000.0,169,623000,2.0
2016/08/08,626500.0,627500.0,620000.0,624000.0,170,624000,2.0
2016/08/09,624000.0,640000.0,620500.0,640000.0,266,640000,2.0
2016/08/10,635000.0,640000.0,633500.0,636000.0,255,636000,2.0
2016/08/12,636000.0,642000.0,632500.0,637000.0,212,637000,2.0
2016/08/15,637500.0,649000.0,637000.0,648000.0,209,648000,2.0
2016/08/16,647000.0,649000.0,644000.0,645000.0,75,645000,2.0
2016/08/17,648000.0,648000.0,631500.0,631500.0,226,631500,2.0
2016/08/18,631500.0,632500.0,622500.0,626000.0,328,626000,2.0
2016/08/19,625000.0,627500.0,616500.0,616500.0,209,616500,2.0
2016/08/22,616500.0,616500.0,603000.0,613000.0,264,613000,2.0
2016/08/23,613000.0,617000.0,610500.0,613500.0,196,613500,2.0
2016/08/24,613500.0,615000.0,611500.0,615000.0,195,615000,2.0
2016/08/25,615000.0,617500.0,606500.0,612000.0,173,612000,2.0
2016/08/26,611500.0,625500.0,611000.0,621000.0,210,621000,2.0
2016/08/29,627500.0,627500.0,618500.0,627500.0,173,627500,2.0
2016/08/30,627500.0,627500.0,622000.0,624000.0,124,624000,2.0
2016/08/31,626000.0,627500.0,613000.0,616500.0,251,616500,2.0
2016/09/01,616500.0,630000.0,614500.0,626000.0,324,626000,2.0
2016/09/02,625500.0,630000.0,618000.0,630000.0,225,630000,2.0
2016/09/05,630000.0,635000.0,627500.0,634000.0,203,634000,2.0
2016/09/06,635000.0,644500.0,631500.0,638500.0,310,638500,2.0
2016/09/07,637500.0,644500.0,636500.0,644500.0,236,644500,2.0
2016/09/08,641500.0,646500.0,635000.0,642500.0,197,642500,2.0
2016/09/09,644000.0,647500.0,637000.0,637000.0,274,637000,2.0
2016/09/12,633500.0,639000.0,630000.0,637500.0,190,637500,2.0
2016/09/13,637000.0,644000.0,633500.0,643500.0,198,643500,2.0
2016/09/14,643500.0,643500.0,633500.0,633500.0,203,633500,2.0
2016/09/15,628000.0,629000.0,619000.0,623000.0,401,623000,2.0
2016/09/16,625500.0,629500.0,623500.0,625500.0,209,625500,2.0
2016/09/20,634500.0,638500.0,629000.0,631500.0,262,631500,2.0
2016/09/21,638000.0,638000.0,631500.0,636500.0,165,636500,2.0
2016/09/23,638500.0,645500.0,634000.0,645000.0,320,645000,2.0
2016/09/26,646500.0,648500.0,640500.0,643000.0,295,643000,2.0
2016/09/27,644500.0,645000.0,634000.0,634000.0,251,634000,2.0
2016/09/28,637500.0,638500.0,628000.0,634000.0,231,634000,2.0
2016/09/29,638000.0,638000.0,627500.0,628500.0,310,628500,2.0
2016/09/30,628500.0,640000.0,626000.0,636000.0,357,636000,2.0
2016/10/03,643500.0,643500.0,630500.0,633500.0,261,633500,2.0
2016/10/04,636500.0,636500.0,630500.0,635000.0,215,635000,2.0
2016/10/05,635000.0,636500.0,631500.0,631500.0,342,631500,2.0
2016/10/06,634500.0,636000.0,632500.0,632500.0,308,632500,2.0
2016/10/07,634000.0,635500.0,632000.0,633000.0,351,633000,2.0
2016/10/11,632000.0,635000.0,625500.0,627500.0,365,627500,2.0
2016/10/12,626500.0,631500.0,620000.0,620500.0,500,620500,2.0
2016/10/13,620500.0,627000.0,620500.0,625500.0,281,625500,2.0
2016/10/14,625000.0,627000.0,623500.0,626000.0,315,626000,2.0
2016/10/17,625000.0,627500.0,623500.0,626000.0,232,626000,2.0
2016/10/18,625000.0,626500.0,623500.0,623500.0,249,623500,2.0
2016/10/19,621500.0,627000.0,621500.0,627000.0,176,627000,2.0
2016/10/20,632000.0,635000.0,629000.0,634500.0,370,634500,2.0
2016/10/21,637000.0,637000.0,630000.0,633000.0,541,633000,2.0
2016/10/24,635000.0,639500.0,628000.0,632000.0,396,632000,2.0
2016/10/25,633000.0,636500.0,630500.0,633000.0,147,633000,2.0
2016/10/26,634000.0,638500.0,633000.0,638500.0,291,638500,2.0
2016/10/27,623000,628000,621000,626000,414,626000,1
2016/10/28,624000,626000,616000,617000,585,617000,1
2016/10/31,617000,621000,610000,615000,528,615000,1
2016/11/01,616000,616000,603000,604000,553,604000,1
2016/11/02,604000,604000,579000,582000,1245,582000,1
2016/11/04,585000,592000,564000,571000,1223,571000,1
2016/11/07,576000,576000,570000,570000,524,570000,1
2016/11/08,577000,583000,573000,582000,723,582000,1
2016/11/09,584000,584000,557000,567000,1277,567000,1
2016/11/10,571000,582000,570000,577000,879,577000,1
2016/11/11,580000,580000,563000,568000,811,568000,1
2016/11/14,570000,573000,560000,562000,574,562000,1
2016/11/15,560000,567000,560000,567000,478,567000,1
2016/11/16,567000,569000,561000,564000,625,564000,1
2016/11/17,561000,574000,561000,572000,485,572000,1
2016/11/18,582000,583000,569000,570000,627,570000,1
2016/11/21,575000,577000,566000,567000,572,567000,1
2016/11/22,573000,579000,569000,577000,487,577000,1
2016/11/24,580000,581000,574000,576000,723,576000,1
2016/11/25,580000,581000,573000,573000,470,573000,1
2016/11/28,578000,596000,575000,595000,723,595000,1
2016/11/29,595000,606000,594000,602000,791,602000,1
2016/11/30,605000,605000,596000,603000,843,603000,1
2016/12/01,608000,611000,598000,598000,732,598000,1
2016/12/02,598000,603000,596000,602000,658,602000,1
2016/12/05,601000,606000,601000,602000,582,602000,1
2016/12/06,601000,605000,595000,596000,405,596000,1
2016/12/07,600000,604000,594000,594000,391,594000,1
2016/12/08,596000,600000,591000,592000,484,592000,1
2016/12/09,592000,596000,589000,592000,630,592000,1
2016/12/12,592000,595000,585000,593000,591,593000,1
2016/12/13,593000,594000,591000,591000,290,591000,1
2016/12/14,591000,596000,587000,592000,626,592000,1
2016/12/15,592000,594000,587000,588000,356,588000,1
2016/12/16,590000,590000,580000,581000,1085,581000,1
2016/12/19,581000,590000,580000,585000,732,585000,1
2016/12/20,587000,593000,584000,591000,579,591000,1
2016/12/21,593000,599000,592000,597000,497,597000,1
2016/12/22,593000,604000,593000,601000,570,601000,1
2016/12/26,603000,610000,601000,607000,570,607000,1
2016/12/27,607000,609000,601000,609000,496,609000,1
2016/12/28,609000,613000,604000,607000,539,607000,1
2016/12/29,605000,612000,602000,608000,433,608000,1
2016/12/30,611000,619000,609000,610000,675,610000,1
2017/01/04,615000,616000,608000,616000,387,616000,1
2017/01/05,619000,623000,616000,623000,246,623000,1
2017/01/06,623000,626000,621000,622000,351,622000,1
2017/01/10,622000,624000,617000,620000,318,620000,1
2017/01/11,620000,622000,614000,618000,229,618000,1
2017/01/12,617000,621000,614000,615000,301,615000,1
2017/01/13,615000,618000,612000,618000,397,618000,1
2017/01/16,615000,615000,605000,612000,459,612000,1
2017/01/17,610000,614000,606000,607000,259,607000,1
2017/01/18,602000,607000,602000,607000,315,607000,1
2017/01/19,610000,615000,608000,613000,274,613000,1
2017/01/20,610000,616000,608000,616000,257,616000,1
2017/01/23,616000,617000,609000,614000,457,614000,1
2017/01/24,613000,613000,608000,608000,267,608000,1
2017/01/25,610000,611000,601000,601000,432,601000,1
2017/01/26,602000,608000,601000,607000,458,607000,1
2017/01/27,606000,608000,601000,605000,506,605000,1
2017/01/30,605000,605000,602000,603000,369,603000,1
2017/01/31,603000,608000,603000,603000,418,603000,1
2017/02/01,604000,607000,603000,603000,376,603000,1
2017/02/02,603000,604000,600000,600000,424,600000,1
2017/02/03,601000,601000,593000,600000,662,600000,1
2017/02/06,600000,600000,593000,595000,365,595000,1
2017/02/07,596000,596000,583000,586000,871,586000,1
2017/02/08,585000,586000,582000,582000,590,582000,1
2017/02/09,582000,586000,576000,576000,647,576000,1
2017/02/10,578000,586000,578000,580000,594,580000,1
2017/02/13,585000,585000,578000,579000,341,579000,1
2017/02/14,583000,583000,576000,577000,504,577000,1
2017/02/15,578000,581000,577000,580000,345,580000,1
2017/02/16,578000,579000,575000,576000,310,576000,1
2017/02/17,576000,578000,572000,574000,525,574000,1
2017/02/20,574000,576000,571000,573000,496,573000,1
2017/02/21,573000,580000,571000,578000,385,578000,1
2017/02/22,580000,583000,576000,578000,507,578000,1
2017/02/23,578000,590000,578000,590000,453,590000,1
2017/02/24,590000,598000,589000,598000,537,598000,1
2017/02/27,597000,599000,588000,599000,681,599000,1
2017/02/28,597000,600000,591000,597000,445,597000,1
2017/03/01,597000,597000,588000,588000,242,588000,1
2017/03/02,587000,591000,581000,583000,487,583000,1
2017/03/03,580000,587000,580000,582000,401,582000,1
2017/03/06,580000,585000,580000,580000,455,580000,1
2017/03/07,580000,584000,579000,580000,431,580000,1
2017/03/08,580000,581000,575000,576000,529,576000,1
2017/03/09,576000,581000,576000,578000,432,578000,1
2017/03/10,580000,581000,577000,577000,384,577000,1
2017/03/13,577000,579000,576000,578000,506,578000,1
2017/03/14,577000,579000,576000,577000,445,577000,1
2017/03/15,576000,576000,574000,575000,463,575000,1
2017/03/16,575000,583000,575000,583000,362,583000,1
2017/03/17,583000,585000,579000,581000,492,581000,1
2017/03/21,583000,584000,575000,575000,268,575000,1
2017/03/22,576000,584000,576000,576000,305,576000,1
2017/03/23,577000,577000,573000,576000,243,576000,1
2017/03/24,575000,578000,574000,576000,296,576000,1
2017/03/27,577000,578000,575000,578000,143,578000,1
2017/03/28,579000,584000,578000,583000,196,583000,1
2017/03/29,585000,589000,583000,587000,292,587000,1
2017/03/30,589000,589000,585000,589000,370,589000,1
2017/03/31,589000,590000,586000,587000,315,587000,1
2017/04/03,590000,591000,578000,578000,1234,578000,1
2017/04/04,577000,584000,577000,580000,362,580000,1
2017/04/05,577000,582000,577000,580000,280,580000,1
2017/04/06,579000,585000,579000,585000,304,585000,1
2017/04/07,583000,588000,582000,582000,319,582000,1
2017/04/10,582000,582000,576000,576000,1094,576000,1
2017/04/11,575000,586000,575000,581000,1269,581000,1
2017/04/12,576000,580000,575000,579000,1341,579000,1
2017/04/13,577000,582000,574000,578000,518,578000,1
2017/04/14,575000,577000,570000,570000,719,570000,1
2017/04/17,570000,578000,569000,578000,573,578000,1
2017/04/18,580000,588000,580000,585000,1333,585000,1
2017/04/19,585000,586000,580000,581000,1426,581000,1
2017/04/20,582000,588000,579000,583000,692,583000,1
2017/04/21,582000,588000,574000,574000,1041,574000,1
2017/04/24,579000,582000,575000,577000,476,577000,1
2017/04/25,580000,580000,574000,579000,948,579000,1
2017/04/26,568000,573000,568000,570000,1027,570000,1
2017/04/27,568000,569000,562000,566000,1291,566000,1
2017/04/28,566000,566000,562000,566000,705,566000,1
2017/05/01,567000,569000,563000,564000,1769,564000,1
2017/05/02,564000,568000,563000,568000,1929,568000,1
2017/05/08,568000,578000,567000,574000,1278,574000,1
2017/05/09,575000,579000,572000,577000,554,577000,1
2017/05/10,574000,579000,573000,579000,626,579000,1
2017/05/11,579000,580000,575000,576000,432,576000,1
2017/05/12,574000,575000,568000,569000,808,569000,1
2017/05/15,569000,573000,565000,565000,784,565000,1
2017/05/16,566000,570000,565000,567000,287,567000,1
2017/05/17,567000,568000,565000,567000,293,567000,1
2017/05/18,564000,569000,564000,569000,423,569000,1
2017/05/19,567000,568000,564000,567000,471,567000,1
2017/05/22,565000,567000,564000,566000,397,566000,1
2017/05/23,568000,569000,565000,569000,411,569000,1
2017/05/24,567000,568000,565000,565000,321,565000,1
2017/05/25,568000,570000,566000,569000,355,569000,1
2017/05/26,569000,574000,567000,573000,440,573000,1
2017/05/29,572000,577000,571000,576000,348,576000,1
2017/05/30,575000,575000,571000,574000,547,574000,1
2017/05/31,572000,572000,570000,572000,290,572000,1
2017/06/01,569000,574000,569000,573000,180,573000,1
2017/06/02,572000,579000,572000,576000,585,576000,1
2017/06/05,576000,585000,576000,582000,629,582000,1
2017/06/06,583000,585000,572000,582000,477,582000,1
2017/06/07,579000,586000,578000,584000,596,584000,1
2017/06/08,584000,585000,580000,581000,275,581000,1
2017/06/09,583000,584000,578000,579000,340,579000,1
2017/06/12,581000,585000,580000,580000,331,580000,1
2017/06/13,583000,588000,580000,587000,528,587000,1
2017/06/14,589000,591000,583000,591000,1085,591000,1
2017/06/15,586000,598000,586000,598000,788,598000,1
2017/06/16,596000,598000,587000,587000,905,587000,1
2017/06/19,588000,590000,579000,589000,409,589000,1
2017/06/20,586000,590000,586000,586000,373,586000,1
2017/06/21,585000,587000,582000,587000,340,587000,1
2017/06/22,587000,592000,585000,588000,597,588000,1
2017/06/23,590000,591000,587000,591000,302,591000,1
2017/06/26,593000,593000,589000,590000,408,590000,1
2017/06/27,590000,590000,583000,589000,297,589000,1
2017/06/28,586000,588000,578000,578000,476,578000,1
2017/06/29,580000,581000,575000,579000,563,579000,1
2017/06/30,578000,579000,574000,577000,446,577000,1
2017/07/03,578000,580000,576000,577000,330,577000,1
2017/07/04,577000,578000,572000,573000,318,573000,1
2017/07/05,573000,576000,565000,574000,1042,574000,1
2017/07/06,577000,581000,574000,580000,873,580000,1
2017/07/07,575000,579000,573000,573000,321,573000,1
2017/07/10,573000,580000,572000,572000,438,572000,1
2017/07/11,573000,574000,566000,567000,571,567000,1
2017/07/12,567000,568000,560000,560000,877,560000,1
2017/07/13,560000,562000,551000,554000,1555,554000,1
2017/07/14,556000,557000,551000,553000,597,553000,1
2017/07/18,553000,555000,552000,554000,356,554000,1
2017/07/19,555000,563000,555000,563000,481,563000,1
2017/07/20,563000,568000,563000,568000,414,568000,1
2017/07/21,568000,568000,559000,560000,637,560000,1
2017/07/24,563000,563000,560000,561000,218,561000,1
2017/07/25,563000,568000,562000,564000,461,564000,1
2017/07/26,566000,567000,560000,563000,432,563000,1
2017/07/27,563000,565000,562000,564000,507,564000,1
2017/07/28,564000,567000,563000,563000,453,563000,1
2017/07/31,566000,568000,563000,568000,465,568000,1
2017/08/01,569000,573000,566000,566000,678,566000,1
2017/08/02,568000,571000,562000,562000,562,562000,1
2017/08/03,562000,566000,562000,565000,247,565000,1
2017/08/04,566000,571000,565000,569000,334,569000,1
2017/08/07,569000,572000,566000,566000,284,566000,1
2017/08/08,566000,571000,565000,570000,249,570000,1
2017/08/09,571000,572000,564000,569000,371,569000,1
2017/08/10,569000,569000,559000,559000,584,559000,1
2017/08/14,559000,560000,555000,560000,523,560000,1
2017/08/15,561000,561000,557000,557000,295,557000,1
2017/08/16,559000,563000,557000,560000,231,560000,1
2017/08/17,561000,566000,561000,563000,369,563000,1
2017/08/18,560000,565000,559000,562000,415,562000,1
2017/08/21,561000,566000,561000,566000,200,566000,1
2017/08/22,567000,567000,562000,566000,146,566000,1
2017/08/23,566000,568000,566000,568000,149,568000,1
2017/08/24,568000,572000,567000,572000,258,572000,1
2017/08/25,571000,572000,565000,568000,245,568000,1
2017/08/28,570000,572000,565000,572000,241,572000,1
2017/08/29,567000,570000,566000,569000,293,569000,1
2017/08/30,570000,572000,568000,571000,194,571000,1
2017/08/31,570000,572000,568000,572000,301,572000,1
2017/09/01,570000,573000,569000,571000,350,571000,1
2017/09/04,569000,570000,563000,568000,299,568000,1
2017/09/05,565000,568000,559000,560000,442,560000,1
2017/09/06,558000,558000,555000,557000,590,557000,1
2017/09/07,557000,557000,555000,556000,263,556000,1
2017/09/08,555000,557000,554000,554000,329,554000,1
2017/09/11,555000,556000,553000,553000,308,553000,1
2017/09/12,553000,554000,550000,550000,584,550000,1
2017/09/13,551000,556000,551000,556000,472,556000,1
2017/09/14,556000,560000,555000,560000,455,560000,1
2017/09/15,555000,560000,555000,556000,286,556000,1
2017/09/19,560000,561000,558000,561000,335,561000,1
2017/09/20,563000,564000,560000,563000,287,563000,1
2017/09/21,561000,563000,559000,561000,290,561000,1
2017/09/22,560000,561000,554000,554000,307,554000,1
2017/09/25,557000,557000,555000,555000,155,555000,1
2017/09/26,556000,559000,555000,558000,270,558000,1
2017/09/27,558000,560000,556000,560000,275,560000,1
2017/09/28,560000,561000,557000,560000,400,560000,1
2017/09/29,560000,560000,557000,560000,475,560000,1
2017/10/02,560000,562000,558000,561000,225,561000,1
2017/10/03,559000,564000,559000,559000,482,559000,1
2017/10/04,563000,565000,558000,558000,437,558000,1
2017/10/05,558000,561000,557000,557000,345,557000,1
2017/10/06,560000,561000,555000,557000,424,557000,1
2017/10/10,557000,559000,555000,555000,363,555000,1
2017/10/11,555000,557000,554000,554000,464,554000,1
2017/10/12,555000,558000,554000,555000,996,555000,1
2017/10/13,555000,559000,555000,558000,865,558000,1
2017/10/16,560000,561000,558000,560000,733,560000,1
2017/10/17,560000,560000,556000,559000,429,559000,1
2017/10/18,558000,558000,556000,557000,412,557000,1
2017/10/19,557000,561000,557000,561000,517,561000,1
2017/10/20,559000,561000,557000,557000,586,557000,1
2017/10/23,559000,559000,557000,558000,499,558000,1
2017/10/24,558000,559000,556000,557000,1216,557000,1
2017/10/25,556000,559000,553000,559000,2551,559000,1
2017/10/26,560000,562000,560000,562000,1226,562000,1
2017/10/27,550000,559000,550000,556000,2593,556000,1
2017/10/30,554000,554000,551000,551000,1140,551000,1
2017/10/31,552000,552000,547000,547000,1686,547000,1
2017/11/01,548000,562000,546000,558000,7075,558000,1
2017/11/02,543000,547000,535000,542000,12026,542000,1
2017/11/06,542000,542000,537000,540000,2472,540000,1
2017/11/07,539000,542000,537000,541000,1290,541000,1
2017/11/08,541000,544000,540000,543000,1546,543000,1
2017/11/09,543000,544000,540000,541000,1421,541000,1
2017/11/10,541000,545000,541000,543000,1961,543000,1
2017/11/13,544000,547000,543000,547000,1461,547000,1
2017/11/14,545000,553000,544000,552000,1671,552000,1
2017/11/15,553000,553000,546000,551000,1421,551000,1
2017/11/16,548000,557000,546000,552000,1943,552000,1
2017/11/17,551000,557000,551000,556000,1564,556000,1
2017/11/20,557000,564000,555000,561000,1875,561000,1
2017/11/21,563000,569000,561000,568000,1857,568000,1
2017/11/22,568000,570000,563000,565000,1182,565000,1
2017/11/24,565000,570000,565000,568000,787,568000,1
2017/11/27,567000,569000,562000,565000,743,565000,1
2017/11/28,561000,565000,557000,563000,675,563000,1
2017/11/29,561000,564000,557000,560000,864,560000,1
2017/11/30,558000,564000,552000,564000,1256,564000,1
2017/12/01,562000,564000,560000,563000,519,563000,1
2017/12/04,561000,562000,556000,558000,700,558000,1
2017/12/05,556000,560000,552000,554000,664,554000,1
2017/12/06,554000,556000,551000,554000,497,554000,1
2017/12/07,552000,554000,550000,554000,444,554000,1
2017/12/08,554000,555000,552000,553000,570,553000,1
2017/12/11,553000,555000,551000,552000,607,552000,1
2017/12/12,553000,555000,550000,555000,644,555000,1
2017/12/13,554000,555000,553000,553000,478,553000,1
2017/12/14,554000,557000,553000,554000,415,554000,1
2017/12/15,554000,556000,547000,554000,885,554000,1
2017/12/18,554000,555000,550000,552000,479,552000,1
2017/12/19,552000,556000,550000,556000,822,556000,1
2017/12/20,554000,554000,549000,551000,757,551000,1
2017/12/21,551000,551000,546000,546000,878,546000,1
2017/12/22,546000,547000,544000,544000,669,544000,1
2017/12/25,545000,546000,542000,543000,541,543000,1
2017/12/26,544000,544000,540000,541000,785,541000,1
2017/12/27,542000,549000,541000,549000,529,549000,1
2017/12/28,550000,551000,547000,548000,296,548000,1
2017/12/29,548000,549000,541000,547000,546,547000,1
2018/01/04,550000,555000,548000,554000,787,554000,1
2018/01/05,552000,556000,551000,555000,480,555000,1
2018/01/09,555000,560000,553000,558000,1011,558000,1
2018/01/10,560000,565000,558000,564000,564,564000,1
2018/01/11,562000,563000,557000,561000,603,561000,1
2018/01/12,560000,562000,558000,561000,551,561000,1
2018/01/15,561000,566000,558000,564000,583,564000,1
2018/01/16,564000,565000,560000,561000,472,561000,1
2018/01/17,562000,571000,561000,571000,1030,571000,1
2018/01/18,572000,579000,571000,573000,955,573000,1
2018/01/19,574000,578000,574000,578000,443,578000,1
2018/01/22,579000,581000,575000,581000,479,581000,1
2018/01/23,582000,585000,579000,585000,554,585000,1
2018/01/24,585000,586000,582000,585000,673,585000,1
2018/01/25,583000,587000,577000,577000,734,577000,1
2018/01/26,578000,583000,577000,583000,371,583000,1
2018/01/29,580000,583000,574000,577000,417,577000,1
2018/01/30,574000,575000,569000,572000,603,572000,1
2018/01/31,574000,577000,571000,573000,372,573000,1
2018/02/01,575000,580000,572000,579000,454,579000,1
2018/02/02,579000,579000,575000,576000,345,576000,1
2018/02/05,571000,573000,567000,571000,529,571000,1
2018/02/06,560000,561000,546000,549000,1614,549000,1
2018/02/07,555000,567000,549000,549000,971,549000,1
2018/02/08,557000,563000,551000,563000,766,563000,1
2018/02/09,551000,554000,549000,549000,1207,549000,1
2018/02/13,560000,562000,550000,553000,902,553000,1
2018/02/14,551000,556000,550000,550000,743,550000,1
2018/02/15,551000,552000,549000,550000,293,550000,1
2018/02/16,553000,558000,551000,558000,346,558000,1
2018/02/19,560000,571000,560000,566000,733,566000,1
2018/02/20,569000,577000,567000,577000,813,577000,1
2018/02/21,575000,579000,573000,576000,605,576000,1
2018/02/22,577000,578000,571000,572000,241,572000,1
2018/02/23,572000,575000,568000,573000,361,573000,1
2018/02/26,576000,581000,576000,581000,419,581000,1
2018/02/27,582000,584000,577000,582000,393,582000,1
2018/02/28,577000,580000,573000,575000,495,575000,1
2018/03/01,576000,577000,569000,569000,626,569000,1
2018/03/02,568000,572000,561000,566000,468,566000,1
2018/03/05,570000,570000,561000,561000,360,561000,1
2018/03/06,566000,570000,561000,564000,425,564000,1
2018/03/07,564000,566000,556000,557000,492,557000,1
2018/03/08,558000,563000,558000,558000,348,558000,1
2018/03/09,558000,558000,550000,550000,879,550000,1
2018/03/12,554000,557000,553000,553000,399,553000,1
2018/03/13,555000,560000,554000,555000,398,555000,1
2018/03/14,555000,559000,555000,556000,317,556000,1
2018/03/15,558000,563000,555000,563000,549,563000,1
2018/03/16,565000,568000,561000,565000,359,565000,1
2018/03/19,565000,566000,553000,553000,598,553000,1
2018/03/20,554000,555000,551000,554000,460,554000,1
2018/03/22,556000,560000,555000,558000,511,558000,1
2018/03/23,556000,557000,552000,553000,539,553000,1
2018/03/26,552000,553000,549000,549000,577,549000,1
2018/03/27,552000,554000,549000,552000,510,552000,1
2018/03/28,552000,560000,552000,559000,454,559000,1
2018/03/29,561000,563000,558000,559000,388,559000,1
2018/03/30,557000,561000,552000,556000,762,556000,1
2018/04/02,557000,559000,555000,557000,430,557000,1
2018/04/03,557000,564000,556000,561000,436,561000,1
2018/04/04,559000,567000,559000,563000,351,563000,1
2018/04/05,564000,570000,562000,564000,578,564000,1
2018/04/06,563000,567000,558000,558000,789,558000,1
2018/04/09,555000,561000,553000,555000,1376,555000,1
2018/04/10,555000,561000,555000,556000,755,556000,1
2018/04/11,562000,562000,556000,556000,466,556000,1
2018/04/12,556000,558000,554000,556000,836,556000,1
2018/04/13,555000,557000,553000,554000,1152,554000,1
2018/04/16,554000,556000,551000,551000,1171,551000,1
2018/04/17,550000,552000,548000,549000,1627,549000,1
2018/04/18,550000,551000,544000,546000,2221,546000,1
2018/04/19,546000,551000,545000,547000,1578,547000,1
2018/04/20,547000,551000,546000,550000,950,550000,1
2018/04/23,552000,556000,549000,555000,931,555000,1
2018/04/24,555000,556000,553000,555000,1598,555000,1
2018/04/25,541000,545000,541000,541000,2213,541000,1
2018/04/26,541000,541000,538000,539000,1553,539000,1
2018/04/27,536000,538000,536000,538000,1395,538000,1
2018/05/01,536000,540000,535000,535000,3364,535000,1
2018/05/02,542000,543000,537000,540000,3019,540000,1
2018/05/07,541000,541000,538000,539000,1071,539000,1
2018/05/08,538000,542000,537000,541000,1020,541000,1
2018/05/09,539000,540000,535000,535000,1509,535000,1
2018/05/10,535000,539000,535000,538000,813,538000,1
2018/05/11,540000,543000,539000,542000,966,542000,1
2018/05/14,543000,544000,541000,541000,420,541000,1
2018/05/15,542000,542000,539000,539000,601,539000,1
2018/05/16,540000,541000,538000,538000,601,538000,1
2018/05/17,540000,542000,539000,542000,487,542000,1
2018/05/18,542000,548000,542000,548000,1145,548000,1
2018/05/21,545000,549000,545000,549000,540,549000,1
2018/05/22,548000,551000,546000,549000,728,549000,1
2018/05/23,549000,551000,546000,549000,707,549000,1
2018/05/24,547000,549000,547000,548000,314,548000,1
2018/05/25,547000,550000,547000,548000,393,548000,1
2018/05/28,550000,553000,549000,552000,694,552000,1
2018/05/29,552000,555000,551000,554000,629,554000,1
2018/05/30,554000,555000,549000,555000,929,555000,1
2018/05/31,554000,556000,551000,556000,707,556000,1
2018/06/01,556000,560000,555000,556000,718,556000,1
2018/06/04,556000,558000,554000,556000,543,556000,1
2018/06/05,556000,559000,554000,559000,559,559000,1
2018/06/06,557000,560000,556000,557000,765,557000,1
2018/06/07,558000,560000,556000,557000,633,557000,1
2018/06/08,557000,559000,554000,555000,566,555000,1
2018/06/11,555000,560000,554000,557000,496,557000,1
2018/06/12,557000,560000,556000,557000,326,557000,1
2018/06/13,557000,564000,557000,562000,778,562000,1
2018/06/14,561000,562000,560000,562000,225,562000,1
2018/06/15,562000,565000,561000,562000,489,562000,1
2018/06/18,565000,569000,564000,568000,791,568000,1
2018/06/19,569000,570000,567000,569000,632,569000,1
2018/06/20,566000,570000,566000,566000,705,566000,1
2018/06/21,566000,570000,566000,570000,537,570000,1
2018/06/22,570000,576000,569000,574000,938,574000,1
2018/06/25,574000,574000,568000,570000,540,570000,1
2018/06/26,570000,584000,570000,583000,1899,583000,1
2018/06/27,583000,585000,574000,576000,695,576000,1
2018/06/28,573000,575000,567000,569000,504,569000,1
2018/06/29,570000,575000,570000,575000,405,575000,1
2018/07/02,575000,579000,572000,573000,777,573000,1
2018/07/03,574000,581000,574000,581000,842,581000,1
2018/07/04,577000,580000,576000,577000,639,577000,1
2018/07/05,580000,580000,575000,580000,544,580000,1
2018/07/06,580000,585000,579000,582000,970,582000,1
2018/07/09,579000,582000,577000,578000,698,578000,1
2018/07/10,579000,581000,577000,579000,445,579000,1
2018/07/11,577000,583000,577000,583000,714,583000,1
2018/07/12,584000,585000,579000,583000,413,583000,1
2018/07/13,579000,582000,579000,579000,503,579000,1
2018/07/17,579000,584000,575000,582000,626,582000,1
2018/07/18,583000,585000,580000,583000,508,583000,1
2018/07/19,584000,585000,581000,585000,433,585000,1
2018/07/20,582000,587000,582000,586000,546,586000,1
2018/07/23,585000,585000,578000,579000,716,579000,1
2018/07/24,584000,584000,577000,578000,408,578000,1
2018/07/25,578000,582000,572000,575000,620,575000,1
2018/07/26,573000,575000,568000,570000,640,570000,1
2018/07/27,568000,574000,568000,572000,520,572000,1
2018/07/30,571000,578000,567000,567000,2272,567000,1
2018/07/31,567000,574000,561000,574000,1259,574000,1
2018/08/01,574000,576000,571000,571000,646,571000,1
2018/08/02,571000,574000,570000,572000,542,572000,1
2018/08/03,572000,575000,571000,574000,359,574000,1
2018/08/06,574000,578000,574000,575000,451,575000,1
2018/08/07,574000,576000,573000,575000,359,575000,1
2018/08/08,573000,576000,572000,574000,414,574000,1
2018/08/09,574000,575000,571000,571000,333,571000,1
2018/08/10,571000,572000,568000,568000,536,568000,1
2018/08/13,566000,567000,564000,566000,413,566000,1
2018/08/14,566000,578000,563000,572000,751,572000,1
