2013/09/20,1050.0,1142.0,1045.0,1122.5,12625400,1122.5,2.0
2013/09/24,1200.5,1292.0,1173.5,1287.5,7395200,1287.5,2.0
2013/09/25,1237.5,1249.0,1161.0,1165.0,2838800,1165,2.0
2013/09/26,1200.0,1237.5,1140.0,1210.0,1843200,1210,2.0
2013/09/27,1197.5,1227.5,1163.0,1200.0,933300,1200,2.0
2013/09/30,1199.0,1199.0,1152.5,1171.5,527500,1171.5,2.0
2013/10/01,1182.5,1202.0,1131.5,1140.0,573500,1140,2.0
2013/10/02,1160.0,1198.0,1140.5,1177.5,809300,1177.5,2.0
2013/10/03,1170.0,1179.0,1145.0,1152.0,347300,1152,2.0
2013/10/04,1130.0,1139.5,1100.0,1134.5,520500,1134.5,2.0
2013/10/07,1140.5,1151.5,1102.5,1140.0,347500,1140,2.0
2013/10/08,1123.0,1189.5,1120.5,1178.0,462800,1178,2.0
2013/10/09,1175.5,1199.0,1157.0,1192.0,489000,1192,2.0
2013/10/10,1195.5,1220.0,1170.0,1184.5,357600,1184.5,2.0
2013/10/11,1194.5,1195.5,1157.0,1173.5,178600,1173.5,2.0
2013/10/15,1182.0,1182.0,1160.5,1162.5,126200,1162.5,2.0
2013/10/16,1158.5,1158.5,1129.0,1139.0,165400,1139,2.0
2013/10/17,1140.0,1147.5,1121.5,1127.0,312000,1127,2.0
2013/10/18,1125.0,1177.0,1125.0,1174.5,461000,1174.5,2.0
2013/10/21,1190.5,1249.5,1190.0,1244.5,1380200,1244.5,2.0
2013/10/22,1242.0,1282.0,1224.5,1264.0,1372900,1264,2.0
2013/10/23,1278.5,1287.5,1224.0,1229.5,564100,1229.5,2.0
2013/10/24,1234.0,1342.0,1209.0,1324.0,1411900,1324,2.0
2013/10/25,1301.0,1354.5,1281.0,1320.0,1418000,1320,2.0
2013/10/28,1350.0,1360.0,1285.0,1310.0,526200,1310,2.0
2013/10/29,1300.0,1312.0,1267.5,1300.0,264000,1300,2.0
2013/10/30,1300.0,1325.0,1281.5,1284.5,673600,1284.5,2.0
2013/10/31,1297.5,1319.0,1288.5,1298.5,371400,1298.5,2.0
2013/11/01,1298.5,1312.5,1236.0,1278.0,280000,1278,2.0
2013/11/05,1278.0,1289.0,1240.0,1263.0,115300,1263,2.0
2013/11/06,1251.0,1260.5,1240.0,1249.5,98900,1249.5,2.0
2013/11/07,1245.0,1260.0,1212.5,1247.5,179800,1247.5,2.0
2013/11/08,1230.0,1279.0,1230.0,1263.0,221700,1263,2.0
2013/11/11,1250.5,1307.5,1243.5,1250.5,248400,1250.5,2.0
2013/11/12,1250.5,1295.0,1244.5,1294.5,261300,1294.5,2.0
2013/11/13,1280.0,1294.0,1251.5,1293.0,198900,1293,2.0
2013/11/14,1293.0,1313.5,1265.0,1312.5,293900,1312.5,2.0
2013/11/15,1375.0,1385.0,1312.5,1312.5,846900,1312.5,2.0
2013/11/18,1300.0,1300.0,1187.0,1200.0,699900,1200,2.0
2013/11/19,1202.5,1255.5,1197.5,1244.5,417200,1244.5,2.0
2013/11/20,1269.5,1269.5,1190.0,1227.5,201000,1227.5,2.0
2013/11/21,1227.5,1243.0,1212.5,1226.5,149600,1226.5,2.0
2013/11/22,1216.5,1250.0,1146.0,1158.5,590400,1158.5,2.0
2013/11/25,1178.5,1203.5,1161.5,1194.0,251200,1194,2.0
2013/11/26,1203.5,1214.5,1194.0,1214.0,139200,1214,2.0
2013/11/27,1212.0,1223.5,1195.0,1211.0,193000,1211,2.0
2013/11/28,1203.0,1229.0,1202.5,1227.5,113500,1227.5,2.0
2013/11/29,1225.0,1247.0,1217.0,1232.0,164100,1232,2.0
2013/12/02,1220.0,1246.0,1216.5,1237.0,136000,1237,2.0
2013/12/03,1244.0,1255.0,1230.0,1251.5,218700,1251.5,2.0
2013/12/04,1235.0,1255.5,1205.0,1250.0,157400,1250,2.0
2013/12/05,1243.5,1255.0,1194.5,1227.0,219800,1227,2.0
2013/12/06,1202.5,1236.5,1190.0,1231.0,187300,1231,2.0
2013/12/09,1232.5,1247.5,1219.0,1243.0,110200,1243,2.0
2013/12/10,1250.0,1259.0,1226.5,1246.0,214700,1246,2.0
2013/12/11,1247.0,1247.0,1195.0,1210.0,226300,1210,2.0
2013/12/12,1200.0,1240.0,1197.5,1214.0,137300,1214,2.0
2013/12/13,1230.5,1245.0,1207.0,1234.0,167300,1234,2.0
2013/12/16,1225.5,1233.5,1196.5,1200.0,126800,1200,2.0
2013/12/17,1194.5,1230.0,1193.5,1196.5,128900,1196.5,2.0
2013/12/18,1189.0,1214.0,1189.0,1195.5,100200,1195.5,2.0
2013/12/19,1210.5,1210.5,1175.5,1189.0,125400,1189,2.0
2013/12/20,1189.0,1199.5,1177.5,1184.5,95900,1184.5,2.0
2013/12/24,1214.5,1236.5,1146.5,1158.0,440700,1158,2.0
2013/12/25,1170.0,1177.5,1150.5,1155.5,202000,1155.5,2.0
2013/12/26,1167.5,1199.0,1165.0,1186.5,121500,1186.5,2.0
2013/12/27,1197.5,1212.5,1187.0,1208.5,80800,1208.5,2.0
2013/12/30,1220.5,1232.5,1209.5,1214.0,104800,1214,2.0
2014/01/06,1215.0,1225.0,1192.5,1214.5,242600,1214.5,2.0
2014/01/07,1217.5,1217.5,1189.0,1190.0,73500,1190,2.0
2014/01/08,1197.5,1204.5,1181.0,1189.0,131600,1189,2.0
2014/01/09,1179.0,1179.0,1157.0,1160.0,191600,1160,2.0
2014/01/10,1157.5,1187.5,1157.5,1187.0,114400,1187,2.0
2014/01/14,1167.5,1176.0,1155.5,1163.5,96200,1163.5,2.0
2014/01/15,1169.0,1171.5,1154.0,1155.5,88200,1155.5,2.0
2014/01/16,1165.0,1165.0,1114.5,1119.5,254400,1119.5,2.0
2014/01/17,1120.0,1125.5,1097.0,1099.0,238200,1099,2.0
2014/01/20,1106.0,1110.0,1073.0,1076.0,246300,1076,2.0
2014/01/21,1079.0,1091.5,1066.5,1081.5,182100,1081.5,2.0
2014/01/22,1090.5,1091.5,1066.5,1080.5,130400,1080.5,2.0
2014/01/23,1080.0,1081.0,1051.5,1051.5,199000,1051.5,2.0
2014/01/24,1031.5,1040.5,1016.5,1021.0,236000,1021,2.0
2014/01/27,1010.0,1010.0,960.0,967.0,373700,967,2.0
2014/01/28,955.0,977.5,943.5,943.5,395100,943.5,2.0
2014/01/29,955.5,976.5,946.0,971.5,270700,971.5,2.0
2014/01/30,945.5,950.0,932.5,944.0,210200,944,2.0
2014/01/31,950.0,968.5,891.0,918.5,388500,918.5,2.0
2014/02/03,898.5,921.0,852.0,862.0,365800,862,2.0
2014/02/04,762.0,803.0,745.0,756.0,764300,756,2.0
2014/02/05,836.0,840.0,774.0,800.5,347000,800.5,2.0
2014/02/06,785.0,833.5,785.0,820.0,193100,820,2.0
2014/02/07,850.0,885.5,832.5,857.5,267500,857.5,2.0
2014/02/10,900.0,914.5,882.5,900.0,302400,900,2.0
2014/02/12,911.0,928.0,903.5,907.0,182700,907,2.0
2014/02/13,902.5,912.0,883.5,893.5,114600,893.5,2.0
2014/02/14,897.5,924.0,868.0,900.5,206800,900.5,2.0
2014/02/17,850.0,859.5,804.0,852.5,267600,852.5,2.0
2014/02/18,865.0,902.0,862.5,890.0,331000,890,2.0
2014/02/19,879.0,945.0,861.5,934.5,391900,934.5,2.0
2014/02/20,914.5,958.5,908.0,952.5,256900,952.5,2.0
2014/02/21,964.5,1013.5,964.0,1001.0,301400,1001,2.0
2014/02/24,1001.5,1060.0,995.5,1022.0,373700,1022,2.0
2014/02/25,1034.5,1037.5,1008.5,1025.0,193800,1025,2.0
2014/02/26,1015.0,1022.5,991.0,996.5,119400,996.5,2.0
2014/02/27,1010.0,1014.5,988.0,992.0,185100,992,2.0
2014/02/28,1014.5,1048.0,983.5,1007.5,306400,1007.5,2.0
2014/03/03,990.0,990.0,950.5,968.0,227600,968,2.0
2014/03/04,956.0,966.5,945.5,948.0,178000,948,2.0
2014/03/05,968.0,968.0,942.0,945.5,148200,945.5,2.0
2014/03/06,962.5,962.5,942.5,948.5,77600,948.5,2.0
2014/03/07,955.5,961.0,946.5,958.5,69000,958.5,2.0
2014/03/10,962.0,980.0,934.5,943.0,115000,943,2.0
2014/03/11,932.5,960.0,932.5,954.5,107000,954.5,2.0
2014/03/12,937.5,948.5,913.0,917.0,62100,917,2.0
2014/03/13,914.5,919.5,886.5,898.0,76500,898,2.0
2014/03/14,875.0,881.0,864.0,865.5,60300,865.5,2.0
2014/03/17,867.0,881.5,828.0,841.5,65200,841.5,2.0
2014/03/18,861.0,886.0,861.0,876.0,73500,876,2.0
2014/03/19,891.0,908.5,879.0,904.5,96800,904.5,2.0
2014/03/20,911.5,911.5,846.0,875.0,177500,875,2.0
2014/03/24,860.0,894.0,850.5,856.5,76600,856.5,2.0
2014/03/25,865.0,871.0,835.0,840.0,59600,840,2.0
2014/03/26,855.5,869.0,837.5,845.5,56500,845.5,2.0
2014/03/27,827.0,844.5,821.5,841.5,88700,841.5,2.0
2014/03/28,850.0,871.5,842.0,871.5,123600,871.5,2.0
2014/03/31,891.5,896.0,839.5,878.5,96300,878.5,2.0
2014/04/01,894.0,922.0,877.0,900.0,91500,900,2.0
2014/04/02,901.5,930.0,890.0,921.5,83100,921.5,2.0
2014/04/03,924.5,933.5,913.5,922.5,95700,922.5,2.0
2014/04/04,920.0,937.5,917.5,928.5,139700,928.5,2.0
2014/04/07,923.5,938.5,918.5,929.5,87600,929.5,2.0
2014/04/08,909.5,911.5,877.0,880.0,94600,880,2.0
2014/04/09,860.5,882.0,846.0,850.0,131100,850,2.0
2014/04/10,874.0,890.0,861.5,866.5,121600,866.5,2.0
2014/04/11,840.5,878.5,829.0,857.5,94700,857.5,2.0
2014/04/14,837.5,854.5,819.0,820.0,120400,820,2.0
2014/04/15,835.5,841.5,820.5,833.5,90400,833.5,2.0
2014/04/16,832.5,860.0,829.5,857.5,66600,857.5,2.0
2014/04/17,859.0,894.0,858.5,860.5,117600,860.5,2.0
2014/04/18,861.0,877.5,861.0,875.5,25500,875.5,2.0
2014/04/21,892.0,892.0,840.5,847.0,51100,847,2.0
2014/04/22,842.5,855.0,831.5,848.0,79400,848,2.0
2014/04/23,842.5,852.5,827.5,831.0,63500,831,2.0
2014/04/24,837.0,853.0,837.0,841.5,74400,841.5,2.0
2014/04/25,850.5,855.0,829.5,838.0,87100,838,2.0
2014/04/28,837.5,848.0,811.0,828.5,261300,828.5,2.0
2014/04/30,838.5,864.5,817.5,835.5,159600,835.5,2.0
2014/05/01,850.0,934.5,850.0,929.5,291100,929.5,2.0
2014/05/02,909.5,1007.5,909.5,991.5,389800,991.5,2.0
2014/05/07,973.0,993.5,963.5,978.0,229600,978,2.0
2014/05/08,1015.0,1025.0,983.0,995.5,317200,995.5,2.0
2014/05/09,975.5,995.5,941.5,981.0,179500,981,2.0
2014/05/12,969.5,985.0,920.0,928.0,134400,928,2.0
2014/05/13,940.0,966.0,925.0,934.0,235000,934,2.0
2014/05/14,950.0,1047.0,935.0,1005.5,304300,1005.5,2.0
2014/05/15,1005.5,1049.0,984.5,1038.0,230900,1038,2.0
2014/05/16,1004.0,1059.5,1000.0,1006.0,216200,1006,2.0
2014/05/19,1030.0,1030.0,989.0,996.5,112900,996.5,2.0
2014/05/20,1008.0,1047.5,1008.0,1032.0,165200,1032,2.0
2014/05/21,1007.0,1018.0,991.0,1005.0,107200,1005,2.0
2014/05/22,1014.5,1034.0,997.5,1023.0,77700,1023,2.0
2014/05/23,1030.0,1082.0,1027.0,1067.5,216000,1067.5,2.0
2014/05/26,1084.0,1120.0,1071.5,1105.5,206500,1105.5,2.0
2014/05/27,1110.0,1118.0,1088.5,1108.5,110600,1108.5,2.0
2014/05/28,1108.5,1128.5,1095.0,1114.0,117500,1114,2.0
2014/05/29,1126.5,1160.0,1108.5,1149.0,171300,1149,2.0
2014/05/30,1147.5,1159.0,1116.0,1148.5,279000,1148.5,2.0
2014/06/02,1165.0,1199.5,1159.5,1197.5,217200,1197.5,2.0
2014/06/03,1197.5,1199.0,1167.5,1190.0,177300,1190,2.0
2014/06/04,1191.5,1209.5,1181.5,1186.0,131900,1186,2.0
2014/06/05,1191.5,1217.5,1185.0,1189.0,173900,1189,2.0
2014/06/06,1197.0,1205.0,1167.0,1178.0,174500,1178,2.0
2014/06/09,1170.0,1197.0,1151.5,1193.0,105200,1193,2.0
2014/06/10,1195.0,1196.5,1170.0,1183.0,113500,1183,2.0
2014/06/11,1175.5,1189.5,1169.0,1179.5,94000,1179.5,2.0
2014/06/12,1172.0,1190.5,1170.5,1173.0,82700,1173,2.0
2014/06/13,1186.0,1217.0,1180.0,1210.0,157700,1210,2.0
2014/06/16,1205.5,1209.0,1173.0,1182.0,72200,1182,2.0
2014/06/17,1189.0,1189.0,1142.0,1147.5,125200,1147.5,2.0
2014/06/18,1149.5,1180.5,1139.0,1174.5,102000,1174.5,2.0
2014/06/19,1176.0,1182.5,1162.5,1174.5,56700,1174.5,2.0
2014/06/20,1157.5,1170.0,1140.5,1161.5,116400,1161.5,2.0
2014/06/23,1180.5,1180.5,1141.0,1161.5,143300,1161.5,2.0
2014/06/24,1161.5,1197.5,1145.0,1183.5,114600,1183.5,2.0
2014/06/25,1181.5,1181.5,1157.5,1167.0,59100,1167,2.0
2014/06/26,1183.5,1183.5,1158.0,1178.5,60800,1178.5,2.0
2014/06/27,1170.0,1170.5,1130.0,1146.0,72100,1146,2.0
2014/06/30,1135.0,1199.0,1135.0,1198.5,116200,1198.5,2.0
2014/07/01,1199.0,1207.0,1188.5,1194.5,107800,1194.5,2.0
2014/07/02,1195.0,1200.0,1171.5,1177.0,43400,1177,2.0
2014/07/03,1160.0,1179.0,1160.0,1165.0,37200,1165,2.0
2014/07/04,1168.5,1174.0,1146.0,1150.0,47500,1150,2.0
2014/07/07,1150.0,1155.5,1141.5,1149.5,49200,1149.5,2.0
2014/07/08,1142.0,1174.0,1142.0,1151.5,116200,1151.5,2.0
2014/07/09,1140.0,1150.0,1126.0,1135.0,66200,1135,2.0
2014/07/10,1133.5,1139.5,1088.0,1094.5,83400,1094.5,2.0
2014/07/11,1077.5,1092.5,1077.0,1084.5,60400,1084.5,2.0
2014/07/14,1075.5,1092.5,1053.5,1089.0,77700,1089,2.0
2014/07/15,1084.0,1148.5,1083.5,1143.0,140000,1143,2.0
2014/07/16,1135.0,1142.0,1127.5,1135.0,65400,1135,2.0
2014/07/17,1122.0,1129.5,1106.0,1123.0,72800,1123,2.0
2014/07/18,1107.5,1121.5,1085.5,1099.5,117100,1099.5,2.0
2014/07/22,1101.0,1116.5,1092.5,1112.5,66400,1112.5,2.0
2014/07/23,1110.5,1119.0,1102.5,1105.0,41100,1105,2.0
2014/07/24,1100.0,1100.0,1070.0,1074.5,46600,1074.5,2.0
2014/07/25,1082.5,1084.0,1060.0,1069.5,43400,1069.5,2.0
2014/07/28,1075.0,1075.0,1048.5,1058.5,65600,1058.5,2.0
2014/07/29,1052.5,1065.0,1042.0,1053.5,47700,1053.5,2.0
2014/07/30,1053.5,1059.0,1042.5,1046.0,45100,1046,2.0
2014/07/31,1057.5,1075.0,1050.5,1056.5,77100,1056.5,2.0
2014/08/01,1040.5,1055.5,1035.5,1040.5,63400,1040.5,2.0
2014/08/04,1030.5,1030.5,983.0,984.5,139400,984.5,2.0
2014/08/05,1004.5,1069.0,1003.5,1061.0,154600,1061,2.0
2014/08/06,1036.0,1055.0,1005.5,1017.0,96400,1017,2.0
2014/08/07,1013.5,1043.5,1013.5,1040.0,88100,1040,2.0
2014/08/08,1040.0,1075.0,1019.5,1029.0,89900,1029,2.0
2014/08/11,1054.0,1055.0,1033.5,1045.5,44100,1045.5,2.0
2014/08/12,1050.0,1063.0,1036.5,1040.5,58200,1040.5,2.0
2014/08/13,1070.0,1072.5,1002.0,1021.0,211500,1021,2.0
2014/08/14,1021.5,1055.0,1010.0,1041.5,191300,1041.5,2.0
2014/08/15,1050.0,1055.0,982.5,1001.0,344400,1001,2.0
2014/08/18,1007.5,1032.5,1005.0,1021.0,161800,1021,2.0
2014/08/19,1029.5,1035.0,1016.0,1022.5,44200,1022.5,2.0
2014/08/20,1022.0,1029.5,999.0,1002.0,123100,1002,2.0
2014/08/21,1016.5,1026.5,1005.0,1024.5,85100,1024.5,2.0
2014/08/22,1027.5,1035.0,1015.5,1022.0,90200,1022,2.0
2014/08/25,1027.5,1029.0,1008.0,1012.5,79500,1012.5,2.0
2014/08/26,1017.0,1027.5,1001.5,1021.0,110000,1021,2.0
2014/08/27,1021.0,1026.5,1003.0,1011.0,53200,1011,2.0
2014/08/28,1005.0,1013.0,995.5,1002.0,62500,1002,2.0
2014/08/29,1000.0,1001.0,986.0,994.0,52700,994,2.0
2014/09/01,999.0,1028.0,999.0,1026.0,127100,1026,2.0
2014/09/02,1027.5,1091.0,1027.5,1078.5,230400,1078.5,2.0
2014/09/03,1092.5,1143.5,1083.0,1140.0,210000,1140,2.0
2014/09/04,1123.5,1130.5,1076.5,1079.5,110600,1079.5,2.0
2014/09/05,1080.5,1100.0,1066.5,1089.5,59900,1089.5,2.0
2014/09/08,1092.5,1110.0,1085.0,1089.0,62700,1089,2.0
2014/09/09,1091.0,1101.0,1069.0,1082.5,60100,1082.5,2.0
2014/09/10,1064.5,1074.0,1053.5,1069.0,44400,1069,2.0
2014/09/11,1071.5,1085.5,1047.0,1050.5,76300,1050.5,2.0
2014/09/12,1041.5,1062.0,1040.0,1052.5,73100,1052.5,2.0
2014/09/16,1052.5,1067.0,1048.0,1063.0,61600,1063,2.0
2014/09/17,1055.5,1055.5,1035.0,1037.0,91900,1037,2.0
2014/09/18,1040.5,1069.0,1038.0,1059.0,69800,1059,2.0
2014/09/19,1069.5,1075.0,1049.5,1064.5,83100,1064.5,2.0
2014/09/22,1065.0,1066.0,1050.5,1064.0,48700,1064,2.0
2014/09/24,1064.5,1067.5,1050.5,1055.0,63600,1055,2.0
2014/09/25,1062.0,1064.5,1044.0,1055.5,68200,1055.5,2.0
2014/09/26,1034.5,1042.5,1024.0,1038.0,60300,1038,2.0
2014/09/29,1036.0,1040.5,1020.5,1023.0,48300,1023,2.0
2014/09/30,1025.0,1027.0,1010.0,1022.0,45900,1022,2.0
2014/10/01,1034.0,1035.0,1008.5,1008.5,87400,1008.5,2.0
2014/10/02,995.0,997.5,960.0,979.0,174600,979,2.0
2014/10/03,978.0,980.5,967.5,976.5,66200,976.5,2.0
2014/10/06,999.5,1010.0,987.5,1001.5,74300,1001.5,2.0
2014/10/07,1001.5,1001.5,960.5,962.0,86800,962,2.0
2014/10/08,951.0,957.0,943.5,950.5,80000,950.5,2.0
2014/10/09,954.0,961.0,930.5,932.0,69600,932,2.0
2014/10/10,923.0,929.0,900.0,920.0,104800,920,2.0
2014/10/14,891.0,919.5,887.0,912.0,82700,912,2.0
2014/10/15,920.0,932.0,915.0,921.5,71100,921.5,2.0
2014/10/16,898.0,903.0,852.0,879.0,109300,879,2.0
2014/10/17,872.5,910.0,872.5,893.0,78500,893,2.0
2014/10/20,905.0,930.5,905.0,930.0,116400,930,2.0
2014/10/21,947.5,963.5,920.5,923.0,153000,923,2.0
2014/10/22,927.5,935.0,925.0,933.5,50700,933.5,2.0
2014/10/23,933.0,933.0,911.0,911.5,77600,911.5,2.0
2014/10/24,924.5,929.0,921.0,924.5,69000,924.5,2.0
2014/10/27,929.0,930.0,897.0,899.5,80700,899.5,2.0
2014/10/28,900.0,906.0,884.0,892.5,63700,892.5,2.0
2014/10/29,895.0,903.5,889.5,896.5,97000,896.5,2.0
2014/10/30,902.0,902.0,884.0,891.0,101700,891,2.0
2014/10/31,901.0,986.5,884.0,978.5,179000,978.5,2.0
2014/11/04,1168.5,1168.5,1037.5,1134.0,817800,1134,2.0
2014/11/05,1116.5,1133.5,1091.0,1100.0,313600,1100,2.0
2014/11/06,1107.0,1145.0,1075.0,1084.5,281000,1084.5,2.0
2014/11/07,1082.5,1093.5,1065.0,1079.5,62800,1079.5,2.0
2014/11/10,1080.0,1090.5,1067.5,1086.0,62300,1086,2.0
2014/11/11,1086.0,1108.5,1067.5,1084.5,56100,1084.5,2.0
2014/11/12,1098.0,1114.0,1087.0,1088.0,106100,1088,2.0
2014/11/13,1088.5,1115.0,1088.5,1110.0,64900,1110,2.0
2014/11/14,1110.0,1198.5,1075.5,1196.0,443300,1196,2.0
2014/11/17,1205.0,1205.0,1104.0,1115.0,181100,1115,2.0
2014/11/18,1114.0,1117.0,1081.5,1089.0,259700,1089,2.0
2014/11/19,1092.0,1132.5,1090.5,1123.5,153600,1123.5,2.0
2014/11/20,1123.5,1125.0,1093.0,1095.0,101800,1095,2.0
2014/11/21,1085.5,1100.0,1085.5,1090.0,123800,1090,2.0
2014/11/25,1106.5,1119.5,1096.0,1112.5,76900,1112.5,2.0
2014/11/26,1115.0,1119.5,1099.5,1105.0,60400,1105,2.0
2014/11/27,1117.0,1147.0,1109.5,1121.0,146100,1121,2.0
2014/11/28,1138.5,1154.5,1100.0,1115.5,285900,1115.5,2.0
2014/12/01,1132.5,1177.5,1130.0,1161.5,330000,1161.5,2.0
2014/12/02,1154.5,1154.5,1125.5,1142.5,498500,1142.5,2.0
2014/12/03,1163.0,1174.5,1135.0,1139.0,281500,1139,2.0
2014/12/04,1140.0,1160.0,1135.5,1145.5,88300,1145.5,2.0
2014/12/05,1141.0,1147.5,1102.5,1120.0,173200,1120,2.0
2014/12/08,1127.0,1136.0,1102.5,1107.5,62200,1107.5,2.0
2014/12/09,1100.0,1100.0,1078.0,1094.0,116600,1094,2.0
2014/12/10,1075.0,1100.0,1055.0,1072.5,205100,1072.5,2.0
2014/12/11,1047.5,1073.0,1043.5,1068.0,98100,1068,2.0
2014/12/12,1050.0,1067.5,1035.5,1038.0,229300,1038,2.0
2014/12/15,1032.5,1037.5,998.0,999.0,203300,999,2.0
2014/12/16,999.0,1020.0,993.5,1013.5,192600,1013.5,2.0
2014/12/17,1013.0,1085.5,1013.0,1066.0,177000,1066,2.0
2014/12/18,1065.0,1075.0,1050.0,1061.5,114100,1061.5,2.0
2014/12/19,1061.5,1110.0,1061.5,1106.0,132500,1106,2.0
2014/12/22,1106.0,1144.5,1096.5,1139.0,216300,1139,2.0
2014/12/24,1139.0,1144.0,1121.0,1140.5,230000,1140.5,2.0
2014/12/25,1134.5,1147.5,1116.5,1126.5,82900,1126.5,2.0
2014/12/26,1114.0,1167.0,1114.0,1158.5,112400,1158.5,2.0
2014/12/29,1160.0,1169.5,1138.5,1162.5,55700,1162.5,2.0
2014/12/30,1174.5,1195.5,1159.0,1186.5,122600,1186.5,2.0
2015/01/05,1179.5,1179.5,1137.0,1142.0,119100,1142,2.0
2015/01/06,1122.5,1129.0,1087.5,1093.0,187200,1093,2.0
2015/01/07,1087.5,1139.5,1085.0,1133.0,173800,1133,2.0
2015/01/08,1113.5,1136.5,1106.0,1128.0,135000,1128,2.0
2015/01/09,1116.5,1126.0,1086.0,1100.0,222700,1100,2.0
2015/01/13,1092.5,1114.0,1076.5,1111.0,119100,1111,2.0
2015/01/14,1100.0,1140.0,1095.5,1118.0,106400,1118,2.0
2015/01/15,1120.0,1125.0,1093.0,1105.5,95800,1105.5,2.0
2015/01/16,1092.5,1112.5,1078.0,1104.5,120200,1104.5,2.0
2015/01/19,1118.0,1118.0,1080.5,1088.5,76000,1088.5,2.0
2015/01/20,1088.5,1101.0,1076.0,1082.5,107700,1082.5,2.0
2015/01/21,1087.5,1091.5,1060.0,1069.0,108700,1069,2.0
2015/01/22,1072.5,1075.0,1054.0,1067.5,47600,1067.5,2.0
2015/01/23,1078.5,1085.0,1054.5,1061.0,52200,1061,2.0
2015/01/26,1086.0,1086.0,1061.0,1070.0,42200,1070,2.0
2015/01/27,1070.0,1086.5,1070.0,1081.0,28200,1081,2.0
2015/01/28,1070.5,1081.0,1059.5,1061.0,91600,1061,2.0
2015/01/29,1050.0,1051.0,1000.0,1007.5,351300,1007.5,2.0
2015/01/30,1010.0,1024.5,1007.5,1015.0,152600,1015,2.0
2015/02/02,1012.5,1029.5,1002.5,1025.5,109200,1025.5,2.0
2015/02/03,1025.5,1025.5,966.0,972.0,189400,972,2.0
2015/02/04,980.0,1007.0,980.0,1000.0,149600,1000,2.0
2015/02/05,995.0,1017.5,988.5,999.0,67400,999,2.0
2015/02/06,1014.0,1019.0,1000.0,1001.0,63000,1001,2.0
2015/02/09,1016.5,1019.0,978.0,985.0,88100,985,2.0
2015/02/10,985.0,999.5,980.0,990.5,58700,990.5,2.0
2015/02/12,1002.5,1022.5,993.5,995.5,103100,995.5,2.0
2015/02/13,1015.0,1032.0,996.0,1026.5,156600,1026.5,2.0
2015/02/16,1251.5,1276.5,1200.0,1210.0,1226600,1210,2.0
2015/02/17,1221.0,1320.0,1214.0,1298.5,1003400,1298.5,2.0
2015/02/18,1299.5,1350.0,1263.5,1298.5,642800,1298.5,2.0
2015/02/19,1297.0,1382.0,1279.5,1317.0,544300,1317,2.0
2015/02/20,1300.5,1410.0,1296.5,1400.0,674700,1400,2.0
2015/02/23,1398.0,1406.0,1347.0,1366.5,545500,1366.5,2.0
2015/02/24,1369.5,1373.5,1335.0,1341.5,322100,1341.5,2.0
2015/02/25,1341.5,1383.5,1327.5,1367.0,169000,1367,2.0
2015/02/26,1350.5,1382.5,1350.5,1372.5,119900,1372.5,2.0
2015/02/27,1385.0,1406.5,1355.5,1378.5,292700,1378.5,2.0
2015/03/02,1383.0,1391.5,1361.0,1371.0,197900,1371,2.0
2015/03/03,1383.0,1384.5,1330.0,1340.0,246300,1340,2.0
2015/03/04,1330.0,1397.5,1330.0,1372.5,227500,1372.5,2.0
2015/03/05,1351.5,1370.0,1338.0,1355.5,143800,1355.5,2.0
2015/03/06,1350.5,1380.0,1341.5,1364.0,155600,1364,2.0
2015/03/09,1350.5,1351.5,1334.5,1345.5,126200,1345.5,2.0
2015/03/10,1345.5,1425.0,1345.0,1424.0,347400,1424,2.0
2015/03/11,1421.5,1515.0,1417.5,1496.0,490400,1496,2.0
2015/03/12,1471.5,1525.0,1457.5,1497.5,350800,1497.5,2.0
2015/03/13,1512.5,1545.0,1499.5,1530.0,196700,1530,2.0
2015/03/16,1475.0,1517.5,1459.0,1463.0,277700,1463,2.0
2015/03/17,1473.5,1492.0,1452.0,1476.0,137200,1476,2.0
2015/03/18,1477.5,1477.5,1420.0,1461.0,181100,1461,2.0
2015/03/19,1461.5,1484.0,1441.5,1473.0,93300,1473,2.0
2015/03/20,1458.5,1471.5,1440.5,1471.5,84700,1471.5,2.0
2015/03/23,1472.5,1473.5,1438.5,1448.5,130800,1448.5,2.0
2015/03/24,1431.0,1471.5,1431.0,1466.5,133100,1466.5,2.0
2015/03/25,1470.0,1474.0,1450.5,1452.0,98300,1452,2.0
2015/03/26,1450.0,1452.0,1405.5,1415.5,122700,1415.5,2.0
2015/03/27,1400.0,1435.5,1375.0,1401.5,136500,1401.5,2.0
2015/03/30,1385.0,1429.0,1385.0,1408.5,102300,1408.5,2.0
2015/03/31,1417.5,1447.0,1404.5,1409.0,63800,1409,2.0
2015/04/01,1406.5,1462.5,1400.0,1449.0,147600,1449,2.0
2015/04/02,1450.0,1532.5,1438.5,1502.5,209400,1502.5,2.0
2015/04/03,1517.5,1550.0,1495.5,1547.5,163200,1547.5,2.0
2015/04/06,1590.0,1647.5,1525.0,1545.0,262600,1545,2.0
2015/04/07,1582.5,1625.0,1570.0,1602.5,177300,1602.5,2.0
2015/04/08,1612.5,1645.0,1545.0,1627.5,203700,1627.5,2.0
2015/04/09,1625.0,1672.5,1622.5,1637.5,183000,1637.5,2.0
2015/04/10,1627.5,1637.5,1575.0,1597.5,103400,1597.5,2.0
2015/04/13,1595.0,1600.0,1557.5,1580.0,96600,1580,2.0
2015/04/14,1580.0,1615.0,1580.0,1612.5,82300,1612.5,2.0
2015/04/15,1600.0,1602.5,1562.5,1572.5,65600,1572.5,2.0
2015/04/16,1570.0,1575.0,1545.0,1575.0,55800,1575,2.0
2015/04/17,1560.0,1585.0,1555.0,1562.5,52900,1562.5,2.0
2015/04/20,1502.5,1555.0,1495.5,1535.0,92700,1535,2.0
2015/04/21,1525.0,1547.5,1512.5,1530.0,84000,1530,2.0
2015/04/22,1537.5,1612.5,1532.5,1605.0,130200,1605,2.0
2015/04/23,1607.5,1607.5,1575.0,1592.5,65800,1592.5,2.0
2015/04/24,1567.5,1580.0,1525.0,1550.0,128400,1550,2.0
2015/04/27,1550.0,1562.5,1537.5,1545.0,41600,1545,2.0
2015/04/28,1547.5,1590.0,1532.5,1567.5,147700,1567.5,2.0
2015/04/30,1547.5,1557.5,1510.0,1537.5,88900,1537.5,2.0
2015/05/01,1527.5,1567.5,1507.5,1562.5,69100,1562.5,2.0
2015/05/07,1547.5,1550.0,1505.0,1510.0,86500,1510,2.0
2015/05/08,1505.0,1512.5,1496.5,1500.0,100900,1500,2.0
2015/05/11,1522.5,1540.0,1515.0,1520.0,33400,1520,2.0
2015/05/12,1537.5,1537.5,1500.0,1532.5,59000,1532.5,2.0
2015/05/13,1532.5,1550.0,1500.0,1537.5,66900,1537.5,2.0
2015/05/14,1587.5,1617.5,1570.0,1575.0,184400,1575,2.0
2015/05/15,1592.5,1610.0,1580.0,1597.5,103700,1597.5,2.0
2015/05/18,1660.0,1932.5,1660.0,1840.0,880000,1840,2.0
2015/05/19,1817.5,1845.0,1742.5,1757.5,534400,1757.5,2.0
2015/05/20,1782.5,1812.5,1745.0,1797.5,293700,1797.5,2.0
2015/05/21,1810.0,1955.0,1810.0,1912.5,510000,1912.5,2.0
2015/05/22,1902.5,1932.5,1860.0,1880.0,328700,1880,2.0
2015/05/25,1940.0,1972.5,1887.5,1890.0,260400,1890,2.0
2015/05/26,1862.5,1912.5,1847.5,1862.5,235600,1862.5,2.0
2015/05/27,1865.0,1942.5,1857.5,1915.0,365900,1915,2.0
2015/05/28,1920.0,1930.0,1832.5,1842.5,612400,1842.5,2.0
2015/05/29,1847.5,1897.5,1812.5,1872.5,737100,1872.5,2.0
2015/06/01,1837.5,1890.0,1827.5,1880.0,232500,1880,2.0
2015/06/02,1862.5,1870.0,1840.0,1857.5,148300,1857.5,2.0
2015/06/03,1837.5,1850.0,1790.0,1805.0,296300,1805,2.0
2015/06/04,1802.5,1822.5,1790.0,1802.5,118300,1802.5,2.0
2015/06/05,1785.0,1810.0,1785.0,1792.5,126300,1792.5,2.0
2015/06/08,1792.5,1805.0,1767.5,1797.5,101900,1797.5,2.0
2015/06/09,1782.5,1852.5,1780.0,1832.5,231900,1832.5,2.0
2015/06/10,1830.0,1882.5,1810.0,1822.5,258700,1822.5,2.0
2015/06/11,1837.5,1890.0,1837.5,1857.5,234700,1857.5,2.0
2015/06/12,1875.0,1877.5,1840.0,1845.0,143900,1845,2.0
2015/06/15,1832.5,1855.0,1800.0,1832.5,101800,1832.5,2.0
2015/06/16,1842.5,1870.0,1830.0,1830.0,123900,1830,2.0
2015/06/17,1862.5,1872.5,1825.0,1840.0,159800,1840,2.0
2015/06/18,1847.5,1860.0,1825.0,1845.0,151500,1845,2.0
2015/06/19,1950.0,1962.5,1897.5,1960.0,708500,1960,2.0
2015/06/22,1990.0,2060.0,1990.0,2037.5,670400,2037.5,2.0
2015/06/23,2037.5,2055.0,1972.5,2055.0,374100,2055,2.0
2015/06/24,2032.5,2117.5,2005.0,2110.0,421500,2110,2.0
2015/06/25,2075.0,2120.0,2070.0,2087.5,239000,2087.5,2.0
2015/06/26,2095,2143,2065,2134,335800,2134,1
2015/06/29,1984,2072,1969,2052,582500,2052,1
2015/06/30,2025,2081,1988,2071,273800,2071,1
2015/07/01,2071,2088,2009,2048,301900,2048,1
2015/07/02,2083,2119,2061,2094,358100,2094,1
2015/07/03,2108,2108,2026,2070,340300,2070,1
2015/07/06,2020,2069,1951,1965,633600,1965,1
2015/07/07,1997,2066,1983,2060,413000,2060,1
2015/07/08,2065,2155,1994,1998,629800,1998,1
2015/07/09,1918,2024,1918,2013,478700,2013,1
2015/07/10,2040,2040,1952,1956,326700,1956,1
2015/07/13,1956,1972,1904,1936,421500,1936,1
2015/07/14,1983,2069,1983,2062,439200,2062,1
2015/07/15,2070,2115,2046,2073,253500,2073,1
2015/07/16,2097,2155,2097,2150,304900,2150,1
2015/07/17,2153,2175,2086,2164,379000,2164,1
2015/07/21,2197,2219,2161,2178,288800,2178,1
2015/07/22,2140,2176,2121,2130,161900,2130,1
2015/07/23,2110,2137,2080,2127,183900,2127,1
2015/07/24,2130,2213,2112,2144,321500,2144,1
2015/07/27,2144,2150,2086,2100,302700,2100,1
2015/07/28,2045,2080,1992,2051,380000,2051,1
2015/07/29,2054,2064,2012,2049,180400,2049,1
2015/07/30,2061,2071,2010,2038,218100,2038,1
2015/07/31,2038,2057,2018,2057,121600,2057,1
2015/08/03,2050,2065,2011,2029,206100,2029,1
2015/08/04,2025,2030,2001,2022,217200,2022,1
2015/08/05,2005,2055,1990,2045,215600,2045,1
2015/08/06,2052,2129,2045,2070,291800,2070,1
2015/08/07,2059,2059,2001,2028,247600,2028,1
2015/08/10,2014,2044,1933,2041,265600,2041,1
2015/08/11,2007,2031,1980,2009,256600,2009,1
2015/08/12,2018,2077,1993,2011,410000,2011,1
2015/08/13,2000,2001,1910,1952,482300,1952,1
2015/08/14,1977,2022,1931,2015,412900,2015,1
2015/08/17,2115,2248,2066,2248,1823900,2248,1
2015/08/18,2271,2405,2271,2398,1752700,2398,1
2015/08/19,2361,2447,2321,2384,1034300,2384,1
2015/08/20,2385,2438,2357,2401,577400,2401,1
2015/08/21,2311,2349,2238,2246,573900,2246,1
2015/08/24,2134,2179,2020,2037,807300,2037,1
2015/08/25,1940,2085,1857,1969,750100,1969,1
2015/08/26,2000,2025,1908,1963,750200,1963,1
2015/08/27,2053,2093,1993,2053,463200,2053,1
2015/08/28,2145,2176,2120,2147,616200,2147,1
2015/08/31,2170,2241,2132,2237,544900,2237,1
2015/09/01,2197,2207,2059,2064,515500,2064,1
2015/09/02,2000,2109,1981,2053,439000,2053,1
2015/09/03,2109,2177,2104,2113,371700,2113,1
2015/09/04,2113,2113,1931,1984,594200,1984,1
2015/09/07,1958,1961,1842,1860,671700,1860,1
2015/09/08,1875,1881,1761,1771,654200,1771,1
2015/09/09,1878,1890,1830,1890,470200,1890,1
2015/09/10,1827,1901,1823,1887,316600,1887,1
2015/09/11,1847,1979,1847,1942,339800,1942,1
2015/09/14,1902,1944,1886,1893,231500,1893,1
2015/09/15,1933,1933,1840,1847,252300,1847,1
2015/09/16,1872,1873,1799,1812,245500,1812,1
2015/09/17,1810,1863,1774,1857,436000,1857,1
2015/09/18,1845,1895,1828,1849,228000,1849,1
2015/09/24,1886,1955,1840,1841,580000,1841,1
2015/09/25,1819,1856,1779,1853,620100,1853,1
2015/09/28,1837,1910,1836,1893,316700,1893,1
2015/09/29,1858,1869,1770,1793,311500,1793,1
2015/09/30,1820,1860,1806,1842,253700,1842,1
2015/10/01,1880,1968,1852,1949,537600,1949,1
2015/10/02,1953,1985,1919,1970,242500,1970,1
2015/10/05,1998,2020,1947,1965,197800,1965,1
2015/10/06,2014,2087,1999,2008,290700,2008,1
2015/10/07,1995,1995,1920,1989,216500,1989,1
2015/10/08,2001,2062,1976,2000,249800,2000,1
2015/10/09,1980,2003,1932,1984,313600,1984,1
2015/10/13,2018,2091,2008,2085,322600,2085,1
2015/10/14,2073,2109,1991,1993,287500,1993,1
2015/10/15,1980,2078,1971,2073,215400,2073,1
2015/10/16,2087,2112,2072,2073,249500,2073,1
2015/10/19,2100,2275,2081,2263,770600,2263,1
2015/10/20,2247,2262,2170,2188,495200,2188,1
2015/10/21,2190,2227,2146,2175,292300,2175,1
2015/10/22,2181,2237,2151,2165,191000,2165,1
2015/10/23,2204,2214,2160,2163,194600,2163,1
2015/10/26,2213,2219,2179,2196,195300,2196,1
2015/10/27,2180,2248,2172,2180,257500,2180,1
2015/10/28,2180,2219,2163,2200,203500,2200,1
2015/10/29,2230,2268,2185,2217,479600,2217,1
2015/10/30,2231,2250,2184,2223,420300,2223,1
2015/11/02,2195,2198,2101,2106,483300,2106,1
2015/11/04,2140,2141,2025,2029,522700,2029,1
2015/11/05,2030,2030,1906,1917,818300,1917,1
2015/11/06,1922,1981,1922,1978,571600,1978,1
2015/11/09,1978,2050,1974,2001,706200,2001,1
2015/11/10,2035,2042,2001,2021,342600,2021,1
2015/11/11,2021,2132,2010,2094,461700,2094,1
2015/11/12,2129,2155,2075,2086,429900,2086,1
2015/11/13,2025,2031,1953,2020,783700,2020,1
2015/11/16,2209,2305,2125,2286,1850200,2286,1
2015/11/17,2336,2449,2305,2438,1990100,2438,1
2015/11/18,2438,2530,2402,2486,1423400,2486,1
2015/11/19,2483,2497,2363,2379,878600,2379,1
2015/11/20,2333,2402,2293,2401,814400,2401,1
2015/11/24,2392,2416,2331,2406,385300,2406,1
2015/11/25,2405,2427,2355,2373,279400,2373,1
2015/11/26,2377,2436,2370,2395,337100,2395,1
2015/11/27,2395,2426,2347,2366,307700,2366,1
2015/11/30,2345,2597,2330,2590,1187400,2590,1
2015/12/01,2589,2625,2504,2567,1069900,2567,1
2015/12/02,2590,2730,2572,2668,1118800,2668,1
2015/12/03,2701,2715,2581,2613,831800,2613,1
2015/12/04,2563,2584,2527,2540,547900,2540,1
2015/12/07,2604,2657,2555,2625,467100,2625,1
2015/12/08,2600,2600,2433,2470,1113700,2470,1
2015/12/09,2447,2520,2436,2468,485000,2468,1
2015/12/10,2436,2465,2389,2394,474700,2394,1
2015/12/11,2372,2435,2372,2412,445700,2412,1
2015/12/14,2346,2388,2320,2379,419400,2379,1
2015/12/15,2352,2381,2278,2303,545800,2303,1
2015/12/16,2373,2410,2272,2291,591600,2291,1
2015/12/17,2351,2416,2344,2397,499200,2397,1
2015/12/18,2376,2433,2311,2336,492800,2336,1
2015/12/21,2304,2320,2263,2311,368200,2311,1
2015/12/22,2315,2336,2287,2327,176100,2327,1
2015/12/24,2326,2341,2180,2190,651400,2190,1
2015/12/25,2197,2250,2197,2242,215800,2242,1
2015/12/28,2228,2234,2155,2218,390700,2218,1
2015/12/29,2242,2269,2210,2266,226500,2266,1
2015/12/30,2272,2358,2270,2346,377300,2346,1
2016/01/04,2324,2335,2160,2168,1032900,2168,1
2016/01/05,2172,2221,2160,2185,426400,2185,1
2016/01/06,2182,2225,2148,2165,318100,2165,1
2016/01/07,2155,2203,2146,2157,349700,2157,1
2016/01/08,2140,2179,2060,2108,566900,2108,1
2016/01/12,2063,2097,2000,2000,642600,2000,1
2016/01/13,2073,2154,2065,2114,314200,2114,1
2016/01/14,2030,2040,1965,2007,543800,2007,1
2016/01/15,2040,2050,1922,1928,577200,1928,1
2016/01/18,1850,1910,1834,1898,770400,1898,1
2016/01/19,1890,1980,1882,1978,708100,1978,1
2016/01/20,1975,1976,1829,1839,542300,1839,1
2016/01/21,1827,1924,1826,1831,629200,1831,1
2016/01/22,1945,1993,1896,1986,472800,1986,1
2016/01/25,2010,2039,1960,2031,483700,2031,1
2016/01/26,1965,2006,1949,1955,329200,1955,1
2016/01/27,2000,2030,1982,2022,263300,2022,1
2016/01/28,1992,2027,1940,2015,418900,2015,1
2016/01/29,2019,2234,1981,2232,833900,2232,1
2016/02/01,2295,2420,2294,2391,993200,2391,1
2016/02/02,2375,2409,2217,2226,695400,2226,1
2016/02/03,2124,2151,2058,2111,734600,2111,1
2016/02/04,2058,2089,1980,1983,625200,1983,1
2016/02/05,1939,1961,1864,1936,683100,1936,1
2016/02/08,1895,1960,1862,1931,396100,1931,1
2016/02/09,1830,1834,1774,1800,664600,1800,1
2016/02/10,1800,1820,1631,1679,791500,1679,1
2016/02/12,1662,1731,1595,1688,1290500,1688,1
2016/02/15,1840,1846,1716,1825,907500,1825,1
2016/02/16,1926,2080,1893,1966,1136300,1966,1
2016/02/17,1966,1998,1897,1923,764500,1923,1
2016/02/18,1980,2031,1968,2007,675500,2007,1
2016/02/19,1985,2075,1951,2046,758600,2046,1
2016/02/22,2036,2113,2031,2106,570100,2106,1
2016/02/23,2109,2109,1999,2020,630400,2020,1
2016/02/24,1988,2002,1910,1999,1223700,1999,1
2016/02/25,2029,2089,2028,2069,559200,2069,1
2016/02/26,2099,2117,2014,2030,496200,2030,1
2016/02/29,2080,2094,2036,2040,347300,2040,1
2016/03/01,2020,2067,2014,2056,256500,2056,1
2016/03/02,2124,2131,2089,2116,348300,2116,1
2016/03/03,2124,2170,2095,2150,545900,2150,1
2016/03/04,2141,2180,2125,2154,467100,2154,1
2016/03/07,2146,2154,2090,2102,285800,2102,1
2016/03/08,2087,2109,2039,2094,546500,2094,1
2016/03/09,2066,2115,2034,2106,426900,2106,1
2016/03/10,2135,2146,2095,2122,408100,2122,1
2016/03/11,2112,2130,2067,2116,311100,2116,1
2016/03/14,2148,2210,2126,2171,380200,2171,1
2016/03/15,2175,2188,2145,2163,473300,2163,1
2016/03/16,2151,2157,2117,2125,302900,2125,1
2016/03/17,2145,2162,2094,2113,447400,2113,1
2016/03/18,2096,2130,2073,2107,270000,2107,1
2016/03/22,2140,2161,2081,2118,244300,2118,1
2016/03/23,2142,2150,2120,2131,259600,2131,1
2016/03/24,2122,2135,2095,2118,212600,2118,1
2016/03/25,2124,2124,2061,2078,334100,2078,1
2016/03/28,2100,2133,2086,2133,330000,2133,1
2016/03/29,2109,2193,2101,2193,349200,2193,1
2016/03/30,2202,2229,2194,2206,384900,2206,1
2016/03/31,2216,2259,2203,2238,507800,2238,1
2016/04/01,2250,2254,2145,2152,452500,2152,1
2016/04/04,2136,2181,2107,2128,269900,2128,1
2016/04/05,2110,2118,2036,2085,468800,2085,1
2016/04/06,2084,2109,2038,2087,429700,2087,1
2016/04/07,2063,2134,2063,2120,334500,2120,1
2016/04/08,2070,2092,2022,2069,575400,2069,1
2016/04/11,2066,2092,2032,2086,249300,2086,1
2016/04/12,2100,2149,2086,2143,298600,2143,1
2016/04/13,2170,2218,2160,2217,401400,2217,1
2016/04/14,2291,2355,2284,2355,1176100,2355,1
2016/04/15,2301,2324,2276,2310,464500,2310,1
2016/04/18,2223,2262,2221,2242,369600,2242,1
2016/04/19,2281,2319,2281,2313,401300,2313,1
2016/04/20,2348,2424,2334,2380,493700,2380,1
2016/04/21,2450,2465,2420,2428,552600,2428,1
2016/04/22,2392,2460,2392,2458,407500,2458,1
2016/04/25,2464,2474,2424,2465,466600,2465,1
2016/04/26,2465,2520,2450,2489,697800,2489,1
2016/04/27,2493,2535,2470,2521,460700,2521,1
2016/04/28,2516,2518,2341,2400,491300,2400,1
2016/05/02,2355,2375,2318,2362,388800,2362,1
2016/05/06,2395,2415,2354,2380,494200,2380,1
2016/05/09,2419,2466,2413,2434,342400,2434,1
2016/05/10,2528,2652,2523,2648,905100,2648,1
2016/05/11,2698,2750,2652,2674,1012500,2674,1
2016/05/12,2655,2655,2581,2612,525400,2612,1
2016/05/13,2600,2639,2531,2623,491200,2623,1
2016/05/16,2620,2638,2489,2500,442200,2500,1
2016/05/17,2550,2794,2548,2688,1400900,2688,1
2016/05/18,2691,2700,2621,2646,565900,2646,1
2016/05/19,2662,2669,2572,2611,505400,2611,1
2016/05/20,2597,2693,2597,2670,572100,2670,1
2016/05/23,2681,2688,2609,2629,335700,2629,1
2016/05/24,2624,2624,2530,2572,542500,2572,1
2016/05/25,2613,2615,2535,2551,309700,2551,1
2016/05/26,2565,2568,2504,2538,313200,2538,1
2016/05/27,2626,2808,2569,2798,1215000,2798,1
2016/05/30,2860,2938,2815,2920,897800,2920,1
2016/05/31,2947,2964,2867,2964,644800,2964,1
2016/06/01,2964,3010,2930,2975,648800,2975,1
2016/06/02,2951,3000,2862,2903,570000,2903,1
2016/06/03,2872,2948,2867,2938,255000,2938,1
2016/06/06,2894,2945,2866,2943,209900,2943,1
2016/06/07,2946,2976,2893,2944,396200,2944,1
2016/06/08,2972,3055,2915,2971,472800,2971,1
2016/06/09,2975,2992,2949,2972,233200,2972,1
2016/06/10,2961,2962,2911,2936,163500,2936,1
2016/06/13,2870,2884,2818,2820,259600,2820,1
2016/06/14,2800,2813,2720,2775,303500,2775,1
2016/06/15,2715,2841,2715,2805,287000,2805,1
2016/06/16,2757,2784,2670,2677,271800,2677,1
2016/06/17,2745,2770,2705,2717,267800,2717,1
2016/06/20,2760,2870,2749,2851,319900,2851,1
2016/06/21,2800,2868,2798,2855,266200,2855,1
2016/06/22,2845,2853,2783,2801,193600,2801,1
2016/06/23,2780,2798,2746,2785,120700,2785,1
2016/06/24,2842,2846,2535,2619,376000,2619,1
2016/06/27,2638,2760,2636,2716,337800,2716,1
2016/06/28,2650,2735,2640,2720,204100,2720,1
2016/06/29,2795,2807,2711,2723,306200,2723,1
2016/06/30,2780,2796,2754,2772,213300,2772,1
2016/07/01,2781,2786,2711,2755,213500,2755,1
2016/07/04,2725,2785,2690,2758,158500,2758,1
2016/07/05,2726,2739,2685,2724,172000,2724,1
2016/07/06,2685,2699,2625,2679,193000,2679,1
2016/07/07,2695,2711,2628,2643,164600,2643,1
2016/07/08,2630,2652,2537,2540,277000,2540,1
2016/07/11,2600,2668,2600,2621,216800,2621,1
2016/07/12,2695,2744,2687,2704,254800,2704,1
2016/07/13,2780,2780,2710,2719,236700,2719,1
2016/07/14,2734,2744,2681,2693,156400,2693,1
2016/07/15,2698,2707,2649,2670,183200,2670,1
2016/07/19,2715,2719,2636,2655,246100,2655,1
2016/07/20,2632,2725,2607,2711,200400,2711,1
2016/07/21,2745,2748,2645,2661,223800,2661,1
2016/07/22,2645,2695,2638,2676,308700,2676,1
2016/07/25,2694,2874,2685,2820,702200,2820,1
2016/07/26,2845,3005,2845,2991,941800,2991,1
2016/07/27,2980,3060,2932,3045,798800,3045,1
2016/07/28,2992,3005,2939,2947,256900,2947,1
2016/07/29,2935,2972,2860,2949,237000,2949,1
2016/08/01,2900,2909,2821,2842,250500,2842,1
2016/08/02,2800,2840,2793,2804,224400,2804,1
2016/08/03,2766,2786,2685,2690,309600,2690,1
2016/08/04,2695,2705,2590,2627,409700,2627,1
2016/08/05,2635,2657,2582,2614,213900,2614,1
2016/08/08,2657,2683,2599,2611,362800,2611,1
2016/08/09,2608,2611,2551,2592,306700,2592,1
2016/08/10,2600,2667,2589,2643,294700,2643,1
2016/08/12,2723,2797,2681,2702,644800,2702,1
2016/08/15,2740,2747,2541,2650,744100,2650,1
2016/08/16,2660,2660,2488,2490,744800,2490,1
2016/08/17,2455,2460,2279,2354,1200500,2354,1
2016/08/18,2380,2414,2316,2345,514600,2345,1
2016/08/19,2343,2368,2310,2333,433500,2333,1
2016/08/22,2301,2310,2257,2298,334600,2298,1
2016/08/23,2365,2428,2350,2408,630000,2408,1
2016/08/24,2355,2362,2303,2324,407800,2324,1
2016/08/25,2333,2345,2286,2301,277400,2301,1
2016/08/26,2303,2305,2258,2273,230100,2273,1
2016/08/29,2285,2303,2277,2289,212700,2289,1
2016/08/30,2289,2316,2270,2281,223500,2281,1
2016/08/31,2271,2278,2192,2235,554800,2235,1
2016/09/01,2240,2322,2239,2293,611100,2293,1
2016/09/02,2287,2290,2220,2236,413200,2236,1
2016/09/05,2266,2266,2216,2253,410200,2253,1
2016/09/06,2240,2305,2228,2303,380500,2303,1
2016/09/07,2345,2404,2311,2387,592700,2387,1
2016/09/08,2400,2402,2355,2372,471800,2372,1
2016/09/09,2359,2362,2321,2321,278000,2321,1
2016/09/12,2279,2287,2242,2285,250800,2285,1
2016/09/13,2289,2331,2289,2307,359100,2307,1
2016/09/14,2299,2317,2280,2287,222300,2287,1
2016/09/15,2263,2267,2206,2229,294200,2229,1
2016/09/16,2264,2265,2227,2243,266100,2243,1
2016/09/20,2193,2282,2192,2270,572900,2270,1
2016/09/21,2270,2330,2256,2320,356400,2320,1
2016/09/23,2285,2316,2243,2265,636900,2265,1
2016/09/26,2268,2285,2255,2263,325300,2263,1
2016/09/27,2227,2263,2178,2262,859300,2262,1
2016/09/28,2204,2237,2191,2224,530400,2224,1
2016/09/29,2237,2267,2201,2203,262100,2203,1
2016/09/30,2184,2184,2144,2149,348800,2149,1
2016/10/03,2159,2160,2126,2138,353400,2138,1
2016/10/04,2140,2140,2040,2050,630600,2050,1
2016/10/05,2080,2089,2056,2066,568100,2066,1
2016/10/06,2063,2078,2042,2060,383800,2060,1
2016/10/07,2042,2056,2003,2015,562200,2015,1
2016/10/11,2023,2028,1941,1948,840800,1948,1
2016/10/12,1970,2065,1963,2030,623900,2030,1
2016/10/13,2071,2122,2051,2087,821400,2087,1
2016/10/14,2087,2098,2068,2082,406300,2082,1
2016/10/17,2095,2106,2080,2091,307100,2091,1
2016/10/18,2102,2115,2091,2108,259900,2108,1
2016/10/19,2129,2165,2120,2134,499500,2134,1
2016/10/20,2134,2217,2130,2199,667200,2199,1
2016/10/21,2221,2246,2191,2200,647500,2200,1
2016/10/24,2240,2241,2205,2218,319100,2218,1
2016/10/25,2222,2235,2187,2198,276700,2198,1
2016/10/26,2182,2215,2180,2209,239900,2209,1
2016/10/27,2199,2218,2189,2198,299500,2198,1
2016/10/28,2212,2218,2177,2194,270700,2194,1
2016/10/31,2209,2238,2195,2223,310200,2223,1
2016/11/01,2233,2259,2212,2247,251300,2247,1
2016/11/02,2232,2233,2180,2210,509700,2210,1
2016/11/04,2203,2206,2164,2189,331400,2189,1
2016/11/07,2220,2228,2207,2223,206400,2223,1
2016/11/08,2235,2238,2196,2210,208500,2210,1
2016/11/09,2205,2231,2047,2139,475900,2139,1
2016/11/10,2241,2267,2201,2238,388400,2238,1
2016/11/11,2243,2260,2232,2247,496400,2247,1
2016/11/14,2269,2360,2252,2344,605600,2344,1
2016/11/15,2540,2618,2467,2505,1089800,2505,1
2016/11/16,2539,2627,2524,2625,834700,2625,1
2016/11/17,2604,2631,2551,2604,510500,2604,1
2016/11/18,2604,2642,2591,2609,346000,2609,1
2016/11/21,2647,2650,2598,2618,375500,2618,1
2016/11/22,2613,2661,2610,2660,304300,2660,1
2016/11/24,2671,2692,2659,2672,334600,2672,1
2016/11/25,2690,2726,2674,2705,528100,2705,1
2016/11/28,2786,2932,2758,2930,1374600,2930,1
2016/11/29,2974,3010,2871,2883,1076200,2883,1
2016/11/30,2862,2862,2816,2828,485500,2828,1
2016/12/01,2833,2882,2760,2806,508300,2806,1
2016/12/02,2795,2819,2752,2817,304000,2817,1
2016/12/05,2810,2810,2753,2779,280600,2779,1
2016/12/06,2760,2775,2737,2772,302100,2772,1
2016/12/07,2787,2824,2787,2811,240600,2811,1
2016/12/08,2817,2844,2778,2813,323800,2813,1
2016/12/09,2812,2834,2789,2816,325500,2816,1
2016/12/12,2802,2803,2719,2745,483900,2745,1
2016/12/13,2785,2874,2785,2858,450900,2858,1
2016/12/14,2835,2857,2808,2818,201500,2818,1
2016/12/15,2800,2835,2760,2767,307000,2767,1
2016/12/16,2810,2825,2793,2820,225200,2820,1
2016/12/19,2819,2830,2799,2813,119600,2813,1
2016/12/20,2831,2895,2831,2885,243900,2885,1
2016/12/21,2945,2980,2917,2929,341800,2929,1
2016/12/22,2940,2940,2870,2896,271000,2896,1
2016/12/26,2882,2882,2843,2849,138700,2849,1
2016/12/27,2850,2876,2835,2838,131100,2838,1
2016/12/28,2838,2865,2826,2849,77700,2849,1
2016/12/29,2850,2850,2750,2768,244900,2768,1
2016/12/30,2754,2796,2740,2780,139700,2780,1
2017/01/04,2782,2831,2782,2822,229300,2822,1
2017/01/05,2808,2816,2774,2792,216400,2792,1
2017/01/06,2755,2813,2750,2803,216900,2803,1
2017/01/10,2807,2881,2803,2844,258500,2844,1
2017/01/11,2833,2871,2819,2821,197300,2821,1
2017/01/12,2815,2815,2756,2766,158700,2766,1
2017/01/13,2770,2797,2759,2797,182700,2797,1
2017/01/16,2797,2798,2740,2765,148500,2765,1
2017/01/17,2768,2768,2603,2620,485200,2620,1
2017/01/18,2651,2722,2635,2718,316100,2718,1
2017/01/19,2733,2743,2669,2681,185400,2681,1
2017/01/20,2668,2679,2637,2660,215300,2660,1
2017/01/23,2620,2620,2570,2585,292100,2585,1
2017/01/24,2570,2578,2539,2571,239500,2571,1
2017/01/25,2621,2640,2578,2604,228000,2604,1
2017/01/26,2630,2648,2608,2643,199400,2643,1
2017/01/27,2678,2711,2670,2695,304600,2695,1
2017/01/30,2695,2695,2657,2683,167200,2683,1
2017/01/31,2643,2679,2628,2642,195700,2642,1
2017/02/01,2632,2666,2613,2661,202100,2661,1
2017/02/02,2637,2660,2631,2639,179700,2639,1
2017/02/03,2649,2673,2642,2656,216800,2656,1
2017/02/06,2675,2685,2653,2671,161900,2671,1
2017/02/07,2655,2671,2641,2659,162400,2659,1
2017/02/08,2658,2718,2648,2713,274600,2713,1
2017/02/09,2717,2760,2710,2733,223800,2733,1
2017/02/10,2752,2769,2721,2746,211200,2746,1
2017/02/13,2794,2810,2763,2781,217100,2781,1
2017/02/14,2830,2830,2711,2720,415700,2720,1
2017/02/15,2625,2685,2517,2549,1149500,2549,1
2017/02/16,2590,2627,2569,2581,641300,2581,1
2017/02/17,2618,2764,2610,2740,954900,2740,1
2017/02/20,2714,2745,2700,2716,265600,2716,1
2017/02/21,2704,2735,2695,2718,160800,2718,1
2017/02/22,2692,2695,2621,2662,401700,2662,1
2017/02/23,2688,2710,2673,2693,242000,2693,1
2017/02/24,2666,2737,2662,2716,248000,2716,1
2017/02/27,2702,2704,2657,2666,248300,2666,1
2017/02/28,2670,2707,2661,2667,227900,2667,1
2017/03/01,2678,2713,2673,2708,174400,2708,1
2017/03/02,2723,2762,2710,2714,214500,2714,1
2017/03/03,2709,2709,2686,2700,208300,2700,1
2017/03/06,2700,2710,2680,2705,198200,2705,1
2017/03/07,2706,2716,2680,2695,312900,2695,1
2017/03/08,2689,2703,2673,2692,200600,2692,1
2017/03/09,2702,2713,2683,2711,159300,2711,1
2017/03/10,2733,2762,2723,2729,223300,2729,1
2017/03/13,2753,2785,2744,2771,188400,2771,1
2017/03/14,2775,2832,2768,2830,339200,2830,1
2017/03/15,2799,2799,2742,2749,243100,2749,1
2017/03/16,2748,2791,2725,2787,159400,2787,1
2017/03/17,2767,2792,2753,2769,459700,2769,1
2017/03/21,2781,2805,2764,2786,179400,2786,1
2017/03/22,2730,2768,2707,2738,242300,2738,1
2017/03/23,2727,2752,2721,2744,132600,2744,1
2017/03/24,2760,2803,2748,2787,165000,2787,1
2017/03/27,2775,2784,2729,2738,154100,2738,1
2017/03/28,2765,2800,2755,2800,220600,2800,1
2017/03/29,2770,2773,2741,2758,199600,2758,1
2017/03/30,2739,2759,2702,2710,198300,2710,1
2017/03/31,2705,2718,2664,2664,300900,2664,1
2017/04/03,2664,2692,2644,2664,219400,2664,1
2017/04/04,2662,2680,2591,2597,200300,2597,1
2017/04/05,2577,2619,2562,2586,196300,2586,1
2017/04/06,2581,2596,2529,2545,177000,2545,1
2017/04/07,2585,2608,2559,2581,327300,2581,1
2017/04/10,2619,2686,2616,2653,305900,2653,1
2017/04/11,2655,2707,2642,2659,293700,2659,1
2017/04/12,2602,2649,2575,2639,353900,2639,1
2017/04/13,2598,2641,2597,2636,225700,2636,1
2017/04/14,2620,2639,2609,2610,118100,2610,1
2017/04/17,2612,2666,2608,2661,119300,2661,1
2017/04/18,2695,2695,2661,2669,125200,2669,1
2017/04/19,2628,2681,2618,2657,222500,2657,1
2017/04/20,2664,2686,2648,2649,98200,2649,1
2017/04/21,2651,2713,2651,2695,147500,2695,1
2017/04/24,2720,2755,2715,2727,248700,2727,1
2017/04/25,2723,2723,2700,2709,177300,2709,1
2017/04/26,2720,2726,2678,2724,293500,2724,1
2017/04/27,2715,2737,2708,2713,503900,2713,1
2017/04/28,2730,2734,2702,2734,236400,2734,1
2017/05/01,2705,2740,2703,2725,165200,2725,1
2017/05/02,2735,2737,2725,2730,321700,2730,1
2017/05/08,2790,2915,2787,2887,599600,2887,1
2017/05/09,2887,2966,2884,2942,511900,2942,1
2017/05/10,2957,2964,2918,2948,282200,2948,1
2017/05/11,2988,3035,2986,3005,385400,3005,1
2017/05/12,3000,3005,2954,2962,278400,2962,1
2017/05/15,2945,2995,2938,2977,247100,2977,1
2017/05/16,3000,3105,2945,3090,606400,3090,1
2017/05/17,3180,3355,3170,3340,1284000,3340,1
2017/05/18,3270,3345,3270,3315,398500,3315,1
2017/05/19,3385,3445,3325,3425,519000,3425,1
2017/05/22,3475,3535,3425,3450,472000,3450,1
2017/05/23,3450,3510,3440,3480,301900,3480,1
2017/05/24,3500,3540,3480,3530,219200,3530,1
2017/05/25,3570,3630,3555,3605,480800,3605,1
2017/05/26,3600,3620,3520,3530,375500,3530,1
2017/05/29,3530,3585,3505,3515,289500,3515,1
2017/05/30,3495,3500,3445,3495,381400,3495,1
2017/05/31,3450,3460,3390,3435,433500,3435,1
2017/06/01,3445,3545,3445,3525,417900,3525,1
2017/06/02,3500,3555,3480,3515,224700,3515,1
2017/06/05,3515,3555,3505,3540,191000,3540,1
2017/06/06,3560,3570,3470,3475,209400,3475,1
2017/06/07,3445,3485,3430,3450,297100,3450,1
2017/06/08,3450,3460,3380,3380,372300,3380,1
2017/06/09,3370,3415,3335,3335,356300,3335,1
2017/06/12,3380,3415,3360,3400,230100,3400,1
2017/06/13,3345,3370,3315,3355,228400,3355,1
2017/06/14,3335,3335,3280,3300,259300,3300,1
2017/06/15,3265,3375,3250,3360,254200,3360,1
2017/06/16,3400,3410,3335,3350,291800,3350,1
2017/06/19,3365,3390,3345,3360,141800,3360,1
2017/06/20,3360,3370,3330,3335,161000,3335,1
2017/06/21,3325,3345,3295,3310,157600,3310,1
2017/06/22,3300,3340,3300,3320,103600,3320,1
2017/06/23,3335,3335,3250,3265,213200,3265,1
2017/06/26,3280,3320,3255,3280,211700,3280,1
2017/06/27,3290,3310,3270,3290,128300,3290,1
2017/06/28,3290,3295,3260,3280,208900,3280,1
2017/06/29,3300,3415,3270,3405,423000,3405,1
2017/06/30,3400,3505,3350,3460,655900,3460,1
2017/07/03,3600,3600,3470,3510,396900,3510,1
2017/07/04,3530,3540,3450,3470,180300,3470,1
2017/07/05,3450,3490,3415,3485,148600,3485,1
2017/07/06,3495,3540,3485,3515,148600,3515,1
2017/07/07,3500,3505,3435,3455,147900,3455,1
2017/07/10,3475,3505,3450,3465,99900,3465,1
2017/07/11,3450,3510,3435,3505,96200,3505,1
2017/07/12,3475,3480,3410,3425,162200,3425,1
2017/07/13,3450,3505,3450,3470,160900,3470,1
2017/07/14,3465,3490,3450,3480,96000,3480,1
2017/07/18,3480,3535,3475,3505,182200,3505,1
2017/07/19,3540,3595,3525,3585,254700,3585,1
2017/07/20,3590,3595,3560,3580,123900,3580,1
2017/07/21,3580,3650,3570,3640,271300,3640,1
2017/07/24,3640,3720,3640,3720,246900,3720,1
2017/07/25,3740,3740,3655,3685,175400,3685,1
2017/07/26,3680,3690,3630,3650,141600,3650,1
2017/07/27,3660,3710,3640,3650,169200,3650,1
2017/07/28,3630,3660,3615,3655,112300,3655,1
2017/07/31,3655,3665,3615,3650,105900,3650,1
2017/08/01,3655,3670,3560,3595,239300,3595,1
2017/08/02,3595,3595,3530,3540,143500,3540,1
2017/08/03,3550,3625,3510,3615,205000,3615,1
2017/08/04,3615,3615,3535,3560,238200,3560,1
2017/08/07,3585,3600,3525,3545,341400,3545,1
2017/08/08,3560,3625,3545,3620,212400,3620,1
2017/08/09,3610,3620,3555,3590,190600,3590,1
2017/08/10,3595,3605,3515,3530,244600,3530,1
2017/08/14,3385,3480,3385,3405,406500,3405,1
2017/08/15,3345,3445,3320,3380,582700,3380,1
2017/08/16,3435,3440,3365,3370,190500,3370,1
2017/08/17,3380,3380,3320,3325,180900,3325,1
2017/08/18,3295,3300,3250,3295,185500,3295,1
2017/08/21,3350,3425,3335,3420,317100,3420,1
2017/08/22,3490,3505,3435,3445,231700,3445,1
2017/08/23,3465,3465,3410,3430,136900,3430,1
2017/08/24,3425,3475,3420,3465,211500,3465,1
2017/08/25,3480,3495,3365,3370,218100,3370,1
2017/08/28,3375,3440,3365,3440,212600,3440,1
2017/08/29,3405,3420,3375,3395,152300,3395,1
2017/08/30,3415,3420,3375,3400,378800,3400,1
2017/08/31,3375,3445,3375,3400,193300,3400,1
2017/09/01,3425,3445,3410,3420,159000,3420,1
2017/09/04,3420,3435,3325,3365,296000,3365,1
2017/09/05,3360,3360,3260,3280,215700,3280,1
2017/09/06,3250,3335,3200,3335,309800,3335,1
2017/09/07,3340,3340,3255,3265,283000,3265,1
2017/09/08,3245,3305,3240,3290,217400,3290,1
2017/09/11,3340,3365,3320,3330,155600,3330,1
2017/09/12,3345,3355,3315,3350,144900,3350,1
2017/09/13,3330,3410,3330,3410,190900,3410,1
2017/09/14,3415,3440,3315,3325,201400,3325,1
2017/09/15,3330,3390,3325,3390,175200,3390,1
2017/09/19,3550,3590,3470,3535,632400,3535,1
2017/09/20,3550,3675,3550,3630,511000,3630,1
2017/09/21,3680,3790,3670,3740,527600,3740,1
2017/09/22,3725,3780,3705,3735,296300,3735,1
2017/09/25,3730,3805,3715,3795,440800,3795,1
2017/09/26,3835,3835,3780,3830,525900,3830,1
2017/09/27,3775,3805,3730,3735,439800,3735,1
2017/09/28,3775,3905,3770,3895,375300,3895,1
2017/09/29,3930,3965,3890,3930,285700,3930,1
2017/10/02,3950,3995,3930,3990,245200,3990,1
2017/10/03,3965,3995,3935,3970,331400,3970,1
2017/10/04,3950,3970,3935,3970,165900,3970,1
2017/10/05,3955,3995,3920,3950,175500,3950,1
2017/10/06,3935,3975,3920,3965,176600,3965,1
2017/10/10,3995,4095,3995,4070,343000,4070,1
2017/10/11,4115,4155,4090,4095,248000,4095,1
2017/10/12,4100,4180,4090,4105,249900,4105,1
2017/10/13,4110,4175,4100,4155,251400,4155,1
2017/10/16,4125,4145,4080,4095,260500,4095,1
2017/10/17,4075,4085,4025,4085,250300,4085,1
2017/10/18,4070,4090,3985,4015,285100,4015,1
2017/10/19,4045,4080,4020,4055,140400,4055,1
2017/10/20,3995,4070,3995,4045,181900,4045,1
2017/10/23,4075,4085,4040,4055,179600,4055,1
2017/10/24,4050,4075,4010,4050,202100,4050,1
2017/10/25,4020,4030,3980,3990,315100,3990,1
2017/10/26,4005,4025,3960,3965,287500,3965,1
2017/10/27,4000,4105,3975,4095,305100,4095,1
2017/10/30,4145,4220,4105,4220,510700,4220,1
2017/10/31,4260,4375,4220,4360,384700,4360,1
2017/11/01,4430,4435,4285,4345,372600,4345,1
2017/11/02,4335,4380,4325,4375,140200,4375,1
2017/11/06,4415,4435,4360,4395,227300,4395,1
2017/11/07,4360,4390,4315,4390,205400,4390,1
2017/11/08,4365,4420,4335,4420,241700,4420,1
2017/11/09,4400,4490,4380,4450,342000,4450,1
2017/11/10,4365,4480,4355,4445,237500,4445,1
2017/11/13,4725,4760,4455,4485,358400,4485,1
2017/11/14,4450,4495,4395,4420,362300,4420,1
2017/11/15,5020,5120,5000,5120,808600,5120,1
2017/11/16,5160,5300,5010,5140,1137600,5140,1
2017/11/17,5120,5220,5030,5210,441400,5210,1
2017/11/20,5250,5260,5090,5120,290100,5120,1
2017/11/21,5150,5190,5120,5170,135000,5170,1
2017/11/22,5200,5360,5190,5310,335900,5310,1
2017/11/24,5360,5390,5310,5330,192000,5330,1
2017/11/27,5330,5330,5190,5210,186200,5210,1
2017/11/28,5360,5440,5300,5420,298300,5420,1
2017/11/29,5450,5490,5370,5460,185400,5460,1
2017/11/30,5480,5540,5360,5540,368600,5540,1
2017/12/01,5350,5410,5240,5330,309200,5330,1
2017/12/04,5390,5430,5310,5330,161900,5330,1
2017/12/05,5330,5450,5270,5420,200700,5420,1
2017/12/06,5420,5540,5380,5440,311300,5440,1
2017/12/07,5520,5560,5430,5500,470900,5500,1
2017/12/08,5540,5640,5490,5590,511300,5590,1
2017/12/11,5650,5650,5510,5540,207000,5540,1
2017/12/12,5630,5850,5600,5820,372400,5820,1
2017/12/13,5810,5810,5700,5790,299800,5790,1
2017/12/14,5870,5980,5800,5970,341300,5970,1
2017/12/15,5910,5930,5710,5820,354200,5820,1
2017/12/18,5780,5900,5730,5860,285000,5860,1
2017/12/19,5860,5890,5800,5830,143000,5830,1
2017/12/20,5860,5890,5810,5890,176000,5890,1
2017/12/21,5890,5960,5840,5880,150000,5880,1
2017/12/22,5870,5950,5840,5940,115700,5940,1
2017/12/25,5980,6120,5960,6080,147500,6080,1
2017/12/26,6160,6190,6060,6090,157100,6090,1
2017/12/27,6110,6170,6080,6120,109900,6120,1
2017/12/28,6150,6150,5970,6020,224300,6020,1
2017/12/29,6110,6130,6020,6060,144400,6060,1
2018/01/04,6090,6150,6010,6100,288700,6100,1
2018/01/05,6170,6240,6090,6170,226700,6170,1
2018/01/09,6250,6420,6210,6260,318000,6260,1
2018/01/10,6290,6340,6180,6240,185900,6240,1
2018/01/11,6260,6290,6170,6260,219900,6260,1
2018/01/12,6270,6340,6240,6320,159300,6320,1
2018/01/15,6390,6480,6300,6460,198700,6460,1
2018/01/16,6500,6540,6410,6500,193300,6500,1
2018/01/17,6480,6580,6410,6560,186900,6560,1
2018/01/18,6600,6610,6390,6450,325500,6450,1
2018/01/19,6450,6560,6420,6540,211700,6540,1
2018/01/22,6550,6660,6520,6660,157400,6660,1
2018/01/23,6760,6820,6740,6790,247000,6790,1
2018/01/24,6840,6850,6710,6760,265200,6760,1
2018/01/25,6750,6810,6730,6770,174200,6770,1
2018/01/26,6820,6870,6760,6820,193800,6820,1
2018/01/29,6850,6970,6770,6910,220800,6910,1
2018/01/30,6950,6950,6750,6830,375500,6830,1
2018/01/31,6740,6740,6400,6410,562000,6410,1
2018/02/01,6330,6500,6260,6420,425000,6420,1
2018/02/02,6410,6510,6400,6470,202100,6470,1
2018/02/05,6350,6440,6230,6300,276300,6300,1
2018/02/06,5700,5980,5630,5780,449300,5780,1
2018/02/07,6220,6270,5850,5870,259600,5870,1
2018/02/08,6070,6130,5870,6080,311800,6080,1
2018/02/09,5870,6030,5860,6030,315400,6030,1
2018/02/13,6130,6150,5900,5920,385700,5920,1
2018/02/14,5900,6030,5890,5980,265100,5980,1
2018/02/15,5980,6250,5980,6170,443700,6170,1
2018/02/16,6270,6390,6260,6310,355000,6310,1
2018/02/19,6310,6700,6280,6690,421100,6690,1
2018/02/20,6650,6740,6600,6700,296300,6700,1
2018/02/21,6670,6690,6620,6670,247300,6670,1
2018/02/22,6740,6780,6640,6710,323500,6710,1
2018/02/23,6750,6780,6630,6680,184800,6680,1
2018/02/26,6780,6790,6680,6690,205400,6690,1
2018/02/27,6750,6760,6610,6630,292900,6630,1
2018/02/28,6570,6600,6450,6450,321600,6450,1
2018/03/01,6400,6420,6290,6320,339300,6320,1
2018/03/02,6200,6350,6170,6300,225100,6300,1
2018/03/05,6210,6250,6140,6160,192800,6160,1
2018/03/06,6260,6420,6240,6360,254600,6360,1
2018/03/07,6290,6320,6170,6240,265900,6240,1
2018/03/08,6340,6440,6320,6400,224300,6400,1
2018/03/09,6440,6440,6310,6350,243900,6350,1
2018/03/12,6420,6570,6340,6450,216700,6450,1
2018/03/13,6380,6600,6370,6580,271400,6580,1
2018/03/14,6750,6860,6570,6720,511300,6720,1
2018/03/15,6680,6810,6660,6750,280200,6750,1
2018/03/16,6770,6770,6520,6550,751500,6550,1
2018/03/19,6480,6710,6460,6630,372000,6630,1
2018/03/20,6580,6610,6370,6530,396700,6530,1
2018/03/22,6530,6640,6510,6630,187800,6630,1
2018/03/23,6420,6450,6330,6390,362300,6390,1
2018/03/26,6320,6420,6200,6410,285500,6410,1
2018/03/27,6500,6610,6490,6580,293700,6580,1
2018/03/28,6530,6570,6340,6410,239500,6410,1
2018/03/29,6490,6550,6370,6470,228200,6470,1
2018/03/30,6570,6640,6520,6600,161800,6600,1
2018/04/02,6600,6650,6540,6600,138900,6600,1
2018/04/03,6470,6490,6370,6450,149200,6450,1
2018/04/04,6500,6520,6300,6350,208000,6350,1
2018/04/05,6450,6470,6310,6370,205400,6370,1
2018/04/06,6340,6400,6280,6330,216900,6330,1
2018/04/09,6330,6370,6220,6320,199000,6320,1
2018/04/10,6340,6470,6300,6400,180500,6400,1
2018/04/11,6330,6360,6190,6230,316600,6230,1
2018/04/12,6300,6340,6250,6290,131600,6290,1
2018/04/13,6310,6370,6290,6310,140300,6310,1
2018/04/16,6310,6360,6230,6270,101300,6270,1
2018/04/17,6340,6370,6190,6240,160200,6240,1
2018/04/18,6240,6330,6190,6310,127800,6310,1
2018/04/19,6340,6340,5920,5950,388900,5950,1
2018/04/20,5860,5990,5690,5980,426800,5980,1
2018/04/23,5980,6030,5930,5990,142900,5990,1
2018/04/24,6070,6120,6030,6050,167100,6050,1
2018/04/25,6050,6110,6010,6090,123200,6090,1
2018/04/26,6100,6110,5980,6030,113500,6030,1
2018/04/27,6100,6130,6050,6120,149700,6120,1
2018/05/01,6100,6100,5930,6020,176200,6020,1
2018/05/02,6000,6040,5870,6000,157200,6000,1
2018/05/07,6000,6190,5990,6150,290600,6150,1
2018/05/08,6040,6090,5920,6070,317500,6070,1
2018/05/09,6050,6070,5930,5990,224500,5990,1
2018/05/10,5990,6060,5990,6030,107100,6030,1
2018/05/11,6030,6200,6030,6200,195300,6200,1
2018/05/14,6270,6570,6270,6480,277900,6480,1
2018/05/15,6630,6630,6450,6510,248700,6510,1
2018/05/16,6750,6880,6520,6590,363400,6590,1
2018/05/17,6690,6780,6550,6620,351600,6620,1
2018/05/18,6590,6790,6570,6720,232300,6720,1
2018/05/21,6710,6720,6630,6660,154700,6660,1
2018/05/22,6620,6680,6590,6630,193800,6630,1
2018/05/23,6600,6640,6530,6600,119100,6600,1
2018/05/24,6660,6720,6520,6560,164300,6560,1
2018/05/25,6540,6700,6490,6570,276400,6570,1
2018/05/28,6570,6620,6530,6560,131000,6560,1
2018/05/29,6560,6600,6520,6550,180700,6550,1
2018/05/30,6490,6580,6380,6410,222500,6410,1
2018/05/31,6510,6920,6460,6860,510800,6860,1
2018/06/01,6760,6780,6600,6650,242800,6650,1
2018/06/04,6720,6820,6640,6670,201300,6670,1
2018/06/05,6610,6660,6340,6450,330200,6450,1
2018/06/06,6400,6410,6200,6210,299300,6210,1
2018/06/07,6290,6530,6290,6510,293600,6510,1
2018/06/08,6510,6630,6470,6530,222600,6530,1
2018/06/11,6520,6580,6480,6550,126900,6550,1
2018/06/12,6550,6570,6490,6520,130800,6520,1
2018/06/13,6530,6750,6510,6740,159900,6740,1
2018/06/14,6760,6760,6680,6710,177300,6710,1
2018/06/15,6840,6950,6800,6830,193400,6830,1
2018/06/18,6770,6790,6620,6660,150100,6660,1
2018/06/19,6610,6630,6440,6510,155700,6510,1
2018/06/20,6520,6600,6450,6580,151400,6580,1
2018/06/21,6580,6800,6550,6760,224300,6760,1
2018/06/22,6640,6640,6520,6520,221300,6520,1
2018/06/25,6640,6640,6350,6370,147300,6370,1
2018/06/26,6350,6420,6230,6410,146100,6410,1
2018/06/27,6440,6530,6330,6480,173400,6480,1
2018/06/28,6560,6590,6410,6560,197500,6560,1
2018/06/29,6610,6620,6510,6560,252200,6560,1
2018/07/02,6520,6520,6260,6280,131500,6280,1
2018/07/03,6220,6250,6030,6100,240200,6100,1
2018/07/04,6050,6080,5960,6050,189800,6050,1
2018/07/05,6030,6110,5910,5960,153100,5960,1
2018/07/06,5960,6010,5880,5980,209000,5980,1
2018/07/09,5980,6150,5940,6120,140100,6120,1
2018/07/10,6160,6200,5890,5900,154100,5900,1
2018/07/11,5800,5950,5780,5880,176000,5880,1
2018/07/12,5910,5950,5880,5900,113200,5900,1
2018/07/13,6000,6200,6000,6160,156700,6160,1
2018/07/17,6180,6420,6160,6380,161200,6380,1
2018/07/18,6380,6400,6240,6270,109500,6270,1
2018/07/19,6320,6320,6220,6240,66500,6240,1
2018/07/20,6250,6280,6160,6180,76300,6180,1
2018/07/23,6160,6260,6150,6210,109300,6210,1
2018/07/24,6240,6280,6180,6240,88600,6240,1
2018/07/25,6230,6270,6180,6230,94800,6230,1
2018/07/26,6270,6340,6240,6330,83900,6330,1
2018/07/27,6410,6500,6360,6440,119600,6440,1
2018/07/30,6390,6410,6230,6230,104900,6230,1
2018/07/31,6170,6180,6030,6110,162100,6110,1
2018/08/01,6110,6240,6110,6140,156800,6140,1
2018/08/02,6090,6220,6090,6170,138200,6170,1
2018/08/03,6190,6310,6190,6290,178300,6290,1
2018/08/06,6200,6200,6090,6100,93400,6100,1
2018/08/07,6000,6010,5860,5910,208900,5910,1
2018/08/08,5930,6070,5880,5880,146600,5880,1
2018/08/09,5860,5930,5810,5910,107300,5910,1
2018/08/10,5950,5950,5860,5890,185400,5890,1
2018/08/13,5800,5820,5680,5700,185400,5700,1
2018/08/14,5690,5730,5600,5680,266900,5680,1
