2013/10/09,214500.0,217750.0,205750.0,217500.0,14739,217500,2.0
2013/10/10,218500.0,221750.0,215750.0,219500.0,2322,219500,2.0
2013/10/11,222250.0,222250.0,217250.0,217500.0,1803,217500,2.0
2013/10/15,218000.0,219000.0,216500.0,216500.0,589,216500,2.0
2013/10/16,216000.0,216500.0,214500.0,214750.0,545,214750,2.0
2013/10/17,213500.0,214250.0,211750.0,211750.0,807,211750,2.0
2013/10/18,212000.0,212500.0,210750.0,211000.0,472,211000,2.0
2013/10/21,210750.0,211000.0,207750.0,209000.0,1227,209000,2.0
2013/10/22,209250.0,210250.0,208250.0,209250.0,666,209250,2.0
2013/10/23,209750.0,210500.0,209250.0,209750.0,554,209750,2.0
2013/10/24,209000.0,210000.0,208500.0,209750.0,359,209750,2.0
2013/10/25,209500.0,210000.0,209000.0,209250.0,380,209250,2.0
2013/10/28,209500.0,211000.0,208750.0,208750.0,448,208750,2.0
2013/10/29,209000.0,209250.0,208000.0,208500.0,323,208500,2.0
2013/10/30,208500.0,209000.0,207750.0,207750.0,550,207750,2.0
2013/10/31,207750.0,208250.0,205750.0,206250.0,884,206250,2.0
2013/11/01,206000.0,206000.0,204250.0,204250.0,824,204250,2.0
2013/11/05,204250.0,204250.0,200250.0,201000.0,1320,201000,2.0
2013/11/06,199750.0,199750.0,197000.0,197500.0,1156,197500,2.0
2013/11/07,196250.0,198500.0,196250.0,198250.0,408,198250,2.0
2013/11/08,197500.0,201500.0,197500.0,200500.0,632,200500,2.0
2013/11/11,200250.0,200750.0,199750.0,200500.0,237,200500,2.0
2013/11/12,199500.0,200250.0,199000.0,200000.0,517,200000,2.0
2013/11/13,199750.0,200500.0,199750.0,199750.0,365,199750,2.0
2013/11/14,200250.0,200750.0,200000.0,200500.0,551,200500,2.0
2013/11/15,200500.0,201000.0,200000.0,200750.0,552,200750,2.0
2013/11/18,200750.0,201500.0,200250.0,201000.0,671,201000,2.0
2013/11/19,201500.0,202000.0,200500.0,200750.0,539,200750,2.0
2013/11/20,201000.0,202500.0,200750.0,202250.0,463,202250,2.0
2013/11/21,202750.0,205000.0,202500.0,204000.0,609,204000,2.0
2013/11/22,205000.0,205750.0,203500.0,205750.0,675,205750,2.0
2013/11/25,205750.0,207000.0,205000.0,207000.0,527,207000,2.0
2013/11/26,206500.0,209000.0,206500.0,209000.0,958,209000,2.0
2013/11/27,209250.0,210750.0,209000.0,210500.0,1497,210500,2.0
2013/11/28,209500.0,212500.0,206000.0,212250.0,4137,212250,2.0
2013/11/29,208750.0,212750.0,208500.0,211250.0,2130,211250,2.0
2013/12/02,210000.0,210500.0,208000.0,208500.0,242,208500,2.0
2013/12/03,208000.0,208250.0,202500.0,204250.0,762,204250,2.0
2013/12/04,205250.0,205250.0,203000.0,203250.0,247,203250,2.0
2013/12/05,203000.0,203500.0,200750.0,200750.0,342,200750,2.0
2013/12/06,201000.0,201250.0,199500.0,200000.0,363,200000,2.0
2013/12/09,200750.0,201000.0,200000.0,200000.0,256,200000,2.0
2013/12/10,200250.0,200250.0,199000.0,199250.0,411,199250,2.0
2013/12/11,199000.0,199000.0,198250.0,198750.0,300,198750,2.0
2013/12/12,198250.0,198250.0,197000.0,197250.0,555,197250,2.0
2013/12/13,197000.0,198000.0,195750.0,195750.0,793,195750,2.0
2013/12/16,195250.0,195500.0,193500.0,194500.0,581,194500,2.0
2013/12/17,196000.0,196000.0,193750.0,194000.0,555,194000,2.0
2013/12/18,193250.0,193250.0,192000.0,192000.0,936,192000,2.0
2013/12/19,192000.0,193000.0,190250.0,190500.0,537,190500,2.0
2013/12/20,190750.0,194500.0,190750.0,194500.0,783,194500,2.0
2013/12/24,194500.0,194500.0,190750.0,190750.0,714,190750,2.0
2013/12/25,191000.0,191000.0,189750.0,190250.0,668,190250,2.0
2013/12/26,191250.0,194000.0,190750.0,192750.0,460,192750,2.0
2013/12/27,194250.0,196000.0,193750.0,194500.0,190,194500,2.0
2013/12/30,198000.0,201500.0,197000.0,200750.0,562,200750,2.0
2014/01/06,202000.0,202250.0,199000.0,200500.0,318,200500,2.0
2014/01/07,200000.0,200000.0,198250.0,198500.0,153,198500,2.0
2014/01/08,199000.0,199000.0,196750.0,198000.0,153,198000,2.0
2014/01/09,195000.0,196000.0,194750.0,195750.0,462,195750,2.0
2014/01/10,195750.0,196750.0,195000.0,196750.0,132,196750,2.0
2014/01/14,196250.0,196250.0,194500.0,195500.0,146,195500,2.0
2014/01/15,195750.0,196250.0,194000.0,195500.0,281,195500,2.0
2014/01/16,195000.0,195500.0,194500.0,194500.0,115,194500,2.0
2014/01/17,195500.0,196000.0,194750.0,195750.0,418,195750,2.0
2014/01/20,196500.0,196750.0,195500.0,196250.0,297,196250,2.0
2014/01/21,196250.0,196250.0,194750.0,195250.0,231,195250,2.0
2014/01/22,195500.0,195750.0,194500.0,195750.0,142,195750,2.0
2014/01/23,194750.0,194750.0,193750.0,194500.0,196,194500,2.0
2014/01/24,194000.0,194500.0,192250.0,194500.0,251,194500,2.0
2014/01/27,192500.0,193500.0,191750.0,192500.0,198,192500,2.0
2014/01/28,193500.0,193500.0,191500.0,193000.0,197,193000,2.0
2014/01/29,194000.0,194750.0,193000.0,194750.0,182,194750,2.0
2014/01/30,193000.0,194250.0,192500.0,194250.0,97,194250,2.0
2014/01/31,195000.0,195500.0,193250.0,194500.0,139,194500,2.0
2014/02/03,193000.0,194000.0,191250.0,191250.0,276,191250,2.0
2014/02/04,189000.0,189250.0,185500.0,186000.0,589,186000,2.0
2014/02/05,188000.0,189000.0,186000.0,186500.0,199,186500,2.0
2014/02/06,187000.0,188000.0,186250.0,187500.0,167,187500,2.0
2014/02/07,188250.0,190000.0,187500.0,187500.0,146,187500,2.0
2014/02/10,189250.0,190250.0,189000.0,190000.0,119,190000,2.0
2014/02/12,190750.0,192000.0,190750.0,191000.0,269,191000,2.0
2014/02/13,191500.0,191500.0,190000.0,190250.0,108,190250,2.0
2014/02/14,190250.0,190750.0,186500.0,189000.0,218,189000,2.0
2014/02/17,189500.0,189500.0,187750.0,188250.0,124,188250,2.0
2014/02/18,189750.0,189750.0,188250.0,188750.0,78,188750,2.0
2014/02/19,188750.0,189500.0,188500.0,189000.0,117,189000,2.0
2014/02/20,189500.0,189500.0,188250.0,189500.0,124,189500,2.0
2014/02/21,189500.0,189500.0,188500.0,189250.0,103,189250,2.0
2014/02/24,189750.0,189750.0,187500.0,188750.0,344,188750,2.0
2014/02/25,188250.0,188250.0,186250.0,188000.0,502,188000,2.0
2014/02/26,186500.0,189500.0,186500.0,189500.0,264,189500,2.0
2014/02/27,189250.0,189250.0,187500.0,189250.0,233,189250,2.0
2014/02/28,188750.0,189250.0,188000.0,189250.0,98,189250,2.0
2014/03/03,192500.0,192500.0,188750.0,188750.0,662,188750,2.0
2014/03/04,189750.0,189750.0,188500.0,189250.0,350,189250,2.0
2014/03/05,189500.0,190000.0,188500.0,188750.0,335,188750,2.0
2014/03/06,188750.0,190500.0,188500.0,189250.0,291,189250,2.0
2014/03/07,189750.0,191000.0,189500.0,190250.0,197,190250,2.0
2014/03/10,190750.0,191500.0,189750.0,191500.0,328,191500,2.0
2014/03/11,191500.0,191750.0,190250.0,191250.0,240,191250,2.0
2014/03/12,191500.0,191750.0,190750.0,190750.0,167,190750,2.0
2014/03/13,191000.0,191500.0,190750.0,191000.0,198,191000,2.0
2014/03/14,191000.0,191500.0,190500.0,190500.0,340,190500,2.0
2014/03/17,190750.0,191500.0,190500.0,190750.0,124,190750,2.0
2014/03/18,191000.0,191500.0,190500.0,190750.0,128,190750,2.0
2014/03/19,190500.0,190750.0,190000.0,190000.0,139,190000,2.0
2014/03/20,190000.0,190750.0,189250.0,189500.0,178,189500,2.0
2014/03/24,190000.0,190500.0,189000.0,189250.0,222,189250,2.0
2014/03/25,189250.0,189750.0,185500.0,188500.0,421,188500,2.0
2014/03/26,188500.0,188750.0,187500.0,187500.0,243,187500,2.0
2014/03/27,187500.0,188750.0,186500.0,188750.0,514,188750,2.0
2014/03/28,187750.0,188500.0,187500.0,187500.0,161,187500,2.0
2014/03/31,188250.0,188250.0,186000.0,186750.0,445,186750,2.0
2014/04/01,186000.0,187000.0,185750.0,187000.0,324,187000,2.0
2014/04/02,186250.0,188500.0,186000.0,188500.0,438,188500,2.0
2014/04/03,187250.0,190000.0,187250.0,188750.0,358,188750,2.0
2014/04/04,189000.0,190250.0,188750.0,189500.0,291,189500,2.0
2014/04/07,190750.0,191500.0,189750.0,190250.0,316,190250,2.0
2014/04/08,190000.0,190250.0,188250.0,190250.0,842,190250,2.0
2014/04/09,189000.0,189750.0,188750.0,188750.0,248,188750,2.0
2014/04/10,189750.0,190000.0,188500.0,188750.0,217,188750,2.0
2014/04/11,188250.0,188750.0,187500.0,188000.0,328,188000,2.0
2014/04/14,187500.0,189500.0,186250.0,188250.0,600,188250,2.0
2014/04/15,189250.0,189500.0,188000.0,188000.0,255,188000,2.0
2014/04/16,188750.0,189250.0,188500.0,188750.0,137,188750,2.0
2014/04/17,188750.0,189250.0,188250.0,188250.0,429,188250,2.0
2014/04/18,188250.0,189250.0,188250.0,188500.0,172,188500,2.0
2014/04/21,188750.0,189000.0,188250.0,188500.0,234,188500,2.0
2014/04/22,188500.0,189000.0,188250.0,188750.0,258,188750,2.0
2014/04/23,188750.0,189000.0,188000.0,189000.0,346,189000,2.0
2014/04/24,188750.0,189000.0,188000.0,188250.0,331,188250,2.0
2014/04/25,188500.0,190000.0,188250.0,189750.0,531,189750,2.0
2014/04/28,190000.0,191750.0,190000.0,191500.0,281,191500,2.0
2014/04/30,192250.0,192250.0,191250.0,191500.0,210,191500,2.0
2014/05/01,191500.0,193500.0,191500.0,192250.0,445,192250,2.0
2014/05/02,193000.0,194500.0,192750.0,194500.0,283,194500,2.0
2014/05/07,195500.0,196000.0,194500.0,194500.0,227,194500,2.0
2014/05/08,194750.0,195750.0,194500.0,195750.0,246,195750,2.0
2014/05/09,195750.0,196000.0,194750.0,195750.0,152,195750,2.0
2014/05/12,196000.0,196250.0,194750.0,195750.0,154,195750,2.0
2014/05/13,195750.0,196000.0,194750.0,194750.0,153,194750,2.0
2014/05/14,194500.0,196000.0,194000.0,194750.0,244,194750,2.0
2014/05/15,194750.0,195250.0,194000.0,194000.0,202,194000,2.0
2014/05/16,193750.0,194500.0,192500.0,194500.0,245,194500,2.0
2014/05/19,195000.0,195000.0,193000.0,193000.0,161,193000,2.0
2014/05/20,192500.0,193500.0,192500.0,192500.0,136,192500,2.0
2014/05/21,192250.0,193250.0,191000.0,193000.0,225,193000,2.0
2014/05/22,192750.0,193000.0,192000.0,192250.0,250,192250,2.0
2014/05/23,192500.0,193000.0,192250.0,192500.0,157,192500,2.0
2014/05/26,192750.0,194000.0,192750.0,193250.0,122,193250,2.0
2014/05/27,193250.0,194000.0,193000.0,193250.0,181,193250,2.0
2014/05/28,193750.0,194000.0,193250.0,193500.0,143,193500,2.0
2014/05/29,193500.0,194500.0,193250.0,193500.0,276,193500,2.0
2014/05/30,194250.0,195500.0,193750.0,194750.0,265,194750,2.0
2014/06/02,195250.0,197250.0,195250.0,196000.0,365,196000,2.0
2014/06/03,196500.0,200500.0,196500.0,199500.0,646,199500,2.0
2014/06/04,199500.0,200250.0,198000.0,198000.0,282,198000,2.0
2014/06/05,199000.0,199000.0,197750.0,198000.0,191,198000,2.0
2014/06/06,198750.0,198750.0,197750.0,198250.0,214,198250,2.0
2014/06/09,198500.0,200000.0,198500.0,199250.0,165,199250,2.0
2014/06/10,199000.0,199500.0,198500.0,199250.0,145,199250,2.0
2014/06/11,199500.0,200000.0,199000.0,199750.0,172,199750,2.0
2014/06/12,199750.0,200000.0,198250.0,198250.0,258,198250,2.0
2014/06/13,198750.0,200000.0,198250.0,200000.0,235,200000,2.0
2014/06/16,200000.0,200500.0,199750.0,199750.0,303,199750,2.0
2014/06/17,199750.0,200250.0,199500.0,200000.0,180,200000,2.0
2014/06/18,200000.0,200250.0,199500.0,199750.0,151,199750,2.0
2014/06/19,200000.0,202500.0,199750.0,201250.0,523,201250,2.0
2014/06/20,201500.0,202750.0,200750.0,202750.0,535,202750,2.0
2014/06/23,203250.0,204500.0,202000.0,202750.0,437,202750,2.0
2014/06/24,203250.0,204500.0,203000.0,203750.0,232,203750,2.0
2014/06/25,204000.0,204500.0,203500.0,204000.0,189,204000,2.0
2014/06/26,204500.0,205000.0,203500.0,204250.0,317,204250,2.0
2014/06/27,205000.0,207000.0,205000.0,206500.0,383,206500,2.0
2014/06/30,207750.0,210250.0,207750.0,210250.0,690,210250,2.0
2014/07/01,211500.0,212750.0,210500.0,211500.0,860,211500,2.0
2014/07/02,211750.0,213750.0,211750.0,212000.0,435,212000,2.0
2014/07/03,212500.0,212500.0,209250.0,211500.0,537,211500,2.0
2014/07/04,211500.0,211500.0,209000.0,209500.0,492,209500,2.0
2014/07/07,209500.0,211250.0,209500.0,210500.0,122,210500,2.0
2014/07/08,210500.0,210750.0,209750.0,210750.0,193,210750,2.0
2014/07/09,210750.0,211250.0,209750.0,211250.0,349,211250,2.0
2014/07/10,211250.0,212500.0,211000.0,212500.0,234,212500,2.0
2014/07/11,212500.0,213250.0,211250.0,213250.0,537,213250,2.0
2014/07/14,213500.0,213500.0,212250.0,212500.0,280,212500,2.0
2014/07/15,212750.0,214500.0,212500.0,214250.0,555,214250,2.0
2014/07/16,214250.0,217750.0,214250.0,217250.0,658,217250,2.0
2014/07/17,216750.0,218750.0,216750.0,218000.0,646,218000,2.0
2014/07/18,217250.0,218500.0,216500.0,218500.0,368,218500,2.0
2014/07/22,218750.0,219500.0,216000.0,218000.0,529,218000,2.0
2014/07/23,218000.0,218500.0,217750.0,218250.0,259,218250,2.0
2014/07/24,218250.0,218250.0,216000.0,217750.0,641,217750,2.0
2014/07/25,217000.0,219000.0,216500.0,218750.0,525,218750,2.0
2014/07/28,219250.0,221750.0,219000.0,221000.0,755,221000,2.0
2014/07/29,221500.0,223750.0,221250.0,222750.0,883,222750,2.0
2014/07/30,222500.0,224500.0,222500.0,224500.0,618,224500,2.0
2014/07/31,224500.0,226000.0,224000.0,225750.0,1105,225750,2.0
2014/08/01,224750.0,226000.0,224500.0,225500.0,584,225500,2.0
2014/08/04,225500.0,226250.0,224500.0,225500.0,636,225500,2.0
2014/08/05,225500.0,225750.0,225000.0,225750.0,652,225750,2.0
2014/08/06,225750.0,226000.0,224750.0,225000.0,540,225000,2.0
2014/08/07,225000.0,225000.0,224000.0,224250.0,310,224250,2.0
2014/08/08,223750.0,224750.0,222000.0,223750.0,442,223750,2.0
2014/08/11,224000.0,226250.0,224000.0,225000.0,700,225000,2.0
2014/08/12,225250.0,225750.0,225000.0,225500.0,389,225500,2.0
2014/08/13,225750.0,226000.0,225250.0,225750.0,603,225750,2.0
2014/08/14,225750.0,226250.0,225500.0,226250.0,443,226250,2.0
2014/08/15,226250.0,226500.0,225750.0,226500.0,495,226500,2.0
2014/08/18,226500.0,227000.0,226500.0,227000.0,625,227000,2.0
2014/08/19,226750.0,227000.0,226250.0,226750.0,492,226750,2.0
2014/08/20,226500.0,227000.0,226250.0,226750.0,404,226750,2.0
2014/08/21,226500.0,226750.0,226250.0,226500.0,427,226500,2.0
2014/08/22,226500.0,226750.0,225750.0,225750.0,516,225750,2.0
2014/08/25,226250.0,228250.0,226000.0,228250.0,1638,228250,2.0
2014/08/26,227500.0,229750.0,227500.0,229250.0,1505,229250,2.0
2014/08/27,219500.0,226250.0,219500.0,225750.0,2487,225750,2.0
2014/08/28,225000.0,225500.0,224000.0,224250.0,480,224250,2.0
2014/08/29,224000.0,224000.0,221750.0,223000.0,618,223000,2.0
2014/09/01,222500.0,223750.0,222000.0,222750.0,399,222750,2.0
2014/09/02,223000.0,223750.0,222500.0,222750.0,309,222750,2.0
2014/09/03,222750.0,223250.0,222250.0,222250.0,295,222250,2.0
2014/09/04,222250.0,222500.0,221500.0,221500.0,465,221500,2.0
2014/09/05,220750.0,221250.0,220250.0,220500.0,516,220500,2.0
2014/09/08,220250.0,221750.0,220250.0,220250.0,382,220250,2.0
2014/09/09,221000.0,221500.0,217500.0,217750.0,807,217750,2.0
2014/09/10,217250.0,219000.0,217000.0,219000.0,367,219000,2.0
2014/09/11,219000.0,219000.0,218000.0,218500.0,235,218500,2.0
2014/09/12,219250.0,219250.0,217500.0,218000.0,275,218000,2.0
2014/09/16,218000.0,219250.0,217750.0,217750.0,381,217750,2.0
2014/09/17,218000.0,219250.0,218000.0,219000.0,271,219000,2.0
2014/09/18,218750.0,219250.0,218250.0,218500.0,290,218500,2.0
2014/09/19,218750.0,219000.0,218250.0,218750.0,310,218750,2.0
2014/09/22,219000.0,219250.0,217750.0,217750.0,674,217750,2.0
2014/09/24,218250.0,218750.0,217500.0,217500.0,507,217500,2.0
2014/09/25,217750.0,218000.0,216750.0,217000.0,551,217000,2.0
2014/09/26,216750.0,217250.0,216250.0,216500.0,322,216500,2.0
2014/09/29,216750.0,219500.0,216750.0,219250.0,326,219250,2.0
2014/09/30,219000.0,219750.0,217250.0,217500.0,536,217500,2.0
2014/10/01,218000.0,218750.0,217250.0,217750.0,261,217750,2.0
2014/10/02,217500.0,218750.0,214250.0,215500.0,867,215500,2.0
2014/10/03,216000.0,217750.0,215750.0,217750.0,511,217750,2.0
2014/10/06,219500.0,219500.0,218250.0,218250.0,373,218250,2.0
2014/10/07,218500.0,218750.0,218000.0,218250.0,118,218250,2.0
2014/10/08,217500.0,218750.0,217250.0,218750.0,220,218750,2.0
2014/10/09,218500.0,220750.0,218000.0,218500.0,528,218500,2.0
2014/10/10,218000.0,218250.0,217250.0,217750.0,298,217750,2.0
2014/10/14,217000.0,217250.0,214500.0,215250.0,485,215250,2.0
2014/10/15,215750.0,216000.0,214500.0,215000.0,276,215000,2.0
2014/10/16,213250.0,214750.0,212500.0,212500.0,535,212500,2.0
2014/10/17,212500.0,212500.0,208750.0,210000.0,546,210000,2.0
2014/10/20,208000.0,209500.0,207000.0,207250.0,924,207250,2.0
2014/10/21,208500.0,208500.0,202500.0,204000.0,545,204000,2.0
2014/10/22,205500.0,205750.0,203000.0,204500.0,315,204500,2.0
2014/10/23,204250.0,206250.0,203500.0,206000.0,267,206000,2.0
2014/10/24,206750.0,208750.0,204750.0,205250.0,449,205250,2.0
2014/10/27,207000.0,207000.0,205750.0,205750.0,147,205750,2.0
2014/10/28,205750.0,207000.0,205000.0,205000.0,338,205000,2.0
2014/10/29,207250.0,207250.0,205500.0,206250.0,397,206250,2.0
2014/10/30,206750.0,207250.0,206250.0,206500.0,276,206500,2.0
2014/10/31,207750.0,211000.0,206000.0,210000.0,961,210000,2.0
2014/11/04,216500.0,216500.0,209250.0,209250.0,1884,209250,2.0
2014/11/05,209500.0,210250.0,208250.0,208500.0,794,208500,2.0
2014/11/06,208500.0,209250.0,208250.0,208250.0,415,208250,2.0
2014/11/07,209000.0,209500.0,208250.0,208750.0,302,208750,2.0
2014/11/10,209000.0,209750.0,208750.0,209500.0,373,209500,2.0
2014/11/11,209500.0,210000.0,209250.0,210000.0,360,210000,2.0
2014/11/12,210000.0,211250.0,210000.0,211000.0,357,211000,2.0
2014/11/13,211500.0,214000.0,211500.0,213750.0,464,213750,2.0
2014/11/14,215000.0,216250.0,214750.0,215500.0,466,215500,2.0
2014/11/17,216000.0,217000.0,215500.0,216250.0,449,216250,2.0
2014/11/18,216250.0,217500.0,216250.0,217250.0,397,217250,2.0
2014/11/19,217750.0,218750.0,217750.0,218750.0,292,218750,2.0
2014/11/20,218000.0,220250.0,218000.0,219500.0,533,219500,2.0
2014/11/21,220000.0,220250.0,218500.0,220000.0,250,220000,2.0
2014/11/25,219750.0,220750.0,219500.0,219500.0,523,219500,2.0
2014/11/26,220250.0,220500.0,219250.0,219500.0,448,219500,2.0
2014/11/27,220000.0,220250.0,217750.0,218250.0,838,218250,2.0
2014/11/28,218500.0,220000.0,218250.0,218500.0,535,218500,2.0
2014/12/01,219250.0,220250.0,218750.0,219750.0,978,219750,2.0
2014/12/02,220250.0,223250.0,219500.0,222750.0,1185,222750,2.0
2014/12/03,223500.0,225500.0,223500.0,224500.0,1273,224500,2.0
2014/12/04,225500.0,225500.0,223250.0,223750.0,809,223750,2.0
2014/12/05,223250.0,224500.0,222500.0,223750.0,738,223750,2.0
2014/12/08,224750.0,225750.0,224500.0,225000.0,748,225000,2.0
2014/12/09,225000.0,225750.0,224750.0,225750.0,561,225750,2.0
2014/12/10,225000.0,226000.0,224750.0,226000.0,925,226000,2.0
2014/12/11,225000.0,226000.0,225000.0,226000.0,620,226000,2.0
2014/12/12,226000.0,226500.0,225750.0,226000.0,1090,226000,2.0
2014/12/15,225750.0,226750.0,225500.0,226000.0,1152,226000,2.0
2014/12/16,226500.0,226500.0,225000.0,226000.0,1061,226000,2.0
2014/12/17,225500.0,226000.0,225000.0,225000.0,445,225000,2.0
2014/12/18,225000.0,225500.0,222750.0,223000.0,718,223000,2.0
2014/12/19,223750.0,225750.0,223500.0,225750.0,544,225750,2.0
2014/12/22,226500.0,226500.0,225750.0,226250.0,409,226250,2.0
2014/12/24,226250.0,226500.0,225500.0,226250.0,465,226250,2.0
2014/12/25,226500.0,226500.0,225750.0,226250.0,405,226250,2.0
2014/12/26,226750.0,227000.0,226250.0,226500.0,675,226500,2.0
2014/12/29,227000.0,227500.0,226750.0,227500.0,598,227500,2.0
2014/12/30,227250.0,228250.0,227000.0,228000.0,997,228000,2.0
2015/01/05,228500.0,229000.0,228000.0,228250.0,447,228250,2.0
2015/01/06,228500.0,229000.0,228000.0,229000.0,883,229000,2.0
2015/01/07,229000.0,230000.0,228250.0,230000.0,815,230000,2.0
2015/01/08,230000.0,232500.0,229750.0,232250.0,1149,232250,2.0
2015/01/09,233750.0,242250.0,233750.0,240750.0,1798,240750,2.0
2015/01/13,242500.0,252000.0,242500.0,250000.0,2471,250000,2.0
2015/01/14,250500.0,261500.0,250000.0,261000.0,2351,261000,2.0
2015/01/15,264000.0,272500.0,262500.0,271000.0,2321,271000,2.0
2015/01/16,268500.0,269500.0,253500.0,261000.0,2665,261000,2.0
2015/01/19,261000.0,266500.0,260000.0,262500.0,1466,262500,2.0
2015/01/20,262500.0,266000.0,261500.0,265000.0,675,265000,2.0
2015/01/21,268000.0,272500.0,267000.0,272500.0,1742,272500,2.0
2015/01/22,273000.0,274000.0,262500.0,267500.0,2230,267500,2.0
2015/01/23,262500.0,267500.0,261500.0,265000.0,2010,265000,2.0
2015/01/26,264500.0,265000.0,261500.0,261500.0,548,261500,2.0
2015/01/27,260500.0,261500.0,255000.0,258500.0,1628,258500,2.0
2015/01/28,258000.0,260000.0,255500.0,257000.0,658,257000,2.0
2015/01/29,256500.0,257500.0,252500.0,254500.0,928,254500,2.0
2015/01/30,252500.0,258000.0,252000.0,258000.0,707,258000,2.0
2015/02/02,257000.0,257500.0,248500.0,249750.0,1174,249750,2.0
2015/02/03,249250.0,249500.0,242250.0,242500.0,1482,242500,2.0
2015/02/04,241000.0,247500.0,241000.0,247250.0,1435,247250,2.0
2015/02/05,247500.0,257000.0,247250.0,256000.0,984,256000,2.0
2015/02/06,258000.0,261000.0,257500.0,259000.0,659,259000,2.0
2015/02/09,259500.0,260000.0,250000.0,254500.0,1077,254500,2.0
2015/02/10,252500.0,255500.0,252000.0,254000.0,452,254000,2.0
2015/02/12,255500.0,256000.0,251000.0,255500.0,691,255500,2.0
2015/02/13,254500.0,257000.0,253500.0,256500.0,369,256500,2.0
2015/02/16,257000.0,258000.0,255500.0,255500.0,378,255500,2.0
2015/02/17,256500.0,259000.0,254000.0,258500.0,530,258500,2.0
2015/02/18,258500.0,260500.0,258000.0,260000.0,459,260000,2.0
2015/02/19,260000.0,260500.0,258500.0,259000.0,388,259000,2.0
2015/02/20,260000.0,260000.0,255500.0,258000.0,653,258000,2.0
2015/02/23,257500.0,258500.0,257000.0,257500.0,520,257500,2.0
2015/02/24,257000.0,258000.0,255000.0,255000.0,802,255000,2.0
2015/02/25,248000.0,249750.0,247000.0,248500.0,1043,248500,2.0
2015/02/26,248250.0,249250.0,247250.0,248000.0,663,248000,2.0
2015/02/27,248500.0,249750.0,248000.0,248500.0,774,248500,2.0
2015/03/02,249000.0,251500.0,247250.0,247750.0,571,247750,2.0
2015/03/03,247250.0,247500.0,244500.0,245250.0,748,245250,2.0
2015/03/04,244500.0,244500.0,242750.0,243500.0,484,243500,2.0
2015/03/05,242750.0,243000.0,241000.0,241500.0,628,241500,2.0
2015/03/06,241750.0,241750.0,240750.0,240750.0,208,240750,2.0
2015/03/09,241000.0,241250.0,238750.0,239000.0,520,239000,2.0
2015/03/10,239000.0,239000.0,235500.0,236750.0,608,236750,2.0
2015/03/11,235250.0,236500.0,234000.0,234750.0,432,234750,2.0
2015/03/12,233500.0,235750.0,233250.0,234250.0,466,234250,2.0
2015/03/13,234500.0,235250.0,233750.0,234250.0,372,234250,2.0
2015/03/16,234250.0,234750.0,233750.0,233750.0,245,233750,2.0
2015/03/17,234250.0,234750.0,232000.0,233250.0,485,233250,2.0
2015/03/18,233000.0,234500.0,233000.0,234500.0,159,234500,2.0
2015/03/19,234500.0,235750.0,234250.0,234500.0,291,234500,2.0
2015/03/20,234500.0,234750.0,233500.0,234750.0,195,234750,2.0
2015/03/23,235250.0,235250.0,234250.0,234500.0,192,234500,2.0
2015/03/24,234250.0,235750.0,234250.0,235500.0,352,235500,2.0
2015/03/25,235250.0,236500.0,234000.0,236500.0,792,236500,2.0
2015/03/26,236000.0,237000.0,235500.0,235500.0,486,235500,2.0
2015/03/27,236000.0,236500.0,235250.0,236000.0,204,236000,2.0
2015/03/30,236000.0,236500.0,234750.0,234750.0,211,234750,2.0
2015/03/31,235250.0,236000.0,234000.0,234250.0,273,234250,2.0
2015/04/01,234750.0,235250.0,233500.0,234250.0,320,234250,2.0
2015/04/02,234750.0,235250.0,234250.0,235000.0,197,235000,2.0
2015/04/03,234250.0,234750.0,234000.0,234000.0,164,234000,2.0
2015/04/06,234500.0,235000.0,234250.0,234750.0,192,234750,2.0
2015/04/07,235250.0,235750.0,234500.0,235000.0,441,235000,2.0
2015/04/08,235500.0,236000.0,235000.0,235000.0,277,235000,2.0
2015/04/09,235500.0,236000.0,235000.0,235750.0,407,235750,2.0
2015/04/10,236250.0,238250.0,236000.0,238250.0,483,238250,2.0
2015/04/13,240500.0,243250.0,238750.0,243250.0,535,243250,2.0
2015/04/14,244000.0,245000.0,240750.0,245000.0,425,245000,2.0
2015/04/15,245000.0,249250.0,245000.0,249000.0,813,249000,2.0
2015/04/16,249250.0,253000.0,249250.0,253000.0,1241,253000,2.0
2015/04/17,254000.0,259500.0,253000.0,258500.0,2166,258500,2.0
2015/04/20,258500.0,259500.0,252000.0,259500.0,1078,259500,2.0
2015/04/21,256500.0,259500.0,256500.0,259000.0,716,259000,2.0
2015/04/22,258500.0,258500.0,252500.0,254500.0,826,254500,2.0
2015/04/23,254500.0,258000.0,254500.0,257000.0,499,257000,2.0
2015/04/24,256000.0,258000.0,254500.0,255000.0,358,255000,2.0
2015/04/27,255500.0,256000.0,253500.0,254000.0,158,254000,2.0
2015/04/28,254000.0,255000.0,253000.0,253000.0,171,253000,2.0
2015/04/30,252500.0,254000.0,250000.0,251000.0,722,251000,2.0
2015/05/01,250500.0,250500.0,245500.0,246250.0,557,246250,2.0
2015/05/07,246500.0,247000.0,240250.0,241750.0,648,241750,2.0
2015/05/08,242750.0,244750.0,242500.0,244000.0,249,244000,2.0
2015/05/11,245000.0,247250.0,245000.0,246750.0,232,246750,2.0
2015/05/12,245750.0,246750.0,244500.0,245500.0,257,245500,2.0
2015/05/13,245500.0,248500.0,245500.0,248500.0,300,248500,2.0
2015/05/14,248000.0,248250.0,244750.0,245000.0,189,245000,2.0
2015/05/15,246250.0,246250.0,244000.0,244000.0,169,244000,2.0
2015/05/18,244000.0,245250.0,244000.0,245000.0,151,245000,2.0
2015/05/19,245000.0,247000.0,244750.0,246000.0,153,246000,2.0
2015/05/20,246000.0,248000.0,245250.0,247500.0,209,247500,2.0
2015/05/21,247500.0,247500.0,245750.0,246250.0,164,246250,2.0
2015/05/22,247500.0,249000.0,247000.0,248250.0,344,248250,2.0
2015/05/25,248750.0,250500.0,248750.0,249750.0,260,249750,2.0
2015/05/26,249750.0,251500.0,249000.0,251500.0,242,251500,2.0
2015/05/27,250500.0,253000.0,250000.0,252500.0,253,252500,2.0
2015/05/28,250500.0,253000.0,250000.0,252000.0,276,252000,2.0
2015/05/29,252000.0,252000.0,251000.0,251000.0,178,251000,2.0
2015/06/01,251500.0,253000.0,251500.0,252500.0,117,252500,2.0
2015/06/02,253500.0,254000.0,250500.0,253500.0,231,253500,2.0
2015/06/03,252500.0,253000.0,250000.0,252000.0,275,252000,2.0
2015/06/04,252000.0,253000.0,251000.0,252000.0,211,252000,2.0
2015/06/05,251500.0,251500.0,249000.0,249500.0,442,249500,2.0
2015/06/08,249250.0,250500.0,249000.0,250000.0,206,250000,2.0
2015/06/09,249250.0,249750.0,247750.0,249500.0,306,249500,2.0
2015/06/10,249500.0,249500.0,246250.0,247000.0,191,247000,2.0
2015/06/11,246750.0,246750.0,242000.0,242750.0,340,242750,2.0
2015/06/12,241250.0,243250.0,241250.0,241750.0,255,241750,2.0
2015/06/15,241750.0,243250.0,241000.0,242500.0,240,242500,2.0
2015/06/16,243250.0,243250.0,241250.0,242250.0,159,242250,2.0
2015/06/17,242250.0,242750.0,240250.0,240250.0,247,240250,2.0
2015/06/18,240000.0,240500.0,237250.0,238500.0,732,238500,2.0
2015/06/19,238750.0,238750.0,236250.0,237250.0,405,237250,2.0
2015/06/22,238750.0,242000.0,238000.0,241750.0,318,241750,2.0
2015/06/23,242750.0,243250.0,240500.0,243250.0,231,243250,2.0
2015/06/24,243250.0,243250.0,242250.0,242750.0,101,242750,2.0
2015/06/25,242250.0,245750.0,242250.0,245750.0,201,245750,2.0
2015/06/26,245000.0,246250.0,244000.0,246250.0,254,246250,2.0
2015/06/29,240500.0,245500.0,240500.0,245500.0,440,245500,2.0
2015/06/30,243750.0,245000.0,241000.0,243000.0,273,243000,2.0
2015/07/01,242750.0,245500.0,241250.0,241500.0,303,241500,2.0
2015/07/02,243500.0,243500.0,237500.0,239000.0,293,239000,2.0
2015/07/03,239000.0,241750.0,238750.0,239500.0,295,239500,2.0
2015/07/06,238250.0,239250.0,233750.0,235000.0,460,235000,2.0
2015/07/07,236500.0,236500.0,233750.0,234750.0,212,234750,2.0
2015/07/08,234500.0,236000.0,226500.0,229500.0,618,229500,2.0
2015/07/09,225000.0,226000.0,214000.0,225500.0,820,225500,2.0
2015/07/10,227500.0,228500.0,222500.0,222750.0,356,222750,2.0
2015/07/13,227000.0,235500.0,224500.0,235250.0,588,235250,2.0
2015/07/14,236750.0,238000.0,230000.0,230750.0,401,230750,2.0
2015/07/15,231250.0,236000.0,230500.0,235000.0,292,235000,2.0
2015/07/16,234750.0,236750.0,234750.0,236750.0,270,236750,2.0
2015/07/17,237500.0,237500.0,235000.0,235250.0,253,235250,2.0
2015/07/21,237500.0,237750.0,235250.0,235250.0,239,235250,2.0
2015/07/22,235000.0,235000.0,232750.0,233750.0,183,233750,2.0
2015/07/23,232750.0,233750.0,232000.0,232000.0,125,232000,2.0
2015/07/24,232000.0,233500.0,231500.0,231500.0,227,231500,2.0
2015/07/27,231750.0,232500.0,231500.0,232250.0,133,232250,2.0
2015/07/28,230500.0,232250.0,230500.0,232250.0,165,232250,2.0
2015/07/29,232250.0,234000.0,232250.0,232750.0,145,232750,2.0
2015/07/30,232750.0,233500.0,231250.0,231750.0,130,231750,2.0
2015/07/31,232750.0,233750.0,231500.0,232500.0,250,232500,2.0
2015/08/03,232000.0,234250.0,231750.0,234250.0,144,234250,2.0
2015/08/04,234250.0,234500.0,232750.0,234500.0,100,234500,2.0
2015/08/05,234250.0,235000.0,234000.0,234500.0,110,234500,2.0
2015/08/06,234500.0,234500.0,233500.0,234500.0,177,234500,2.0
2015/08/07,234500.0,234500.0,233250.0,233250.0,157,233250,2.0
2015/08/10,233250.0,233500.0,232750.0,232750.0,92,232750,2.0
2015/08/11,232500.0,233750.0,231500.0,233000.0,238,233000,2.0
2015/08/12,231750.0,235000.0,231000.0,232500.0,247,232500,2.0
2015/08/13,232500.0,232500.0,231250.0,232500.0,203,232500,2.0
2015/08/14,232500.0,233250.0,231000.0,232500.0,274,232500,2.0
2015/08/17,231750.0,232750.0,231500.0,231750.0,159,231750,2.0
2015/08/18,231750.0,232250.0,231500.0,232250.0,183,232250,2.0
2015/08/19,232000.0,232250.0,231250.0,231500.0,163,231500,2.0
2015/08/20,230750.0,231000.0,228500.0,228750.0,398,228750,2.0
2015/08/21,225000.0,227250.0,223250.0,225250.0,523,225250,2.0
2015/08/24,221750.0,221750.0,214250.0,214750.0,702,214750,2.0
2015/08/25,204250.0,221000.0,202000.0,213250.0,966,213250,2.0
2015/08/26,213500.0,216500.0,212000.0,216000.0,716,216000,2.0
2015/08/27,210500.0,216500.0,207500.0,210000.0,722,210000,2.0
2015/08/28,211750.0,212500.0,202750.0,208000.0,468,208000,2.0
2015/08/31,209000.0,209750.0,204000.0,206000.0,603,206000,2.0
2015/09/01,206000.0,206000.0,200000.0,200000.0,609,200000,2.0
2015/09/02,196500.0,201250.0,195750.0,198500.0,545,198500,2.0
2015/09/03,200000.0,201000.0,199000.0,201000.0,305,201000,2.0
2015/09/04,202000.0,203000.0,198500.0,198500.0,337,198500,2.0
2015/09/07,198250.0,198750.0,195000.0,196750.0,711,196750,2.0
2015/09/08,198500.0,202750.0,195750.0,197250.0,721,197250,2.0
2015/09/09,199000.0,206000.0,198750.0,204750.0,555,204750,2.0
2015/09/10,200000.0,202750.0,197750.0,199250.0,500,199250,2.0
2015/09/11,204000.0,210000.0,202000.0,209750.0,548,209750,2.0
2015/09/14,212250.0,216500.0,210500.0,216000.0,485,216000,2.0
2015/09/15,217000.0,222000.0,216500.0,220500.0,591,220500,2.0
2015/09/16,219000.0,220250.0,214250.0,214250.0,189,214250,2.0
2015/09/17,210750.0,218500.0,210750.0,218500.0,250,218500,2.0
2015/09/18,218750.0,219750.0,216750.0,219500.0,178,219500,2.0
2015/09/24,217250.0,224250.0,216500.0,222750.0,410,222750,2.0
2015/09/25,224000.0,232500.0,223250.0,231750.0,1126,231750,2.0
2015/09/28,231500.0,231500.0,224000.0,226500.0,387,226500,2.0
2015/09/29,224500.0,225250.0,213000.0,215750.0,417,215750,2.0
2015/09/30,221750.0,225000.0,219250.0,220500.0,372,220500,2.0
2015/10/01,213500.0,213500.0,203500.0,205250.0,1715,205250,2.0
2015/10/02,205250.0,208000.0,204500.0,204500.0,403,204500,2.0
2015/10/05,205000.0,206250.0,204500.0,206000.0,344,206000,2.0
2015/10/06,206750.0,210000.0,206750.0,210000.0,805,210000,2.0
2015/10/07,210000.0,210250.0,207000.0,207500.0,334,207500,2.0
2015/10/08,209000.0,209250.0,204250.0,204250.0,544,204250,2.0
2015/10/09,205250.0,207000.0,205000.0,205750.0,277,205750,2.0
2015/10/13,207000.0,207000.0,205250.0,205500.0,222,205500,2.0
2015/10/14,205500.0,206250.0,204000.0,204500.0,392,204500,2.0
2015/10/15,204750.0,204750.0,200750.0,201500.0,652,201500,2.0
2015/10/16,203250.0,205250.0,202500.0,205000.0,348,205000,2.0
2015/10/19,206000.0,206000.0,202250.0,202750.0,492,202750,2.0
2015/10/20,203250.0,203500.0,202250.0,202250.0,249,202250,2.0
2015/10/21,203250.0,203250.0,202000.0,203000.0,178,203000,2.0
2015/10/22,203500.0,204250.0,203250.0,203250.0,176,203250,2.0
2015/10/23,204000.0,206000.0,204000.0,205750.0,350,205750,2.0
2015/10/26,207000.0,207250.0,205750.0,206250.0,237,206250,2.0
2015/10/27,207500.0,209250.0,206500.0,209250.0,233,209250,2.0
2015/10/28,227500.0,231250.0,223500.0,229250.0,3514,229250,2.0
2015/10/29,229750.0,234000.0,225250.0,226000.0,1073,226000,2.0
2015/10/30,229500.0,229500.0,224500.0,225750.0,1006,225750,2.0
2015/11/02,225000.0,235000.0,224250.0,234500.0,1134,234500,2.0
2015/11/04,235000.0,235000.0,228750.0,231750.0,479,231750,2.0
2015/11/05,233000.0,234250.0,231250.0,234250.0,195,234250,2.0
2015/11/06,234000.0,235000.0,232750.0,234500.0,164,234500,2.0
2015/11/09,234000.0,234250.0,231750.0,232250.0,303,232250,2.0
2015/11/10,232500.0,234750.0,230500.0,234750.0,428,234750,2.0
2015/11/11,234500.0,235000.0,234250.0,234250.0,183,234250,2.0
2015/11/12,232000.0,234250.0,232000.0,232500.0,171,232500,2.0
2015/11/13,232250.0,234500.0,232250.0,233500.0,181,233500,2.0
2015/11/16,232500.0,233000.0,230500.0,232000.0,324,232000,2.0
2015/11/17,233500.0,235000.0,233250.0,233500.0,323,233500,2.0
2015/11/18,234750.0,237000.0,233750.0,236500.0,407,236500,2.0
2015/11/19,237000.0,238000.0,235750.0,237500.0,377,237500,2.0
2015/11/20,235750.0,240000.0,235750.0,240000.0,334,240000,2.0
2015/11/24,239000.0,241000.0,238250.0,240000.0,326,240000,2.0
2015/11/25,240000.0,243000.0,239000.0,241250.0,389,241250,2.0
2015/11/26,243000.0,247500.0,241500.0,247500.0,440,247500,2.0
2015/11/27,247000.0,248750.0,245500.0,246250.0,301,246250,2.0
2015/11/30,246750.0,250000.0,245750.0,249500.0,297,249500,2.0
2015/12/01,248500.0,249500.0,247500.0,248250.0,136,248250,2.0
2015/12/02,247500.0,249500.0,242000.0,244000.0,395,244000,2.0
2015/12/03,244000.0,244000.0,236750.0,238000.0,491,238000,2.0
2015/12/04,235250.0,237250.0,234500.0,235250.0,297,235250,2.0
2015/12/07,235500.0,240750.0,235000.0,240000.0,224,240000,2.0
2015/12/08,240000.0,240500.0,236750.0,237500.0,224,237500,2.0
2015/12/09,238750.0,238750.0,236500.0,237750.0,84,237750,2.0
2015/12/10,235750.0,235750.0,232750.0,234000.0,460,234000,2.0
2015/12/11,236000.0,236000.0,232500.0,232500.0,391,232500,2.0
2015/12/14,231000.0,231250.0,230000.0,230500.0,168,230500,2.0
2015/12/15,230500.0,230750.0,226000.0,227250.0,241,227250,2.0
2015/12/16,230000.0,230750.0,228750.0,230500.0,63,230500,2.0
2015/12/17,230750.0,233500.0,230500.0,230500.0,192,230500,2.0
2015/12/18,230000.0,232250.0,229250.0,231500.0,293,231500,2.0
2015/12/21,230000.0,231000.0,227250.0,227500.0,567,227500,2.0
2015/12/22,227750.0,229750.0,227250.0,229250.0,211,229250,2.0
2015/12/24,230750.0,230750.0,225500.0,225750.0,476,225750,2.0
2015/12/25,225750.0,226000.0,223750.0,225750.0,702,225750,2.0
2015/12/28,227000.0,230500.0,225250.0,230000.0,243,230000,2.0
2015/12/29,230000.0,232000.0,229500.0,231250.0,263,231250,2.0
2015/12/30,231500.0,234000.0,231500.0,234000.0,145,234000,2.0
2016/01/04,234750.0,234750.0,230500.0,232500.0,306,232500,2.0
2016/01/05,231250.0,231250.0,228000.0,229750.0,253,229750,2.0
2016/01/06,228000.0,231000.0,227500.0,227750.0,181,227750,2.0
2016/01/07,227750.0,227750.0,222500.0,222500.0,378,222500,2.0
2016/01/08,222250.0,224500.0,221000.0,221000.0,355,221000,2.0
2016/01/12,220000.0,220000.0,211000.0,211750.0,570,211750,2.0
2016/01/13,215750.0,218750.0,215750.0,218000.0,205,218000,2.0
2016/01/14,214500.0,216500.0,213250.0,214750.0,258,214750,2.0
2016/01/15,216250.0,217500.0,212250.0,212500.0,208,212500,2.0
2016/01/18,209250.0,212250.0,208000.0,209250.0,449,209250,2.0
2016/01/19,209250.0,210750.0,208000.0,210000.0,177,210000,2.0
2016/01/20,210250.0,211250.0,202750.0,203000.0,547,203000,2.0
2016/01/21,202500.0,204750.0,200500.0,200750.0,398,200750,2.0
2016/01/22,203250.0,205750.0,203000.0,205000.0,220,205000,2.0
2016/01/25,209250.0,212500.0,207000.0,210000.0,287,210000,2.0
2016/01/26,209500.0,211500.0,207500.0,210000.0,315,210000,2.0
2016/01/27,213000.0,216250.0,211750.0,216250.0,262,216250,2.0
2016/01/28,216250.0,217000.0,214750.0,215500.0,163,215500,2.0
2016/01/29,217250.0,225250.0,215000.0,224250.0,492,224250,2.0
2016/02/01,229750.0,234000.0,228250.0,230000.0,730,230000,2.0
2016/02/02,232000.0,232000.0,227750.0,229250.0,418,229250,2.0
2016/02/03,225750.0,228250.0,220500.0,227750.0,848,227750,2.0
2016/02/04,226500.0,227500.0,224000.0,224000.0,551,224000,2.0
2016/02/05,222000.0,223750.0,218250.0,219000.0,876,219000,2.0
2016/02/08,218500.0,218750.0,215750.0,218000.0,427,218000,2.0
2016/02/09,215000.0,218750.0,214000.0,214000.0,558,214000,2.0
2016/02/10,215750.0,215750.0,204250.0,207500.0,691,207500,2.0
2016/02/12,201500.0,203250.0,198000.0,199750.0,1412,199750,2.0
2016/02/15,206000.0,210750.0,206000.0,208250.0,475,208250,2.0
2016/02/16,210750.0,218750.0,210000.0,214750.0,621,214750,2.0
2016/02/17,215000.0,216750.0,211000.0,213500.0,625,213500,2.0
2016/02/18,216250.0,216250.0,212000.0,212250.0,314,212250,2.0
2016/02/19,212500.0,215000.0,211250.0,215000.0,663,215000,2.0
2016/02/22,215000.0,219500.0,214750.0,217000.0,920,217000,2.0
2016/02/23,218500.0,219000.0,216000.0,217250.0,440,217250,2.0
2016/02/24,217000.0,220750.0,215750.0,219500.0,953,219500,2.0
2016/02/25,212750.0,215500.0,212500.0,214750.0,661,214750,2.0
2016/02/26,214250.0,215750.0,211250.0,213250.0,533,213250,2.0
2016/02/29,214500.0,214500.0,211750.0,212250.0,307,212250,2.0
2016/03/01,211750.0,212500.0,209250.0,210000.0,394,210000,2.0
2016/03/02,212250.0,212500.0,211500.0,211500.0,334,211500,2.0
2016/03/03,211750.0,212500.0,210500.0,211000.0,459,211000,2.0
2016/03/04,211000.0,212250.0,210500.0,212250.0,369,212250,2.0
2016/03/07,212500.0,214000.0,211750.0,214000.0,391,214000,2.0
2016/03/08,214500.0,219500.0,214500.0,219000.0,648,219000,2.0
2016/03/09,219500.0,221500.0,218250.0,221500.0,526,221500,2.0
2016/03/10,221500.0,223250.0,219750.0,222250.0,367,222250,2.0
2016/03/11,224000.0,228250.0,223500.0,228250.0,683,228250,2.0
2016/03/14,228250.0,228250.0,226250.0,227000.0,188,227000,2.0
2016/03/15,226250.0,227250.0,225250.0,226000.0,308,226000,2.0
2016/03/16,225000.0,225250.0,221250.0,221250.0,375,221250,2.0
2016/03/17,223500.0,223500.0,218500.0,219750.0,194,219750,2.0
2016/03/18,220250.0,220750.0,219000.0,219000.0,102,219000,2.0
2016/03/22,219000.0,222500.0,219000.0,222000.0,315,222000,2.0
2016/03/23,223250.0,224000.0,221000.0,222000.0,173,222000,2.0
2016/03/24,222000.0,222000.0,218250.0,218750.0,172,218750,2.0
2016/03/25,218750.0,220000.0,218250.0,218250.0,86,218250,2.0
2016/03/28,218500.0,218500.0,217000.0,218000.0,243,218000,2.0
2016/03/29,218250.0,221000.0,218250.0,219000.0,136,219000,2.0
2016/03/30,219000.0,220750.0,218000.0,219500.0,242,219500,2.0
2016/03/31,219500.0,222250.0,219250.0,222250.0,119,222250,2.0
2016/04/01,222000.0,222000.0,217250.0,218000.0,278,218000,2.0
2016/04/04,216500.0,219250.0,216500.0,218500.0,378,218500,2.0
2016/04/05,218750.0,218750.0,216250.0,218000.0,232,218000,2.0
2016/04/06,216250.0,217250.0,213250.0,213250.0,328,213250,2.0
2016/04/07,213500.0,214500.0,212000.0,213000.0,318,213000,2.0
2016/04/08,212500.0,213750.0,211750.0,213500.0,127,213500,2.0
2016/04/11,212750.0,213250.0,211250.0,211500.0,165,211500,2.0
2016/04/12,212000.0,213750.0,211500.0,212750.0,129,212750,2.0
2016/04/13,213000.0,213750.0,212250.0,213750.0,107,213750,2.0
2016/04/14,213750.0,215750.0,212000.0,214750.0,160,214750,2.0
2016/04/15,214750.0,214750.0,210250.0,210250.0,840,210250,2.0
2016/04/18,210250.0,210250.0,208250.0,209250.0,291,209250,2.0
2016/04/19,209250.0,210500.0,208750.0,208750.0,303,208750,2.0
2016/04/20,209500.0,210250.0,208750.0,208750.0,255,208750,2.0
2016/04/21,209250.0,210500.0,209000.0,209750.0,351,209750,2.0
2016/04/22,210000.0,218500.0,208750.0,216250.0,1393,216250,2.0
2016/04/25,217250.0,219750.0,216750.0,219000.0,642,219000,2.0
2016/04/26,219250.0,220000.0,216500.0,218000.0,319,218000,2.0
2016/04/27,216500.0,216750.0,213000.0,213000.0,353,213000,2.0
2016/04/28,213250.0,216000.0,210750.0,211750.0,434,211750,2.0
2016/05/02,210000.0,210500.0,209000.0,210250.0,288,210250,2.0
2016/05/06,210250.0,212000.0,209250.0,209250.0,173,209250,2.0
2016/05/09,211250.0,214500.0,210250.0,214000.0,225,214000,2.0
2016/05/10,214500.0,215750.0,212500.0,215750.0,119,215750,2.0
2016/05/11,216250.0,216500.0,212750.0,212750.0,236,212750,2.0
2016/05/12,212250.0,212500.0,210750.0,211250.0,177,211250,2.0
2016/05/13,210750.0,212500.0,210750.0,212250.0,67,212250,2.0
2016/05/16,211250.0,212000.0,210250.0,210750.0,166,210750,2.0
2016/05/17,211500.0,212000.0,210250.0,210500.0,179,210500,2.0
2016/05/18,210250.0,211000.0,210000.0,210000.0,192,210000,2.0
2016/05/19,210500.0,212000.0,210500.0,212000.0,226,212000,2.0
2016/05/20,210500.0,212250.0,210500.0,212000.0,172,212000,2.0
2016/05/23,212000.0,212000.0,209750.0,211250.0,231,211250,2.0
2016/05/24,211000.0,212000.0,210500.0,211500.0,129,211500,2.0
2016/05/25,211250.0,211500.0,210000.0,211250.0,187,211250,2.0
2016/05/26,211750.0,211750.0,209750.0,210000.0,178,210000,2.0
2016/05/27,209750.0,210250.0,209500.0,209750.0,199,209750,2.0
2016/05/30,209500.0,213000.0,209250.0,211750.0,424,211750,2.0
2016/05/31,211000.0,213000.0,211000.0,213000.0,86,213000,2.0
2016/06/01,212500.0,213500.0,211750.0,212500.0,106,212500,2.0
2016/06/02,211750.0,214000.0,211750.0,213250.0,218,213250,2.0
2016/06/03,213000.0,216500.0,213000.0,215250.0,311,215250,2.0
2016/06/06,215000.0,215000.0,213250.0,213750.0,98,213750,2.0
2016/06/07,213500.0,214250.0,213250.0,213750.0,95,213750,2.0
2016/06/08,214000.0,216250.0,214000.0,215750.0,207,215750,2.0
2016/06/09,215000.0,216750.0,214000.0,216500.0,97,216500,2.0
2016/06/10,216500.0,217000.0,216250.0,217000.0,182,217000,2.0
2016/06/13,216500.0,216500.0,211000.0,211250.0,234,211250,2.0
2016/06/14,212000.0,213500.0,209500.0,210000.0,268,210000,2.0
2016/06/15,209500.0,212500.0,208750.0,210500.0,144,210500,2.0
2016/06/16,212000.0,212500.0,208000.0,208000.0,252,208000,2.0
2016/06/17,208000.0,211250.0,208000.0,210000.0,305,210000,2.0
2016/06/20,210750.0,211500.0,209500.0,210500.0,145,210500,2.0
2016/06/21,211250.0,211750.0,210000.0,210750.0,102,210750,2.0
2016/06/22,210250.0,211000.0,209500.0,209750.0,127,209750,2.0
2016/06/23,209750.0,209750.0,207750.0,209500.0,210,209500,2.0
2016/06/24,208750.0,210750.0,203500.0,203500.0,761,203500,2.0
2016/06/27,204500.0,207250.0,203500.0,203500.0,268,203500,2.0
2016/06/28,204250.0,209750.0,204000.0,209500.0,414,209500,2.0
2016/06/29,209000.0,210250.0,207500.0,209250.0,183,209250,2.0
2016/06/30,211500.0,213500.0,211500.0,213250.0,240,213250,2.0
2016/07/01,213500.0,213500.0,210750.0,212750.0,170,212750,2.0
2016/07/04,213250.0,213250.0,210750.0,211000.0,110,211000,2.0
2016/07/05,210500.0,211000.0,209750.0,210500.0,69,210500,2.0
2016/07/06,209750.0,209750.0,207250.0,207500.0,217,207500,2.0
2016/07/07,208000.0,208000.0,206500.0,207750.0,140,207750,2.0
2016/07/08,207750.0,208500.0,207500.0,207500.0,119,207500,2.0
2016/07/11,208500.0,209000.0,207250.0,207500.0,154,207500,2.0
2016/07/12,208000.0,208750.0,207750.0,208000.0,247,208000,2.0
2016/07/13,208500.0,209250.0,208000.0,208250.0,296,208250,2.0
2016/07/14,209000.0,210500.0,208750.0,210500.0,283,210500,2.0
2016/07/15,210750.0,210750.0,209500.0,209750.0,163,209750,2.0
2016/07/19,210250.0,211000.0,209500.0,210000.0,154,210000,2.0
2016/07/20,210000.0,210750.0,209500.0,209750.0,122,209750,2.0
2016/07/21,210000.0,210750.0,209500.0,210000.0,245,210000,2.0
2016/07/22,210000.0,211750.0,209750.0,211750.0,377,211750,2.0
2016/07/25,212500.0,214750.0,212000.0,214500.0,418,214500,2.0
2016/07/26,214250.0,214750.0,212000.0,214000.0,315,214000,2.0
2016/07/27,214500.0,215250.0,213500.0,214250.0,233,214250,2.0
2016/07/28,214250.0,216000.0,214250.0,215750.0,359,215750,2.0
2016/07/29,214250.0,215250.0,213500.0,215000.0,429,215000,2.0
2016/08/01,215000.0,216500.0,213250.0,214250.0,489,214250,2.0
2016/08/02,214750.0,215750.0,213500.0,214250.0,280,214250,2.0
2016/08/03,213500.0,216000.0,213500.0,214500.0,326,214500,2.0
2016/08/04,214500.0,216250.0,214250.0,216000.0,408,216000,2.0
2016/08/05,215250.0,217000.0,214500.0,216250.0,230,216250,2.0
2016/08/08,216250.0,216250.0,214500.0,215000.0,118,215000,2.0
2016/08/09,216000.0,216000.0,214500.0,215000.0,78,215000,2.0
2016/08/10,215000.0,215250.0,214500.0,214750.0,76,214750,2.0
2016/08/12,214750.0,216000.0,214750.0,215250.0,72,215250,2.0
2016/08/15,215250.0,216000.0,215250.0,215500.0,50,215500,2.0
2016/08/16,215500.0,216250.0,215000.0,215000.0,131,215000,2.0
2016/08/17,215000.0,215000.0,214000.0,214250.0,204,214250,2.0
2016/08/18,214250.0,214500.0,213750.0,214000.0,160,214000,2.0
2016/08/19,214250.0,214500.0,212500.0,212500.0,177,212500,2.0
2016/08/22,212500.0,213000.0,207500.0,212000.0,493,212000,2.0
2016/08/23,211000.0,211750.0,210000.0,211000.0,209,211000,2.0
2016/08/24,211250.0,212000.0,211000.0,211000.0,233,211000,2.0
2016/08/25,211500.0,211500.0,210500.0,211500.0,299,211500,2.0
2016/08/26,211500.0,212000.0,210750.0,210750.0,586,210750,2.0
2016/08/29,202500.0,204500.0,201000.0,202000.0,1630,202000,2.0
2016/08/30,202000.0,202000.0,200000.0,200500.0,842,200500,2.0
2016/08/31,200500.0,200750.0,197250.0,199000.0,1266,199000,2.0
2016/09/01,199000.0,199000.0,197500.0,197500.0,602,197500,2.0
2016/09/02,196500.0,197000.0,195750.0,196000.0,826,196000,2.0
2016/09/05,196250.0,196500.0,195500.0,195500.0,644,195500,2.0
2016/09/06,195000.0,196250.0,193750.0,195500.0,3715,195500,2.0
2016/09/07,195500.0,196000.0,194500.0,194750.0,1779,194750,2.0
2016/09/08,194500.0,194750.0,194000.0,194250.0,793,194250,2.0
2016/09/09,194000.0,194500.0,193000.0,193500.0,1104,193500,2.0
2016/09/12,192750.0,193250.0,189500.0,189750.0,1172,189750,2.0
2016/09/13,190000.0,191750.0,190000.0,191000.0,630,191000,2.0
2016/09/14,192250.0,192250.0,189250.0,189250.0,618,189250,2.0
2016/09/15,189000.0,189250.0,184500.0,187250.0,1259,187250,2.0
2016/09/16,186750.0,187250.0,185500.0,187000.0,536,187000,2.0
2016/09/20,186750.0,192000.0,186500.0,192000.0,768,192000,2.0
2016/09/21,191750.0,192250.0,190000.0,190750.0,471,190750,2.0
2016/09/23,190750.0,192000.0,190250.0,190250.0,216,190250,2.0
2016/09/26,190250.0,191000.0,189500.0,189750.0,220,189750,2.0
2016/09/27,189750.0,191500.0,188750.0,191250.0,534,191250,2.0
2016/09/28,190750.0,191250.0,189500.0,189500.0,241,189500,2.0
2016/09/29,189500.0,190250.0,188500.0,188500.0,451,188500,2.0
2016/09/30,188250.0,190500.0,187750.0,190500.0,408,190500,2.0
2016/10/03,189000.0,189250.0,187750.0,188500.0,334,188500,2.0
2016/10/04,189000.0,189250.0,187750.0,189250.0,248,189250,2.0
2016/10/05,188750.0,190000.0,188250.0,188750.0,348,188750,2.0
2016/10/06,188500.0,189250.0,188000.0,188250.0,273,188250,2.0
2016/10/07,188250.0,188750.0,187500.0,187750.0,356,187750,2.0
2016/10/11,188000.0,188750.0,187500.0,187500.0,202,187500,2.0
2016/10/12,187500.0,188250.0,187250.0,187250.0,453,187250,2.0
2016/10/13,187750.0,188750.0,187500.0,188250.0,402,188250,2.0
2016/10/14,188250.0,190000.0,187750.0,188750.0,381,188750,2.0
2016/10/17,189000.0,190500.0,188000.0,188500.0,376,188500,2.0
2016/10/18,189250.0,190000.0,188500.0,189250.0,345,189250,2.0
2016/10/19,189250.0,190750.0,189250.0,190500.0,448,190500,2.0
2016/10/20,190500.0,190750.0,188750.0,188750.0,408,188750,2.0
2016/10/21,189250.0,190500.0,188500.0,188750.0,368,188750,2.0
2016/10/24,189000.0,189250.0,188000.0,188250.0,332,188250,2.0
2016/10/25,188000.0,188250.0,186000.0,186000.0,600,186000,2.0
2016/10/26,186000.0,187250.0,186000.0,186750.0,228,186750,2.0
2016/10/27,186500.0,187000.0,185750.0,185750.0,348,185750,2.0
2016/10/28,186000.0,186500.0,185000.0,185000.0,447,185000,2.0
2016/10/31,185000.0,186750.0,185000.0,185750.0,323,185750,2.0
2016/11/01,186750.0,186750.0,184500.0,184500.0,402,184500,2.0
2016/11/02,184250.0,184500.0,182500.0,182500.0,640,182500,2.0
2016/11/04,181500.0,181500.0,180000.0,180000.0,503,180000,2.0
2016/11/07,180000.0,180250.0,178250.0,178500.0,656,178500,2.0
2016/11/08,178500.0,179000.0,177500.0,177500.0,495,177500,2.0
2016/11/09,178000.0,178250.0,170750.0,175250.0,871,175250,2.0
2016/11/10,176000.0,177500.0,175750.0,176000.0,630,176000,2.0
2016/11/11,177000.0,179000.0,176000.0,179000.0,422,179000,2.0
2016/11/14,178750.0,181000.0,178750.0,180000.0,413,180000,2.0
2016/11/15,179750.0,181250.0,179750.0,181250.0,381,181250,2.0
2016/11/16,181500.0,182500.0,180750.0,182500.0,283,182500,2.0
2016/11/17,182000.0,183500.0,181500.0,183500.0,430,183500,2.0
2016/11/18,185000.0,189250.0,184750.0,188500.0,1126,188500,2.0
2016/11/21,188500.0,190000.0,188500.0,189250.0,671,189250,2.0
2016/11/22,189000.0,189250.0,186750.0,186750.0,386,186750,2.0
2016/11/24,185750.0,188000.0,185500.0,185750.0,476,185750,2.0
2016/11/25,185750.0,187000.0,185000.0,185250.0,335,185250,2.0
2016/11/28,185500.0,187250.0,185250.0,186500.0,399,186500,2.0
2016/11/29,186250.0,187250.0,186000.0,187250.0,174,187250,2.0
2016/11/30,187250.0,189500.0,187250.0,189500.0,372,189500,2.0
2016/12/01,189500.0,189500.0,188000.0,188000.0,294,188000,2.0
2016/12/02,188500.0,189000.0,188250.0,188250.0,274,188250,2.0
2016/12/05,188250.0,189250.0,188250.0,189250.0,295,189250,2.0
2016/12/06,189250.0,189500.0,188750.0,189500.0,325,189500,2.0
2016/12/07,189000.0,189250.0,188500.0,189000.0,257,189000,2.0
2016/12/08,189500.0,190000.0,189250.0,189750.0,375,189750,2.0
2016/12/09,190000.0,191250.0,189500.0,191250.0,504,191250,2.0
2016/12/12,191250.0,192750.0,191250.0,192000.0,292,192000,2.0
2016/12/13,192000.0,192500.0,191500.0,192000.0,233,192000,2.0
2016/12/14,192250.0,193000.0,191500.0,192500.0,207,192500,2.0
2016/12/15,192250.0,192750.0,191750.0,192000.0,135,192000,2.0
2016/12/16,191750.0,192000.0,190750.0,191500.0,312,191500,2.0
2016/12/19,191500.0,191750.0,190500.0,191250.0,262,191250,2.0
2016/12/20,190750.0,191250.0,190250.0,191000.0,191,191000,2.0
2016/12/21,191250.0,191750.0,191000.0,191500.0,291,191500,2.0
2016/12/22,191250.0,191500.0,190500.0,191000.0,249,191000,2.0
2016/12/26,190250.0,190500.0,189750.0,190500.0,588,190500,2.0
2016/12/27,190000.0,191750.0,189500.0,191750.0,733,191750,2.0
2016/12/28,191500.0,195250.0,191500.0,194750.0,390,194750,2.0
2016/12/29,194500.0,195500.0,194000.0,195000.0,339,195000,2.0
2016/12/30,195000.0,198500.0,195000.0,198000.0,752,198000,2.0
2017/01/04,197000.0,198250.0,196250.0,197750.0,567,197750,2.0
2017/01/05,197500.0,198250.0,197250.0,197250.0,344,197250,2.0
2017/01/06,197250.0,198250.0,196750.0,197250.0,514,197250,2.0
2017/01/10,197750.0,198250.0,196250.0,197000.0,439,197000,2.0
2017/01/11,197500.0,198000.0,196500.0,196750.0,329,196750,2.0
2017/01/12,197250.0,197250.0,196000.0,196000.0,241,196000,2.0
2017/01/13,196250.0,197000.0,196000.0,197000.0,232,197000,2.0
2017/01/16,197500.0,197750.0,196250.0,196500.0,287,196500,2.0
2017/01/17,196500.0,197000.0,196250.0,196750.0,439,196750,2.0
2017/01/18,196250.0,198000.0,196250.0,197500.0,543,197500,2.0
2017/01/19,197750.0,198250.0,197000.0,197000.0,189,197000,2.0
2017/01/20,196750.0,198000.0,196750.0,198000.0,228,198000,2.0
2017/01/23,198000.0,198000.0,197000.0,197750.0,189,197750,2.0
2017/01/24,197500.0,198000.0,197250.0,197250.0,187,197250,2.0
2017/01/25,197500.0,197750.0,196750.0,197250.0,195,197250,2.0
2017/01/26,197750.0,197750.0,196750.0,197250.0,216,197250,2.0
2017/01/27,197750.0,199750.0,197250.0,199750.0,584,199750,2.0
2017/01/30,198750.0,202500.0,198750.0,201500.0,959,201500,2.0
2017/01/31,202000.0,202000.0,199000.0,199500.0,488,199500,2.0
2017/02/01,199250.0,200500.0,198750.0,199250.0,335,199250,2.0
2017/02/02,199250.0,200000.0,198500.0,198750.0,395,198750,2.0
2017/02/03,198500.0,199500.0,197750.0,198000.0,282,198000,2.0
2017/02/06,198750.0,199250.0,198000.0,198500.0,192,198500,2.0
2017/02/07,198000.0,199500.0,198000.0,199500.0,346,199500,2.0
2017/02/08,198500.0,198750.0,197750.0,197750.0,357,197750,2.0
2017/02/09,197750.0,198250.0,197250.0,197250.0,283,197250,2.0
2017/02/10,197750.0,198750.0,197250.0,197750.0,252,197750,2.0
2017/02/13,198500.0,199500.0,198000.0,198750.0,299,198750,2.0
2017/02/14,198750.0,200000.0,198750.0,200000.0,426,200000,2.0
2017/02/15,199500.0,199500.0,198250.0,198750.0,501,198750,2.0
2017/02/16,199000.0,199000.0,198000.0,198500.0,369,198500,2.0
2017/02/17,198750.0,199000.0,198000.0,198000.0,219,198000,2.0
2017/02/20,199750.0,199750.0,198500.0,199250.0,459,199250,2.0
2017/02/21,198750.0,199750.0,198500.0,199500.0,287,199500,2.0
2017/02/22,199500.0,199750.0,199000.0,199000.0,440,199000,2.0
2017/02/23,199250.0,200750.0,199000.0,200750.0,816,200750,2.0
2017/02/24,193200,194400,193200,194100,1745,194100,1
2017/02/27,194400,195200,194100,195000,1561,195000,1
2017/02/28,195400,195500,193400,193400,472,193400,1
2017/03/01,193600,194400,193100,193100,488,193100,1
2017/03/02,193200,194000,193100,193100,407,193100,1
2017/03/03,193100,193600,192100,192500,490,192500,1
2017/03/06,192800,192800,191800,192100,532,192100,1
2017/03/07,191600,191900,190700,190700,472,190700,1
2017/03/08,190600,190600,189800,189800,614,189800,1
2017/03/09,189600,190200,189000,190200,506,190200,1
2017/03/10,188900,190400,188900,189100,418,189100,1
2017/03/13,189000,189100,185700,187700,1303,187700,1
2017/03/14,187100,187800,186200,186600,524,186600,1
2017/03/15,186300,187300,186100,187300,474,187300,1
2017/03/16,186300,187200,186200,187200,566,187200,1
2017/03/17,186600,189100,186500,189100,1262,189100,1
2017/03/21,189000,189500,188100,188100,524,188100,1
2017/03/22,189000,189100,187500,188700,410,188700,1
2017/03/23,188200,188400,186200,186400,536,186400,1
2017/03/24,186200,186900,186000,186000,423,186000,1
2017/03/27,186500,186500,184000,184500,1044,184500,1
2017/03/28,184400,185800,184200,184800,640,184800,1
2017/03/29,184800,184800,183500,183500,936,183500,1
2017/03/30,183100,183200,181000,181300,1821,181300,1
2017/03/31,181700,184700,181400,182700,641,182700,1
2017/04/03,182800,182900,181900,182200,489,182200,1
2017/04/04,181800,181900,179700,179700,1191,179700,1
2017/04/05,179800,179800,177000,177700,1216,177700,1
2017/04/06,176800,179100,176700,179000,680,179000,1
2017/04/07,179300,179300,177300,179200,341,179200,1
2017/04/10,179400,179600,178100,178700,336,178700,1
2017/04/11,179000,179100,178200,178300,277,178300,1
2017/04/12,177900,178100,176000,176200,1020,176200,1
2017/04/13,176600,176900,175800,176100,404,176100,1
2017/04/14,175900,176200,175400,175400,310,175400,1
2017/04/17,177900,181900,177100,181800,1128,181800,1
2017/04/18,182000,191100,182000,191100,2113,191100,1
2017/04/19,191000,193300,190300,190600,1361,190600,1
2017/04/20,190600,191800,189500,190400,436,190400,1
2017/04/21,190200,193100,190200,191500,811,191500,1
2017/04/24,192000,194000,191000,193400,1601,193400,1
2017/04/25,192300,192600,190400,190800,487,190800,1
2017/04/26,191000,191700,189200,189200,649,189200,1
2017/04/27,189000,192000,189000,191200,843,191200,1
2017/04/28,191100,192200,190100,191400,427,191400,1
2017/05/01,191100,192200,190200,190200,269,190200,1
2017/05/02,191200,191400,190500,190500,238,190500,1
2017/05/08,191100,193900,190500,193000,610,193000,1
2017/05/09,193000,193400,192700,192700,282,192700,1
2017/05/10,192700,193800,191400,193100,502,193100,1
2017/05/11,193500,193500,192100,192300,176,192300,1
2017/05/12,192800,192900,191500,192900,251,192900,1
2017/05/15,192900,193000,191200,191200,315,191200,1
2017/05/16,191300,192000,190900,191700,197,191700,1
2017/05/17,191100,191400,189000,189800,433,189800,1
2017/05/18,189300,192000,188600,192000,376,192000,1
2017/05/19,192000,192300,191500,192100,106,192100,1
2017/05/22,192100,192300,191800,192200,245,192200,1
2017/05/23,192200,192700,191800,192700,222,192700,1
2017/05/24,192800,194400,192600,193300,926,193300,1
2017/05/25,193300,194000,192600,192900,471,192900,1
2017/05/26,192700,193000,192200,192200,482,192200,1
2017/05/29,192200,192200,190500,191900,721,191900,1
2017/05/30,191400,193800,190700,193000,1880,193000,1
2017/05/31,194200,197500,193400,197200,2097,197200,1
2017/06/01,197200,200500,196100,199400,1509,199400,1
2017/06/02,199800,203600,199600,202400,2111,202400,1
2017/06/05,200100,203000,200000,201800,630,201800,1
2017/06/06,201800,202900,200300,202200,456,202200,1
2017/06/07,202200,202900,201100,202000,519,202000,1
2017/06/08,202000,202900,201500,201700,354,201700,1
2017/06/09,202700,203800,202300,202500,969,202500,1
2017/06/12,203000,207100,203000,207000,1341,207000,1
2017/06/13,206600,207100,204900,206900,783,206900,1
2017/06/14,206200,206300,205300,206300,322,206300,1
2017/06/15,204000,207600,203600,207500,933,207500,1
2017/06/16,207000,207000,205700,205700,479,205700,1
2017/06/19,206000,208400,205800,207700,824,207700,1
2017/06/20,207500,208800,205700,208100,613,208100,1
2017/06/21,207500,209300,207100,209300,744,209300,1
2017/06/22,207800,211600,207500,209800,813,209800,1
2017/06/23,209000,211000,208600,210700,315,210700,1
2017/06/26,210400,212000,209600,209700,797,209700,1
2017/06/27,210600,210900,208500,210900,287,210900,1
2017/06/28,211400,213000,210500,212900,595,212900,1
2017/06/29,212100,213800,211200,212800,1075,212800,1
2017/06/30,211300,211500,208700,209400,1352,209400,1
2017/07/03,209400,211500,207500,210400,1224,210400,1
2017/07/04,210400,216200,210400,215800,1996,215800,1
2017/07/05,212200,215600,211700,211700,1581,211700,1
2017/07/06,211300,216400,208900,216000,2104,216000,1
2017/07/07,214900,219500,213300,215300,1887,215300,1
2017/07/10,215000,219000,210300,210400,1672,210400,1
2017/07/11,210700,213200,206500,211200,1841,211200,1
2017/07/12,211200,214500,210300,210400,1054,210400,1
2017/07/13,211400,212900,210400,212400,1025,212400,1
2017/07/14,212500,213700,208900,209600,893,209600,1
2017/07/18,208400,211400,208400,210100,597,210100,1
2017/07/19,210600,214400,210400,213300,747,213300,1
2017/07/20,212600,214500,211300,212800,800,212800,1
2017/07/21,213700,217400,213600,217300,1054,217300,1
2017/07/24,216200,216500,213600,213800,519,213800,1
2017/07/25,213900,217000,213300,217000,435,217000,1
2017/07/26,217000,218500,216000,216600,591,216600,1
2017/07/27,215900,218000,214900,215600,613,215600,1
2017/07/28,216300,219000,216000,218200,1054,218200,1
2017/07/31,219100,222600,219000,222300,1576,222300,1
2017/08/01,222400,226500,221900,224000,2048,224000,1
2017/08/02,224400,224400,220000,220000,851,220000,1
2017/08/03,221300,222200,218600,221200,493,221200,1
2017/08/04,222600,222600,219200,219400,559,219400,1
2017/08/07,219700,220000,217700,217700,579,217700,1
2017/08/08,217800,219400,216300,219000,617,219000,1
2017/08/09,219000,219700,216000,219600,1326,219600,1
2017/08/10,218200,219400,216700,218700,1392,218700,1
2017/08/14,218000,218200,216000,216400,837,216400,1
2017/08/15,217700,217700,215000,215100,851,215100,1
2017/08/16,216700,216700,215000,215800,484,215800,1
2017/08/17,215800,216000,214600,214600,736,214600,1
2017/08/18,214000,214600,212500,213800,1025,213800,1
2017/08/21,214500,215500,214200,215400,503,215400,1
2017/08/22,215500,215900,214800,215200,592,215200,1
2017/08/23,215300,216600,215000,216600,523,216600,1
2017/08/24,215900,216900,215800,216800,434,216800,1
2017/08/25,216100,219000,216100,218500,1212,218500,1
2017/08/28,218700,219400,217800,219300,1029,219300,1
2017/08/29,212000,216300,212000,213500,2117,213500,1
2017/08/30,213500,218100,211200,216500,2160,216500,1
2017/08/31,215500,216200,213800,214800,816,214800,1
2017/09/01,214000,214700,211700,212100,479,212100,1
2017/09/04,211900,212800,207900,208700,1182,208700,1
2017/09/05,208700,209300,203600,204400,1174,204400,1
2017/09/06,201300,204200,201200,203300,810,203300,1
2017/09/07,204400,204500,202700,203500,565,203500,1
2017/09/08,203100,203900,201400,202200,724,202200,1
2017/09/11,202000,202900,200600,200600,926,200600,1
2017/09/12,201100,203800,201100,203800,418,203800,1
2017/09/13,203700,203700,202200,202300,308,202300,1
2017/09/14,202600,203100,201300,202300,521,202300,1
2017/09/15,202900,204300,202400,203400,435,203400,1
2017/09/19,204800,205800,204300,205800,383,205800,1
2017/09/20,205000,209200,205000,209000,811,209000,1
2017/09/21,208500,208600,206300,206300,362,206300,1
2017/09/22,206500,207200,203300,204200,623,204200,1
2017/09/25,204300,212000,204300,211700,1616,211700,1
2017/09/26,211700,211900,210600,211700,352,211700,1
2017/09/27,211600,214500,211600,212200,609,212200,1
2017/09/28,212200,215800,211500,215800,842,215800,1
2017/09/29,215800,217800,214700,217300,988,217300,1
2017/10/02,217600,217600,215000,217400,683,217400,1
2017/10/03,217000,217900,216300,217900,488,217900,1
2017/10/04,217200,219000,217200,219000,569,219000,1
2017/10/05,219000,219400,217100,217300,1071,217300,1
2017/10/06,217500,217700,214500,214800,810,214800,1
2017/10/10,214800,217700,214600,216200,804,216200,1
2017/10/11,217000,219200,217000,218000,1128,218000,1
2017/10/12,222900,226000,220300,223600,2970,223600,1
2017/10/13,224000,225400,223900,224400,887,224400,1
2017/10/16,224400,225400,224400,225200,556,225200,1
2017/10/17,225500,225500,223100,224700,1389,224700,1
2017/10/18,224200,224600,222300,224200,1400,224200,1
2017/10/19,224500,225700,224200,225000,1043,225000,1
2017/10/20,225000,225100,223500,223500,846,223500,1
2017/10/23,223800,224200,222900,223200,657,223200,1
2017/10/24,224100,225700,223900,225600,999,225600,1
2017/10/25,225600,225600,223300,223600,538,223600,1
2017/10/26,223500,224300,223000,223800,318,223800,1
2017/10/27,224100,224500,223400,224200,478,224200,1
2017/10/30,224200,224200,222900,222900,851,222900,1
2017/10/31,223100,223300,222300,222300,570,222300,1
2017/11/01,223300,224900,222600,224100,666,224100,1
2017/11/02,224100,225400,224100,224800,574,224800,1
2017/11/06,225800,225900,224800,225200,529,225200,1
2017/11/07,225000,225800,225000,225700,512,225700,1
2017/11/08,225800,226000,225200,225200,494,225200,1
2017/11/09,225100,225900,224600,225000,1148,225000,1
2017/11/10,225400,227500,225300,227000,1267,227000,1
2017/11/13,228200,233700,228200,232800,1066,232800,1
2017/11/14,232800,243400,232800,243100,2600,243100,1
2017/11/15,241000,242300,235100,239300,1816,239300,1
2017/11/16,237900,239100,237700,238300,655,238300,1
2017/11/17,237800,241900,236600,241200,2092,241200,1
2017/11/20,241200,245400,241100,245200,2133,245200,1
2017/11/21,245400,249900,245300,249700,2142,249700,1
2017/11/22,250200,250800,245300,245500,1199,245500,1
2017/11/24,246300,247700,244300,247000,996,247000,1
2017/11/27,247000,247900,244600,246900,636,246900,1
2017/11/28,247500,247800,245600,247200,596,247200,1
2017/11/29,246100,246600,241300,241300,1427,241300,1
2017/11/30,240800,241000,235400,239000,2181,239000,1
2017/12/01,240400,244400,240400,243600,1056,243600,1
2017/12/04,244100,244500,242700,244500,472,244500,1
2017/12/05,244500,249000,244400,249000,961,249000,1
2017/12/06,247700,248800,245500,248800,538,248800,1
2017/12/07,248400,248800,247300,247700,374,247700,1
2017/12/08,247200,248600,246200,247900,514,247900,1
2017/12/11,247900,249200,247200,248300,492,248300,1
2017/12/12,248400,249300,247800,247800,299,247800,1
2017/12/13,248900,250300,248500,249700,1092,249700,1
2017/12/14,250000,250000,248900,249200,285,249200,1
2017/12/15,248300,249800,247400,249400,570,249400,1
2017/12/18,249000,250000,248100,249100,190,249100,1
2017/12/19,248300,249100,246200,246800,713,246800,1
2017/12/20,246800,248000,246300,247600,168,247600,1
2017/12/21,246900,248300,246300,247700,329,247700,1
2017/12/22,248700,249700,248100,249700,318,249700,1
2017/12/25,249800,250000,248000,249300,252,249300,1
2017/12/26,249600,249600,247800,248800,165,248800,1
2017/12/27,249500,249600,248100,249600,280,249600,1
2017/12/28,249700,250000,249500,249600,305,249600,1
2017/12/29,249600,250100,248800,250000,361,250000,1
2018/01/04,250000,250200,247800,250000,645,250000,1
2018/01/05,250200,250800,249400,249400,466,249400,1
2018/01/09,250000,254200,250000,251600,646,251600,1
2018/01/10,253000,253000,250400,251700,796,251700,1
2018/01/11,252500,253900,252200,253900,533,253900,1
2018/01/12,254500,257900,254000,257200,790,257200,1
2018/01/15,257600,257700,255700,257200,897,257200,1
2018/01/16,257400,257700,256400,256800,284,256800,1
2018/01/17,256300,256800,255100,255800,677,255800,1
2018/01/18,256000,256900,254300,255500,1506,255500,1
2018/01/19,255600,256400,254200,255100,653,255100,1
2018/01/22,256400,256400,255000,255100,368,255100,1
2018/01/23,256200,256800,255100,256400,460,256400,1
2018/01/24,256700,257400,256100,257400,699,257400,1
2018/01/25,257700,259400,256800,256800,1094,256800,1
2018/01/26,258700,258700,256500,257200,314,257200,1
2018/01/29,257100,258900,257100,258400,535,258400,1
2018/01/30,259000,259200,257400,257900,418,257900,1
2018/01/31,257900,259200,257600,258500,381,258500,1
2018/02/01,259300,259900,255300,256300,1246,256300,1
2018/02/02,256400,257100,255500,255500,455,255500,1
2018/02/05,254500,255900,252600,255400,756,255400,1
2018/02/06,249700,251700,242200,243800,2086,243800,1
2018/02/07,247400,252400,244000,244000,1093,244000,1
2018/02/08,250000,251900,248400,250900,724,250900,1
2018/02/09,246000,248000,244700,246000,990,246000,1
2018/02/13,249900,251000,243600,243600,1125,243600,1
2018/02/14,243600,246700,243100,244400,727,244400,1
2018/02/15,245100,246900,244600,245900,376,245900,1
2018/02/16,245500,248000,245500,248000,568,248000,1
2018/02/19,248700,251300,248700,251200,805,251200,1
2018/02/20,252400,254200,251100,251100,844,251100,1
2018/02/21,251000,251800,249800,250800,709,250800,1
2018/02/22,251600,251600,249100,249700,925,249700,1
2018/02/23,250000,254000,249800,252000,1426,252000,1
2018/02/26,244600,245700,244600,245300,1096,245300,1
2018/02/27,245400,246800,245300,246000,674,246000,1
2018/02/28,245600,246500,244900,246500,385,246500,1
2018/03/01,245600,246400,243100,243100,608,243100,1
2018/03/02,243000,243100,241200,241900,479,241900,1
2018/03/05,244800,244800,239500,240500,448,240500,1
2018/03/06,240600,242200,239100,239700,281,239700,1
2018/03/07,239800,240200,236300,236300,490,236300,1
2018/03/08,235700,236400,232300,232400,1364,232400,1
2018/03/09,232400,233400,232000,232400,604,232400,1
2018/03/12,234000,239300,234000,237000,721,237000,1
2018/03/13,234700,242700,234000,241400,984,241400,1
2018/03/14,241400,243900,238800,241400,935,241400,1
2018/03/15,241700,246400,241000,245100,750,245100,1
2018/03/16,246300,246800,244000,246600,262,246600,1
2018/03/19,246000,246500,242900,243200,434,243200,1
2018/03/20,242900,242900,240300,242000,372,242000,1
2018/03/22,241200,242000,238600,240900,487,240900,1
2018/03/23,238600,244100,238400,241300,547,241300,1
2018/03/26,241200,242000,240100,240100,640,240100,1
2018/03/27,241400,243400,229100,241100,1463,241100,1
2018/03/28,240100,242600,240100,241100,464,241100,1
2018/03/29,241100,242800,240200,241300,349,241300,1
2018/03/30,241200,244700,241000,242700,252,242700,1
2018/04/02,242200,244200,240300,242300,498,242300,1
2018/04/03,242300,245500,241300,244300,397,244300,1
2018/04/04,244100,246500,241500,241800,1203,241800,1
2018/04/05,243100,246500,241200,244500,598,244500,1
2018/04/06,244500,245500,241400,241400,779,241400,1
2018/04/09,241800,244500,240300,244200,672,244200,1
2018/04/10,244700,248600,244700,247100,821,247100,1
2018/04/11,247100,248200,245200,245400,240,245400,1
2018/04/12,245400,247500,244500,247100,290,247100,1
2018/04/13,246300,247400,244500,246400,389,246400,1
2018/04/16,245800,246800,242700,243200,362,243200,1
2018/04/17,243300,244000,242200,243100,415,243100,1
2018/04/18,243400,245700,243400,245700,411,245700,1
2018/04/19,246400,248000,245000,248000,469,248000,1
2018/04/20,247800,247800,244600,245800,555,245800,1
2018/04/23,247500,247500,245800,246100,530,246100,1
2018/04/24,247500,247500,245100,247400,321,247400,1
2018/04/25,247400,249100,246900,249100,326,249100,1
2018/04/26,249300,253000,247300,248100,922,248100,1
2018/04/27,248900,250500,248100,249700,692,249700,1
2018/05/01,248500,251300,246700,246800,977,246800,1
2018/05/02,246900,248000,245400,246100,1072,246100,1
2018/05/07,246200,247300,245500,247300,757,247300,1
2018/05/08,247300,249400,245600,248700,964,248700,1
2018/05/09,248100,248500,247000,247000,977,247000,1
2018/05/10,247000,247000,245400,246900,1023,246900,1
2018/05/11,246300,247800,246300,247200,609,247200,1
2018/05/14,247200,247800,246500,246500,289,246500,1
2018/05/15,246500,246500,245100,245500,845,245500,1
2018/05/16,245200,246000,244200,244600,776,244600,1
2018/05/17,244800,247100,244800,247000,636,247000,1
2018/05/18,246500,247400,245700,247400,580,247400,1
2018/05/21,247000,248600,246200,248600,394,248600,1
2018/05/22,248600,249400,248200,249400,783,249400,1
2018/05/23,249500,249500,248300,248500,296,248500,1
2018/05/24,249300,249300,247500,248900,259,248900,1
2018/05/25,247500,249600,247200,248800,398,248800,1
2018/05/28,249900,253200,249900,251300,1241,251300,1
2018/05/29,251300,251500,249400,251200,540,251200,1
2018/05/30,251200,251700,249800,251200,299,251200,1
2018/05/31,251200,251900,250700,251100,284,251100,1
2018/06/01,251100,251300,249900,249900,271,249900,1
2018/06/04,250500,252300,250300,251800,319,251800,1
2018/06/05,251200,251800,250200,251400,256,251400,1
2018/06/06,250800,251300,250500,250500,218,250500,1
2018/06/07,250200,251600,249900,251500,239,251500,1
2018/06/08,251500,251800,250600,251100,309,251100,1
2018/06/11,251100,251700,250400,251300,129,251300,1
2018/06/12,251200,252000,251200,251400,172,251400,1
2018/06/13,251700,251700,250800,251000,175,251000,1
2018/06/14,250800,251600,250200,251600,331,251600,1
2018/06/15,251600,252500,250700,251700,635,251700,1
2018/06/18,251900,252900,251100,251900,709,251900,1
2018/06/19,251600,252300,250800,250900,285,250900,1
2018/06/20,251500,251800,250600,251100,164,251100,1
2018/06/21,252000,253800,251900,253300,656,253300,1
2018/06/22,253500,255900,247300,253800,962,253800,1
2018/06/25,255200,255800,253600,253800,497,253800,1
2018/06/26,255900,257500,254100,256300,1572,256300,1
2018/06/27,257700,257800,256100,256400,703,256400,1
2018/06/28,257200,257200,255500,257000,277,257000,1
2018/06/29,257000,258800,257000,257900,657,257900,1
2018/07/02,257900,258900,256200,256400,608,256400,1
2018/07/03,256000,258000,255500,257500,828,257500,1
2018/07/04,256900,258900,256500,257900,687,257900,1
2018/07/05,257600,258600,255500,257600,892,257600,1
2018/07/06,257900,258700,257000,257200,844,257200,1
2018/07/09,258800,258800,258100,258200,303,258200,1
2018/07/10,258800,259000,257800,258300,725,258300,1
2018/07/11,258800,259400,258300,259300,969,259300,1
2018/07/12,259100,261300,258800,260500,1084,260500,1
2018/07/13,260500,260500,258300,258600,1049,258600,1
2018/07/17,258600,259400,256500,257200,744,257200,1
2018/07/18,258000,258900,256600,257100,406,257100,1
2018/07/19,257300,257800,256700,257600,299,257600,1
2018/07/20,256900,258500,256800,257300,317,257300,1
2018/07/23,257500,258100,254500,256700,1180,256700,1
2018/07/24,256000,257100,255000,255600,679,255600,1
2018/07/25,255200,257000,255200,256500,411,256500,1
2018/07/26,256100,256700,253400,256100,838,256100,1
2018/07/27,256300,258800,255300,258500,714,258500,1
2018/07/30,258800,260400,257000,260000,2062,260000,1
2018/07/31,257200,260300,257200,259100,982,259100,1
2018/08/01,259400,262800,259200,259500,838,259500,1
2018/08/02,260000,261000,258500,258800,1036,258800,1
2018/08/03,258700,259400,258000,258300,491,258300,1
2018/08/06,258300,258800,257600,257600,894,257600,1
2018/08/07,257500,257900,255400,257300,790,257300,1
2018/08/08,257200,258500,257100,258000,427,258000,1
2018/08/09,257600,258500,257100,257100,779,257100,1
2018/08/10,258200,258500,256800,256800,684,256800,1
2018/08/13,256100,256900,255000,255100,679,255100,1
2018/08/14,255000,255700,253000,253600,1207,253600,1
