2007/01/04,978.0,980.0,972.0,980.0,6000,980,0.5
2007/01/05,980.0,980.0,976.0,976.0,8000,976,0.5
2007/01/09,976.0,980.0,960.0,962.0,11000,962,0.5
2007/01/10,970.0,970.0,956.0,956.0,13000,956,0.5
2007/01/11,952.0,952.0,952.0,952.0,1000,952,0.5
2007/01/12,958.0,958.0,954.0,954.0,5000,954,0.5
2007/01/15,974.0,978.0,962.0,970.0,6000,970,0.5
2007/01/16,970.0,978.0,970.0,978.0,2000,978,0.5
2007/01/17,980.0,984.0,972.0,984.0,11000,984,0.5
2007/01/18,994.0,1026.0,994.0,1020.0,15000,1020,0.5
2007/01/19,1018.0,1020.0,1002.0,1002.0,9000,1002,0.5
2007/01/22,1018.0,1030.0,1010.0,1028.0,21000,1028,0.5
2007/01/23,1034.0,1062.0,1032.0,1032.0,25000,1032,0.5
2007/01/24,1038.0,1040.0,1036.0,1040.0,8000,1040,0.5
2007/01/25,1038.0,1040.0,1038.0,1040.0,7000,1040,0.5
2007/01/26,1012.0,1018.0,1006.0,1018.0,21000,1018,0.5
2007/01/29,1020.0,1024.0,1010.0,1024.0,9000,1024,0.5
2007/01/30,1024.0,1030.0,1018.0,1018.0,10000,1018,0.5
2007/01/31,1020.0,1020.0,1006.0,1018.0,23000,1018,0.5
2007/02/01,1002.0,1006.0,1002.0,1006.0,11000,1006,0.5
2007/02/02,1014.0,1014.0,1000.0,1014.0,14000,1014,0.5
2007/02/05,1014.0,1014.0,1002.0,1002.0,14000,1002,0.5
2007/02/06,1008.0,1008.0,1004.0,1004.0,8000,1004,0.5
2007/02/07,1018.0,1018.0,1000.0,1002.0,10000,1002,0.5
2007/02/08,1000.0,1000.0,994.0,1000.0,10000,1000,0.5
2007/02/09,1004.0,1004.0,980.0,992.0,11000,992,0.5
2007/02/13,998.0,1022.0,998.0,1020.0,6000,1020,0.5
2007/02/14,1030.0,1050.0,1004.0,1050.0,16000,1050,0.5
2007/02/15,970.0,970.0,944.0,958.0,62000,958,0.5
2007/02/16,950.0,952.0,938.0,952.0,21000,952,0.5
2007/02/19,952.0,966.0,950.0,952.0,10000,952,0.5
2007/02/20,952.0,952.0,952.0,952.0,1000,952,0.5
2007/02/21,950.0,950.0,948.0,950.0,3000,950,0.5
2007/02/22,944.0,944.0,938.0,938.0,7000,938,0.5
2007/02/23,940.0,940.0,938.0,940.0,9000,940,0.5
2007/02/26,950.0,958.0,944.0,958.0,7000,958,0.5
2007/02/27,956.0,956.0,942.0,942.0,6000,942,0.5
2007/02/28,918.0,918.0,876.0,916.0,29000,916,0.5
2007/03/01,916.0,916.0,898.0,898.0,6000,898,0.5
2007/03/02,892.0,892.0,890.0,890.0,5000,890,0.5
2007/03/05,900.0,904.0,882.0,882.0,9000,882,0.5
2007/03/06,874.0,902.0,874.0,902.0,8000,902,0.5
2007/03/07,920.0,920.0,910.0,910.0,3000,910,0.5
2007/03/08,920.0,920.0,920.0,920.0,3000,920,0.5
2007/03/09,920.0,932.0,920.0,932.0,3000,932,0.5
2007/03/12,930.0,930.0,930.0,930.0,3000,930,0.5
2007/03/13,930.0,952.0,924.0,952.0,8000,952,0.5
2007/03/14,934.0,934.0,918.0,918.0,4000,918,0.5
2007/03/15,956.0,956.0,936.0,940.0,16000,940,0.5
2007/03/16,920.0,926.0,916.0,926.0,7000,926,0.5
2007/03/19,916.0,940.0,916.0,920.0,11000,920,0.5
2007/03/20,930.0,980.0,930.0,980.0,11000,980,0.5
2007/03/22,968.0,968.0,962.0,962.0,6000,962,0.5
2007/03/23,970.0,978.0,970.0,978.0,6000,978,0.5
2007/03/26,988.0,988.0,960.0,964.0,10000,964,0.5
2007/03/27,942.0,942.0,942.0,942.0,1000,942,0.5
2007/03/28,962.0,962.0,962.0,962.0,1000,962,0.5
2007/03/30,926.0,926.0,912.0,916.0,5000,916,0.5
2007/04/02,918.0,918.0,916.0,916.0,4000,916,0.5
2007/04/04,918.0,918.0,918.0,918.0,2000,918,0.5
2007/04/05,910.0,910.0,910.0,910.0,2000,910,0.5
2007/04/06,894.0,904.0,894.0,904.0,4000,904,0.5
2007/04/09,910.0,910.0,910.0,910.0,1000,910,0.5
2007/04/11,914.0,914.0,914.0,914.0,1000,914,0.5
2007/04/13,908.0,908.0,882.0,884.0,8000,884,0.5
2007/04/16,890.0,890.0,890.0,890.0,1000,890,0.5
2007/04/17,880.0,900.0,880.0,900.0,3000,900,0.5
2007/04/18,908.0,908.0,908.0,908.0,1000,908,0.5
2007/04/19,900.0,900.0,880.0,880.0,3000,880,0.5
2007/04/23,880.0,880.0,860.0,860.0,5000,860,0.5
2007/04/24,880.0,880.0,880.0,880.0,2000,880,0.5
2007/04/25,878.0,880.0,878.0,880.0,2000,880,0.5
2007/04/26,862.0,862.0,820.0,838.0,19000,838,0.5
2007/04/27,838.0,842.0,838.0,842.0,3000,842,0.5
2007/05/01,844.0,844.0,844.0,844.0,1000,844,0.5
2007/05/08,872.0,872.0,872.0,872.0,1000,872,0.5
2007/05/10,874.0,874.0,874.0,874.0,1000,874,0.5
2007/05/11,872.0,872.0,872.0,872.0,1000,872,0.5
2007/05/14,912.0,912.0,884.0,892.0,19000,892,0.5
2007/05/15,886.0,886.0,886.0,886.0,2000,886,0.5
2007/05/16,882.0,882.0,874.0,874.0,12000,874,0.5
2007/05/18,864.0,864.0,862.0,862.0,2000,862,0.5
2007/05/21,832.0,832.0,814.0,820.0,19000,820,0.5
2007/05/22,822.0,830.0,820.0,820.0,3000,820,0.5
2007/05/23,822.0,830.0,822.0,822.0,4000,822,0.5
2007/05/24,822.0,822.0,820.0,820.0,2000,820,0.5
2007/05/25,824.0,838.0,820.0,838.0,4000,838,0.5
2007/05/28,836.0,836.0,836.0,836.0,1000,836,0.5
2007/05/29,838.0,842.0,828.0,828.0,11000,828,0.5
2007/05/30,822.0,822.0,820.0,820.0,11000,820,0.5
2007/05/31,820.0,820.0,800.0,800.0,36000,800,0.5
2007/06/01,810.0,810.0,784.0,784.0,18000,784,0.5
2007/06/04,816.0,816.0,808.0,808.0,3000,808,0.5
2007/06/06,814.0,816.0,814.0,816.0,2000,816,0.5
2007/06/07,802.0,810.0,802.0,810.0,3000,810,0.5
2007/06/08,800.0,800.0,800.0,800.0,6000,800,0.5
2007/06/11,804.0,806.0,804.0,806.0,4000,806,0.5
2007/06/12,810.0,810.0,810.0,810.0,1000,810,0.5
2007/06/13,794.0,800.0,794.0,800.0,5000,800,0.5
2007/06/14,802.0,816.0,802.0,816.0,15000,816,0.5
2007/06/15,816.0,816.0,816.0,816.0,1000,816,0.5
2007/06/18,824.0,824.0,824.0,824.0,1000,824,0.5
2007/06/19,814.0,814.0,814.0,814.0,5000,814,0.5
2007/06/20,806.0,814.0,806.0,814.0,3000,814,0.5
2007/06/21,812.0,814.0,812.0,814.0,2000,814,0.5
2007/06/25,814.0,814.0,810.0,810.0,2000,810,0.5
2007/06/26,812.0,812.0,808.0,810.0,11000,810,0.5
2007/06/27,808.0,812.0,808.0,812.0,7000,812,0.5
2007/06/28,814.0,814.0,814.0,814.0,1000,814,0.5
2007/06/29,816.0,816.0,816.0,816.0,1000,816,0.5
2007/07/02,796.0,804.0,796.0,804.0,16000,804,0.5
2007/07/04,812.0,812.0,802.0,802.0,6000,802,0.5
2007/07/05,798.0,802.0,780.0,790.0,24000,790,0.5
2007/07/06,788.0,794.0,788.0,794.0,9000,794,0.5
2007/07/09,798.0,798.0,798.0,798.0,1000,798,0.5
2007/07/10,798.0,798.0,798.0,798.0,1000,798,0.5
2007/07/12,800.0,802.0,796.0,796.0,9000,796,0.5
2007/07/13,788.0,788.0,788.0,788.0,1000,788,0.5
2007/07/17,796.0,796.0,796.0,796.0,2000,796,0.5
2007/07/18,796.0,796.0,772.0,772.0,6000,772,0.5
2007/07/19,780.0,780.0,780.0,780.0,1000,780,0.5
2007/07/20,820.0,820.0,800.0,800.0,11000,800,0.5
2007/07/23,782.0,782.0,776.0,776.0,3000,776,0.5
2007/07/24,796.0,796.0,794.0,794.0,2000,794,0.5
2007/07/25,794.0,794.0,794.0,794.0,5000,794,0.5
2007/07/27,764.0,766.0,764.0,766.0,3000,766,0.5
2007/08/01,766.0,766.0,762.0,764.0,3000,764,0.5
2007/08/02,764.0,764.0,764.0,764.0,1000,764,0.5
2007/08/03,764.0,764.0,764.0,764.0,1000,764,0.5
2007/08/06,764.0,764.0,742.0,750.0,4000,750,0.5
2007/08/07,748.0,748.0,742.0,742.0,6000,742,0.5
2007/08/08,742.0,742.0,740.0,740.0,3000,740,0.5
2007/08/09,730.0,730.0,730.0,730.0,5000,730,0.5
2007/08/10,722.0,722.0,720.0,720.0,7000,720,0.5
2007/08/13,706.0,706.0,706.0,706.0,2000,706,0.5
2007/08/14,720.0,720.0,720.0,720.0,1000,720,0.5
2007/08/16,700.0,700.0,682.0,682.0,3000,682,0.5
2007/08/17,680.0,680.0,670.0,670.0,3000,670,0.5
2007/08/20,678.0,690.0,670.0,670.0,6000,670,0.5
2007/08/21,680.0,680.0,672.0,672.0,2000,672,0.5
2007/08/24,664.0,664.0,664.0,664.0,1000,664,0.5
2007/08/27,700.0,700.0,680.0,680.0,2000,680,0.5
2007/08/28,690.0,690.0,686.0,688.0,4000,688,0.5
2007/08/31,668.0,668.0,668.0,668.0,1000,668,0.5
2007/09/04,676.0,676.0,676.0,676.0,1000,676,0.5
2007/09/06,670.0,670.0,668.0,668.0,2000,668,0.5
2007/09/10,662.0,662.0,662.0,662.0,1000,662,0.5
2007/09/11,680.0,680.0,680.0,680.0,2000,680,0.5
2007/09/12,678.0,678.0,678.0,678.0,5000,678,0.5
2007/09/13,660.0,662.0,658.0,658.0,8000,658,0.5
2007/09/14,660.0,660.0,660.0,660.0,1000,660,0.5
2007/09/18,660.0,660.0,630.0,630.0,3000,630,0.5
2007/09/19,650.0,650.0,650.0,650.0,3000,650,0.5
2007/09/20,650.0,650.0,648.0,650.0,6000,650,0.5
2007/09/21,650.0,650.0,650.0,650.0,5000,650,0.5
2007/09/25,670.0,670.0,642.0,642.0,3000,642,0.5
2007/09/26,650.0,650.0,650.0,650.0,6000,650,0.5
2007/09/27,650.0,670.0,650.0,670.0,2000,670,0.5
2007/09/28,676.0,676.0,676.0,676.0,1000,676,0.5
2007/10/01,632.0,632.0,632.0,632.0,6000,632,0.5
2007/10/02,642.0,642.0,642.0,642.0,4000,642,0.5
2007/10/03,654.0,666.0,654.0,666.0,3000,666,0.5
2007/10/04,678.0,678.0,678.0,678.0,3000,678,0.5
2007/10/09,688.0,688.0,688.0,688.0,1000,688,0.5
2007/10/11,684.0,684.0,684.0,684.0,1000,684,0.5
2007/10/12,684.0,684.0,684.0,684.0,3000,684,0.5
2007/10/16,704.0,704.0,704.0,704.0,1000,704,0.5
2007/10/19,682.0,682.0,678.0,678.0,3000,678,0.5
2007/10/22,678.0,678.0,676.0,678.0,4000,678,0.5
2007/10/23,678.0,678.0,678.0,678.0,5000,678,0.5
2007/10/24,678.0,678.0,678.0,678.0,3000,678,0.5
2007/10/25,678.0,678.0,678.0,678.0,2000,678,0.5
2007/10/29,688.0,688.0,688.0,688.0,1000,688,0.5
2007/10/31,686.0,686.0,686.0,686.0,1000,686,0.5
2007/11/08,638.0,638.0,638.0,638.0,1000,638,0.5
2007/11/12,628.0,628.0,628.0,628.0,1000,628,0.5
2007/11/13,628.0,628.0,622.0,622.0,6000,622,0.5
2007/11/14,612.0,622.0,612.0,622.0,4000,622,0.5
2007/11/15,612.0,612.0,602.0,610.0,8000,610,0.5
2007/11/16,606.0,610.0,604.0,610.0,9000,610,0.5
2007/11/19,614.0,614.0,610.0,610.0,7000,610,0.5
2007/11/20,608.0,608.0,608.0,608.0,4000,608,0.5
2007/11/22,602.0,602.0,596.0,596.0,3000,596,0.5
2007/11/26,602.0,602.0,602.0,602.0,3000,602,0.5
2007/11/27,600.0,602.0,600.0,602.0,2000,602,0.5
2007/11/28,616.0,620.0,616.0,620.0,4000,620,0.5
2007/11/29,620.0,620.0,620.0,620.0,1000,620,0.5
2007/12/04,608.0,608.0,608.0,608.0,1000,608,0.5
2007/12/05,602.0,606.0,602.0,606.0,7000,606,0.5
2007/12/06,604.0,604.0,604.0,604.0,2000,604,0.5
2007/12/07,604.0,604.0,604.0,604.0,1000,604,0.5
2007/12/11,606.0,606.0,606.0,606.0,3000,606,0.5
2007/12/13,604.0,604.0,602.0,602.0,3000,602,0.5
2007/12/14,618.0,618.0,618.0,618.0,3000,618,0.5
2007/12/17,616.0,616.0,606.0,606.0,2000,606,0.5
2007/12/18,616.0,616.0,616.0,616.0,2000,616,0.5
2007/12/19,614.0,614.0,602.0,602.0,5000,602,0.5
2007/12/20,602.0,602.0,600.0,600.0,2000,600,0.5
2007/12/21,596.0,600.0,596.0,600.0,3000,600,0.5
2007/12/25,598.0,612.0,598.0,600.0,5000,600,0.5
2007/12/28,614.0,616.0,614.0,616.0,5000,616,0.5
2008/01/04,600.0,600.0,600.0,600.0,1000,600,0.5
2008/01/07,580.0,580.0,578.0,580.0,9000,580,0.5
2008/01/09,568.0,568.0,568.0,568.0,4000,568,0.5
2008/01/10,594.0,594.0,572.0,588.0,4000,588,0.5
2008/01/11,564.0,564.0,550.0,550.0,5000,550,0.5
2008/01/15,542.0,542.0,542.0,542.0,1000,542,0.5
2008/01/16,530.0,530.0,530.0,530.0,2000,530,0.5
2008/01/17,530.0,530.0,510.0,510.0,3000,510,0.5
2008/01/18,508.0,508.0,506.0,508.0,3000,508,0.5
2008/01/21,502.0,508.0,502.0,508.0,3000,508,0.5
2008/01/22,494.0,498.0,486.0,492.0,5000,492,0.5
2008/01/23,496.0,496.0,494.0,494.0,2000,494,0.5
2008/01/24,502.0,532.0,502.0,532.0,2000,532,0.5
2008/01/25,532.0,532.0,532.0,532.0,2000,532,0.5
2008/01/28,562.0,562.0,562.0,562.0,1000,562,0.5
2008/01/29,550.0,550.0,550.0,550.0,1000,550,0.5
2008/01/30,560.0,560.0,560.0,560.0,2000,560,0.5
2008/02/01,560.0,578.0,560.0,578.0,4000,578,0.5
2008/02/04,538.0,538.0,538.0,538.0,1000,538,0.5
2008/02/08,540.0,540.0,538.0,538.0,2000,538,0.5
2008/02/12,470.0,476.0,450.0,450.0,32000,450,0.5
2008/02/13,440.0,450.0,440.0,450.0,12000,450,0.5
2008/02/14,450.0,458.0,450.0,454.0,5000,454,0.5
2008/02/15,454.0,454.0,454.0,454.0,1000,454,0.5
2008/02/18,454.0,454.0,450.0,450.0,7000,450,0.5
2008/02/19,454.0,454.0,454.0,454.0,2000,454,0.5
2008/02/20,454.0,454.0,454.0,454.0,2000,454,0.5
2008/02/22,440.0,450.0,440.0,450.0,5000,450,0.5
2008/02/25,452.0,472.0,452.0,452.0,4000,452,0.5
2008/02/26,452.0,452.0,452.0,452.0,1000,452,0.5
2008/02/27,450.0,450.0,440.0,440.0,14000,440,0.5
2008/02/28,450.0,452.0,450.0,452.0,6000,452,0.5
2008/03/03,444.0,444.0,444.0,444.0,1000,444,0.5
2008/03/04,444.0,444.0,444.0,444.0,1000,444,0.5
2008/03/06,450.0,450.0,450.0,450.0,3000,450,0.5
2008/03/07,450.0,450.0,450.0,450.0,2000,450,0.5
2008/03/10,432.0,432.0,432.0,432.0,5000,432,0.5
2008/03/13,442.0,442.0,442.0,442.0,1000,442,0.5
2008/03/18,420.0,420.0,420.0,420.0,2000,420,0.5
2008/03/21,422.0,422.0,422.0,422.0,2000,422,0.5
2008/03/24,418.0,430.0,416.0,430.0,5000,430,0.5
2008/03/25,470.0,470.0,470.0,470.0,3000,470,0.5
2008/03/26,424.0,426.0,424.0,426.0,4000,426,0.5
2008/03/28,456.0,456.0,456.0,456.0,1000,456,0.5
2008/04/07,402.0,402.0,402.0,402.0,2000,402,0.5
2008/04/14,420.0,420.0,400.0,400.0,3000,400,0.5
2008/04/16,402.0,402.0,402.0,402.0,2000,402,0.5
2008/04/17,400.0,402.0,400.0,402.0,2000,402,0.5
2008/04/18,402.0,402.0,402.0,402.0,1000,402,0.5
2008/04/22,404.0,404.0,404.0,404.0,1000,404,0.5
2008/04/23,420.0,420.0,420.0,420.0,2000,420,0.5
2008/04/25,440.0,440.0,436.0,436.0,3000,436,0.5
2008/04/28,440.0,440.0,440.0,440.0,1000,440,0.5
2008/05/07,410.0,436.0,410.0,436.0,5000,436,0.5
2008/05/13,444.0,444.0,440.0,440.0,2000,440,0.5
2008/05/15,460.0,460.0,440.0,440.0,3000,440,0.5
2008/05/16,430.0,438.0,430.0,438.0,3000,438,0.5
2008/05/19,420.0,420.0,410.0,410.0,6000,410,0.5
2008/05/20,410.0,410.0,410.0,410.0,2000,410,0.5
2008/05/21,410.0,410.0,410.0,410.0,3000,410,0.5
2008/05/22,404.0,404.0,400.0,400.0,4000,400,0.5
2008/05/23,406.0,406.0,404.0,404.0,4000,404,0.5
2008/05/26,434.0,440.0,434.0,440.0,3000,440,0.5
2008/05/28,444.0,444.0,444.0,444.0,1000,444,0.5
2008/06/02,418.0,438.0,418.0,438.0,3000,438,0.5
2008/06/04,414.0,414.0,414.0,414.0,2000,414,0.5
2008/06/05,412.0,416.0,406.0,414.0,9000,414,0.5
2008/06/06,416.0,416.0,416.0,416.0,1000,416,0.5
2008/06/10,408.0,408.0,408.0,408.0,1000,408,0.5
2008/06/11,406.0,406.0,406.0,406.0,1000,406,0.5
2008/06/12,406.0,406.0,406.0,406.0,1000,406,0.5
2008/06/13,400.0,400.0,400.0,400.0,5000,400,0.5
2008/06/18,400.0,400.0,400.0,400.0,2000,400,0.5
2008/06/19,400.0,400.0,400.0,400.0,4000,400,0.5
2008/06/23,400.0,402.0,400.0,400.0,4000,400,0.5
2008/06/24,402.0,402.0,402.0,402.0,3000,402,0.5
2008/06/25,406.0,406.0,404.0,404.0,3000,404,0.5
2008/06/26,408.0,408.0,408.0,408.0,3000,408,0.5
2008/06/27,400.0,400.0,400.0,400.0,1000,400,0.5
2008/06/30,398.0,416.0,398.0,416.0,3000,416,0.5
2008/07/01,400.0,400.0,400.0,400.0,2000,400,0.5
2008/07/02,400.0,400.0,400.0,400.0,2000,400,0.5
2008/07/04,400.0,400.0,400.0,400.0,1000,400,0.5
2008/07/08,416.0,416.0,416.0,416.0,2000,416,0.5
2008/07/15,386.0,386.0,386.0,386.0,3000,386,0.5
2008/07/16,380.0,380.0,380.0,380.0,2000,380,0.5
2008/07/17,382.0,382.0,380.0,380.0,2000,380,0.5
2008/07/18,460.0,480.0,456.0,460.0,30000,460,0.5
2008/07/22,420.0,420.0,420.0,420.0,1000,420,0.5
2008/07/25,420.0,440.0,420.0,440.0,3000,440,0.5
2008/07/28,458.0,458.0,456.0,456.0,4000,456,0.5
2008/08/08,430.0,436.0,430.0,436.0,2000,436,0.5
2008/08/11,380.0,388.0,368.0,388.0,15000,388,0.5
2008/08/12,378.0,380.0,374.0,380.0,5000,380,0.5
2008/08/13,364.0,364.0,362.0,362.0,5000,362,0.5
2008/08/25,368.0,388.0,368.0,388.0,3000,388,0.5
2008/08/28,388.0,388.0,388.0,388.0,6000,388,0.5
2008/08/29,360.0,370.0,360.0,370.0,3000,370,0.5
2008/09/01,364.0,364.0,340.0,340.0,9000,340,0.5
2008/09/02,350.0,350.0,350.0,350.0,1000,350,0.5
2008/09/03,360.0,360.0,360.0,360.0,1000,360,0.5
2008/09/10,328.0,328.0,318.0,318.0,4000,318,0.5
2008/09/12,320.0,320.0,320.0,320.0,2000,320,0.5
2008/09/22,322.0,322.0,322.0,322.0,1000,322,0.5
2008/09/24,328.0,328.0,328.0,328.0,1000,328,0.5
2008/09/25,348.0,356.0,348.0,356.0,3000,356,0.5
2008/09/29,364.0,370.0,364.0,370.0,6000,370,0.5
2008/10/10,280.0,280.0,220.0,220.0,9000,220,0.5
2008/10/14,240.0,240.0,240.0,240.0,1000,240,0.5
2008/10/17,220.0,220.0,220.0,220.0,5000,220,0.5
2008/10/24,220.0,220.0,204.0,204.0,6000,204,0.5
2008/10/27,214.0,214.0,214.0,214.0,8000,214,0.5
2008/10/28,224.0,240.0,224.0,240.0,8000,240,0.5
2008/11/04,242.0,242.0,240.0,240.0,5000,240,0.5
2008/11/07,218.0,230.0,210.0,230.0,4000,230,0.5
2008/11/10,238.0,240.0,220.0,240.0,8000,240,0.5
2008/11/11,238.0,238.0,238.0,238.0,1000,238,0.5
2008/11/12,218.0,236.0,218.0,236.0,5000,236,0.5
2008/11/17,234.0,236.0,234.0,236.0,3000,236,0.5
2008/11/18,256.0,256.0,256.0,256.0,3000,256,0.5
2008/11/19,256.0,256.0,256.0,256.0,3000,256,0.5
2008/11/20,254.0,254.0,254.0,254.0,3000,254,0.5
2008/11/21,254.0,254.0,254.0,254.0,17000,254,0.5
2008/11/25,254.0,254.0,254.0,254.0,17000,254,0.5
2008/11/26,254.0,254.0,254.0,254.0,11000,254,0.5
2008/11/27,268.0,268.0,268.0,268.0,3000,268,0.5
2008/11/28,288.0,298.0,288.0,298.0,7000,298,0.5
2008/12/01,298.0,298.0,298.0,298.0,3000,298,0.5
2008/12/02,292.0,292.0,292.0,292.0,3000,292,0.5
2008/12/03,290.0,290.0,290.0,290.0,3000,290,0.5
2008/12/08,262.0,280.0,262.0,280.0,7000,280,0.5
2008/12/09,278.0,278.0,278.0,278.0,3000,278,0.5
2008/12/10,274.0,274.0,260.0,260.0,4000,260,0.5
2008/12/11,260.0,260.0,260.0,260.0,1000,260,0.5
2008/12/12,260.0,260.0,260.0,260.0,4000,260,0.5
2008/12/15,250.0,250.0,250.0,250.0,1000,250,0.5
2008/12/18,240.0,240.0,230.0,230.0,6000,230,0.5
2008/12/19,230.0,230.0,230.0,230.0,2000,230,0.5
2008/12/22,260.0,260.0,258.0,260.0,8000,260,0.5
2008/12/24,236.0,236.0,230.0,230.0,5000,230,0.5
2008/12/25,250.0,250.0,250.0,250.0,4000,250,0.5
2008/12/26,250.0,250.0,250.0,250.0,1000,250,0.5
2008/12/29,270.0,280.0,270.0,280.0,7000,280,0.5
2009/01/26,238.0,240.0,238.0,240.0,7000,240,0.5
2009/01/27,214.0,240.0,214.0,240.0,7000,240,0.5
2009/01/28,238.0,240.0,238.0,240.0,8000,240,0.5
2009/02/02,208.0,208.0,208.0,208.0,1000,208,0.5
2009/02/03,208.0,208.0,208.0,208.0,1000,208,0.5
2009/02/16,202.0,204.0,182.0,182.0,5000,182,0.5
2009/02/17,182.0,182.0,182.0,182.0,5000,182,0.5
2009/02/20,152.0,152.0,142.0,142.0,3000,142,0.5
2009/02/23,134.0,140.0,132.0,140.0,3000,140,0.5
2009/02/24,138.0,140.0,138.0,140.0,3000,140,0.5
2009/02/25,158.0,158.0,140.0,140.0,5000,140,0.5
2009/02/26,140.0,142.0,140.0,140.0,13000,140,0.5
2009/02/27,140.0,140.0,140.0,140.0,2000,140,0.5
2009/03/02,200.0,200.0,140.0,140.0,17000,140,0.5
2009/03/03,130.0,130.0,130.0,130.0,6000,130,0.5
2009/03/04,130.0,130.0,130.0,130.0,1000,130,0.5
2009/03/05,140.0,150.0,140.0,150.0,4000,150,0.5
2009/03/06,150.0,150.0,150.0,150.0,2000,150,0.5
2009/03/10,150.0,150.0,150.0,150.0,2000,150,0.5
2009/03/11,150.0,150.0,150.0,150.0,1000,150,0.5
2009/03/17,132.0,146.0,132.0,146.0,2000,146,0.5
2009/03/18,136.0,136.0,130.0,130.0,4000,130,0.5
2009/03/24,140.0,144.0,140.0,144.0,3000,144,0.5
2009/03/25,134.0,144.0,134.0,136.0,6000,136,0.5
2009/03/26,142.0,142.0,138.0,138.0,2000,138,0.5
2009/03/27,144.0,144.0,144.0,144.0,1000,144,0.5
2009/03/30,192.0,192.0,192.0,192.0,9000,192,0.5
2009/03/31,164.0,164.0,144.0,156.0,6000,156,0.5
2009/04/01,156.0,164.0,156.0,164.0,3000,164,0.5
2009/04/02,164.0,164.0,164.0,164.0,2000,164,0.5
2009/04/10,160.0,162.0,160.0,162.0,3000,162,0.5
2009/04/13,164.0,170.0,164.0,170.0,3000,170,0.5
2009/04/15,168.0,168.0,168.0,168.0,2000,168,0.5
2009/04/16,174.0,174.0,174.0,174.0,2000,174,0.5
2009/04/23,168.0,168.0,168.0,168.0,1000,168,0.5
2009/04/27,192.0,196.0,192.0,196.0,4000,196,0.5
2009/04/28,214.0,222.0,214.0,222.0,9000,222,0.5
2009/04/30,222.0,222.0,222.0,222.0,1000,222,0.5
2009/05/20,220.0,220.0,220.0,220.0,1000,220,0.5
2009/05/22,200.0,200.0,200.0,200.0,1000,200,0.5
2009/05/25,230.0,270.0,230.0,270.0,2000,270,0.5
2009/05/26,260.0,260.0,260.0,260.0,1000,260,0.5
2009/05/27,260.0,260.0,260.0,260.0,1000,260,0.5
2009/05/28,290.0,294.0,290.0,294.0,6000,294,0.5
2009/05/29,260.0,260.0,260.0,260.0,1000,260,0.5
2009/06/09,260.0,260.0,260.0,260.0,3000,260,0.5
2009/06/10,280.0,280.0,280.0,280.0,1000,280,0.5
2009/06/11,250.0,260.0,240.0,260.0,11000,260,0.5
2009/06/12,260.0,260.0,260.0,260.0,4000,260,0.5
2009/06/17,240.0,240.0,230.0,230.0,3000,230,0.5
2009/06/25,252.0,252.0,252.0,252.0,2000,252,0.5
2009/06/26,258.0,320.0,258.0,280.0,5000,280,0.5
2009/06/29,320.0,320.0,318.0,318.0,7000,318,0.5
2009/07/03,270.0,270.0,252.0,270.0,4000,270,0.5
2009/07/06,340.0,340.0,278.0,278.0,5000,278,0.5
2009/07/07,288.0,288.0,284.0,284.0,2000,284,0.5
2009/07/08,320.0,320.0,320.0,320.0,2000,320,0.5
2009/07/09,300.0,300.0,284.0,300.0,8000,300,0.5
2009/07/10,290.0,290.0,290.0,290.0,1000,290,0.5
2009/07/13,288.0,288.0,288.0,288.0,2000,288,0.5
2009/07/21,278.0,278.0,268.0,268.0,2000,268,0.5
2009/07/22,260.0,260.0,260.0,260.0,1000,260,0.5
2009/07/24,250.0,256.0,250.0,256.0,2000,256,0.5
2009/07/27,270.0,280.0,270.0,280.0,3000,280,0.5
2009/07/28,256.0,274.0,256.0,274.0,7000,274,0.5
2009/07/29,254.0,254.0,254.0,254.0,1000,254,0.5
2009/07/30,236.0,266.0,236.0,266.0,3000,266,0.5
2009/08/04,246.0,246.0,246.0,246.0,2000,246,0.5
2009/08/10,260.0,260.0,260.0,260.0,3000,260,0.5
2009/08/11,252.0,252.0,252.0,252.0,1000,252,0.5
2009/08/14,234.0,234.0,234.0,234.0,1000,234,0.5
2009/08/21,238.0,238.0,238.0,238.0,1000,238,0.5
2009/08/24,242.0,252.0,242.0,252.0,2000,252,0.5
2009/08/25,262.0,262.0,254.0,260.0,3000,260,0.5
2009/08/26,260.0,260.0,250.0,250.0,2000,250,0.5
2009/08/27,260.0,260.0,260.0,260.0,1000,260,0.5
2009/08/28,268.0,268.0,250.0,250.0,5000,250,0.5
2009/08/31,248.0,248.0,248.0,248.0,1000,248,0.5
2009/09/02,250.0,250.0,250.0,250.0,1000,250,0.5
2009/09/03,252.0,252.0,252.0,252.0,2000,252,0.5
2009/09/08,260.0,260.0,260.0,260.0,1000,260,0.5
2009/09/14,242.0,250.0,242.0,250.0,4000,250,0.5
2009/09/15,242.0,242.0,242.0,242.0,2000,242,0.5
2009/09/24,250.0,250.0,250.0,250.0,1000,250,0.5
2009/09/25,258.0,270.0,258.0,270.0,3000,270,0.5
2009/09/28,290.0,300.0,290.0,300.0,6000,300,0.5
2009/09/29,260.0,260.0,260.0,260.0,1000,260,0.5
2009/10/05,252.0,252.0,252.0,252.0,1000,252,0.5
2009/10/06,242.0,242.0,242.0,242.0,4000,242,0.5
2009/10/08,222.0,240.0,222.0,240.0,4000,240,0.5
2009/10/09,230.0,230.0,230.0,230.0,2000,230,0.5
2009/10/13,232.0,232.0,232.0,232.0,2000,232,0.5
2009/10/16,230.0,230.0,230.0,230.0,4000,230,0.5
2009/10/23,236.0,236.0,236.0,236.0,1000,236,0.5
2009/10/26,256.0,266.0,250.0,250.0,4000,250,0.5
2009/10/28,258.0,268.0,258.0,268.0,4000,268,0.5
2009/11/06,232.0,232.0,232.0,232.0,1000,232,0.5
2009/11/25,256.0,256.0,256.0,256.0,1000,256,0.5
2009/11/27,250.0,250.0,250.0,250.0,1000,250,0.5
2009/11/30,260.0,268.0,260.0,268.0,3000,268,0.5
2009/12/14,266.0,266.0,266.0,266.0,1000,266,0.5
2009/12/16,236.0,238.0,236.0,238.0,3000,238,0.5
2009/12/17,240.0,240.0,240.0,240.0,1000,240,0.5
2009/12/24,240.0,240.0,240.0,240.0,1000,240,0.5
2009/12/25,242.0,248.0,240.0,240.0,10000,240,0.5
2009/12/28,240.0,260.0,240.0,260.0,4000,260,0.5
2010/01/04,256.0,256.0,256.0,256.0,4000,256,0.5
2010/01/06,256.0,256.0,256.0,256.0,1000,256,0.5
2010/01/22,256.0,258.0,256.0,258.0,2000,258,0.5
2010/01/25,258.0,258.0,258.0,258.0,1000,258,0.5
2010/01/28,300.0,300.0,300.0,300.0,3000,300,0.5
2010/02/05,264.0,264.0,264.0,264.0,1000,264,0.5
2010/02/09,266.0,266.0,266.0,266.0,1000,266,0.5
2010/02/15,248.0,248.0,248.0,248.0,2000,248,0.5
2010/02/22,252.0,252.0,252.0,252.0,1000,252,0.5
2010/02/23,242.0,250.0,242.0,250.0,6000,250,0.5
2010/02/25,258.0,278.0,258.0,268.0,3000,268,0.5
2010/02/26,250.0,252.0,250.0,252.0,2000,252,0.5
2010/03/01,256.0,276.0,256.0,276.0,4000,276,0.5
2010/03/05,256.0,256.0,256.0,256.0,2000,256,0.5
2010/03/16,256.0,256.0,256.0,256.0,2000,256,0.5
2010/03/17,250.0,250.0,250.0,250.0,3000,250,0.5
2010/03/24,258.0,258.0,258.0,258.0,1000,258,0.5
2010/03/25,266.0,274.0,266.0,274.0,2000,274,0.5
2010/03/29,306.0,306.0,270.0,270.0,4000,270,0.5
2010/04/08,270.0,270.0,270.0,270.0,1000,270,0.5
2010/04/13,262.0,262.0,262.0,262.0,1000,262,0.5
2010/04/15,264.0,264.0,264.0,264.0,1000,264,0.5
2010/04/16,264.0,264.0,264.0,264.0,3000,264,0.5
2010/04/19,258.0,270.0,258.0,260.0,5000,260,0.5
2010/04/23,268.0,268.0,268.0,268.0,1000,268,0.5
2010/04/26,268.0,268.0,266.0,266.0,3000,266,0.5
2010/04/28,286.0,318.0,286.0,318.0,10000,318,0.5
2010/05/06,270.0,270.0,270.0,270.0,1000,270,0.5
2010/05/10,300.0,300.0,300.0,300.0,1000,300,0.5
2010/05/17,310.0,310.0,310.0,310.0,1000,310,0.5
2010/05/21,282.0,282.0,282.0,282.0,1000,282,0.5
2010/05/25,290.0,290.0,290.0,290.0,1000,290,0.5
2010/05/26,272.0,272.0,272.0,272.0,2000,272,0.5
2010/05/28,332.0,338.0,332.0,338.0,3000,338,0.5
2010/05/31,296.0,296.0,296.0,296.0,2000,296,0.5
2010/06/01,296.0,296.0,296.0,296.0,1000,296,0.5
2010/06/17,292.0,292.0,282.0,282.0,5000,282,0.5
2010/06/18,284.0,284.0,284.0,284.0,1000,284,0.5
2010/06/21,276.0,278.0,276.0,278.0,4000,278,0.5
2010/06/24,298.0,298.0,298.0,298.0,2000,298,0.5
2010/06/25,298.0,298.0,298.0,298.0,2000,298,0.5
2010/06/28,298.0,340.0,298.0,340.0,4000,340,0.5
2010/07/02,280.0,290.0,280.0,290.0,2000,290,0.5
2010/07/15,290.0,290.0,290.0,290.0,2000,290,0.5
2010/07/20,370.0,370.0,370.0,370.0,7000,370,0.5
2010/07/21,330.0,330.0,330.0,330.0,1000,330,0.5
2010/07/26,360.0,360.0,360.0,360.0,1000,360,0.5
2010/07/27,360.0,360.0,350.0,350.0,3000,350,0.5
2010/07/28,350.0,350.0,350.0,350.0,3000,350,0.5
2010/08/11,360.0,360.0,360.0,360.0,1000,360,0.5
2010/08/17,324.0,324.0,324.0,324.0,1000,324,0.5
2010/08/18,296.0,306.0,296.0,306.0,3000,306,0.5
2010/08/24,310.0,310.0,310.0,310.0,1000,310,0.5
2010/08/25,318.0,318.0,318.0,318.0,2000,318,0.5
2010/08/27,324.0,326.0,324.0,326.0,2000,326,0.5
2010/08/30,344.0,344.0,344.0,344.0,3000,344,0.5
2010/09/06,314.0,314.0,314.0,314.0,1000,314,0.5
2010/09/10,300.0,300.0,300.0,300.0,1000,300,0.5
2010/09/13,348.0,348.0,348.0,348.0,1000,348,0.5
2010/09/27,348.0,348.0,310.0,310.0,4000,310,0.5
2010/09/28,320.0,340.0,320.0,340.0,4000,340,0.5
2010/10/04,310.0,310.0,310.0,310.0,1000,310,0.5
2010/10/15,298.0,298.0,296.0,296.0,2000,296,0.5
2010/10/18,280.0,280.0,280.0,280.0,3000,280,0.5
2010/10/19,280.0,280.0,280.0,280.0,1000,280,0.5
2010/10/22,280.0,280.0,280.0,280.0,1000,280,0.5
2010/10/25,290.0,290.0,290.0,290.0,1000,290,0.5
2010/10/27,300.0,300.0,300.0,300.0,1000,300,0.5
2010/10/28,338.0,340.0,338.0,340.0,4000,340,0.5
2010/11/25,340.0,340.0,340.0,340.0,1000,340,0.5
2010/11/26,344.0,344.0,342.0,342.0,2000,342,0.5
2010/11/29,346.0,346.0,346.0,346.0,10000,346,0.5
2010/12/13,374.0,380.0,374.0,376.0,7000,376,0.5
2010/12/14,380.0,386.0,380.0,386.0,7000,386,0.5
2010/12/15,396.0,400.0,396.0,396.0,20000,396,0.5
2010/12/16,402.0,440.0,402.0,440.0,31000,440,0.5
2010/12/17,440.0,450.0,432.0,446.0,11000,446,0.5
2010/12/20,448.0,476.0,448.0,460.0,31000,460,0.5
2010/12/21,484.0,500.0,476.0,498.0,11000,498,0.5
2010/12/22,540.0,594.0,540.0,568.0,48000,568,0.5
2010/12/24,590.0,590.0,512.0,524.0,37000,524,0.5
2010/12/27,556.0,570.0,532.0,546.0,33000,546,0.5
2010/12/28,562.0,562.0,552.0,560.0,9000,560,0.5
2010/12/29,560.0,630.0,560.0,596.0,31000,596,0.5
2010/12/30,610.0,610.0,580.0,580.0,27000,580,0.5
2011/01/04,580.0,580.0,544.0,558.0,14000,558,0.5
2011/01/05,558.0,564.0,558.0,562.0,11000,562,0.5
2011/01/06,564.0,572.0,564.0,570.0,7000,570,0.5
2011/01/07,576.0,576.0,570.0,570.0,7000,570,0.5
2011/01/11,566.0,566.0,560.0,562.0,12000,562,0.5
2011/01/12,568.0,568.0,540.0,540.0,6000,540,0.5
2011/01/13,552.0,552.0,520.0,520.0,17000,520,0.5
2011/01/14,520.0,522.0,516.0,522.0,7000,522,0.5
2011/01/17,554.0,560.0,540.0,542.0,13000,542,0.5
2011/01/18,548.0,548.0,542.0,542.0,8000,542,0.5
2011/01/19,556.0,566.0,542.0,542.0,10000,542,0.5
2011/01/20,542.0,542.0,534.0,534.0,2000,534,0.5
2011/01/21,538.0,538.0,528.0,528.0,14000,528,0.5
2011/01/24,538.0,540.0,536.0,540.0,11000,540,0.5
2011/01/25,548.0,548.0,540.0,540.0,6000,540,0.5
2011/01/26,540.0,562.0,540.0,540.0,13000,540,0.5
2011/01/27,534.0,560.0,534.0,546.0,8000,546,0.5
2011/01/28,554.0,560.0,550.0,556.0,11000,556,0.5
2011/01/31,548.0,550.0,548.0,550.0,2000,550,0.5
2011/02/02,562.0,562.0,562.0,562.0,1000,562,0.5
2011/02/03,550.0,560.0,550.0,560.0,3000,560,0.5
2011/02/04,558.0,566.0,558.0,564.0,13000,564,0.5
2011/02/07,578.0,594.0,570.0,594.0,13000,594,0.5
2011/02/08,624.0,626.0,594.0,598.0,7000,598,0.5
2011/02/09,598.0,610.0,590.0,590.0,7000,590,0.5
2011/02/10,586.0,586.0,568.0,576.0,7000,576,0.5
2011/02/14,528.0,530.0,524.0,526.0,15000,526,0.5
2011/02/15,512.0,516.0,512.0,516.0,4000,516,0.5
2011/02/17,532.0,532.0,532.0,532.0,1000,532,0.5
2011/02/21,522.0,522.0,522.0,522.0,1000,522,0.5
2011/02/22,512.0,512.0,512.0,512.0,2000,512,0.5
2011/02/25,510.0,510.0,510.0,510.0,3000,510,0.5
2011/02/28,526.0,526.0,526.0,526.0,3000,526,0.5
2011/03/03,500.0,516.0,500.0,516.0,3000,516,0.5
2011/03/07,468.0,468.0,466.0,466.0,7000,466,0.5
2011/03/09,460.0,460.0,440.0,458.0,5000,458,0.5
2011/03/11,490.0,508.0,480.0,480.0,14000,480,0.5
2011/03/14,440.0,440.0,342.0,380.0,14000,380,0.5
2011/03/15,350.0,352.0,280.0,296.0,29000,296,0.5
2011/03/16,376.0,376.0,296.0,318.0,15000,318,0.5
2011/03/17,312.0,338.0,312.0,338.0,6000,338,0.5
2011/03/18,350.0,380.0,350.0,380.0,4000,380,0.5
2011/03/22,400.0,416.0,400.0,410.0,7000,410,0.5
2011/03/23,402.0,402.0,390.0,390.0,6000,390,0.5
2011/03/24,400.0,426.0,400.0,416.0,7000,416,0.5
2011/03/25,432.0,432.0,408.0,408.0,5000,408,0.5
2011/03/28,408.0,424.0,408.0,424.0,8000,424,0.5
2011/03/29,400.0,400.0,400.0,400.0,3000,400,0.5
2011/04/20,384.0,386.0,376.0,376.0,3000,376,0.5
2011/04/21,380.0,380.0,380.0,380.0,1000,380,0.5
2011/04/22,380.0,380.0,380.0,380.0,1000,380,0.5
2011/04/25,380.0,380.0,380.0,380.0,1000,380,0.5
2011/04/27,380.0,382.0,380.0,382.0,3000,382,0.5
2011/04/28,392.0,392.0,380.0,380.0,6000,380,0.5
2011/05/06,380.0,380.0,380.0,380.0,1000,380,0.5
2011/05/11,388.0,390.0,388.0,390.0,2000,390,0.5
2011/05/16,392.0,420.0,390.0,396.0,10000,396,0.5
2011/05/17,426.0,426.0,426.0,426.0,2000,426,0.5
2011/05/19,420.0,420.0,400.0,400.0,2000,400,0.5
2011/05/24,410.0,418.0,410.0,418.0,2000,418,0.5
2011/05/26,422.0,422.0,422.0,422.0,1000,422,0.5
2011/05/27,422.0,422.0,400.0,400.0,10000,400,0.5
2011/05/30,400.0,400.0,400.0,400.0,7000,400,0.5
2011/05/31,402.0,402.0,402.0,402.0,1000,402,0.5
2011/06/01,404.0,404.0,404.0,404.0,1000,404,0.5
2011/06/06,396.0,396.0,396.0,396.0,2000,396,0.5
2011/06/09,386.0,386.0,386.0,386.0,1000,386,0.5
2011/06/13,376.0,376.0,368.0,368.0,4000,368,0.5
2011/06/14,378.0,378.0,378.0,378.0,1000,378,0.5
2011/06/15,378.0,380.0,378.0,380.0,3000,380,0.5
2011/06/17,370.0,380.0,370.0,380.0,6000,380,0.5
2011/06/20,388.0,410.0,388.0,408.0,22000,408,0.5
2011/06/21,420.0,420.0,412.0,412.0,4000,412,0.5
2011/06/24,396.0,396.0,396.0,396.0,1000,396,0.5
2011/06/27,404.0,406.0,404.0,406.0,2000,406,0.5
2011/06/28,416.0,416.0,400.0,400.0,4000,400,0.5
2011/06/30,402.0,402.0,402.0,402.0,1000,402,0.5
2011/07/01,404.0,404.0,404.0,404.0,1000,404,0.5
2011/07/05,404.0,406.0,396.0,406.0,4000,406,0.5
2011/07/06,406.0,406.0,406.0,406.0,1000,406,0.5
2011/07/11,518.0,518.0,462.0,462.0,15000,462,0.5
2011/07/12,440.0,440.0,440.0,440.0,1000,440,0.5
2011/07/13,420.0,420.0,420.0,420.0,1000,420,0.5
2011/07/15,426.0,426.0,426.0,426.0,3000,426,0.5
2011/07/20,440.0,440.0,440.0,440.0,3000,440,0.5
2011/07/21,432.0,432.0,432.0,432.0,1000,432,0.5
2011/07/25,416.0,416.0,406.0,406.0,6000,406,0.5
2011/07/26,402.0,402.0,402.0,402.0,1000,402,0.5
2011/07/27,398.0,398.0,398.0,398.0,6000,398,0.5
2011/07/28,396.0,402.0,396.0,402.0,9000,402,0.5
2011/07/29,402.0,402.0,402.0,402.0,1000,402,0.5
2011/08/02,386.0,386.0,380.0,380.0,2000,380,0.5
2011/08/03,390.0,390.0,390.0,390.0,1000,390,0.5
2011/08/04,390.0,390.0,390.0,390.0,1000,390,0.5
2011/08/05,360.0,360.0,360.0,360.0,1000,360,0.5
2011/08/08,354.0,356.0,354.0,356.0,4000,356,0.5
2011/08/09,338.0,340.0,314.0,314.0,11000,314,0.5
2011/08/10,356.0,364.0,348.0,348.0,5000,348,0.5
2011/08/12,344.0,344.0,344.0,344.0,1000,344,0.5
2011/08/17,354.0,354.0,354.0,354.0,1000,354,0.5
2011/08/19,364.0,364.0,364.0,364.0,1000,364,0.5
2011/08/22,360.0,360.0,360.0,360.0,3000,360,0.5
2011/08/25,358.0,358.0,344.0,354.0,3000,354,0.5
2011/08/26,354.0,370.0,354.0,370.0,6000,370,0.5
2011/08/29,390.0,390.0,390.0,390.0,3000,390,0.5
2011/09/09,380.0,380.0,380.0,380.0,1000,380,0.5
2011/09/13,378.0,378.0,378.0,378.0,1000,378,0.5
2011/09/20,360.0,360.0,360.0,360.0,1000,360,0.5
2011/09/21,350.0,350.0,350.0,350.0,1000,350,0.5
2011/09/26,398.0,398.0,398.0,398.0,1000,398,0.5
2011/09/27,396.0,396.0,392.0,392.0,2000,392,0.5
2011/09/28,400.0,400.0,400.0,400.0,4000,400,0.5
2011/09/30,376.0,376.0,376.0,376.0,1000,376,0.5
2011/10/04,346.0,346.0,338.0,338.0,5000,338,0.5
2011/10/05,334.0,334.0,334.0,334.0,1000,334,0.5
2011/10/07,340.0,340.0,340.0,340.0,1000,340,0.5
2011/10/11,340.0,340.0,340.0,340.0,1000,340,0.5
2011/10/24,332.0,332.0,328.0,328.0,2000,328,0.5
2011/10/25,336.0,336.0,336.0,336.0,1000,336,0.5
2011/10/27,350.0,354.0,350.0,354.0,3000,354,0.5
2011/10/28,338.0,338.0,338.0,338.0,7000,338,0.5
2011/11/10,326.0,326.0,326.0,326.0,3000,326,0.5
2011/11/15,336.0,336.0,336.0,336.0,1000,336,0.5
2011/11/16,336.0,336.0,336.0,336.0,1000,336,0.5
2011/11/21,346.0,346.0,346.0,346.0,1000,346,0.5
2011/11/22,346.0,346.0,346.0,346.0,1000,346,0.5
2011/11/25,338.0,350.0,338.0,350.0,3000,350,0.5
2011/11/28,350.0,350.0,350.0,350.0,4000,350,0.5
2011/12/05,332.0,332.0,332.0,332.0,1000,332,0.5
2011/12/08,324.0,324.0,324.0,324.0,18000,324,0.5
2011/12/09,334.0,334.0,334.0,334.0,1000,334,0.5
2011/12/12,326.0,336.0,326.0,336.0,3000,336,0.5
2011/12/13,336.0,336.0,336.0,336.0,1000,336,0.5
2011/12/14,326.0,336.0,326.0,336.0,5000,336,0.5
2011/12/15,336.0,336.0,336.0,336.0,1000,336,0.5
2011/12/19,342.0,342.0,342.0,342.0,2000,342,0.5
2011/12/21,330.0,330.0,330.0,330.0,1000,330,0.5
2011/12/22,338.0,338.0,334.0,334.0,2000,334,0.5
2011/12/26,334.0,336.0,334.0,336.0,2000,336,0.5
2011/12/27,336.0,336.0,330.0,330.0,4000,330,0.5
2011/12/28,330.0,330.0,330.0,330.0,4000,330,0.5
2011/12/29,330.0,330.0,330.0,330.0,3000,330,0.5
2012/01/06,350.0,350.0,350.0,350.0,3000,350,0.5
2012/01/10,340.0,340.0,338.0,338.0,2000,338,0.5
2012/01/17,328.0,328.0,328.0,328.0,4000,328,0.5
2012/01/20,332.0,332.0,332.0,332.0,1000,332,0.5
2012/01/23,336.0,336.0,332.0,332.0,5000,332,0.5
2012/01/25,330.0,330.0,330.0,330.0,1000,330,0.5
2012/01/27,334.0,340.0,334.0,338.0,4000,338,0.5
2012/01/30,338.0,338.0,338.0,338.0,4000,338,0.5
2012/01/31,326.0,326.0,326.0,326.0,1000,326,0.5
2012/02/01,326.0,326.0,326.0,326.0,1000,326,0.5
2012/02/09,330.0,330.0,330.0,330.0,1000,330,0.5
2012/02/10,336.0,336.0,334.0,334.0,2000,334,0.5
2012/02/13,328.0,328.0,328.0,328.0,1000,328,0.5
2012/02/14,328.0,328.0,328.0,328.0,1000,328,0.5
2012/02/16,324.0,324.0,324.0,324.0,1000,324,0.5
2012/02/17,328.0,328.0,326.0,328.0,4000,328,0.5
2012/02/20,324.0,324.0,324.0,324.0,2000,324,0.5
2012/02/21,328.0,334.0,328.0,334.0,5000,334,0.5
2012/02/22,336.0,336.0,336.0,336.0,2000,336,0.5
2012/02/23,336.0,336.0,336.0,336.0,1000,336,0.5
2012/02/24,340.0,344.0,340.0,344.0,2000,344,0.5
2012/02/27,352.0,354.0,350.0,350.0,5000,350,0.5
2012/02/28,354.0,360.0,354.0,360.0,7000,360,0.5
2012/03/07,338.0,338.0,338.0,338.0,2000,338,0.5
2012/03/08,328.0,338.0,328.0,338.0,5000,338,0.5
2012/03/09,342.0,342.0,342.0,342.0,1000,342,0.5
2012/03/12,340.0,340.0,340.0,340.0,5000,340,0.5
2012/03/13,326.0,334.0,326.0,334.0,6000,334,0.5
2012/03/14,328.0,328.0,326.0,326.0,4000,326,0.5
2012/03/15,324.0,330.0,324.0,330.0,10000,330,0.5
2012/03/16,334.0,334.0,324.0,324.0,3000,324,0.5
2012/03/19,330.0,336.0,330.0,336.0,2000,336,0.5
2012/03/22,334.0,334.0,334.0,334.0,2000,334,0.5
2012/03/26,336.0,336.0,336.0,336.0,2000,336,0.5
2012/03/27,338.0,338.0,338.0,338.0,2000,338,0.5
2012/03/28,338.0,338.0,338.0,338.0,4000,338,0.5
2012/04/02,338.0,338.0,338.0,338.0,1000,338,0.5
2012/04/09,320.0,320.0,320.0,320.0,3000,320,0.5
2012/04/10,320.0,320.0,320.0,320.0,2000,320,0.5
2012/04/25,320.0,320.0,320.0,320.0,1000,320,0.5
2012/04/26,324.0,328.0,324.0,328.0,2000,328,0.5
2012/04/27,320.0,322.0,318.0,322.0,3000,322,0.5
2012/05/01,322.0,322.0,322.0,322.0,4000,322,0.5
2012/05/07,312.0,312.0,312.0,312.0,1000,312,0.5
2012/05/09,292.0,292.0,292.0,292.0,8000,292,0.5
2012/05/11,288.0,288.0,288.0,288.0,1000,288,0.5
2012/05/14,288.0,288.0,288.0,288.0,1000,288,0.5
2012/05/15,278.0,278.0,278.0,278.0,3000,278,0.5
2012/05/16,268.0,268.0,268.0,268.0,1000,268,0.5
2012/05/17,264.0,264.0,260.0,260.0,3000,260,0.5
2012/05/18,252.0,264.0,252.0,264.0,2000,264,0.5
2012/05/21,254.0,254.0,254.0,254.0,2000,254,0.5
2012/05/23,254.0,254.0,254.0,254.0,1000,254,0.5
2012/05/25,244.0,264.0,244.0,264.0,8000,264,0.5
2012/05/28,278.0,278.0,278.0,278.0,5000,278,0.5
2012/06/11,260.0,276.0,260.0,276.0,6000,276,0.5
2012/06/22,264.0,264.0,264.0,264.0,3000,264,0.5
2012/06/25,274.0,274.0,274.0,274.0,1000,274,0.5
2012/06/27,274.0,278.0,274.0,278.0,3000,278,0.5
2012/06/28,276.0,276.0,274.0,274.0,7000,274,0.5
2012/06/29,274.0,274.0,274.0,274.0,2000,274,0.5
2012/07/02,280.0,280.0,280.0,280.0,3000,280,0.5
2012/07/03,280.0,280.0,280.0,280.0,3000,280,0.5
2012/07/04,276.0,300.0,276.0,300.0,6000,300,0.5
2012/07/17,310.0,310.0,290.0,290.0,12000,290,0.5
2012/07/24,300.0,300.0,300.0,300.0,1000,300,0.5
2012/07/25,306.0,306.0,306.0,306.0,1000,306,0.5
2012/07/27,304.0,304.0,304.0,304.0,1000,304,0.5
2012/07/30,304.0,304.0,304.0,304.0,5000,304,0.5
2012/08/16,272.0,272.0,272.0,272.0,1000,272,0.5
2012/08/21,272.0,272.0,272.0,272.0,1000,272,0.5
2012/08/22,266.0,286.0,264.0,286.0,7000,286,0.5
2012/08/24,276.0,276.0,276.0,276.0,2000,276,0.5
2012/08/27,278.0,278.0,276.0,278.0,5000,278,0.5
2012/08/28,274.0,274.0,274.0,274.0,5000,274,0.5
2012/09/19,260.0,260.0,260.0,260.0,1000,260,0.5
2012/09/20,250.0,250.0,246.0,246.0,26000,246,0.5
2012/09/24,240.0,242.0,240.0,242.0,3000,242,0.5
2012/09/25,238.0,238.0,238.0,238.0,1000,238,0.5
2012/09/27,248.0,250.0,248.0,250.0,2000,250,0.5
2012/09/28,256.0,256.0,238.0,238.0,7000,238,0.5
2012/10/10,230.0,230.0,230.0,230.0,2000,230,0.5
2012/10/11,226.0,226.0,212.0,214.0,16000,214,0.5
2012/10/15,214.0,214.0,214.0,214.0,1000,214,0.5
2012/10/18,222.0,222.0,222.0,222.0,4000,222,0.5
2012/10/23,230.0,234.0,230.0,234.0,2000,234,0.5
2012/10/24,234.0,234.0,234.0,234.0,1000,234,0.5
2012/10/25,234.0,234.0,230.0,230.0,5000,230,0.5
2012/10/26,234.0,234.0,230.0,230.0,3000,230,0.5
2012/10/29,238.0,238.0,238.0,238.0,6000,238,0.5
2012/10/30,228.0,228.0,228.0,228.0,1000,228,0.5
2012/11/01,218.0,218.0,214.0,216.0,5000,216,0.5
2012/11/08,208.0,208.0,202.0,204.0,9000,204,0.5
2012/11/09,196.0,198.0,190.0,198.0,9000,198,0.5
2012/11/12,196.0,198.0,196.0,198.0,2000,198,0.5
2012/11/13,200.0,202.0,200.0,202.0,3000,202,0.5
2012/11/14,204.0,204.0,204.0,204.0,3000,204,0.5
2012/11/16,206.0,206.0,206.0,206.0,2000,206,0.5
2012/11/20,206.0,210.0,206.0,210.0,3000,210,0.5
2012/11/22,208.0,208.0,204.0,204.0,2000,204,0.5
2012/11/26,214.0,214.0,214.0,214.0,6000,214,0.5
2012/11/27,214.0,230.0,214.0,226.0,9000,226,0.5
2012/11/28,234.0,240.0,234.0,240.0,9000,240,0.5
2012/11/29,228.0,232.0,226.0,232.0,6000,232,0.5
2012/11/30,232.0,236.0,230.0,230.0,5000,230,0.5
2012/12/10,230.0,230.0,230.0,230.0,2000,230,0.5
2012/12/11,230.0,230.0,230.0,230.0,5000,230,0.5
2012/12/14,220.0,220.0,220.0,220.0,1000,220,0.5
2012/12/17,218.0,222.0,218.0,222.0,5000,222,0.5
2012/12/18,222.0,222.0,222.0,222.0,2000,222,0.5
2012/12/19,216.0,222.0,216.0,222.0,3000,222,0.5
2012/12/20,216.0,222.0,214.0,222.0,9000,222,0.5
2012/12/25,224.0,224.0,224.0,224.0,4000,224,0.5
2012/12/27,228.0,238.0,228.0,238.0,6000,238,0.5
2012/12/28,238.0,238.0,238.0,238.0,6000,238,0.5
2013/01/04,240.0,240.0,240.0,240.0,1000,240,0.5
2013/01/07,240.0,240.0,240.0,240.0,4000,240,0.5
2013/01/10,230.0,230.0,230.0,230.0,2000,230,0.5
2013/01/11,230.0,230.0,230.0,230.0,1000,230,0.5
2013/01/15,250.0,250.0,240.0,240.0,2000,240,0.5
2013/01/16,240.0,240.0,236.0,236.0,7000,236,0.5
2013/01/18,240.0,240.0,238.0,238.0,3000,238,0.5
2013/01/21,238.0,238.0,234.0,234.0,10000,234,0.5
2013/01/22,238.0,238.0,236.0,238.0,5000,238,0.5
2013/01/23,236.0,236.0,230.0,232.0,5000,232,0.5
2013/01/24,232.0,232.0,232.0,232.0,4000,232,0.5
2013/01/25,238.0,238.0,236.0,238.0,4000,238,0.5
2013/01/28,240.0,240.0,240.0,240.0,11000,240,0.5
2013/01/29,242.0,242.0,242.0,242.0,2000,242,0.5
2013/01/31,238.0,238.0,234.0,234.0,11000,234,0.5
2013/02/04,238.0,248.0,238.0,248.0,9000,248,0.5
2013/02/05,244.0,244.0,240.0,240.0,6000,240,0.5
2013/02/06,240.0,240.0,240.0,240.0,1000,240,0.5
2013/02/08,238.0,238.0,236.0,236.0,3000,236,0.5
2013/02/12,234.0,234.0,232.0,234.0,5000,234,0.5
2013/02/13,236.0,236.0,236.0,236.0,1000,236,0.5
2013/02/22,244.0,244.0,236.0,236.0,7000,236,0.5
2013/02/25,238.0,240.0,238.0,240.0,2000,240,0.5
2013/02/26,230.0,230.0,230.0,230.0,1000,230,0.5
2013/02/27,226.0,234.0,226.0,230.0,13000,230,0.5
2013/02/28,246.0,250.0,246.0,250.0,8000,250,0.5
2013/03/01,260.0,260.0,260.0,260.0,6000,260,0.5
2013/03/04,260.0,260.0,250.0,250.0,7000,250,0.5
2013/03/05,260.0,270.0,258.0,270.0,16000,270,0.5
2013/03/06,262.0,262.0,250.0,256.0,14000,256,0.5
2013/03/07,256.0,260.0,256.0,260.0,5000,260,0.5
2013/03/08,260.0,260.0,254.0,254.0,6000,254,0.5
2013/03/11,252.0,256.0,250.0,250.0,6000,250,0.5
2013/03/12,248.0,248.0,248.0,248.0,1000,248,0.5
2013/03/13,246.0,246.0,246.0,246.0,10000,246,0.5
2013/03/14,256.0,256.0,252.0,252.0,3000,252,0.5
2013/03/15,252.0,252.0,252.0,252.0,2000,252,0.5
2013/03/18,250.0,250.0,250.0,250.0,2000,250,0.5
2013/03/19,248.0,248.0,248.0,248.0,1000,248,0.5
2013/03/21,252.0,252.0,252.0,252.0,1000,252,0.5
2013/03/22,252.0,252.0,252.0,252.0,1000,252,0.5
2013/03/25,262.0,262.0,260.0,260.0,3000,260,0.5
2013/03/26,260.0,260.0,250.0,250.0,6000,250,0.5
2013/03/27,256.0,256.0,246.0,246.0,5000,246,0.5
2013/03/28,250.0,250.0,246.0,246.0,9000,246,0.5
2013/03/29,238.0,238.0,238.0,238.0,2000,238,0.5
2013/04/01,236.0,240.0,236.0,236.0,5000,236,0.5
2013/04/05,228.0,228.0,228.0,228.0,1000,228,0.5
2013/04/08,234.0,236.0,228.0,228.0,6000,228,0.5
2013/04/09,234.0,234.0,234.0,234.0,1000,234,0.5
2013/04/10,234.0,234.0,234.0,234.0,1000,234,0.5
2013/04/12,236.0,236.0,236.0,236.0,1000,236,0.5
2013/04/15,234.0,234.0,234.0,234.0,3000,234,0.5
2013/04/19,238.0,238.0,238.0,238.0,1000,238,0.5
2013/04/22,258.0,258.0,244.0,244.0,7000,244,0.5
2013/04/23,254.0,254.0,254.0,254.0,2000,254,0.5
2013/04/24,258.0,258.0,256.0,258.0,10000,258,0.5
2013/04/25,258.0,258.0,258.0,258.0,3000,258,0.5
2013/04/26,260.0,266.0,260.0,266.0,3000,266,0.5
2013/04/30,270.0,270.0,256.0,256.0,13000,256,0.5
2013/05/08,288.0,288.0,280.0,280.0,9000,280,0.5
2013/05/09,274.0,284.0,274.0,284.0,9000,284,0.5
2013/05/10,292.0,292.0,286.0,286.0,2000,286,0.5
2013/05/13,280.0,282.0,274.0,282.0,5000,282,0.5
2013/05/14,272.0,278.0,272.0,278.0,4000,278,0.5
2013/05/15,272.0,272.0,266.0,266.0,8000,266,0.5
2013/05/16,260.0,280.0,260.0,280.0,3000,280,0.5
2013/05/21,270.0,270.0,270.0,270.0,2000,270,0.5
2013/05/22,274.0,370.0,274.0,370.0,63000,370,0.5
2013/05/23,390.0,436.0,300.0,300.0,146000,300,0.5
2013/05/24,318.0,320.0,296.0,296.0,23000,296,0.5
2013/05/27,306.0,318.0,296.0,318.0,3000,318,0.5
2013/05/28,318.0,318.0,304.0,304.0,7000,304,0.5
2013/05/29,306.0,316.0,306.0,316.0,2000,316,0.5
2013/05/30,296.0,296.0,296.0,296.0,1000,296,0.5
2013/05/31,300.0,300.0,300.0,300.0,1000,300,0.5
2013/06/03,290.0,290.0,290.0,290.0,1000,290,0.5
2013/06/04,290.0,292.0,290.0,292.0,3000,292,0.5
2013/06/05,288.0,288.0,288.0,288.0,1000,288,0.5
2013/06/06,270.0,270.0,270.0,270.0,2000,270,0.5
2013/06/10,270.0,270.0,270.0,270.0,4000,270,0.5
2013/06/11,264.0,264.0,258.0,258.0,4000,258,0.5
2013/06/18,266.0,266.0,266.0,266.0,2000,266,0.5
2013/06/19,266.0,266.0,266.0,266.0,2000,266,0.5
2013/06/21,262.0,262.0,262.0,262.0,1000,262,0.5
2013/06/25,264.0,266.0,262.0,262.0,3000,262,0.5
2013/06/26,292.0,292.0,292.0,292.0,2000,292,0.5
2013/06/28,302.0,308.0,302.0,308.0,7000,308,0.5
2013/07/01,298.0,304.0,292.0,292.0,6000,292,0.5
2013/07/02,298.0,300.0,298.0,300.0,3000,300,0.5
2013/07/05,298.0,298.0,284.0,284.0,5000,284,0.5
2013/07/08,304.0,304.0,304.0,304.0,2000,304,0.5
2013/07/10,300.0,300.0,300.0,300.0,1000,300,0.5
2013/07/11,292.0,292.0,292.0,292.0,1000,292,0.5
2013/07/17,284.0,284.0,284.0,284.0,1000,284,0.5
2013/07/18,286.0,296.0,286.0,296.0,3000,296,0.5
2013/07/19,304.0,304.0,300.0,300.0,6000,300,0.5
2013/07/22,300.0,300.0,300.0,300.0,1000,300,0.5
2013/07/24,296.0,296.0,296.0,296.0,1000,296,0.5
2013/07/25,298.0,304.0,298.0,304.0,5000,304,0.5
2013/07/26,304.0,304.0,300.0,300.0,4000,300,0.5
2013/07/29,294.0,294.0,292.0,294.0,8000,294,0.5
2013/08/01,286.0,286.0,286.0,286.0,4000,286,0.5
2013/08/02,290.0,290.0,290.0,290.0,1000,290,0.5
2013/08/06,284.0,284.0,284.0,284.0,3000,284,0.5
2013/08/08,266.0,266.0,252.0,254.0,12000,254,0.5
2013/08/09,258.0,258.0,258.0,258.0,1000,258,0.5
2013/08/12,258.0,258.0,256.0,256.0,3000,256,0.5
2013/08/13,256.0,256.0,256.0,256.0,1000,256,0.5
2013/08/14,256.0,256.0,256.0,256.0,2000,256,0.5
2013/08/15,256.0,256.0,256.0,256.0,2000,256,0.5
2013/08/20,264.0,264.0,264.0,264.0,1000,264,0.5
2013/08/23,264.0,264.0,264.0,264.0,2000,264,0.5
2013/08/26,272.0,272.0,272.0,272.0,1000,272,0.5
2013/08/27,274.0,274.0,274.0,274.0,2000,274,0.5
2013/08/28,290.0,310.0,280.0,280.0,11000,280,0.5
2013/08/29,272.0,272.0,262.0,272.0,7000,272,0.5
2013/08/30,262.0,262.0,262.0,262.0,1000,262,0.5
2013/09/03,256.0,256.0,256.0,256.0,1000,256,0.5
2013/09/04,254.0,254.0,254.0,254.0,3000,254,0.5
2013/09/05,260.0,260.0,260.0,260.0,1000,260,0.5
2013/09/09,260.0,270.0,260.0,270.0,5000,270,0.5
2013/09/10,260.0,260.0,260.0,260.0,2000,260,0.5
2013/09/11,254.0,254.0,254.0,254.0,2000,254,0.5
2013/09/12,256.0,256.0,256.0,256.0,1000,256,0.5
2013/09/13,256.0,258.0,256.0,258.0,3000,258,0.5
2013/09/17,262.0,262.0,262.0,262.0,2000,262,0.5
2013/09/18,272.0,350.0,272.0,290.0,69000,290,0.5
2013/09/19,302.0,310.0,280.0,284.0,25000,284,0.5
2013/09/20,292.0,348.0,292.0,326.0,76000,326,0.5
2013/09/24,326.0,334.0,320.0,326.0,13000,326,0.5
2013/09/25,422.0,426.0,422.0,426.0,59000,426,0.5
2013/09/26,510.0,540.0,388.0,394.0,392000,394,0.5
2013/09/27,374.0,384.0,366.0,378.0,129000,378,0.5
2013/09/30,372.0,372.0,362.0,364.0,16000,364,0.5
2013/10/01,364.0,364.0,362.0,362.0,13000,362,0.5
2013/10/02,364.0,364.0,350.0,350.0,52000,350,0.5
2013/10/03,344.0,344.0,330.0,344.0,9000,344,0.5
2013/10/04,340.0,344.0,336.0,336.0,14000,336,0.5
2013/10/07,330.0,330.0,314.0,316.0,22000,316,0.5
2013/10/08,318.0,328.0,318.0,318.0,12000,318,0.5
2013/10/09,308.0,314.0,308.0,314.0,3000,314,0.5
2013/10/10,318.0,330.0,316.0,328.0,6000,328,0.5
2013/10/15,328.0,366.0,328.0,342.0,17000,342,0.5
2013/10/16,340.0,366.0,340.0,366.0,13000,366,0.5
2013/10/17,362.0,362.0,346.0,360.0,23000,360,0.5
2013/10/18,350.0,360.0,350.0,360.0,3000,360,0.5
2013/10/21,360.0,360.0,352.0,352.0,2000,352,0.5
2013/10/22,350.0,350.0,350.0,350.0,1000,350,0.5
2013/10/23,360.0,360.0,350.0,350.0,8000,350,0.5
2013/10/24,348.0,358.0,348.0,358.0,14000,358,0.5
2013/10/25,358.0,358.0,350.0,354.0,6000,354,0.5
2013/10/28,352.0,352.0,348.0,348.0,7000,348,0.5
2013/10/29,340.0,342.0,340.0,340.0,7000,340,0.5
2013/10/30,346.0,346.0,340.0,340.0,3000,340,0.5
2013/10/31,330.0,332.0,320.0,320.0,17000,320,0.5
2013/11/01,324.0,326.0,318.0,318.0,6000,318,0.5
2013/11/05,314.0,314.0,310.0,310.0,3000,310,0.5
2013/11/06,320.0,330.0,320.0,328.0,8000,328,0.5
2013/11/07,332.0,332.0,330.0,330.0,4000,330,0.5
2013/11/08,326.0,326.0,324.0,324.0,12000,324,0.5
2013/11/11,320.0,320.0,310.0,314.0,10000,314,0.5
2013/11/12,318.0,324.0,318.0,324.0,4000,324,0.5
2013/11/13,326.0,330.0,324.0,330.0,4000,330,0.5
2013/11/14,320.0,320.0,316.0,316.0,16000,316,0.5
2013/11/15,318.0,322.0,318.0,322.0,4000,322,0.5
2013/11/18,330.0,330.0,328.0,330.0,5000,330,0.5
2013/11/20,330.0,330.0,328.0,328.0,5000,328,0.5
2013/11/22,328.0,332.0,328.0,332.0,7000,332,0.5
2013/11/25,332.0,336.0,332.0,334.0,7000,334,0.5
2013/11/26,334.0,334.0,330.0,334.0,7000,334,0.5
2013/11/27,338.0,340.0,334.0,340.0,12000,340,0.5
2013/11/28,340.0,376.0,340.0,354.0,53000,354,0.5
2013/11/29,368.0,430.0,362.0,362.0,206000,362,0.5
2013/12/02,364.0,364.0,350.0,364.0,28000,364,0.5
2013/12/03,368.0,370.0,356.0,356.0,19000,356,0.5
2013/12/04,354.0,356.0,342.0,342.0,17000,342,0.5
2013/12/05,344.0,348.0,342.0,342.0,11000,342,0.5
2013/12/09,350.0,352.0,346.0,346.0,5000,346,0.5
2013/12/10,342.0,342.0,338.0,340.0,8000,340,0.5
2013/12/12,332.0,340.0,332.0,334.0,10000,334,0.5
2013/12/13,328.0,330.0,318.0,322.0,27000,322,0.5
2013/12/16,330.0,330.0,330.0,330.0,2000,330,0.5
2013/12/17,328.0,328.0,314.0,318.0,13000,318,0.5
2013/12/18,314.0,318.0,314.0,314.0,10000,314,0.5
2013/12/19,318.0,318.0,316.0,316.0,4000,316,0.5
2013/12/20,316.0,320.0,314.0,316.0,10000,316,0.5
2013/12/24,312.0,312.0,312.0,312.0,9000,312,0.5
2013/12/25,314.0,322.0,314.0,320.0,4000,320,0.5
2013/12/26,324.0,326.0,324.0,326.0,2000,326,0.5
2013/12/27,328.0,328.0,320.0,320.0,6000,320,0.5
2013/12/30,328.0,350.0,328.0,342.0,19000,342,0.5
2014/01/06,340.0,348.0,340.0,346.0,5000,346,0.5
2014/01/09,350.0,350.0,350.0,350.0,5000,350,0.5
2014/01/10,350.0,384.0,350.0,364.0,39000,364,0.5
2014/01/14,362.0,362.0,356.0,356.0,4000,356,0.5
2014/01/15,360.0,426.0,360.0,390.0,101000,390,0.5
2014/01/16,390.0,390.0,350.0,366.0,29000,366,0.5
2014/01/17,366.0,370.0,360.0,360.0,6000,360,0.5
2014/01/20,354.0,354.0,354.0,354.0,1000,354,0.5
2014/01/21,370.0,370.0,360.0,360.0,8000,360,0.5
2014/01/22,356.0,366.0,356.0,366.0,2000,366,0.5
2014/01/23,364.0,370.0,364.0,370.0,5000,370,0.5
2014/01/24,368.0,368.0,360.0,368.0,3000,368,0.5
2014/01/27,360.0,360.0,344.0,344.0,28000,344,0.5
2014/01/28,342.0,356.0,342.0,356.0,7000,356,0.5
2014/01/29,348.0,358.0,348.0,358.0,3000,358,0.5
2014/02/03,340.0,340.0,340.0,340.0,3000,340,0.5
2014/02/04,332.0,332.0,312.0,312.0,20000,312,0.5
2014/02/05,320.0,320.0,292.0,310.0,10000,310,0.5
2014/02/07,300.0,318.0,300.0,312.0,5000,312,0.5
2014/02/10,342.0,358.0,342.0,358.0,6000,358,0.5
2014/02/12,338.0,342.0,338.0,340.0,4000,340,0.5
2014/02/13,340.0,340.0,316.0,316.0,5000,316,0.5
2014/02/14,320.0,320.0,316.0,316.0,2000,316,0.5
2014/02/17,316.0,316.0,316.0,316.0,1000,316,0.5
2014/02/18,316.0,316.0,314.0,314.0,3000,314,0.5
2014/02/24,334.0,334.0,334.0,334.0,1000,334,0.5
2014/02/25,342.0,342.0,332.0,332.0,3000,332,0.5
2014/02/27,332.0,332.0,332.0,332.0,1000,332,0.5
2014/02/28,330.0,330.0,320.0,320.0,4000,320,0.5
2014/03/06,310.0,320.0,310.0,320.0,2000,320,0.5
2014/03/07,330.0,330.0,330.0,330.0,1000,330,0.5
2014/03/10,328.0,328.0,328.0,328.0,1000,328,0.5
2014/03/11,338.0,340.0,330.0,330.0,3000,330,0.5
2014/03/14,316.0,316.0,316.0,316.0,1000,316,0.5
2014/03/19,312.0,320.0,312.0,320.0,4000,320,0.5
2014/03/26,310.0,310.0,310.0,310.0,2000,310,0.5
2014/03/27,310.0,310.0,304.0,304.0,2000,304,0.5
2014/03/28,318.0,318.0,318.0,318.0,4000,318,0.5
2014/03/31,310.0,320.0,310.0,320.0,2000,320,0.5
2014/04/02,330.0,330.0,330.0,330.0,1000,330,0.5
2014/04/10,316.0,320.0,314.0,314.0,4000,314,0.5
2014/04/17,304.0,310.0,304.0,310.0,2000,310,0.5
2014/04/18,316.0,316.0,316.0,316.0,1000,316,0.5
2014/04/21,316.0,316.0,316.0,316.0,1000,316,0.5
2014/04/22,316.0,316.0,316.0,316.0,1000,316,0.5
2014/04/25,316.0,316.0,316.0,316.0,1000,316,0.5
2014/04/28,316.0,316.0,316.0,316.0,5000,316,0.5
2014/05/07,300.0,300.0,300.0,300.0,9000,300,0.5
2014/05/08,298.0,298.0,298.0,298.0,1000,298,0.5
2014/05/09,298.0,298.0,282.0,288.0,8000,288,0.5
2014/05/12,288.0,290.0,288.0,290.0,2000,290,0.5
2014/05/13,292.0,292.0,292.0,292.0,2000,292,0.5
2014/05/15,300.0,318.0,300.0,318.0,13000,318,0.5
2014/05/16,310.0,310.0,296.0,302.0,7000,302,0.5
2014/05/19,304.0,304.0,304.0,304.0,1000,304,0.5
2014/05/20,324.0,324.0,310.0,310.0,4000,310,0.5
2014/05/21,316.0,316.0,316.0,316.0,5000,316,0.5
2014/05/22,316.0,332.0,316.0,332.0,14000,332,0.5
2014/05/23,334.0,394.0,334.0,352.0,67000,352,0.5
2014/05/26,350.0,350.0,340.0,340.0,13000,340,0.5
2014/05/27,336.0,344.0,336.0,342.0,6000,342,0.5
2014/05/28,348.0,350.0,340.0,340.0,8000,340,0.5
2014/05/29,356.0,382.0,354.0,360.0,44000,360,0.5
2014/05/30,370.0,378.0,368.0,368.0,18000,368,0.5
2014/06/02,384.0,394.0,374.0,384.0,16000,384,0.5
2014/06/03,392.0,398.0,356.0,384.0,46000,384,0.5
2014/06/04,374.0,382.0,370.0,378.0,8000,378,0.5
2014/06/05,368.0,368.0,368.0,368.0,1000,368,0.5
2014/06/06,366.0,368.0,366.0,368.0,2000,368,0.5
2014/06/09,378.0,390.0,372.0,384.0,14000,384,0.5
2014/06/10,376.0,376.0,376.0,376.0,2000,376,0.5
2014/06/11,376.0,376.0,376.0,376.0,3000,376,0.5
2014/06/12,386.0,400.0,380.0,380.0,66000,380,0.5
2014/06/13,390.0,480.0,390.0,440.0,327000,440,0.5
2014/06/16,460.0,460.0,440.0,440.0,58000,440,0.5
2014/06/17,434.0,456.0,434.0,448.0,39000,448,0.5
2014/06/18,456.0,466.0,444.0,456.0,23000,456,0.5
2014/06/19,456.0,456.0,446.0,446.0,17000,446,0.5
2014/06/20,450.0,450.0,414.0,414.0,35000,414,0.5
2014/06/23,564.0,574.0,530.0,574.0,438000,574,0.5
2014/06/24,734.0,734.0,704.0,734.0,313000,734,0.5
2014/06/25,720.0,810.0,612.0,710.0,636000,710,0.5
2014/06/26,760.0,784.0,664.0,666.0,170000,666,0.5
2014/06/27,666.0,666.0,590.0,604.0,89000,604,0.5
2014/06/30,592.0,630.0,562.0,630.0,100000,630,0.5
2014/07/01,626.0,626.0,598.0,600.0,52000,600,0.5
2014/07/02,614.0,614.0,602.0,610.0,23000,610,0.5
2014/07/03,606.0,610.0,556.0,596.0,76000,596,0.5
2014/07/04,598.0,600.0,572.0,582.0,26000,582,0.5
2014/07/07,576.0,582.0,568.0,582.0,24000,582,0.5
2014/07/08,580.0,600.0,580.0,586.0,16000,586,0.5
2014/07/09,580.0,598.0,572.0,592.0,21000,592,0.5
2014/07/10,592.0,620.0,590.0,600.0,43000,600,0.5
2014/07/11,616.0,632.0,594.0,624.0,72000,624,0.5
2014/07/14,662.0,704.0,646.0,676.0,73000,676,0.5
2014/07/15,698.0,698.0,602.0,644.0,60000,644,0.5
2014/07/16,628.0,634.0,610.0,630.0,17000,630,0.5
2014/07/17,630.0,634.0,608.0,620.0,16000,620,0.5
2014/07/18,600.0,640.0,600.0,640.0,29000,640,0.5
2014/07/22,642.0,678.0,642.0,642.0,22000,642,0.5
2014/07/23,660.0,662.0,650.0,650.0,17000,650,0.5
2014/07/24,648.0,652.0,630.0,630.0,13000,630,0.5
2014/07/25,650.0,650.0,624.0,628.0,16000,628,0.5
2014/07/28,638.0,638.0,626.0,626.0,5000,626,0.5
2014/07/29,632.0,632.0,624.0,624.0,6000,624,0.5
2014/07/30,624.0,624.0,620.0,624.0,9000,624,0.5
2014/07/31,618.0,618.0,616.0,616.0,4000,616,0.5
2014/08/01,600.0,600.0,568.0,578.0,20000,578,0.5
2014/08/04,578.0,578.0,570.0,570.0,7000,570,0.5
2014/08/05,572.0,572.0,546.0,550.0,19000,550,0.5
2014/08/06,548.0,548.0,504.0,514.0,34000,514,0.5
2014/08/07,512.0,512.0,504.0,504.0,2000,504,0.5
2014/08/08,510.0,516.0,500.0,516.0,13000,516,0.5
2014/08/11,532.0,548.0,490.0,496.0,29000,496,0.5
2014/08/12,504.0,520.0,498.0,498.0,27000,498,0.5
2014/08/13,490.0,506.0,486.0,500.0,10000,500,0.5
2014/08/14,496.0,520.0,496.0,520.0,7000,520,0.5
2014/08/18,512.0,540.0,512.0,536.0,7000,536,0.5
2014/08/19,530.0,540.0,524.0,526.0,10000,526,0.5
2014/08/20,522.0,522.0,512.0,514.0,5000,514,0.5
2014/08/21,520.0,532.0,520.0,532.0,4000,532,0.5
2014/08/22,536.0,536.0,536.0,536.0,3000,536,0.5
2014/08/25,544.0,546.0,544.0,546.0,3000,546,0.5
2014/08/26,540.0,540.0,540.0,540.0,2000,540,0.5
2014/08/27,544.0,546.0,544.0,546.0,5000,546,0.5
2014/08/28,542.0,542.0,522.0,526.0,12000,526,0.5
2014/08/29,526.0,528.0,518.0,518.0,10000,518,0.5
2014/09/01,530.0,530.0,530.0,530.0,1000,530,0.5
2014/09/02,520.0,520.0,520.0,520.0,2000,520,0.5
2014/09/03,520.0,546.0,520.0,546.0,12000,546,0.5
2014/09/04,538.0,538.0,530.0,530.0,2000,530,0.5
2014/09/05,538.0,540.0,524.0,540.0,12000,540,0.5
2014/09/08,550.0,576.0,548.0,568.0,18000,568,0.5
2014/09/09,568.0,570.0,562.0,568.0,14000,568,0.5
2014/09/10,568.0,568.0,540.0,548.0,13000,548,0.5
2014/09/11,548.0,550.0,524.0,530.0,22000,530,0.5
2014/09/12,522.0,532.0,520.0,526.0,12000,526,0.5
2014/09/16,520.0,524.0,518.0,520.0,9000,520,0.5
2014/09/17,528.0,528.0,524.0,524.0,5000,524,0.5
2014/09/18,522.0,522.0,522.0,522.0,1000,522,0.5
2014/09/19,516.0,516.0,514.0,514.0,3000,514,0.5
2014/09/22,516.0,516.0,516.0,516.0,1000,516,0.5
2014/09/24,514.0,514.0,514.0,514.0,5000,514,0.5
2014/09/25,512.0,512.0,512.0,512.0,2000,512,0.5
2014/09/26,510.0,510.0,508.0,508.0,2000,508,0.5
2014/09/29,520.0,520.0,508.0,508.0,7000,508,0.5
2014/09/30,508.0,508.0,502.0,502.0,3000,502,0.5
2014/10/01,500.0,500.0,486.0,486.0,9000,486,0.5
2014/10/02,482.0,482.0,476.0,476.0,4000,476,0.5
2014/10/03,474.0,476.0,474.0,474.0,9000,474,0.5
2014/10/06,480.0,500.0,480.0,500.0,7000,500,0.5
2014/10/07,484.0,484.0,484.0,484.0,2000,484,0.5
2014/10/08,474.0,474.0,472.0,472.0,7000,472,0.5
2014/10/09,462.0,464.0,448.0,464.0,7000,464,0.5
2014/10/10,440.0,454.0,440.0,446.0,6000,446,0.5
2014/10/14,438.0,438.0,426.0,428.0,6000,428,0.5
2014/10/15,414.0,414.0,402.0,408.0,13000,408,0.5
2014/10/16,408.0,418.0,408.0,418.0,6000,418,0.5
2014/10/17,422.0,424.0,422.0,424.0,2000,424,0.5
2014/10/20,430.0,446.0,430.0,446.0,3000,446,0.5
2014/10/21,430.0,446.0,428.0,446.0,5000,446,0.5
2014/10/22,454.0,454.0,454.0,454.0,1000,454,0.5
2014/10/24,438.0,438.0,428.0,428.0,4000,428,0.5
2014/10/27,424.0,440.0,424.0,440.0,4000,440,0.5
2014/10/28,448.0,448.0,448.0,448.0,4000,448,0.5
2014/10/29,454.0,454.0,454.0,454.0,1000,454,0.5
2014/10/30,464.0,464.0,462.0,462.0,2000,462,0.5
2014/10/31,460.0,460.0,460.0,460.0,3000,460,0.5
2014/11/04,466.0,470.0,460.0,470.0,6000,470,0.5
2014/11/05,454.0,454.0,454.0,454.0,1000,454,0.5
2014/11/06,464.0,464.0,462.0,462.0,3000,462,0.5
2014/11/07,456.0,456.0,450.0,450.0,7000,450,0.5
2014/11/10,498.0,498.0,462.0,462.0,20000,462,0.5
2014/11/11,466.0,466.0,466.0,466.0,3000,466,0.5
2014/11/12,482.0,504.0,480.0,504.0,37000,504,0.5
2014/11/13,424.0,438.0,420.0,428.0,173000,428,0.5
2014/11/14,424.0,500.0,420.0,450.0,91000,450,0.5
2014/11/17,440.0,442.0,440.0,442.0,11000,442,0.5
2014/11/18,440.0,440.0,434.0,434.0,6000,434,0.5
2014/11/19,450.0,450.0,440.0,440.0,7000,440,0.5
2014/11/20,440.0,454.0,440.0,454.0,6000,454,0.5
2014/11/21,444.0,450.0,444.0,450.0,4000,450,0.5
2014/11/25,454.0,454.0,442.0,442.0,8000,442,0.5
2014/11/26,450.0,454.0,442.0,442.0,12000,442,0.5
2014/11/27,446.0,446.0,444.0,444.0,7000,444,0.5
2014/11/28,458.0,458.0,446.0,450.0,6000,450,0.5
2014/12/01,452.0,452.0,450.0,450.0,8000,450,0.5
2014/12/02,450.0,452.0,450.0,450.0,7000,450,0.5
2014/12/03,456.0,462.0,448.0,448.0,19000,448,0.5
2014/12/04,452.0,456.0,452.0,456.0,3000,456,0.5
2014/12/05,456.0,456.0,456.0,456.0,22000,456,0.5
2014/12/08,462.0,462.0,462.0,462.0,2000,462,0.5
2014/12/09,472.0,472.0,452.0,452.0,3000,452,0.5
2014/12/10,438.0,440.0,436.0,436.0,13000,436,0.5
2014/12/11,436.0,436.0,418.0,424.0,22000,424,0.5
2014/12/12,434.0,500.0,432.0,460.0,84000,460,0.5
2014/12/15,468.0,472.0,460.0,460.0,11000,460,0.5
2014/12/16,462.0,464.0,462.0,462.0,28000,462,0.5
2014/12/17,438.0,446.0,436.0,436.0,7000,436,0.5
2014/12/18,450.0,450.0,450.0,450.0,2000,450,0.5
2014/12/19,452.0,452.0,444.0,444.0,7000,444,0.5
2014/12/22,446.0,446.0,438.0,442.0,34000,442,0.5
2014/12/24,442.0,448.0,440.0,442.0,37000,442,0.5
2014/12/25,442.0,442.0,434.0,440.0,4000,440,0.5
2014/12/26,436.0,440.0,436.0,438.0,7000,438,0.5
2014/12/29,454.0,458.0,448.0,448.0,9000,448,0.5
2014/12/30,438.0,448.0,438.0,440.0,3000,440,0.5
2015/01/05,448.0,456.0,448.0,456.0,11000,456,0.5
2015/01/06,452.0,456.0,452.0,454.0,3000,454,0.5
2015/01/09,448.0,454.0,448.0,454.0,2000,454,0.5
2015/01/13,442.0,448.0,442.0,448.0,4000,448,0.5
2015/01/14,448.0,452.0,448.0,452.0,3000,452,0.5
2015/01/15,448.0,448.0,448.0,448.0,1000,448,0.5
2015/01/16,444.0,444.0,444.0,444.0,3000,444,0.5
2015/01/19,446.0,446.0,446.0,446.0,2000,446,0.5
2015/01/20,442.0,442.0,442.0,442.0,1000,442,0.5
2015/01/21,444.0,444.0,436.0,436.0,10000,436,0.5
2015/01/22,452.0,452.0,452.0,452.0,1000,452,0.5
2015/01/23,464.0,464.0,464.0,464.0,1000,464,0.5
2015/01/26,464.0,464.0,460.0,460.0,2000,460,0.5
2015/01/27,460.0,468.0,460.0,468.0,6000,468,0.5
2015/01/28,470.0,520.0,470.0,508.0,51000,508,0.5
2015/01/29,490.0,502.0,490.0,502.0,4000,502,0.5
2015/01/30,498.0,504.0,498.0,504.0,7000,504,0.5
2015/02/02,520.0,520.0,520.0,520.0,3000,520,0.5
2015/02/03,520.0,520.0,480.0,500.0,13000,500,0.5
2015/02/05,472.0,508.0,472.0,500.0,7000,500,0.5
2015/02/09,528.0,658.0,524.0,610.0,167000,610,0.5
2015/02/10,600.0,600.0,550.0,580.0,46000,580,0.5
2015/02/12,588.0,614.0,586.0,586.0,21000,586,0.5
2015/02/13,570.0,600.0,560.0,600.0,8000,600,0.5
2015/02/16,574.0,574.0,548.0,554.0,34000,554,0.5
2015/02/17,548.0,548.0,502.0,502.0,25000,502,0.5
2015/02/18,510.0,520.0,510.0,520.0,12000,520,0.5
2015/02/20,504.0,506.0,490.0,504.0,12000,504,0.5
2015/02/23,506.0,506.0,506.0,506.0,2000,506,0.5
2015/02/24,506.0,508.0,504.0,508.0,4000,508,0.5
2015/02/25,518.0,518.0,504.0,504.0,5000,504,0.5
2015/02/26,506.0,506.0,506.0,506.0,2000,506,0.5
2015/02/27,506.0,528.0,504.0,528.0,26000,528,0.5
2015/03/02,544.0,556.0,540.0,540.0,34000,540,0.5
2015/03/03,542.0,542.0,530.0,530.0,14000,530,0.5
2015/03/04,534.0,534.0,524.0,528.0,6000,528,0.5
2015/03/05,528.0,528.0,526.0,528.0,4000,528,0.5
2015/03/06,528.0,528.0,524.0,524.0,6000,524,0.5
2015/03/10,522.0,522.0,506.0,514.0,10000,514,0.5
2015/03/11,508.0,514.0,508.0,512.0,4000,512,0.5
2015/03/12,512.0,518.0,510.0,518.0,9000,518,0.5
2015/03/13,520.0,520.0,520.0,520.0,1000,520,0.5
2015/03/16,528.0,566.0,528.0,558.0,16000,558,0.5
2015/03/17,578.0,582.0,574.0,582.0,8000,582,0.5
2015/03/18,594.0,594.0,562.0,562.0,4000,562,0.5
2015/03/19,550.0,550.0,530.0,536.0,15000,536,0.5
2015/03/20,530.0,538.0,530.0,530.0,3000,530,0.5
2015/03/23,536.0,550.0,536.0,550.0,8000,550,0.5
2015/03/24,550.0,550.0,540.0,540.0,7000,540,0.5
2015/03/25,542.0,542.0,540.0,540.0,3000,540,0.5
2015/03/26,540.0,540.0,532.0,532.0,5000,532,0.5
2015/03/27,526.0,528.0,524.0,528.0,4000,528,0.5
2015/03/30,528.0,528.0,528.0,528.0,6000,528,0.5
2015/04/01,524.0,524.0,524.0,524.0,1000,524,0.5
2015/04/02,520.0,556.0,520.0,556.0,8000,556,0.5
2015/04/03,548.0,548.0,544.0,544.0,3000,544,0.5
2015/04/07,538.0,538.0,524.0,524.0,3000,524,0.5
2015/04/08,526.0,542.0,524.0,524.0,6000,524,0.5
2015/04/09,528.0,528.0,528.0,528.0,1000,528,0.5
2015/04/13,524.0,524.0,524.0,524.0,4000,524,0.5
2015/04/14,524.0,530.0,516.0,516.0,5000,516,0.5
2015/04/15,536.0,536.0,528.0,536.0,3000,536,0.5
2015/04/16,526.0,526.0,518.0,518.0,7000,518,0.5
2015/04/17,530.0,530.0,530.0,530.0,1000,530,0.5
2015/04/20,518.0,518.0,518.0,518.0,2000,518,0.5
2015/04/21,518.0,518.0,518.0,518.0,3000,518,0.5
2015/04/22,520.0,520.0,520.0,520.0,2000,520,0.5
2015/04/23,524.0,524.0,524.0,524.0,1000,524,0.5
2015/04/24,516.0,522.0,516.0,522.0,3000,522,0.5
2015/04/27,526.0,528.0,526.0,528.0,6000,528,0.5
2015/04/28,532.0,532.0,522.0,522.0,8000,522,0.5
2015/04/30,538.0,538.0,538.0,538.0,1000,538,0.5
2015/05/11,650.0,650.0,564.0,582.0,139000,582,0.5
2015/05/12,574.0,580.0,574.0,574.0,14000,574,0.5
2015/05/13,584.0,646.0,584.0,624.0,46000,624,0.5
2015/05/14,560.0,574.0,554.0,556.0,70000,556,0.5
2015/05/15,560.0,560.0,546.0,556.0,41000,556,0.5
2015/05/18,548.0,548.0,538.0,540.0,18000,540,0.5
2015/05/19,530.0,540.0,522.0,540.0,36000,540,0.5
2015/05/20,544.0,544.0,544.0,544.0,5000,544,0.5
2015/05/21,562.0,570.0,554.0,554.0,44000,554,0.5
2015/05/22,570.0,582.0,570.0,578.0,11000,578,0.5
2015/05/25,576.0,576.0,572.0,572.0,5000,572,0.5
2015/05/26,566.0,570.0,566.0,570.0,2000,570,0.5
2015/05/27,566.0,572.0,552.0,558.0,20000,558,0.5
2015/05/28,576.0,580.0,570.0,570.0,8000,570,0.5
2015/05/29,572.0,572.0,570.0,572.0,8000,572,0.5
2015/06/01,600.0,620.0,582.0,590.0,102000,590,0.5
2015/06/02,592.0,606.0,586.0,592.0,18000,592,0.5
2015/06/03,582.0,600.0,582.0,590.0,8000,590,0.5
2015/06/04,592.0,598.0,592.0,592.0,9000,592,0.5
2015/06/05,578.0,600.0,578.0,600.0,12000,600,0.5
2015/06/08,606.0,606.0,598.0,602.0,9000,602,0.5
2015/06/09,590.0,590.0,582.0,582.0,14000,582,0.5
2015/06/10,582.0,582.0,578.0,578.0,8000,578,0.5
2015/06/11,576.0,584.0,572.0,574.0,11000,574,0.5
2015/06/12,576.0,576.0,550.0,560.0,57000,560,0.5
2015/06/15,560.0,560.0,560.0,560.0,2000,560,0.5
2015/06/16,560.0,562.0,560.0,562.0,2000,562,0.5
2015/06/17,562.0,564.0,560.0,560.0,5000,560,0.5
2015/06/18,564.0,564.0,560.0,560.0,4000,560,0.5
2015/06/19,570.0,586.0,562.0,564.0,13000,564,0.5
2015/06/22,568.0,578.0,568.0,578.0,4000,578,0.5
2015/06/23,584.0,584.0,584.0,584.0,2000,584,0.5
2015/06/24,584.0,584.0,572.0,578.0,6000,578,0.5
2015/06/25,578.0,578.0,578.0,578.0,3000,578,0.5
2015/06/26,574.0,574.0,570.0,572.0,5000,572,0.5
2015/06/29,562.0,562.0,548.0,548.0,31000,548,0.5
2015/06/30,542.0,548.0,540.0,548.0,11000,548,0.5
2015/07/01,554.0,554.0,554.0,554.0,2000,554,0.5
2015/07/02,556.0,558.0,556.0,558.0,6000,558,0.5
2015/07/03,562.0,562.0,562.0,562.0,1000,562,0.5
2015/07/06,556.0,556.0,540.0,548.0,15000,548,0.5
2015/07/07,550.0,552.0,550.0,552.0,2000,552,0.5
2015/07/08,554.0,554.0,508.0,524.0,78000,524,0.5
2015/07/09,512.0,520.0,502.0,508.0,12000,508,0.5
2015/07/10,516.0,522.0,508.0,512.0,8000,512,0.5
2015/07/13,520.0,540.0,520.0,540.0,6000,540,0.5
2015/07/14,540.0,558.0,540.0,546.0,30000,546,0.5
2015/07/15,560.0,570.0,560.0,568.0,11000,568,0.5
2015/07/16,564.0,568.0,558.0,558.0,5000,558,0.5
2015/07/17,560.0,560.0,552.0,552.0,10000,552,0.5
2015/07/21,550.0,560.0,550.0,558.0,5000,558,0.5
2015/07/22,560.0,560.0,550.0,550.0,3000,550,0.5
2015/07/23,552.0,554.0,552.0,554.0,2000,554,0.5
2015/07/24,552.0,552.0,550.0,550.0,2000,550,0.5
2015/07/27,560.0,560.0,560.0,560.0,4000,560,0.5
2015/07/28,550.0,552.0,550.0,552.0,7000,552,0.5
2015/07/29,554.0,556.0,554.0,556.0,2000,556,0.5
2015/07/30,558.0,558.0,558.0,558.0,1000,558,0.5
2015/08/03,570.0,572.0,570.0,572.0,5000,572,0.5
2015/08/04,564.0,564.0,564.0,564.0,1000,564,0.5
2015/08/05,554.0,554.0,554.0,554.0,2000,554,0.5
2015/08/06,560.0,560.0,550.0,550.0,8000,550,0.5
2015/08/07,550.0,564.0,546.0,564.0,9000,564,0.5
2015/08/10,580.0,580.0,564.0,564.0,27000,564,0.5
2015/08/11,564.0,566.0,552.0,566.0,9000,566,0.5
2015/08/12,554.0,566.0,554.0,566.0,5000,566,0.5
2015/08/13,560.0,560.0,560.0,560.0,2000,560,0.5
2015/08/14,562.0,562.0,560.0,562.0,4000,562,0.5
2015/08/17,560.0,570.0,560.0,570.0,9000,570,0.5
2015/08/18,562.0,562.0,560.0,560.0,2000,560,0.5
2015/08/19,556.0,556.0,556.0,556.0,1000,556,0.5
2015/08/20,566.0,566.0,566.0,566.0,2000,566,0.5
2015/08/21,558.0,558.0,540.0,540.0,15000,540,0.5
2015/08/24,506.0,512.0,494.0,496.0,30000,496,0.5
2015/08/25,442.0,500.0,422.0,460.0,24000,460,0.5
2015/08/26,460.0,490.0,460.0,484.0,4000,484,0.5
2015/08/27,488.0,488.0,488.0,488.0,3000,488,0.5
2015/08/28,488.0,518.0,488.0,510.0,14000,510,0.5
2015/08/31,510.0,510.0,510.0,510.0,3000,510,0.5
2015/09/01,494.0,494.0,494.0,494.0,2000,494,0.5
2015/09/04,506.0,506.0,506.0,506.0,1000,506,0.5
2015/09/07,494.0,494.0,494.0,494.0,3000,494,0.5
2015/09/08,494.0,494.0,488.0,490.0,6000,490,0.5
2015/09/09,500.0,500.0,500.0,500.0,4000,500,0.5
2015/09/10,496.0,512.0,496.0,512.0,3000,512,0.5
2015/09/17,484.0,486.0,462.0,476.0,15000,476,0.5
2015/09/18,472.0,472.0,460.0,466.0,32000,466,0.5
2015/09/24,444.0,460.0,444.0,460.0,6000,460,0.5
2015/09/28,462.0,462.0,448.0,448.0,10000,448,0.5
2015/09/29,440.0,448.0,438.0,448.0,4000,448,0.5
2015/09/30,438.0,450.0,438.0,450.0,14000,450,0.5
2015/10/01,452.0,464.0,452.0,464.0,12000,464,0.5
2015/10/02,448.0,456.0,448.0,456.0,3000,456,0.5
2015/10/05,456.0,456.0,456.0,456.0,4000,456,0.5
2015/10/06,464.0,470.0,464.0,470.0,14000,470,0.5
2015/10/07,468.0,468.0,462.0,464.0,5000,464,0.5
2015/10/08,464.0,478.0,464.0,472.0,9000,472,0.5
2015/10/13,472.0,476.0,464.0,476.0,7000,476,0.5
2015/10/14,460.0,476.0,460.0,460.0,4000,460,0.5
2015/10/15,462.0,462.0,462.0,462.0,1000,462,0.5
2015/10/16,464.0,466.0,462.0,464.0,6000,464,0.5
2015/10/19,472.0,472.0,464.0,464.0,4000,464,0.5
2015/10/20,462.0,464.0,462.0,464.0,2000,464,0.5
2015/10/21,462.0,466.0,460.0,464.0,31000,464,0.5
2015/10/26,466.0,470.0,466.0,470.0,7000,470,0.5
2015/10/27,474.0,488.0,472.0,474.0,9000,474,0.5
2015/10/28,488.0,498.0,488.0,490.0,24000,490,0.5
2015/10/29,492.0,492.0,488.0,488.0,4000,488,0.5
2015/10/30,482.0,490.0,482.0,490.0,6000,490,0.5
2015/11/02,482.0,482.0,470.0,474.0,11000,474,0.5
2015/11/04,480.0,512.0,480.0,498.0,10000,498,0.5
2015/11/05,514.0,516.0,502.0,516.0,24000,516,0.5
2015/11/06,504.0,522.0,502.0,522.0,5000,522,0.5
2015/11/09,522.0,522.0,520.0,520.0,9000,520,0.5
2015/11/10,508.0,516.0,508.0,516.0,10000,516,0.5
2015/11/11,514.0,518.0,514.0,516.0,7000,516,0.5
2015/11/12,528.0,532.0,518.0,524.0,14000,524,0.5
2015/11/13,530.0,542.0,530.0,540.0,24000,540,0.5
2015/11/16,540.0,540.0,512.0,530.0,19000,530,0.5
2015/11/17,530.0,538.0,530.0,538.0,6000,538,0.5
2015/11/18,538.0,538.0,538.0,538.0,3000,538,0.5
2015/11/20,536.0,536.0,522.0,522.0,5000,522,0.5
2015/11/24,522.0,530.0,522.0,530.0,4000,530,0.5
2015/11/25,530.0,530.0,530.0,530.0,3000,530,0.5
2015/11/26,536.0,544.0,536.0,544.0,14000,544,0.5
2015/11/27,546.0,546.0,534.0,540.0,15000,540,0.5
2015/11/30,540.0,540.0,534.0,534.0,7000,534,0.5
2015/12/01,530.0,544.0,530.0,544.0,5000,544,0.5
2015/12/02,540.0,548.0,540.0,548.0,3000,548,0.5
2015/12/03,548.0,558.0,548.0,558.0,17000,558,0.5
2015/12/04,540.0,552.0,540.0,550.0,7000,550,0.5
2015/12/07,550.0,550.0,538.0,538.0,11000,538,0.5
2015/12/09,522.0,542.0,522.0,542.0,5000,542,0.5
2015/12/10,520.0,540.0,514.0,540.0,20000,540,0.5
2015/12/11,526.0,540.0,526.0,540.0,3000,540,0.5
2015/12/14,526.0,526.0,510.0,516.0,12000,516,0.5
2015/12/15,516.0,516.0,498.0,500.0,20000,500,0.5
2015/12/16,516.0,516.0,516.0,516.0,1000,516,0.5
2015/12/17,516.0,516.0,510.0,510.0,4000,510,0.5
2015/12/18,510.0,514.0,504.0,504.0,8000,504,0.5
2015/12/21,506.0,506.0,500.0,500.0,10000,500,0.5
2015/12/22,506.0,506.0,494.0,496.0,20000,496,0.5
2015/12/24,496.0,496.0,492.0,492.0,9000,492,0.5
2015/12/25,490.0,492.0,488.0,492.0,6000,492,0.5
2015/12/28,502.0,504.0,494.0,494.0,10000,494,0.5
2015/12/29,496.0,524.0,496.0,522.0,27000,522,0.5
2015/12/30,522.0,526.0,516.0,526.0,27000,526,0.5
2016/01/04,520.0,520.0,514.0,514.0,8000,514,0.5
2016/01/05,514.0,520.0,514.0,520.0,15000,520,0.5
2016/01/06,510.0,510.0,508.0,510.0,7000,510,0.5
2016/01/07,504.0,506.0,504.0,506.0,3000,506,0.5
2016/01/08,498.0,500.0,498.0,500.0,3000,500,0.5
2016/01/12,498.0,498.0,488.0,488.0,8000,488,0.5
2016/01/13,488.0,496.0,488.0,496.0,2000,496,0.5
2016/01/15,500.0,500.0,500.0,500.0,1000,500,0.5
2016/01/20,486.0,486.0,468.0,470.0,6000,470,0.5
2016/01/21,470.0,470.0,454.0,454.0,4000,454,0.5
2016/01/22,458.0,460.0,458.0,460.0,3000,460,0.5
2016/01/25,460.0,480.0,460.0,480.0,12000,480,0.5
2016/01/26,468.0,476.0,468.0,476.0,5000,476,0.5
2016/01/27,478.0,480.0,478.0,480.0,2000,480,0.5
2016/01/28,492.0,494.0,492.0,494.0,4000,494,0.5
2016/01/29,498.0,498.0,498.0,498.0,3000,498,0.5
2016/02/01,500.0,508.0,500.0,508.0,11000,508,0.5
2016/02/02,508.0,508.0,508.0,508.0,22000,508,0.5
2016/02/05,498.0,498.0,496.0,496.0,3000,496,0.5
2016/02/08,484.0,484.0,484.0,484.0,1000,484,0.5
2016/02/10,464.0,470.0,440.0,470.0,22000,470,0.5
2016/02/12,422.0,468.0,418.0,468.0,8000,468,0.5
2016/02/15,478.0,478.0,446.0,472.0,27000,472,0.5
2016/02/23,470.0,470.0,470.0,470.0,1000,470,0.5
2016/02/25,478.0,478.0,478.0,478.0,2000,478,0.5
2016/02/29,496.0,496.0,462.0,474.0,5000,474,0.5
2016/03/01,458.0,460.0,456.0,460.0,5000,460,0.5
2016/03/02,472.0,478.0,472.0,478.0,4000,478,0.5
2016/03/03,478.0,478.0,478.0,478.0,1000,478,0.5
2016/03/04,482.0,482.0,482.0,482.0,1000,482,0.5
2016/03/14,484.0,486.0,484.0,486.0,5000,486,0.5
2016/03/15,488.0,488.0,488.0,488.0,4000,488,0.5
2016/03/17,480.0,480.0,478.0,478.0,2000,478,0.5
2016/03/25,480.0,484.0,480.0,484.0,11000,484,0.5
2016/03/28,490.0,490.0,482.0,482.0,10000,482,0.5
2016/03/29,488.0,488.0,482.0,482.0,2000,482,0.5
2016/03/30,480.0,482.0,480.0,482.0,2000,482,0.5
2016/04/04,480.0,480.0,480.0,480.0,2000,480,0.5
2016/04/05,478.0,478.0,478.0,478.0,1000,478,0.5
2016/04/06,478.0,478.0,462.0,462.0,4000,462,0.5
2016/04/07,460.0,464.0,460.0,464.0,6000,464,0.5
2016/04/13,446.0,450.0,438.0,438.0,7000,438,0.5
2016/04/14,440.0,444.0,440.0,444.0,6000,444,0.5
2016/04/15,448.0,452.0,448.0,452.0,4000,452,0.5
2016/04/18,452.0,454.0,452.0,454.0,5000,454,0.5
2016/04/19,454.0,460.0,454.0,460.0,4000,460,0.5
2016/04/21,470.0,474.0,468.0,474.0,5000,474,0.5
2016/04/22,490.0,490.0,490.0,490.0,1000,490,0.5
2016/04/25,488.0,488.0,482.0,484.0,3000,484,0.5
2016/04/26,482.0,482.0,460.0,470.0,5000,470,0.5
2016/04/28,480.0,480.0,480.0,480.0,3000,480,0.5
2016/05/02,480.0,480.0,476.0,476.0,2000,476,0.5
2016/05/09,476.0,476.0,476.0,476.0,1000,476,0.5
2016/05/10,476.0,476.0,476.0,476.0,1000,476,0.5
2016/05/12,464.0,464.0,464.0,464.0,1000,464,0.5
2016/05/13,436.0,452.0,436.0,452.0,10000,452,0.5
2016/05/16,460.0,462.0,442.0,442.0,24000,442,0.5
2016/05/17,442.0,450.0,442.0,450.0,9000,450,0.5
2016/05/20,450.0,458.0,450.0,458.0,3000,458,0.5
2016/05/23,458.0,468.0,458.0,468.0,12000,468,0.5
2016/05/24,458.0,466.0,458.0,466.0,2000,466,0.5
2016/05/25,472.0,474.0,470.0,474.0,5000,474,0.5
2016/05/26,480.0,500.0,468.0,484.0,46000,484,0.5
2016/05/27,488.0,498.0,486.0,498.0,9000,498,0.5
2016/05/30,504.0,504.0,504.0,504.0,3000,504,0.5
2016/05/31,508.0,532.0,504.0,524.0,49000,524,0.5
2016/06/01,526.0,568.0,526.0,560.0,55000,560,0.5
2016/06/02,560.0,566.0,560.0,560.0,31000,560,0.5
2016/06/03,554.0,696.0,554.0,606.0,215000,606,0.5
2016/06/06,766.0,766.0,766.0,766.0,41000,766,0.5
2016/06/07,926.0,926.0,702.0,720.0,983000,720,0.5
2016/06/08,696.0,698.0,650.0,654.0,164000,654,0.5
2016/06/09,646.0,680.0,642.0,650.0,112000,650,0.5
2016/06/10,654.0,666.0,642.0,648.0,35000,648,0.5
2016/06/13,644.0,646.0,596.0,610.0,57000,610,0.5
2016/06/14,604.0,604.0,580.0,584.0,34000,584,0.5
2016/06/15,590.0,600.0,584.0,600.0,27000,600,0.5
2016/06/16,600.0,600.0,550.0,554.0,37000,554,0.5
2016/06/17,560.0,570.0,548.0,552.0,23000,552,0.5
2016/06/20,568.0,568.0,552.0,562.0,10000,562,0.5
2016/06/21,568.0,572.0,554.0,556.0,15000,556,0.5
2016/06/22,556.0,566.0,550.0,564.0,18000,564,0.5
2016/06/23,552.0,554.0,540.0,550.0,24000,550,0.5
2016/06/24,548.0,548.0,502.0,504.0,55000,504,0.5
2016/06/27,520.0,544.0,520.0,538.0,8000,538,0.5
2016/06/28,530.0,536.0,522.0,526.0,14000,526,0.5
2016/06/29,534.0,552.0,534.0,544.0,39000,544,0.5
2016/06/30,546.0,558.0,546.0,550.0,21000,550,0.5
2016/07/01,562.0,700.0,562.0,696.0,223000,696,0.5
2016/07/04,856.0,856.0,856.0,856.0,136000,856,0.5
2016/07/05,878.0,932.0,786.0,844.0,621000,844,0.5
2016/07/06,828.0,834.0,740.0,822.0,80000,822,0.5
2016/07/07,844.0,852.0,750.0,756.0,53000,756,0.5
2016/07/08,798.0,916.0,798.0,916.0,366000,916,0.5
2016/07/11,1076.0,1076.0,1076.0,1076.0,79000,1076,0.5
2016/07/12,1276.0,1276.0,1206.0,1276.0,485000,1276,0.5
2016/07/13,1296.0,1418.0,1140.0,1320.0,951000,1320,0.5
2016/07/14,1228.0,1276.0,1148.0,1188.0,330000,1188,0.5
2016/07/15,1176.0,1176.0,1000.0,1014.0,257000,1014,0.5
2016/07/19,1214.0,1214.0,1214.0,1214.0,130000,1214,0.5
2016/07/20,1114.0,1114.0,1046.0,1086.0,174000,1086,0.5
2016/07/21,1046.0,1066.0,1006.0,1006.0,96000,1006,0.5
2016/07/22,988.0,992.0,936.0,944.0,60000,944,0.5
2016/07/25,944.0,960.0,894.0,894.0,55000,894,0.5
2016/07/26,904.0,914.0,894.0,900.0,29000,900,0.5
2016/07/27,900.0,910.0,886.0,896.0,20000,896,0.5
2016/07/28,864.0,876.0,814.0,814.0,63000,814,0.5
2016/07/29,836.0,836.0,790.0,806.0,55000,806,0.5
2016/08/01,822.0,966.0,822.0,966.0,105000,966,0.5
2016/08/02,1042.0,1076.0,974.0,1018.0,207000,1018,0.5
2016/08/03,998.0,998.0,890.0,930.0,86000,930,0.5
2016/08/04,932.0,1012.0,932.0,978.0,62000,978,0.5
2016/08/05,1018.0,1060.0,962.0,966.0,70000,966,0.5
2016/08/08,1070.0,1080.0,1000.0,1032.0,55000,1032,0.5
2016/08/09,1032.0,1032.0,940.0,968.0,31000,968,0.5
2016/08/10,1000.0,1022.0,978.0,980.0,40000,980,0.5
2016/08/12,980.0,980.0,874.0,926.0,49000,926,0.5
2016/08/15,916.0,922.0,884.0,888.0,27000,888,0.5
2016/08/16,862.0,876.0,860.0,874.0,25000,874,0.5
2016/08/17,900.0,930.0,880.0,880.0,43000,880,0.5
2016/08/18,862.0,876.0,862.0,868.0,11000,868,0.5
2016/08/19,868.0,876.0,864.0,876.0,8000,876,0.5
2016/08/22,876.0,908.0,862.0,862.0,16000,862,0.5
2016/08/23,856.0,884.0,856.0,880.0,6000,880,0.5
2016/08/24,896.0,1016.0,896.0,950.0,102000,950,0.5
2016/08/25,1034.0,1036.0,998.0,1024.0,65000,1024,0.5
2016/08/26,1038.0,1038.0,1006.0,1008.0,30000,1008,0.5
2016/08/29,1040.0,1208.0,1040.0,1208.0,123000,1208,0.5
2016/08/30,1188.0,1208.0,1118.0,1170.0,304000,1170,0.5
2016/08/31,1268.0,1370.0,1230.0,1246.0,337000,1246,0.5
2016/09/01,1210.0,1210.0,1100.0,1140.0,102000,1140,0.5
2016/09/02,1116.0,1144.0,1062.0,1096.0,54000,1096,0.5
2016/09/05,1136.0,1140.0,1078.0,1108.0,48000,1108,0.5
2016/09/06,1088.0,1108.0,1082.0,1086.0,23000,1086,0.5
2016/09/07,1086.0,1156.0,1078.0,1148.0,65000,1148,0.5
2016/09/08,1160.0,1164.0,1112.0,1136.0,37000,1136,0.5
2016/09/09,1120.0,1158.0,1112.0,1116.0,16000,1116,0.5
2016/09/12,1110.0,1110.0,1060.0,1072.0,26000,1072,0.5
2016/09/13,1088.0,1120.0,1086.0,1086.0,20000,1086,0.5
2016/09/14,1070.0,1070.0,1054.0,1054.0,10000,1054,0.5
2016/09/15,1054.0,1096.0,1044.0,1096.0,7000,1096,0.5
2016/09/16,1096.0,1096.0,1076.0,1080.0,6000,1080,0.5
2016/09/20,1042.0,1092.0,1040.0,1072.0,11000,1072,0.5
2016/09/21,1052.0,1064.0,1046.0,1062.0,6000,1062,0.5
2016/09/23,1050.0,1110.0,1050.0,1076.0,15000,1076,0.5
2016/09/26,1060.0,1068.0,1050.0,1058.0,13000,1058,0.5
2016/09/27,1046.0,1048.0,1032.0,1048.0,9000,1048,0.5
2016/09/28,1000,1048,950,980,21200,980,1
2016/09/29,987,1004,970,1000,16500,1000,1
2016/09/30,1000,1009,980,984,4200,984,1
2016/10/03,1019,1020,982,982,4800,982,1
2016/10/04,983,1016,983,1011,6300,1011,1
2016/10/05,1011,1012,1000,1000,6000,1000,1
2016/10/06,1001,1007,995,998,4900,998,1
2016/10/07,1004,1007,998,1000,3400,1000,1
2016/10/11,991,1003,962,978,6600,978,1
2016/10/12,977,990,950,962,8400,962,1
2016/10/13,974,990,969,973,2300,973,1
2016/10/14,960,975,950,968,2800,968,1
2016/10/17,968,990,960,989,6000,989,1
2016/10/18,960,984,960,973,4900,973,1
2016/10/19,975,985,970,985,1400,985,1
2016/10/20,988,989,971,983,2600,983,1
2016/10/21,985,994,985,993,1700,993,1
2016/10/24,980,992,980,992,2200,992,1
2016/10/25,992,1010,990,1003,3400,1003,1
2016/10/26,993,1000,969,993,1600,993,1
2016/10/27,986,1000,986,987,1700,987,1
2016/10/28,987,997,986,995,1900,995,1
2016/10/31,1130,1145,1123,1145,101200,1145,1
2016/11/01,1101,1141,1066,1100,65100,1100,1
2016/11/02,1099,1099,1025,1032,29700,1032,1
2016/11/04,1020,1064,1012,1053,14400,1053,1
2016/11/07,1063,1082,1038,1056,5000,1056,1
2016/11/08,1070,1170,1070,1090,40200,1090,1
2016/11/09,1110,1200,1018,1067,61300,1067,1
2016/11/10,1130,1180,1121,1143,21300,1143,1
2016/11/11,1150,1170,1101,1106,12300,1106,1
2016/11/14,1113,1144,1075,1083,21900,1083,1
2016/11/15,1090,1090,1038,1075,9800,1075,1
2016/11/16,1077,1108,1049,1075,14000,1075,1
2016/11/17,1075,1097,1060,1091,6400,1091,1
2016/11/18,1110,1125,1102,1119,8100,1119,1
2016/11/21,1140,1141,1101,1130,5100,1130,1
2016/11/22,1130,1138,1123,1135,4200,1135,1
2016/11/24,1165,1165,1150,1155,8600,1155,1
2016/11/25,1177,1183,1136,1150,10000,1150,1
2016/11/28,1150,1152,1141,1150,5400,1150,1
2016/11/29,1150,1178,1146,1157,13100,1157,1
2016/11/30,1154,1154,1142,1145,6100,1145,1
2016/12/01,1145,1165,1130,1131,10800,1131,1
2016/12/02,1120,1137,1105,1137,8700,1137,1
2016/12/05,1135,1135,1107,1130,2700,1130,1
2016/12/06,1150,1150,1095,1111,10100,1111,1
2016/12/07,1116,1120,1100,1100,2300,1100,1
2016/12/08,1112,1120,1091,1100,3900,1100,1
2016/12/09,1100,1100,1077,1087,2100,1087,1
2016/12/12,1090,1090,1087,1087,600,1087,1
2016/12/13,1082,1082,1054,1073,7600,1073,1
2016/12/14,1055,1069,1051,1064,9600,1064,1
2016/12/15,1030,1033,1019,1027,12000,1027,1
2016/12/16,1087,1098,1036,1037,11100,1037,1
2016/12/19,1032,1055,1032,1044,8300,1044,1
2016/12/20,1033,1045,1009,1040,9500,1040,1
2016/12/21,1049,1068,1047,1047,3900,1047,1
2016/12/22,1041,1060,1030,1046,4700,1046,1
2016/12/26,1046,1055,1040,1051,8900,1051,1
2016/12/27,1044,1067,1043,1046,7900,1046,1
2016/12/28,1069,1069,1060,1062,2700,1062,1
2016/12/29,1051,1051,1032,1050,11400,1050,1
2016/12/30,1050,1068,1036,1051,6000,1051,1
2017/01/04,1056,1095,1055,1080,14600,1080,1
2017/01/05,1096,1113,1065,1065,7700,1065,1
2017/01/06,1067,1090,1061,1085,4400,1085,1
2017/01/10,1101,1104,1060,1082,7400,1082,1
2017/01/11,1112,1114,1080,1087,3400,1087,1
2017/01/12,1086,1086,1070,1070,5200,1070,1
2017/01/13,1068,1068,1030,1034,4900,1034,1
2017/01/16,1038,1045,1037,1037,2700,1037,1
2017/01/17,1036,1037,1016,1030,3200,1030,1
2017/01/18,1020,1035,1020,1029,7900,1029,1
2017/01/19,1035,1040,1020,1020,3300,1020,1
2017/01/20,1018,1033,1018,1030,2900,1030,1
2017/01/23,1050,1114,1050,1114,15900,1114,1
2017/01/24,1147,1165,1116,1164,18700,1164,1
2017/01/25,1193,1247,1174,1230,47400,1230,1
2017/01/26,1260,1300,1238,1250,36100,1250,1
2017/01/27,1248,1255,1200,1205,14300,1205,1
2017/01/30,1235,1280,1205,1278,15700,1278,1
2017/01/31,1265,1280,1248,1267,18000,1267,1
2017/02/01,1264,1264,1201,1240,16700,1240,1
2017/02/02,1228,1230,1182,1210,8400,1210,1
2017/02/03,1195,1210,1168,1202,8500,1202,1
2017/02/06,1231,1231,1187,1210,4300,1210,1
2017/02/07,1210,1280,1210,1258,7800,1258,1
2017/02/08,1275,1283,1260,1265,11600,1265,1
2017/02/09,1280,1286,1250,1268,18600,1268,1
2017/02/10,1280,1315,1268,1315,36100,1315,1
2017/02/13,1285,1285,1231,1233,33300,1233,1
2017/02/14,1250,1250,1193,1217,15300,1217,1
2017/02/15,1212,1238,1212,1226,2200,1226,1
2017/02/16,1232,1232,1200,1200,4500,1200,1
2017/02/17,1200,1220,1186,1190,4400,1190,1
2017/02/20,1200,1226,1195,1201,12600,1201,1
2017/02/21,1217,1225,1205,1211,3400,1211,1
2017/02/22,1219,1219,1181,1186,11300,1186,1
2017/02/23,1200,1217,1190,1210,5900,1210,1
2017/02/24,1217,1270,1198,1263,13500,1263,1
2017/02/27,1263,1263,1232,1246,5500,1246,1
2017/02/28,1239,1248,1206,1221,14400,1221,1
2017/03/01,1205,1266,1205,1252,16700,1252,1
2017/03/02,1280,1285,1261,1271,21400,1271,1
2017/03/03,1271,1315,1271,1286,25000,1286,1
2017/03/06,1320,1448,1304,1410,103900,1410,1
2017/03/07,1410,1410,1330,1338,30200,1338,1
2017/03/08,1396,1396,1360,1371,7900,1371,1
2017/03/09,1363,1392,1363,1385,7900,1385,1
2017/03/10,1400,1410,1377,1378,13900,1378,1
2017/03/13,1399,1420,1390,1399,16700,1399,1
2017/03/14,1401,1401,1391,1391,6900,1391,1
2017/03/15,1391,1391,1318,1387,9900,1387,1
2017/03/16,1393,1393,1333,1381,6300,1381,1
2017/03/17,1371,1376,1326,1348,8600,1348,1
2017/03/21,1343,1370,1343,1365,6300,1365,1
2017/03/22,1364,1364,1290,1333,15500,1333,1
2017/03/23,1317,1336,1304,1317,2300,1317,1
2017/03/24,1317,1340,1317,1335,2000,1335,1
2017/03/27,1353,1405,1340,1400,11500,1400,1
2017/03/28,1410,1410,1380,1400,11100,1400,1
2017/03/29,1406,1544,1390,1500,31100,1500,1
2017/03/30,1540,1600,1540,1600,112200,1600,1
2017/03/31,1630,1798,1622,1739,187300,1739,1
2017/04/03,1810,2005,1788,1989,220900,1989,1
2017/04/04,1949,1980,1742,1850,120500,1850,1
2017/04/05,1794,1842,1700,1721,40900,1721,1
2017/04/06,1657,1684,1575,1610,89600,1610,1
2017/04/07,1623,1707,1550,1605,52700,1605,1
2017/04/10,1645,1800,1631,1800,63600,1800,1
2017/04/11,1750,1767,1625,1692,45400,1692,1
2017/04/12,1647,1678,1565,1599,24700,1599,1
2017/04/13,1587,1645,1524,1612,23800,1612,1
2017/04/14,1600,1769,1591,1642,29100,1642,1
2017/04/17,1669,1790,1632,1766,45700,1766,1
2017/04/18,1794,1810,1701,1771,24700,1771,1
2017/04/19,1730,1780,1706,1760,13000,1760,1
2017/04/20,1775,1840,1735,1795,20100,1795,1
2017/04/21,1775,1795,1715,1730,14900,1730,1
2017/04/24,1700,1748,1670,1688,14100,1688,1
2017/04/25,1723,1744,1688,1725,9000,1725,1
2017/04/26,1775,1800,1751,1800,13600,1800,1
2017/04/27,1840,2050,1806,2050,125700,2050,1
2017/04/28,2000,2122,1925,2090,89300,2090,1
2017/05/01,2540,2540,2221,2364,339200,2364,1
2017/05/02,2330,2360,2232,2292,72700,2292,1
2017/05/08,2323,2580,2305,2496,133100,2496,1
2017/05/09,2596,2980,2575,2644,619400,2644,1
2017/05/10,2600,2849,2580,2820,134200,2820,1
2017/05/11,2820,2880,2760,2780,82000,2780,1
2017/05/12,2800,2900,2760,2790,85900,2790,1
2017/05/15,2540,2843,2420,2830,162300,2830,1
2017/05/16,2802,2979,2800,2880,82100,2880,1
2017/05/17,2870,3320,2870,3260,198500,3260,1
2017/05/18,3120,3520,3105,3390,168000,3390,1
2017/05/19,3595,3800,3550,3800,135700,3800,1
2017/05/22,4150,4380,3500,3695,296300,3695,1
2017/05/23,3695,4070,3510,3800,263500,3800,1
2017/05/24,3860,3985,3680,3785,106500,3785,1
2017/05/25,3750,3780,3605,3610,60200,3610,1
2017/05/26,3600,3745,3485,3710,71500,3710,1
2017/05/29,3795,3990,3770,3835,82100,3835,1
2017/05/30,3790,3895,3610,3670,91500,3670,1
2017/05/31,3635,3850,3600,3730,56400,3730,1
2017/06/01,3850,4190,3845,4180,195600,4180,1
2017/06/02,4300,4830,4270,4750,329500,4750,1
2017/06/05,5140,5450,4700,5420,302500,5420,1
2017/06/06,5050,5370,4925,5180,203000,5180,1
2017/06/07,5200,5270,4850,4960,110300,4960,1
2017/06/08,5160,5330,5010,5010,114500,5010,1
2017/06/09,4985,5220,4910,4985,62100,4985,1
2017/06/12,4860,5000,4650,4950,57500,4950,1
2017/06/13,4975,5030,4820,4900,26400,4900,1
2017/06/14,5060,5120,4900,4920,47500,4920,1
2017/06/15,4800,4920,4715,4730,34000,4730,1
2017/06/16,4730,4755,4425,4515,63900,4515,1
2017/06/19,4585,4860,4430,4770,64100,4770,1
2017/06/20,4900,4970,4700,4720,43800,4720,1
2017/06/21,4650,4720,4600,4675,25900,4675,1
2017/06/22,4635,4790,4625,4725,22500,4725,1
2017/06/23,4655,4700,4500,4645,26100,4645,1
2017/06/26,4630,4695,4575,4620,15300,4620,1
2017/06/27,4585,4820,4540,4780,32000,4780,1
2017/06/28,4690,4700,4440,4445,41000,4445,1
2017/06/29,4430,4430,4190,4235,41700,4235,1
2017/06/30,3885,4125,3865,4030,59400,4030,1
2017/07/03,3940,4120,3930,4045,22400,4045,1
2017/07/04,4060,4060,3690,3795,33700,3795,1
2017/07/05,3730,4400,3710,4215,64900,4215,1
2017/07/06,4145,4340,3945,4100,36200,4100,1
2017/07/07,3975,4150,3975,4000,8400,4000,1
2017/07/10,4090,4145,4000,4070,13800,4070,1
2017/07/11,4080,4105,3990,4020,11300,4020,1
2017/07/12,4020,4030,3935,3940,11600,3940,1
2017/07/13,3940,4080,3930,3960,8500,3960,1
2017/07/14,4000,4035,3895,3920,9600,3920,1
2017/07/18,3895,3895,3760,3760,14000,3760,1
2017/07/19,3780,4180,3775,4140,25300,4140,1
2017/07/20,4200,4235,4080,4125,15100,4125,1
2017/07/21,4205,4215,4120,4190,9300,4190,1
2017/07/24,4210,4210,4060,4160,10300,4160,1
2017/07/25,4175,4340,4060,4270,14500,4270,1
2017/07/26,4300,4340,4240,4290,13600,4290,1
2017/07/27,4310,4815,4250,4620,61600,4620,1
2017/07/28,4450,4470,4155,4200,48400,4200,1
2017/07/31,4080,4140,3910,4005,28200,4005,1
2017/08/01,3960,3960,3755,3905,18900,3905,1
2017/08/02,3915,4015,3895,4000,7700,4000,1
2017/08/03,3945,3960,3850,3855,8200,3855,1
2017/08/04,3875,3975,3845,3920,5400,3920,1
2017/08/07,3780,3845,3700,3785,25200,3785,1
2017/08/08,3785,4060,3785,4000,17600,4000,1
2017/08/09,3800,3935,3800,3880,10300,3880,1
2017/08/10,3810,3945,3720,3790,21100,3790,1
2017/08/14,3930,4230,3860,4025,66600,4025,1
2017/08/15,4080,4160,3955,3995,30200,3995,1
2017/08/16,3960,3985,3820,3840,25000,3840,1
2017/08/17,3805,3905,3805,3840,18700,3840,1
2017/08/18,3770,3945,3770,3905,23400,3905,1
2017/08/21,3970,3970,3820,3890,8000,3890,1
2017/08/22,3680,3760,3535,3615,53500,3615,1
2017/08/23,3620,3655,3555,3570,16700,3570,1
2017/08/24,3570,3570,3505,3520,11500,3520,1
2017/08/25,3535,3675,3535,3610,15500,3610,1
2017/08/28,3680,3800,3620,3750,17000,3750,1
2017/08/29,3795,4035,3745,3985,46700,3985,1
2017/08/30,3985,4130,3925,3935,36500,3935,1
2017/08/31,3950,3950,3750,3930,23700,3930,1
2017/09/01,3930,3960,3805,3830,9500,3830,1
2017/09/04,3800,3800,3670,3700,16600,3700,1
2017/09/05,3700,3700,3495,3575,19100,3575,1
2017/09/06,3365,3545,3320,3450,46400,3450,1
2017/09/07,3490,3490,3375,3385,16300,3385,1
2017/09/08,3375,3490,3375,3395,10300,3395,1
2017/09/11,3405,3700,3405,3610,16900,3610,1
2017/09/12,3620,3700,3615,3655,18600,3655,1
2017/09/13,3640,3645,3555,3600,10800,3600,1
2017/09/14,3525,3595,3450,3455,17400,3455,1
2017/09/15,3495,3710,3465,3615,25500,3615,1
2017/09/19,3700,3780,3680,3715,25100,3715,1
2017/09/20,3720,3720,3615,3650,14400,3650,1
2017/09/21,3595,3680,3540,3540,23200,3540,1
2017/09/22,3560,3580,3465,3530,11400,3530,1
2017/09/25,3545,3625,3535,3595,6300,3595,1
2017/09/26,3550,3560,3495,3530,9800,3530,1
2017/09/27,3540,3585,3505,3565,8300,3565,1
2017/09/28,3600,3630,3565,3630,12900,3630,1
2017/09/29,3635,3775,3615,3710,31000,3710,1
2017/10/02,3710,3730,3660,3700,15000,3700,1
2017/10/03,3740,3785,3685,3770,33900,3770,1
2017/10/04,3720,3820,3720,3740,36100,3740,1
2017/10/05,3785,3785,3655,3685,16600,3685,1
2017/10/06,3695,3720,3560,3720,16100,3720,1
2017/10/10,3755,3795,3700,3785,14000,3785,1
2017/10/11,3795,3795,3745,3795,14700,3795,1
2017/10/12,3785,3805,3745,3805,27600,3805,1
2017/10/13,3810,3815,3740,3790,20500,3790,1
2017/10/16,3790,3790,3670,3675,17900,3675,1
2017/10/17,3680,3705,3500,3610,16300,3610,1
2017/10/18,3620,3680,3535,3670,14100,3670,1
2017/10/19,3630,3630,3550,3575,14700,3575,1
2017/10/20,3575,3605,3505,3520,7300,3520,1
2017/10/23,3610,3660,3535,3615,23200,3615,1
2017/10/24,3615,3615,3560,3595,14700,3595,1
2017/10/25,3600,3680,3570,3600,22200,3600,1
2017/10/26,3615,3635,3570,3580,17000,3580,1
2017/10/27,3585,3665,3585,3665,11400,3665,1
2017/10/30,3735,3810,3695,3810,47500,3810,1
2017/10/31,3780,3850,3760,3850,28100,3850,1
2017/11/01,3920,4180,3840,4100,205900,4100,1
2017/11/02,4095,4160,3960,4080,97000,4080,1
2017/11/06,4110,4160,4030,4075,49700,4075,1
2017/11/07,4145,4145,3970,4000,62200,4000,1
2017/11/08,3985,4295,3980,4245,121600,4245,1
2017/11/09,4275,4325,4030,4175,77100,4175,1
2017/11/10,4170,4270,4080,4270,44300,4270,1
2017/11/13,4270,4450,4230,4445,67200,4445,1
2017/11/14,4430,4535,4125,4250,112900,4250,1
2017/11/15,4000,4005,3700,3805,164000,3805,1
2017/11/16,3785,3860,3710,3855,61400,3855,1
2017/11/17,3895,3945,3745,3750,47600,3750,1
2017/11/20,3720,3850,3715,3740,30100,3740,1
2017/11/21,3815,3820,3705,3810,29300,3810,1
2017/11/22,3850,4125,3850,4090,79300,4090,1
2017/11/24,4000,4050,3960,4000,28000,4000,1
2017/11/27,4030,4035,3830,3835,32300,3835,1
2017/11/28,3765,3795,3705,3725,30700,3725,1
2017/11/29,3790,3845,3630,3690,43500,3690,1
2017/11/30,3510,3555,3405,3490,85200,3490,1
2017/12/01,3530,3540,3410,3440,35400,3440,1
2017/12/04,3440,3525,3440,3460,21300,3460,1
2017/12/05,3465,3470,3330,3350,42000,3350,1
2017/12/06,3305,3420,3295,3315,30400,3315,1
2017/12/07,3280,3385,3265,3355,22900,3355,1
2017/12/08,3400,3500,3380,3445,30700,3445,1
2017/12/11,3530,3530,3415,3485,23200,3485,1
2017/12/12,3500,3570,3415,3460,27300,3460,1
2017/12/13,3410,3410,3330,3350,23700,3350,1
2017/12/14,3385,3510,3380,3485,27000,3485,1
2017/12/15,3460,3490,3445,3480,10100,3480,1
2017/12/18,3495,3590,3430,3590,33300,3590,1
2017/12/19,3675,3675,3555,3560,26500,3560,1
2017/12/20,3520,3560,3450,3505,15200,3505,1
2017/12/21,3505,3545,3455,3470,13800,3470,1
2017/12/22,3440,3520,3420,3480,18600,3480,1
2017/12/25,3445,3490,3430,3480,15200,3480,1
2017/12/26,3460,3495,3385,3410,28100,3410,1
2017/12/27,3425,3465,3390,3425,14300,3425,1
2017/12/28,3465,3465,3420,3425,14600,3425,1
2017/12/29,3445,3530,3425,3440,14500,3440,1
2018/01/04,3450,3530,3450,3510,16100,3510,1
2018/01/05,3535,3650,3500,3640,30300,3640,1
2018/01/09,3690,3925,3690,3895,73700,3895,1
2018/01/10,3850,3900,3760,3900,40100,3900,1
2018/01/11,3840,3900,3775,3790,30000,3790,1
2018/01/12,3800,3860,3790,3810,13400,3810,1
2018/01/15,3855,3855,3755,3755,12800,3755,1
2018/01/16,3760,3790,3710,3750,17200,3750,1
2018/01/17,3725,3830,3700,3830,21200,3830,1
2018/01/18,3900,4060,3740,3820,68400,3820,1
2018/01/19,3875,3980,3875,3975,43200,3975,1
2018/01/22,4000,4120,3995,4120,53100,4120,1
2018/01/23,4120,4170,4000,4060,59700,4060,1
2018/01/24,4150,4310,4080,4100,96600,4100,1
2018/01/25,4015,4195,4010,4160,21200,4160,1
2018/01/26,4245,4245,4120,4140,25400,4140,1
2018/01/29,4250,4250,4130,4200,18700,4200,1
2018/01/30,4235,4235,4050,4165,32600,4165,1
2018/01/31,4040,4170,4015,4070,33200,4070,1
2018/02/01,4070,4150,4015,4130,22900,4130,1
2018/02/02,4125,4125,3980,4065,24200,4065,1
2018/02/05,3925,3950,3865,3905,26200,3905,1
2018/02/06,3460,3695,3305,3445,93700,3445,1
2018/02/07,3725,3820,3590,3620,50900,3620,1
2018/02/08,3670,3785,3625,3720,20500,3720,1
2018/02/09,3510,3800,3500,3780,38900,3780,1
2018/02/13,3660,3835,3650,3660,36200,3660,1
2018/02/14,3600,3640,3470,3535,14200,3535,1
2018/02/15,3590,3850,3555,3815,23400,3815,1
2018/02/16,3825,3995,3825,3920,14600,3920,1
2018/02/19,3955,3970,3885,3925,10600,3925,1
2018/02/20,3900,3980,3830,3870,16100,3870,1
2018/02/21,3820,4075,3820,4035,26800,4035,1
2018/02/22,4030,4095,3935,4065,14100,4065,1
2018/02/23,4050,4055,3935,3960,9700,3960,1
2018/02/26,4095,4095,3910,3910,9400,3910,1
2018/02/27,3955,3980,3870,3955,8800,3955,1
2018/02/28,3895,3975,3880,3920,6900,3920,1
2018/03/01,3875,3900,3840,3850,4900,3850,1
2018/03/02,3750,3820,3695,3745,9800,3745,1
2018/03/05,3745,3745,3555,3555,11200,3555,1
2018/03/06,3655,3710,3600,3630,5700,3630,1
2018/03/07,3695,3695,3560,3560,4000,3560,1
2018/03/08,3565,3660,3565,3650,5400,3650,1
2018/03/09,3720,3795,3655,3755,10000,3755,1
2018/03/12,3815,3900,3810,3865,14900,3865,1
2018/03/13,3865,3920,3850,3885,10800,3885,1
2018/03/14,3815,3870,3750,3775,7200,3775,1
2018/03/15,3705,3740,3655,3680,14100,3680,1
2018/03/16,3680,3705,3635,3680,6300,3680,1
2018/03/19,3770,3770,3515,3565,18900,3565,1
2018/03/20,3505,3550,3505,3530,8200,3530,1
2018/03/22,3530,3550,3490,3515,11800,3515,1
2018/03/23,3430,3445,3380,3400,11800,3400,1
2018/03/26,3305,3350,3215,3345,16900,3345,1
2018/03/27,3425,3480,3330,3355,7200,3355,1
2018/03/28,3350,3440,3345,3440,5600,3440,1
2018/03/29,3450,3530,3425,3460,5500,3460,1
2018/03/30,3530,3570,3485,3535,3300,3535,1
2018/04/02,3535,3590,3535,3570,5100,3570,1
2018/04/03,3500,3550,3480,3505,4200,3505,1
2018/04/04,3505,3510,3375,3425,11700,3425,1
2018/04/05,3475,3475,3450,3460,4100,3460,1
2018/04/06,3460,3460,3355,3395,11200,3395,1
2018/04/09,3370,3490,3370,3440,5100,3440,1
2018/04/10,3435,3475,3415,3450,4100,3450,1
2018/04/11,3515,3675,3490,3650,12800,3650,1
2018/04/12,3720,3720,3620,3620,15300,3620,1
2018/04/13,3690,3690,3635,3660,3000,3660,1
2018/04/16,3660,3665,3470,3475,6900,3475,1
2018/04/17,3490,3560,3415,3460,3900,3460,1
2018/04/18,3440,3475,3405,3420,3600,3420,1
2018/04/19,3490,3495,3420,3440,3800,3440,1
2018/04/20,3405,3405,3235,3330,13400,3330,1
2018/04/23,3335,3360,3325,3360,6100,3360,1
2018/04/24,3340,3360,3290,3335,7200,3335,1
2018/04/25,3215,3300,3215,3290,12600,3290,1
2018/04/26,3570,3580,3420,3430,22000,3430,1
2018/04/27,3425,3425,3325,3380,8700,3380,1
2018/05/01,3320,3400,3250,3255,16200,3255,1
2018/05/02,3230,3325,3230,3310,10500,3310,1
2018/05/07,3365,3410,3355,3380,5700,3380,1
2018/05/08,3405,3405,3350,3380,4300,3380,1
2018/05/09,3360,3420,3360,3400,10100,3400,1
2018/05/10,3400,3440,3400,3415,7900,3415,1
2018/05/11,3415,3515,3415,3465,11600,3465,1
2018/05/14,3505,3675,3465,3665,24600,3665,1
2018/05/15,3385,3490,3365,3420,30900,3420,1
2018/05/16,3410,3410,3350,3370,16800,3370,1
2018/05/17,3370,3445,3350,3410,6800,3410,1
2018/05/18,3410,3410,3360,3385,4400,3385,1
2018/05/21,3385,3410,3355,3385,5100,3385,1
2018/05/22,3385,3415,3355,3380,9400,3380,1
2018/05/23,3415,3415,3365,3390,4900,3390,1
2018/05/24,3380,3385,3365,3380,6100,3380,1
2018/05/25,3360,3400,3360,3370,3100,3370,1
2018/05/28,3380,3380,3355,3360,3200,3360,1
2018/05/29,3360,3365,3325,3325,6000,3325,1
2018/05/30,3310,3345,3275,3280,7100,3280,1
2018/05/31,3290,3300,3260,3270,2400,3270,1
2018/06/01,3260,3270,3240,3240,4000,3240,1
2018/06/04,3240,3265,3240,3240,20800,3240,1
2018/06/05,3230,3230,3135,3185,8300,3185,1
2018/06/06,3175,3175,2930,2960,23900,2960,1
2018/06/07,2980,3070,2975,2995,11600,2995,1
2018/06/08,3020,3080,3020,3060,5400,3060,1
2018/06/11,3050,3065,3010,3040,4300,3040,1
2018/06/12,3050,3050,2991,2999,5100,2999,1
2018/06/13,2990,3020,2952,2952,10500,2952,1
2018/06/14,2933,2937,2861,2881,14800,2881,1
2018/06/15,2902,2903,2801,2801,17800,2801,1
2018/06/18,2801,2803,2704,2726,18300,2726,1
2018/06/19,2727,2780,2656,2660,12600,2660,1
2018/06/20,2617,2660,2555,2659,11800,2659,1
2018/06/21,2630,2749,2630,2706,6700,2706,1
2018/06/22,2656,2676,2632,2641,6100,2641,1
2018/06/25,2691,2691,2522,2537,9000,2537,1
2018/06/26,2500,2658,2488,2630,9500,2630,1
2018/06/27,2632,2655,2606,2635,3400,2635,1
2018/06/28,2630,2650,2600,2615,1900,2615,1
2018/06/29,2616,2657,2616,2617,3300,2617,1
2018/07/02,2623,2667,2623,2631,1000,2631,1
2018/07/03,2613,2614,2508,2539,5800,2539,1
2018/07/04,2497,2504,2442,2442,5400,2442,1
2018/07/05,2440,2456,2308,2330,18600,2330,1
2018/07/06,2370,2396,2344,2381,7600,2381,1
2018/07/09,2381,2412,2331,2401,5700,2401,1
2018/07/10,2402,2483,2402,2452,9100,2452,1
2018/07/11,2452,2483,2370,2423,6700,2423,1
2018/07/12,2420,2438,2376,2376,4600,2376,1
2018/07/13,2388,2420,2388,2408,5600,2408,1
2018/07/17,2409,2419,2392,2393,5400,2393,1
2018/07/18,2399,2425,2392,2395,6800,2395,1
2018/07/19,2410,2447,2410,2415,9200,2415,1
2018/07/20,2421,2429,2405,2405,4900,2405,1
2018/07/23,2404,2434,2383,2394,5000,2394,1
2018/07/24,2405,2417,2390,2410,6800,2410,1
2018/07/25,2404,2427,2401,2401,4100,2401,1
2018/07/26,2410,2477,2410,2470,7100,2470,1
2018/07/27,2478,2619,2478,2574,18900,2574,1
2018/07/30,2575,2636,2524,2540,14700,2540,1
2018/07/31,2490,2490,2416,2454,14200,2454,1
2018/08/01,2450,2488,2450,2475,5700,2475,1
2018/08/02,2511,2556,2475,2476,7100,2476,1
2018/08/03,2480,2480,2405,2427,7000,2427,1
2018/08/06,2477,2482,2413,2440,7700,2440,1
2018/08/07,2437,2455,2415,2452,2900,2452,1
2018/08/08,2433,2479,2421,2479,5100,2479,1
2018/08/09,2564,2564,2500,2554,11000,2554,1
2018/08/10,2579,2579,2433,2556,21300,2556,1
2018/08/13,2306,2364,2248,2265,17500,2265,1
2018/08/14,2248,2273,2220,2273,9500,2273,1
