2015/12/24,641.0,659.0,605.0,605.0,2541900,605,2.0
2015/12/25,611.5,615.0,594.5,601.5,237900,601.5,2.0
2015/12/28,604.5,607.5,596.5,607.0,107400,607,2.0
2015/12/29,600.5,610.0,599.0,605.0,105600,605,2.0
2015/12/30,605.0,625.0,605.0,621.5,125800,621.5,2.0
2016/01/04,619.5,624.0,607.5,620.5,103200,620.5,2.0
2016/01/05,619.0,619.5,611.0,615.0,55700,615,2.0
2016/01/06,612.5,616.5,610.0,615.5,36000,615.5,2.0
2016/01/07,613.5,615.0,600.5,603.5,91600,603.5,2.0
2016/01/08,603.0,609.5,600.5,608.0,33400,608,2.0
2016/01/12,600.5,605.0,577.5,592.5,92300,592.5,2.0
2016/01/13,594.5,609.5,592.0,605.5,25300,605.5,2.0
2016/01/14,590.5,595.5,583.0,591.0,19100,591,2.0
2016/01/15,600.0,601.5,590.0,597.0,21300,597,2.0
2016/01/18,589.5,597.0,583.0,595.5,17500,595.5,2.0
2016/01/19,599.5,599.5,589.0,595.5,28600,595.5,2.0
2016/01/20,599.0,599.5,535.0,550.0,193300,550,2.0
2016/01/21,550.0,556.5,503.0,505.5,94200,505.5,2.0
2016/01/22,530.0,549.5,525.0,544.0,85700,544,2.0
2016/01/25,550.5,559.5,546.0,551.5,36600,551.5,2.0
2016/01/26,545.0,550.5,541.5,545.5,7800,545.5,2.0
2016/01/27,545.0,550.5,535.0,538.5,78000,538.5,2.0
2016/01/28,542.5,548.5,541.0,547.0,6600,547,2.0
2016/01/29,544.5,589.5,532.5,589.5,147600,589.5,2.0
2016/02/01,625.0,630.5,605.0,606.0,248100,606,2.0
2016/02/02,595.5,599.0,585.0,588.5,59500,588.5,2.0
2016/02/03,603.5,620.0,594.5,610.0,129800,610,2.0
2016/02/04,620.0,620.0,596.0,617.5,70600,617.5,2.0
2016/02/05,615.0,616.0,595.0,611.0,81200,611,2.0
2016/02/08,624.0,630.0,615.0,624.5,134100,624.5,2.0
2016/02/09,613.0,614.5,591.5,593.5,99700,593.5,2.0
2016/02/10,608.5,610.5,565.5,583.5,109000,583.5,2.0
2016/02/12,561.0,584.5,560.0,574.0,76600,574,2.0
2016/02/15,597.5,609.5,583.0,602.0,81700,602,2.0
2016/02/16,602.5,624.0,600.5,600.5,72400,600.5,2.0
2016/02/17,601.5,613.5,597.5,600.5,52100,600.5,2.0
2016/02/18,614.5,616.5,606.0,613.0,29200,613,2.0
2016/02/19,612.5,618.0,603.5,614.0,23300,614,2.0
2016/02/22,615.0,654.5,612.5,654.5,77200,654.5,2.0
2016/02/23,665.0,673.0,635.5,635.5,98900,635.5,2.0
2016/02/24,625.0,642.5,622.0,632.0,41900,632,2.0
2016/02/25,634.0,655.5,634.0,648.5,29200,648.5,2.0
2016/02/26,650.5,655.0,640.5,642.0,21600,642,2.0
2016/02/29,650.0,650.5,620.5,620.5,55100,620.5,2.0
2016/03/01,620.5,631.0,612.5,623.5,38900,623.5,2.0
2016/03/02,634.0,638.5,625.0,628.0,38000,628,2.0
2016/03/03,639.5,644.0,625.0,644.0,54600,644,2.0
2016/03/04,655.0,682.0,647.0,682.0,157700,682,2.0
2016/03/07,697.0,701.5,666.0,667.0,126400,667,2.0
2016/03/08,658.0,680.0,651.0,676.5,75700,676.5,2.0
2016/03/09,674.5,686.5,665.0,684.5,49000,684.5,2.0
2016/03/10,688.0,706.5,676.5,679.5,126600,679.5,2.0
2016/03/11,675.0,693.0,675.0,687.0,36700,687,2.0
2016/03/14,694.5,714.5,690.5,714.5,142100,714.5,2.0
2016/03/15,715.0,750.0,708.5,738.0,155700,738,2.0
2016/03/16,804.0,830.0,786.5,800.0,443300,800,2.0
2016/03/17,819.0,819.0,775.0,796.0,176900,796,2.0
2016/03/18,781.0,864.5,780.5,864.5,260500,864.5,2.0
2016/03/22,865.0,880.0,834.0,855.5,171800,855.5,2.0
2016/03/23,860.0,872.5,838.0,861.0,84800,861,2.0
2016/03/24,845.5,862.5,840.5,842.0,74500,842,2.0
2016/03/25,830.5,840.0,820.0,825.5,73100,825.5,2.0
2016/03/28,820.0,820.5,805.0,810.0,81000,810,2.0
2016/03/29,800.0,824.0,800.0,821.0,130600,821,2.0
2016/03/30,825.0,835.5,815.5,818.0,57900,818,2.0
2016/03/31,817.5,824.0,809.5,818.5,42500,818.5,2.0
2016/04/01,801.5,813.5,750.5,766.0,149300,766,2.0
2016/04/04,760.0,800.0,730.0,778.0,59700,778,2.0
2016/04/05,770.0,785.5,737.5,746.0,68100,746,2.0
2016/04/06,739.5,760.0,736.5,757.0,43700,757,2.0
2016/04/07,750.0,796.0,750.0,795.5,45800,795.5,2.0
2016/04/08,764.0,794.5,758.5,781.5,40600,781.5,2.0
2016/04/11,780.0,785.0,751.5,779.0,44300,779,2.0
2016/04/12,779.0,795.0,779.0,787.0,39200,787,2.0
2016/04/13,799.5,822.5,797.0,814.5,61500,814.5,2.0
2016/04/14,818.0,823.5,806.5,808.0,51300,808,2.0
2016/04/15,822.5,831.5,808.0,825.5,61000,825.5,2.0
2016/04/18,822.0,835.0,809.5,832.0,47300,832,2.0
2016/04/19,839.5,870.0,839.5,867.5,96700,867.5,2.0
2016/04/20,870.0,899.5,870.0,897.5,131800,897.5,2.0
2016/04/21,900.0,908.5,870.5,886.0,87800,886,2.0
2016/04/22,870.5,885.0,849.5,885.0,73300,885,2.0
2016/04/25,895.0,915.5,875.0,915.0,94600,915,2.0
2016/04/26,905.0,912.5,865.0,888.5,67500,888.5,2.0
2016/04/27,899.5,959.0,875.0,950.0,106700,950,2.0
2016/04/28,970.0,994.5,905.0,950.0,203300,950,2.0
2016/05/02,931.0,980.0,920.0,969.0,77800,969,2.0
2016/05/06,990.0,1029.5,970.0,1016.5,136800,1016.5,2.0
2016/05/09,1041.5,1132.5,1025.5,1120.5,172200,1120.5,2.0
2016/05/10,1091.0,1160.0,1055.0,1152.5,214300,1152.5,2.0
2016/05/11,1150.0,1158.0,1090.0,1135.0,116100,1135,2.0
2016/05/12,1110.0,1124.0,1067.0,1067.0,87300,1067,2.0
2016/05/13,1124.0,1240.0,1124.0,1210.0,312600,1210,2.0
2016/05/16,1187.0,1210.0,1151.0,1151.5,169300,1151.5,2.0
2016/05/17,1132.0,1169.0,1094.5,1163.5,109900,1163.5,2.0
2016/05/18,1150.0,1159.0,1075.0,1107.0,74900,1107,2.0
2016/05/19,1105.0,1133.0,1076.5,1120.5,33400,1120.5,2.0
2016/05/20,1131.0,1264.0,1130.0,1225.0,165100,1225,2.0
2016/05/23,1245.0,1348.0,1245.0,1339.0,199200,1339,2.0
2016/05/24,1375.0,1387.0,1258.0,1300.0,149900,1300,2.0
2016/05/25,1325.0,1345.0,1320.0,1335.0,90300,1335,2.0
2016/05/26,1345.0,1410.0,1310.0,1364.5,173000,1364.5,2.0
2016/05/27,1345.5,1372.0,1323.5,1323.5,91200,1323.5,2.0
2016/05/30,1336.5,1430.0,1327.5,1360.0,110500,1360,2.0
2016/05/31,1382.5,1388.5,1352.5,1359.5,49000,1359.5,2.0
2016/06/01,1359.5,1419.5,1343.0,1400.5,86300,1400.5,2.0
2016/06/02,1396.5,1465.0,1367.5,1394.5,113100,1394.5,2.0
2016/06/03,1406.0,1441.5,1375.5,1400.0,75700,1400,2.0
2016/06/06,1377.5,1405.0,1367.5,1398.0,39600,1398,2.0
2016/06/07,1423.0,1458.0,1395.0,1458.0,83200,1458,2.0
2016/06/08,1445.5,1499.5,1432.5,1485.0,90100,1485,2.0
2016/06/09,1470.0,1492.5,1452.0,1471.5,49200,1471.5,2.0
2016/06/10,1449.5,1463.0,1417.0,1437.5,62900,1437.5,2.0
2016/06/13,1390.0,1431.5,1350.0,1406.5,82200,1406.5,2.0
2016/06/14,1407.5,1421.0,1282.0,1290.0,124300,1290,2.0
2016/06/15,1250.0,1392.5,1225.0,1336.0,100800,1336,2.0
2016/06/16,1311.0,1336.0,1155.5,1229.0,104100,1229,2.0
2016/06/17,1250.0,1289.5,1193.0,1212.5,60100,1212.5,2.0
2016/06/20,1217.5,1280.0,1217.5,1270.0,40100,1270,2.0
2016/06/21,1295.0,1360.0,1290.5,1323.5,67600,1323.5,2.0
2016/06/22,1348.5,1363.5,1252.5,1270.5,41900,1270.5,2.0
2016/06/23,1269.0,1311.5,1242.0,1300.0,29500,1300,2.0
2016/06/24,1322.5,1322.5,1064.0,1160.5,132100,1160.5,2.0
2016/06/27,1177.5,1230.0,1145.0,1147.5,74300,1147.5,2.0
2016/06/28,1107.5,1155.0,1079.5,1143.5,78100,1143.5,2.0
2016/06/29,1192.5,1206.5,1155.0,1178.5,33000,1178.5,2.0
2016/06/30,1210.0,1243.0,1191.5,1194.0,53600,1194,2.0
2016/07/01,1200.5,1240.0,1200.5,1221.5,26200,1221.5,2.0
2016/07/04,1210.5,1224.5,1190.0,1219.0,27600,1219,2.0
2016/07/05,1217.5,1221.5,1167.5,1180.5,30700,1180.5,2.0
2016/07/06,1150.5,1179.5,1135.5,1171.5,30700,1171.5,2.0
2016/07/07,1171.5,1187.5,1114.5,1130.0,35900,1130,2.0
2016/07/08,1130.0,1140.0,1092.5,1112.0,33300,1112,2.0
2016/07/11,1117.5,1146.5,1107.5,1137.0,23100,1137,2.0
2016/07/12,1167.0,1187.0,1165.5,1174.5,28600,1174.5,2.0
2016/07/13,1199.5,1207.5,1156.5,1165.0,22600,1165,2.0
2016/07/14,1175.0,1189.0,1125.0,1143.5,35100,1143.5,2.0
2016/07/15,1140.0,1149.0,1090.0,1100.5,43800,1100.5,2.0
2016/07/19,1090.0,1162.5,1090.0,1157.5,36400,1157.5,2.0
2016/07/20,1194.0,1199.0,1158.0,1177.0,22100,1177,2.0
2016/07/21,1177.0,1210.0,1165.0,1173.0,23500,1173,2.0
2016/07/22,1148.0,1165.0,1116.5,1132.5,13500,1132.5,2.0
2016/07/25,1129.0,1159.0,1119.0,1156.0,11900,1156,2.0
2016/07/26,1140.0,1147.0,1077.5,1116.0,41600,1116,2.0
2016/07/27,1116.0,1141.5,1110.5,1120.0,12700,1120,2.0
2016/07/28,1120.0,1124.5,1080.0,1095.0,11100,1095,2.0
2016/07/29,1080.0,1109.5,1077.5,1101.5,19900,1101.5,2.0
2016/08/01,1087.5,1114.0,1078.0,1106.5,14500,1106.5,2.0
2016/08/02,1081.5,1106.0,1081.5,1087.5,17400,1087.5,2.0
2016/08/03,1084.0,1093.0,1065.5,1072.0,17000,1072,2.0
2016/08/04,1097.0,1097.0,1029.5,1040.0,25100,1040,2.0
2016/08/05,1028.0,1056.5,1016.0,1056.5,27000,1056.5,2.0
2016/08/08,1060.5,1082.5,1042.0,1060.5,15200,1060.5,2.0
2016/08/09,1074.5,1083.0,1046.5,1081.0,12200,1081,2.0
2016/08/10,1090.0,1090.0,1050.0,1056.5,25200,1056.5,2.0
2016/08/12,1056.5,1070.0,1030.0,1042.0,21700,1042,2.0
2016/08/15,1049.0,1051.5,1005.5,1005.5,22400,1005.5,2.0
2016/08/16,1005.5,1012.0,945.0,951.0,64100,951,2.0
2016/08/17,940.0,982.5,915.0,975.5,63000,975.5,2.0
2016/08/18,951.0,973.0,925.5,935.0,30000,935,2.0
2016/08/19,953.5,988.5,931.5,981.0,30900,981,2.0
2016/08/22,981.0,1031.0,977.0,1025.0,26200,1025,2.0
2016/08/23,1014.5,1031.0,980.0,984.0,12900,984,2.0
2016/08/24,996.0,999.5,959.5,959.5,12300,959.5,2.0
2016/08/25,955.0,975.5,941.0,947.5,20500,947.5,2.0
2016/08/26,939.0,945.5,936.0,939.5,10900,939.5,2.0
2016/08/29,950.0,962.5,942.5,950.0,15600,950,2.0
2016/08/30,950.0,957.5,944.0,950.5,22000,950.5,2.0
2016/08/31,950.0,950.0,940.0,940.5,21000,940.5,2.0
2016/09/01,945.5,966.5,941.0,960.0,11400,960,2.0
2016/09/02,960.0,965.0,954.0,962.0,6500,962,2.0
2016/09/05,980.0,980.0,962.0,965.0,6800,965,2.0
2016/09/06,965.5,973.0,962.5,971.5,4500,971.5,2.0
2016/09/07,965.0,994.0,963.5,987.5,11300,987.5,2.0
2016/09/08,1000.0,1011.5,994.5,996.0,21600,996,2.0
2016/09/09,1005.0,1007.0,998.5,1005.0,10000,1005,2.0
2016/09/12,985.0,1003.0,980.0,1003.0,18400,1003,2.0
2016/09/13,1006.0,1012.5,997.5,1000.5,13200,1000.5,2.0
2016/09/14,1000.5,1002.0,990.0,990.5,7100,990.5,2.0
2016/09/15,997.5,998.0,967.0,982.5,12300,982.5,2.0
2016/09/16,984.0,984.0,968.0,970.0,6900,970,2.0
2016/09/20,980.0,980.0,965.5,970.0,19700,970,2.0
2016/09/21,975.0,978.5,971.0,978.5,15900,978.5,2.0
2016/09/23,994.5,1011.0,984.5,996.0,24600,996,2.0
2016/09/26,1000.5,1010.5,1000.5,1007.5,9600,1007.5,2.0
2016/09/27,1007.5,1017.5,1007.0,1007.5,16700,1007.5,2.0
2016/09/28,1004.5,1005.0,997.5,1001.0,13200,1001,2.0
2016/09/29,1002.5,1007.5,1000.0,1002.5,7100,1002.5,2.0
2016/09/30,1002.5,1012.0,996.0,1009.0,8100,1009,2.0
2016/10/03,1037.5,1065.0,1032.5,1061.0,28200,1061,2.0
2016/10/04,1087.5,1087.5,1062.0,1075.0,23300,1075,2.0
2016/10/05,1075.0,1075.0,1035.5,1068.0,13300,1068,2.0
2016/10/06,1074.0,1074.0,1045.0,1046.5,6900,1046.5,2.0
2016/10/07,1046.5,1054.5,1037.5,1046.5,6900,1046.5,2.0
2016/10/11,1049.0,1065.0,1040.0,1049.0,11400,1049,2.0
2016/10/12,1050.0,1051.5,999.5,1030.0,18800,1030,2.0
2016/10/13,1023.0,1043.5,1016.5,1031.5,6900,1031.5,2.0
2016/10/14,1281.5,1281.5,1220.0,1234.5,248700,1234.5,2.0
2016/10/17,1242.0,1299.0,1230.5,1272.0,65600,1272,2.0
2016/10/18,1290.0,1290.0,1250.5,1274.0,27900,1274,2.0
2016/10/19,1275.0,1289.0,1271.0,1289.0,16700,1289,2.0
2016/10/20,1290.0,1375.0,1290.0,1333.0,71700,1333,2.0
2016/10/21,1335.0,1375.0,1335.0,1371.0,35300,1371,2.0
2016/10/24,1391.5,1391.5,1333.0,1343.0,26100,1343,2.0
2016/10/25,1343.0,1346.5,1291.5,1310.0,22000,1310,2.0
2016/10/26,1335.0,1372.5,1320.5,1364.0,19900,1364,2.0
2016/10/27,1359.5,1422.0,1359.5,1402.0,53300,1402,2.0
2016/10/28,1394.5,1455.0,1388.5,1445.0,46500,1445,2.0
2016/10/31,1431.0,1442.0,1393.0,1415.0,26300,1415,2.0
2016/11/01,1415.0,1510.0,1387.5,1495.0,79800,1495,2.0
2016/11/02,1485.0,1525.0,1475.0,1502.5,61600,1502.5,2.0
2016/11/04,1496.5,1500.0,1400.5,1496.5,50400,1496.5,2.0
2016/11/07,1500.0,1517.5,1475.0,1488.0,25000,1488,2.0
2016/11/08,1500.0,1500.0,1432.0,1495.5,33200,1495.5,2.0
2016/11/09,1520.0,1520.0,1350.0,1435.0,69500,1435,2.0
2016/11/10,1500.0,1590.0,1475.0,1547.5,75800,1547.5,2.0
2016/11/11,1575.0,1725.0,1552.5,1557.5,85800,1557.5,2.0
2016/11/14,1550.0,1640.0,1535.0,1630.0,31200,1630,2.0
2016/11/15,1650.0,1650.0,1555.0,1607.5,23800,1607.5,2.0
2016/11/16,1607.5,1607.5,1557.5,1590.0,24600,1590,2.0
2016/11/17,1590.0,1590.0,1547.5,1562.5,14400,1562.5,2.0
2016/11/18,1562.5,1562.5,1525.0,1542.5,21300,1542.5,2.0
2016/11/21,1535.0,1575.0,1500.0,1572.5,28500,1572.5,2.0
2016/11/22,1557.5,1567.5,1532.5,1542.5,11000,1542.5,2.0
2016/11/24,1525.0,1542.5,1499.5,1540.0,38100,1540,2.0
2016/11/25,1512.5,1520.0,1490.0,1490.0,22800,1490,2.0
2016/11/28,1467.0,1565.0,1465.5,1522.5,32800,1522.5,2.0
2016/11/29,1522.5,1540.0,1515.0,1517.5,9200,1517.5,2.0
2016/11/30,1522.5,1537.5,1500.0,1500.0,12700,1500,2.0
2016/12/01,1530.0,1597.5,1522.5,1580.0,33500,1580,2.0
2016/12/02,1567.5,1627.5,1535.0,1565.0,18500,1565,2.0
2016/12/05,1705.0,1815.0,1680.0,1770.0,176700,1770,2.0
2016/12/06,1790.0,1790.0,1712.5,1747.5,46800,1747.5,2.0
2016/12/07,1732.5,1732.5,1675.0,1705.0,46700,1705,2.0
2016/12/08,1690.0,1720.0,1632.5,1645.0,47600,1645,2.0
2016/12/09,1630.0,1670.0,1600.0,1642.5,40400,1642.5,2.0
2016/12/12,1652.5,1652.5,1607.5,1630.0,26500,1630,2.0
2016/12/13,1617.5,1630.0,1607.5,1615.0,28100,1615,2.0
2016/12/14,1615.0,1695.0,1615.0,1642.5,28500,1642.5,2.0
2016/12/15,1662.5,1690.0,1617.5,1640.0,32100,1640,2.0
2016/12/16,1650.0,1747.5,1650.0,1715.0,40100,1715,2.0
2016/12/19,1750.0,1765.0,1725.0,1750.0,35800,1750,2.0
2016/12/20,1750.0,1750.0,1670.0,1685.0,58400,1685,2.0
2016/12/21,1695.0,1710.0,1632.5,1660.0,34900,1660,2.0
2016/12/22,1637.5,1650.0,1605.0,1620.0,42800,1620,2.0
2016/12/26,1617.5,1617.5,1582.5,1585.0,144800,1585,2.0
2016/12/27,1572.5,1592.5,1562.5,1567.5,58400,1567.5,2.0
2016/12/28,1580.0,1637.5,1577.5,1605.0,79800,1605,2.0
2016/12/29,1600.0,1610.0,1585.0,1597.5,31000,1597.5,2.0
2016/12/30,1600.0,1615.0,1580.0,1602.5,23800,1602.5,2.0
2017/01/04,1615.0,1622.5,1587.5,1615.0,72700,1615,2.0
2017/01/05,1625.0,1637.5,1605.0,1605.0,60300,1605,2.0
2017/01/06,1590.0,1635.0,1587.5,1620.0,59700,1620,2.0
2017/01/10,1627.5,1645.0,1612.5,1622.5,55400,1622.5,2.0
2017/01/11,1625.0,1630.0,1610.0,1610.0,32800,1610,2.0
2017/01/12,1632.5,1670.0,1627.5,1640.0,111000,1640,2.0
2017/01/13,1642.5,1670.0,1627.5,1665.0,49100,1665,2.0
2017/01/16,1660.0,1710.0,1642.5,1655.0,69900,1655,2.0
2017/01/17,1657.5,1670.0,1632.5,1632.5,39300,1632.5,2.0
2017/01/18,1630.0,1677.5,1630.0,1667.5,33800,1667.5,2.0
2017/01/19,1665.0,1672.5,1642.5,1650.0,43000,1650,2.0
2017/01/20,1647.5,1662.5,1632.5,1642.5,29300,1642.5,2.0
2017/01/23,1637.5,1647.5,1620.0,1635.0,32500,1635,2.0
2017/01/24,1630.0,1637.5,1620.0,1627.5,30700,1627.5,2.0
2017/01/25,1632.5,1635.0,1602.5,1615.0,48600,1615,2.0
2017/01/26,1617.5,1637.5,1615.0,1637.5,62900,1637.5,2.0
2017/01/27,1613,1655,1602,1632,81700,1632,1
2017/01/30,1621,1622,1587,1594,319700,1594,1
2017/01/31,1580,1650,1569,1650,181200,1650,1
2017/02/01,1639,1693,1632,1693,152200,1693,1
2017/02/02,1695,1738,1682,1738,162700,1738,1
2017/02/03,1738,1744,1641,1645,127300,1645,1
2017/02/06,1665,1671,1622,1633,89000,1633,1
2017/02/07,1638,1638,1589,1604,96000,1604,1
2017/02/08,1615,1655,1610,1640,74800,1640,1
2017/02/09,1640,1654,1616,1623,57700,1623,1
2017/02/10,1635,1644,1620,1639,55400,1639,1
2017/02/13,1643,1660,1605,1612,112400,1612,1
2017/02/14,1615,1620,1586,1589,92800,1589,1
2017/02/15,1599,1604,1561,1573,92200,1573,1
2017/02/16,1573,1592,1569,1576,66700,1576,1
2017/02/17,1576,1591,1568,1580,34100,1580,1
2017/02/20,1598,1617,1585,1601,43900,1601,1
2017/02/21,1618,1619,1601,1608,43900,1608,1
2017/02/22,1608,1610,1587,1594,51000,1594,1
2017/02/23,1616,1619,1592,1606,40600,1606,1
2017/02/24,1606,1615,1585,1607,61200,1607,1
2017/02/27,1605,1619,1591,1619,52300,1619,1
2017/02/28,1618,1638,1615,1626,48800,1626,1
2017/03/01,1629,1637,1612,1633,39900,1633,1
2017/03/02,1636,1640,1604,1635,83500,1635,1
2017/03/03,1628,1634,1605,1618,54800,1618,1
2017/03/06,1618,1626,1592,1601,94400,1601,1
2017/03/07,1604,1616,1593,1597,62200,1597,1
2017/03/08,1606,1609,1582,1592,58600,1592,1
2017/03/09,1599,1599,1584,1592,30600,1592,1
2017/03/10,1595,1604,1589,1597,43300,1597,1
2017/03/13,1595,1614,1590,1612,33600,1612,1
2017/03/14,1612,1633,1607,1615,47400,1615,1
2017/03/15,1619,1625,1595,1596,64200,1596,1
2017/03/16,1600,1621,1590,1620,59900,1620,1
2017/03/17,1615,1631,1610,1626,56000,1626,1
2017/03/21,1636,1694,1636,1681,149100,1681,1
2017/03/22,1681,1681,1637,1648,97700,1648,1
2017/03/23,1647,1654,1617,1632,87100,1632,1
2017/03/24,1626,1645,1618,1624,82500,1624,1
2017/03/27,1624,1643,1614,1618,78400,1618,1
2017/03/28,1618,1654,1615,1639,131700,1639,1
2017/03/29,1585,1602,1582,1594,89200,1594,1
2017/03/30,1600,1605,1595,1599,66100,1599,1
2017/03/31,1590,1593,1565,1565,74200,1565,1
2017/04/03,1537,1603,1535,1577,85200,1577,1
2017/04/04,1570,1588,1484,1513,126700,1513,1
2017/04/05,1510,1570,1485,1514,93400,1514,1
2017/04/06,1505,1510,1445,1458,120700,1458,1
2017/04/07,1463,1503,1455,1482,79400,1482,1
2017/04/10,1491,1519,1480,1500,51700,1500,1
2017/04/11,1503,1544,1492,1541,61700,1541,1
2017/04/12,1530,1542,1497,1523,89100,1523,1
2017/04/13,1498,1520,1485,1509,53900,1509,1
2017/04/14,1486,1500,1476,1480,39600,1480,1
2017/04/17,1480,1503,1476,1490,47500,1490,1
2017/04/18,1510,1554,1510,1552,45400,1552,1
2017/04/19,1535,1560,1535,1545,23300,1545,1
2017/04/20,1570,1607,1567,1591,66200,1591,1
2017/04/21,1600,1617,1595,1603,55200,1603,1
2017/04/24,1603,1619,1595,1605,64700,1605,1
2017/04/25,1618,1626,1600,1625,67200,1625,1
2017/04/26,1634,1640,1602,1631,58500,1631,1
2017/04/27,1620,1643,1619,1619,119200,1619,1
2017/04/28,1619,1638,1606,1630,59100,1630,1
2017/05/01,1610,1629,1610,1614,18300,1614,1
2017/05/02,1611,1621,1591,1591,52200,1591,1
2017/05/08,1616,1640,1598,1631,75000,1631,1
2017/05/09,1632,1669,1630,1669,92600,1669,1
2017/05/10,1670,1690,1665,1686,78500,1686,1
2017/05/11,1682,1719,1682,1684,78700,1684,1
2017/05/12,1644,1681,1641,1674,55000,1674,1
2017/05/15,1738,1829,1731,1813,361800,1813,1
2017/05/16,1812,1823,1763,1821,105900,1821,1
2017/05/17,1810,1814,1762,1791,92500,1791,1
2017/05/18,1750,1782,1742,1762,66200,1762,1
2017/05/19,1782,1792,1755,1765,43800,1765,1
2017/05/22,1765,1786,1739,1774,56400,1774,1
2017/05/23,1791,1792,1761,1772,44500,1772,1
2017/05/24,1772,1780,1751,1770,44300,1770,1
2017/05/25,1764,1774,1756,1756,49700,1756,1
2017/05/26,1756,1777,1745,1745,48300,1745,1
2017/05/29,1745,1754,1735,1739,20600,1739,1
2017/05/30,1739,1741,1714,1725,41900,1725,1
2017/05/31,1728,1728,1611,1699,86300,1699,1
2017/06/01,1819,1859,1815,1829,197000,1829,1
2017/06/02,1850,1850,1786,1786,145300,1786,1
2017/06/05,1786,1799,1737,1788,160400,1788,1
2017/06/06,1788,1805,1762,1778,70200,1778,1
2017/06/07,1792,1856,1762,1852,130300,1852,1
2017/06/08,1850,1955,1846,1918,180700,1918,1
2017/06/09,1910,1981,1900,1979,151700,1979,1
2017/06/12,1990,1990,1939,1989,90100,1989,1
2017/06/13,1982,2068,1980,2046,143800,2046,1
2017/06/14,2063,2063,2025,2030,61100,2030,1
2017/06/15,2017,2118,2002,2112,134700,2112,1
2017/06/16,2120,2130,2049,2106,103800,2106,1
2017/06/19,2102,2203,2102,2188,144600,2188,1
2017/06/20,2197,2222,2170,2175,76300,2175,1
2017/06/21,2175,2186,2150,2153,43000,2153,1
2017/06/22,2141,2174,2061,2147,104300,2147,1
2017/06/23,2141,2142,2054,2081,100100,2081,1
2017/06/26,2064,2085,2028,2033,64900,2033,1
2017/06/27,2040,2057,2033,2049,60500,2049,1
2017/06/28,2054,2105,2054,2074,75000,2074,1
2017/06/29,2078,2122,2074,2121,71100,2121,1
2017/06/30,2105,2111,2070,2085,62100,2085,1
2017/07/03,2118,2233,2110,2224,179400,2224,1
2017/07/04,2226,2230,2089,2089,104300,2089,1
2017/07/05,2109,2169,2105,2152,73100,2152,1
2017/07/06,2187,2187,2085,2092,73900,2092,1
2017/07/07,2080,2090,2036,2040,69300,2040,1
2017/07/10,2060,2122,2046,2081,45600,2081,1
2017/07/11,2092,2092,2056,2077,39500,2077,1
2017/07/12,2077,2082,2044,2051,49000,2051,1
2017/07/13,2040,2058,2001,2025,62300,2025,1
2017/07/14,2025,2058,2014,2016,60700,2016,1
2017/07/18,2005,2034,2004,2020,54700,2020,1
2017/07/19,2015,2057,2013,2047,53500,2047,1
2017/07/20,2069,2076,2048,2058,66500,2058,1
2017/07/21,2058,2073,2043,2051,43100,2051,1
2017/07/24,2047,2047,2005,2033,62700,2033,1
2017/07/25,2029,2032,2011,2022,41300,2022,1
2017/07/26,2022,2024,2006,2013,38300,2013,1
2017/07/27,2018,2041,2007,2015,44800,2015,1
2017/07/28,2017,2025,1993,2010,70700,2010,1
2017/07/31,2011,2011,1990,2008,44000,2008,1
2017/08/01,2004,2006,1950,1976,95800,1976,1
2017/08/02,1962,2016,1962,1999,37500,1999,1
2017/08/03,2024,2024,1997,2004,23200,2004,1
2017/08/04,1996,2008,1971,2008,34300,2008,1
2017/08/07,2020,2043,2018,2030,43100,2030,1
2017/08/08,2040,2048,2016,2019,28500,2019,1
2017/08/09,2025,2032,1960,1990,60700,1990,1
2017/08/10,2012,2030,1971,1996,64100,1996,1
2017/08/14,1796,1837,1718,1800,453600,1800,1
2017/08/15,1865,1869,1819,1827,94500,1827,1
2017/08/16,1836,1930,1792,1906,138800,1906,1
2017/08/17,1929,1967,1871,1875,81400,1875,1
2017/08/18,1868,1893,1841,1883,72400,1883,1
2017/08/21,1871,1880,1853,1869,33100,1869,1
2017/08/22,1861,1880,1825,1825,44400,1825,1
2017/08/23,1837,1855,1817,1821,41800,1821,1
2017/08/24,1830,1845,1821,1824,29800,1824,1
2017/08/25,1827,1875,1821,1844,46800,1844,1
2017/08/28,1850,1878,1849,1870,69200,1870,1
2017/08/29,1873,1938,1870,1887,58600,1887,1
2017/08/30,1926,1940,1891,1923,53500,1923,1
2017/08/31,1933,1935,1908,1930,36300,1930,1
2017/09/01,1930,1986,1930,1953,54600,1953,1
2017/09/04,1945,1945,1857,1893,75800,1893,1
2017/09/05,1893,1925,1880,1904,100400,1904,1
2017/09/06,1864,1927,1864,1919,69100,1919,1
2017/09/07,1925,1932,1914,1924,53500,1924,1
2017/09/08,1924,1957,1924,1945,73900,1945,1
2017/09/11,1957,1980,1937,1963,32600,1963,1
2017/09/12,1965,1968,1928,1936,52400,1936,1
2017/09/13,1939,1943,1922,1934,45000,1934,1
2017/09/14,1933,1934,1895,1905,40500,1905,1
2017/09/15,1929,1979,1920,1962,75400,1962,1
2017/09/19,1998,2030,1991,2005,57700,2005,1
2017/09/20,2025,2045,2005,2038,62900,2038,1
2017/09/21,2043,2128,2041,2104,113800,2104,1
2017/09/22,2091,2123,2068,2083,78500,2083,1
2017/09/25,2090,2118,2087,2096,47700,2096,1
2017/09/26,2095,2097,2070,2084,71000,2084,1
2017/09/27,2034,2094,2028,2094,80400,2094,1
2017/09/28,2095,2108,2078,2091,50000,2091,1
2017/09/29,2092,2109,2080,2094,54800,2094,1
2017/10/02,2078,2082,1983,1996,184700,1996,1
2017/10/03,2001,2014,1952,1965,136900,1965,1
2017/10/04,1986,1986,1957,1964,65100,1964,1
2017/10/05,1973,1973,1938,1939,49500,1939,1
2017/10/06,1940,1967,1940,1964,38200,1964,1
2017/10/10,1964,1996,1958,1987,58600,1987,1
2017/10/11,2000,2014,1975,1979,53400,1979,1
2017/10/12,1975,1999,1975,1983,42300,1983,1
2017/10/13,1982,1997,1963,1991,54700,1991,1
2017/10/16,1991,2002,1985,1995,37000,1995,1
2017/10/17,2006,2090,1985,2077,107400,2077,1
2017/10/18,2067,2087,2057,2072,52100,2072,1
2017/10/19,2060,2149,2047,2132,98500,2132,1
2017/10/20,2109,2159,2090,2123,62600,2123,1
2017/10/23,2123,2174,2123,2162,72000,2162,1
2017/10/24,2159,2170,2109,2169,40900,2169,1
2017/10/25,2175,2216,2161,2161,74700,2161,1
2017/10/26,2155,2210,2151,2193,54600,2193,1
2017/10/27,2205,2253,2205,2228,71400,2228,1
2017/10/30,2257,2364,2248,2339,339300,2339,1
2017/10/31,2337,2396,2310,2385,64800,2385,1
2017/11/01,2400,2433,2368,2404,64200,2404,1
2017/11/02,2404,2414,2374,2400,38900,2400,1
2017/11/06,2372,2373,2314,2315,88000,2315,1
2017/11/07,2282,2309,2268,2306,60100,2306,1
2017/11/08,2304,2309,2281,2309,42400,2309,1
2017/11/09,2291,2308,2219,2266,104600,2266,1
2017/11/10,2216,2266,2216,2224,54200,2224,1
2017/11/13,2274,2342,2274,2319,102800,2319,1
2017/11/14,2310,2394,2310,2381,100900,2381,1
2017/11/15,2345,2377,2309,2344,73500,2344,1
2017/11/16,2320,2422,2320,2399,46600,2399,1
2017/11/17,2419,2425,2332,2347,60700,2347,1
2017/11/20,2371,2415,2350,2381,39400,2381,1
2017/11/21,2381,2504,2368,2481,79400,2481,1
2017/11/22,2519,2519,2453,2461,47500,2461,1
2017/11/24,2472,2506,2453,2491,32100,2491,1
2017/11/27,2485,2487,2463,2477,38800,2477,1
2017/11/28,2480,2491,2417,2461,46900,2461,1
2017/11/29,2521,2600,2513,2570,137800,2570,1
2017/11/30,2600,2705,2576,2683,146900,2683,1
2017/12/01,2720,2731,2672,2695,105000,2695,1
2017/12/04,2701,2776,2692,2700,81500,2700,1
2017/12/05,2650,2694,2608,2684,64500,2684,1
2017/12/06,2685,2686,2572,2608,63900,2608,1
2017/12/07,2595,2671,2575,2654,27600,2654,1
2017/12/08,2637,2693,2637,2693,32600,2693,1
2017/12/11,2709,2735,2666,2735,34300,2735,1
2017/12/12,2747,2770,2700,2753,37300,2753,1
2017/12/13,2770,2834,2723,2818,51700,2818,1
2017/12/14,2801,2846,2787,2846,39800,2846,1
2017/12/15,2889,2934,2835,2913,71500,2913,1
2017/12/18,2950,2971,2872,2940,74500,2940,1
2017/12/19,2940,2952,2902,2928,33000,2928,1
2017/12/20,2928,2928,2850,2882,43500,2882,1
2017/12/21,2882,2931,2876,2914,36300,2914,1
2017/12/22,2930,2989,2924,2983,38700,2983,1
2017/12/25,3035,3040,2973,3020,53900,3020,1
2017/12/26,3045,3060,2981,2992,40900,2992,1
2017/12/27,2992,3090,2980,3090,39200,3090,1
2017/12/28,3125,3220,3105,3110,70600,3110,1
2017/12/29,3110,3155,3090,3095,26700,3095,1
2018/01/04,3095,3125,3030,3115,49700,3115,1
2018/01/05,3185,3185,3070,3095,32400,3095,1
2018/01/09,3120,3120,3045,3095,49200,3095,1
2018/01/10,3110,3115,3055,3065,27900,3065,1
2018/01/11,3050,3050,2945,3015,64500,3015,1
2018/01/12,2987,3060,2987,3050,30500,3050,1
2018/01/15,3040,3070,3025,3025,24000,3025,1
2018/01/16,3095,3225,3065,3200,80200,3200,1
2018/01/17,3180,3200,3110,3180,40400,3180,1
2018/01/18,3190,3245,3180,3200,58700,3200,1
2018/01/19,3200,3200,3100,3115,65700,3115,1
2018/01/22,3095,3120,3045,3115,40700,3115,1
2018/01/23,3150,3185,3135,3175,35800,3175,1
2018/01/24,3220,3235,3165,3225,57600,3225,1
2018/01/25,3225,3230,3180,3215,32600,3215,1
2018/01/26,3220,3235,3185,3185,24400,3185,1
2018/01/29,3185,3185,3155,3170,22000,3170,1
2018/01/30,3155,3165,3060,3135,66400,3135,1
2018/01/31,3090,3115,3065,3065,29500,3065,1
2018/02/01,3070,3105,3065,3080,30800,3080,1
2018/02/02,3065,3125,3065,3110,36800,3110,1
2018/02/05,3000,3015,2970,2999,47700,2999,1
2018/02/06,2700,2817,2639,2795,130700,2795,1
2018/02/07,2995,2995,2825,2825,67900,2825,1
2018/02/08,2800,2903,2795,2880,50900,2880,1
2018/02/09,2718,2867,2714,2845,71200,2845,1
2018/02/13,2891,2896,2631,2645,93600,2645,1
2018/02/14,2686,2686,2470,2479,101700,2479,1
2018/02/15,2505,2616,2487,2586,67500,2586,1
2018/02/16,2636,2700,2621,2672,32000,2672,1
2018/02/19,2700,2789,2682,2780,34700,2780,1
2018/02/20,2806,2806,2740,2776,34300,2776,1
2018/02/21,2784,2885,2780,2837,24800,2837,1
2018/02/22,2804,2815,2756,2787,20300,2787,1
2018/02/23,2818,2845,2809,2824,14900,2824,1
2018/02/26,2870,2875,2830,2836,21100,2836,1
2018/02/27,2870,2870,2771,2819,40100,2819,1
2018/02/28,2816,2856,2802,2803,26200,2803,1
2018/03/01,2800,2850,2792,2805,31000,2805,1
2018/03/02,2779,2885,2747,2806,53700,2806,1
2018/03/05,2810,2810,2626,2640,42100,2640,1
2018/03/06,2705,2788,2701,2712,32400,2712,1
2018/03/07,2720,2787,2641,2710,37600,2710,1
2018/03/08,2741,2741,2673,2692,21500,2692,1
2018/03/09,2756,2790,2686,2702,28700,2702,1
2018/03/12,2779,2784,2714,2763,24500,2763,1
2018/03/13,2744,2794,2728,2758,20400,2758,1
2018/03/14,2757,2761,2730,2741,25400,2741,1
2018/03/15,2735,2789,2708,2770,27500,2770,1
2018/03/16,2780,2787,2706,2717,24500,2717,1
2018/03/19,2717,2727,2591,2598,43200,2598,1
2018/03/20,2558,2606,2556,2584,18800,2584,1
2018/03/22,2600,2676,2600,2667,23300,2667,1
2018/03/23,2637,2650,2562,2593,31500,2593,1
2018/03/26,2559,2566,2481,2565,37000,2565,1
2018/03/27,2600,2653,2600,2631,34100,2631,1
2018/03/28,2583,2620,2553,2595,24000,2595,1
2018/03/29,2596,2666,2595,2659,23200,2659,1
2018/03/30,2726,2726,2675,2685,18700,2685,1
2018/04/02,2722,2739,2648,2648,20400,2648,1
2018/04/03,2598,2622,2536,2586,42500,2586,1
2018/04/04,2636,2636,2578,2616,20200,2616,1
2018/04/05,2634,2637,2578,2603,36500,2603,1
2018/04/06,2603,2621,2571,2580,26800,2580,1
2018/04/09,2564,2690,2558,2657,39100,2657,1
2018/04/10,2650,2793,2650,2781,43500,2781,1
2018/04/11,2839,2839,2729,2729,21500,2729,1
2018/04/12,2768,2799,2684,2694,11400,2694,1
2018/04/13,2707,2722,2625,2640,26400,2640,1
2018/04/16,2690,2728,2636,2642,26800,2642,1
2018/04/17,2626,2641,2563,2587,25400,2587,1
2018/04/18,2587,2710,2587,2696,24300,2696,1
2018/04/19,2710,2754,2696,2714,34300,2714,1
2018/04/20,2725,2866,2721,2822,41400,2822,1
2018/04/23,2822,2942,2819,2910,40100,2910,1
2018/04/24,2900,3020,2896,3020,50900,3020,1
2018/04/25,2984,3010,2948,2993,27000,2993,1
2018/04/26,2967,2979,2922,2943,31900,2943,1
2018/04/27,2966,2971,2869,2923,24000,2923,1
2018/05/01,2873,2888,2866,2875,8400,2875,1
2018/05/02,2875,2888,2849,2864,10600,2864,1
2018/05/07,2852,2884,2828,2882,12700,2882,1
2018/05/08,2868,2895,2855,2887,18100,2887,1
2018/05/09,2880,2955,2845,2865,27100,2865,1
2018/05/10,2865,2908,2843,2862,19300,2862,1
2018/05/11,2712,2985,2587,2983,175600,2983,1
2018/05/14,2940,2975,2850,2916,48200,2916,1
2018/05/15,2950,2955,2793,2798,36800,2798,1
2018/05/16,2800,2806,2715,2722,38400,2722,1
2018/05/17,2728,2753,2690,2742,22300,2742,1
2018/05/18,2770,2822,2742,2776,64200,2776,1
2018/05/21,2809,2862,2794,2853,27600,2853,1
2018/05/22,2873,2873,2807,2854,17800,2854,1
2018/05/23,2853,2920,2808,2823,33200,2823,1
2018/05/24,2834,2834,2731,2737,45700,2737,1
2018/05/25,2756,2799,2722,2738,16000,2738,1
2018/05/28,2739,2760,2721,2757,8900,2757,1
2018/05/29,2757,2757,2721,2743,15900,2743,1
2018/05/30,2702,2730,2679,2699,24500,2699,1
2018/05/31,2750,2750,2681,2706,27700,2706,1
2018/06/01,2706,2735,2705,2722,22800,2722,1
2018/06/04,2724,2777,2686,2697,32600,2697,1
2018/06/05,2697,2697,2650,2687,32900,2687,1
2018/06/06,2685,2698,2655,2687,40600,2687,1
2018/06/07,2675,2750,2670,2744,23700,2744,1
2018/06/08,2694,2716,2668,2670,20300,2670,1
2018/06/11,2670,2715,2658,2696,19500,2696,1
2018/06/12,2681,2709,2669,2698,24300,2698,1
2018/06/13,2685,2715,2674,2708,11900,2708,1
2018/06/14,2708,2708,2656,2658,21600,2658,1
2018/06/15,2661,2703,2660,2660,17400,2660,1
2018/06/18,2660,2672,2621,2638,16400,2638,1
2018/06/19,2655,2655,2611,2618,31100,2618,1
2018/06/20,2648,2648,2564,2594,34900,2594,1
2018/06/21,2572,2603,2531,2562,40100,2562,1
2018/06/22,2560,2621,2558,2603,39000,2603,1
2018/06/25,2619,2619,2554,2560,23500,2560,1
2018/06/26,2591,2591,2526,2555,31000,2555,1
2018/06/27,2555,2579,2530,2573,22800,2573,1
2018/06/28,2564,2616,2537,2616,26000,2616,1
2018/06/29,2615,2649,2579,2630,18500,2630,1
2018/07/02,2630,2652,2583,2606,36400,2606,1
2018/07/03,2619,2667,2590,2629,29000,2629,1
2018/07/04,2611,2634,2592,2634,12800,2634,1
2018/07/05,2634,2635,2555,2561,22400,2561,1
2018/07/06,2550,2632,2540,2625,15700,2625,1
2018/07/09,2637,2676,2629,2668,18000,2668,1
2018/07/10,2696,2699,2661,2664,25300,2664,1
2018/07/11,2631,2653,2599,2636,11600,2636,1
2018/07/12,2637,2667,2610,2658,13300,2658,1
2018/07/13,2662,2695,2622,2692,17600,2692,1
2018/07/17,2688,2743,2688,2729,15600,2729,1
2018/07/18,2722,2760,2717,2756,18300,2756,1
2018/07/19,2789,2789,2715,2722,10500,2722,1
2018/07/20,2722,2722,2674,2689,12400,2689,1
2018/07/23,2653,2688,2653,2676,10400,2676,1
2018/07/24,2694,2702,2667,2674,9400,2674,1
2018/07/25,2710,2743,2680,2686,17500,2686,1
2018/07/26,2682,2752,2682,2745,12900,2745,1
2018/07/27,2760,2800,2758,2766,12100,2766,1
2018/07/30,2764,2806,2758,2778,14700,2778,1
2018/07/31,2750,2773,2728,2747,8100,2747,1
2018/08/01,2756,2775,2735,2754,11800,2754,1
2018/08/02,2725,2757,2722,2722,15000,2722,1
2018/08/03,2720,2720,2666,2669,20400,2669,1
2018/08/06,2673,2673,2586,2589,30900,2589,1
2018/08/07,2589,2619,2570,2618,21500,2618,1
2018/08/08,2602,2655,2602,2643,14700,2643,1
2018/08/09,2654,2654,2603,2616,14200,2616,1
2018/08/10,2574,2616,2509,2531,40100,2531,1
2018/08/13,2513,2527,2357,2411,138200,2411,1
2018/08/14,2412,2538,2412,2513,37100,2513,1
