2017/03/27,1508.57,1542.86,1407.14,1424.28,995601,1424.28,7.0
2017/03/28,1402.86,1638.57,1355.71,1637.14,1179701,1637.14,7.0
2017/03/29,1625.71,1682.86,1524.28,1620.0,1039501,1620,7.0
2017/03/30,1614.28,1825.71,1600.0,1785.71,1158101,1785.71,7.0
2017/03/31,1828.57,1914.28,1760.0,1845.71,724701,1845.71,7.0
2017/04/03,1885.71,1944.28,1792.86,1915.71,449800,1915.71,7.0
2017/04/04,1875.71,1901.43,1615.71,1767.14,495800,1767.14,7.0
2017/04/05,1767.14,1835.71,1642.86,1714.28,213600,1714.28,7.0
2017/04/06,1655.71,1700.0,1585.71,1681.43,160300,1681.43,7.0
2017/04/07,1720.0,1785.71,1560.0,1698.57,279000,1698.57,7.0
2017/04/10,1757.14,1815.71,1715.71,1801.43,142500,1801.43,7.0
2017/04/11,1795.71,1795.71,1662.86,1700.0,86600,1700,7.0
2017/04/12,1611.43,1635.71,1485.71,1510.0,143300,1510,7.0
2017/04/13,1467.14,1568.57,1434.28,1492.86,151500,1492.86,7.0
2017/04/14,1501.43,1582.86,1422.86,1432.86,182700,1432.86,7.0
2017/04/17,1464.28,1634.28,1464.28,1628.57,156400,1628.57,7.0
2017/04/18,1695.71,1765.71,1658.57,1757.14,258200,1757.14,7.0
2017/04/19,1714.28,1774.28,1675.71,1700.0,114300,1700,7.0
2017/04/20,1742.86,1820.0,1652.86,1695.71,187400,1695.71,7.0
2017/04/21,1721.43,1740.0,1644.28,1668.57,72700,1668.57,7.0
2017/04/24,1684.28,1691.43,1572.86,1582.86,70000,1582.86,7.0
2017/04/25,1611.43,1814.28,1594.28,1801.43,206600,1801.43,7.0
2017/04/26,1807.14,1904.28,1764.28,1831.43,327900,1831.43,7.0
2017/04/27,1900.0,1982.86,1867.14,1970.0,391400,1970,7.0
2017/04/28,1978.57,2035.71,1908.57,2028.57,250600,2028.57,7.0
2017/05/01,2045.71,2048.57,1982.86,2007.14,91600,2007.14,7.0
2017/05/02,2000.0,2000.0,1908.57,1955.71,116700,1955.71,7.0
2017/05/08,1971.43,1971.43,1890.0,1904.28,60500,1904.28,7.0
2017/05/09,1910.0,2055.71,1910.0,2030.0,128200,2030,7.0
2017/05/10,2042.86,2060.0,1961.43,2000.0,105700,2000,7.0
2017/05/11,2000.0,2040.0,1964.28,1967.14,77100,1967.14,7.0
2017/05/12,1958.57,2031.43,1935.71,1978.57,97100,1978.57,7.0
2017/05/15,1944.28,1974.28,1898.57,1967.14,49600,1967.14,7.0
2017/05/16,1997.14,1997.14,1904.28,1914.28,76900,1914.28,7.0
2017/05/17,1930.0,2122.86,1918.57,2107.14,251800,2107.14,7.0
2017/05/18,2044.28,2150.0,2040.0,2108.57,265900,2108.57,7.0
2017/05/19,2148.57,2178.57,2100.0,2110.0,150300,2110,7.0
2017/05/22,2132.86,2160.0,2097.14,2155.71,65500,2155.71,7.0
2017/05/23,2175.71,2198.57,2152.85,2171.43,119100,2171.43,7.0
2017/05/24,2171.43,2181.43,2125.71,2150.0,68900,2150,7.0
2017/05/25,2144.28,2144.28,2105.71,2117.14,69600,2117.14,7.0
2017/05/26,2118.57,2160.0,2104.28,2130.0,54000,2130,7.0
2017/05/29,2150.0,2152.85,2105.71,2107.14,34600,2107.14,7.0
2017/05/30,2108.57,2148.57,2104.28,2138.57,39300,2138.57,7.0
2017/05/31,2125.71,2125.71,2105.71,2108.57,29300,2108.57,7.0
2017/06/01,2114.28,2200.0,2108.57,2198.57,81000,2198.57,7.0
2017/06/02,2184.28,2192.85,2095.71,2104.28,110000,2104.28,7.0
2017/06/05,2102.86,2134.28,2102.86,2115.71,26800,2115.71,7.0
2017/06/06,2112.86,2127.14,2074.28,2074.28,37200,2074.28,7.0
2017/06/07,2074.28,2095.71,1978.57,2040.0,71000,2040,7.0
2017/06/08,2055.71,2055.71,2010.0,2025.71,40300,2025.71,7.0
2017/06/09,2040.0,2088.57,2001.43,2082.86,30900,2082.86,7.0
2017/06/12,2077.14,2077.14,2025.71,2030.0,23900,2030,7.0
2017/06/13,2042.86,2128.57,2035.71,2077.14,42000,2077.14,7.0
2017/06/14,2082.86,2114.28,2072.86,2097.14,26400,2097.14,7.0
2017/06/15,2114.28,2184.28,2085.71,2184.28,86700,2184.28,7.0
2017/06/16,2185.71,2230.0,2160.0,2185.71,101400,2185.71,7.0
2017/06/19,2188.57,2218.57,2097.14,2130.0,100300,2130,7.0
2017/06/20,2150.0,2154.28,2100.0,2107.14,48700,2107.14,7.0
2017/06/21,2118.57,2118.57,2092.86,2095.71,28300,2095.71,7.0
2017/06/22,2108.57,2124.28,2097.14,2110.0,24500,2110,7.0
2017/06/23,2114.28,2177.14,2065.71,2081.43,69200,2081.43,7.0
2017/06/26,2082.86,2104.28,2080.0,2101.43,16600,2101.43,7.0
2017/06/27,2097.14,2110.0,2060.0,2080.0,18100,2080,7.0
2017/06/28,2091.43,2091.43,2044.28,2050.0,36100,2050,7.0
2017/06/29,2068.57,2068.57,1985.71,2015.71,44000,2015.71,7.0
2017/06/30,1972.86,2012.86,1967.14,2001.43,16800,2001.43,7.0
2017/07/03,2020.0,2065.71,2014.28,2051.43,14600,2051.43,7.0
2017/07/04,2228.57,2228.57,2068.57,2085.71,164000,2085.71,7.0
2017/07/05,2090.0,2100.0,2057.14,2061.43,52600,2061.43,7.0
2017/07/06,2065.71,2098.57,2058.57,2082.86,30700,2082.86,7.0
2017/07/07,2062.86,2091.43,2062.86,2062.86,16600,2062.86,7.0
2017/07/10,2090.0,2151.43,2085.71,2144.28,32000,2144.28,7.0
2017/07/11,2135.71,2140.0,2102.86,2105.71,23400,2105.71,7.0
2017/07/12,2122.86,2132.86,2042.86,2092.86,43100,2092.86,7.0
2017/07/13,2117.14,2117.14,2018.57,2018.57,97300,2018.57,7.0
2017/07/14,2021.43,2028.57,1958.57,1958.57,88500,1958.57,7.0
2017/07/18,1980.0,2010.0,1972.86,1985.71,29200,1985.71,7.0
2017/07/19,1992.86,2034.28,1992.86,2007.14,27900,2007.14,7.0
2017/07/20,2047.14,2128.57,2047.14,2125.71,87200,2125.71,7.0
2017/07/21,2124.28,2128.57,2084.28,2128.57,26500,2128.57,7.0
2017/07/24,2131.43,2157.14,2111.43,2141.43,24000,2141.43,7.0
2017/07/25,2157.14,2181.43,2111.43,2150.0,44300,2150,7.0
2017/07/26,2135.71,2142.86,2095.71,2095.71,22100,2095.71,7.0
2017/07/27,2111.43,2111.43,2064.28,2068.57,19300,2068.57,7.0
2017/07/28,2142.86,2148.57,2078.57,2090.0,54000,2090,7.0
2017/07/31,2102.86,2114.28,2081.43,2095.71,16100,2095.71,7.0
2017/08/01,2090.0,2105.71,2025.71,2071.43,40500,2071.43,7.0
2017/08/02,2071.43,2112.86,2057.14,2071.43,20000,2071.43,7.0
2017/08/03,2071.43,2085.71,2050.0,2071.43,10900,2071.43,7.0
2017/08/04,2051.43,2097.14,2050.0,2092.86,9800,2092.86,7.0
2017/08/07,2090.0,2100.0,2071.43,2071.43,11700,2071.43,7.0
2017/08/08,2085.71,2090.0,2064.28,2071.43,7900,2071.43,7.0
2017/08/09,2082.86,2085.71,2062.86,2071.43,20300,2071.43,7.0
2017/08/10,2071.43,2091.43,2065.71,2075.71,14600,2075.71,7.0
2017/08/14,2072.86,2075.71,2057.14,2071.43,15800,2071.43,7.0
2017/08/15,2071.43,2114.28,2071.43,2111.43,21800,2111.43,7.0
2017/08/16,2101.43,2120.0,2082.86,2115.71,17400,2115.71,7.0
2017/08/17,2128.57,2192.85,2121.43,2164.28,62400,2164.28,7.0
2017/08/18,2154.28,2175.71,2137.14,2145.71,35600,2145.71,7.0
2017/08/21,2154.28,2155.71,2137.14,2150.0,12300,2150,7.0
2017/08/22,2154.28,2240.0,2154.28,2240.0,83500,2240,7.0
2017/08/23,2257.14,2354.28,2250.0,2342.85,149600,2342.85,7.0
2017/08/24,2395.71,2700.0,2395.71,2558.57,352600,2558.57,7.0
2017/08/25,2544.28,2590.0,2461.43,2464.28,107000,2464.28,7.0
2017/08/28,2500.0,2571.43,2454.28,2507.14,68500,2507.14,7.0
2017/08/29,2515,2530,2380,2406,254200,2406,1
2017/08/30,2388,2440,2259,2305,273500,2305,1
2017/08/31,2302,2392,2263,2380,230800,2380,1
2017/09/01,2410,2501,2375,2489,277700,2489,1
2017/09/04,2460,2465,2390,2400,129600,2400,1
2017/09/05,2445,2452,2170,2186,404800,2186,1
2017/09/06,2141,2278,2100,2270,303200,2270,1
2017/09/07,2279,2340,2272,2318,185600,2318,1
2017/09/08,2321,2327,2248,2268,75200,2268,1
2017/09/11,2303,2385,2298,2328,133600,2328,1
2017/09/12,2375,2549,2375,2524,382400,2524,1
2017/09/13,2520,2588,2400,2440,442600,2440,1
2017/09/14,2490,2495,2305,2365,217600,2365,1
2017/09/15,2365,2419,2350,2400,74400,2400,1
2017/09/19,2450,2473,2400,2450,189200,2450,1
2017/09/20,2480,2480,2352,2380,173500,2380,1
2017/09/21,2367,2380,2285,2338,236800,2338,1
2017/09/22,2305,2332,2253,2280,79200,2280,1
2017/09/25,2306,2351,2285,2351,95900,2351,1
2017/09/26,2369,2369,2289,2332,63500,2332,1
2017/09/27,2315,2442,2300,2436,204000,2436,1
2017/09/28,2429,2465,2390,2407,204600,2407,1
2017/09/29,2411,2420,2372,2392,94900,2392,1
2017/10/02,2412,2499,2406,2451,188200,2451,1
2017/10/03,2465,2546,2400,2507,298200,2507,1
2017/10/04,2501,2520,2447,2480,109200,2480,1
2017/10/05,2453,2490,2381,2381,193200,2381,1
2017/10/06,2417,2476,2400,2459,177600,2459,1
2017/10/10,2490,2490,2430,2478,96900,2478,1
2017/10/11,2484,2497,2411,2451,103800,2451,1
2017/10/12,2470,2516,2436,2500,186000,2500,1
2017/10/13,2471,2532,2410,2520,312700,2520,1
2017/10/16,2353,2365,2255,2306,709000,2306,1
2017/10/17,2349,2350,2271,2315,278500,2315,1
2017/10/18,2308,2314,2221,2221,237000,2221,1
2017/10/19,2250,2290,2204,2290,140400,2290,1
2017/10/20,2280,2292,2247,2247,118900,2247,1
2017/10/23,2223,2224,2082,2107,723900,2107,1
2017/10/24,2095,2115,2056,2078,227100,2078,1
2017/10/25,2098,2118,2063,2093,188400,2093,1
2017/10/26,2170,2209,2155,2200,368700,2200,1
2017/10/27,2220,2276,2210,2215,202700,2215,1
2017/10/30,2253,2300,2230,2278,171800,2278,1
2017/10/31,2228,2326,2226,2307,222200,2307,1
2017/11/01,2331,2335,2301,2302,162000,2302,1
2017/11/02,2281,2317,2229,2240,129000,2240,1
2017/11/06,2257,2274,2235,2253,65100,2253,1
2017/11/07,2295,2296,2187,2222,149800,2222,1
2017/11/08,2240,2240,2192,2215,82100,2215,1
2017/11/09,2233,2270,2171,2201,169200,2201,1
2017/11/10,2180,2263,2180,2250,93900,2250,1
2017/11/13,2220,2229,2186,2186,71000,2186,1
2017/11/14,2216,2216,2172,2183,65900,2183,1
2017/11/15,2199,2228,2145,2159,131300,2159,1
2017/11/16,2143,2211,2143,2193,100600,2193,1
2017/11/17,2203,2249,2203,2216,67900,2216,1
2017/11/20,2212,2235,2206,2209,46700,2209,1
2017/11/21,2230,2299,2226,2298,172800,2298,1
2017/11/22,2291,2330,2262,2291,144800,2291,1
2017/11/24,2289,2293,2249,2276,79500,2276,1
2017/11/27,2285,2332,2280,2310,121500,2310,1
2017/11/28,2329,2373,2297,2372,167100,2372,1
2017/11/29,2385,2395,2325,2325,106900,2325,1
2017/11/30,2345,2380,2321,2370,117200,2370,1
2017/12/01,2388,2395,2347,2390,86700,2390,1
2017/12/04,2399,2399,2318,2319,113500,2319,1
2017/12/05,2305,2318,2260,2268,90300,2268,1
2017/12/06,2290,2334,2258,2258,87100,2258,1
2017/12/07,2286,2337,2261,2331,95900,2331,1
2017/12/08,2349,2366,2337,2341,108400,2341,1
2017/12/11,2369,2386,2340,2350,84900,2350,1
2017/12/12,2370,2388,2340,2340,80100,2340,1
2017/12/13,2369,2375,2341,2364,59000,2364,1
2017/12/14,2357,2373,2334,2357,84000,2357,1
2017/12/15,2387,2500,2372,2498,408100,2498,1
2017/12/18,2510,2518,2481,2495,314300,2495,1
2017/12/19,2500,2565,2480,2540,236600,2540,1
2017/12/20,2520,2579,2520,2554,140100,2554,1
2017/12/21,2565,2568,2460,2510,101700,2510,1
2017/12/22,2505,2522,2495,2519,68400,2519,1
2017/12/25,2506,2620,2506,2620,226900,2620,1
2017/12/26,2620,2793,2620,2767,420900,2767,1
2017/12/27,2774,2877,2720,2800,356800,2800,1
2017/12/28,2820,2917,2799,2869,319800,2869,1
2017/12/29,2881,2928,2708,2746,328000,2746,1
2018/01/04,2879,2880,2738,2751,182600,2751,1
2018/01/05,2752,2838,2745,2745,169300,2745,1
2018/01/09,2771,2921,2752,2901,236600,2901,1
2018/01/10,2882,2973,2814,2970,216100,2970,1
2018/01/11,2985,2997,2852,2875,175500,2875,1
2018/01/12,2925,2945,2860,2927,171600,2927,1
2018/01/15,2927,2970,2881,2881,174700,2881,1
2018/01/16,3165,3385,3120,3385,521100,3385,1
2018/01/17,3650,4035,3615,3825,583200,3825,1
2018/01/18,3825,3900,3760,3765,201300,3765,1
2018/01/19,3835,3935,3770,3825,168400,3825,1
2018/01/22,3900,4340,3900,4235,290100,4235,1
2018/01/23,4195,4260,4010,4040,175700,4040,1
2018/01/24,3900,3955,3715,3850,300800,3850,1
2018/01/25,3880,4060,3850,3885,589200,3885,1
2018/01/26,4140,4570,4000,4460,885400,4460,1
2018/01/29,4390,4450,4205,4250,260400,4250,1
2018/01/30,4180,4425,4105,4195,232700,4195,1
2018/01/31,4100,4350,4050,4305,159100,4305,1
2018/02/01,4400,4550,4230,4330,300200,4330,1
2018/02/02,4375,4375,4030,4215,188000,4215,1
2018/02/05,3975,4190,3975,4105,138800,4105,1
2018/02/06,3725,3975,3600,3835,327400,3835,1
2018/02/07,4100,4135,3740,3755,152000,3755,1
2018/02/08,3800,4070,3755,4065,118600,4065,1
2018/02/09,3800,4090,3750,4090,140800,4090,1
2018/02/13,4230,4235,3820,3890,185700,3890,1
2018/02/14,3830,3955,3695,3700,127500,3700,1
2018/02/15,3770,3900,3580,3825,116200,3825,1
2018/02/16,3895,4095,3825,4085,105900,4085,1
2018/02/19,4190,4380,4100,4365,153300,4365,1
2018/02/20,4430,4470,4160,4220,152500,4220,1
2018/02/21,4220,4330,4160,4170,118400,4170,1
2018/02/22,4145,4180,3950,4010,103200,4010,1
2018/02/23,4000,4070,3950,3975,85300,3975,1
2018/02/26,4015,4135,3945,4135,78600,4135,1
2018/02/27,4155,4190,3980,4025,62100,4025,1
2018/02/28,4000,4025,3865,3940,78000,3940,1
2018/03/01,3940,3955,3830,3835,87800,3835,1
2018/03/02,3775,3890,3720,3860,99500,3860,1
2018/03/05,3860,3905,3540,3580,114500,3580,1
2018/03/06,3700,3750,3450,3480,160600,3480,1
2018/03/07,3550,3855,3460,3765,159000,3765,1
2018/03/08,3850,3965,3805,3965,129200,3965,1
2018/03/09,4005,4015,3785,3785,112000,3785,1
2018/03/12,3855,3860,3690,3760,79000,3760,1
2018/03/13,3830,4040,3820,4025,153400,4025,1
2018/03/14,4005,4075,3905,4035,106700,4035,1
2018/03/15,4030,4160,3910,4150,108500,4150,1
2018/03/16,4150,4150,4035,4060,67300,4060,1
2018/03/19,4105,4150,3920,3985,93000,3985,1
2018/03/20,3905,4125,3900,4050,87300,4050,1
2018/03/22,3980,4065,3925,3925,63900,3925,1
2018/03/23,3790,3910,3780,3795,74800,3795,1
2018/03/26,3665,3790,3610,3770,86700,3770,1
2018/03/27,3885,3885,3730,3770,44900,3770,1
2018/03/28,3770,3950,3745,3930,71600,3930,1
2018/03/29,3970,3970,3775,3845,71000,3845,1
2018/03/30,3970,4140,3880,4130,102400,4130,1
2018/04/02,4150,4360,4150,4340,173500,4340,1
2018/04/03,4235,4425,4200,4395,144100,4395,1
2018/04/04,4450,4480,4270,4355,113700,4355,1
2018/04/05,4400,4430,4305,4315,57100,4315,1
2018/04/06,4360,4945,4350,4575,433300,4575,1
2018/04/09,4545,4785,4270,4735,273200,4735,1
2018/04/10,4720,4960,4605,4910,203100,4910,1
2018/04/11,4840,4945,4600,4645,120100,4645,1
2018/04/12,4670,4830,4505,4510,88900,4510,1
2018/04/13,4550,4685,4420,4460,71800,4460,1
2018/04/16,4460,4530,4170,4230,154900,4230,1
2018/04/17,4000,4400,3530,4355,856600,4355,1
2018/04/18,4400,4910,4235,4395,698400,4395,1
2018/04/19,4325,4430,4100,4150,209500,4150,1
2018/04/20,4130,4455,4115,4450,158000,4450,1
2018/04/23,4415,4540,4260,4310,188500,4310,1
2018/04/24,4365,4790,4305,4565,325900,4565,1
2018/04/25,4510,4875,4500,4640,251700,4640,1
2018/04/26,4595,4700,4400,4590,185200,4590,1
2018/04/27,4615,4990,4615,4950,326300,4950,1
2018/05/01,4915,4940,4715,4755,248500,4755,1
2018/05/02,4755,4905,4650,4875,179700,4875,1
2018/05/07,4850,5200,4805,5080,239000,5080,1
2018/05/08,5100,5100,4860,4890,161800,4890,1
2018/05/09,4895,4915,4760,4825,101500,4825,1
2018/05/10,4805,4855,4665,4695,100200,4695,1
2018/05/11,4750,4885,4715,4810,75800,4810,1
2018/05/14,4810,4810,4680,4715,99400,4715,1
2018/05/15,4715,4945,4665,4935,165700,4935,1
2018/05/16,4885,4970,4810,4825,108700,4825,1
2018/05/17,4810,4920,4780,4870,119300,4870,1
2018/05/18,4840,5140,4810,5010,204000,5010,1
2018/05/21,4950,5030,4910,4940,109700,4940,1
2018/05/22,4950,5280,4950,5280,190200,5280,1
2018/05/23,5200,5390,5060,5230,133300,5230,1
2018/05/24,5200,5280,5030,5070,93100,5070,1
2018/05/25,5000,5180,4985,5160,74700,5160,1
2018/05/28,5090,5160,5050,5070,57300,5070,1
2018/05/29,5100,5250,5030,5100,80600,5100,1
2018/05/30,4985,5060,4905,5000,169800,5000,1
2018/05/31,5070,5410,5070,5400,322400,5400,1
2018/06/01,5300,5300,5130,5220,162700,5220,1
2018/06/04,5300,5300,5150,5270,89600,5270,1
2018/06/05,5300,5440,5180,5260,139700,5260,1
2018/06/06,5270,5270,5070,5140,99100,5140,1
2018/06/07,5080,5210,4995,5180,73300,5180,1
2018/06/08,5170,5350,5140,5310,105800,5310,1
2018/06/11,5350,5350,5180,5290,59400,5290,1
2018/06/12,5330,5420,5280,5340,72200,5340,1
2018/06/13,5340,5370,5150,5220,115800,5220,1
2018/06/14,5220,5300,5190,5200,35600,5200,1
2018/06/15,5270,5400,5210,5300,91300,5300,1
2018/06/18,5250,5320,5160,5200,64200,5200,1
2018/06/19,5160,5200,4830,4920,189200,4920,1
2018/06/20,4900,5050,4815,5010,95700,5010,1
2018/06/21,5030,5110,5000,5070,47700,5070,1
2018/06/22,5020,5140,5020,5080,29000,5080,1
2018/06/25,5100,5180,4910,4965,71000,4965,1
2018/06/26,4890,4940,4820,4870,73900,4870,1
2018/06/27,4870,4995,4855,4970,57800,4970,1
2018/06/28,4915,4930,4680,4735,81400,4735,1
2018/06/29,4745,4860,4735,4800,49300,4800,1
2018/07/02,4830,4830,4475,4500,82700,4500,1
2018/07/03,4480,4630,4275,4435,98800,4435,1
2018/07/04,4365,4440,4200,4380,53100,4380,1
2018/07/05,4385,4455,4255,4260,55700,4260,1
2018/07/06,4210,4330,4195,4295,65300,4295,1
2018/07/09,4340,4670,4340,4430,97200,4430,1
2018/07/10,4550,4715,4530,4665,79400,4665,1
2018/07/11,4655,4775,4550,4715,56400,4715,1
2018/07/12,4705,4830,4665,4760,49000,4760,1
2018/07/13,4810,4840,4750,4840,57300,4840,1
2018/07/17,4875,4900,4690,4725,194900,4725,1
2018/07/18,4865,4890,4420,4765,414800,4765,1
2018/07/19,4800,4840,4635,4745,93600,4745,1
2018/07/20,4675,4695,4430,4460,147100,4460,1
2018/07/23,4450,4475,4200,4200,143100,4200,1
2018/07/24,4240,4340,4140,4315,133900,4315,1
2018/07/25,4350,4350,4175,4210,100400,4210,1
2018/07/26,4230,4250,4080,4180,119800,4180,1
2018/07/27,4170,4220,4145,4195,71400,4195,1
2018/07/30,4150,4155,3975,4020,111900,4020,1
2018/07/31,4010,4050,3955,3980,57900,3980,1
2018/08/01,4105,4145,4020,4110,95500,4110,1
2018/08/02,4085,4105,4020,4035,58000,4035,1
2018/08/03,4055,4055,3950,3970,76100,3970,1
2018/08/06,3770,3915,3550,3850,308800,3850,1
2018/08/07,3850,3960,3770,3870,82200,3870,1
2018/08/08,3850,3990,3830,3975,54300,3975,1
2018/08/09,4000,4290,4000,4260,220700,4260,1
2018/08/10,4190,4245,4075,4100,48900,4100,1
2018/08/13,4075,4280,3955,4205,90400,4205,1
2018/08/14,4200,4200,3990,4015,57300,4015,1
