2016/04/08,757,907,757,907,2208500,907,1
2016/04/11,922,936,835,887,468200,887,1
2016/04/12,857,880,800,850,186400,850,1
2016/04/13,835,850,812,835,93100,835,1
2016/04/14,825,828,807,820,63600,820,1
2016/04/15,820,830,802,822,44800,822,1
2016/04/18,812,847,806,847,27300,847,1
2016/04/19,844,846,813,839,46800,839,1
2016/04/20,833,833,812,820,28600,820,1
2016/04/21,824,826,813,826,36700,826,1
2016/04/22,822,846,822,844,39300,844,1
2016/04/25,859,863,832,855,104900,855,1
2016/04/26,853,853,832,849,29500,849,1
2016/04/27,840,848,835,848,12700,848,1
2016/04/28,845,849,833,849,25600,849,1
2016/05/02,834,834,795,812,85100,812,1
2016/05/06,810,841,810,840,27100,840,1
2016/05/09,835,835,812,817,26700,817,1
2016/05/10,817,833,814,818,15700,818,1
2016/05/11,820,821,809,816,39600,816,1
2016/05/12,812,849,811,830,51600,830,1
2016/05/13,815,822,808,812,42200,812,1
2016/05/16,812,812,806,812,11600,812,1
2016/05/17,808,817,808,817,6200,817,1
2016/05/18,815,824,810,812,18000,812,1
2016/05/19,812,815,804,810,28800,810,1
2016/05/20,806,813,806,813,6300,813,1
2016/05/23,813,828,813,817,11500,817,1
2016/05/24,817,823,810,814,8400,814,1
2016/05/25,812,815,808,808,17300,808,1
2016/05/26,813,813,806,807,22700,807,1
2016/05/27,807,810,802,810,23200,810,1
2016/05/30,810,815,809,809,8100,809,1
2016/05/31,811,818,804,816,18200,816,1
2016/06/01,810,814,801,813,16600,813,1
2016/06/02,805,812,800,803,11800,803,1
2016/06/03,810,815,810,811,15200,811,1
2016/06/06,814,814,807,811,9800,811,1
2016/06/07,813,813,808,813,3600,813,1
2016/06/08,812,817,810,816,7800,816,1
2016/06/09,817,817,807,814,9700,814,1
2016/06/10,814,814,807,809,15600,809,1
2016/06/13,811,813,806,807,17400,807,1
2016/06/14,807,812,801,803,17600,803,1
2016/06/15,803,809,802,808,7600,808,1
2016/06/16,809,809,795,805,35700,805,1
2016/06/17,802,805,802,803,3600,803,1
2016/06/20,800,803,797,800,13700,800,1
2016/06/21,800,803,797,800,10200,800,1
2016/06/22,801,803,801,801,9600,801,1
2016/06/23,801,801,796,798,18500,798,1
2016/06/24,800,801,750,794,49100,794,1
2016/06/27,779,794,763,790,17100,790,1
2016/06/28,790,790,766,774,11700,774,1
2016/06/29,774,777,763,766,17900,766,1
2016/06/30,770,779,767,777,19200,777,1
2016/07/01,780,790,777,790,8000,790,1
2016/07/04,799,799,780,786,11000,786,1
2016/07/05,798,798,781,787,7300,787,1
2016/07/06,781,782,770,774,9900,774,1
2016/07/07,773,779,764,765,19100,765,1
2016/07/08,769,777,763,770,9100,770,1
2016/07/11,771,792,771,773,12000,773,1
2016/07/12,774,784,771,774,8200,774,1
2016/07/13,778,785,774,779,20900,779,1
2016/07/14,779,789,779,784,5700,784,1
2016/07/15,780,782,775,775,4500,775,1
2016/07/19,783,785,777,778,12000,778,1
2016/07/20,778,783,778,779,600,779,1
2016/07/21,789,792,780,792,5200,792,1
2016/07/22,786,792,781,788,8300,788,1
2016/07/25,789,790,781,788,7600,788,1
2016/07/26,788,790,785,788,9900,788,1
2016/07/27,793,798,790,795,7200,795,1
2016/07/28,794,800,793,795,9800,795,1
2016/07/29,798,799,791,798,8300,798,1
2016/08/01,798,800,794,796,8300,796,1
2016/08/02,799,799,791,796,4500,796,1
2016/08/03,799,799,789,794,11400,794,1
2016/08/04,797,797,788,790,6700,790,1
2016/08/05,790,790,788,790,1300,790,1
2016/08/08,792,800,783,790,6700,790,1
2016/08/09,790,791,789,791,2800,791,1
2016/08/10,789,797,788,797,1900,797,1
2016/08/12,795,799,788,791,8600,791,1
2016/08/15,792,797,790,791,2400,791,1
2016/08/16,790,794,782,786,14900,786,1
2016/08/17,790,790,783,783,14000,783,1
2016/08/18,785,794,784,788,4300,788,1
2016/08/19,788,788,781,782,6200,782,1
2016/08/22,782,785,780,783,3200,783,1
2016/08/23,784,784,777,781,2000,781,1
2016/08/24,785,788,784,784,1200,784,1
2016/08/25,784,789,784,789,700,789,1
2016/08/26,786,794,785,792,4100,792,1
2016/08/29,785,785,780,782,3200,782,1
2016/08/30,780,785,780,780,1300,780,1
2016/08/31,783,788,777,778,6000,778,1
2016/09/01,779,785,778,785,4800,785,1
2016/09/02,785,790,781,781,11600,781,1
2016/09/05,782,790,782,790,4000,790,1
2016/09/06,790,794,788,791,7300,791,1
2016/09/07,791,792,780,785,8300,785,1
2016/09/08,788,788,783,783,1600,783,1
2016/09/09,781,784,781,784,2200,784,1
2016/09/12,782,790,782,782,2300,782,1
2016/09/13,783,785,783,785,200,785,1
2016/09/14,785,790,784,785,2500,785,1
2016/09/15,785,791,785,785,1300,785,1
2016/09/16,786,791,783,783,1700,783,1
2016/09/20,783,784,777,777,9100,777,1
2016/09/21,780,785,777,785,4200,785,1
2016/09/23,780,781,779,780,3300,780,1
2016/09/26,780,785,780,785,4300,785,1
2016/09/27,784,787,781,787,1700,787,1
2016/09/28,780,785,768,785,32900,785,1
2016/09/29,785,787,766,784,9800,784,1
2016/09/30,780,786,780,782,1200,782,1
2016/10/03,788,795,785,787,3000,787,1
2016/10/04,794,794,783,793,2200,793,1
2016/10/05,794,794,778,781,9600,781,1
2016/10/06,781,788,778,788,7800,788,1
2016/10/07,787,791,779,790,3800,790,1
2016/10/11,789,791,781,783,3600,783,1
2016/10/12,783,786,782,782,3700,782,1
2016/10/13,783,786,783,786,1200,786,1
2016/10/14,786,786,783,785,1800,785,1
2016/10/17,786,790,782,784,3800,784,1
2016/10/18,787,789,784,785,2600,785,1
2016/10/19,789,789,785,785,1300,785,1
2016/10/20,785,793,785,793,5500,793,1
2016/10/21,791,797,785,788,21000,788,1
2016/10/24,787,789,778,781,24500,781,1
2016/10/25,783,788,783,783,4600,783,1
2016/10/26,787,788,783,783,1000,783,1
2016/10/27,784,786,777,777,17300,777,1
2016/10/28,780,783,770,770,46800,770,1
2016/10/31,777,781,776,778,2700,778,1
2016/11/01,778,780,769,769,23300,769,1
2016/11/02,771,773,768,769,8000,769,1
2016/11/04,770,778,766,778,12300,778,1
2016/11/07,777,780,771,771,3800,771,1
2016/11/08,775,775,765,771,9100,771,1
2016/11/09,771,775,760,765,31100,765,1
2016/11/10,778,780,772,777,13800,777,1
2016/11/11,767,777,767,777,15100,777,1
2016/11/14,779,780,773,780,4100,780,1
2016/11/15,780,782,775,778,3100,778,1
2016/11/16,784,784,771,775,13100,775,1
2016/11/17,777,785,775,785,9300,785,1
2016/11/18,785,786,780,780,2900,780,1
2016/11/21,783,787,775,782,10400,782,1
2016/11/22,784,784,780,780,3100,780,1
2016/11/24,782,782,780,780,3700,780,1
2016/11/25,782,784,775,778,10900,778,1
2016/11/28,778,783,776,780,2100,780,1
2016/11/29,784,794,780,794,5000,794,1
2016/11/30,795,810,785,799,16900,799,1
2016/12/01,795,799,790,792,6800,792,1
2016/12/02,792,795,784,793,5800,793,1
2016/12/05,790,797,786,795,7700,795,1
2016/12/06,798,799,780,798,28000,798,1
2016/12/07,799,802,785,794,23000,794,1
2016/12/08,802,803,793,798,6200,798,1
2016/12/09,798,801,790,795,5200,795,1
2016/12/12,795,799,781,797,12800,797,1
2016/12/13,795,798,792,795,4000,795,1
2016/12/14,798,801,790,799,5600,799,1
2016/12/15,798,800,785,792,32800,792,1
2016/12/16,792,794,781,782,39200,782,1
2016/12/19,802,807,797,802,38200,802,1
2016/12/20,804,818,800,815,39300,815,1
2016/12/21,819,828,816,824,17900,824,1
2016/12/22,824,828,820,824,14800,824,1
2016/12/26,824,836,824,831,12300,831,1
2016/12/27,840,851,840,850,27000,850,1
2016/12/28,850,855,842,852,8400,852,1
2016/12/29,855,856,837,854,13500,854,1
2016/12/30,843,861,843,861,15900,861,1
2017/01/04,870,880,869,876,9800,876,1
2017/01/05,878,878,870,877,10100,877,1
2017/01/06,877,877,863,873,11100,873,1
2017/01/10,865,870,855,863,12200,863,1
2017/01/11,860,869,860,865,1800,865,1
2017/01/12,860,870,859,870,12700,870,1
2017/01/13,870,870,859,868,8700,868,1
2017/01/16,868,868,850,850,3600,850,1
2017/01/17,840,843,825,842,10300,842,1
2017/01/18,827,840,827,840,4900,840,1
2017/01/19,849,849,836,836,7400,836,1
2017/01/20,836,845,828,841,6200,841,1
2017/01/23,841,849,834,838,6500,838,1
2017/01/24,841,841,835,836,1700,836,1
2017/01/25,838,849,838,849,1400,849,1
2017/01/26,853,873,844,870,7900,870,1
2017/01/27,873,873,853,871,5600,871,1
2017/01/30,867,871,861,871,8200,871,1
2017/01/31,871,871,862,862,2600,862,1
2017/02/01,866,870,862,863,1400,863,1
2017/02/02,864,867,857,864,4100,864,1
2017/02/03,864,866,856,866,4700,866,1
2017/02/06,860,868,856,858,15500,858,1
2017/02/07,863,863,854,855,1100,855,1
2017/02/08,864,864,835,850,11100,850,1
2017/02/09,850,850,835,840,12200,840,1
2017/02/10,837,847,836,840,5500,840,1
2017/02/13,852,855,839,850,7000,850,1
2017/02/14,849,849,840,846,6200,846,1
2017/02/15,846,848,843,848,1700,848,1
2017/02/16,848,848,839,842,3900,842,1
2017/02/17,846,847,838,838,2600,838,1
2017/02/20,842,869,830,862,22200,862,1
2017/02/21,866,898,858,890,25900,890,1
2017/02/22,893,910,889,900,36200,900,1
2017/02/23,900,910,895,900,10400,900,1
2017/02/24,895,917,894,902,9500,902,1
2017/02/27,909,910,900,910,8100,910,1
2017/02/28,909,910,881,902,6200,902,1
2017/03/01,899,900,881,898,2700,898,1
2017/03/02,898,916,898,910,11000,910,1
2017/03/03,914,914,896,910,5200,910,1
2017/03/06,909,925,900,904,21400,904,1
2017/03/07,911,916,901,910,7400,910,1
2017/03/08,910,933,905,911,20600,911,1
2017/03/09,911,925,911,921,10600,921,1
2017/03/10,923,934,920,920,28500,920,1
2017/03/13,920,939,917,935,12100,935,1
2017/03/14,934,934,915,930,6600,930,1
2017/03/15,925,934,914,914,14700,914,1
2017/03/16,915,918,882,900,44400,900,1
2017/03/17,905,919,901,911,7400,911,1
2017/03/21,919,948,919,925,9300,925,1
2017/03/22,920,920,905,916,20800,916,1
2017/03/23,915,915,903,915,4500,915,1
2017/03/24,912,920,908,909,10300,909,1
2017/03/27,910,926,910,924,15300,924,1
2017/03/28,912,920,910,912,28800,912,1
2017/03/29,885,909,885,900,12100,900,1
2017/03/30,908,912,897,908,35200,908,1
2017/03/31,904,909,898,909,8600,909,1
2017/04/03,907,907,897,900,8400,900,1
2017/04/04,900,905,867,894,19100,894,1
2017/04/05,876,895,876,889,7400,889,1
2017/04/06,881,883,853,870,18600,870,1
2017/04/07,870,898,865,873,6700,873,1
2017/04/10,880,881,850,865,11800,865,1
2017/04/11,864,864,832,850,15300,850,1
2017/04/12,838,843,801,820,42800,820,1
2017/04/13,835,850,827,838,26200,838,1
2017/04/14,838,839,825,834,54200,834,1
2017/04/17,837,842,818,831,28000,831,1
2017/04/18,830,840,830,840,40700,840,1
2017/04/19,840,847,830,840,10200,840,1
2017/04/20,840,857,839,853,24600,853,1
2017/04/21,859,892,857,892,16900,892,1
2017/04/24,888,892,852,887,23300,887,1
2017/04/25,888,893,863,893,12800,893,1
2017/04/26,892,892,883,883,6200,883,1
2017/04/27,886,903,877,896,22300,896,1
2017/04/28,896,903,874,892,7300,892,1
2017/05/01,882,886,880,882,7000,882,1
2017/05/02,883,903,882,900,13000,900,1
2017/05/08,920,921,900,920,20100,920,1
2017/05/09,925,925,918,925,12300,925,1
2017/05/10,928,929,910,916,6200,916,1
2017/05/11,923,926,893,916,30200,916,1
2017/05/12,871,888,852,866,50500,866,1
2017/05/15,849,854,832,845,36700,845,1
2017/05/16,845,860,845,850,11700,850,1
2017/05/17,852,854,842,845,12700,845,1
2017/05/18,843,856,841,846,4800,846,1
2017/05/19,848,861,848,860,4100,860,1
2017/05/22,860,860,840,857,9100,857,1
2017/05/23,855,859,846,850,9000,850,1
2017/05/24,848,854,848,853,5200,853,1
2017/05/25,853,855,852,854,1800,854,1
2017/05/26,855,855,847,852,1400,852,1
2017/05/29,860,860,847,850,5100,850,1
2017/05/30,850,856,850,852,2400,852,1
2017/05/31,852,863,850,852,5100,852,1
2017/06/01,854,860,852,852,2500,852,1
2017/06/02,852,860,851,853,3600,853,1
2017/06/05,856,859,851,855,5300,855,1
2017/06/06,855,858,850,851,2300,851,1
2017/06/07,851,855,849,855,5700,855,1
2017/06/08,855,856,849,849,800,849,1
2017/06/09,849,862,848,860,3500,860,1
2017/06/12,853,855,853,855,1100,855,1
2017/06/13,854,860,851,854,6900,854,1
2017/06/14,854,864,854,860,2500,860,1
2017/06/15,864,864,855,858,21500,858,1
2017/06/16,860,864,855,855,3900,855,1
2017/06/19,855,859,851,853,9900,853,1
2017/06/20,854,855,844,845,26200,845,1
2017/06/21,843,845,843,845,2200,845,1
2017/06/22,844,850,844,850,2200,850,1
2017/06/23,846,847,844,845,6000,845,1
2017/06/26,845,850,845,850,2800,850,1
2017/06/27,836,850,835,847,19300,847,1
2017/06/28,841,849,835,838,20900,838,1
2017/06/29,837,837,799,805,153800,805,1
2017/06/30,791,817,791,814,48100,814,1
2017/07/03,821,825,814,819,6000,819,1
2017/07/04,819,823,816,816,4700,816,1
2017/07/05,818,824,816,818,5000,818,1
2017/07/06,820,820,800,808,26000,808,1
2017/07/07,805,812,804,809,3900,809,1
2017/07/10,810,814,809,812,6700,812,1
2017/07/11,815,820,810,812,9500,812,1
2017/07/12,812,818,808,811,14200,811,1
2017/07/13,812,815,810,812,6500,812,1
2017/07/14,816,821,815,821,18500,821,1
2017/07/18,824,827,816,826,14100,826,1
2017/07/19,819,827,819,827,8600,827,1
2017/07/20,828,834,822,823,8000,823,1
2017/07/21,830,835,818,822,6800,822,1
2017/07/24,827,830,823,829,9800,829,1
2017/07/25,823,830,822,830,8100,830,1
2017/07/26,832,835,824,828,8800,828,1
2017/07/27,833,835,827,829,4800,829,1
2017/07/28,830,833,827,827,3300,827,1
2017/07/31,834,837,832,832,2500,832,1
2017/08/01,832,832,826,827,3300,827,1
2017/08/02,833,849,833,839,6600,839,1
2017/08/03,841,841,835,835,700,835,1
2017/08/04,839,845,836,845,3200,845,1
2017/08/07,847,847,837,837,2800,837,1
2017/08/08,840,843,830,843,9900,843,1
2017/08/09,843,843,833,840,3400,840,1
2017/08/10,840,840,828,835,5000,835,1
2017/08/14,835,842,835,837,8100,837,1
2017/08/15,836,837,830,835,4700,835,1
2017/08/16,838,838,829,838,2800,838,1
2017/08/17,840,846,839,846,5800,846,1
2017/08/18,845,848,843,846,10700,846,1
2017/08/21,849,854,848,848,6500,848,1
2017/08/22,846,851,845,851,4300,851,1
2017/08/23,854,855,848,849,1800,849,1
2017/08/24,851,853,840,840,7600,840,1
2017/08/25,846,853,846,853,1500,853,1
2017/08/28,850,850,833,836,9500,836,1
2017/08/29,842,845,840,845,1500,845,1
2017/08/30,850,850,833,850,3000,850,1
2017/08/31,851,860,851,859,8600,859,1
2017/09/01,861,862,859,862,6000,862,1
2017/09/04,863,868,837,837,10400,837,1
2017/09/05,846,850,833,833,26400,833,1
2017/09/06,833,835,830,830,4500,830,1
2017/09/07,833,835,829,832,7900,832,1
2017/09/08,836,837,832,836,5700,836,1
2017/09/11,837,837,829,835,10200,835,1
2017/09/12,837,852,835,852,16300,852,1
2017/09/13,856,856,854,856,5200,856,1
2017/09/14,855,855,852,852,1600,852,1
2017/09/15,861,861,855,860,6900,860,1
2017/09/19,861,868,861,868,6200,868,1
2017/09/20,870,876,869,876,6600,876,1
2017/09/21,875,877,872,873,5700,873,1
2017/09/22,875,875,866,868,4800,868,1
2017/09/25,869,880,869,880,17100,880,1
2017/09/26,881,884,880,882,7000,882,1
2017/09/27,880,888,879,888,6100,888,1
2017/09/28,893,914,892,896,9200,896,1
2017/09/29,890,903,890,895,13800,895,1
2017/10/02,903,935,900,920,16000,920,1
2017/10/03,920,920,907,918,16400,918,1
2017/10/04,918,925,910,923,42500,923,1
2017/10/05,913,913,902,902,8400,902,1
2017/10/06,901,902,881,893,10800,893,1
2017/10/10,893,895,893,895,3200,895,1
2017/10/11,893,896,883,896,6900,896,1
2017/10/12,900,900,891,900,3500,900,1
2017/10/13,898,898,885,893,2200,893,1
2017/10/16,887,898,886,897,2000,897,1
2017/10/17,901,906,896,903,9300,903,1
2017/10/18,906,907,900,903,9300,903,1
2017/10/19,903,905,900,900,4300,900,1
2017/10/20,905,905,902,903,3400,903,1
2017/10/23,904,910,903,905,6400,905,1
2017/10/24,905,914,905,914,2200,914,1
2017/10/25,914,914,907,910,5400,910,1
2017/10/26,910,912,906,911,3000,911,1
2017/10/27,916,917,913,914,6500,914,1
2017/10/30,920,928,920,923,9600,923,1
2017/10/31,920,927,920,925,9500,925,1
2017/11/01,928,936,928,933,12600,933,1
2017/11/02,935,945,931,940,7700,940,1
2017/11/06,941,960,933,935,12000,935,1
2017/11/07,935,949,935,949,900,949,1
2017/11/08,948,949,941,948,5000,948,1
2017/11/09,948,950,928,943,11300,943,1
2017/11/10,932,940,928,929,7400,929,1
2017/11/13,931,933,921,930,16100,930,1
2017/11/14,930,935,923,923,4300,923,1
2017/11/15,925,925,890,890,9200,890,1
2017/11/16,890,910,889,910,23600,910,1
2017/11/17,910,910,910,910,2100,910,1
2017/11/20,912,918,912,918,1700,918,1
2017/11/21,924,924,918,918,2900,918,1
2017/11/22,925,925,909,920,2300,920,1
2017/11/24,910,914,910,912,1300,912,1
2017/11/27,910,912,910,912,3900,912,1
2017/11/28,919,925,909,909,9600,909,1
2017/11/29,912,920,912,913,4700,913,1
2017/11/30,917,920,913,913,3300,913,1
2017/12/01,916,924,916,917,7800,917,1
2017/12/04,921,925,918,918,3700,918,1
2017/12/05,920,920,900,916,8200,916,1
2017/12/06,919,920,915,920,4900,920,1
2017/12/07,922,925,922,925,5300,925,1
2017/12/08,921,925,919,925,4900,925,1
2017/12/11,925,925,922,925,11800,925,1
2017/12/12,925,935,924,935,5200,935,1
2017/12/13,930,930,930,930,300,930,1
2017/12/14,925,928,920,928,6100,928,1
2017/12/15,930,930,923,923,3200,923,1
2017/12/18,910,930,910,930,6000,930,1
2017/12/19,928,928,925,928,500,928,1
2017/12/20,925,925,923,925,10200,925,1
2017/12/21,924,925,919,925,6300,925,1
2017/12/22,925,925,918,918,4000,918,1
2017/12/25,920,926,920,926,3600,926,1
2017/12/26,925,930,925,930,1800,930,1
2017/12/27,930,935,930,935,1700,935,1
2017/12/28,935,938,928,928,3200,928,1
2017/12/29,928,930,928,928,2700,928,1
2018/01/04,928,939,928,932,16500,932,1
2018/01/05,935,938,934,935,1200,935,1
2018/01/09,936,940,935,936,3500,936,1
2018/01/10,936,942,936,937,5900,937,1
2018/01/11,938,943,936,943,2400,943,1
2018/01/12,945,950,940,944,9500,944,1
2018/01/15,950,952,945,951,4200,951,1
2018/01/16,952,1000,952,985,10100,985,1
2018/01/17,984,984,965,975,5800,975,1
2018/01/18,975,985,963,978,4900,978,1
2018/01/19,978,978,978,978,600,978,1
2018/01/22,993,999,982,990,5500,990,1
2018/01/23,996,999,988,988,2200,988,1
2018/01/24,985,1009,982,995,7300,995,1
2018/01/25,1003,1004,985,985,7300,985,1
2018/01/26,996,1011,990,1011,5300,1011,1
2018/01/29,1015,1047,1015,1046,8400,1046,1
2018/01/30,1046,1050,1028,1031,9100,1031,1
2018/01/31,1031,1045,1022,1041,10400,1041,1
2018/02/01,1040,1040,1010,1012,4200,1012,1
2018/02/02,1022,1025,1020,1022,3700,1022,1
2018/02/05,1011,1018,1000,1008,10900,1008,1
2018/02/06,960,968,960,960,34400,960,1
2018/02/07,995,1000,975,975,11500,975,1
2018/02/08,975,975,960,960,4500,960,1
2018/02/09,960,979,960,968,7700,968,1
2018/02/13,968,980,968,968,1700,968,1
2018/02/14,968,978,962,977,4900,977,1
2018/02/15,983,986,962,975,3500,975,1
2018/02/16,986,999,986,988,1700,988,1
2018/02/19,988,998,988,990,1500,990,1
2018/02/20,1000,1011,1000,1011,5700,1011,1
2018/02/21,1010,1011,1010,1011,700,1011,1
2018/02/22,1020,1060,1010,1048,11100,1048,1
2018/02/23,1053,1053,1030,1037,2100,1037,1
2018/02/26,1048,1048,1037,1046,2900,1046,1
2018/02/27,1054,1054,1040,1047,1100,1047,1
2018/02/28,1049,1049,1044,1044,1700,1044,1
2018/03/01,1040,1041,1024,1024,12400,1024,1
2018/03/02,1025,1037,1023,1033,5400,1033,1
2018/03/05,1030,1033,1030,1033,4800,1033,1
2018/03/06,1040,1040,1033,1033,800,1033,1
2018/03/07,1033,1033,1030,1030,2700,1030,1
2018/03/08,1030,1031,1029,1030,3200,1030,1
2018/03/09,1030,1030,1011,1027,2800,1027,1
2018/03/12,1001,1015,960,994,10800,994,1
2018/03/13,995,995,990,995,2000,995,1
2018/03/14,980,989,980,981,15300,981,1
2018/03/15,985,1004,985,990,22200,990,1
2018/03/16,1005,1005,998,998,1200,998,1
2018/03/19,1000,1001,989,993,2100,993,1
2018/03/20,986,1000,986,999,2100,999,1
2018/03/22,999,1002,993,993,1600,993,1
2018/03/23,990,993,965,974,16300,974,1
2018/03/26,944,979,944,960,3600,960,1
2018/03/27,972,995,970,980,2600,980,1
2018/03/28,970,985,970,981,3300,981,1
2018/03/29,996,996,991,995,2100,995,1
2018/03/30,999,1020,999,1020,3800,1020,1
2018/04/02,1010,1010,1010,1010,200,1010,1
2018/04/03,987,988,987,988,700,988,1
2018/04/04,999,999,999,999,100,999,1
2018/04/05,995,1007,995,1000,2100,1000,1
2018/04/06,1009,1009,984,1008,1700,1008,1
2018/04/09,988,1000,988,1000,700,1000,1
2018/04/10,998,998,991,991,400,991,1
2018/04/11,990,998,990,998,600,998,1
2018/04/12,992,999,992,999,300,999,1
2018/04/16,990,996,990,995,1000,995,1
2018/04/17,994,995,990,995,800,995,1
2018/04/18,982,995,981,994,1300,994,1
2018/04/19,985,985,980,980,200,980,1
2018/04/20,975,979,970,979,3000,979,1
2018/04/23,979,994,979,989,5500,989,1
2018/04/24,989,993,985,985,900,985,1
2018/04/25,993,997,985,997,1800,997,1
2018/04/26,995,995,995,995,200,995,1
2018/04/27,997,999,997,999,1600,999,1
2018/05/01,984,998,983,990,1600,990,1
2018/05/02,990,997,985,995,700,995,1
2018/05/07,995,1000,995,1000,1600,1000,1
2018/05/08,1000,1000,996,996,400,996,1
2018/05/09,999,1000,990,1000,600,1000,1
2018/05/11,1000,1000,985,1000,1900,1000,1
2018/05/14,1000,1015,1000,1015,17400,1015,1
2018/05/15,1020,1050,1020,1035,13200,1035,1
2018/05/16,1011,1035,1007,1007,7500,1007,1
2018/05/17,1031,1050,1008,1026,21500,1026,1
2018/05/18,1026,1050,1003,1011,21300,1011,1
2018/05/21,1015,1020,1011,1012,5000,1012,1
2018/05/22,1012,1019,1012,1013,1500,1013,1
2018/05/23,1019,1019,1010,1018,2400,1018,1
2018/05/24,1010,1020,1005,1020,3300,1020,1
2018/05/25,1012,1014,1012,1014,2500,1014,1
2018/05/28,1030,1034,1012,1012,3000,1012,1
2018/05/29,1012,1028,1008,1015,19100,1015,1
2018/05/30,1010,1026,999,1008,8600,1008,1
2018/05/31,1000,1030,1000,1028,6500,1028,1
2018/06/01,1000,1000,995,995,3700,995,1
2018/06/04,991,991,980,986,2300,986,1
2018/06/05,985,985,985,985,800,985,1
2018/06/06,991,1000,991,1000,2300,1000,1
2018/06/07,1000,1007,999,1003,2800,1003,1
2018/06/08,1017,1017,1005,1005,1400,1005,1
2018/06/11,1005,1005,1003,1005,1200,1005,1
2018/06/13,1015,1015,1003,1005,3900,1005,1
2018/06/14,1004,1005,1003,1005,3900,1005,1
2018/06/15,1004,1005,1002,1002,1500,1002,1
2018/06/18,1003,1003,1003,1003,1100,1003,1
2018/06/19,1013,1014,1001,1014,900,1014,1
2018/06/20,1001,1013,998,1013,1300,1013,1
2018/06/21,1008,1010,997,1010,1000,1010,1
2018/06/22,992,1000,992,1000,1300,1000,1
2018/06/25,992,992,982,982,3000,982,1
2018/06/26,982,995,966,995,6100,995,1
2018/06/27,995,1005,995,1005,300,1005,1
2018/06/28,1004,1004,1004,1004,10400,1004,1
2018/06/29,990,1000,990,1000,1100,1000,1
2018/07/02,1005,1005,981,981,1600,981,1
2018/07/03,980,999,977,992,1700,992,1
2018/07/04,992,992,992,992,200,992,1
2018/07/05,993,993,985,992,2100,992,1
2018/07/06,988,994,981,994,2200,994,1
2018/07/09,985,995,977,995,3500,995,1
2018/07/10,1000,1000,996,1000,3700,1000,1
2018/07/11,1000,1000,995,1000,3400,1000,1
2018/07/12,1000,1000,990,990,3800,990,1
2018/07/13,997,998,985,998,800,998,1
2018/07/17,998,1004,998,1003,3600,1003,1
2018/07/18,1003,1009,998,1009,4200,1009,1
2018/07/19,1007,1009,980,985,7500,985,1
2018/07/20,978,988,975,980,6300,980,1
2018/07/23,980,991,975,986,3000,986,1
2018/07/24,994,996,976,993,3200,993,1
2018/07/25,998,1001,989,989,3100,989,1
2018/07/26,992,1001,992,998,4400,998,1
2018/07/27,990,990,990,990,100,990,1
2018/07/30,1003,1003,1000,1003,9700,1003,1
2018/07/31,1010,1010,989,996,11900,996,1
2018/08/01,995,1007,993,1001,8500,1001,1
2018/08/02,998,998,994,998,2500,998,1
2018/08/03,995,995,977,977,4200,977,1
2018/08/06,977,982,977,982,1800,982,1
2018/08/07,975,981,975,980,2000,980,1
2018/08/08,980,980,977,977,1300,977,1
2018/08/09,980,980,980,980,100,980,1
2018/08/10,980,980,979,979,1600,979,1
2018/08/13,975,975,951,960,6600,960,1
2018/08/14,955,960,955,955,1700,955,1
