2011/03/03,1382.5,1470.0,1262.5,1277.5,641100,1277.5,4.0
2011/03/04,1277.5,1407.5,1277.5,1350.0,255700,1350,4.0
2011/03/07,1397.5,1420.0,1357.5,1392.5,109800,1392.5,4.0
2011/03/08,1390.0,1430.0,1325.0,1337.5,93800,1337.5,4.0
2011/03/09,1352.5,1360.0,1220.0,1221.25,56200,1221.25,4.0
2011/03/10,1168.75,1168.75,1046.25,1046.25,131200,1046.25,4.0
2011/03/11,1017.5,1098.75,1015.0,1050.0,45800,1050,4.0
2011/03/14,875.0,885.0,875.0,875.0,15900,875,4.0
2011/03/15,752.5,762.5,700.0,700.0,27600,700,4.0
2011/03/16,762.5,825.0,755.0,817.5,37900,817.5,4.0
2011/03/17,775.0,895.0,775.0,887.5,12100,887.5,4.0
2011/03/18,950.0,986.25,937.5,957.5,18500,957.5,4.0
2011/03/22,1060.0,1060.0,1000.0,1000.0,16300,1000,4.0
2011/03/23,1000.0,1017.5,950.0,980.0,10700,980,4.0
2011/03/24,997.5,1000.0,950.0,987.5,8400,987.5,4.0
2011/03/25,987.5,1010.0,953.75,1000.0,12600,1000,4.0
2011/03/28,1000.0,1025.0,997.5,1000.0,4700,1000,4.0
2011/03/29,995.0,995.0,953.75,988.75,2500,988.75,4.0
2011/03/30,1001.25,1010.0,995.0,996.25,9500,996.25,4.0
2011/03/31,1000.0,1002.5,970.0,1000.0,6300,1000,4.0
2011/04/01,1006.25,1006.25,957.5,998.75,8600,998.75,4.0
2011/04/04,1001.25,1002.5,1000.0,1002.5,4900,1002.5,4.0
2011/04/05,1025.0,1025.0,976.25,1000.0,4300,1000,4.0
2011/04/06,985.0,1000.0,962.5,962.5,2800,962.5,4.0
2011/04/07,962.5,1002.5,962.5,1000.0,5900,1000,4.0
2011/04/08,1000.0,1000.0,976.25,1000.0,3100,1000,4.0
2011/04/11,1000.0,1000.0,982.5,1000.0,2400,1000,4.0
2011/04/12,1000.0,1000.0,976.25,1000.0,2400,1000,4.0
2011/04/13,1000.0,1015.0,1000.0,1000.0,5600,1000,4.0
2011/04/14,985.0,998.75,975.0,980.0,2900,980,4.0
2011/04/15,995.0,1010.0,995.0,1000.0,3900,1000,4.0
2011/04/18,1000.0,1000.0,987.5,998.75,8000,998.75,4.0
2011/04/19,998.75,1000.0,987.5,987.5,8000,987.5,4.0
2011/04/20,1000.0,1000.0,987.5,995.0,3300,995,4.0
2011/04/21,1002.5,1025.0,1000.0,1012.5,3600,1012.5,4.0
2011/04/22,1003.75,1003.75,1000.0,1000.0,1700,1000,4.0
2011/04/25,995.0,1001.25,982.5,1000.0,2800,1000,4.0
2011/04/26,1000.0,1007.5,1000.0,1001.25,1300,1001.25,4.0
2011/04/27,1036.25,1042.5,1000.0,1000.0,3600,1000,4.0
2011/04/28,1000.0,1002.5,987.5,1000.0,2000,1000,4.0
2011/05/02,1017.5,1020.0,1000.0,1016.25,600,1016.25,4.0
2011/05/06,1000.0,1005.0,996.25,996.25,400,996.25,4.0
2011/05/09,1002.5,1002.5,997.5,1000.0,1300,1000,4.0
2011/05/10,987.5,991.25,960.0,975.0,1400,975,4.0
2011/05/11,985.0,1000.0,962.5,997.5,3500,997.5,4.0
2011/05/12,987.5,987.5,962.5,962.5,1600,962.5,4.0
2011/05/13,962.5,962.5,941.25,960.0,1000,960,4.0
2011/05/16,937.5,937.5,865.0,915.0,2200,915,4.0
2011/05/17,900.0,900.0,840.0,862.5,1600,862.5,4.0
2011/05/18,872.5,872.5,855.0,857.5,600,857.5,4.0
2011/05/19,857.5,857.5,832.5,856.25,600,856.25,4.0
2011/05/20,838.75,838.75,838.75,838.75,100,838.75,4.0
2011/05/23,826.25,826.25,823.75,825.0,1900,825,4.0
2011/05/24,802.5,802.5,790.0,800.0,1100,800,4.0
2011/05/25,800.0,830.0,800.0,825.0,2200,825,4.0
2011/05/26,825.0,826.25,825.0,825.0,900,825,4.0
2011/05/27,826.25,826.25,782.5,806.25,1900,806.25,4.0
2011/05/30,825.0,825.0,825.0,825.0,200,825,4.0
2011/06/01,825.0,825.0,812.5,812.5,300,812.5,4.0
2011/06/02,812.5,812.5,810.0,810.0,500,810,4.0
2011/06/03,812.5,812.5,812.5,812.5,100,812.5,4.0
2011/06/06,825.0,825.0,820.0,820.0,200,820,4.0
2011/06/07,820.0,825.0,820.0,825.0,300,825,4.0
2011/06/08,815.0,815.0,807.5,807.5,400,807.5,4.0
2011/06/09,812.5,812.5,790.0,790.0,1300,790,4.0
2011/06/10,820.0,822.5,812.5,822.5,400,822.5,4.0
2011/06/13,822.5,822.5,792.5,792.5,2300,792.5,4.0
2011/06/14,797.5,797.5,780.0,780.0,400,780,4.0
2011/06/15,786.25,786.25,770.0,770.0,900,770,4.0
2011/06/16,770.0,770.0,740.0,740.0,600,740,4.0
2011/06/17,737.5,737.5,736.25,736.25,300,736.25,4.0
2011/06/20,725.0,725.0,717.5,720.0,800,720,4.0
2011/06/21,723.75,723.75,710.0,715.0,600,715,4.0
2011/06/22,710.75,713.5,710.0,713.25,1000,713.25,4.0
2011/06/23,700.0,700.25,690.0,690.0,1900,690,4.0
2011/06/24,677.5,680.0,662.25,663.25,6000,663.25,4.0
2011/06/27,666.0,687.5,662.5,677.5,2500,677.5,4.0
2011/06/28,687.5,712.5,682.75,687.75,2000,687.75,4.0
2011/06/29,700.0,700.0,687.5,700.0,1400,700,4.0
2011/06/30,710.0,721.25,707.5,707.5,2400,707.5,4.0
2011/07/01,703.25,713.75,703.25,713.25,2000,713.25,4.0
2011/07/04,725.75,737.5,700.25,722.5,2200,722.5,4.0
2011/07/05,722.5,722.5,700.0,700.0,1300,700,4.0
2011/07/06,712.0,737.5,711.75,721.25,700,721.25,4.0
2011/07/07,720.0,720.0,708.5,720.0,1600,720,4.0
2011/07/08,845.0,845.0,845.0,845.0,1700,845,4.0
2011/07/11,1020.0,1020.0,1020.0,1020.0,3600,1020,4.0
2011/07/12,1020.0,1162.5,996.25,1090.0,59600,1090,4.0
2011/07/13,1107.5,1107.5,1050.0,1076.25,8200,1076.25,4.0
2011/07/14,1036.25,1047.5,1005.0,1018.75,8100,1018.75,4.0
2011/07/15,1015.0,1048.75,1015.0,1035.0,2700,1035,4.0
2011/07/19,1030.0,1031.25,972.5,1000.0,6000,1000,4.0
2011/07/20,1026.25,1026.25,973.75,977.5,3000,977.5,4.0
2011/07/21,980.0,995.0,962.5,970.0,3400,970,4.0
2011/07/22,957.5,960.0,925.0,925.0,8500,925,4.0
2011/07/25,938.75,947.5,925.0,947.5,1200,947.5,4.0
2011/07/26,956.25,960.0,937.5,957.5,2400,957.5,4.0
2011/07/27,965.0,965.0,950.0,961.25,1100,961.25,4.0
2011/07/28,975.0,998.75,965.0,976.25,5500,976.25,4.0
2011/07/29,977.5,988.75,947.5,955.0,3000,955,4.0
2011/08/01,950.0,975.0,950.0,975.0,1300,975,4.0
2011/08/02,962.5,965.0,951.25,953.75,1000,953.75,4.0
2011/08/03,950.0,956.25,935.0,956.25,1600,956.25,4.0
2011/08/04,942.5,950.0,940.0,940.0,1700,940,4.0
2011/08/05,925.0,925.0,900.0,925.0,3900,925,4.0
2011/08/08,910.0,910.0,900.0,905.0,1600,905,4.0
2011/08/09,835.0,867.5,775.0,845.0,3100,845,4.0
2011/08/10,932.5,932.5,862.5,902.5,700,902.5,4.0
2011/08/11,862.5,872.5,851.25,872.5,1100,872.5,4.0
2011/08/12,901.25,942.5,900.0,940.0,1300,940,4.0
2011/08/15,915.0,940.0,912.5,940.0,600,940,4.0
2011/08/16,940.0,940.0,937.5,937.5,500,937.5,4.0
2011/08/17,937.5,937.5,937.5,937.5,200,937.5,4.0
2011/08/18,942.5,970.0,925.0,970.0,4100,970,4.0
2011/08/19,987.5,990.0,970.0,990.0,2400,990,4.0
2011/08/22,990.0,990.0,937.5,950.0,2400,950,4.0
2011/08/23,967.5,967.5,950.0,967.5,2600,967.5,4.0
2011/08/24,967.5,975.0,950.0,962.5,2000,962.5,4.0
2011/08/25,967.5,972.5,950.0,950.0,1300,950,4.0
2011/08/26,961.25,962.5,950.0,961.25,2700,961.25,4.0
2011/08/29,955,955,890,890,5300,890,1
2011/08/30,898,909,870,900,4700,900,1
2011/08/31,909,910,900,900,1900,900,1
2011/09/01,900,900,875,899,1100,899,1
2011/09/02,900,903,883,898,800,898,1
2011/09/05,876,876,850,855,3200,855,1
2011/09/06,832,832,815,830,3100,830,1
2011/09/07,815,820,765,810,9000,810,1
2011/09/08,819,820,810,810,2300,810,1
2011/09/09,823,829,800,829,3700,829,1
2011/09/12,835,835,817,835,2300,835,1
2011/09/13,850,850,831,840,1400,840,1
2011/09/14,860,861,855,855,3200,855,1
2011/09/15,879,980,879,940,9300,940,1
2011/09/16,943,960,915,950,9600,950,1
2011/09/20,951,952,945,951,5200,951,1
2011/09/21,955,959,952,952,1900,952,1
2011/09/22,951,951,946,946,3200,946,1
2011/09/26,950,950,922,939,2800,939,1
2011/09/27,949,949,920,930,2100,930,1
2011/09/28,934,934,922,922,600,922,1
2011/09/29,901,901,900,900,1500,900,1
2011/09/30,899,900,870,885,1000,885,1
2011/10/03,855,855,825,825,300,825,1
2011/10/04,835,835,810,811,1500,811,1
2011/10/05,800,839,765,820,2500,820,1
2011/10/06,790,815,790,805,1900,805,1
2011/10/07,820,820,820,820,100,820,1
2011/10/11,823,830,820,820,1100,820,1
2011/10/12,805,805,787,800,1800,800,1
2011/10/13,800,819,800,815,1000,815,1
2011/10/14,815,815,792,792,1500,792,1
2011/10/17,788,788,750,776,2500,776,1
2011/10/18,776,776,761,765,600,765,1
2011/10/19,756,780,750,750,3000,750,1
2011/10/20,746,780,746,751,1700,751,1
2011/10/21,766,766,720,720,1700,720,1
2011/10/24,728,749,700,749,4700,749,1
2011/10/25,758,769,758,765,300,765,1
2011/10/26,780,780,751,766,1000,766,1
2011/10/27,766,767,766,766,1100,766,1
2011/10/28,774,780,768,768,2500,768,1
2011/10/31,742,746,712,740,3900,740,1
2011/11/01,714,770,714,733,1100,733,1
2011/11/02,734,738,725,725,900,725,1
2011/11/04,720,724,703,703,3100,703,1
2011/11/07,703,705,687,703,3500,703,1
2011/11/08,688,705,678,678,2200,678,1
2011/11/09,669,669,662,662,1400,662,1
2011/11/10,662,662,652,652,1500,652,1
2011/11/11,656,659,654,658,1100,658,1
2011/11/14,658,660,650,651,2500,651,1
2011/11/15,650,659,645,645,2600,645,1
2011/11/16,642,644,618,644,4400,644,1
2011/11/17,614,624,614,616,1700,616,1
2011/11/18,612,612,592,597,3700,597,1
2011/11/21,595,595,581,581,3700,581,1
2011/11/22,580,581,570,570,2500,570,1
2011/11/24,565,565,524,528,8300,528,1
2011/11/25,528,600,528,600,4200,600,1
2011/11/28,570,608,570,591,2800,591,1
2011/11/29,606,630,600,619,5700,619,1
2011/11/30,619,675,619,675,7100,675,1
2011/12/01,690,700,660,670,3900,670,1
2011/12/02,670,697,670,673,2500,673,1
2011/12/05,674,684,650,653,2400,653,1
2011/12/06,653,653,630,638,2600,638,1
2011/12/07,631,660,631,650,3300,650,1
2011/12/08,655,660,636,639,1800,639,1
2011/12/09,619,650,619,621,5700,621,1
2011/12/12,665,665,622,623,1800,623,1
2011/12/13,623,625,614,614,2400,614,1
2011/12/14,615,620,602,620,2200,620,1
2011/12/15,629,629,607,608,2600,608,1
2011/12/16,610,612,609,610,1300,610,1
2011/12/19,610,610,580,594,2600,594,1
2011/12/20,581,590,571,590,3100,590,1
2011/12/21,585,660,585,650,7900,650,1
2011/12/22,652,652,620,622,2600,622,1
2011/12/26,622,650,608,620,3600,620,1
2011/12/27,620,623,601,602,2100,602,1
2011/12/28,600,601,600,601,600,601,1
2011/12/29,611,611,596,611,1400,611,1
2011/12/30,610,616,610,616,300,616,1
2012/01/04,626,651,626,650,3300,650,1
2012/01/05,630,650,630,637,600,637,1
2012/01/06,644,668,644,667,1400,667,1
2012/01/10,667,667,665,665,400,665,1
2012/01/11,669,674,648,648,3600,648,1
2012/01/12,638,638,630,630,2300,630,1
2012/01/13,646,646,630,635,800,635,1
2012/01/16,648,650,630,630,1400,630,1
2012/01/17,630,636,620,636,3200,636,1
2012/01/18,626,626,620,620,800,620,1
2012/01/19,640,640,609,619,4200,619,1
2012/01/20,617,617,590,590,4200,590,1
2012/01/23,610,610,590,590,3200,590,1
2012/01/24,599,600,599,600,800,600,1
2012/01/25,600,600,600,600,200,600,1
2012/01/26,600,600,599,599,2400,599,1
2012/01/27,600,600,583,587,1600,587,1
2012/01/30,588,592,580,580,1700,580,1
2012/01/31,590,590,580,580,900,580,1
2012/02/01,580,680,580,677,12300,677,1
2012/02/02,677,677,651,651,5600,651,1
2012/02/03,635,638,630,630,1400,630,1
2012/02/06,630,640,625,640,800,640,1
2012/02/07,647,647,645,645,800,645,1
2012/02/08,655,655,630,630,500,630,1
2012/02/09,610,620,590,605,15200,605,1
2012/02/10,607,615,604,604,2200,604,1
2012/02/13,614,614,607,614,2900,614,1
2012/02/14,610,638,610,638,3500,638,1
2012/02/15,623,623,600,611,6200,611,1
2012/02/16,613,615,601,603,2200,603,1
2012/02/17,601,601,576,580,36100,580,1
2012/02/20,580,584,575,580,19100,580,1
2012/02/21,580,580,574,578,7700,578,1
2012/02/22,580,580,576,576,6000,576,1
2012/02/23,580,580,570,579,13600,579,1
2012/02/24,580,581,575,581,23100,581,1
2012/02/27,584,603,578,586,38000,586,1
2012/02/28,590,590,579,580,9300,580,1
2012/02/29,580,584,577,580,8300,580,1
2012/03/01,580,580,568,568,16000,568,1
2012/03/02,564,570,564,570,3600,570,1
2012/03/05,575,575,570,572,2600,572,1
2012/03/06,573,573,569,570,3200,570,1
2012/03/07,560,566,557,565,6100,565,1
2012/03/08,565,567,562,566,2400,566,1
2012/03/09,566,566,561,562,4400,562,1
2012/03/12,566,572,566,571,4400,571,1
2012/03/13,575,579,569,570,6000,570,1
2012/03/14,577,580,572,580,18000,580,1
2012/03/15,580,580,571,571,10900,571,1
2012/03/16,571,580,571,580,7000,580,1
2012/03/19,580,581,575,580,32100,580,1
2012/03/21,581,586,580,586,18200,586,1
2012/03/22,590,630,589,620,59300,620,1
2012/03/23,670,720,670,720,103800,720,1
2012/03/26,825,855,660,693,360400,693,1
2012/03/27,673,681,630,650,85100,650,1
2012/03/28,631,650,615,646,55400,646,1
2012/03/29,628,635,608,616,39700,616,1
2012/03/30,616,629,616,624,18900,624,1
2012/04/02,623,637,614,615,22500,615,1
2012/04/03,611,611,590,598,68500,598,1
2012/04/04,597,597,581,582,16500,582,1
2012/04/05,582,582,572,577,10900,577,1
2012/04/06,580,586,575,586,10600,586,1
2012/04/09,586,595,580,587,6100,587,1
2012/04/10,585,589,578,585,7800,585,1
2012/04/11,578,580,572,575,11300,575,1
2012/04/12,570,570,565,570,13500,570,1
2012/04/13,570,570,568,570,11000,570,1
2012/04/16,570,570,559,560,8900,560,1
2012/04/17,560,567,560,561,4900,561,1
2012/04/18,562,567,560,560,7200,560,1
2012/04/19,560,560,546,550,37200,550,1
2012/04/20,550,551,543,549,13600,549,1
2012/04/23,548,559,544,548,20600,548,1
2012/04/24,549,552,546,549,17800,549,1
2012/04/25,548,548,535,541,24700,541,1
2012/04/26,545,545,537,543,10000,543,1
2012/04/27,543,543,537,542,13300,542,1
2012/05/01,540,544,535,538,12900,538,1
2012/05/02,536,536,530,532,10100,532,1
2012/05/07,527,527,505,507,22400,507,1
2012/05/08,501,517,500,506,12000,506,1
2012/05/09,506,506,486,490,28400,490,1
2012/05/10,485,490,475,481,22200,481,1
2012/05/11,484,499,461,461,23300,461,1
2012/05/14,460,469,440,440,38900,440,1
2012/05/15,401,416,395,409,54000,409,1
2012/05/16,405,416,400,411,12200,411,1
2012/05/17,407,420,407,412,9200,412,1
2012/05/18,399,400,395,395,27900,395,1
2012/05/21,399,400,392,397,18500,397,1
2012/05/22,400,400,395,395,26100,395,1
2012/05/23,397,397,370,380,29300,380,1
2012/05/24,373,382,373,382,7800,382,1
2012/05/25,414,462,380,383,802400,383,1
2012/05/28,400,430,389,423,236100,423,1
2012/05/29,439,448,412,412,224600,412,1
2012/05/30,415,419,394,404,79500,404,1
2012/05/31,392,401,387,396,42800,396,1
2012/06/01,399,406,392,392,41300,392,1
2012/06/04,387,391,382,383,40000,383,1
2012/06/05,390,400,386,400,28800,400,1
2012/06/06,405,407,400,400,25200,400,1
2012/06/07,411,415,406,411,27400,411,1
2012/06/08,415,450,415,430,103400,430,1
2012/06/11,444,461,440,461,58800,461,1
2012/06/12,453,513,448,488,109200,488,1
2012/06/13,492,496,453,468,76300,468,1
2012/06/14,467,467,439,452,55200,452,1
2012/06/15,452,460,434,439,39400,439,1
2012/06/18,435,460,431,434,41600,434,1
2012/06/19,432,435,422,430,36000,430,1
2012/06/20,435,442,433,441,18500,441,1
2012/06/21,436,444,434,436,31700,436,1
2012/06/22,432,444,432,443,19200,443,1
2012/06/25,447,448,437,440,17700,440,1
2012/06/26,438,438,413,423,47500,423,1
2012/06/27,427,427,405,416,41600,416,1
2012/06/28,418,435,406,420,38200,420,1
2012/06/29,421,423,416,417,16000,417,1
2012/07/02,420,435,420,430,27400,430,1
2012/07/03,431,440,430,439,24200,439,1
2012/07/04,440,445,437,442,21200,442,1
2012/07/05,442,443,436,441,18500,441,1
2012/07/06,443,444,434,439,22200,439,1
2012/07/09,437,437,425,435,19800,435,1
2012/07/10,433,433,426,430,10500,430,1
2012/07/11,428,431,423,431,11900,431,1
2012/07/12,431,431,422,423,9800,423,1
2012/07/13,423,431,423,431,8800,431,1
2012/07/17,430,434,427,430,9200,430,1
2012/07/18,430,431,423,424,10400,424,1
2012/07/19,424,429,416,417,12700,417,1
2012/07/20,417,425,413,413,10400,413,1
2012/07/23,413,418,407,410,8500,410,1
2012/07/24,410,410,394,397,29700,397,1
2012/07/25,381,392,381,382,29600,382,1
2012/07/26,390,400,386,393,10400,393,1
2012/07/27,393,401,393,400,8700,400,1
2012/07/30,403,410,401,405,8300,405,1
2012/07/31,405,412,404,406,7000,406,1
2012/08/01,409,410,405,409,6500,409,1
2012/08/02,409,409,400,408,12400,408,1
2012/08/03,407,407,393,400,14800,400,1
2012/08/06,400,406,400,406,9400,406,1
2012/08/07,406,406,392,400,11300,400,1
2012/08/08,405,411,405,411,10800,411,1
2012/08/09,404,411,395,409,10200,409,1
2012/08/10,409,416,409,414,9100,414,1
2012/08/13,414,424,411,419,19500,419,1
2012/08/14,418,421,399,402,37700,402,1
2012/08/15,406,409,399,404,14000,404,1
2012/08/16,404,409,402,405,10600,405,1
2012/08/17,407,411,406,410,10100,410,1
2012/08/20,411,414,410,412,8300,412,1
2012/08/21,414,419,412,419,9400,419,1
2012/08/22,422,434,421,430,18700,430,1
2012/08/23,426,433,425,431,12600,431,1
2012/08/24,427,430,423,429,8200,429,1
2012/08/27,429,432,421,426,10700,426,1
2012/08/28,426,430,422,422,8100,422,1
2012/08/29,421,430,421,430,9500,430,1
2012/08/30,430,445,430,442,26200,442,1
2012/08/31,440,445,435,438,22500,438,1
2012/09/03,440,440,415,430,11400,430,1
2012/09/04,422,428,418,424,9500,424,1
2012/09/05,420,424,404,414,9100,414,1
2012/09/06,413,413,399,412,5400,412,1
2012/09/07,408,412,402,410,5400,410,1
2012/09/10,402,414,402,413,5900,413,1
2012/09/11,413,416,410,413,2600,413,1
2012/09/12,413,416,410,415,2100,415,1
2012/09/13,415,418,415,417,2300,417,1
2012/09/14,415,420,410,419,7000,419,1
2012/09/18,414,420,413,417,7500,417,1
2012/09/19,418,418,410,414,6700,414,1
2012/09/20,414,414,403,409,7500,409,1
2012/09/21,410,410,402,407,3600,407,1
2012/09/24,407,413,405,410,8800,410,1
2012/09/25,405,413,405,413,3400,413,1
2012/09/26,407,409,405,405,2900,405,1
2012/09/27,409,410,402,408,1200,408,1
2012/09/28,404,409,401,407,2400,407,1
2012/10/01,403,408,403,407,2300,407,1
2012/10/02,402,413,401,411,4900,411,1
2012/10/03,411,411,403,409,2800,409,1
2012/10/04,409,409,397,408,5100,408,1
2012/10/05,403,408,400,406,3100,406,1
2012/10/09,406,414,403,410,2300,410,1
2012/10/10,402,402,397,402,6300,402,1
2012/10/11,400,407,400,407,2200,407,1
2012/10/12,401,405,400,404,1200,404,1
2012/10/15,401,417,401,415,6000,415,1
2012/10/16,413,419,407,416,5000,416,1
2012/10/17,415,418,410,416,6000,416,1
2012/10/18,413,419,413,419,2100,419,1
2012/10/19,420,426,412,424,6300,424,1
2012/10/22,424,433,419,432,6300,432,1
2012/10/23,430,430,415,421,7700,421,1
2012/10/24,420,424,415,422,1900,422,1
2012/10/25,422,422,418,418,200,418,1
2012/10/26,410,424,407,424,6100,424,1
2012/10/29,420,429,413,425,2200,425,1
2012/10/30,420,425,408,424,4600,424,1
2012/10/31,424,425,415,423,1000,423,1
2012/11/01,412,424,411,418,2100,418,1
2012/11/02,417,418,413,418,900,418,1
2012/11/05,417,420,415,420,1000,420,1
2012/11/06,420,450,420,427,22400,427,1
2012/11/07,428,435,426,433,9800,433,1
2012/11/08,429,429,422,429,3200,429,1
2012/11/09,421,429,414,429,7400,429,1
2012/11/12,408,414,401,408,6500,408,1
2012/11/13,402,409,400,409,7600,409,1
2012/11/14,403,405,400,405,6300,405,1
2012/11/15,402,403,400,401,3500,401,1
2012/11/16,406,406,400,400,3300,400,1
2012/11/19,406,406,400,405,1700,405,1
2012/11/20,405,406,404,406,1400,406,1
2012/11/21,406,409,403,405,7000,405,1
2012/11/22,405,409,403,408,3300,408,1
2012/11/26,405,412,404,412,5400,412,1
2012/11/27,413,413,410,412,1900,412,1
2012/11/28,412,412,406,411,2800,411,1
2012/11/29,414,419,411,419,2900,419,1
2012/11/30,418,419,414,419,3800,419,1
2012/12/03,413,419,413,419,4200,419,1
2012/12/04,420,420,414,417,7400,417,1
2012/12/05,416,418,413,418,2200,418,1
2012/12/06,410,416,410,415,5500,415,1
2012/12/07,413,418,413,415,5200,415,1
2012/12/10,417,420,413,419,10500,419,1
2012/12/11,414,420,414,419,3500,419,1
2012/12/12,420,428,418,423,9500,423,1
2012/12/13,423,430,419,429,6600,429,1
2012/12/14,430,430,423,427,1400,427,1
2012/12/17,430,430,410,423,9100,423,1
2012/12/18,423,423,416,420,1400,420,1
2012/12/19,416,423,412,422,11900,422,1
2012/12/20,426,426,412,419,6300,419,1
2012/12/21,418,421,412,419,4300,419,1
2012/12/25,416,418,410,417,5700,417,1
2012/12/26,411,419,411,414,2600,414,1
2012/12/27,418,420,414,419,3600,419,1
2012/12/28,422,426,416,426,7600,426,1
2013/01/04,426,430,425,428,5500,428,1
2013/01/07,427,430,425,429,8300,429,1
2013/01/08,432,439,428,439,9600,439,1
2013/01/09,440,442,432,442,7500,442,1
2013/01/10,444,445,440,440,12400,440,1
2013/01/11,440,445,430,443,12400,443,1
2013/01/15,445,445,438,443,8100,443,1
2013/01/16,445,448,440,441,15700,441,1
2013/01/17,440,448,426,441,23300,441,1
2013/01/18,445,447,441,446,7000,446,1
2013/01/21,449,475,445,474,20300,474,1
2013/01/22,490,490,479,484,25300,484,1
2013/01/23,488,492,480,488,17800,488,1
2013/01/24,488,488,478,486,3600,486,1
2013/01/25,484,484,471,473,20300,473,1
2013/01/28,474,482,469,470,12800,470,1
2013/01/29,470,483,470,478,5000,478,1
2013/01/30,478,483,478,480,3000,480,1
2013/01/31,482,486,472,482,5800,482,1
2013/02/01,483,486,483,485,8000,485,1
2013/02/04,489,490,471,484,16600,484,1
2013/02/05,484,486,470,475,15000,475,1
2013/02/06,472,473,460,468,14500,468,1
2013/02/07,463,466,460,466,7100,466,1
2013/02/08,458,466,458,466,3300,466,1
2013/02/12,460,461,441,458,22300,458,1
2013/02/13,455,455,434,439,18100,439,1
2013/02/14,431,436,429,436,7800,436,1
2013/02/15,431,433,420,427,10100,427,1
2013/02/18,424,434,422,434,11300,434,1
2013/02/19,445,445,434,441,7000,441,1
2013/02/20,441,442,436,442,3500,442,1
2013/02/21,443,443,439,440,3500,440,1
2013/02/22,440,444,438,442,11400,442,1
2013/02/25,443,449,440,448,12400,448,1
2013/02/26,432,449,430,445,15300,445,1
2013/02/27,449,449,444,447,3000,447,1
2013/02/28,450,453,448,453,1900,453,1
2013/03/01,453,460,446,458,6000,458,1
2013/03/04,459,459,453,454,7300,454,1
2013/03/05,458,462,455,460,9300,460,1
2013/03/06,471,480,470,473,18600,473,1
2013/03/07,479,480,470,480,13200,480,1
2013/03/08,482,482,472,478,5400,478,1
2013/03/11,474,478,472,477,9700,477,1
2013/03/12,476,479,474,474,4700,474,1
2013/03/13,472,475,472,475,4200,475,1
2013/03/14,475,477,472,475,5400,475,1
2013/03/15,478,479,473,475,5900,475,1
2013/03/18,474,476,473,474,6700,474,1
2013/03/19,476,478,472,478,8900,478,1
2013/03/21,482,485,480,483,21400,483,1
2013/03/22,482,484,478,480,8200,480,1
2013/03/25,480,482,469,476,19300,476,1
2013/03/26,468,474,468,471,17600,471,1
2013/03/27,466,466,455,465,13300,465,1
2013/03/28,460,463,455,463,7100,463,1
2013/03/29,460,460,453,460,4200,460,1
2013/04/01,453,453,430,435,23700,435,1
2013/04/02,427,450,427,448,18800,448,1
2013/04/03,448,451,448,449,2600,449,1
2013/04/04,450,450,443,450,3000,450,1
2013/04/05,451,458,450,454,5300,454,1
2013/04/08,459,459,446,455,6200,455,1
2013/04/09,457,457,444,446,13000,446,1
2013/04/10,450,450,445,446,7700,446,1
2013/04/11,447,450,447,447,2700,447,1
2013/04/12,450,450,440,441,20100,441,1
2013/04/15,443,449,440,449,17300,449,1
2013/04/16,444,448,440,447,13600,447,1
2013/04/17,449,457,444,457,15300,457,1
2013/04/18,453,460,450,454,15500,454,1
2013/04/19,459,460,451,456,11600,456,1
2013/04/22,465,467,458,461,15800,461,1
2013/04/23,469,511,463,494,62300,494,1
2013/04/24,510,510,470,483,38500,483,1
2013/04/25,480,485,474,485,22500,485,1
2013/04/26,485,485,473,477,12800,477,1
2013/04/30,486,490,473,486,20000,486,1
2013/05/01,487,509,487,505,27100,505,1
2013/05/02,500,500,495,495,8700,495,1
2013/05/07,501,506,499,503,22100,503,1
2013/05/08,507,556,507,556,59500,556,1
2013/05/09,565,632,556,574,93400,574,1
2013/05/10,604,604,566,580,30600,580,1
2013/05/13,510,530,510,518,61700,518,1
2013/05/14,518,518,484,502,60300,502,1
2013/05/15,505,506,491,491,17200,491,1
2013/05/16,499,499,465,486,34100,486,1
2013/05/17,490,500,472,495,15800,495,1
2013/05/20,510,534,500,532,32700,532,1
2013/05/21,534,540,522,524,30900,524,1
2013/05/22,534,538,523,523,7100,523,1
2013/05/23,520,522,499,499,23500,499,1
2013/05/24,496,520,496,496,16300,496,1
2013/05/27,514,514,494,498,6000,498,1
2013/05/28,491,497,489,497,4000,497,1
2013/05/29,497,505,497,500,5500,500,1
2013/05/30,500,500,490,490,7900,490,1
2013/05/31,500,500,488,490,4300,490,1
2013/06/03,495,498,486,497,4600,497,1
2013/06/04,487,490,487,489,1500,489,1
2013/06/05,490,490,483,490,3600,490,1
2013/06/06,484,492,477,477,6100,477,1
2013/06/07,450,460,440,452,18900,452,1
2013/06/10,488,489,461,483,6300,483,1
2013/06/11,486,495,475,480,3100,480,1
2013/06/12,471,492,461,488,8000,488,1
2013/06/13,472,473,470,472,1400,472,1
2013/06/14,480,497,480,480,1100,480,1
2013/06/17,488,490,480,488,6600,488,1
2013/06/18,483,483,480,480,500,480,1
2013/06/19,478,488,477,488,1900,488,1
2013/06/20,479,489,479,489,3000,489,1
2013/06/21,477,487,463,485,2400,485,1
2013/06/24,477,489,477,489,3200,489,1
2013/06/25,481,481,477,480,3000,480,1
2013/06/26,480,490,453,469,13100,469,1
2013/06/27,468,469,454,462,4100,462,1
2013/06/28,478,478,458,465,9100,465,1
2013/07/01,465,475,465,467,3800,467,1
2013/07/02,475,486,467,485,17200,485,1
2013/07/03,485,498,482,491,18300,491,1
2013/07/04,490,492,486,492,1400,492,1
2013/07/05,490,493,477,483,1800,483,1
2013/07/08,484,490,484,487,1700,487,1
2013/07/09,485,500,485,500,7700,500,1
2013/07/10,500,500,494,500,1900,500,1
2013/07/11,500,500,495,495,3000,495,1
2013/07/12,495,500,493,498,1200,498,1
2013/07/16,505,505,500,500,2400,500,1
2013/07/17,500,500,497,500,3900,500,1
2013/07/18,505,505,502,503,1200,503,1
2013/07/19,497,505,489,502,5700,502,1
2013/07/22,511,511,498,498,2800,498,1
2013/07/23,500,501,499,500,2700,500,1
2013/07/25,510,511,500,502,14000,502,1
2013/07/26,500,502,500,500,2000,500,1
2013/07/29,502,502,489,490,3500,490,1
2013/07/30,498,498,487,487,900,487,1
2013/07/31,481,510,481,494,11500,494,1
2013/08/01,502,504,490,499,3900,499,1
2013/08/02,502,502,496,500,5400,500,1
2013/08/05,503,512,498,506,7500,506,1
2013/08/06,510,510,501,508,1200,508,1
2013/08/07,498,500,483,500,2200,500,1
2013/08/08,501,501,501,501,200,501,1
2013/08/09,500,501,496,501,1700,501,1
2013/08/12,511,511,498,502,9800,502,1
2013/08/13,507,507,499,504,4700,504,1
2013/08/14,504,504,500,504,800,504,1
2013/08/15,495,504,491,492,2600,492,1
2013/08/16,492,501,492,501,2200,501,1
2013/08/19,509,510,496,500,1800,500,1
2013/08/20,508,525,502,520,24100,520,1
2013/08/21,510,515,510,510,5900,510,1
2013/08/22,510,518,506,510,7000,510,1
2013/08/23,500,510,500,507,8200,507,1
2013/08/26,513,513,508,508,4000,508,1
2013/08/27,505,508,504,504,2100,504,1
2013/08/28,504,514,501,510,4100,510,1
2013/08/29,509,509,490,506,8800,506,1
2013/08/30,498,502,495,502,3400,502,1
2013/09/02,499,512,498,503,13500,503,1
2013/09/03,511,511,502,507,3000,507,1
2013/09/04,505,512,505,512,800,512,1
2013/09/05,502,510,502,510,2800,510,1
2013/09/06,510,521,500,505,14800,505,1
2013/09/09,526,533,515,519,20500,519,1
2013/09/10,521,530,519,529,10800,529,1
2013/09/11,525,525,522,522,6400,522,1
2013/09/12,519,521,514,515,1900,515,1
2013/09/13,515,520,508,514,13300,514,1
2013/09/17,511,523,511,517,5900,517,1
2013/09/18,519,519,513,516,3200,516,1
2013/09/19,518,518,510,514,6500,514,1
2013/09/20,512,514,506,510,7500,510,1
2013/09/24,510,520,508,520,7000,520,1
2013/09/25,520,520,512,515,1900,515,1
2013/09/26,495,515,495,509,7400,509,1
2013/09/27,505,511,505,506,500,506,1
2013/09/30,504,508,498,506,4000,506,1
2013/10/01,506,508,500,500,2200,500,1
2013/10/02,500,505,490,490,10300,490,1
2013/10/03,498,506,495,501,3100,501,1
2013/10/04,500,505,500,504,700,504,1
2013/10/07,501,504,496,499,3300,499,1
2013/10/08,499,499,480,494,6700,494,1
2013/10/09,490,490,475,477,19900,477,1
2013/10/10,488,488,468,470,34300,470,1
2013/10/11,485,485,476,480,3400,480,1
2013/10/15,483,488,481,488,4800,488,1
2013/10/16,491,502,484,501,25500,501,1
2013/10/17,504,514,499,510,15000,510,1
2013/10/18,501,515,501,515,15400,515,1
2013/10/21,515,516,505,513,8500,513,1
2013/10/22,500,508,488,508,12900,508,1
2013/10/23,504,514,499,514,3900,514,1
2013/10/24,504,504,496,501,2900,501,1
2013/10/25,504,510,499,499,2500,499,1
2013/10/28,508,508,500,502,2800,502,1
2013/10/29,501,501,501,501,100,501,1
2013/10/30,506,508,490,502,6300,502,1
2013/10/31,498,501,498,501,500,501,1
2013/11/01,505,505,495,497,7000,497,1
2013/11/05,498,500,498,499,600,499,1
2013/11/06,500,504,498,503,900,503,1
2013/11/07,500,500,495,500,400,500,1
2013/11/08,500,503,490,503,7100,503,1
2013/11/11,508,510,495,496,5300,496,1
2013/11/12,496,504,494,504,4900,504,1
2013/11/13,508,515,504,506,14800,506,1
2013/11/14,504,506,500,506,3400,506,1
2013/11/15,506,506,503,503,2300,503,1
2013/11/18,507,510,507,510,9300,510,1
2013/11/19,504,515,504,514,10200,514,1
2013/11/20,514,519,508,508,6000,508,1
2013/11/21,508,517,508,517,300,517,1
2013/11/22,520,533,517,529,28400,529,1
2013/11/25,533,549,513,519,31700,519,1
2013/11/26,520,526,512,512,4200,512,1
2013/11/27,511,517,510,514,3300,514,1
2013/11/28,518,518,514,514,2100,514,1
2013/11/29,515,515,511,512,9700,512,1
2013/12/02,513,540,513,530,21000,530,1
2013/12/03,531,543,521,521,3600,521,1
2013/12/04,522,524,518,519,9400,519,1
2013/12/05,515,519,515,519,5400,519,1
2013/12/06,521,523,519,522,6800,522,1
2013/12/09,521,528,521,523,8700,523,1
2013/12/10,523,535,521,535,15700,535,1
2013/12/11,535,538,523,529,9400,529,1
2013/12/12,530,560,527,544,25800,544,1
2013/12/13,544,544,532,536,8400,536,1
2013/12/16,541,543,531,531,10900,531,1
2013/12/17,532,540,529,529,4700,529,1
2013/12/18,529,530,523,523,3100,523,1
2013/12/19,530,530,512,515,7200,515,1
2013/12/20,522,522,511,514,2500,514,1
2013/12/24,512,512,501,501,12800,501,1
2013/12/25,501,510,501,505,9400,505,1
2013/12/26,514,514,500,503,6200,503,1
2013/12/27,512,523,509,523,4300,523,1
2013/12/30,525,527,512,521,7200,521,1
2014/01/06,525,536,522,522,7600,522,1
2014/01/07,525,527,524,527,1500,527,1
2014/01/08,532,532,525,527,3700,527,1
2014/01/09,528,534,528,530,8300,530,1
2014/01/10,535,535,532,534,500,534,1
2014/01/14,540,541,534,535,5400,535,1
2014/01/15,541,545,539,545,5100,545,1
2014/01/16,543,547,540,547,2100,547,1
2014/01/17,547,549,541,544,1900,544,1
2014/01/20,549,551,542,549,17100,549,1
2014/01/21,549,555,542,551,7500,551,1
2014/01/22,551,555,543,550,7600,550,1
2014/01/23,554,554,542,544,10100,544,1
2014/01/24,542,550,539,544,6700,544,1
2014/01/27,538,538,519,527,12900,527,1
2014/01/28,520,530,520,530,7400,530,1
2014/01/29,534,540,534,539,2000,539,1
2014/01/30,537,537,520,530,6200,530,1
2014/01/31,529,529,529,529,100,529,1
2014/02/03,529,533,506,506,9200,506,1
2014/02/04,505,516,475,506,25400,506,1
2014/02/05,507,510,481,482,7100,482,1
2014/02/06,489,497,489,497,2200,497,1
2014/02/07,502,503,495,503,2600,503,1
2014/02/10,505,512,504,505,1900,505,1
2014/02/12,516,522,511,522,4800,522,1
2014/02/13,540,546,527,528,19800,528,1
2014/02/14,531,535,512,512,6100,512,1
2014/02/17,528,528,513,514,2500,514,1
2014/02/18,524,525,523,524,1200,524,1
2014/02/19,524,530,521,525,3100,525,1
2014/02/20,536,536,524,530,12000,530,1
2014/02/21,530,531,530,531,1100,531,1
2014/02/24,523,525,518,523,3600,523,1
2014/02/25,535,535,525,525,9400,525,1
2014/02/26,525,543,525,540,7900,540,1
2014/02/27,535,542,535,542,1500,542,1
2014/02/28,550,559,540,540,29500,540,1
2014/03/03,532,533,525,527,8600,527,1
2014/03/04,525,527,522,524,1200,524,1
2014/03/05,525,534,525,526,4500,526,1
2014/03/06,528,532,526,529,4100,529,1
2014/03/07,529,546,529,540,7100,540,1
2014/03/10,550,550,539,539,7800,539,1
2014/03/11,539,545,539,539,5100,539,1
2014/03/12,537,545,535,538,4500,538,1
2014/03/13,538,538,530,530,5600,530,1
2014/03/14,515,515,512,514,37200,514,1
2014/03/17,515,515,513,514,18900,514,1
2014/03/18,514,516,511,511,9700,511,1
2014/03/19,510,514,510,510,9700,510,1
2014/03/20,510,511,479,487,48500,487,1
2014/03/24,499,499,492,498,9800,498,1
2014/03/25,505,505,500,501,13000,501,1
2014/03/26,504,506,499,505,10100,505,1
2014/03/27,487,499,485,491,6700,491,1
2014/03/28,491,500,491,500,3200,500,1
2014/03/31,501,504,500,500,2400,500,1
2014/04/01,502,502,500,500,3000,500,1
2014/04/02,500,502,498,502,6800,502,1
2014/04/03,502,504,499,502,3600,502,1
2014/04/04,500,505,500,501,1600,501,1
2014/04/07,504,506,500,505,4400,505,1
2014/04/08,504,504,499,504,3100,504,1
2014/04/09,500,501,496,496,5900,496,1
2014/04/10,500,507,500,506,24800,506,1
2014/04/11,501,506,495,503,12000,503,1
2014/04/14,505,511,500,505,9800,505,1
2014/04/15,505,505,499,499,1500,499,1
2014/04/16,499,502,498,500,3700,500,1
2014/04/17,503,503,503,503,200,503,1
2014/04/18,500,505,500,504,3100,504,1
2014/04/21,505,508,500,508,3300,508,1
2014/04/22,501,502,501,502,800,502,1
2014/04/23,502,505,500,501,1600,501,1
2014/04/24,503,503,500,501,1000,501,1
2014/04/25,505,508,503,506,1400,506,1
2014/04/28,508,508,503,506,1400,506,1
2014/04/30,503,503,500,500,3300,500,1
2014/05/01,500,500,500,500,500,500,1
2014/05/02,503,505,501,505,1700,505,1
2014/05/07,504,504,498,498,1900,498,1
2014/05/08,505,505,496,501,3600,501,1
2014/05/09,501,505,499,499,1400,499,1
2014/05/12,499,501,499,501,2300,501,1
2014/05/13,494,494,468,473,37600,473,1
2014/05/14,473,477,469,469,16400,469,1
2014/05/15,469,470,450,455,27200,455,1
2014/05/16,455,469,455,465,7200,465,1
2014/05/19,475,479,470,470,4700,470,1
2014/05/20,464,464,453,460,6700,460,1
2014/05/21,460,470,458,469,5400,469,1
2014/05/22,469,471,458,471,2600,471,1
2014/05/23,463,470,460,470,7000,470,1
2014/05/26,470,475,469,472,2600,472,1
2014/05/27,475,477,470,474,2800,474,1
2014/05/28,474,475,471,471,2300,471,1
2014/05/29,471,475,466,475,5600,475,1
2014/05/30,473,474,470,471,3400,471,1
2014/06/02,471,478,470,475,6100,475,1
2014/06/03,475,475,470,474,7200,474,1
2014/06/04,474,493,472,478,14500,478,1
2014/06/05,486,486,471,474,8000,474,1
2014/06/06,482,483,475,479,3500,479,1
2014/06/09,479,490,479,482,12300,482,1
2014/06/10,474,475,469,471,22000,471,1
2014/06/11,470,474,470,472,10600,472,1
2014/06/12,470,474,465,465,17800,465,1
2014/06/13,469,474,466,471,9000,471,1
2014/06/16,475,475,466,468,13900,468,1
2014/06/17,457,465,455,460,141600,460,1
2014/06/18,460,464,460,463,35400,463,1
2014/06/19,464,467,462,462,37900,462,1
2014/06/20,462,465,461,462,25000,462,1
2014/06/23,462,466,462,462,29800,462,1
2014/06/24,463,464,462,462,28200,462,1
2014/06/25,462,464,461,462,22400,462,1
2014/06/26,462,464,461,462,28700,462,1
2014/06/27,462,463,461,461,17800,461,1
2014/06/30,463,465,462,464,13600,464,1
2014/07/01,465,469,464,465,22800,465,1
2014/07/02,467,468,465,466,20900,466,1
2014/07/03,468,468,463,466,55500,466,1
2014/07/04,468,468,459,460,127600,460,1
2014/07/07,463,465,459,459,80000,459,1
2014/07/08,461,464,459,463,20000,463,1
2014/07/09,463,463,459,462,17800,462,1
2014/07/10,462,462,461,462,4300,462,1
2014/07/11,462,462,460,462,7900,462,1
2014/07/14,462,463,461,463,6100,463,1
2014/07/15,463,465,463,464,11100,464,1
2014/07/16,465,466,462,463,15000,463,1
2014/07/17,464,464,462,463,6000,463,1
2014/07/18,462,464,462,464,8300,464,1
2014/07/22,465,467,464,466,33600,466,1
2014/07/23,466,469,464,469,18500,469,1
2014/07/24,468,469,467,468,12600,468,1
2014/07/25,470,470,466,466,8500,466,1
2014/07/28,468,472,468,470,11700,470,1
2014/07/29,472,472,470,471,10300,471,1
2014/07/30,471,474,471,472,11900,472,1
2014/07/31,473,473,470,471,13000,471,1
2014/08/01,470,471,469,470,11000,470,1
2014/08/04,475,476,470,471,9400,471,1
2014/08/05,476,476,471,471,10700,471,1
2014/08/06,474,475,470,471,6200,471,1
2014/08/07,470,474,469,474,11400,474,1
2014/08/08,473,474,469,470,11100,470,1
2014/08/11,475,484,475,479,29500,479,1
2014/08/12,480,483,479,480,19700,480,1
2014/08/13,480,484,480,484,12900,484,1
2014/08/14,484,484,480,484,12800,484,1
2014/08/15,482,484,474,479,23000,479,1
2014/08/18,481,486,480,484,25300,484,1
2014/08/19,485,494,480,491,41000,491,1
2014/08/20,487,492,486,492,17100,492,1
2014/08/21,492,493,488,491,12500,491,1
2014/08/22,492,494,489,491,9300,491,1
2014/08/25,490,494,490,493,16100,493,1
2014/08/26,493,495,491,492,13600,492,1
2014/08/27,491,494,485,493,19700,493,1
2014/08/28,493,495,491,492,13200,492,1
2014/08/29,488,493,488,491,9200,491,1
2014/09/01,492,495,490,495,18700,495,1
2014/09/02,493,504,492,499,52900,499,1
2014/09/03,504,506,500,501,26200,501,1
2014/09/04,501,506,501,504,17600,504,1
2014/09/05,504,508,502,508,16400,508,1
2014/09/08,508,514,503,510,25400,510,1
2014/09/09,510,511,505,508,11100,508,1
2014/09/10,508,509,506,507,4600,507,1
2014/09/11,507,509,501,507,14800,507,1
2014/09/12,508,508,505,507,20200,507,1
2014/09/16,507,510,502,507,28800,507,1
2014/09/17,504,505,503,503,4400,503,1
2014/09/18,502,505,500,501,12300,501,1
2014/09/19,504,507,502,507,14700,507,1
2014/09/22,507,513,506,512,25800,512,1
2014/09/24,512,513,500,502,61600,502,1
2014/09/25,514,514,506,506,28900,506,1
2014/09/26,495,498,489,498,20600,498,1
2014/09/29,501,504,491,496,24900,496,1
2014/09/30,492,495,490,490,19100,490,1
2014/10/01,485,487,481,483,25800,483,1
2014/10/02,480,481,477,480,19400,480,1
2014/10/03,482,499,482,487,10700,487,1
2014/10/06,498,498,490,494,9300,494,1
2014/10/07,494,497,492,496,6500,496,1
2014/10/08,490,495,489,492,9800,492,1
2014/10/09,492,492,487,488,7200,488,1
2014/10/10,482,487,478,487,18800,487,1
2014/10/14,475,479,474,478,19900,478,1
2014/10/15,483,483,477,479,7900,479,1
2014/10/16,480,480,472,472,7900,472,1
2014/10/17,480,480,475,476,5500,476,1
2014/10/20,486,486,482,483,6700,483,1
2014/10/21,489,490,483,485,10000,485,1
2014/10/22,491,494,490,494,12700,494,1
2014/10/23,494,495,490,495,13700,495,1
2014/10/24,504,504,497,497,12600,497,1
2014/10/27,518,535,511,521,139700,521,1
2014/10/28,515,516,506,511,18300,511,1
2014/10/29,513,515,510,510,9800,510,1
2014/10/30,511,512,507,509,14300,509,1
2014/10/31,507,512,500,510,24600,510,1
2014/11/04,512,521,511,520,53200,520,1
2014/11/05,522,525,518,524,38300,524,1
2014/11/06,524,524,520,520,7400,520,1
2014/11/07,522,522,517,517,26300,517,1
2014/11/10,520,523,515,523,16700,523,1
2014/11/11,530,550,524,526,84100,526,1
2014/11/12,530,530,519,523,37800,523,1
2014/11/13,526,526,512,519,30700,519,1
2014/11/14,514,516,511,513,18300,513,1
2014/11/17,518,518,507,510,24500,510,1
2014/11/18,510,515,510,510,20600,510,1
2014/11/19,512,514,510,511,10400,511,1
2014/11/20,510,511,505,510,27000,510,1
2014/11/21,510,514,510,512,9500,512,1
2014/11/25,517,518,514,514,11900,514,1
2014/11/26,516,519,516,517,5200,517,1
2014/11/27,520,520,515,518,8900,518,1
2014/11/28,519,521,518,518,11100,518,1
2014/12/01,517,518,510,515,23700,515,1
2014/12/02,516,517,510,512,33900,512,1
2014/12/03,511,516,510,512,23100,512,1
2014/12/04,510,512,509,510,22500,510,1
2014/12/05,510,513,508,512,11400,512,1
2014/12/08,515,519,515,519,14300,519,1
2014/12/09,516,520,513,518,12100,518,1
2014/12/10,513,555,511,513,101900,513,1
2014/12/11,510,518,510,515,20000,515,1
2014/12/12,515,530,515,526,13100,526,1
2014/12/15,522,525,516,520,12900,520,1
2014/12/16,520,520,514,514,13000,514,1
2014/12/17,512,515,508,512,16500,512,1
2014/12/18,518,518,512,513,7900,513,1
2014/12/19,515,517,515,517,5500,517,1
2014/12/22,519,521,517,518,10000,518,1
2014/12/24,525,525,517,522,21700,522,1
2014/12/25,516,523,515,515,23700,515,1
2014/12/26,519,522,516,520,3800,520,1
2014/12/29,528,540,524,528,36200,528,1
2014/12/30,525,529,523,523,12300,523,1
2015/01/05,525,527,522,527,7300,527,1
2015/01/06,527,532,522,531,12500,531,1
2015/01/07,537,544,535,538,24800,538,1
2015/01/08,539,553,539,552,41300,552,1
2015/01/09,552,555,540,540,33200,540,1
2015/01/13,540,551,532,542,31000,542,1
2015/01/14,548,551,526,531,20400,531,1
2015/01/15,531,531,528,530,5600,530,1
2015/01/16,532,535,526,528,8700,528,1
2015/01/19,528,538,526,530,17700,530,1
2015/01/20,534,534,528,530,10200,530,1
2015/01/21,532,534,528,531,13800,531,1
2015/01/22,524,530,524,526,23900,526,1
2015/01/23,527,530,524,526,10700,526,1
2015/01/26,527,532,526,526,10000,526,1
2015/01/27,533,533,525,529,12800,529,1
2015/01/28,530,531,527,531,12500,531,1
2015/01/29,531,531,527,528,7500,528,1
2015/01/30,530,530,527,527,7200,527,1
2015/02/02,530,543,530,531,39300,531,1
2015/02/03,536,536,531,532,8300,532,1
2015/02/04,534,534,530,534,8100,534,1
2015/02/05,534,538,531,532,22900,532,1
2015/02/06,532,537,530,533,10500,533,1
2015/02/09,530,538,530,537,20300,537,1
2015/02/10,535,545,531,544,27600,544,1
2015/02/12,548,565,541,547,67800,547,1
2015/02/13,550,558,548,550,18800,550,1
2015/02/16,557,557,550,550,12500,550,1
2015/02/17,549,549,542,545,10100,545,1
2015/02/18,542,546,542,546,6300,546,1
2015/02/19,547,553,545,550,10800,550,1
2015/02/20,544,550,544,550,14400,550,1
2015/02/23,550,550,548,550,3200,550,1
2015/02/24,550,561,550,556,21600,556,1
2015/02/25,553,562,553,562,17000,562,1
2015/02/26,561,579,560,577,36900,577,1
2015/02/27,580,599,580,580,47200,580,1
2015/03/02,589,604,586,600,28100,600,1
2015/03/03,598,600,586,586,18000,586,1
2015/03/04,583,600,583,590,11800,590,1
2015/03/05,590,593,588,593,6800,593,1
2015/03/06,593,593,588,591,14200,591,1
2015/03/09,597,613,595,607,27900,607,1
2015/03/10,610,611,590,603,28100,603,1
2015/03/11,599,613,591,602,17900,602,1
2015/03/12,608,608,599,599,9000,599,1
2015/03/13,608,618,600,614,43500,614,1
2015/03/16,618,619,604,604,32400,604,1
2015/03/17,606,615,595,610,29700,610,1
2015/03/18,602,602,587,591,30400,591,1
2015/03/19,590,596,585,596,34900,596,1
2015/03/20,594,597,587,594,7000,594,1
2015/03/23,597,602,593,599,8700,599,1
2015/03/24,604,606,597,603,8000,603,1
2015/03/25,603,607,596,596,19800,596,1
2015/03/26,588,598,583,587,27300,587,1
2015/03/27,573,575,567,567,16300,567,1
2015/03/30,566,567,555,567,9700,567,1
2015/03/31,575,575,563,563,4800,563,1
2015/04/01,575,580,572,574,4400,574,1
2015/04/02,572,579,570,574,8000,574,1
2015/04/03,571,585,570,585,22900,585,1
2015/04/06,588,588,578,582,5000,582,1
2015/04/07,587,594,586,590,19700,590,1
2015/04/08,590,593,585,592,9800,592,1
2015/04/09,592,596,581,589,11900,589,1
2015/04/10,597,597,587,590,4400,590,1
2015/04/13,591,600,590,595,21800,595,1
2015/04/14,592,601,592,596,10800,596,1
2015/04/15,603,619,596,605,22700,605,1
2015/04/16,605,607,600,603,9500,603,1
2015/04/17,603,609,600,607,6900,607,1
2015/04/20,595,605,595,595,11400,595,1
2015/04/21,595,602,594,602,10200,602,1
2015/04/22,602,618,600,602,29400,602,1
2015/04/23,604,609,602,605,5600,605,1
2015/04/24,603,610,603,605,7200,605,1
2015/04/27,602,607,600,601,9900,601,1
2015/04/28,602,604,601,603,2300,603,1
2015/04/30,600,602,590,594,10400,594,1
2015/05/01,590,592,576,589,16000,589,1
2015/05/07,585,588,582,588,4400,588,1
2015/05/08,581,590,581,586,10000,586,1
2015/05/11,586,590,585,589,3100,589,1
2015/05/12,590,593,584,589,10700,589,1
2015/05/13,586,594,581,586,13200,586,1
2015/05/14,575,575,545,567,51800,567,1
2015/05/15,566,566,558,559,10000,559,1
2015/05/18,560,565,558,560,9200,560,1
2015/05/19,562,564,560,560,7300,560,1
2015/05/20,563,569,560,560,16900,560,1
2015/05/21,564,567,562,567,11100,567,1
2015/05/22,570,573,563,568,3900,568,1
2015/05/25,598,598,570,570,19900,570,1
2015/05/26,570,571,570,571,3000,571,1
2015/05/27,572,572,565,568,8800,568,1
2015/05/28,570,570,567,567,5900,567,1
2015/05/29,570,573,570,571,4800,571,1
2015/06/01,570,572,569,570,6000,570,1
2015/06/02,570,572,567,568,7300,568,1
2015/06/03,568,570,567,570,5600,570,1
2015/06/04,567,574,567,571,2400,571,1
2015/06/05,575,575,569,571,1600,571,1
2015/06/08,580,580,576,576,20800,576,1
2015/06/09,576,576,568,570,3900,570,1
2015/06/10,573,576,569,572,8000,572,1
2015/06/11,571,572,570,572,700,572,1
2015/06/12,575,575,572,573,2700,573,1
2015/06/15,574,576,572,573,5100,573,1
2015/06/16,573,575,572,572,5100,572,1
2015/06/17,572,573,572,573,2000,573,1
2015/06/18,573,574,571,574,2700,574,1
2015/06/19,574,575,571,574,4700,574,1
2015/06/22,575,596,574,582,28000,582,1
2015/06/23,582,591,575,585,45100,585,1
2015/06/24,590,593,580,584,8800,584,1
2015/06/25,587,593,580,581,10700,581,1
2015/06/26,579,583,579,579,4100,579,1
2015/06/29,574,578,570,573,38600,573,1
2015/06/30,571,575,570,574,3800,574,1
2015/07/01,577,590,576,585,8100,585,1
2015/07/02,587,587,579,584,6200,584,1
2015/07/03,585,586,583,584,1200,584,1
2015/07/06,584,584,569,570,7900,570,1
2015/07/07,580,585,575,577,6500,577,1
2015/07/08,579,587,571,571,13800,571,1
2015/07/09,560,570,558,566,18300,566,1
2015/07/10,566,571,561,565,6800,565,1
2015/07/13,566,575,566,571,3200,571,1
2015/07/14,575,581,570,578,8600,578,1
2015/07/15,578,580,575,575,1700,575,1
2015/07/16,575,675,575,675,227100,675,1
2015/07/17,775,775,775,775,102900,775,1
2015/07/21,850,925,850,925,1922600,925,1
2015/07/22,900,1075,861,1075,1250400,1075,1
2015/07/23,1255,1375,1175,1375,4292100,1375,1
2015/07/24,1350,1370,1135,1220,2557000,1220,1
2015/07/27,1200,1245,1008,1070,1192300,1070,1
2015/07/28,1042,1147,995,1030,1019300,1030,1
2015/07/29,984,985,893,920,662900,920,1
2015/07/30,920,929,875,875,358700,875,1
2015/07/31,905,928,885,889,520700,889,1
2015/08/03,933,1039,906,1000,1347800,1000,1
2015/08/04,955,1017,850,869,727400,869,1
2015/08/05,876,879,827,836,191500,836,1
2015/08/06,844,874,832,852,149000,852,1
2015/08/07,860,899,841,862,250600,862,1
2015/08/10,922,1012,901,946,1645500,946,1
2015/08/11,1000,1096,992,1096,2655300,1096,1
2015/08/12,1186,1355,1102,1116,5885400,1116,1
2015/08/13,1026,1098,987,1015,1497400,1015,1
2015/08/14,1003,1072,960,1020,993700,1020,1
2015/08/17,990,1037,932,937,561700,937,1
2015/08/18,943,1010,943,999,528000,999,1
2015/08/19,1011,1014,961,961,251000,961,1
2015/08/20,989,1111,986,1111,1566500,1111,1
2015/08/21,1081,1255,1030,1038,3271700,1038,1
2015/08/24,978,1053,889,900,814200,900,1
2015/08/25,866,981,804,884,623200,884,1
2015/08/26,914,999,904,999,303500,999,1
2015/08/27,1050,1060,960,967,362000,967,1
2015/08/28,999,1008,951,971,275000,971,1
2015/08/31,971,982,953,962,106000,962,1
2015/09/01,947,960,853,876,239800,876,1
2015/09/02,831,894,830,847,244000,847,1
2015/09/03,880,883,839,850,102700,850,1
2015/09/04,850,850,731,779,210000,779,1
2015/09/07,779,800,740,768,124300,768,1
2015/09/08,783,783,731,742,62500,742,1
2015/09/09,773,787,754,769,115000,769,1
2015/09/10,743,747,714,744,65000,744,1
2015/09/11,769,845,753,819,251700,819,1
2015/09/14,815,833,791,792,102100,792,1
2015/09/15,807,807,740,773,59400,773,1
2015/09/16,775,793,750,769,55100,769,1
2015/09/17,783,783,756,769,33900,769,1
2015/09/18,761,768,755,758,25200,758,1
2015/09/24,740,741,721,725,27400,725,1
2015/09/25,710,733,710,719,32500,719,1
2015/09/28,719,742,716,739,32600,739,1
2015/09/29,720,723,696,707,57900,707,1
2015/09/30,710,723,708,720,28800,720,1
2015/10/01,716,727,700,709,29700,709,1
2015/10/02,706,713,704,706,16700,706,1
2015/10/05,705,732,704,721,47400,721,1
2015/10/06,736,849,734,812,478700,812,1
2015/10/07,785,798,770,777,89100,777,1
2015/10/08,783,825,760,762,87400,762,1
2015/10/09,768,775,736,773,56100,773,1
2015/10/13,758,774,753,753,32400,753,1
2015/10/14,759,759,740,741,22400,741,1
2015/10/15,740,747,722,737,31700,737,1
2015/10/16,745,755,735,735,24000,735,1
2015/10/19,735,765,735,744,37400,744,1
2015/10/20,761,807,752,780,120300,780,1
2015/10/21,785,789,734,741,58100,741,1
2015/10/22,736,742,730,733,29900,733,1
2015/10/23,743,755,736,749,29100,749,1
2015/10/26,747,759,747,756,31900,756,1
2015/10/27,796,899,796,857,1217200,857,1
2015/10/28,853,1007,790,950,1396500,950,1
2015/10/29,964,1075,964,1060,1466500,1060,1
2015/10/30,1030,1037,915,964,536600,964,1
2015/11/02,936,940,880,898,194100,898,1
2015/11/04,902,1048,863,1048,794400,1048,1
2015/11/05,1038,1085,960,976,639000,976,1
2015/11/06,1006,1040,971,989,205700,989,1
2015/11/09,1018,1120,997,1080,829000,1080,1
2015/11/10,1002,1045,985,999,342900,999,1
2015/11/11,1013,1045,978,983,223800,983,1
2015/11/12,968,978,939,945,115800,945,1
2015/11/13,950,989,935,970,106500,970,1
2015/11/16,934,952,930,937,50400,937,1
2015/11/17,942,970,942,955,43700,955,1
2015/11/18,963,965,942,949,26500,949,1
2015/11/19,941,950,937,937,35600,937,1
2015/11/20,939,963,939,950,59000,950,1
2015/11/24,944,1005,944,1001,128200,1001,1
2015/11/25,1047,1047,971,977,159800,977,1
2015/11/26,966,998,963,975,67700,975,1
2015/11/27,980,985,960,960,40700,960,1
2015/11/30,964,969,945,946,43500,946,1
2015/12/01,950,1000,950,969,76900,969,1
2015/12/02,967,992,967,972,32400,972,1
2015/12/03,982,982,962,963,22700,963,1
2015/12/04,942,951,936,943,43300,943,1
2015/12/07,948,958,945,947,17500,947,1
2015/12/08,955,955,935,939,20600,939,1
2015/12/09,932,933,885,912,39100,912,1
2015/12/10,900,910,890,894,22400,894,1
2015/12/11,900,926,900,903,20600,903,1
2015/12/14,898,898,861,886,29800,886,1
2015/12/15,894,902,851,855,22400,855,1
2015/12/16,870,886,863,865,20400,865,1
2015/12/17,880,948,880,928,54100,928,1
2015/12/18,926,930,901,906,17800,906,1
2015/12/21,888,895,880,888,29900,888,1
2015/12/22,888,894,870,873,14700,873,1
2015/12/24,873,913,873,883,29400,883,1
2015/12/25,877,880,851,867,31600,867,1
2015/12/28,882,883,868,878,13700,878,1
2015/12/29,878,888,878,884,8000,884,1
2015/12/30,884,891,876,884,10600,884,1
2016/01/04,871,895,866,873,20100,873,1
2016/01/05,870,872,855,863,8300,863,1
2016/01/06,860,866,822,845,31900,845,1
2016/01/07,827,839,777,798,32400,798,1
2016/01/08,777,818,777,790,21800,790,1
2016/01/12,780,783,707,727,39900,727,1
2016/01/13,757,810,744,810,25600,810,1
2016/01/14,757,817,757,795,20000,795,1
2016/01/15,790,800,765,769,19100,769,1
2016/01/18,711,748,709,736,22300,736,1
2016/01/19,743,748,715,740,11000,740,1
2016/01/20,740,741,712,715,14200,715,1
2016/01/21,710,730,706,710,32700,710,1
2016/01/22,739,744,713,730,15500,730,1
2016/01/25,760,763,741,761,21700,761,1
2016/01/26,731,779,731,757,12300,757,1
2016/01/27,761,781,749,756,11600,756,1
2016/01/28,753,790,753,772,24100,772,1
2016/01/29,850,898,788,843,188400,843,1
2016/02/01,888,888,825,850,40000,850,1
2016/02/02,847,857,840,843,14300,843,1
2016/02/03,841,845,825,843,24800,843,1
2016/02/04,830,841,822,832,17400,832,1
2016/02/05,826,826,791,800,27700,800,1
2016/02/08,790,834,768,834,16800,834,1
2016/02/09,819,819,770,790,30000,790,1
2016/02/10,790,790,706,731,28600,731,1
2016/02/12,681,700,652,652,48000,652,1
2016/02/15,682,701,660,683,33800,683,1
2016/02/16,668,723,662,704,22200,704,1
2016/02/17,698,719,690,698,18200,698,1
2016/02/18,710,742,699,726,30300,726,1
2016/02/19,711,711,696,707,11000,707,1
2016/02/22,700,720,699,704,17700,704,1
2016/02/23,712,719,698,702,12400,702,1
2016/02/24,696,720,692,703,15400,703,1
2016/02/25,703,724,700,707,21200,707,1
2016/02/26,712,718,702,705,10100,705,1
2016/02/29,715,724,677,715,23900,715,1
2016/03/01,714,714,687,700,20100,700,1
2016/03/02,707,725,696,707,38200,707,1
2016/03/03,718,718,700,701,25500,701,1
2016/03/04,705,715,704,715,14200,715,1
2016/03/07,718,746,717,737,30800,737,1
2016/03/08,732,775,732,770,57100,770,1
2016/03/09,780,781,740,752,24900,752,1
2016/03/10,772,793,762,793,31800,793,1
2016/03/11,772,810,772,797,25800,797,1
2016/03/14,797,804,793,794,18600,794,1
2016/03/15,794,799,771,777,14800,777,1
2016/03/16,763,785,760,770,12700,770,1
2016/03/17,785,790,768,770,14500,770,1
2016/03/18,770,774,765,770,5300,770,1
2016/03/22,770,782,769,769,7900,769,1
2016/03/23,761,780,761,775,10600,775,1
2016/03/24,766,780,766,774,10400,774,1
2016/03/25,769,780,765,768,7900,768,1
2016/03/28,772,773,766,766,4800,766,1
2016/03/29,756,768,743,767,5000,767,1
2016/03/30,767,769,751,758,6700,758,1
2016/03/31,760,770,754,766,7800,766,1
2016/04/01,770,770,727,730,13500,730,1
2016/04/04,729,738,722,735,6300,735,1
2016/04/05,729,738,701,706,20100,706,1
2016/04/06,696,707,680,706,11600,706,1
2016/04/07,712,717,701,706,6200,706,1
2016/04/08,692,718,692,701,9600,701,1
2016/04/11,715,715,700,710,4300,710,1
2016/04/12,710,721,706,710,5700,710,1
2016/04/13,718,736,713,730,15700,730,1
2016/04/14,730,755,712,755,21100,755,1
2016/04/15,751,757,732,746,8700,746,1
2016/04/18,730,752,718,752,7900,752,1
2016/04/19,755,756,746,748,6900,748,1
2016/04/20,748,752,738,738,5100,738,1
2016/04/21,737,751,735,739,7600,739,1
2016/04/22,739,743,728,740,8600,740,1
2016/04/25,740,744,733,733,9900,733,1
2016/04/26,733,739,701,714,19000,714,1
2016/04/27,719,724,705,711,3900,711,1
2016/04/28,714,720,707,707,7500,707,1
2016/05/02,697,715,696,711,8400,711,1
2016/05/06,711,729,711,728,4800,728,1
2016/05/09,735,750,735,745,7400,745,1
2016/05/10,730,741,721,734,9200,734,1
2016/05/11,734,753,734,749,8200,749,1
2016/05/12,749,750,740,750,6400,750,1
2016/05/13,753,780,710,769,36700,769,1
2016/05/16,670,694,663,689,57800,689,1
2016/05/17,690,692,683,686,8900,686,1
2016/05/18,679,689,654,675,22700,675,1
2016/05/19,666,673,659,662,13200,662,1
2016/05/20,660,667,658,660,10300,660,1
2016/05/23,660,673,655,655,5600,655,1
2016/05/24,665,672,655,658,5800,658,1
2016/05/25,657,668,657,661,7500,661,1
2016/05/26,664,664,660,660,3700,660,1
2016/05/27,660,664,655,655,8400,655,1
2016/05/30,656,664,656,663,4100,663,1
2016/05/31,660,664,656,662,8500,662,1
2016/06/01,662,664,660,660,4100,660,1
2016/06/02,655,662,652,652,8600,652,1
2016/06/03,652,657,650,650,14400,650,1
2016/06/06,649,652,649,651,2500,651,1
2016/06/07,651,667,651,664,5800,664,1
2016/06/08,655,659,654,654,4300,654,1
2016/06/09,654,657,654,654,2300,654,1
2016/06/10,654,660,654,656,2100,656,1
2016/06/13,654,655,649,650,5300,650,1
2016/06/14,640,641,605,620,7600,620,1
2016/06/15,611,615,601,606,8400,606,1
2016/06/16,606,606,600,602,9600,602,1
2016/06/17,596,602,596,597,9800,597,1
2016/06/20,611,611,597,600,6200,600,1
2016/06/21,599,604,593,604,14000,604,1
2016/06/22,600,605,593,600,2300,600,1
2016/06/23,588,608,588,608,5500,608,1
2016/06/24,605,605,540,561,23600,561,1
2016/06/27,555,570,555,555,6500,555,1
2016/06/28,560,578,560,567,3500,567,1
2016/06/29,565,576,558,576,6200,576,1
2016/06/30,580,585,570,571,4700,571,1
2016/07/01,570,589,570,589,6200,589,1
2016/07/04,598,598,585,588,1600,588,1
2016/07/05,585,593,581,593,3400,593,1
2016/07/06,593,598,581,598,3800,598,1
2016/07/07,599,599,590,590,800,590,1
2016/07/08,590,590,581,590,3600,590,1
2016/07/11,591,592,578,582,4200,582,1
2016/07/12,592,600,584,598,1900,598,1
2016/07/13,602,606,599,600,10100,600,1
2016/07/14,600,605,600,605,2700,605,1
2016/07/15,598,602,590,600,4300,600,1
2016/07/19,600,610,599,600,7000,600,1
2016/07/20,605,619,602,602,6400,602,1
2016/07/21,612,614,607,611,3800,611,1
2016/07/22,610,620,605,605,3300,605,1
2016/07/25,603,690,603,674,79900,674,1
2016/07/26,659,672,634,653,17800,653,1
2016/07/27,653,673,653,656,3900,656,1
2016/07/28,656,660,622,645,4300,645,1
2016/07/29,635,652,635,637,4400,637,1
2016/08/01,637,637,625,626,2900,626,1
2016/08/02,632,633,624,625,4600,625,1
2016/08/03,625,630,625,630,1900,630,1
2016/08/04,629,636,619,630,1700,630,1
2016/08/05,620,649,620,632,1700,632,1
2016/08/08,632,634,621,628,1900,628,1
2016/08/09,628,644,628,642,2100,642,1
2016/08/10,692,741,659,659,79800,659,1
2016/08/12,659,659,631,639,8900,639,1
2016/08/15,669,670,646,652,10600,652,1
2016/08/16,660,660,653,654,3400,654,1
2016/08/17,660,660,640,646,4900,646,1
2016/08/18,636,649,635,642,5400,642,1
2016/08/19,643,643,638,638,1000,638,1
2016/08/22,636,640,636,637,4300,637,1
2016/08/23,631,635,630,635,4100,635,1
2016/08/24,631,631,620,627,3800,627,1
2016/08/25,622,658,622,650,7300,650,1
2016/08/26,654,654,642,650,5900,650,1
2016/08/29,650,655,644,650,1900,650,1
2016/08/30,648,650,645,650,5600,650,1
2016/08/31,650,655,645,645,5200,645,1
2016/09/01,642,645,642,644,800,644,1
2016/09/02,641,644,640,640,2200,640,1
2016/09/05,633,636,627,634,6600,634,1
2016/09/06,631,631,623,627,4200,627,1
2016/09/07,625,627,623,627,2400,627,1
2016/09/08,623,630,622,627,4200,627,1
2016/09/09,626,627,623,624,5400,624,1
2016/09/12,618,627,617,621,4800,621,1
2016/09/13,621,631,618,631,2000,631,1
2016/09/14,626,631,626,629,2500,629,1
2016/09/15,622,622,616,617,2300,617,1
2016/09/16,617,620,617,618,1500,618,1
2016/09/20,615,620,615,618,2200,618,1
2016/09/21,616,621,616,621,2900,621,1
2016/09/23,621,627,621,627,6900,627,1
2016/09/26,628,636,627,632,7500,632,1
2016/09/27,632,640,629,640,9500,640,1
2016/09/28,622,633,622,632,3000,632,1
2016/09/29,628,634,622,634,2500,634,1
2016/09/30,634,634,614,633,10300,633,1
2016/10/03,630,642,630,636,3700,636,1
2016/10/04,639,642,630,639,5700,639,1
2016/10/05,639,642,630,630,4600,630,1
2016/10/06,632,637,632,636,3200,636,1
2016/10/07,628,635,628,634,1100,634,1
2016/10/11,636,637,631,634,4800,634,1
2016/10/12,635,635,634,634,5600,634,1
2016/10/13,624,633,620,632,6800,632,1
2016/10/14,631,632,631,632,1200,632,1
2016/10/17,630,633,619,633,4100,633,1
2016/10/18,633,638,629,636,6100,636,1
2016/10/19,640,644,640,640,1700,640,1
2016/10/20,640,641,640,641,2400,641,1
2016/10/21,640,647,640,647,2700,647,1
2016/10/24,648,648,643,644,2200,644,1
2016/10/25,644,647,643,644,2800,644,1
2016/10/26,648,648,644,646,2100,646,1
2016/10/27,640,646,640,643,4100,643,1
2016/10/28,642,644,639,641,3200,641,1
2016/10/31,659,680,646,680,52800,680,1
2016/11/01,670,671,656,657,18500,657,1
2016/11/02,650,660,650,659,7600,659,1
2016/11/04,644,644,632,637,3800,637,1
2016/11/07,635,647,607,641,10100,641,1
2016/11/08,631,641,630,641,2900,641,1
2016/11/09,635,635,590,605,18500,605,1
2016/11/10,626,630,618,625,11100,625,1
2016/11/11,630,630,625,625,3100,625,1
2016/11/14,622,625,605,624,8400,624,1
2016/11/15,632,632,621,621,3800,621,1
2016/11/16,624,624,620,623,4000,623,1
2016/11/17,626,627,622,624,3800,624,1
2016/11/18,627,627,622,626,2900,626,1
2016/11/21,628,628,623,627,3100,627,1
2016/11/22,627,630,621,627,6300,627,1
2016/11/24,629,629,621,625,7700,625,1
2016/11/25,632,632,628,631,16400,631,1
2016/11/28,632,633,629,633,2600,633,1
2016/11/29,632,633,629,633,4900,633,1
2016/11/30,633,634,630,634,3600,634,1
2016/12/01,634,635,632,632,6200,632,1
2016/12/02,633,634,630,630,7400,630,1
2016/12/05,634,634,624,627,2400,627,1
2016/12/06,628,629,622,625,5300,625,1
2016/12/07,623,627,622,625,10700,625,1
2016/12/08,626,626,621,624,5900,624,1
2016/12/09,621,624,621,624,3200,624,1
2016/12/12,622,626,622,623,16200,623,1
2016/12/13,625,630,621,624,39500,624,1
2016/12/14,624,627,624,624,3500,624,1
2016/12/15,625,625,623,623,5300,623,1
2016/12/16,622,626,621,621,6300,621,1
2016/12/19,622,631,622,626,18000,626,1
2016/12/20,626,644,626,636,15300,636,1
2016/12/21,636,639,631,632,4900,632,1
2016/12/22,635,642,631,641,8900,641,1
2016/12/26,638,645,634,636,21100,636,1
2016/12/27,640,645,639,645,11400,645,1
2016/12/28,639,643,636,641,5600,641,1
2016/12/29,641,641,635,635,7600,635,1
2016/12/30,639,640,634,637,6900,637,1
2017/01/04,639,640,634,637,13000,637,1
2017/01/05,638,646,636,645,8200,645,1
2017/01/06,645,647,643,646,5500,646,1
2017/01/10,652,662,648,660,28600,660,1
2017/01/11,666,666,657,662,9100,662,1
2017/01/12,664,668,649,652,13100,652,1
2017/01/13,652,660,643,660,7500,660,1
2017/01/16,663,665,652,653,4800,653,1
2017/01/17,662,662,654,654,4600,654,1
2017/01/18,651,654,641,653,5800,653,1
2017/01/19,654,655,647,654,1600,654,1
2017/01/20,654,655,646,646,10800,646,1
2017/01/23,647,652,647,648,4400,648,1
2017/01/24,650,651,646,650,9000,650,1
2017/01/25,652,664,652,662,15100,662,1
2017/01/26,664,665,659,665,4600,665,1
2017/01/27,670,670,661,663,5700,663,1
2017/01/30,673,697,670,695,30700,695,1
2017/01/31,695,698,672,695,18500,695,1
2017/02/01,688,690,664,672,15500,672,1
2017/02/02,680,680,672,673,5400,673,1
2017/02/03,673,698,663,688,8400,688,1
2017/02/06,692,692,680,682,5300,682,1
2017/02/07,686,692,677,692,11400,692,1
2017/02/08,715,725,699,700,73400,700,1
2017/02/09,691,701,691,694,15400,694,1
2017/02/10,704,730,700,709,39500,709,1
2017/02/13,730,730,707,708,25500,708,1
2017/02/14,707,712,697,706,16300,706,1
2017/02/15,712,712,690,693,16200,693,1
2017/02/16,703,704,681,683,14300,683,1
2017/02/17,681,684,675,678,21400,678,1
2017/02/20,683,691,682,690,8900,690,1
2017/02/21,690,695,689,690,3800,690,1
2017/02/22,695,695,675,688,19500,688,1
2017/02/23,685,689,675,680,11700,680,1
2017/02/24,682,691,682,690,6200,690,1
2017/02/27,690,690,683,688,4700,688,1
2017/02/28,690,694,681,681,6900,681,1
2017/03/01,686,688,682,684,5100,684,1
2017/03/02,687,706,687,694,11800,694,1
2017/03/03,700,701,695,698,5300,698,1
2017/03/06,706,724,702,724,37200,724,1
2017/03/07,725,727,711,711,29700,711,1
2017/03/08,720,720,698,698,24000,698,1
2017/03/09,701,715,698,714,9700,714,1
2017/03/10,726,726,718,725,20500,725,1
2017/03/13,726,726,706,716,12000,716,1
2017/03/14,711,724,711,724,7600,724,1
2017/03/15,724,724,708,710,15100,710,1
2017/03/16,710,714,701,708,5600,708,1
2017/03/17,708,715,707,713,8500,713,1
2017/03/21,713,718,700,716,17400,716,1
2017/03/22,706,706,696,700,14900,700,1
2017/03/23,697,707,693,705,7500,705,1
2017/03/24,705,710,699,704,12100,704,1
2017/03/27,713,713,700,700,11900,700,1
2017/03/28,700,702,694,695,11200,695,1
2017/03/29,691,691,671,683,18000,683,1
2017/03/30,685,688,675,677,6300,677,1
2017/03/31,673,682,673,676,10900,676,1
2017/04/03,676,689,676,685,6500,685,1
2017/04/04,685,687,653,663,19100,663,1
2017/04/05,663,665,650,665,17800,665,1
2017/04/06,665,665,645,649,12200,649,1
2017/04/07,650,660,645,660,9700,660,1
2017/04/10,661,666,652,655,7600,655,1
2017/04/11,649,650,645,647,6200,647,1
2017/04/12,645,645,626,635,16300,635,1
2017/04/13,625,651,621,651,9700,651,1
2017/04/14,631,648,631,648,7500,648,1
2017/04/17,640,651,640,646,5400,646,1
2017/04/18,650,661,648,661,5600,661,1
2017/04/19,660,665,660,665,1800,665,1
2017/04/20,665,668,660,664,4400,664,1
2017/04/21,665,668,665,668,2200,668,1
2017/04/24,670,671,659,666,6000,666,1
2017/04/25,666,669,660,669,4300,669,1
2017/04/26,667,672,666,672,3400,672,1
2017/04/27,672,674,666,674,6200,674,1
2017/04/28,669,674,668,673,6900,673,1
2017/05/01,668,675,668,675,3700,675,1
2017/05/02,675,675,668,669,6500,669,1
2017/05/08,675,687,675,680,9500,680,1
2017/05/09,682,696,681,687,6900,687,1
2017/05/10,688,700,687,692,13400,692,1
2017/05/11,692,697,690,691,4400,691,1
2017/05/12,696,697,689,696,13600,696,1
2017/05/15,676,681,666,667,21400,667,1
2017/05/16,667,681,667,677,8600,677,1
2017/05/17,673,679,668,679,5800,679,1
2017/05/18,670,675,668,668,5700,668,1
2017/05/19,670,678,670,670,2300,670,1
2017/05/22,672,684,671,676,6400,676,1
2017/05/23,685,690,681,684,13100,684,1
2017/05/24,684,686,673,677,6700,677,1
2017/05/25,685,689,683,683,4100,683,1
2017/05/26,685,692,679,691,7000,691,1
2017/05/29,691,697,688,691,6700,691,1
2017/05/30,695,698,688,688,9500,688,1
2017/05/31,695,697,687,689,3400,689,1
2017/06/01,690,698,686,691,12800,691,1
2017/06/02,696,696,689,694,2400,694,1
2017/06/05,690,698,685,690,7400,690,1
2017/06/06,690,697,685,685,6200,685,1
2017/06/07,682,693,680,683,4900,683,1
2017/06/08,681,689,680,680,4900,680,1
2017/06/09,687,687,672,678,9000,678,1
2017/06/12,680,683,673,676,2200,676,1
2017/06/13,676,685,673,675,28200,675,1
2017/06/14,672,687,672,678,3000,678,1
2017/06/15,676,687,675,679,11500,679,1
2017/06/16,680,684,676,680,3500,680,1
2017/06/19,680,688,680,685,5600,685,1
2017/06/20,685,688,684,688,3000,688,1
2017/06/21,688,688,681,685,2700,685,1
2017/06/22,682,687,680,686,2400,686,1
2017/06/23,706,786,706,786,85800,786,1
2017/06/26,891,930,824,840,449300,840,1
2017/06/27,810,816,781,799,68300,799,1
2017/06/28,793,794,760,779,38400,779,1
2017/06/29,794,795,742,770,35700,770,1
2017/06/30,729,748,727,748,44500,748,1
2017/07/03,742,764,742,757,20700,757,1
2017/07/04,755,763,740,749,22300,749,1
2017/07/05,749,754,739,747,9300,747,1
2017/07/06,749,749,734,734,11200,734,1
2017/07/07,739,743,730,743,25400,743,1
2017/07/10,758,767,743,751,23800,751,1
2017/07/11,752,758,746,754,7500,754,1
2017/07/12,755,770,752,770,11200,770,1
2017/07/13,783,800,775,776,32500,776,1
2017/07/14,775,787,770,780,9800,780,1
2017/07/18,777,792,765,777,11300,777,1
2017/07/19,778,787,768,769,6400,769,1
2017/07/20,783,783,770,772,3300,772,1
2017/07/21,774,779,771,778,5100,778,1
2017/07/24,777,777,768,770,6300,770,1
2017/07/25,775,775,771,773,4800,773,1
2017/07/26,771,783,769,769,8100,769,1
2017/07/27,767,769,757,762,7700,762,1
2017/07/28,757,769,757,759,4300,759,1
2017/07/31,753,758,750,758,9600,758,1
2017/08/01,749,756,738,738,9800,738,1
2017/08/02,739,749,738,738,4700,738,1
2017/08/03,753,753,738,743,4700,743,1
2017/08/04,731,738,730,738,9200,738,1
2017/08/07,735,742,735,737,5300,737,1
2017/08/08,741,760,741,747,8100,747,1
2017/08/09,777,777,740,745,24500,745,1
2017/08/10,752,754,740,741,7400,741,1
2017/08/14,737,743,735,739,4000,739,1
2017/08/15,744,744,730,735,8200,735,1
2017/08/16,736,752,736,743,5900,743,1
2017/08/17,743,747,739,747,3300,747,1
2017/08/18,745,745,740,740,1500,740,1
2017/08/21,739,745,733,743,3300,743,1
2017/08/22,743,743,736,742,1000,742,1
2017/08/23,739,742,736,737,1800,737,1
2017/08/24,735,744,735,737,4600,737,1
2017/08/25,740,745,739,743,1600,743,1
2017/08/28,741,742,736,738,2300,738,1
2017/08/29,738,742,736,741,2900,741,1
2017/08/30,741,748,741,741,2900,741,1
2017/08/31,745,749,741,745,3200,745,1
2017/09/01,745,745,740,743,2500,743,1
2017/09/04,742,746,736,736,6500,736,1
2017/09/05,738,738,711,715,28500,715,1
2017/09/06,712,714,708,708,5400,708,1
2017/09/07,715,722,710,721,2800,721,1
2017/09/08,716,717,708,708,9400,708,1
2017/09/11,715,723,710,723,4100,723,1
2017/09/12,722,729,717,725,6100,725,1
2017/09/13,725,728,709,718,5100,718,1
2017/09/14,724,724,713,715,2600,715,1
2017/09/15,713,719,713,718,2500,718,1
2017/09/19,727,727,719,720,10100,720,1
2017/09/20,722,726,718,721,4800,721,1
2017/09/21,721,737,721,735,12000,735,1
2017/09/22,733,735,723,733,11900,733,1
2017/09/25,737,737,727,733,2000,733,1
2017/09/26,733,735,730,734,3600,734,1
2017/09/27,729,733,729,733,6700,733,1
2017/09/28,733,758,721,754,12400,754,1
2017/09/29,761,763,751,754,11600,754,1
2017/10/02,754,760,749,750,2900,750,1
2017/10/03,757,761,746,759,12400,759,1
2017/10/04,761,761,754,754,2400,754,1
2017/10/05,750,756,744,747,4000,747,1
2017/10/06,747,755,743,750,3400,750,1
2017/10/10,750,758,742,744,11300,744,1
2017/10/11,752,752,741,741,4200,741,1
2017/10/12,741,759,741,752,6500,752,1
2017/10/13,749,759,749,753,3600,753,1
2017/10/16,761,787,760,786,32200,786,1
2017/10/17,790,805,777,786,27000,786,1
2017/10/18,791,825,784,825,64200,825,1
2017/10/19,840,878,831,850,76200,850,1
2017/10/20,842,849,827,831,20600,831,1
2017/10/23,832,851,832,846,21700,846,1
2017/10/24,853,864,848,864,28400,864,1
2017/10/25,861,870,828,829,38500,829,1
2017/10/26,830,959,827,904,552100,904,1
2017/10/27,904,904,865,892,64500,892,1
2017/10/30,882,895,868,884,50400,884,1
2017/10/31,885,886,878,881,13400,881,1
2017/11/01,878,883,871,871,22700,871,1
2017/11/02,863,870,825,854,43500,854,1
2017/11/06,845,847,830,830,23000,830,1
2017/11/07,830,861,830,861,23600,861,1
2017/11/08,816,844,798,844,52800,844,1
2017/11/09,855,860,804,836,23400,836,1
2017/11/10,821,830,815,826,8600,826,1
2017/11/13,821,834,812,824,9600,824,1
2017/11/14,830,830,811,825,8300,825,1
2017/11/15,812,812,781,792,21100,792,1
2017/11/16,780,823,780,821,11800,821,1
2017/11/17,829,833,814,817,5700,817,1
2017/11/20,823,840,822,839,11900,839,1
2017/11/21,834,857,834,844,11200,844,1
2017/11/22,844,857,836,839,3700,839,1
2017/11/24,849,849,836,842,3500,842,1
2017/11/27,845,853,840,845,7700,845,1
2017/11/28,845,845,820,823,8500,823,1
2017/11/29,835,835,820,825,5200,825,1
2017/11/30,818,818,810,812,8300,812,1
2017/12/01,807,815,802,806,6400,806,1
2017/12/04,800,802,780,797,27100,797,1
2017/12/05,797,800,778,790,8700,790,1
2017/12/06,790,790,786,790,1500,790,1
2017/12/07,785,804,784,794,12800,794,1
2017/12/08,809,818,792,800,15100,800,1
2017/12/11,803,814,802,806,2800,806,1
2017/12/12,814,814,801,806,4700,806,1
2017/12/13,803,813,797,800,5600,800,1
2017/12/14,803,803,795,796,4700,796,1
2017/12/15,794,801,793,800,13000,800,1
2017/12/18,805,805,792,792,4600,792,1
2017/12/19,792,797,790,797,13800,797,1
2017/12/20,793,794,787,794,2800,794,1
2017/12/21,794,800,792,799,2400,799,1
2017/12/22,796,798,792,792,10800,792,1
2017/12/25,792,798,777,781,11200,781,1
2017/12/26,773,792,770,778,26500,778,1
2017/12/27,780,793,768,788,8300,788,1
2017/12/28,787,787,779,784,2200,784,1
2017/12/29,789,789,775,781,4200,781,1
2018/01/04,781,791,781,782,4600,782,1
2018/01/05,783,789,776,789,9600,789,1
2018/01/09,789,789,766,776,20200,776,1
2018/01/10,777,784,776,779,6800,779,1
2018/01/11,779,788,779,785,4000,785,1
2018/01/12,790,792,785,789,3900,789,1
2018/01/15,794,797,787,787,6600,787,1
2018/01/16,794,798,788,790,4000,790,1
2018/01/17,790,814,787,814,15300,814,1
2018/01/18,820,839,820,825,53200,825,1
2018/01/19,832,832,792,812,9900,812,1
2018/01/22,810,810,795,806,12600,806,1
2018/01/23,800,816,795,802,13800,802,1
2018/01/24,803,810,798,808,6800,808,1
2018/01/25,804,808,796,808,5800,808,1
2018/01/26,805,807,799,800,4200,800,1
2018/01/29,799,807,798,799,3100,799,1
2018/01/30,803,803,785,788,7300,788,1
2018/01/31,794,797,790,791,1100,791,1
2018/02/01,786,793,786,793,1900,793,1
2018/02/02,793,802,789,794,4100,794,1
2018/02/05,780,797,776,797,15000,797,1
2018/02/06,772,772,721,759,29200,759,1
2018/02/07,751,795,712,713,28800,713,1
2018/02/08,720,742,720,728,4100,728,1
2018/02/09,715,736,715,726,5200,726,1
2018/02/13,727,741,715,715,6700,715,1
2018/02/14,720,733,706,710,5400,710,1
2018/02/15,705,719,699,709,7600,709,1
2018/02/16,701,713,691,701,12800,701,1
2018/02/19,700,738,700,720,7200,720,1
2018/02/20,719,719,708,712,2400,712,1
2018/02/21,712,720,710,715,3200,715,1
2018/02/22,714,714,700,700,12800,700,1
2018/02/23,683,698,682,688,65900,688,1
2018/02/26,695,733,695,711,216200,711,1
2018/02/27,710,710,700,700,55000,700,1
2018/02/28,696,705,693,703,25100,703,1
2018/03/01,699,700,693,693,17300,693,1
2018/03/02,689,689,681,684,26700,684,1
2018/03/05,686,686,673,675,33300,675,1
2018/03/06,676,683,670,671,27600,671,1
2018/03/07,675,678,667,676,28300,676,1
2018/03/08,676,683,672,680,16600,680,1
2018/03/09,684,685,676,681,18700,681,1
2018/03/12,684,697,683,685,19900,685,1
2018/03/13,683,696,682,695,18100,695,1
2018/03/14,687,695,687,695,5800,695,1
2018/03/15,690,694,690,694,2600,694,1
2018/03/16,692,694,686,690,5800,690,1
2018/03/19,693,693,685,688,5300,688,1
2018/03/20,687,692,685,690,6900,690,1
2018/03/22,691,695,685,688,13100,688,1
2018/03/23,684,689,672,672,20500,672,1
2018/03/26,673,684,670,672,19700,672,1
2018/03/27,681,692,679,692,13600,692,1
2018/03/28,689,694,682,684,11700,684,1
2018/03/29,685,698,684,689,14600,689,1
2018/03/30,690,694,686,689,6600,689,1
2018/04/02,692,712,692,705,16400,705,1
2018/04/03,696,700,691,695,17700,695,1
2018/04/04,702,705,696,705,11900,705,1
2018/04/05,709,709,701,702,15700,702,1
2018/04/06,700,709,698,698,19300,698,1
2018/04/09,704,705,695,699,4200,699,1
2018/04/10,699,710,699,704,13900,704,1
2018/04/11,703,718,703,715,9100,715,1
2018/04/12,708,715,704,708,14400,708,1
2018/04/13,706,710,703,708,4000,708,1
2018/04/16,708,721,708,717,12500,717,1
2018/04/17,711,720,703,706,5600,706,1
2018/04/18,706,717,701,713,5700,713,1
2018/04/19,707,712,704,708,5800,708,1
2018/04/20,705,708,701,706,6000,706,1
2018/04/23,702,703,695,701,3300,701,1
2018/04/24,695,697,692,697,5700,697,1
2018/04/25,691,695,691,693,7000,693,1
2018/04/26,691,695,691,695,4700,695,1
2018/04/27,686,707,686,696,8000,696,1
2018/05/01,690,694,690,693,2100,693,1
2018/05/02,691,692,689,691,4200,691,1
2018/05/07,700,700,691,691,2300,691,1
2018/05/08,694,695,691,695,1600,695,1
2018/05/09,696,696,689,689,2700,689,1
2018/05/10,689,692,685,691,1800,691,1
2018/05/11,671,683,671,682,14300,682,1
2018/05/14,682,692,682,692,5100,692,1
2018/05/15,687,694,685,692,4900,692,1
2018/05/16,704,704,693,694,9100,694,1
2018/05/17,693,702,692,699,16000,699,1
2018/05/18,699,701,695,700,3300,700,1
2018/05/21,701,703,697,701,6800,701,1
2018/05/22,700,704,691,703,7800,703,1
2018/05/23,707,737,706,716,67800,716,1
2018/05/24,716,720,710,715,12200,715,1
2018/05/25,706,713,703,706,10900,706,1
2018/05/28,705,709,700,709,8200,709,1
2018/05/29,705,708,702,708,7100,708,1
2018/05/30,704,707,700,707,7600,707,1
2018/05/31,706,709,703,707,2900,707,1
2018/06/01,711,714,706,709,4200,709,1
2018/06/04,719,720,710,720,16700,720,1
2018/06/05,725,736,716,716,21700,716,1
2018/06/06,723,724,715,716,5500,716,1
2018/06/07,721,721,710,720,4900,720,1
2018/06/08,723,723,716,716,3500,716,1
2018/06/11,715,720,712,712,3800,712,1
2018/06/12,713,717,713,714,3900,714,1
2018/06/13,714,718,711,715,3700,715,1
2018/06/14,715,716,713,713,900,713,1
2018/06/15,712,727,711,721,3400,721,1
2018/06/18,781,871,757,871,725100,871,1
2018/06/19,867,937,829,900,1410500,900,1
2018/06/20,875,1050,860,1050,1495300,1050,1
2018/06/21,1220,1339,1122,1130,4517700,1130,1
2018/06/22,1095,1330,1090,1250,2751600,1250,1
2018/06/25,1193,1220,1072,1115,915300,1115,1
2018/06/26,1128,1232,1112,1165,1169600,1165,1
2018/06/27,1075,1102,1029,1076,488800,1076,1
2018/06/28,1033,1122,974,1122,451600,1122,1
2018/06/29,1092,1176,1062,1100,267700,1100,1
2018/07/02,1080,1080,1001,1005,217300,1005,1
2018/07/03,1025,1032,936,991,321300,991,1
2018/07/04,996,1040,956,1030,253900,1030,1
2018/07/05,1040,1170,1030,1075,604900,1075,1
2018/07/06,1072,1145,1035,1091,245700,1091,1
2018/07/09,1095,1122,1069,1085,126600,1085,1
2018/07/10,1090,1290,1090,1195,707800,1195,1
2018/07/11,1190,1349,1171,1305,685400,1305,1
2018/07/12,1335,1380,1271,1296,435500,1296,1
2018/07/13,1304,1340,1223,1255,224200,1255,1
2018/07/17,1231,1455,1210,1435,461500,1435,1
2018/07/18,1420,1623,1397,1566,958500,1566,1
2018/07/19,1581,1708,1500,1510,781800,1510,1
2018/07/20,1541,1618,1456,1469,375000,1469,1
2018/07/23,1469,1513,1218,1256,870600,1256,1
2018/07/24,1285,1316,1205,1270,790100,1270,1
2018/07/25,1274,1345,1231,1333,557100,1333,1
2018/07/26,1303,1329,1174,1191,545600,1191,1
2018/07/27,1208,1249,1123,1171,434300,1171,1
2018/07/30,1135,1194,1095,1098,399100,1098,1
2018/07/31,1094,1135,1060,1120,415600,1120,1
2018/08/01,1116,1126,1019,1021,392400,1021,1
2018/08/02,1038,1110,1003,1065,689000,1065,1
2018/08/03,1066,1086,981,981,404300,981,1
2018/08/06,989,994,950,958,196100,958,1
2018/08/07,968,1040,968,1005,495400,1005,1
2018/08/08,996,1112,995,1011,677300,1011,1
2018/08/09,997,1007,960,967,230400,967,1
2018/08/10,979,996,942,948,178700,948,1
2018/08/13,933,1015,923,986,206000,986,1
2018/08/14,971,1033,953,964,292600,964,1
