2015/03/18,1433.33,1458.33,1183.33,1183.33,406700,1183.33,6.0
2015/03/19,1060.0,1088.33,935.0,955.0,272800,955,6.0
2015/03/20,948.33,1121.67,921.67,1025.0,373800,1025,6.0
2015/03/23,1046.67,1196.67,1031.67,1196.67,671401,1196.67,6.0
2015/03/24,1146.67,1160.0,950.0,951.67,297400,951.67,6.0
2015/03/25,963.33,988.33,850.0,885.0,137800,885,6.0
2015/03/26,881.67,921.67,843.33,851.67,70200,851.67,6.0
2015/03/27,838.33,923.33,801.67,863.33,160600,863.33,6.0
2015/03/30,885.0,945.0,875.0,920.0,111900,920,6.0
2015/03/31,930.0,931.67,875.0,880.0,58600,880,6.0
2015/04/01,866.67,883.33,825.0,858.33,52000,858.33,6.0
2015/04/02,873.33,891.67,841.67,850.0,33100,850,6.0
2015/04/03,835.0,863.33,827.5,836.67,22300,836.67,6.0
2015/04/06,828.33,848.33,808.33,814.17,20200,814.17,6.0
2015/04/07,810.0,824.17,808.33,808.33,14500,808.33,6.0
2015/04/08,831.67,841.67,808.33,809.17,24300,809.17,6.0
2015/04/09,820.83,841.67,816.67,838.33,19400,838.33,6.0
2015/04/10,840.0,840.0,816.67,819.17,14400,819.17,6.0
2015/04/13,823.33,855.0,817.5,846.67,20600,846.67,6.0
2015/04/14,840.0,905.0,831.67,905.0,53000,905,6.0
2015/04/15,888.33,921.67,851.67,916.67,62500,916.67,6.0
2015/04/16,933.33,943.33,890.0,918.33,61500,918.33,6.0
2015/04/17,911.67,925.0,848.33,855.0,37500,855,6.0
2015/04/20,845.0,853.33,830.0,840.0,8800,840,6.0
2015/04/21,845.0,888.33,838.33,841.67,12800,841.67,6.0
2015/04/22,875.0,908.33,866.67,896.67,54800,896.67,6.0
2015/04/23,900.0,1040.0,898.33,935.0,246100,935,6.0
2015/04/24,918.33,941.67,893.33,918.33,58900,918.33,6.0
2015/04/27,928.33,1025.0,918.33,1000.0,72000,1000,6.0
2015/04/28,1033.33,1100.0,965.0,970.0,167000,970,6.0
2015/04/30,930.0,946.67,880.0,911.67,48000,911.67,6.0
2015/05/01,895.0,971.67,883.33,948.33,33300,948.33,6.0
2015/05/07,918.33,953.33,900.0,953.33,13500,953.33,6.0
2015/05/08,958.33,958.33,916.67,928.33,13400,928.33,6.0
2015/05/11,861.67,880.0,850.0,851.67,35000,851.67,6.0
2015/05/12,850.0,856.67,816.67,843.33,29300,843.33,6.0
2015/05/13,841.67,841.67,816.67,816.67,15100,816.67,6.0
2015/05/14,820.0,820.0,766.67,766.67,35600,766.67,6.0
2015/05/15,771.67,773.33,741.67,761.67,18400,761.67,6.0
2015/05/18,753.33,762.5,745.83,757.5,5600,757.5,6.0
2015/05/19,745.83,805.83,736.67,798.33,16500,798.33,6.0
2015/05/20,786.67,796.67,783.33,786.67,5500,786.67,6.0
2015/05/21,778.33,778.33,761.67,772.5,4800,772.5,6.0
2015/05/22,761.67,770.0,761.67,770.0,2300,770,6.0
2015/05/25,770.0,826.67,770.0,812.5,22100,812.5,6.0
2015/05/26,824.17,835.0,795.83,795.83,18100,795.83,6.0
2015/05/27,796.67,846.67,795.83,841.67,29400,841.67,6.0
2015/05/28,856.67,870.0,817.5,817.5,25700,817.5,6.0
2015/05/29,813.33,835.0,798.33,817.5,14100,817.5,6.0
2015/06/01,865.0,935.0,858.33,935.0,33300,935,6.0
2015/06/02,1001.67,1018.33,886.67,913.33,194100,913.33,6.0
2015/06/03,905.0,1080.0,905.0,1038.33,385500,1038.33,6.0
2015/06/04,1050.0,1205.0,1050.0,1205.0,929501,1205,6.0
2015/06/05,1230.0,1361.67,1075.0,1081.67,1699302,1081.67,6.0
2015/06/08,1115.0,1178.33,986.67,986.67,292700,986.67,6.0
2015/06/09,1003.33,1021.67,925.0,951.67,151900,951.67,6.0
2015/06/10,951.67,983.33,921.67,923.33,47200,923.33,6.0
2015/06/11,935.0,966.67,920.0,933.33,51800,933.33,6.0
2015/06/12,925.0,945.0,910.0,926.67,40800,926.67,6.0
2015/06/15,920.0,961.67,908.33,961.67,38100,961.67,6.0
2015/06/16,950.0,970.0,916.67,925.0,30500,925,6.0
2015/06/17,926.67,958.33,918.33,953.33,26300,953.33,6.0
2015/06/18,950.0,963.33,915.0,923.33,30000,923.33,6.0
2015/06/19,930.0,968.33,925.0,945.0,27700,945,6.0
2015/06/22,956.67,1046.67,955.0,1030.0,91600,1030,6.0
2015/06/23,1016.67,1021.67,978.33,1003.33,41900,1003.33,6.0
2015/06/24,1006.67,1098.33,1006.67,1033.33,103300,1033.33,6.0
2015/06/25,1025.0,1091.67,1025.0,1075.0,73300,1075,6.0
2015/06/26,1141.67,1183.33,1071.67,1083.33,207800,1083.33,6.0
2015/06/29,1016.67,1033.33,973.33,993.33,46900,993.33,6.0
2015/06/30,1003.33,1025.0,973.33,976.67,28100,976.67,6.0
2015/07/01,980.0,1006.67,950.0,1006.67,24000,1006.67,6.0
2015/07/02,1020.0,1108.33,1013.33,1076.67,64300,1076.67,6.0
2015/07/03,1060.0,1083.33,1033.33,1050.0,25300,1050,6.0
2015/07/06,1025.0,1048.33,985.0,990.0,19300,990,6.0
2015/07/07,1006.67,1058.33,1006.67,1038.33,24600,1038.33,6.0
2015/07/08,1080.0,1080.0,983.33,1003.33,24400,1003.33,6.0
2015/07/09,953.33,998.33,866.67,985.0,21800,985,6.0
2015/07/10,990.0,990.0,921.67,925.0,11800,925,6.0
2015/07/13,941.67,955.0,926.67,936.67,9500,936.67,6.0
2015/07/14,953.33,971.67,936.67,950.0,11400,950,6.0
2015/07/15,943.33,978.33,941.67,971.67,10900,971.67,6.0
2015/07/16,985.0,1071.67,975.0,1055.0,35400,1055,6.0
2015/07/17,1075.0,1100.0,1041.67,1041.67,46300,1041.67,6.0
2015/07/21,1056.67,1066.67,1033.33,1038.33,11800,1038.33,6.0
2015/07/22,1025.0,1040.0,1006.67,1020.0,11200,1020,6.0
2015/07/23,1018.33,1066.67,1010.0,1048.33,20400,1048.33,6.0
2015/07/24,1031.67,1041.67,1013.33,1015.0,8600,1015,6.0
2015/07/27,1028.33,1120.0,1013.33,1106.67,57200,1106.67,6.0
2015/07/28,1076.67,1228.33,1068.33,1150.0,174600,1150,6.0
2015/07/29,1208.33,1316.67,1161.67,1316.67,389800,1316.67,6.0
2015/07/30,1433.33,1566.67,1366.67,1566.67,674501,1566.67,6.0
2015/07/31,1666.67,1715.0,1511.67,1575.0,1096101,1575,6.0
2015/08/03,1500.0,1531.67,1325.0,1325.0,244700,1325,6.0
2015/08/04,1348.33,1408.33,1260.0,1275.0,284100,1275,6.0
2015/08/05,1300.0,1308.33,1236.67,1251.67,70100,1251.67,6.0
2015/08/06,1296.67,1356.67,1266.67,1291.67,93100,1291.67,6.0
2015/08/07,1316.67,1541.67,1303.33,1518.33,514301,1518.33,6.0
2015/08/10,1293.33,1310.0,1268.33,1268.33,106400,1268.33,6.0
2015/08/11,1218.33,1236.67,1120.0,1166.67,163300,1166.67,6.0
2015/08/12,1165.0,1216.67,1136.67,1151.67,57600,1151.67,6.0
2015/08/13,1135.0,1171.67,1091.67,1121.67,45100,1121.67,6.0
2015/08/14,1121.67,1230.0,1101.67,1200.0,70500,1200,6.0
2015/08/17,1176.67,1288.33,1168.33,1261.67,101100,1261.67,6.0
2015/08/18,1300.0,1435.0,1248.33,1350.0,186800,1350,6.0
2015/08/19,1416.67,1461.67,1278.33,1376.67,213300,1376.67,6.0
2015/08/20,1341.67,1373.33,1246.67,1246.67,76500,1246.67,6.0
2015/08/21,1166.67,1198.33,1135.0,1145.0,61200,1145,6.0
2015/08/24,1095.0,1163.33,978.33,978.33,69300,978.33,6.0
2015/08/25,920.0,1041.67,825.83,898.33,85900,898.33,6.0
2015/08/26,965.0,1030.0,916.67,1020.0,56700,1020,6.0
2015/08/27,1070.0,1106.67,1008.33,1023.33,71300,1023.33,6.0
2015/08/28,1055.0,1058.33,1013.33,1033.33,32800,1033.33,6.0
2015/08/31,1011.67,1060.0,1005.0,1036.67,25400,1036.67,6.0
2015/09/01,1023.33,1035.0,975.0,975.0,17500,975,6.0
2015/09/02,930.0,985.0,911.67,943.33,12400,943.33,6.0
2015/09/03,963.33,991.67,938.33,940.0,7000,940,6.0
2015/09/04,941.67,943.33,825.83,863.33,25000,863.33,6.0
2015/09/07,853.33,913.33,845.0,886.67,19500,886.67,6.0
2015/09/08,903.33,985.0,891.67,908.33,43700,908.33,6.0
2015/09/09,958.33,1010.0,936.67,983.33,49600,983.33,6.0
2015/09/10,940.0,993.33,920.0,980.0,32800,980,6.0
2015/09/11,991.67,1011.67,981.67,1000.0,25300,1000,6.0
2015/09/14,1003.33,1003.33,931.67,933.33,15200,933.33,6.0
2015/09/15,933.33,950.0,923.33,933.33,6200,933.33,6.0
2015/09/16,933.33,945.0,885.0,890.0,8400,890,6.0
2015/09/17,898.33,901.67,881.67,900.0,5200,900,6.0
2015/09/18,883.33,886.67,866.67,878.33,3600,878.33,6.0
2015/09/24,865.0,865.0,848.33,855.0,2500,855,6.0
2015/09/25,841.67,880.0,840.0,880.0,3800,880,6.0
2015/09/28,896.67,923.33,883.33,911.67,6400,911.67,6.0
2015/09/29,888.33,888.33,860.0,866.67,3500,866.67,6.0
2015/09/30,895.0,908.33,876.67,908.33,3800,908.33,6.0
2015/10/01,921.67,933.33,896.67,900.0,7700,900,6.0
2015/10/02,908.33,915.0,881.67,900.0,5000,900,6.0
2015/10/05,908.33,953.33,908.33,938.33,9600,938.33,6.0
2015/10/06,971.67,1098.33,955.0,1098.33,120900,1098.33,6.0
2015/10/07,1050.0,1058.33,983.33,1028.33,48300,1028.33,6.0
2015/10/08,1025.0,1078.33,1011.67,1033.33,20200,1033.33,6.0
2015/10/09,1040.0,1063.33,1018.33,1050.0,10600,1050,6.0
2015/10/13,1050.0,1050.0,986.67,986.67,11000,986.67,6.0
2015/10/14,973.33,1010.0,973.33,981.67,5100,981.67,6.0
2015/10/15,970.0,1016.67,965.0,1001.67,8400,1001.67,6.0
2015/10/16,1001.67,1016.67,988.33,993.33,4900,993.33,6.0
2015/10/19,993.33,993.33,970.0,981.67,2000,981.67,6.0
2015/10/20,983.33,985.0,958.33,973.33,3400,973.33,6.0
2015/10/21,960.0,1040.0,955.0,973.33,22000,973.33,6.0
2015/10/22,981.67,1026.67,981.67,1016.67,17100,1016.67,6.0
2015/10/23,1033.33,1046.67,1011.67,1031.67,12600,1031.67,6.0
2015/10/26,1040.0,1065.0,1018.33,1055.0,14100,1055,6.0
2015/10/27,1071.67,1073.33,1025.0,1030.0,11000,1030,6.0
2015/10/28,1028.33,1028.33,1001.67,1003.33,4400,1003.33,6.0
2015/10/29,1016.67,1026.67,1000.0,1000.0,4000,1000,6.0
2015/10/30,1000.0,1013.33,980.0,1003.33,6400,1003.33,6.0
2015/11/02,986.67,1055.0,986.67,1053.33,9100,1053.33,6.0
2015/11/04,1053.33,1053.33,1003.33,1003.33,8000,1003.33,6.0
2015/11/05,995.0,1010.0,971.67,1000.0,7100,1000,6.0
2015/11/06,985.0,1015.0,976.67,1000.0,8300,1000,6.0
2015/11/09,1021.67,1053.33,1010.0,1018.33,22200,1018.33,6.0
2015/11/10,1018.33,1036.67,1015.0,1018.33,4100,1018.33,6.0
2015/11/11,1023.33,1023.33,991.67,1015.0,5900,1015,6.0
2015/11/12,1001.67,1016.67,995.0,998.33,6300,998.33,6.0
2015/11/13,985.0,1000.0,980.0,990.0,5500,990,6.0
2015/11/16,980.0,986.67,970.0,986.67,2200,986.67,6.0
2015/11/17,986.67,996.67,983.33,985.0,2800,985,6.0
2015/11/18,991.67,998.33,975.0,978.33,2300,978.33,6.0
2015/11/19,981.67,986.67,975.0,975.0,3300,975,6.0
2015/11/20,975.0,975.0,925.0,955.0,9300,955,6.0
2015/11/24,961.67,966.67,948.33,955.0,2700,955,6.0
2015/11/25,950.0,975.0,948.33,975.0,1800,975,6.0
2015/11/26,973.33,973.33,953.33,968.33,1200,968.33,6.0
2015/11/27,968.33,968.33,946.67,948.33,2900,948.33,6.0
2015/11/30,935.0,938.33,911.67,915.0,9500,915,6.0
2015/12/01,915.0,943.33,913.33,923.33,4400,923.33,6.0
2015/12/02,923.33,925.0,910.0,911.67,1900,911.67,6.0
2015/12/03,905.0,911.67,901.67,906.67,3100,906.67,6.0
2015/12/04,906.67,933.33,901.67,923.33,3700,923.33,6.0
2015/12/07,940.0,940.0,926.67,926.67,3300,926.67,6.0
2015/12/08,925.0,931.67,908.33,908.33,3000,908.33,6.0
2015/12/09,908.33,918.33,901.67,901.67,2600,901.67,6.0
2015/12/10,891.67,891.67,870.0,873.33,4200,873.33,6.0
2015/12/11,870.0,873.33,863.33,863.33,2500,863.33,6.0
2015/12/14,850.0,860.0,841.67,851.67,7500,851.67,6.0
2015/12/15,861.67,893.33,855.0,855.0,7000,855,6.0
2015/12/16,865.0,871.67,853.33,853.33,1500,853.33,6.0
2015/12/17,880.0,883.33,860.0,883.33,3100,883.33,6.0
2015/12/18,908.33,965.0,893.33,906.67,12800,906.67,6.0
2015/12/21,888.33,888.33,860.0,870.0,3300,870,6.0
2015/12/22,870.0,886.67,866.67,875.0,3700,875,6.0
2015/12/24,876.67,886.67,841.67,841.67,9100,841.67,6.0
2015/12/25,833.33,840.0,760.0,788.33,17400,788.33,6.0
2015/12/28,823.33,866.67,800.0,843.33,5700,843.33,6.0
2015/12/29,851.67,853.33,821.67,836.67,2500,836.67,6.0
2015/12/30,836.67,860.0,824.17,860.0,4500,860,6.0
2016/01/04,866.67,880.0,850.0,850.0,3200,850,6.0
2016/01/05,841.67,851.67,840.0,843.33,1200,843.33,6.0
2016/01/06,846.67,858.33,838.33,841.67,2000,841.67,6.0
2016/01/07,833.33,841.67,804.17,831.67,3900,831.67,6.0
2016/01/08,806.67,833.33,806.67,817.5,4600,817.5,6.0
2016/01/12,813.33,813.33,780.83,780.83,5100,780.83,6.0
2016/01/13,781.67,811.67,780.83,801.67,4200,801.67,6.0
2016/01/14,766.67,777.5,739.17,761.67,5900,761.67,6.0
2016/01/15,761.67,785.0,745.83,745.83,2700,745.83,6.0
2016/01/18,715.0,725.0,673.33,703.33,2800,703.33,6.0
2016/01/19,693.33,708.33,686.67,708.33,3700,708.33,6.0
2016/01/20,696.67,700.83,664.17,664.17,4400,664.17,6.0
2016/01/21,652.5,677.5,610.0,614.17,7700,614.17,6.0
2016/01/22,633.33,659.17,625.0,640.83,4700,640.83,6.0
2016/01/25,659.17,661.67,633.33,639.17,4500,639.17,6.0
2016/01/26,621.67,665.83,616.67,638.33,4200,638.33,6.0
2016/01/27,665.83,728.33,665.83,691.67,7500,691.67,6.0
2016/01/28,690.0,695.0,666.67,695.0,3300,695,6.0
2016/01/29,671.67,710.0,670.0,710.0,3300,710,6.0
2016/02/01,741.67,753.33,723.33,723.33,1900,723.33,6.0
2016/02/02,720.0,745.0,720.0,743.33,2500,743.33,6.0
2016/02/03,731.67,733.33,710.0,729.17,3100,729.17,6.0
2016/02/04,694.17,694.17,662.5,663.33,8900,663.33,6.0
2016/02/05,640.0,644.17,580.0,620.0,10500,620,6.0
2016/02/08,596.67,614.17,585.83,606.67,4000,606.67,6.0
2016/02/09,586.67,586.67,557.5,557.5,3200,557.5,6.0
2016/02/10,580.0,580.0,520.0,533.33,4300,533.33,6.0
2016/02/12,498.33,515.83,452.17,455.0,11600,455,6.0
2016/02/15,488.33,516.67,484.17,513.33,10100,513.33,6.0
2016/02/16,520.0,540.83,508.33,525.83,7100,525.83,6.0
2016/02/17,524.17,527.5,511.67,512.5,3100,512.5,6.0
2016/02/18,533.33,535.83,515.0,516.67,5900,516.67,6.0
2016/02/19,505.0,513.33,501.67,513.33,4100,513.33,6.0
2016/02/22,515.0,581.67,515.0,550.0,10300,550,6.0
2016/02/23,595.0,666.67,595.0,666.67,24200,666.67,6.0
2016/02/24,675.0,693.33,620.0,666.67,27400,666.67,6.0
2016/02/25,677.5,677.5,618.33,636.67,6000,636.67,6.0
2016/02/26,635.83,635.83,615.0,621.67,4600,621.67,6.0
2016/02/29,623.33,624.17,590.0,601.67,6100,601.67,6.0
2016/03/01,578.33,597.5,575.0,587.5,4400,587.5,6.0
2016/03/02,597.5,620.83,590.0,596.67,2700,596.67,6.0
2016/03/03,620.0,629.17,600.83,611.67,2700,611.67,6.0
2016/03/04,600.0,610.83,596.67,599.17,4800,599.17,6.0
2016/03/07,606.67,616.67,600.83,600.83,3100,600.83,6.0
2016/03/08,604.17,604.17,583.33,584.17,3000,584.17,6.0
2016/03/09,574.17,577.5,563.33,577.5,1200,577.5,6.0
2016/03/10,566.67,612.5,566.67,594.17,3400,594.17,6.0
2016/03/11,590.0,607.5,578.33,596.67,1400,596.67,6.0
2016/03/14,596.67,612.5,587.5,591.67,3400,591.67,6.0
2016/03/15,606.67,632.5,606.67,629.17,7100,629.17,6.0
2016/03/16,648.33,668.33,638.33,668.33,12400,668.33,6.0
2016/03/17,675.0,696.67,641.67,658.33,14300,658.33,6.0
2016/03/18,646.67,655.0,610.0,620.83,6500,620.83,6.0
2016/03/22,631.67,658.33,610.83,656.67,5000,656.67,6.0
2016/03/23,655.0,672.5,641.67,655.83,3500,655.83,6.0
2016/03/24,651.67,657.5,650.0,657.5,2300,657.5,6.0
2016/03/25,651.67,660.0,651.67,655.83,2000,655.83,6.0
2016/03/28,650.0,651.67,631.67,635.0,3000,635,6.0
2016/03/29,641.67,685.0,641.67,683.33,8400,683.33,6.0
2016/03/30,716.67,732.5,696.67,704.17,14900,704.17,6.0
2016/03/31,705.0,717.5,705.0,711.67,4100,711.67,6.0
2016/04/01,700.0,700.0,643.33,666.67,13500,666.67,6.0
2016/04/04,638.33,650.0,616.67,649.17,5100,649.17,6.0
2016/04/05,649.17,649.17,610.0,610.0,4200,610,6.0
2016/04/06,600.0,603.33,588.33,598.33,3300,598.33,6.0
2016/04/07,596.67,619.17,596.67,601.67,1600,601.67,6.0
2016/04/08,586.67,626.67,585.83,625.0,3800,625,6.0
2016/04/11,619.17,647.5,615.83,640.0,3000,640,6.0
2016/04/12,640.0,670.0,640.0,641.67,3300,641.67,6.0
2016/04/13,653.33,664.17,644.17,649.17,2700,649.17,6.0
2016/04/14,666.67,666.67,653.33,656.67,2200,656.67,6.0
2016/04/15,656.67,688.33,656.67,676.67,5000,676.67,6.0
2016/04/18,700.0,705.0,689.17,703.33,11100,703.33,6.0
2016/04/19,722.5,796.67,716.67,781.67,30300,781.67,6.0
2016/04/20,805.0,808.33,733.33,739.17,22200,739.17,6.0
2016/04/21,742.5,783.33,739.17,753.33,12400,753.33,6.0
2016/04/22,750.0,780.0,745.83,750.0,10400,750,6.0
2016/04/25,760.0,790.83,760.0,770.83,9100,770.83,6.0
2016/04/26,775.0,775.0,741.67,742.5,11000,742.5,6.0
2016/04/27,732.5,753.33,718.33,736.67,6800,736.67,6.0
2016/04/28,736.67,755.0,721.67,755.0,4200,755,6.0
2016/05/02,731.67,771.67,730.0,767.5,6300,767.5,6.0
2016/05/06,802.5,883.33,790.0,846.67,53500,846.67,6.0
2016/05/09,841.67,841.67,786.67,815.0,51000,815,6.0
2016/05/10,836.67,838.33,793.33,793.33,20000,793.33,6.0
2016/05/11,800.0,800.0,763.33,780.83,13000,780.83,6.0
2016/05/12,783.33,784.17,746.67,748.33,15100,748.33,6.0
2016/05/13,748.33,749.17,708.33,723.33,15700,723.33,6.0
2016/05/16,706.67,719.17,683.33,684.17,8500,684.17,6.0
2016/05/17,676.67,716.67,670.83,716.67,7500,716.67,6.0
2016/05/18,715.83,715.83,666.67,666.67,8200,666.67,6.0
2016/05/19,663.33,690.83,655.83,675.83,7200,675.83,6.0
2016/05/20,662.5,677.5,661.67,673.33,3900,673.33,6.0
2016/05/23,673.33,684.17,673.33,684.17,6000,684.17,6.0
2016/05/24,690.0,698.33,683.33,695.83,4900,695.83,6.0
2016/05/25,700.0,703.33,690.83,690.83,3800,690.83,6.0
2016/05/26,679.17,679.17,653.33,667.5,8200,667.5,6.0
2016/05/27,667.5,675.0,667.5,669.17,3100,669.17,6.0
2016/05/30,663.33,680.0,663.33,670.83,2900,670.83,6.0
2016/05/31,680.83,690.83,680.83,685.0,2900,685,6.0
2016/06/01,691.67,692.5,680.83,680.83,2400,680.83,6.0
2016/06/02,673.33,675.83,665.0,665.0,2400,665,6.0
2016/06/03,666.67,666.67,661.67,661.67,1300,661.67,6.0
2016/06/06,655.0,665.0,646.67,665.0,2000,665,6.0
2016/06/07,665.0,781.67,663.33,781.67,28900,781.67,6.0
2016/06/08,791.67,846.67,718.33,729.17,89000,729.17,6.0
2016/06/09,719.17,719.17,692.5,705.0,14000,705,6.0
2016/06/10,716.67,716.67,684.17,692.5,4600,692.5,6.0
2016/06/13,692.5,692.5,667.5,668.33,6600,668.33,6.0
2016/06/14,669.17,670.0,605.83,608.33,15900,608.33,6.0
2016/06/15,606.67,656.67,606.67,641.67,5400,641.67,6.0
2016/06/16,633.33,637.5,620.0,635.0,7900,635,6.0
2016/06/17,635.0,639.17,620.0,620.0,1700,620,6.0
2016/06/20,625.0,663.33,625.0,650.0,2900,650,6.0
2016/06/21,640.0,661.67,636.67,645.83,2800,645.83,6.0
2016/06/22,634.17,644.17,630.0,644.17,2400,644.17,6.0
2016/06/23,635.0,657.5,628.33,651.67,1800,651.67,6.0
2016/06/24,652.5,658.33,535.0,565.0,11500,565,6.0
2016/06/27,583.33,616.67,578.33,606.67,2600,606.67,6.0
2016/06/28,586.67,626.67,585.0,616.67,1300,616.67,6.0
2016/06/29,619.17,634.17,618.33,634.17,2600,634.17,6.0
2016/06/30,634.17,650.0,630.0,630.0,2200,630,6.0
2016/07/01,633.33,634.17,593.33,632.5,5500,632.5,6.0
2016/07/04,632.5,644.17,632.5,642.5,800,642.5,6.0
2016/07/05,656.67,656.67,635.0,635.0,1500,635,6.0
2016/07/06,616.67,617.5,611.67,616.67,900,616.67,6.0
2016/07/07,633.33,633.33,617.5,618.33,700,618.33,6.0
2016/07/08,608.33,608.33,588.33,588.33,2200,588.33,6.0
2016/07/11,600.0,615.0,595.0,603.33,2000,603.33,6.0
2016/07/12,612.5,629.17,610.0,612.5,3100,612.5,6.0
2016/07/13,623.33,637.5,623.33,625.0,900,625,6.0
2016/07/14,633.33,633.33,609.17,620.0,1200,620,6.0
2016/07/15,621.67,633.33,611.67,611.67,2700,611.67,6.0
2016/07/19,610.0,639.17,610.0,638.33,3500,638.33,6.0
2016/07/20,626.67,637.5,625.0,632.5,2000,632.5,6.0
2016/07/21,620.83,641.67,620.83,635.0,5200,635,6.0
2016/07/22,645.0,657.5,635.0,643.33,5100,643.33,6.0
2016/07/25,650.0,675.83,650.0,661.67,3400,661.67,6.0
2016/07/26,663.33,663.33,650.83,650.83,1100,650.83,6.0
2016/07/27,651.67,663.33,649.17,650.0,1400,650,6.0
2016/07/28,649.17,649.17,643.33,643.33,400,643.33,6.0
2016/07/29,635.0,651.67,618.33,648.33,4500,648.33,6.0
2016/08/01,648.33,652.5,645.0,650.0,1100,650,6.0
2016/08/02,650.0,650.0,640.0,645.0,1100,645,6.0
2016/08/03,633.33,638.33,627.5,632.5,1700,632.5,6.0
2016/08/04,632.5,660.0,632.5,655.0,500,655,6.0
2016/08/05,651.67,651.67,638.33,644.17,1300,644.17,6.0
2016/08/08,643.33,647.5,620.0,626.67,3000,626.67,6.0
2016/08/09,628.33,630.0,628.33,630.0,500,630,6.0
2016/08/10,621.67,625.0,621.67,625.0,800,625,6.0
2016/08/12,640.0,649.17,634.17,639.17,900,639.17,6.0
2016/08/16,640.83,645.83,635.83,635.83,1100,635.83,6.0
2016/08/17,636.67,646.67,636.67,637.5,600,637.5,6.0
2016/08/18,638.33,638.33,638.33,638.33,300,638.33,6.0
2016/08/19,635.0,635.0,630.83,635.0,900,635,6.0
2016/08/22,645.0,645.0,626.67,626.67,2200,626.67,6.0
2016/08/23,620.0,620.0,616.67,616.67,1600,616.67,6.0
2016/08/24,616.67,616.67,616.67,616.67,100,616.67,6.0
2016/08/25,633.33,641.67,630.0,630.0,1200,630,6.0
2016/08/26,641.67,641.67,624.17,625.0,600,625,6.0
2016/08/29,621.67,625.0,620.83,620.83,500,620.83,6.0
2016/08/30,620.0,621.67,616.67,616.67,1000,616.67,6.0
2016/08/31,626.67,626.67,617.5,620.83,600,620.83,6.0
2016/09/01,622.5,627.5,620.83,620.83,2000,620.83,6.0
2016/09/02,658.33,736.67,650.0,725.0,35100,725,6.0
2016/09/05,691.67,718.33,667.5,676.67,15000,676.67,6.0
2016/09/06,688.33,715.83,675.0,677.5,7800,677.5,6.0
2016/09/07,684.17,714.17,677.5,691.67,4900,691.67,6.0
2016/09/08,715.0,728.33,697.5,708.33,5100,708.33,6.0
2016/09/09,724.17,771.67,721.67,743.33,11200,743.33,6.0
2016/09/12,743.33,758.33,735.0,758.33,7000,758.33,6.0
2016/09/13,780.0,815.0,763.33,775.0,10700,775,6.0
2016/09/14,786.67,804.17,718.33,718.33,7100,718.33,6.0
2016/09/15,720.0,732.5,703.33,725.83,2900,725.83,6.0
2016/09/16,748.33,758.33,726.67,737.5,2600,737.5,6.0
2016/09/20,748.33,748.33,708.33,711.67,5800,711.67,6.0
2016/09/21,704.17,725.0,704.17,715.83,700,715.83,6.0
2016/09/23,726.67,726.67,701.67,724.17,8000,724.17,6.0
2016/09/26,717.5,717.5,702.5,705.83,3000,705.83,6.0
2016/09/27,708.33,708.33,691.67,695.83,7000,695.83,6.0
2016/09/28,695.83,710.0,695.83,702.5,3100,702.5,6.0
2016/09/29,702.5,714.17,702.5,706.67,1100,706.67,6.0
2016/09/30,706.67,718.33,705.0,718.33,2900,718.33,6.0
2016/10/03,730.0,730.0,711.67,716.67,2900,716.67,6.0
2016/10/04,721.67,721.67,707.5,711.67,2800,711.67,6.0
2016/10/05,719.17,719.17,703.33,706.67,2800,706.67,6.0
2016/10/06,717.5,717.5,703.33,703.33,2500,703.33,6.0
2016/10/07,703.33,709.17,700.0,700.0,1900,700,6.0
2016/10/11,702.5,711.67,701.67,701.67,3500,701.67,6.0
2016/10/12,702.5,705.0,698.33,698.33,1600,698.33,6.0
2016/10/13,692.5,702.5,690.0,690.83,1900,690.83,6.0
2016/10/14,695.83,696.67,686.67,686.67,2200,686.67,6.0
2016/10/17,689.17,699.17,689.17,698.33,1700,698.33,6.0
2016/10/18,697.5,697.5,689.17,691.67,3300,691.67,6.0
2016/10/19,708.33,709.17,705.0,709.17,1300,709.17,6.0
2016/10/20,711.67,737.5,711.67,727.5,4000,727.5,6.0
2016/10/21,750.83,750.83,726.67,730.83,3100,730.83,6.0
2016/10/24,742.5,746.67,734.17,737.5,2800,737.5,6.0
2016/10/25,747.5,747.5,724.17,733.33,3000,733.33,6.0
2016/10/26,735.83,742.5,733.33,742.5,1600,742.5,6.0
2016/10/27,738.33,738.33,710.0,710.0,3600,710,6.0
2016/10/28,713.33,723.33,713.33,715.0,2200,715,6.0
2016/10/31,703.33,715.83,702.5,709.17,1500,709.17,6.0
2016/11/01,707.5,727.5,707.5,727.5,3400,727.5,6.0
2016/11/02,730.0,730.0,693.33,693.33,4700,693.33,6.0
2016/11/04,686.67,691.67,678.33,691.67,2800,691.67,6.0
2016/11/07,758.33,763.33,735.0,742.5,13400,742.5,6.0
2016/11/08,750.0,750.0,723.33,730.0,6800,730,6.0
2016/11/09,730.0,741.67,688.33,705.0,11500,705,6.0
2016/11/10,750.0,750.0,732.5,745.0,3500,745,6.0
2016/11/11,750.0,755.0,735.0,746.67,5300,746.67,6.0
2016/11/14,757.5,757.5,746.67,751.67,1700,751.67,6.0
2016/11/15,743.33,751.67,742.5,746.67,3100,746.67,6.0
2016/11/16,750.83,781.67,750.83,781.67,7300,781.67,6.0
2016/11/17,786.67,800.0,780.0,787.5,4800,787.5,6.0
2016/11/18,785.0,795.0,775.0,775.0,4600,775,6.0
2016/11/21,786.67,786.67,766.67,778.33,2900,778.33,6.0
2016/11/22,836.67,895.0,833.33,895.0,22000,895,6.0
2016/11/24,1061.67,1061.67,1061.67,1061.67,3500,1061.67,6.0
2016/11/25,1065.0,1225.0,953.33,1000.0,268900,1000,6.0
2016/11/28,960.0,1233.33,933.33,1150.0,378200,1150,3.0
2016/11/29,1080.0,1126.67,1033.33,1055.0,112700,1055,3.0
2016/11/30,1003.33,1011.67,946.67,973.33,90400,973.33,3.0
2016/12/01,993.33,1026.67,945.67,950.0,72200,950,3.0
2016/12/02,959.67,963.33,909.0,926.67,36500,926.67,3.0
2016/12/05,908.0,919.67,895.67,906.33,20600,906.33,3.0
2016/12/06,905.33,918.0,890.33,912.33,24200,912.33,3.0
2016/12/07,930.33,935.0,904.67,916.33,21800,916.33,3.0
2016/12/08,904.0,916.0,856.67,867.67,29400,867.67,3.0
2016/12/09,860.67,884.33,855.0,869.0,17800,869,3.0
2016/12/12,872.33,884.67,860.0,884.33,20800,884.33,3.0
2016/12/13,884.0,950.0,883.0,918.67,35300,918.67,3.0
2016/12/14,935.33,945.33,906.67,910.33,18000,910.33,3.0
2016/12/15,912.67,928.0,896.67,927.33,10100,927.33,3.0
2016/12/16,933.33,933.33,871.0,877.0,20600,877,3.0
2016/12/19,893.67,893.67,850.0,861.33,18700,861.33,3.0
2016/12/20,845.67,879.67,841.0,879.67,11600,879.67,3.0
2016/12/21,879.67,879.67,860.33,871.33,8600,871.33,3.0
2016/12/22,866.67,871.67,844.67,849.33,9800,849.33,3.0
2016/12/26,874.33,875.67,851.67,865.67,18400,865.67,3.0
2016/12/27,895.0,895.0,866.67,877.33,11100,877.33,3.0
2016/12/28,892.0,892.0,868.0,885.0,7200,885,3.0
2016/12/29,890.0,890.0,860.0,866.67,8900,866.67,3.0
2016/12/30,866.67,881.33,866.67,878.67,6000,878.67,3.0
2017/01/04,901.67,912.67,900.0,905.0,15000,905,3.0
2017/01/05,921.67,950.33,909.33,943.33,29400,943.33,3.0
2017/01/06,976.67,976.67,945.0,955.0,15000,955,3.0
2017/01/10,962.67,966.67,950.67,950.67,13600,950.67,3.0
2017/01/11,960.0,960.33,924.67,930.0,8700,930,3.0
2017/01/12,916.0,931.33,916.0,920.0,6700,920,3.0
2017/01/13,920.67,942.67,918.67,927.33,8900,927.33,3.0
2017/01/16,927.67,941.0,920.0,921.67,10700,921.67,3.0
2017/01/17,937.33,937.33,920.0,921.67,11300,921.67,3.0
2017/01/18,932.33,932.33,913.33,913.33,8100,913.33,3.0
2017/01/19,916.33,921.0,905.0,905.0,5300,905,3.0
2017/01/20,903.67,905.0,895.0,895.67,5100,895.67,3.0
2017/01/23,892.33,911.33,892.0,909.0,2200,909,3.0
2017/01/24,906.67,943.0,906.67,943.0,11500,943,3.0
2017/01/25,959.67,959.67,943.33,945.67,11500,945.67,3.0
2017/01/26,946.67,961.67,945.67,950.33,9000,950.33,3.0
2017/01/27,961.67,961.67,952.0,953.0,3700,953,3.0
2017/01/30,958.33,984.33,958.33,984.33,19300,984.33,3.0
2017/01/31,984.0,1053.33,974.67,1033.33,54900,1033.33,3.0
2017/02/01,958.67,973.33,942.67,960.0,45500,960,3.0
2017/02/02,963.33,966.67,937.33,942.33,9900,942.33,3.0
2017/02/03,946.67,958.0,937.33,937.33,5900,937.33,3.0
2017/02/06,938.67,938.67,923.67,929.67,9500,929.67,3.0
2017/02/07,922.0,928.33,909.33,916.67,8800,916.67,3.0
2017/02/08,916.67,933.33,916.67,925.33,7600,925.33,3.0
2017/02/09,926.67,948.0,920.0,930.67,7100,930.67,3.0
2017/02/10,930.67,930.67,913.33,913.33,11600,913.33,3.0
2017/02/13,912.33,926.33,902.67,917.0,10200,917,3.0
2017/02/14,915.67,945.0,915.67,924.0,6500,924,3.0
2017/02/15,933.33,933.33,925.33,930.67,4500,930.67,3.0
2017/02/16,926.67,926.67,907.0,908.33,8700,908.33,3.0
2017/02/17,908.67,926.67,908.67,915.0,3900,915,3.0
2017/02/20,933.33,933.33,922.33,930.67,6100,930.67,3.0
2017/02/21,920.0,926.67,919.33,926.67,5600,926.67,3.0
2017/02/22,923.67,940.0,923.67,928.33,5700,928.33,3.0
2017/02/23,930.67,939.33,929.33,939.33,5900,939.33,3.0
2017/02/24,931.33,940.0,931.33,939.67,4300,939.67,3.0
2017/02/27,942.0,943.33,938.67,940.33,8800,940.33,3.0
2017/02/28,943.33,963.33,943.0,963.33,14200,963.33,3.0
2017/03/01,963.33,973.33,956.67,968.67,11700,968.67,3.0
2017/03/02,977.67,1023.33,975.33,1023.33,24400,1023.33,3.0
2017/03/03,1031.67,1031.67,986.67,1000.0,13200,1000,3.0
2017/03/06,1000.0,1020.0,992.33,1008.33,7400,1008.33,3.0
2017/03/07,1015.0,1015.0,994.33,996.67,8800,996.67,3.0
2017/03/08,996.67,1016.67,996.67,1011.67,7800,1011.67,3.0
2017/03/09,1011.67,1018.33,1000.0,1006.67,5200,1006.67,3.0
2017/03/10,1010.0,1020.0,1001.67,1013.33,5200,1013.33,3.0
2017/03/13,1010.0,1010.0,967.67,968.33,11000,968.33,3.0
2017/03/14,956.67,956.67,941.67,949.0,7900,949,3.0
2017/03/15,950.0,966.0,933.67,936.33,7500,936.33,3.0
2017/03/16,930.0,943.0,930.0,937.0,2900,937,3.0
2017/03/17,953.67,960.0,933.33,935.33,7400,935.33,3.0
2017/03/21,973.0,1030.0,967.0,1020.0,21800,1020,3.0
2017/03/22,974.67,1023.33,973.67,1000.0,12100,1000,3.0
2017/03/23,999.67,1016.67,998.33,1008.33,6000,1008.33,3.0
2017/03/24,1031.67,1050.0,1013.33,1023.33,19000,1023.33,3.0
2017/03/27,1003.33,1028.33,990.67,995.0,6900,995,3.0
2017/03/28,995.33,1023.33,985.0,985.0,4300,985,3.0
2017/03/29,1000.0,1003.33,992.0,1003.33,3800,1003.33,3.0
2017/03/30,1003.33,1011.67,1000.0,1001.67,1800,1001.67,3.0
2017/03/31,1015.0,1023.33,1006.67,1015.0,5600,1015,3.0
2017/04/03,1031.67,1080.0,1030.0,1080.0,25000,1080,3.0
2017/04/04,1066.67,1078.33,985.33,1000.0,22000,1000,3.0
2017/04/05,1001.67,1021.67,974.0,974.0,9100,974,3.0
2017/04/06,974.0,974.0,943.67,946.33,10200,946.33,3.0
2017/04/07,945.33,976.67,943.67,976.67,11300,976.67,3.0
2017/04/10,984.33,989.0,970.67,971.67,2600,971.67,3.0
2017/04/11,971.67,971.67,935.33,940.0,9000,940,3.0
2017/04/12,916.67,929.0,881.33,894.0,22500,894,3.0
2017/04/13,894.0,926.67,850.0,922.67,10800,922.67,3.0
2017/04/14,939.33,974.67,927.0,974.67,9600,974.67,3.0
2017/04/17,966.33,966.67,948.33,966.67,5200,966.67,3.0
2017/04/18,974.33,974.33,952.33,965.0,4300,965,3.0
2017/04/19,965.33,965.33,960.33,964.0,1300,964,3.0
2017/04/20,951.0,957.0,951.0,952.0,1400,952,3.0
2017/04/21,935.33,956.67,935.33,949.67,5100,949.67,3.0
2017/04/24,951.0,953.67,939.33,946.33,2800,946.33,3.0
2017/04/25,952.33,992.0,949.0,992.0,66600,992,3.0
2017/04/26,1033.33,1033.33,970.0,1005.0,8500,1005,3.0
2017/04/27,1005.0,1005.0,974.33,990.67,6600,990.67,3.0
2017/04/28,990.0,1006.67,990.0,1000.0,2100,1000,3.0
2017/05/01,1003.33,1016.67,990.33,1003.33,5200,1003.33,3.0
2017/05/02,1015.0,1038.33,1015.0,1038.33,13800,1038.33,3.0
2017/05/08,908.33,966.67,904.33,966.67,73200,966.67,3.0
2017/05/09,970.0,971.67,936.67,941.33,16400,941.33,3.0
2017/05/10,949.67,950.0,933.33,939.67,12900,939.67,3.0
2017/05/11,946.67,946.67,916.67,920.0,13300,920,3.0
2017/05/12,923.0,923.0,911.33,912.33,5600,912.33,3.0
2017/05/15,906.67,915.33,902.67,906.67,5100,906.67,3.0
2017/05/16,897.67,906.67,897.67,906.0,5800,906,3.0
2017/05/17,908.33,908.33,900.0,900.33,4200,900.33,3.0
2017/05/18,884.67,892.0,870.67,885.33,11000,885.33,3.0
2017/05/19,902.0,903.33,895.0,902.67,4900,902.67,3.0
2017/05/22,898.67,913.33,898.67,904.0,13900,904,3.0
2017/05/23,919.33,919.33,907.0,911.67,4700,911.67,3.0
2017/05/24,914.33,914.33,906.67,906.67,3200,906.67,3.0
2017/05/25,890.0,893.33,890.0,892.67,8400,892.67,3.0
2017/05/26,886.67,890.33,884.33,889.33,5500,889.33,3.0
2017/05/29,889.33,899.67,889.33,899.67,2500,899.67,3.0
2017/05/30,899.67,900.33,890.33,899.33,4400,899.33,3.0
2017/05/31,937.0,960.0,908.67,920.67,25300,920.67,3.0
2017/06/01,937.33,973.0,937.0,953.33,30200,953.33,3.0
2017/06/02,956.67,966.33,956.67,961.0,13800,961,3.0
2017/06/05,972.67,983.33,970.0,977.0,17500,977,3.0
2017/06/06,975.33,979.33,974.67,975.0,9900,975,3.0
2017/06/07,973.0,977.0,957.33,977.0,4200,977,3.0
2017/06/08,980.0,980.0,971.67,976.33,2000,976.33,3.0
2017/06/09,976.33,976.33,937.67,937.67,5000,937.67,3.0
2017/06/12,937.67,937.67,915.67,922.67,5900,922.67,3.0
2017/06/13,939.33,949.67,923.67,933.0,1800,933,3.0
2017/06/14,932.67,946.33,929.0,946.33,2800,946.33,3.0
2017/06/15,949.0,949.0,921.67,934.33,2200,934.33,3.0
2017/06/16,932.0,932.33,919.0,919.0,4100,919,3.0
2017/06/19,920.0,929.33,918.33,918.33,1700,918.33,3.0
2017/06/20,919.33,932.0,917.0,926.0,4000,926,3.0
2017/06/21,936.33,936.33,920.0,927.33,3700,927.33,3.0
2017/06/22,921.67,933.33,920.33,933.0,2300,933,3.0
2017/06/23,927.0,934.0,926.67,926.67,5000,926.67,3.0
2017/06/26,933.33,957.33,933.33,951.67,5500,951.67,3.0
2017/06/27,956.67,956.67,952.0,955.0,1000,955,3.0
2017/06/28,953.33,953.33,941.67,941.67,2400,941.67,3.0
2017/06/29,958.33,958.33,943.33,950.33,1000,950.33,3.0
2017/06/30,943.33,944.67,942.67,942.67,1100,942.67,3.0
2017/07/03,959.33,973.33,948.0,973.0,6400,973,3.0
2017/07/04,972.67,973.33,966.67,966.67,4800,966.67,3.0
2017/07/05,966.67,970.0,956.67,964.67,1700,964.67,3.0
2017/07/06,973.0,973.0,963.0,969.67,1400,969.67,3.0
2017/07/07,958.67,965.67,953.33,961.0,3100,961,3.0
2017/07/10,966.67,966.67,966.67,966.67,1700,966.67,3.0
2017/07/11,972.0,973.33,966.67,970.67,2700,970.67,3.0
2017/07/12,969.0,972.33,962.0,962.0,1800,962,3.0
2017/07/13,961.67,961.67,950.0,950.0,2100,950,3.0
2017/07/14,950.0,950.0,941.67,942.0,1900,942,3.0
2017/07/18,941.67,941.67,935.0,935.0,3600,935,3.0
2017/07/19,930.67,934.33,924.33,926.33,6100,926.33,3.0
2017/07/20,926.33,929.33,920.0,923.67,2900,923.67,3.0
2017/07/21,932.33,933.33,925.0,931.67,4700,931.67,3.0
2017/07/24,959.33,959.33,941.67,949.67,4200,949.67,3.0
2017/07/25,952.67,952.67,932.67,945.0,12200,945,3.0
2017/07/26,947.0,948.67,937.33,940.33,4300,940.33,3.0
2017/07/27,940.33,940.33,927.0,935.67,5900,935.67,3.0
2017/07/28,932.67,939.33,932.67,939.33,2000,939.33,3.0
2017/07/31,948.33,948.33,933.33,933.33,3200,933.33,3.0
2017/08/01,936.67,944.67,924.33,929.67,7800,929.67,3.0
2017/08/02,925.0,942.33,925.0,938.33,3600,938.33,3.0
2017/08/03,935.33,935.33,920.33,920.33,4000,920.33,3.0
2017/08/04,920.33,920.33,915.67,915.67,2700,915.67,3.0
2017/08/07,919.67,920.0,916.67,916.67,2400,916.67,3.0
2017/08/08,911.67,914.33,910.33,911.0,1700,911,3.0
2017/08/09,920.67,920.67,896.0,896.0,4600,896,3.0
2017/08/10,896.0,909.67,890.33,903.33,5000,903.33,3.0
2017/08/14,883.0,894.67,879.67,883.67,4400,883.67,3.0
2017/08/15,883.67,891.33,883.67,889.33,1900,889.33,3.0
2017/08/16,889.33,908.33,886.0,908.33,3900,908.33,3.0
2017/08/17,904.0,922.67,903.0,916.67,3600,916.67,3.0
2017/08/18,903.0,906.67,891.67,898.67,6000,898.67,3.0
2017/08/21,893.0,897.33,878.67,886.67,4600,886.67,3.0
2017/08/22,890.33,900.0,889.0,898.33,2000,898.33,3.0
2017/08/23,897.67,903.33,892.33,892.33,1100,892.33,3.0
2017/08/24,892.33,892.33,885.0,891.0,800,891,3.0
2017/08/25,891.67,915.33,891.67,912.33,1600,912.33,3.0
2017/08/28,929.0,929.0,909.0,909.0,4200,909,3.0
2017/08/29,894.0,908.0,894.0,908.0,1100,908,3.0
2017/08/30,902.0,906.33,900.0,900.0,1500,900,3.0
2017/08/31,905.0,914.67,901.67,903.0,1300,903,3.0
2017/09/01,908.0,908.0,901.0,904.0,1400,904,3.0
2017/09/04,901.0,903.33,898.33,898.33,2900,898.33,3.0
2017/09/05,905.0,905.0,873.33,880.0,5100,880,3.0
2017/09/06,863.33,887.33,863.33,885.33,3700,885.33,3.0
2017/09/07,894.33,894.33,879.0,880.33,400,880.33,3.0
2017/09/08,871.67,875.67,867.67,867.67,1800,867.67,3.0
2017/09/11,879.33,884.0,877.33,877.33,800,877.33,3.0
2017/09/12,884.33,899.33,883.33,884.67,1800,884.67,3.0
2017/09/13,885.67,892.33,884.67,887.67,1700,887.67,3.0
2017/09/14,879.67,888.33,872.33,888.33,3200,888.33,3.0
2017/09/15,884.67,884.67,871.33,871.67,1900,871.67,3.0
2017/09/19,876.0,879.0,876.0,879.0,2800,879,3.0
2017/09/20,885.33,885.33,877.33,878.33,1900,878.33,3.0
2017/09/21,878.33,878.33,868.33,871.0,4100,871,3.0
2017/09/22,874.0,874.0,873.33,873.33,300,873.33,3.0
2017/09/25,875.33,890.0,870.67,883.0,4400,883,3.0
2017/09/26,881.0,887.33,878.33,878.33,2900,878.33,3.0
2017/09/27,889.33,900.0,889.33,900.0,3200,900,3.0
2017/09/28,904.67,904.67,900.0,900.33,900,900.33,3.0
2017/09/29,905.0,905.0,900.0,900.0,1000,900,3.0
2017/10/02,900.0,904.67,893.67,895.33,2500,895.33,3.0
2017/10/03,900.0,900.0,897.0,897.0,2300,897,3.0
2017/10/04,899.33,900.0,897.0,898.33,2400,898.33,3.0
2017/10/05,899.67,902.67,893.33,902.67,3800,902.67,3.0
2017/10/06,900.0,903.33,886.67,903.33,1300,903.33,3.0
2017/10/10,903.0,903.0,900.0,900.0,800,900,3.0
2017/10/11,903.33,903.33,898.67,900.0,1200,900,3.0
2017/10/12,898.67,902.33,898.33,900.0,1000,900,3.0
2017/10/13,900.0,900.0,893.67,893.67,200,893.67,3.0
2017/10/16,898.33,898.67,891.67,891.67,2100,891.67,3.0
2017/10/17,888.33,890.33,883.33,883.33,1600,883.33,3.0
2017/10/18,883.0,900.0,872.67,875.67,5000,875.67,3.0
2017/10/19,881.33,886.33,876.67,878.33,1400,878.33,3.0
2017/10/20,879.0,880.0,866.67,874.33,4100,874.33,3.0
2017/10/23,878.0,902.0,877.0,891.0,2800,891,3.0
2017/10/24,900.0,900.0,892.0,892.0,800,892,3.0
2017/10/25,893.67,899.33,893.67,896.67,600,896.67,3.0
2017/10/26,900.0,903.33,897.67,898.33,2600,898.33,3.0
2017/10/27,900.67,911.67,900.67,905.67,2900,905.67,3.0
2017/10/30,915.33,916.33,905.67,906.67,3100,906.67,3.0
2017/10/31,918.33,918.33,900.33,904.0,3800,904,3.0
2017/11/01,901.0,907.67,900.33,907.67,500,907.67,3.0
2017/11/02,908.0,909.67,906.0,909.33,1400,909.33,3.0
2017/11/06,907.0,910.33,905.0,905.0,4500,905,3.0
2017/11/07,906.0,924.33,905.33,923.0,3900,923,3.0
2017/11/08,890.0,920.33,885.33,913.33,11200,913.33,3.0
2017/11/09,917.0,917.0,898.33,902.33,2900,902.33,3.0
2017/11/10,902.0,909.0,900.0,902.0,2400,902,3.0
2017/11/13,889.33,896.67,888.67,889.67,4500,889.67,3.0
2017/11/14,896.33,896.33,880.33,880.33,3000,880.33,3.0
2017/11/15,877.0,878.33,867.33,867.33,3500,867.33,3.0
2017/11/16,867.0,867.67,853.67,864.67,6600,864.67,3.0
2017/11/17,870.0,870.0,854.33,865.33,4200,865.33,3.0
2017/11/20,866.67,883.33,866.67,883.0,3000,883,3.0
2017/11/21,872.67,888.0,867.33,876.67,2100,876.67,3.0
2017/11/22,873.33,883.0,873.33,876.67,1400,876.67,3.0
2017/11/24,875.0,893.33,875.0,886.67,1400,886.67,3.0
2017/11/27,899.0,899.0,890.0,892.0,3600,892,3.0
2017/11/28,897.67,897.67,887.0,890.67,2100,890.67,3.0
2017/11/29,898.67,915.67,896.33,915.67,9800,915.67,3.0
2017/11/30,902.67,921.33,902.67,903.67,2000,903.67,3.0
2017/12/01,905.33,924.0,905.33,911.0,2200,911,3.0
2017/12/04,911.0,916.0,904.67,905.33,3800,905.33,3.0
2017/12/05,891.33,899.67,889.67,893.67,4800,893.67,3.0
2017/12/06,891.67,895.33,885.0,890.0,1400,890,3.0
2017/12/07,889.0,902.33,889.0,902.33,1500,902.33,3.0
2017/12/08,893.67,914.33,876.67,900.67,3700,900.67,3.0
2017/12/11,892.67,905.33,892.67,898.0,2000,898,3.0
2017/12/12,896.0,908.33,895.33,908.33,1600,908.33,3.0
2017/12/13,913.67,914.0,910.0,913.67,600,913.67,3.0
2017/12/14,913.67,913.67,906.0,906.0,300,906,3.0
2017/12/15,903.33,912.33,900.0,901.0,2700,901,3.0
2017/12/18,903.67,903.67,846.67,885.0,23000,885,3.0
2017/12/19,887.67,888.33,877.67,879.33,3200,879.33,3.0
2017/12/20,889.67,889.67,877.0,877.0,2700,877,3.0
2017/12/21,889.33,911.33,889.33,911.33,4500,911.33,3.0
2017/12/22,912.67,913.33,902.33,906.33,2000,906.33,3.0
2017/12/25,920.0,920.0,909.0,909.0,3100,909,3.0
2017/12/26,917.0,918.0,910.0,913.33,2200,913.33,3.0
2017/12/27,913.33,926.67,913.33,926.33,4000,926.33,3.0
2017/12/28,933.33,939.33,919.33,921.33,6800,921.33,3.0
2017/12/29,919.0,932.0,919.0,929.33,1600,929.33,3.0
2018/01/04,933.33,962.33,933.33,960.33,8700,960.33,3.0
2018/01/05,966.33,980.0,935.33,948.33,13200,948.33,3.0
2018/01/09,978.33,1010.0,967.33,1010.0,42000,1010,3.0
2018/01/10,1010.0,1010.0,990.33,1005.0,4400,1005,3.0
2018/01/11,1010.0,1011.67,985.33,985.33,7600,985.33,3.0
2018/01/12,995.0,1003.33,991.0,995.0,2600,995,3.0
2018/01/15,1000.0,1005.0,967.0,976.67,10600,976.67,3.0
2018/01/16,977.0,989.33,977.0,982.33,1300,982.33,3.0
2018/01/17,972.0,975.33,945.0,945.0,14300,945,3.0
2018/01/18,949.67,990.0,948.33,955.33,10400,955.33,3.0
2018/01/19,956.67,978.67,956.67,978.67,2200,978.67,3.0
2018/01/22,1146.67,1146.67,1146.67,1146.67,6100,1146.67,3.0
2018/01/23,1380.0,1380.0,1380.0,1380.0,13900,1380,3.0
2018/01/24,1403.33,1430.0,1280.0,1310.0,394700,1310,3.0
2018/01/25,1325.0,1326.67,1300.0,1313.33,41900,1313.33,3.0
2018/01/26,1318.33,1318.33,1300.0,1316.67,20600,1316.67,3.0
2018/01/29,1321.67,1360.0,1320.0,1320.0,23500,1320,3.0
2018/01/30,1316.67,1345.0,1303.33,1306.67,15600,1306.67,3.0
2018/01/31,1305.0,1308.33,1271.67,1290.0,21500,1290,3.0
2018/02/01,1275.0,1276.67,1206.67,1230.0,36800,1230,3.0
2018/02/02,1238.33,1243.33,1225.0,1231.67,10600,1231.67,3.0
2018/02/05,1200.0,1226.67,1200.0,1206.67,19400,1206.67,3.0
2018/02/06,1151.67,1163.33,1146.67,1153.33,39600,1153.33,3.0
2018/02/07,1200.0,1206.67,1166.67,1170.0,11100,1170,3.0
2018/02/08,1168.33,1186.67,1165.0,1180.0,4000,1180,3.0
2018/02/09,1136.67,1163.33,1120.0,1160.0,10300,1160,3.0
2018/02/13,1198.33,1198.33,1156.67,1156.67,5100,1156.67,3.0
2018/02/14,1180.0,1180.0,1115.0,1156.67,8000,1156.67,3.0
2018/02/15,1166.67,1213.33,1161.67,1213.33,11800,1213.33,3.0
2018/02/16,1211.67,1248.33,1186.67,1228.33,9900,1228.33,3.0
2018/02/19,1238.33,1266.67,1238.33,1261.67,13300,1261.67,3.0
2018/02/20,1256.67,1265.0,1245.0,1251.67,5400,1251.67,3.0
2018/02/21,1261.67,1286.67,1251.67,1263.33,10800,1263.33,3.0
2018/02/22,1280.0,1293.33,1240.0,1241.67,10900,1241.67,3.0
2018/02/23,1245.0,1255.0,1226.67,1241.67,12800,1241.67,3.0
2018/02/26,1295,1295,1271,1281,49900,1281,1
2018/02/27,1290,1290,1250,1262,24600,1262,1
2018/02/28,1255,1285,1242,1278,15500,1278,1
2018/03/01,1278,1278,1268,1276,13500,1276,1
2018/03/02,1247,1259,1220,1232,22500,1232,1
2018/03/05,1230,1230,1165,1165,28700,1165,1
2018/03/06,1199,1199,1170,1189,11000,1189,1
2018/03/07,1185,1185,1155,1155,17000,1155,1
2018/03/08,1143,1149,1101,1101,84300,1101,1
2018/03/09,1110,1149,1106,1140,230100,1140,1
2018/03/12,1200,1212,1181,1195,58200,1195,1
2018/03/13,1198,1240,1197,1231,34100,1231,1
2018/03/14,1230,1249,1213,1249,27700,1249,1
2018/03/15,1249,1273,1231,1273,29300,1273,1
2018/03/16,1273,1275,1255,1269,19800,1269,1
2018/03/19,1269,1270,1204,1235,25600,1235,1
2018/03/20,1204,1241,1181,1232,28000,1232,1
2018/03/22,1233,1260,1233,1244,25100,1244,1
2018/03/23,1207,1234,1183,1194,42800,1194,1
2018/03/26,1167,1191,1142,1190,32600,1190,1
2018/03/27,1199,1216,1176,1182,39300,1182,1
2018/03/28,1122,1160,1121,1150,34200,1150,1
2018/03/29,1152,1191,1152,1181,31500,1181,1
2018/03/30,1195,1196,1174,1181,14200,1181,1
2018/04/02,1219,1219,1157,1167,21400,1167,1
2018/04/03,1153,1153,1135,1140,19100,1140,1
2018/04/04,1151,1165,1147,1149,10600,1149,1
2018/04/05,1155,1176,1148,1153,16300,1153,1
2018/04/06,1161,1167,1142,1142,12900,1142,1
2018/04/09,1142,1143,1120,1126,18700,1126,1
2018/04/10,1133,1133,1121,1121,6900,1121,1
2018/04/11,1120,1120,1108,1110,21200,1110,1
2018/04/12,1109,1128,1106,1112,9300,1112,1
2018/04/13,1120,1149,1119,1147,25600,1147,1
2018/04/16,1153,1153,1118,1125,9300,1125,1
2018/04/17,1125,1125,1085,1110,25700,1110,1
2018/04/18,1110,1124,1107,1124,8900,1124,1
2018/04/19,1122,1146,1120,1132,11300,1132,1
2018/04/20,1137,1167,1134,1164,14700,1164,1
2018/04/23,1157,1177,1145,1170,12400,1170,1
2018/04/24,1159,1163,1150,1157,9200,1157,1
2018/04/25,1157,1159,1150,1158,4800,1158,1
2018/04/26,1172,1175,1160,1168,13100,1168,1
2018/04/27,1161,1168,1151,1151,7500,1151,1
2018/05/01,1152,1159,1131,1138,6200,1138,1
2018/05/02,1112,1136,1112,1136,13700,1136,1
2018/05/07,1140,1145,1128,1145,11300,1145,1
2018/05/08,1145,1168,1145,1167,13800,1167,1
2018/05/09,1127,1136,1115,1118,22700,1118,1
2018/05/10,1114,1120,1085,1085,25700,1085,1
2018/05/11,1085,1098,1083,1087,13500,1087,1
2018/05/14,1114,1114,1085,1088,10700,1088,1
2018/05/15,1085,1092,1083,1084,9300,1084,1
2018/05/16,1076,1077,1036,1039,29900,1039,1
2018/05/17,1035,1047,1022,1043,64400,1043,1
2018/05/18,1052,1057,1046,1049,14400,1049,1
2018/05/21,1048,1074,1048,1069,14000,1069,1
2018/05/22,1080,1085,1070,1073,8200,1073,1
2018/05/23,1076,1076,1054,1057,8800,1057,1
2018/05/24,1058,1058,1044,1045,7900,1045,1
2018/05/25,1034,1064,1034,1052,9100,1052,1
2018/05/28,1072,1072,1043,1059,8400,1059,1
2018/05/29,1066,1066,1042,1044,7100,1044,1
2018/05/30,1040,1040,1024,1034,11100,1034,1
2018/05/31,1039,1041,1023,1023,9300,1023,1
2018/06/01,1022,1040,1022,1026,14600,1026,1
2018/06/04,1029,1032,1020,1023,8200,1023,1
2018/06/05,1031,1033,1020,1031,12300,1031,1
2018/06/06,1031,1033,1019,1019,10800,1019,1
2018/06/07,1021,1028,1019,1021,4000,1021,1
2018/06/08,1029,1029,1022,1023,7600,1023,1
2018/06/11,1028,1052,1026,1044,8000,1044,1
2018/06/12,1059,1103,1054,1100,34000,1100,1
2018/06/13,1100,1108,1076,1103,23700,1103,1
2018/06/14,1099,1099,1058,1063,13500,1063,1
2018/06/15,1082,1088,1062,1062,9100,1062,1
2018/06/18,1075,1075,1044,1054,10400,1054,1
2018/06/19,1042,1052,1035,1037,14400,1037,1
2018/06/20,1037,1047,1002,1042,17900,1042,1
2018/06/21,1036,1044,1019,1024,12500,1024,1
2018/06/22,1011,1020,1009,1020,10200,1020,1
2018/06/25,1025,1029,1011,1011,19600,1011,1
2018/06/26,1006,1036,1002,1029,17200,1029,1
2018/06/27,1029,1035,1020,1027,7900,1027,1
2018/06/28,1026,1026,1011,1017,7000,1017,1
2018/06/29,1015,1023,1010,1019,8000,1019,1
2018/07/02,1027,1028,1004,1007,11200,1007,1
2018/07/03,1004,1017,988,992,26000,992,1
2018/07/04,992,1010,992,1000,41000,1000,1
2018/07/05,1006,1020,987,990,14900,990,1
2018/07/06,1005,1013,999,1011,4700,1011,1
2018/07/09,1009,1022,997,1018,9100,1018,1
2018/07/10,1015,1027,1014,1021,8600,1021,1
2018/07/11,1015,1015,1000,1004,5400,1004,1
2018/07/12,1004,1012,1001,1005,6000,1005,1
2018/07/13,1008,1010,999,1001,8700,1001,1
2018/07/17,1012,1018,1007,1008,9500,1008,1
2018/07/18,1012,1014,1005,1008,6900,1008,1
2018/07/19,1010,1010,1003,1005,4900,1005,1
2018/07/20,1006,1006,999,999,10600,999,1
2018/07/23,999,999,993,993,15300,993,1
2018/07/24,989,997,989,995,15500,995,1
2018/07/25,995,999,994,999,5600,999,1
2018/07/26,998,998,994,995,8800,995,1
2018/07/27,995,1005,995,997,12200,997,1
2018/07/30,999,1006,997,998,11500,998,1
2018/07/31,999,1003,995,1003,7700,1003,1
2018/08/01,999,1035,999,1035,23800,1035,1
2018/08/02,960,965,938,938,128200,938,1
2018/08/03,938,947,931,936,67100,936,1
2018/08/06,936,942,918,921,33200,921,1
2018/08/07,914,915,898,903,44700,903,1
2018/08/08,898,906,891,892,73200,892,1
2018/08/09,890,898,885,886,20200,886,1
2018/08/10,881,888,861,865,55500,865,1
2018/08/13,865,865,852,856,76700,856,1
2018/08/14,856,875,848,863,41900,863,1
