2015/04/30,4020.0,4150.0,3270.0,3270.0,688100,3270,2.0
2015/05/01,3370.0,3545.0,2850.0,3170.0,1694300,3170,2.0
2015/05/07,3220.0,3265.0,2865.0,2925.0,511900,2925,2.0
2015/05/08,2925.0,3240.0,2885.0,3040.0,610200,3040,2.0
2015/05/11,3140.0,3385.0,3035.0,3385.0,390300,3385,2.0
2015/05/12,3300.0,3415.0,3005.0,3010.0,487500,3010,2.0
2015/05/13,3020.0,3110.0,2570.0,2690.0,349200,2690,2.0
2015/05/14,2650.0,2810.0,2590.0,2680.0,122100,2680,2.0
2015/05/15,2720.0,2720.0,2515.0,2580.0,95900,2580,2.0
2015/05/18,2505.0,2570.0,2450.0,2475.0,82200,2475,2.0
2015/05/19,2475.0,2760.0,2442.5,2690.0,269700,2690,2.0
2015/05/20,2670.0,2670.0,2525.0,2550.0,94500,2550,2.0
2015/05/21,2565.0,2640.0,2500.0,2520.0,47000,2520,2.0
2015/05/22,2550.0,2770.0,2550.0,2720.0,188400,2720,2.0
2015/05/25,2760.0,2825.0,2690.0,2775.0,110300,2775,2.0
2015/05/26,2875.0,3020.0,2665.0,2690.0,337600,2690,2.0
2015/05/27,2655.0,2710.0,2610.0,2625.0,65100,2625,2.0
2015/05/28,2630.0,2730.0,2560.0,2625.0,60500,2625,2.0
2015/05/29,2620.0,2650.0,2575.0,2590.0,28500,2590,2.0
2015/06/01,2635.0,2745.0,2595.0,2630.0,57000,2630,2.0
2015/06/02,2670.0,2715.0,2555.0,2595.0,57500,2595,2.0
2015/06/03,2585.0,2635.0,2540.0,2545.0,34700,2545,2.0
2015/06/04,2585.0,2730.0,2560.0,2585.0,90300,2585,2.0
2015/06/05,2610.0,3085.0,2600.0,3020.0,554000,3020,2.0
2015/06/08,2930.0,2960.0,2775.0,2810.0,244600,2810,2.0
2015/06/09,2750.0,2750.0,2575.0,2590.0,143800,2590,2.0
2015/06/10,2600.0,2635.0,2525.0,2535.0,61100,2535,2.0
2015/06/11,2580.0,2665.0,2540.0,2635.0,51000,2635,2.0
2015/06/12,2635.0,2660.0,2575.0,2655.0,28400,2655,2.0
2015/06/15,2675.0,2675.0,2605.0,2630.0,26800,2630,2.0
2015/06/16,2625.0,2715.0,2610.0,2630.0,34500,2630,2.0
2015/06/17,2715.0,3115.0,2670.0,3000.0,619200,3000,2.0
2015/06/18,2900.0,3495.0,2775.0,3310.0,1031100,3310,2.0
2015/06/19,3275.0,3420.0,3090.0,3230.0,466300,3230,2.0
2015/06/22,3430.0,3725.0,3355.0,3675.0,800600,3675,2.0
2015/06/23,4125.0,4425.0,3805.0,4175.0,1459000,4175,2.0
2015/06/24,4195.0,4650.0,4030.0,4500.0,1565900,4500,2.0
2015/06/25,4575.0,4635.0,4265.0,4465.0,657700,4465,2.0
2015/06/26,4410.0,4475.0,3865.0,4000.0,440900,4000,2.0
2015/06/29,3730.0,3900.0,3550.0,3600.0,356200,3600,2.0
2015/06/30,3750.0,4105.0,3685.0,4020.0,676000,4020,2.0
2015/07/01,3970.0,4365.0,3900.0,4255.0,479400,4255,2.0
2015/07/02,4300.0,4695.0,4065.0,4175.0,1081600,4175,2.0
2015/07/03,4200.0,4375.0,4080.0,4315.0,385900,4315,2.0
2015/07/06,4225.0,4555.0,4135.0,4335.0,427700,4335,2.0
2015/07/07,4535.0,5085.0,4525.0,5085.0,1059900,5085,2.0
2015/07/08,5685.0,5845.0,5090.0,5515.0,2233300,5515,2.0
2015/07/09,5195.0,5895.0,4705.0,5875.0,1778100,5875,2.0
2015/07/10,5680.0,6235.0,5265.0,5375.0,1053100,5375,2.0
2015/07/13,5600.0,5630.0,5055.0,5135.0,383700,5135,2.0
2015/07/14,5195.0,5530.0,4925.0,5375.0,482500,5375,2.0
2015/07/15,5150.0,5265.0,4980.0,5090.0,210200,5090,2.0
2015/07/16,5345.0,5435.0,5110.0,5150.0,242300,5150,2.0
2015/07/17,5080.0,5160.0,4975.0,5150.0,98200,5150,2.0
2015/07/21,5200.0,6360.0,5175.0,6325.0,765800,6325,2.0
2015/07/22,6350.0,6670.0,5825.0,6030.0,419900,6030,2.0
2015/07/23,6180.0,6325.0,5640.0,5725.0,239500,5725,2.0
2015/07/24,5590.0,5680.0,5350.0,5440.0,150600,5440,2.0
2015/07/27,5450.0,5885.0,5400.0,5630.0,172700,5630,2.0
2015/07/28,5415.0,5650.0,5405.0,5625.0,84000,5625,2.0
2015/07/29,5750.0,5770.0,5565.0,5690.0,59800,5690,2.0
2015/07/30,5725.0,5880.0,5690.0,5850.0,132900,5850,2.0
2015/07/31,6145.0,6665.0,5885.0,5910.0,690500,5910,2.0
2015/08/03,5810.0,5810.0,5210.0,5330.0,222400,5330,2.0
2015/08/04,5555.0,5670.0,4690.0,4820.0,415200,4820,2.0
2015/08/05,4775.0,4925.0,4425.0,4685.0,290800,4685,2.0
2015/08/06,4625.0,4870.0,4435.0,4500.0,152800,4500,2.0
2015/08/07,4530.0,4670.0,4450.0,4535.0,157700,4535,2.0
2015/08/10,4210.0,4250.0,3785.0,3785.0,340800,3785,2.0
2015/08/11,3765.0,4135.0,3635.0,4010.0,542000,4010,2.0
2015/08/12,3950.0,4060.0,3800.0,3885.0,145200,3885,2.0
2015/08/13,3895.0,4260.0,3865.0,4015.0,413300,4015,2.0
2015/08/14,4090.0,4610.0,4015.0,4530.0,592300,4530,2.0
2015/08/17,4600.0,5250.0,4575.0,5215.0,985800,5215,2.0
2015/08/18,5365.0,5695.0,4990.0,5085.0,940700,5085,2.0
2015/08/19,5070.0,5320.0,4850.0,5005.0,285200,5005,2.0
2015/08/20,4980.0,5040.0,4750.0,4755.0,117700,4755,2.0
2015/08/21,4455.0,4625.0,4455.0,4495.0,125600,4495,2.0
2015/08/24,4175.0,4960.0,3855.0,3895.0,312000,3895,2.0
2015/08/25,3670.0,4125.0,3195.0,3535.0,448300,3535,2.0
2015/08/26,3750.0,4110.0,3640.0,4110.0,543900,4110,2.0
2015/08/27,4635.0,4660.0,4225.0,4390.0,406000,4390,2.0
2015/08/28,4500.0,4550.0,4255.0,4270.0,154600,4270,2.0
2015/08/31,4200.0,4425.0,4150.0,4365.0,80500,4365,2.0
2015/09/01,4300.0,4325.0,3950.0,3990.0,137900,3990,2.0
2015/09/02,3765.0,4065.0,3750.0,3930.0,125300,3930,2.0
2015/09/03,4050.0,4095.0,3775.0,3790.0,67800,3790,2.0
2015/09/04,3775.0,3800.0,3305.0,3500.0,120300,3500,2.0
2015/09/07,3450.0,3590.0,3255.0,3410.0,127100,3410,2.0
2015/09/08,3500.0,3540.0,3205.0,3255.0,100900,3255,2.0
2015/09/09,3530.0,3755.0,3500.0,3755.0,87800,3755,2.0
2015/09/10,3830.0,4425.0,3780.0,4205.0,1004800,4205,2.0
2015/09/11,4130.0,4360.0,4050.0,4175.0,240900,4175,2.0
2015/09/14,4400.0,4435.0,4065.0,4210.0,121700,4210,2.0
2015/09/15,4175.0,4270.0,4080.0,4090.0,48700,4090,2.0
2015/09/16,4840.0,4840.0,4490.0,4575.0,674600,4575,2.0
2015/09/17,4480.0,4530.0,4155.0,4500.0,227000,4500,2.0
2015/09/18,4370.0,4630.0,4290.0,4440.0,121800,4440,2.0
2015/09/24,4370.0,4440.0,4275.0,4275.0,37200,4275,2.0
2015/09/25,4270.0,4410.0,4250.0,4360.0,55600,4360,2.0
2015/09/28,4445.0,4460.0,4335.0,4425.0,42100,4425,2.0
2015/09/29,4875.0,5050.0,4715.0,4750.0,1289200,4750,2.0
2015/09/30,5020.0,5470.0,5020.0,5315.0,790700,5315,2.0
2015/10/01,5755.0,5825.0,5080.0,5105.0,672800,5105,2.0
2015/10/02,5045.0,5950.0,4880.0,5950.0,1007500,5950,2.0
2015/10/05,5800.0,6210.0,5610.0,5775.0,1343200,5775,2.0
2015/10/06,5850.0,6250.0,5635.0,5750.0,615300,5750,2.0
2015/10/07,5450.0,5700.0,5280.0,5550.0,282100,5550,2.0
2015/10/08,5695.0,6090.0,5600.0,5650.0,588400,5650,2.0
2015/10/09,5840.0,5870.0,5605.0,5775.0,177300,5775,2.0
2015/10/13,5775.0,5990.0,5690.0,5815.0,162300,5815,2.0
2015/10/14,5895.0,6560.0,5895.0,6295.0,1270400,6295,2.0
2015/10/15,6295.0,6425.0,6025.0,6325.0,503800,6325,2.0
2015/10/16,6545.0,6935.0,6440.0,6890.0,1124700,6890,2.0
2015/10/19,6750.0,7080.0,6700.0,6975.0,706300,6975,2.0
2015/10/20,7125.0,7180.0,6830.0,6870.0,364100,6870,2.0
2015/10/21,6465.0,6645.0,6065.0,6195.0,232000,6195,2.0
2015/10/22,6310.0,6835.0,6250.0,6825.0,229300,6825,2.0
2015/10/23,6975.0,6990.0,6635.0,6800.0,168300,6800,2.0
2015/10/26,6800.0,6980.0,6555.0,6770.0,157400,6770,2.0
2015/10/27,6700.0,6825.0,6500.0,6500.0,123600,6500,2.0
2015/10/28,6350.0,8000.0,6325.0,6750.0,1380800,6750,2.0
2015/10/29,6900.0,7225.0,6635.0,6760.0,386400,6760,2.0
2015/10/30,6610.0,6675.0,6330.0,6575.0,178000,6575,2.0
2015/11/02,6410.0,6785.0,6350.0,6660.0,132800,6660,2.0
2015/11/04,6600.0,6705.0,6400.0,6415.0,122500,6415,2.0
2015/11/05,6360.0,6415.0,6000.0,6220.0,164600,6220,2.0
2015/11/06,6105.0,6170.0,5805.0,5835.0,205200,5835,2.0
2015/11/09,6030.0,7035.0,5960.0,6810.0,794600,6810,2.0
2015/11/10,7500.0,7610.0,6995.0,7075.0,623800,7075,2.0
2015/11/11,7080.0,7575.0,6880.0,7520.0,793800,7520,2.0
2015/11/12,7425.0,8075.0,7365.0,7545.0,1141800,7545,2.0
2015/11/13,7455.0,7825.0,7425.0,7730.0,394800,7730,2.0
2015/11/16,7585.0,7800.0,7410.0,7410.0,268700,7410,2.0
2015/11/17,7500.0,7635.0,7305.0,7415.0,193000,7415,2.0
2015/11/18,7485.0,7530.0,7170.0,7245.0,186200,7245,2.0
2015/11/19,7155.0,7750.0,7100.0,7550.0,392600,7550,2.0
2015/11/20,7750.0,7860.0,7500.0,7560.0,380100,7560,2.0
2015/11/24,7565.0,7680.0,7425.0,7455.0,153800,7455,2.0
2015/11/25,7700.0,7790.0,7460.0,7470.0,237100,7470,2.0
2015/11/26,7320.0,7415.0,7175.0,7200.0,195600,7200,2.0
2015/11/27,7075.0,7300.0,7065.0,7075.0,149700,7075,2.0
2015/11/30,7000.0,7150.0,6715.0,6750.0,194300,6750,2.0
2015/12/01,6800.0,6945.0,6410.0,6750.0,284200,6750,2.0
2015/12/02,6740.0,6785.0,6485.0,6535.0,150900,6535,2.0
2015/12/03,6450.0,6675.0,6445.0,6535.0,147400,6535,2.0
2015/12/04,6500.0,6840.0,6480.0,6700.0,234000,6700,2.0
2015/12/07,6850.0,6995.0,6660.0,6950.0,215900,6950,2.0
2015/12/08,6995.0,7125.0,6715.0,6745.0,286700,6745,2.0
2015/12/09,6645.0,6805.0,6525.0,6525.0,127200,6525,2.0
2015/12/10,6225.0,6490.0,6195.0,6205.0,161700,6205,2.0
2015/12/11,6860.0,6925.0,6535.0,6635.0,350200,6635,2.0
2015/12/14,6350.0,6640.0,6325.0,6610.0,107500,6610,2.0
2015/12/15,6760.0,6760.0,6265.0,6315.0,106300,6315,2.0
2015/12/16,6405.0,6525.0,6215.0,6385.0,123300,6385,2.0
2015/12/17,6440.0,6540.0,6385.0,6460.0,77100,6460,2.0
2015/12/18,6395.0,6420.0,6160.0,6225.0,70400,6225,2.0
2015/12/21,6075.0,6090.0,5680.0,5765.0,171200,5765,2.0
2015/12/22,5850.0,6240.0,5810.0,6100.0,105000,6100,2.0
2015/12/24,6200.0,6220.0,5905.0,5905.0,65400,5905,2.0
2015/12/25,6050.0,6185.0,5910.0,6050.0,65500,6050,2.0
2015/12/28,6250,6480,5990,6430,143100,6430,1
2015/12/29,6750,6890,6610,6680,257600,6680,1
2015/12/30,6710,6780,6490,6590,116700,6590,1
2016/01/04,6650,6650,6310,6350,117300,6350,1
2016/01/05,6150,6330,6040,6290,107600,6290,1
2016/01/06,6290,6340,5920,5960,124200,5960,1
2016/01/07,5860,6150,5780,5850,106300,5850,1
2016/01/08,5650,6000,5560,5820,111600,5820,1
2016/01/12,5650,5700,4820,4945,375100,4945,1
2016/01/13,5280,5320,4960,5070,154200,5070,1
2016/01/14,4555,4915,4420,4780,273500,4780,1
2016/01/15,4845,4890,4200,4210,216200,4210,1
2016/01/18,3965,4210,3765,4105,222500,4105,1
2016/01/19,4080,4805,3950,4805,111100,4805,1
2016/01/20,5510,5510,5510,5510,88500,5510,1
2016/01/21,6010,6120,4510,4620,2018800,4620,1
2016/01/22,4900,5320,4855,5320,1234800,5320,1
2016/01/25,5420,6280,5180,6030,2066100,6030,1
2016/01/26,5870,6610,5800,6200,1510300,6200,1
2016/01/27,6680,6900,6220,6270,1088600,6270,1
2016/01/28,6110,6550,6020,6210,651100,6210,1
2016/01/29,6260,6420,6020,6280,489700,6280,1
2016/02/01,6250,6440,6080,6330,313100,6330,1
2016/02/02,6200,6290,6050,6060,210500,6060,1
2016/02/03,5850,5890,5420,5530,404100,5530,1
2016/02/04,5450,5560,5010,5070,270800,5070,1
2016/02/05,4830,5080,4600,4850,312300,4850,1
2016/02/08,4740,5110,4610,4960,267200,4960,1
2016/02/09,4680,4720,4360,4440,316700,4440,1
2016/02/10,4600,4620,4100,4335,233500,4335,1
2016/02/12,3985,4360,3950,4075,266200,4075,1
2016/02/15,4705,4775,4380,4775,310300,4775,1
2016/02/16,5060,5480,5050,5420,643200,5420,1
2016/02/17,5670,5750,5130,5530,591600,5530,1
2016/02/18,5830,6380,5660,6370,797600,6370,1
2016/02/19,6200,6650,6080,6650,961300,6650,1
2016/02/22,6710,7080,6570,6930,1008400,6930,1
2016/02/23,7150,7240,6900,7020,672500,7020,1
2016/02/24,7250,8520,7130,8520,2801900,8520,1
2016/02/25,8670,8880,8260,8450,1954900,8450,1
2016/02/26,8300,8450,7700,7830,1244100,7830,1
2016/02/29,7380,7950,7040,7190,915300,7190,1
2016/03/01,7200,8450,7200,8260,2279900,8260,1
2016/03/02,8500,9100,8460,8670,2045800,8670,1
2016/03/03,9060,9170,8630,8660,1369900,8660,1
2016/03/04,8360,8970,8210,8690,858200,8690,1
2016/03/07,8780,8900,8370,8430,341000,8430,1
2016/03/08,8500,9240,8100,8440,1288500,8440,1
2016/03/09,8290,8340,7870,7980,410700,7980,1
2016/03/10,8110,8410,7920,8150,344800,8150,1
2016/03/11,7910,8190,7880,8100,234000,8100,1
2016/03/14,8210,8490,8210,8350,230500,8350,1
2016/03/15,8450,9240,8390,9180,802500,9180,1
2016/03/16,9390,10500,9040,10120,1598400,10120,1
2016/03/17,10200,10660,9820,10530,1377700,10530,1
2016/03/18,10270,10740,10000,10240,747600,10240,1
2016/03/22,10730,13240,10730,13240,1774900,13240,1
2016/03/23,12690,12810,11750,11920,1146300,11920,1
2016/03/24,11630,12550,11380,11440,678000,11440,1
2016/03/25,12040,14290,11970,13300,2380400,13300,1
2016/03/28,13150,13770,12530,13170,1175400,13170,1
2016/03/29,13070,13740,12880,13340,745400,13340,1
2016/03/30,14240,15460,13480,14500,1638000,14500,1
2016/03/31,14480,14830,13910,14260,532500,14260,1
2016/04/01,14700,15350,13940,14900,957200,14900,1
2016/04/04,14920,14920,13700,13730,503900,13730,1
2016/04/05,12990,13590,10880,12980,1699200,12980,1
2016/04/06,12800,13500,12080,13400,760400,13400,1
2016/04/07,13650,14660,13500,14500,1070300,14500,1
2016/04/08,14300,15740,14200,15510,1019300,15510,1
2016/04/11,16310,19190,15870,18190,1891600,18190,1
2016/04/12,17950,19100,17320,17380,1082200,17380,1
2016/04/13,17100,19470,17090,18860,1337400,18860,1
2016/04/14,19260,19430,18370,18960,721100,18960,1
2016/04/15,18160,19090,18080,18500,544100,18500,1
2016/04/18,18300,18620,17650,17900,268500,17900,1
2016/04/19,18300,20710,17920,20710,978900,20710,1
2016/04/20,20490,23920,20090,20900,1019400,20900,1
2016/04/21,22900,23220,21830,22460,476100,22460,1
2016/04/22,22040,23090,21120,22430,443500,22430,1
2016/04/25,22800,23080,21300,21540,288000,21540,1
2016/04/26,20500,21400,18060,18410,650200,18410,1
2016/04/27,19030,19920,18420,19750,413300,19750,1
2016/04/28,20250,20550,18750,19200,303000,19200,1
2016/05/02,18640,20000,17960,19650,359400,19650,1
2016/05/06,19870,20100,19220,19900,223200,19900,1
2016/05/09,20000,21250,19820,21210,333900,21210,1
2016/05/10,21400,21690,19980,20360,276100,20360,1
2016/05/11,19880,20820,19560,20080,205400,20080,1
2016/05/12,19860,20370,19080,19580,192900,19580,1
2016/05/13,19120,20780,18840,20070,255300,20070,1
2016/05/16,15070,15070,15070,15070,15700,15070,1
2016/05/17,13000,15290,12030,12660,2311400,12660,1
2016/05/18,13220,13300,9660,9990,2035700,9990,1
2016/05/19,10440,11290,9620,11000,2074300,11000,1
2016/05/20,10580,11640,10370,11170,1454800,11170,1
2016/05/23,11270,11520,10550,10640,685000,10640,1
2016/05/24,10490,11030,9900,9950,494800,9950,1
2016/05/25,10290,10340,9630,9710,455900,9710,1
2016/05/26,9440,9730,8480,9370,1003000,9370,1
2016/05/27,9600,10030,9120,9170,643700,9170,1
2016/05/30,9440,9820,9310,9560,354000,9560,1
2016/05/31,9470,9490,9000,9150,366500,9150,1
2016/06/01,9010,9910,8880,9680,761400,9680,1
2016/06/02,9230,9370,8180,8180,804200,8180,1
2016/06/03,6680,6680,6680,6680,62000,6680,1
2016/06/06,5680,7260,5680,6920,3778900,6920,1
2016/06/07,6980,7020,6410,6540,835700,6540,1
2016/06/08,6720,7200,6630,7020,1137100,7020,1
2016/06/09,7320,8470,7300,8140,2635400,8140,1
2016/06/10,8590,8720,7820,8080,1356400,8080,1
2016/06/13,7780,7850,7050,7280,591200,7280,1
2016/06/14,6880,7120,6100,6240,672500,6240,1
2016/06/15,6250,6950,6130,6780,872600,6780,1
2016/06/16,6580,6700,5910,5970,559200,5970,1
2016/06/17,6300,6330,5810,5960,429100,5960,1
2016/06/20,6060,6600,5940,6320,505300,6320,1
2016/06/21,6240,6560,6120,6180,372200,6180,1
2016/06/22,6170,6350,5680,5930,323900,5930,1
2016/06/23,5830,6200,5730,6040,341000,6040,1
2016/06/24,6340,6390,5040,5300,575500,5300,1
2016/06/27,5450,5910,5450,5610,359900,5610,1
2016/06/28,5440,6000,5370,5910,319900,5910,1
2016/06/29,6260,6340,5990,6020,345100,6020,1
2016/06/30,6340,6900,6200,6570,644900,6570,1
2016/07/01,6910,7190,6570,6870,845300,6870,1
2016/07/04,7000,7420,6970,7330,621500,7330,1
2016/07/05,7480,7490,7060,7150,419700,7150,1
2016/07/06,6800,6970,6600,6920,306400,6920,1
2016/07/07,7090,7200,6700,6720,216700,6720,1
2016/07/08,6540,6700,6060,6250,246400,6250,1
2016/07/11,6850,6860,6500,6520,173800,6520,1
2016/07/12,6650,6690,6530,6540,115500,6540,1
2016/07/13,6610,6780,6390,6490,170500,6490,1
2016/07/14,6210,6540,6200,6270,153900,6270,1
2016/07/15,6170,6250,5910,6110,152000,6110,1
2016/07/19,6290,6460,5930,6370,185000,6370,1
2016/07/20,6250,6400,6090,6100,128100,6100,1
2016/07/21,6050,6170,5990,6040,81400,6040,1
2016/07/22,6000,6080,5730,5790,104800,5790,1
2016/07/25,5820,6280,5790,5920,138300,5920,1
2016/07/26,5860,6000,5780,5780,69200,5780,1
2016/07/27,5830,5860,5720,5750,58300,5750,1
2016/07/28,5660,5670,5330,5370,95100,5370,1
2016/07/29,5840,6130,5530,5870,397700,5870,1
2016/08/01,5770,6430,5640,6250,298500,6250,1
2016/08/02,6260,6560,6210,6350,261000,6350,1
2016/08/03,6230,6250,5910,5910,160200,5910,1
2016/08/04,6010,6150,5860,5920,81700,5920,1
2016/08/05,5870,6020,5750,5800,68500,5800,1
2016/08/08,5880,5900,5540,5550,97700,5550,1
2016/08/09,5500,5670,5500,5560,63100,5560,1
2016/08/10,5560,5630,5530,5540,50200,5540,1
2016/08/12,5700,6540,5560,6540,573500,6540,1
2016/08/15,7000,7340,6850,7220,1076300,7220,1
2016/08/16,7470,7740,7010,7160,1015300,7160,1
2016/08/17,7380,7400,6820,6820,324000,6820,1
2016/08/18,6620,7180,6500,7090,406600,7090,1
2016/08/19,7070,7270,6930,7010,212700,7010,1
2016/08/22,6920,6920,6600,6670,155900,6670,1
2016/08/23,6800,6950,6700,6720,152700,6720,1
2016/08/24,6760,6880,6700,6730,62400,6730,1
2016/08/25,6780,6800,6370,6390,119600,6390,1
2016/08/26,6240,6280,6060,6120,97800,6120,1
2016/08/29,6250,6490,6210,6270,103400,6270,1
2016/08/30,6370,6410,6260,6320,58300,6320,1
2016/08/31,6300,6320,6100,6100,79300,6100,1
2016/09/01,6080,6180,6040,6150,52700,6150,1
2016/09/02,6100,6250,6090,6240,61100,6240,1
2016/09/05,6200,6680,6200,6600,181300,6600,1
2016/09/06,6700,7120,6660,7000,330400,7000,1
2016/09/07,6830,7040,6770,6810,163200,6810,1
2016/09/08,6910,7330,6820,7320,243900,7320,1
2016/09/09,7170,7430,7120,7200,330700,7200,1
2016/09/12,7000,7130,6710,6820,177800,6820,1
2016/09/13,6900,6970,6780,6790,88700,6790,1
2016/09/14,6700,6910,6500,6590,117700,6590,1
2016/09/15,6590,6750,6420,6460,90700,6460,1
2016/09/16,6500,6570,6320,6430,81500,6430,1
2016/09/20,6430,7000,6420,7000,170100,7000,1
2016/09/21,6850,7000,6710,6800,146600,6800,1
2016/09/23,6890,6980,6800,6840,96200,6840,1
2016/09/26,6920,6930,6740,6780,87300,6780,1
2016/09/27,6700,6810,6610,6710,95900,6710,1
2016/09/28,6760,6810,6620,6680,79800,6680,1
2016/09/29,6730,6740,6640,6650,55100,6650,1
2016/09/30,6590,6640,6530,6560,63900,6560,1
2016/10/03,6620,6780,6620,6720,102800,6720,1
2016/10/04,6900,6950,6730,6740,143100,6740,1
2016/10/05,6800,7200,6760,7180,268200,7180,1
2016/10/06,7300,7340,6880,7000,233500,7000,1
2016/10/07,6950,6950,6750,6780,101200,6780,1
2016/10/11,6800,6950,6720,6740,85500,6740,1
2016/10/12,6750,6770,6620,6670,66600,6670,1
2016/10/13,6670,6720,6530,6590,72300,6590,1
2016/10/14,6610,6650,6500,6610,48100,6610,1
2016/10/17,6640,6760,6540,6760,65900,6760,1
2016/10/18,6800,6890,6680,6700,96400,6700,1
2016/10/19,6730,6780,6630,6700,60800,6700,1
2016/10/20,6680,6690,6600,6650,47200,6650,1
2016/10/21,6640,6680,6570,6570,45900,6570,1
2016/10/24,6590,6630,6510,6520,41600,6520,1
2016/10/25,6590,6660,6520,6640,52300,6640,1
2016/10/26,6590,6920,6590,6780,186700,6780,1
2016/10/27,6730,6760,6600,6600,88400,6600,1
2016/10/28,6620,6640,6550,6580,54000,6580,1
2016/10/31,6640,6730,6600,6610,65300,6610,1
2016/11/01,6650,6650,6560,6590,44200,6590,1
2016/11/02,6510,6550,6060,6200,168100,6200,1
2016/11/04,6060,6060,5870,5880,124300,5880,1
2016/11/07,6080,6460,6080,6370,115300,6370,1
2016/11/08,6450,6530,6350,6380,84700,6380,1
2016/11/09,6350,6480,5690,6230,159500,6230,1
2016/11/10,6520,6540,6250,6410,107300,6410,1
2016/11/11,6490,6520,6230,6430,109200,6430,1
2016/11/14,6330,6360,6230,6250,107200,6250,1
2016/11/15,6210,6230,6040,6190,81400,6190,1
2016/11/16,6210,6430,6210,6360,88300,6360,1
2016/11/17,6300,6580,6300,6560,101600,6560,1
2016/11/18,6560,6660,6390,6470,98500,6470,1
2016/11/21,6520,6570,6470,6500,61400,6500,1
2016/11/22,6460,6460,6330,6390,46300,6390,1
2016/11/24,6370,6430,6260,6260,52400,6260,1
2016/11/25,6210,6250,6140,6170,59600,6170,1
2016/11/28,6200,6290,6190,6270,46000,6270,1
2016/11/29,6200,6280,6180,6200,41400,6200,1
2016/11/30,6200,6220,6120,6120,63000,6120,1
2016/12/01,6200,6330,6150,6190,93000,6190,1
2016/12/02,6130,6230,6070,6080,94700,6080,1
2016/12/05,6070,6130,6020,6030,45100,6030,1
2016/12/06,6000,6070,5890,5900,97900,5900,1
2016/12/07,5850,5870,5750,5770,74000,5770,1
2016/12/08,5720,5720,5310,5500,146600,5500,1
2016/12/09,5400,5820,5350,5700,123800,5700,1
2016/12/12,5700,5990,5700,5880,89700,5880,1
2016/12/13,5860,5950,5850,5910,34500,5910,1
2016/12/14,5970,6060,5710,5780,74000,5780,1
2016/12/15,5870,5960,5800,5830,56200,5830,1
2016/12/16,5810,5840,5630,5690,68400,5690,1
2016/12/19,5600,5680,5550,5580,49000,5580,1
2016/12/20,5580,5610,5510,5560,44300,5560,1
2016/12/21,5560,6560,5460,6210,857900,6210,1
2016/12/22,6120,6190,5650,5730,256700,5730,1
2016/12/26,5660,6560,5660,6180,501500,6180,1
2016/12/27,6180,6440,6150,6210,180600,6210,1
2016/12/28,6340,6560,6190,6300,326300,6300,1
2016/12/29,6270,6310,6050,6130,113500,6130,1
2016/12/30,6090,6330,6060,6200,98300,6200,1
2017/01/04,6250,6480,6210,6210,154200,6210,1
2017/01/05,6310,7060,6260,6860,589900,6860,1
2017/01/06,6970,7520,6890,7200,843100,7200,1
2017/01/10,7450,7470,6950,7110,344900,7110,1
2017/01/11,7230,7230,6920,6920,155900,6920,1
2017/01/12,6910,7200,6670,7110,236800,7110,1
2017/01/13,7110,7260,6960,7080,146100,7080,1
2017/01/16,7150,7160,6910,6930,94000,6930,1
2017/01/17,6900,6980,6710,6720,118100,6720,1
2017/01/18,6620,6700,6500,6620,134400,6620,1
2017/01/19,6740,6890,6670,6760,76100,6760,1
2017/01/20,6800,6840,6690,6720,55000,6720,1
2017/01/23,6650,6820,6610,6790,60100,6790,1
2017/01/24,6920,7410,6820,7190,449600,7190,1
2017/01/25,7130,7330,6930,6950,259900,6950,1
2017/01/26,7070,7100,6950,7040,105500,7040,1
2017/01/27,7050,7130,6840,6930,99200,6930,1
2017/01/30,6950,7040,6890,6960,66300,6960,1
2017/01/31,6910,6920,6770,6810,106200,6810,1
2017/02/01,6770,6810,6680,6700,80500,6700,1
2017/02/02,6670,6770,6640,6670,52700,6670,1
2017/02/03,6670,6710,6620,6650,52100,6650,1
2017/02/06,6750,6950,6680,6930,99500,6930,1
2017/02/07,6950,6970,6780,6850,68200,6850,1
2017/02/08,6890,6920,6830,6850,36700,6850,1
2017/02/09,6810,7110,6810,6980,133100,6980,1
2017/02/10,7150,7300,6810,6840,230400,6840,1
2017/02/13,6820,6980,6810,6870,77500,6870,1
2017/02/14,6850,6880,6740,6760,78200,6760,1
2017/02/15,6780,6810,6720,6720,49700,6720,1
2017/02/16,6710,6740,6670,6710,35600,6710,1
2017/02/17,6700,6810,6690,6790,62700,6790,1
2017/02/20,6770,6780,6730,6730,35300,6730,1
2017/02/21,6700,6760,6690,6700,29100,6700,1
2017/02/22,6700,6800,6670,6690,70900,6690,1
2017/02/23,6690,6700,6640,6650,40800,6650,1
2017/02/24,6640,6860,6630,6700,112700,6700,1
2017/02/27,6700,6770,6680,6680,34200,6680,1
2017/02/28,6700,6760,6580,6580,72800,6580,1
2017/03/01,6580,6640,6510,6590,57100,6590,1
2017/03/02,6640,6690,6580,6590,37600,6590,1
2017/03/03,6600,6600,6540,6540,24400,6540,1
2017/03/06,6530,6550,6400,6420,59900,6420,1
2017/03/07,6330,6400,6300,6300,63700,6300,1
2017/03/08,6270,6290,6180,6180,68300,6180,1
2017/03/09,6160,6320,6120,6320,55100,6320,1
2017/03/10,6400,6490,6340,6360,63700,6360,1
2017/03/13,6350,6370,6230,6230,54200,6230,1
2017/03/14,6200,6200,6120,6170,36500,6170,1
2017/03/15,6190,6220,6080,6080,48700,6080,1
2017/03/16,6010,6070,6010,6030,38900,6030,1
2017/03/17,6050,6210,6040,6200,47500,6200,1
2017/03/21,6160,6420,6160,6220,82600,6220,1
2017/03/22,6150,6200,6100,6190,30200,6190,1
2017/03/23,6220,6750,6190,6460,143700,6460,1
2017/03/24,6610,6670,6520,6570,109000,6570,1
2017/03/27,6700,6770,6600,6690,110800,6690,1
2017/03/28,6690,6730,6450,6560,90900,6560,1
2017/03/29,6590,6750,6520,6730,88700,6730,1
2017/03/30,6800,6980,6650,6690,212500,6690,1
2017/03/31,6780,6820,6690,6690,66900,6690,1
2017/04/03,6700,6780,6480,6510,91900,6510,1
2017/04/04,6490,6490,6180,6270,106400,6270,1
2017/04/05,6250,6340,6140,6250,54800,6250,1
2017/04/06,6180,6200,6110,6160,44200,6160,1
2017/04/07,6180,6350,6130,6230,60800,6230,1
2017/04/10,6240,6420,6230,6280,49000,6280,1
2017/04/11,6250,6260,6140,6150,49200,6150,1
2017/04/12,6050,6110,5920,5950,108100,5950,1
2017/04/13,5810,6080,5750,6010,65500,6010,1
2017/04/14,6010,6170,5920,5960,48300,5960,1
2017/04/17,5970,6160,5970,6150,37600,6150,1
2017/04/18,6250,6280,6150,6180,35100,6180,1
2017/04/19,6130,6230,6120,6160,27400,6160,1
2017/04/20,6180,6220,6150,6160,21900,6160,1
2017/04/21,6230,6250,6170,6170,22200,6170,1
2017/04/24,6190,6190,6080,6130,51500,6130,1
2017/04/25,6200,6250,6090,6110,37700,6110,1
2017/04/26,6140,6200,6140,6160,31300,6160,1
2017/04/27,6150,6200,6130,6180,31700,6180,1
2017/04/28,6230,6280,6160,6190,37700,6190,1
2017/05/01,6190,6380,6150,6310,57600,6310,1
2017/05/02,6270,6290,6230,6240,30300,6240,1
2017/05/08,6350,6350,6260,6300,39200,6300,1
2017/05/09,6380,6520,6330,6520,72500,6520,1
2017/05/10,6500,6590,6330,6440,112900,6440,1
2017/05/11,6530,6730,6490,6570,139300,6570,1
2017/05/12,6590,6590,6420,6420,49900,6420,1
2017/05/15,6490,6500,6250,6260,82600,6260,1
2017/05/16,6300,6320,6270,6280,26900,6280,1
2017/05/17,6270,6270,6220,6260,32100,6260,1
2017/05/18,6100,6190,6090,6140,51700,6140,1
2017/05/19,6200,6200,6140,6150,21000,6150,1
2017/05/22,6170,6280,6160,6220,43500,6220,1
2017/05/23,6230,6480,6230,6370,122200,6370,1
2017/05/24,6440,6470,6400,6450,66600,6450,1
2017/05/25,6440,6450,6360,6390,48300,6390,1
2017/05/26,6400,6480,6400,6400,51800,6400,1
2017/05/29,6490,6500,6400,6480,71700,6480,1
2017/05/30,6460,6460,6320,6390,43100,6390,1
2017/05/31,6350,6380,6320,6340,31400,6340,1
2017/06/01,6380,6480,6370,6450,62000,6450,1
2017/06/02,6420,6480,6400,6440,43400,6440,1
2017/06/05,6410,6450,6370,6370,31900,6370,1
2017/06/06,6370,6370,6250,6270,51400,6270,1
2017/06/07,6210,6320,6210,6310,39600,6310,1
2017/06/08,6290,6330,6230,6230,29700,6230,1
2017/06/09,6330,6330,6230,6230,49400,6230,1
2017/06/12,6220,6230,6170,6180,46900,6180,1
2017/06/13,6160,6270,6150,6200,26500,6200,1
2017/06/14,6240,6250,6200,6230,20700,6230,1
2017/06/15,6200,6220,6150,6190,37300,6190,1
2017/06/16,6150,6200,6150,6180,24800,6180,1
2017/06/19,6210,6240,6170,6180,35300,6180,1
2017/06/20,6210,6220,6170,6190,26000,6190,1
2017/06/21,6190,6330,6180,6250,64800,6250,1
2017/06/22,6250,6440,6250,6420,82700,6420,1
2017/06/23,6450,6460,6290,6290,63300,6290,1
2017/06/26,6310,6460,6310,6450,56500,6450,1
2017/06/27,6650,6680,6480,6500,159100,6500,1
2017/06/28,6560,6560,6350,6350,58800,6350,1
2017/06/29,6390,6410,6320,6330,27700,6330,1
2017/06/30,6300,6350,6300,6340,31000,6340,1
2017/07/03,6390,6420,6330,6360,37000,6360,1
2017/07/04,6370,6380,6300,6310,45800,6310,1
2017/07/05,6310,6340,6290,6320,30600,6320,1
2017/07/06,6300,6350,6280,6320,35600,6320,1
2017/07/07,6280,6320,6260,6280,24600,6280,1
2017/07/10,6270,6300,6260,6290,34600,6290,1
2017/07/11,6290,6430,6270,6350,46400,6350,1
2017/07/12,6350,6370,6320,6320,34600,6320,1
2017/07/13,6350,6350,6320,6330,21600,6330,1
2017/07/14,6320,6440,6310,6440,50500,6440,1
2017/07/18,6490,6500,6400,6460,51900,6460,1
2017/07/19,6470,6490,6430,6470,31700,6470,1
2017/07/20,6480,6660,6480,6570,157300,6570,1
2017/07/21,6550,6630,6510,6580,58500,6580,1
2017/07/24,6600,6670,6550,6670,55200,6670,1
2017/07/25,6640,6670,6560,6590,64500,6590,1
2017/07/26,6600,6640,6530,6610,38900,6610,1
2017/07/27,6620,6670,6620,6630,42700,6630,1
2017/07/28,6620,6730,6590,6630,98500,6630,1
2017/07/31,6610,6620,6330,6360,79100,6360,1
2017/08/01,6300,6420,6300,6330,58900,6330,1
2017/08/02,6360,6400,6350,6380,21600,6380,1
2017/08/03,6400,6400,6310,6330,29000,6330,1
2017/08/04,6340,6350,6290,6310,27600,6310,1
2017/08/07,6320,6360,6290,6320,27400,6320,1
2017/08/08,6300,6580,6300,6300,123500,6300,1
2017/08/09,6300,6320,6120,6170,96200,6170,1
2017/08/10,6080,6160,6070,6100,57700,6100,1
2017/08/14,6060,6070,6010,6020,53900,6020,1
2017/08/15,6040,6090,6020,6050,31700,6050,1
2017/08/16,6040,6120,6030,6120,36500,6120,1
2017/08/17,6120,6120,6070,6090,37700,6090,1
2017/08/18,6050,6070,6020,6030,42900,6030,1
2017/08/21,6060,6070,6010,6030,17900,6030,1
2017/08/22,6010,6040,6010,6030,26100,6030,1
2017/08/23,6020,6060,6020,6060,22400,6060,1
2017/08/24,6070,6130,6050,6100,27700,6100,1
2017/08/25,6120,6120,6080,6080,22700,6080,1
2017/08/28,6080,6090,6040,6070,17100,6070,1
2017/08/29,6030,6050,6010,6030,20300,6030,1
2017/08/30,6080,6110,6050,6100,20100,6100,1
2017/08/31,6150,6220,6110,6130,50800,6130,1
2017/09/01,6110,6180,6090,6160,28000,6160,1
2017/09/04,6150,6150,6050,6050,36000,6050,1
2017/09/05,6150,6190,5950,5980,82200,5980,1
2017/09/06,5900,6070,5870,6030,44400,6030,1
2017/09/07,6090,6090,6000,6030,25700,6030,1
2017/09/08,5980,6020,5930,5990,48000,5990,1
2017/09/11,5990,6030,5960,5970,34900,5970,1
2017/09/12,5970,6040,5970,6010,40200,6010,1
2017/09/13,6030,6040,6000,6000,18300,6000,1
2017/09/14,6000,6020,5910,5910,34600,5910,1
2017/09/15,5900,5940,5880,5930,32900,5930,1
2017/09/19,5970,6000,5950,5950,33700,5950,1
2017/09/20,5940,5960,5900,5910,34500,5910,1
2017/09/21,5910,6000,5900,5930,33700,5930,1
2017/09/22,5930,5930,5850,5880,45800,5880,1
2017/09/25,5880,5910,5860,5870,20300,5870,1
2017/09/26,5920,5930,5870,5890,24900,5890,1
2017/09/27,5890,6090,5890,6030,83900,6030,1
2017/09/28,6100,6160,6050,6050,46100,6050,1
2017/09/29,6050,6080,5960,6010,53500,6010,1
2017/10/02,6070,6090,6010,6030,46900,6030,1
2017/10/03,6050,6060,6000,6020,32100,6020,1
2017/10/04,6010,6040,5970,6010,48400,6010,1
2017/10/05,6010,6020,5960,5960,20800,5960,1
2017/10/06,6000,6000,5960,5960,18100,5960,1
2017/10/10,6000,6010,5940,5970,21400,5970,1
2017/10/11,5960,6000,5890,5910,48900,5910,1
2017/10/12,5900,5930,5880,5900,27200,5900,1
2017/10/13,5880,6100,5870,5940,86100,5940,1
2017/10/16,5960,6000,5900,5910,33900,5910,1
2017/10/17,5920,5930,5900,5930,19500,5930,1
2017/10/18,5930,5950,5900,5900,33400,5900,1
2017/10/19,5900,5950,5900,5950,22800,5950,1
2017/10/20,5950,5950,5910,5930,14800,5930,1
2017/10/23,5980,6020,5940,6010,32900,6010,1
2017/10/24,6020,6030,5980,6000,19300,6000,1
2017/10/25,6010,6040,5950,5950,26300,5950,1
2017/10/26,5950,5960,5920,5940,19100,5940,1
2017/10/27,5940,5980,5940,5980,14400,5980,1
2017/10/30,6000,6050,5970,6050,37200,6050,1
2017/10/31,6030,6070,5980,6010,37700,6010,1
2017/11/01,6010,6010,5960,5990,39000,5990,1
2017/11/02,5980,5990,5910,5930,36700,5930,1
2017/11/06,5940,5950,5890,5890,37300,5890,1
2017/11/07,5870,5890,5750,5780,88000,5780,1
2017/11/08,5780,5860,5740,5850,43600,5850,1
2017/11/09,5840,5840,5750,5780,45700,5780,1
2017/11/10,5700,5740,5690,5720,35100,5720,1
2017/11/13,5700,5700,5560,5590,62500,5590,1
2017/11/14,5590,5620,5500,5510,77900,5510,1
2017/11/15,5440,5450,5220,5260,109700,5260,1
2017/11/16,5200,5440,5190,5370,45400,5370,1
2017/11/17,5370,5520,5370,5490,34400,5490,1
2017/11/20,5550,5590,5470,5490,33400,5490,1
2017/11/21,5530,5620,5520,5570,53100,5570,1
2017/11/22,5580,5590,5500,5560,28100,5560,1
2017/11/24,5500,5560,5500,5530,18400,5530,1
2017/11/27,5560,5580,5530,5540,16100,5540,1
2017/11/28,5540,5560,5490,5550,25500,5550,1
2017/11/29,5540,5550,5480,5480,21500,5480,1
2017/11/30,5480,5500,5380,5430,41700,5430,1
2017/12/01,5460,5480,5380,5470,26200,5470,1
2017/12/04,5470,5490,5410,5410,17800,5410,1
2017/12/05,5440,5440,5300,5330,44300,5330,1
2017/12/06,5290,5360,5230,5280,47700,5280,1
2017/12/07,5280,5330,5280,5290,16700,5290,1
2017/12/08,5330,5330,5270,5320,26100,5320,1
2017/12/11,5340,5340,5300,5320,28800,5320,1
2017/12/12,5330,5360,5310,5330,23500,5330,1
2017/12/13,5320,5350,5250,5260,53200,5260,1
2017/12/14,5260,5300,5250,5300,25000,5300,1
2017/12/15,5290,5290,5220,5240,31500,5240,1
2017/12/18,5250,5260,5210,5220,38800,5220,1
2017/12/19,5230,5240,5130,5160,45900,5160,1
2017/12/20,5140,5150,5010,5030,60100,5030,1
2017/12/21,4980,4995,4915,4960,85000,4960,1
2017/12/22,4970,5190,4965,5190,83800,5190,1
2017/12/25,5150,5200,5050,5050,64800,5050,1
2017/12/26,5000,5070,4980,4980,62200,4980,1
2017/12/27,5000,5170,5000,5120,46600,5120,1
2017/12/28,5170,5240,5110,5120,38100,5120,1
2017/12/29,5120,5170,5120,5140,19800,5140,1
2018/01/04,5200,5230,5190,5200,28600,5200,1
2018/01/05,5200,5240,5150,5230,29600,5230,1
2018/01/09,5270,5390,5260,5390,60500,5390,1
2018/01/10,5390,5390,5250,5300,60500,5300,1
2018/01/11,5340,5360,5260,5310,31900,5310,1
2018/01/12,5300,5360,5300,5350,22100,5350,1
2018/01/15,5390,5420,5350,5410,43300,5410,1
2018/01/16,5410,5430,5350,5380,41100,5380,1
2018/01/17,5350,5370,5320,5370,32100,5370,1
2018/01/18,5370,5390,5270,5270,29300,5270,1
2018/01/19,5250,5320,5210,5240,23400,5240,1
2018/01/22,5230,5300,5200,5290,25400,5290,1
2018/01/23,5290,5350,5240,5330,20900,5330,1
2018/01/24,5330,5560,5330,5540,97300,5540,1
2018/01/25,5500,5540,5430,5440,57700,5440,1
2018/01/26,5500,5520,5450,5450,24100,5450,1
2018/01/29,5500,5500,5450,5450,23100,5450,1
2018/01/30,5460,5630,5460,5610,99700,5610,1
2018/01/31,5550,5610,5520,5520,41800,5520,1
2018/02/01,5540,5590,5500,5560,21700,5560,1
2018/02/02,5580,5580,5430,5470,33800,5470,1
2018/02/05,5270,5320,5230,5270,48100,5270,1
2018/02/06,4830,4935,4705,4860,141800,4860,1
2018/02/07,5100,5130,4490,4490,136800,4490,1
2018/02/08,4455,4630,4050,4260,303600,4260,1
2018/02/09,4020,4100,3900,4055,200300,4055,1
2018/02/13,4180,4215,4070,4070,92900,4070,1
2018/02/14,4105,4160,3855,3875,95600,3875,1
2018/02/15,3945,4145,3905,4105,88100,4105,1
2018/02/16,4120,4120,4040,4100,59800,4100,1
2018/02/19,4180,4275,4155,4275,60300,4275,1
2018/02/20,4275,4280,4190,4265,40000,4265,1
2018/02/21,4250,4290,4200,4265,31800,4265,1
2018/02/22,4255,4255,4160,4160,31800,4160,1
2018/02/23,4160,4230,4125,4220,51600,4220,1
2018/02/26,4250,4330,4250,4315,35400,4315,1
2018/02/27,4360,4410,4260,4275,64800,4275,1
2018/02/28,4260,4370,4225,4270,41300,4270,1
2018/03/01,4235,4255,4160,4230,40400,4230,1
2018/03/02,4160,4185,4130,4170,31800,4170,1
2018/03/05,4165,4175,4030,4100,35900,4100,1
2018/03/06,4165,4290,4160,4190,31200,4190,1
2018/03/07,4190,4275,4180,4260,20800,4260,1
2018/03/08,4260,4310,4250,4280,24700,4280,1
2018/03/09,4330,4330,4205,4245,36700,4245,1
2018/03/12,4205,4245,4120,4155,44100,4155,1
2018/03/13,4150,4275,4150,4275,39000,4275,1
2018/03/14,4245,4320,4230,4295,38300,4295,1
2018/03/15,4290,4290,4165,4235,47800,4235,1
2018/03/16,4245,4245,4125,4150,62900,4150,1
2018/03/19,4150,4160,4025,4035,51400,4035,1
2018/03/20,4000,4000,3955,3985,54600,3985,1
2018/03/22,4000,4045,4000,4035,30000,4035,1
2018/03/23,3950,3950,3830,3850,93200,3850,1
2018/03/26,3780,3800,3675,3775,55000,3775,1
2018/03/27,3805,3865,3750,3770,55200,3770,1
2018/03/28,3730,3850,3705,3840,64500,3840,1
2018/03/29,3875,3885,3810,3830,43800,3830,1
2018/03/30,3830,3920,3805,3910,58700,3910,1
2018/04/02,3925,4065,3925,4000,73200,4000,1
2018/04/03,3905,3975,3885,3900,47600,3900,1
2018/04/04,3900,3920,3725,3740,82000,3740,1
2018/04/05,3760,3790,3725,3730,50300,3730,1
2018/04/06,3715,3720,3650,3650,75400,3650,1
2018/04/09,3635,3645,3520,3590,78500,3590,1
2018/04/10,3605,3625,3515,3530,66500,3530,1
2018/04/11,3535,3565,3505,3510,30700,3510,1
2018/04/12,3520,3585,3505,3560,27100,3560,1
2018/04/13,3615,3735,3600,3705,83600,3705,1
2018/04/16,3730,3750,3655,3715,52600,3715,1
2018/04/17,3715,3740,3550,3680,51800,3680,1
2018/04/18,3670,3770,3655,3760,31400,3760,1
2018/04/19,3765,3765,3700,3700,26600,3700,1
2018/04/20,3700,3755,3660,3755,21300,3755,1
2018/04/23,3745,3795,3660,3685,32100,3685,1
2018/04/24,3680,3710,3635,3685,27400,3685,1
2018/04/25,3655,3820,3655,3760,48000,3760,1
2018/04/26,3750,3795,3700,3775,25100,3775,1
2018/04/27,3765,3780,3705,3715,21800,3715,1
2018/05/01,3715,3730,3675,3710,26500,3710,1
2018/05/02,3710,3740,3695,3725,21400,3725,1
2018/05/07,3725,3745,3705,3715,13800,3715,1
2018/05/08,3740,3785,3715,3785,36400,3785,1
2018/05/09,3820,3820,3665,3700,49700,3700,1
2018/05/10,3700,3725,3680,3720,23100,3720,1
2018/05/11,3580,3620,3320,3440,206900,3440,1
2018/05/14,3440,3470,3380,3465,46800,3465,1
2018/05/15,3470,3475,3375,3380,54800,3380,1
2018/05/16,3330,3345,3200,3230,103500,3230,1
2018/05/17,3210,3330,3210,3295,54000,3295,1
2018/05/18,3350,3430,3325,3390,67100,3390,1
2018/05/21,3420,3420,3345,3345,43900,3345,1
2018/05/22,3355,3380,3345,3360,16300,3360,1
2018/05/23,3370,3390,3350,3360,32700,3360,1
2018/05/24,3345,3345,3280,3305,37400,3305,1
2018/05/25,3290,3300,3215,3240,52700,3240,1
2018/05/28,3250,3400,3250,3360,54600,3360,1
2018/05/29,3360,3360,3250,3325,41300,3325,1
2018/05/30,3270,3295,3210,3285,37200,3285,1
2018/05/31,3290,3340,3235,3310,90200,3310,1
2018/06/01,3300,3330,3275,3295,29900,3295,1
2018/06/04,3295,3320,3265,3285,22200,3285,1
2018/06/05,3285,3340,3240,3250,39300,3250,1
2018/06/06,3260,3275,3220,3230,25100,3230,1
2018/06/07,3235,3345,3235,3330,30500,3330,1
2018/06/08,3315,3375,3290,3370,25100,3370,1
2018/06/11,3370,3430,3355,3430,36700,3430,1
2018/06/12,3430,3490,3420,3445,30800,3445,1
2018/06/13,3460,3530,3435,3510,32400,3510,1
2018/06/14,3510,3515,3390,3425,25800,3425,1
2018/06/15,3410,3460,3370,3375,17700,3375,1
2018/06/18,3360,3390,3290,3370,35900,3370,1
2018/06/19,3380,3410,3320,3345,28600,3345,1
2018/06/20,3320,3350,3100,3275,68800,3275,1
2018/06/21,3245,3335,3245,3305,17600,3305,1
2018/06/22,3280,3305,3250,3255,17400,3255,1
2018/06/25,3245,3270,3105,3130,28200,3130,1
2018/06/26,3080,3195,3080,3115,32000,3115,1
2018/06/27,3105,3230,3085,3170,16100,3170,1
2018/06/28,3170,3195,3085,3100,18700,3100,1
2018/06/29,3105,3220,3095,3220,40100,3220,1
2018/07/02,3200,3210,3090,3095,34500,3095,1
2018/07/03,3150,3190,3010,3040,32800,3040,1
2018/07/04,3040,3065,3005,3030,23900,3030,1
2018/07/05,3030,3065,2905,2921,55600,2921,1
2018/07/06,2922,3045,2922,2991,31200,2991,1
2018/07/09,2962,3050,2959,3030,22800,3030,1
2018/07/10,3030,3055,2982,2995,22900,2995,1
2018/07/11,2980,2980,2922,2953,17900,2953,1
2018/07/12,2922,2980,2910,2931,17200,2931,1
2018/07/13,2931,3030,2931,3005,25500,3005,1
2018/07/17,3040,3040,2990,3020,21000,3020,1
2018/07/18,3040,3095,3015,3045,25800,3045,1
2018/07/19,3050,3080,3025,3025,18300,3025,1
2018/07/20,3020,3055,3005,3020,13900,3020,1
2018/07/23,3025,3030,2970,3015,23400,3015,1
2018/07/24,3020,3090,3015,3045,28300,3045,1
2018/07/25,3050,3100,3030,3050,27800,3050,1
2018/07/26,3060,3080,3020,3070,24300,3070,1
2018/07/27,3080,3090,3055,3070,18800,3070,1
2018/07/30,3080,3080,3040,3070,18900,3070,1
2018/07/31,3030,3085,3030,3070,17000,3070,1
2018/08/01,3075,3145,3030,3070,32800,3070,1
2018/08/02,3110,3260,3090,3260,47200,3260,1
2018/08/03,3240,3310,3135,3165,53400,3165,1
2018/08/06,3130,3150,3050,3080,36800,3080,1
2018/08/07,3080,3090,2957,2990,42000,2990,1
2018/08/08,2967,3040,2967,3020,19500,3020,1
2018/08/09,3000,3035,2993,3015,14300,3015,1
2018/08/10,3050,3090,2965,2983,55900,2983,1
2018/08/13,2910,2930,2721,2841,93300,2841,1
2018/08/14,2794,2915,2794,2900,21000,2900,1
