2007/01/04,1110.0,1125.0,1100.0,1125.0,4000,1125,0.2
2007/01/09,1075.0,1115.0,1055.0,1115.0,12000,1115,0.2
2007/01/10,1090.0,1110.0,1090.0,1110.0,4000,1110,0.2
2007/01/11,1100.0,1100.0,1065.0,1095.0,9000,1095,0.2
2007/01/12,1085.0,1100.0,1075.0,1100.0,7000,1100,0.2
2007/01/15,1100.0,1100.0,1100.0,1100.0,1000,1100,0.2
2007/01/16,1090.0,1090.0,1090.0,1090.0,1000,1090,0.2
2007/01/17,1075.0,1075.0,1075.0,1075.0,1000,1075,0.2
2007/01/18,1075.0,1090.0,1055.0,1090.0,5000,1090,0.2
2007/01/22,1090.0,1100.0,1090.0,1100.0,7000,1100,0.2
2007/01/23,1100.0,1100.0,1090.0,1090.0,2000,1090,0.2
2007/01/24,1085.0,1085.0,1080.0,1080.0,4000,1080,0.2
2007/01/26,1060.0,1075.0,1060.0,1075.0,6000,1075,0.2
2007/01/29,1080.0,1100.0,1080.0,1100.0,6000,1100,0.2
2007/01/30,1110.0,1110.0,1100.0,1105.0,5000,1105,0.2
2007/01/31,1080.0,1105.0,1080.0,1105.0,5000,1105,0.2
2007/02/01,1100.0,1105.0,1100.0,1105.0,5000,1105,0.2
2007/02/06,1080.0,1090.0,1075.0,1090.0,9000,1090,0.2
2007/02/07,1075.0,1075.0,1070.0,1070.0,9000,1070,0.2
2007/02/09,1055.0,1080.0,1055.0,1080.0,3000,1080,0.2
2007/02/13,1055.0,1080.0,1055.0,1080.0,4000,1080,0.2
2007/02/15,1060.0,1075.0,1045.0,1075.0,12000,1075,0.2
2007/02/16,1085.0,1090.0,1085.0,1090.0,8000,1090,0.2
2007/02/20,1090.0,1090.0,1075.0,1090.0,9000,1090,0.2
2007/02/21,1080.0,1095.0,1080.0,1095.0,10000,1095,0.2
2007/02/22,1095.0,1095.0,1070.0,1090.0,8000,1090,0.2
2007/02/23,1090.0,1100.0,1080.0,1100.0,12000,1100,0.2
2007/02/27,1110.0,1110.0,1105.0,1105.0,13000,1105,0.2
2007/02/28,1100.0,1100.0,1070.0,1100.0,8000,1100,0.2
2007/03/01,1090.0,1090.0,1085.0,1085.0,3000,1085,0.2
2007/03/02,1085.0,1085.0,1085.0,1085.0,1000,1085,0.2
2007/03/05,1085.0,1095.0,1080.0,1095.0,5000,1095,0.2
2007/03/06,1195.0,1225.0,1115.0,1150.0,111000,1150,0.2
2007/03/07,1160.0,1160.0,1130.0,1150.0,18000,1150,0.2
2007/03/08,1150.0,1160.0,1135.0,1160.0,12000,1160,0.2
2007/03/09,1185.0,1185.0,1185.0,1185.0,2000,1185,0.2
2007/03/12,1175.0,1175.0,1150.0,1175.0,4000,1175,0.2
2007/03/13,1160.0,1175.0,1160.0,1175.0,2000,1175,0.2
2007/03/14,1155.0,1200.0,1155.0,1200.0,27000,1200,0.2
2007/03/15,1210.0,1215.0,1210.0,1215.0,10000,1215,0.2
2007/03/16,1225.0,1225.0,1205.0,1220.0,8000,1220,0.2
2007/03/19,1205.0,1220.0,1205.0,1220.0,2000,1220,0.2
2007/03/20,1220.0,1290.0,1220.0,1290.0,32000,1290,0.2
2007/03/22,1240.0,1315.0,1185.0,1315.0,29000,1315,0.2
2007/03/23,1295.0,1340.0,1270.0,1340.0,18000,1340,0.2
2007/03/26,1360.0,1360.0,1300.0,1345.0,88000,1345,0.2
2007/03/27,1325.0,1345.0,1320.0,1345.0,5000,1345,0.2
2007/03/28,1340.0,1350.0,1290.0,1350.0,13000,1350,0.2
2007/03/29,1335.0,1335.0,1285.0,1330.0,13000,1330,0.2
2007/03/30,1290.0,1325.0,1290.0,1325.0,6000,1325,0.2
2007/04/02,1325.0,1335.0,1240.0,1335.0,21000,1335,0.2
2007/04/03,1330.0,1340.0,1315.0,1340.0,8000,1340,0.2
2007/04/04,1340.0,1340.0,1340.0,1340.0,7000,1340,0.2
2007/04/05,1340.0,1340.0,1320.0,1340.0,11000,1340,0.2
2007/04/06,1340.0,1340.0,1325.0,1340.0,7000,1340,0.2
2007/04/09,1340.0,1355.0,1340.0,1355.0,5000,1355,0.2
2007/04/10,1330.0,1360.0,1325.0,1360.0,9000,1360,0.2
2007/04/11,1375.0,1390.0,1350.0,1390.0,9000,1390,0.2
2007/04/12,1375.0,1390.0,1375.0,1390.0,6000,1390,0.2
2007/04/13,1405.0,1425.0,1385.0,1410.0,12000,1410,0.2
2007/04/16,1390.0,1425.0,1375.0,1425.0,7000,1425,0.2
2007/04/17,1440.0,1440.0,1440.0,1440.0,4000,1440,0.2
2007/04/18,1390.0,1465.0,1390.0,1465.0,21000,1465,0.2
2007/04/19,1465.0,1465.0,1430.0,1465.0,14000,1465,0.2
2007/04/20,1440.0,1465.0,1400.0,1465.0,22000,1465,0.2
2007/04/23,1470.0,1470.0,1470.0,1470.0,6000,1470,0.2
2007/04/24,1445.0,1460.0,1410.0,1460.0,33000,1460,0.2
2007/04/25,1460.0,1465.0,1440.0,1465.0,6000,1465,0.2
2007/04/26,1440.0,1460.0,1440.0,1460.0,42000,1460,0.2
2007/04/27,1460.0,1460.0,1410.0,1460.0,10000,1460,0.2
2007/05/01,1435.0,1450.0,1435.0,1450.0,14000,1450,0.2
2007/05/02,1460.0,1460.0,1460.0,1460.0,3000,1460,0.2
2007/05/07,1435.0,1440.0,1420.0,1440.0,7000,1440,0.2
2007/05/08,1435.0,1440.0,1405.0,1440.0,17000,1440,0.2
2007/05/09,1415.0,1430.0,1415.0,1430.0,3000,1430,0.2
2007/05/10,1440.0,1440.0,1400.0,1415.0,11000,1415,0.2
2007/05/11,1420.0,1420.0,1400.0,1415.0,4000,1415,0.2
2007/05/14,1370.0,1410.0,1365.0,1395.0,8000,1395,0.2
2007/05/15,1360.0,1385.0,1350.0,1385.0,10000,1385,0.2
2007/05/16,1380.0,1385.0,1320.0,1385.0,16000,1385,0.2
2007/05/17,1340.0,1390.0,1335.0,1390.0,22000,1390,0.2
2007/05/18,1365.0,1395.0,1360.0,1370.0,9000,1370,0.2
2007/05/21,1415.0,1415.0,1415.0,1415.0,2000,1415,0.2
2007/05/22,1380.0,1425.0,1380.0,1425.0,5000,1425,0.2
2007/05/23,1415.0,1420.0,1415.0,1420.0,3000,1420,0.2
2007/05/24,1410.0,1410.0,1405.0,1405.0,3000,1405,0.2
2007/05/25,1380.0,1395.0,1380.0,1395.0,4000,1395,0.2
2007/05/28,1395.0,1410.0,1380.0,1410.0,6000,1410,0.2
2007/05/30,1410.0,1410.0,1410.0,1410.0,1000,1410,0.2
2007/05/31,1410.0,1410.0,1410.0,1410.0,1000,1410,0.2
2007/06/05,1390.0,1410.0,1390.0,1410.0,6000,1410,0.2
2007/06/06,1395.0,1405.0,1380.0,1405.0,7000,1405,0.2
2007/06/07,1400.0,1410.0,1395.0,1410.0,3000,1410,0.2
2007/06/11,1435.0,1435.0,1435.0,1435.0,1000,1435,0.2
2007/06/19,1410.0,1425.0,1405.0,1425.0,5000,1425,0.2
2007/06/21,1390.0,1420.0,1390.0,1420.0,11000,1420,0.2
2007/06/27,1400.0,1405.0,1400.0,1405.0,4000,1405,0.2
2007/06/28,1400.0,1400.0,1400.0,1400.0,1000,1400,0.2
2007/06/29,1385.0,1405.0,1385.0,1405.0,2000,1405,0.2
2007/07/02,1385.0,1410.0,1385.0,1410.0,2000,1410,0.2
2007/07/05,1390.0,1420.0,1385.0,1420.0,7000,1420,0.2
2007/07/13,1400.0,1425.0,1400.0,1425.0,2000,1425,0.2
2007/07/17,1420.0,1420.0,1420.0,1420.0,1000,1420,0.2
2007/07/18,1395.0,1415.0,1395.0,1415.0,4000,1415,0.2
2007/07/23,1395.0,1400.0,1395.0,1400.0,2000,1400,0.2
2007/07/24,1380.0,1410.0,1380.0,1410.0,3000,1410,0.2
2007/07/26,1410.0,1410.0,1410.0,1410.0,1000,1410,0.2
2007/07/30,1375.0,1415.0,1375.0,1415.0,4000,1415,0.2
2007/08/07,1380.0,1410.0,1380.0,1410.0,2000,1410,0.2
2007/08/08,1385.0,1405.0,1385.0,1405.0,4000,1405,0.2
2007/08/09,1380.0,1400.0,1380.0,1400.0,4000,1400,0.2
2007/08/10,1380.0,1400.0,1375.0,1400.0,6000,1400,0.2
2007/08/13,1395.0,1400.0,1385.0,1400.0,12000,1400,0.2
2007/08/14,1385.0,1400.0,1385.0,1400.0,2000,1400,0.2
2007/08/15,1375.0,1400.0,1375.0,1400.0,5000,1400,0.2
2007/08/16,1385.0,1400.0,1370.0,1400.0,15000,1400,0.2
2007/08/17,1385.0,1400.0,1385.0,1400.0,20000,1400,0.2
2007/08/20,1400.0,1400.0,1390.0,1400.0,8000,1400,0.2
2007/08/21,1400.0,1400.0,1400.0,1400.0,2000,1400,0.2
2007/08/24,1395.0,1395.0,1390.0,1395.0,31000,1395,0.2
2007/08/28,1400.0,1400.0,1400.0,1400.0,1000,1400,0.2
2007/08/30,1400.0,1400.0,1400.0,1400.0,61000,1400,0.2
2007/08/31,1400.0,1400.0,1400.0,1400.0,1000,1400,0.2
2007/09/04,1400.0,1400.0,1400.0,1400.0,2000,1400,0.2
2007/09/07,1400.0,1435.0,1400.0,1435.0,27000,1435,0.2
2007/09/10,1435.0,1435.0,1435.0,1435.0,10000,1435,0.2
2007/09/13,1435.0,1435.0,1380.0,1430.0,12000,1430,0.2
2007/09/14,1380.0,1405.0,1380.0,1380.0,5000,1380,0.2
2007/09/18,1360.0,1445.0,1360.0,1445.0,15000,1445,0.2
2007/09/19,1445.0,1445.0,1440.0,1440.0,79000,1440,0.2
2007/09/20,1390.0,1440.0,1390.0,1440.0,6000,1440,0.2
2007/09/25,1390.0,1430.0,1390.0,1430.0,3000,1430,0.2
2007/09/27,1440.0,1440.0,1440.0,1440.0,1000,1440,0.2
2007/09/28,1435.0,1440.0,1435.0,1440.0,2000,1440,0.2
2007/10/01,1440.0,1445.0,1440.0,1445.0,5000,1445,0.2
2007/10/02,1420.0,1420.0,1395.0,1420.0,13000,1420,0.2
2007/10/03,1395.0,1425.0,1395.0,1425.0,2000,1425,0.2
2007/10/04,1400.0,1415.0,1395.0,1415.0,4000,1415,0.2
2007/10/10,1415.0,1415.0,1415.0,1415.0,2000,1415,0.2
2007/10/12,1390.0,1410.0,1390.0,1405.0,11000,1405,0.2
2007/10/15,1405.0,1405.0,1405.0,1405.0,1000,1405,0.2
2007/10/17,1380.0,1405.0,1380.0,1405.0,4000,1405,0.2
2007/10/18,1405.0,1445.0,1405.0,1445.0,8000,1445,0.2
2007/10/19,1400.0,1425.0,1400.0,1425.0,3000,1425,0.2
2007/10/22,1400.0,1415.0,1385.0,1410.0,24000,1410,0.2
2007/10/23,1395.0,1445.0,1395.0,1445.0,9000,1445,0.2
2007/10/24,1395.0,1430.0,1395.0,1430.0,6000,1430,0.2
2007/10/25,1400.0,1420.0,1400.0,1420.0,7000,1420,0.2
2007/10/30,1420.0,1420.0,1400.0,1420.0,26000,1420,0.2
2007/10/31,1420.0,1420.0,1420.0,1420.0,1000,1420,0.2
2007/11/02,1385.0,1435.0,1385.0,1435.0,2000,1435,0.2
2007/11/05,1410.0,1445.0,1405.0,1445.0,21000,1445,0.2
2007/11/07,1420.0,1450.0,1420.0,1440.0,7000,1440,0.2
2007/11/12,1405.0,1430.0,1405.0,1430.0,11000,1430,0.2
2007/11/13,1390.0,1435.0,1390.0,1435.0,3000,1435,0.2
2007/11/15,1435.0,1440.0,1415.0,1440.0,4000,1440,0.2
2007/11/16,1415.0,1435.0,1415.0,1435.0,4000,1435,0.2
2007/11/20,1410.0,1425.0,1410.0,1425.0,9000,1425,0.2
2007/11/22,1400.0,1425.0,1400.0,1425.0,6000,1425,0.2
2007/11/30,1425.0,1425.0,1425.0,1425.0,1000,1425,0.2
2007/12/03,1400.0,1425.0,1400.0,1400.0,5000,1400,0.2
2007/12/04,1395.0,1425.0,1390.0,1415.0,10000,1415,0.2
2007/12/10,1400.0,1415.0,1385.0,1400.0,13000,1400,0.2
2007/12/11,1395.0,1395.0,1370.0,1395.0,7000,1395,0.2
2007/12/12,1370.0,1385.0,1360.0,1385.0,7000,1385,0.2
2007/12/14,1385.0,1390.0,1375.0,1390.0,3000,1390,0.2
2007/12/17,1375.0,1385.0,1375.0,1385.0,2000,1385,0.2
2007/12/20,1365.0,1410.0,1365.0,1410.0,10000,1410,0.2
2007/12/25,1365.0,1405.0,1365.0,1405.0,15000,1405,0.2
2008/01/04,1400.0,1400.0,1400.0,1400.0,1000,1400,0.2
2008/01/07,1375.0,1390.0,1375.0,1390.0,5000,1390,0.2
2008/01/08,1375.0,1375.0,1365.0,1365.0,5000,1365,0.2
2008/01/10,1345.0,1360.0,1345.0,1360.0,3000,1360,0.2
2008/01/11,1330.0,1355.0,1315.0,1355.0,13000,1355,0.2
2008/01/15,1340.0,1355.0,1340.0,1355.0,2000,1355,0.2
2008/01/17,1265.0,1325.0,1250.0,1325.0,7000,1325,0.2
2008/01/18,1275.0,1325.0,1275.0,1325.0,5000,1325,0.2
2008/01/22,1250.0,1340.0,1250.0,1340.0,4000,1340,0.2
2008/01/23,1275.0,1335.0,1275.0,1335.0,7000,1335,0.2
2008/01/24,1300.0,1340.0,1300.0,1340.0,5000,1340,0.2
2008/01/25,1335.0,1335.0,1315.0,1325.0,5000,1325,0.2
2008/01/28,1325.0,1330.0,1325.0,1330.0,18000,1330,0.2
2008/01/29,1345.0,1345.0,1345.0,1345.0,1000,1345,0.2
2008/01/30,1345.0,1345.0,1345.0,1345.0,1000,1345,0.2
2008/02/04,1305.0,1355.0,1305.0,1355.0,4000,1355,0.2
2008/02/07,1355.0,1355.0,1355.0,1355.0,9000,1355,0.2
2008/02/08,1325.0,1360.0,1325.0,1360.0,9000,1360,0.2
2008/02/25,1365.0,1365.0,1365.0,1365.0,45000,1365,0.2
2008/02/27,1335.0,1335.0,1335.0,1335.0,1000,1335,0.2
2008/03/04,1360.0,1360.0,1355.0,1355.0,2000,1355,0.2
2008/03/05,1345.0,1345.0,1345.0,1345.0,1000,1345,0.2
2008/03/06,1295.0,1345.0,1290.0,1345.0,16000,1345,0.2
2008/03/10,1295.0,1465.0,1295.0,1465.0,4000,1465,0.2
2008/03/12,1430.0,1430.0,1420.0,1420.0,78000,1420,0.2
2008/03/14,1345.0,1395.0,1320.0,1380.0,15000,1380,0.2
2008/03/17,1345.0,1370.0,1345.0,1370.0,2000,1370,0.2
2008/03/21,1295.0,1375.0,1295.0,1375.0,40000,1375,0.2
2008/03/25,1350.0,1375.0,1350.0,1375.0,2000,1375,0.2
2008/03/26,1375.0,1375.0,1375.0,1375.0,1000,1375,0.2
2008/03/28,1380.0,1380.0,1380.0,1380.0,38000,1380,0.2
2008/03/31,1380.0,1380.0,1380.0,1380.0,2000,1380,0.2
2008/04/04,1350.0,1375.0,1350.0,1375.0,3000,1375,0.2
2008/04/08,1350.0,1370.0,1350.0,1350.0,3000,1350,0.2
2008/04/09,1375.0,1375.0,1375.0,1375.0,1000,1375,0.2
2008/04/11,1365.0,1375.0,1365.0,1375.0,3000,1375,0.2
2008/04/22,1375.0,1415.0,1365.0,1390.0,18000,1390,0.2
2008/04/24,1380.0,1380.0,1380.0,1380.0,1000,1380,0.2
2008/04/25,1335.0,1365.0,1335.0,1365.0,5000,1365,0.2
2008/04/28,1420.0,1420.0,1420.0,1420.0,4000,1420,0.2
2008/04/30,1410.0,1410.0,1405.0,1405.0,22000,1405,0.2
2008/05/02,1410.0,1410.0,1410.0,1410.0,1000,1410,0.2
2008/05/08,1415.0,1415.0,1415.0,1415.0,11000,1415,0.2
2008/05/09,1410.0,1415.0,1395.0,1415.0,8000,1415,0.2
2008/05/12,1405.0,1405.0,1405.0,1405.0,4000,1405,0.2
2008/05/14,1355.0,1405.0,1355.0,1405.0,2000,1405,0.2
2008/05/30,1405.0,1405.0,1405.0,1405.0,1000,1405,0.2
2008/06/10,1385.0,1405.0,1385.0,1405.0,12000,1405,0.2
2008/06/11,1400.0,1400.0,1400.0,1400.0,5000,1400,0.2
2008/06/17,1350.0,1385.0,1350.0,1385.0,4000,1385,0.2
2008/06/18,1350.0,1385.0,1350.0,1375.0,5000,1375,0.2
2008/06/20,1375.0,1375.0,1375.0,1375.0,3000,1375,0.2
2008/06/27,1380.0,1380.0,1375.0,1375.0,2000,1375,0.2
2008/06/30,1350.0,1350.0,1350.0,1350.0,3000,1350,0.2
2008/07/02,1310.0,1350.0,1310.0,1350.0,4000,1350,0.2
2008/07/04,1350.0,1350.0,1350.0,1350.0,5000,1350,0.2
2008/07/08,1320.0,1345.0,1310.0,1335.0,9000,1335,0.2
2008/07/09,1305.0,1320.0,1305.0,1320.0,5000,1320,0.2
2008/07/15,1270.0,1310.0,1270.0,1310.0,3000,1310,0.2
2008/07/22,1280.0,1305.0,1280.0,1305.0,2000,1305,0.2
2008/07/25,1270.0,1310.0,1270.0,1310.0,9000,1310,0.2
2008/07/28,1315.0,1315.0,1315.0,1315.0,2000,1315,0.2
2008/07/29,1315.0,1315.0,1315.0,1315.0,1000,1315,0.2
2008/07/30,1315.0,1315.0,1315.0,1315.0,1000,1315,0.2
2008/08/05,1340.0,1340.0,1340.0,1340.0,53000,1340,0.2
2008/08/13,1290.0,1320.0,1265.0,1320.0,15000,1320,0.2
2008/08/25,1270.0,1415.0,1270.0,1415.0,3000,1415,0.2
2008/08/26,1340.0,1415.0,1340.0,1415.0,2000,1415,0.2
2008/08/28,1365.0,1415.0,1365.0,1415.0,10000,1415,0.2
2008/08/29,1395.0,1405.0,1395.0,1405.0,2000,1405,0.2
2008/09/01,1405.0,1405.0,1405.0,1405.0,1000,1405,0.2
2008/09/02,1390.0,1410.0,1390.0,1410.0,2000,1410,0.2
2008/09/09,1360.0,1405.0,1360.0,1405.0,4000,1405,0.2
2008/09/11,1405.0,1405.0,1405.0,1405.0,58000,1405,0.2
2008/09/17,1400.0,1400.0,1360.0,1385.0,49000,1385,0.2
2008/09/19,1360.0,1375.0,1360.0,1375.0,2000,1375,0.2
2008/09/22,1375.0,1375.0,1375.0,1375.0,12000,1375,0.2
2008/09/30,1335.0,1375.0,1335.0,1375.0,8000,1375,0.2
2008/10/07,1325.0,1365.0,1325.0,1365.0,4000,1365,0.2
2008/10/08,1315.0,1355.0,1285.0,1355.0,11000,1355,0.2
2008/10/09,1280.0,1320.0,1280.0,1295.0,10000,1295,0.2
2008/10/14,1310.0,1310.0,1000.0,1000.0,36000,1000,0.2
2008/10/15,825.0,825.0,645.0,645.0,179000,645,0.2
2008/10/16,395.0,500.0,395.0,455.0,1266000,455,0.2
2008/10/17,505.0,510.0,385.0,395.0,697000,395,0.2
2008/10/20,405.0,545.0,390.0,545.0,1105000,545,0.2
2008/10/21,615.0,795.0,615.0,795.0,4252000,795,0.2
2008/10/22,845.0,1005.0,760.0,825.0,9420000,825,0.2
2008/10/23,780.0,840.0,740.0,755.0,1467000,755,0.2
2008/10/24,860.0,865.0,750.0,770.0,953000,770,0.2
2008/10/27,740.0,765.0,660.0,700.0,341000,700,0.2
2008/10/28,625.0,625.0,550.0,590.0,416000,590,0.2
2008/10/29,665.0,675.0,580.0,620.0,378000,620,0.2
2008/10/30,590.0,620.0,580.0,610.0,232000,610,0.2
2008/10/31,620.0,630.0,590.0,590.0,89000,590,0.2
2008/11/04,610.0,640.0,605.0,605.0,101000,605,0.2
2008/11/05,605.0,620.0,575.0,615.0,89000,615,0.2
2008/11/06,610.0,610.0,595.0,595.0,30000,595,0.2
2008/11/07,575.0,595.0,570.0,585.0,13000,585,0.2
2008/11/10,585.0,585.0,550.0,560.0,34000,560,0.2
2008/11/11,585.0,590.0,555.0,555.0,28000,555,0.2
2008/11/12,565.0,565.0,540.0,550.0,37000,550,0.2
2008/11/13,520.0,535.0,505.0,525.0,55000,525,0.2
2008/11/14,535.0,535.0,525.0,530.0,9000,530,0.2
2008/11/17,525.0,585.0,520.0,545.0,67000,545,0.2
2008/11/18,545.0,545.0,525.0,535.0,32000,535,0.2
2008/11/19,530.0,535.0,525.0,525.0,7000,525,0.2
2008/11/20,515.0,515.0,505.0,515.0,16000,515,0.2
2008/11/21,505.0,520.0,505.0,520.0,7000,520,0.2
2008/11/25,510.0,515.0,505.0,515.0,4000,515,0.2
2008/11/26,515.0,515.0,510.0,510.0,6000,510,0.2
2008/11/27,520.0,520.0,505.0,505.0,13000,505,0.2
2008/11/28,505.0,505.0,505.0,505.0,5000,505,0.2
2008/12/01,515.0,525.0,515.0,525.0,8000,525,0.2
2008/12/02,525.0,525.0,520.0,520.0,11000,520,0.2
2008/12/03,520.0,520.0,505.0,505.0,10000,505,0.2
2008/12/04,500.0,500.0,500.0,500.0,4000,500,0.2
2008/12/05,500.0,500.0,475.0,495.0,17000,495,0.2
2008/12/08,500.0,505.0,475.0,500.0,6000,500,0.2
2008/12/09,485.0,500.0,485.0,495.0,6000,495,0.2
2008/12/10,495.0,515.0,495.0,500.0,11000,500,0.2
2008/12/11,500.0,520.0,500.0,520.0,4000,520,0.2
2008/12/12,525.0,530.0,525.0,530.0,4000,530,0.2
2008/12/15,530.0,535.0,505.0,505.0,21000,505,0.2
2008/12/16,530.0,530.0,530.0,530.0,1000,530,0.2
2008/12/17,530.0,530.0,510.0,510.0,2000,510,0.2
2008/12/18,510.0,510.0,510.0,510.0,1000,510,0.2
2008/12/19,515.0,515.0,510.0,510.0,15000,510,0.2
2008/12/22,490.0,535.0,485.0,535.0,13000,535,0.2
2008/12/24,500.0,500.0,490.0,490.0,15000,490,0.2
2008/12/25,490.0,500.0,490.0,500.0,3000,500,0.2
2008/12/26,500.0,500.0,500.0,500.0,3000,500,0.2
2008/12/29,490.0,505.0,490.0,505.0,10000,505,0.2
2008/12/30,505.0,520.0,505.0,515.0,6000,515,0.2
2009/01/05,525.0,525.0,525.0,525.0,2000,525,0.2
2009/01/06,525.0,525.0,525.0,525.0,4000,525,0.2
2009/01/07,525.0,530.0,525.0,530.0,6000,530,0.2
2009/01/08,530.0,530.0,530.0,530.0,2000,530,0.2
2009/01/09,515.0,515.0,515.0,515.0,4000,515,0.2
2009/01/13,515.0,515.0,505.0,510.0,6000,510,0.2
2009/01/15,500.0,500.0,500.0,500.0,1000,500,0.2
2009/01/16,500.0,500.0,500.0,500.0,2000,500,0.2
2009/01/19,515.0,515.0,495.0,495.0,16000,495,0.2
2009/01/20,495.0,505.0,495.0,505.0,7000,505,0.2
2009/01/21,500.0,500.0,475.0,490.0,12000,490,0.2
2009/01/22,510.0,510.0,500.0,500.0,3000,500,0.2
2009/01/23,515.0,520.0,480.0,480.0,9000,480,0.2
2009/01/26,520.0,520.0,520.0,520.0,2000,520,0.2
2009/01/27,480.0,490.0,480.0,490.0,4000,490,0.2
2009/01/28,500.0,510.0,490.0,510.0,14000,510,0.2
2009/01/30,510.0,515.0,500.0,515.0,4000,515,0.2
2009/02/03,505.0,505.0,505.0,505.0,1000,505,0.2
2009/02/04,475.0,485.0,475.0,485.0,9000,485,0.2
2009/02/05,480.0,480.0,480.0,480.0,1000,480,0.2
2009/02/06,480.0,480.0,480.0,480.0,3000,480,0.2
2009/02/09,480.0,485.0,480.0,485.0,7000,485,0.2
2009/02/12,480.0,485.0,480.0,485.0,6000,485,0.2
2009/02/19,475.0,475.0,475.0,475.0,12000,475,0.2
2009/02/20,450.0,450.0,450.0,450.0,1000,450,0.2
2009/02/23,450.0,450.0,425.0,425.0,4000,425,0.2
2009/02/24,425.0,425.0,425.0,425.0,10000,425,0.2
2009/02/25,440.0,440.0,440.0,440.0,1000,440,0.2
2009/02/26,440.0,440.0,440.0,440.0,1000,440,0.2
2009/02/27,445.0,445.0,445.0,445.0,1000,445,0.2
2009/03/03,465.0,465.0,465.0,465.0,3000,465,0.2
2009/03/04,435.0,435.0,435.0,435.0,1000,435,0.2
2009/03/06,460.0,550.0,460.0,550.0,14000,550,0.2
2009/03/18,475.0,515.0,475.0,515.0,2000,515,0.2
2009/03/24,465.0,465.0,465.0,465.0,1000,465,0.2
2009/03/25,490.0,515.0,490.0,515.0,3000,515,0.2
2009/03/27,500.0,515.0,500.0,515.0,5000,515,0.2
2009/03/30,515.0,515.0,515.0,515.0,3000,515,0.2
2009/03/31,525.0,525.0,525.0,525.0,6000,525,0.2
2009/04/06,550.0,550.0,500.0,540.0,8000,540,0.2
2009/04/07,540.0,540.0,540.0,540.0,2000,540,0.2
2009/04/09,540.0,540.0,540.0,540.0,12000,540,0.2
2009/04/10,530.0,540.0,530.0,540.0,4000,540,0.2
2009/04/13,515.0,555.0,515.0,555.0,23000,555,0.2
2009/04/15,550.0,550.0,550.0,550.0,1000,550,0.2
2009/04/16,550.0,575.0,550.0,575.0,9000,575,0.2
2009/04/17,580.0,595.0,580.0,595.0,11000,595,0.2
2009/04/20,580.0,580.0,580.0,580.0,1000,580,0.2
2009/04/21,580.0,600.0,555.0,600.0,3000,600,0.2
2009/04/22,565.0,565.0,525.0,535.0,11000,535,0.2
2009/04/23,535.0,535.0,535.0,535.0,1000,535,0.2
2009/04/24,525.0,530.0,525.0,530.0,6000,530,0.2
2009/04/27,535.0,535.0,535.0,535.0,1000,535,0.2
2009/04/28,530.0,530.0,500.0,500.0,8000,500,0.2
2009/04/30,505.0,515.0,505.0,515.0,3000,515,0.2
2009/05/07,555.0,555.0,520.0,520.0,4000,520,0.2
2009/05/08,515.0,515.0,515.0,515.0,1000,515,0.2
2009/05/11,515.0,520.0,515.0,520.0,4000,520,0.2
2009/05/12,520.0,520.0,520.0,520.0,1000,520,0.2
2009/05/13,535.0,535.0,535.0,535.0,1000,535,0.2
2009/05/14,520.0,535.0,520.0,535.0,2000,535,0.2
2009/05/18,520.0,575.0,520.0,575.0,9000,575,0.2
2009/05/19,600.0,620.0,580.0,580.0,20000,580,0.2
2009/05/20,580.0,580.0,580.0,580.0,1000,580,0.2
2009/05/21,570.0,580.0,550.0,580.0,7000,580,0.2
2009/05/22,555.0,555.0,530.0,530.0,13000,530,0.2
2009/05/25,555.0,555.0,555.0,555.0,1000,555,0.2
2009/05/26,555.0,555.0,530.0,530.0,11000,530,0.2
2009/05/27,530.0,530.0,525.0,525.0,13000,525,0.2
2009/05/28,530.0,530.0,530.0,530.0,1000,530,0.2
2009/05/29,530.0,530.0,530.0,530.0,1000,530,0.2
2009/06/01,535.0,550.0,530.0,545.0,11000,545,0.2
2009/06/02,550.0,550.0,550.0,550.0,2000,550,0.2
2009/06/03,570.0,570.0,560.0,560.0,6000,560,0.2
2009/06/04,565.0,570.0,565.0,570.0,6000,570,0.2
2009/06/05,570.0,575.0,570.0,575.0,5000,575,0.2
2009/06/08,590.0,605.0,590.0,600.0,18000,600,0.2
2009/06/09,600.0,600.0,600.0,600.0,3000,600,0.2
2009/06/10,600.0,620.0,600.0,620.0,11000,620,0.2
2009/06/11,615.0,625.0,605.0,625.0,15000,625,0.2
2009/06/12,630.0,685.0,630.0,685.0,9000,685,0.2
2009/06/15,730.0,735.0,690.0,705.0,16000,705,0.2
2009/06/16,690.0,690.0,640.0,665.0,13000,665,0.2
2009/06/17,630.0,645.0,600.0,645.0,24000,645,0.2
2009/06/18,620.0,640.0,615.0,615.0,7000,615,0.2
2009/06/19,620.0,645.0,620.0,640.0,10000,640,0.2
2009/06/22,665.0,685.0,635.0,640.0,12000,640,0.2
2009/06/23,640.0,640.0,620.0,625.0,15000,625,0.2
2009/06/24,625.0,630.0,625.0,630.0,3000,630,0.2
2009/06/25,625.0,625.0,625.0,625.0,3000,625,0.2
2009/06/26,645.0,670.0,630.0,670.0,18000,670,0.2
2009/06/29,685.0,685.0,650.0,650.0,18000,650,0.2
2009/06/30,660.0,660.0,630.0,655.0,12000,655,0.2
2009/07/01,655.0,685.0,655.0,685.0,3000,685,0.2
2009/07/02,685.0,700.0,685.0,685.0,16000,685,0.2
2009/07/03,690.0,690.0,690.0,690.0,2000,690,0.2
2009/07/06,675.0,725.0,675.0,705.0,5000,705,0.2
2009/07/08,660.0,660.0,660.0,660.0,1000,660,0.2
2009/07/09,665.0,665.0,635.0,635.0,15000,635,0.2
2009/07/10,635.0,635.0,585.0,605.0,12000,605,0.2
2009/07/13,605.0,605.0,540.0,540.0,11000,540,0.2
2009/07/14,560.0,560.0,560.0,560.0,2000,560,0.2
2009/07/15,595.0,595.0,595.0,595.0,1000,595,0.2
2009/07/16,600.0,605.0,575.0,575.0,13000,575,0.2
2009/07/17,590.0,590.0,590.0,590.0,1000,590,0.2
2009/07/21,605.0,605.0,570.0,590.0,5000,590,0.2
2009/07/22,605.0,635.0,605.0,630.0,4000,630,0.2
2009/07/23,630.0,630.0,605.0,605.0,9000,605,0.2
2009/07/24,605.0,605.0,605.0,605.0,3000,605,0.2
2009/07/27,610.0,610.0,600.0,610.0,8000,610,0.2
2009/07/28,615.0,615.0,605.0,605.0,2000,605,0.2
2009/07/29,565.0,590.0,565.0,590.0,7000,590,0.2
2009/07/30,600.0,600.0,600.0,600.0,1000,600,0.2
2009/07/31,600.0,600.0,570.0,590.0,5000,590,0.2
2009/08/03,610.0,610.0,610.0,610.0,1000,610,0.2
2009/08/04,605.0,605.0,605.0,605.0,3000,605,0.2
2009/08/05,605.0,605.0,605.0,605.0,1000,605,0.2
2009/08/07,610.0,625.0,605.0,625.0,9000,625,0.2
2009/08/10,625.0,630.0,620.0,620.0,13000,620,0.2
2009/08/11,615.0,615.0,615.0,615.0,2000,615,0.2
2009/08/12,625.0,625.0,625.0,625.0,1000,625,0.2
2009/08/13,630.0,630.0,625.0,625.0,2000,625,0.2
2009/08/14,635.0,635.0,635.0,635.0,1000,635,0.2
2009/08/17,620.0,620.0,620.0,620.0,2000,620,0.2
2009/08/19,610.0,610.0,595.0,600.0,4000,600,0.2
2009/08/20,605.0,615.0,605.0,615.0,5000,615,0.2
2009/08/21,610.0,610.0,610.0,610.0,1000,610,0.2
2009/08/24,615.0,615.0,615.0,615.0,2000,615,0.2
2009/08/26,630.0,630.0,615.0,615.0,3000,615,0.2
2009/08/27,615.0,615.0,615.0,615.0,1000,615,0.2
2009/08/28,625.0,625.0,610.0,610.0,4000,610,0.2
2009/08/31,620.0,625.0,620.0,620.0,3000,620,0.2
2009/09/01,620.0,620.0,620.0,620.0,4000,620,0.2
2009/09/02,610.0,610.0,605.0,605.0,7000,605,0.2
2009/09/04,605.0,605.0,605.0,605.0,2000,605,0.2
2009/09/07,600.0,600.0,600.0,600.0,2000,600,0.2
2009/09/09,600.0,600.0,600.0,600.0,2000,600,0.2
2009/09/10,605.0,630.0,605.0,630.0,7000,630,0.2
2009/09/14,605.0,605.0,590.0,590.0,10000,590,0.2
2009/09/15,620.0,620.0,590.0,590.0,8000,590,0.2
2009/09/18,580.0,600.0,560.0,600.0,19000,600,0.2
2009/09/24,590.0,590.0,590.0,590.0,1000,590,0.2
2009/09/25,595.0,595.0,595.0,595.0,1000,595,0.2
2009/09/28,595.0,595.0,590.0,590.0,7000,590,0.2
2009/09/29,585.0,595.0,585.0,595.0,3000,595,0.2
2009/09/30,600.0,600.0,600.0,600.0,2000,600,0.2
2009/10/01,580.0,620.0,580.0,620.0,5000,620,0.2
2009/10/05,595.0,595.0,560.0,560.0,20000,560,0.2
2009/10/06,575.0,575.0,560.0,560.0,3000,560,0.2
2009/10/08,585.0,585.0,585.0,585.0,2000,585,0.2
2009/10/09,585.0,585.0,585.0,585.0,1000,585,0.2
2009/10/13,590.0,610.0,590.0,610.0,2000,610,0.2
2009/10/14,615.0,615.0,615.0,615.0,1000,615,0.2
2009/10/16,625.0,625.0,625.0,625.0,2000,625,0.2
2009/10/22,600.0,600.0,600.0,600.0,1000,600,0.2
2009/10/28,580.0,635.0,580.0,600.0,8000,600,0.2
2009/10/29,600.0,610.0,575.0,595.0,8000,595,0.2
2009/10/30,600.0,600.0,595.0,595.0,3000,595,0.2
2009/11/02,595.0,595.0,565.0,580.0,4000,580,0.2
2009/11/04,590.0,590.0,590.0,590.0,1000,590,0.2
2009/11/05,575.0,575.0,575.0,575.0,2000,575,0.2
2009/11/09,600.0,600.0,575.0,575.0,5000,575,0.2
2009/11/10,575.0,575.0,575.0,575.0,1000,575,0.2
2009/11/12,580.0,580.0,580.0,580.0,1000,580,0.2
2009/11/13,585.0,585.0,585.0,585.0,1000,585,0.2
2009/11/16,585.0,585.0,585.0,585.0,2000,585,0.2
2009/11/18,570.0,575.0,570.0,575.0,2000,575,0.2
2009/11/19,570.0,570.0,555.0,555.0,7000,555,0.2
2009/11/20,550.0,550.0,550.0,550.0,1000,550,0.2
2009/11/27,550.0,550.0,540.0,540.0,7000,540,0.2
2009/11/30,540.0,540.0,540.0,540.0,2000,540,0.2
2009/12/02,545.0,550.0,545.0,550.0,5000,550,0.2
2009/12/03,545.0,550.0,545.0,550.0,3000,550,0.2
2009/12/07,555.0,555.0,540.0,540.0,6000,540,0.2
2009/12/09,530.0,530.0,530.0,530.0,1000,530,0.2
2009/12/10,520.0,520.0,515.0,515.0,2000,515,0.2
2009/12/14,530.0,530.0,530.0,530.0,4000,530,0.2
2009/12/16,555.0,555.0,530.0,530.0,3000,530,0.2
2009/12/18,530.0,530.0,530.0,530.0,1000,530,0.2
2009/12/21,530.0,530.0,530.0,530.0,5000,530,0.2
2009/12/22,530.0,530.0,530.0,530.0,1000,530,0.2
2009/12/24,535.0,535.0,535.0,535.0,1000,535,0.2
2009/12/25,545.0,545.0,545.0,545.0,1000,545,0.2
2009/12/28,555.0,555.0,555.0,555.0,1000,555,0.2
2009/12/30,555.0,565.0,555.0,565.0,5000,565,0.2
2010/01/07,565.0,565.0,565.0,565.0,3000,565,0.2
2010/01/08,590.0,595.0,590.0,595.0,3000,595,0.2
2010/01/12,585.0,585.0,575.0,575.0,3000,575,0.2
2010/01/14,600.0,600.0,600.0,600.0,4000,600,0.2
2010/01/19,595.0,600.0,595.0,600.0,9000,600,0.2
2010/01/22,585.0,605.0,585.0,605.0,4000,605,0.2
2010/01/25,590.0,590.0,590.0,590.0,1000,590,0.2
2010/01/26,590.0,590.0,590.0,590.0,1000,590,0.2
2010/01/27,570.0,570.0,570.0,570.0,1000,570,0.2
2010/01/29,600.0,600.0,600.0,600.0,5000,600,0.2
2010/02/01,605.0,605.0,590.0,590.0,4000,590,0.2
2010/02/02,590.0,590.0,590.0,590.0,2000,590,0.2
2010/02/03,600.0,600.0,600.0,600.0,1000,600,0.2
2010/02/05,585.0,595.0,560.0,585.0,8000,585,0.2
2010/02/08,585.0,585.0,555.0,585.0,5000,585,0.2
2010/02/09,580.0,580.0,575.0,575.0,6000,575,0.2
2010/02/10,575.0,575.0,575.0,575.0,4000,575,0.2
2010/02/12,580.0,580.0,575.0,575.0,4000,575,0.2
2010/02/18,605.0,605.0,605.0,605.0,2000,605,0.2
2010/02/19,605.0,605.0,605.0,605.0,4000,605,0.2
2010/02/23,580.0,580.0,565.0,565.0,7000,565,0.2
2010/02/24,565.0,575.0,565.0,575.0,3000,575,0.2
2010/02/25,570.0,580.0,570.0,580.0,7000,580,0.2
2010/02/26,580.0,580.0,580.0,580.0,2000,580,0.2
2010/03/02,565.0,575.0,565.0,570.0,7000,570,0.2
2010/03/05,580.0,580.0,580.0,580.0,2000,580,0.2
2010/03/08,590.0,600.0,590.0,600.0,6000,600,0.2
2010/03/10,605.0,605.0,605.0,605.0,1000,605,0.2
2010/03/11,610.0,610.0,610.0,610.0,1000,610,0.2
2010/03/12,600.0,610.0,600.0,610.0,3000,610,0.2
2010/03/15,635.0,635.0,625.0,625.0,4000,625,0.2
2010/03/17,645.0,645.0,645.0,645.0,1000,645,0.2
2010/03/19,685.0,705.0,685.0,700.0,29000,700,0.2
2010/03/23,715.0,715.0,705.0,715.0,5000,715,0.2
2010/03/24,715.0,715.0,685.0,700.0,12000,700,0.2
2010/03/25,695.0,695.0,695.0,695.0,1000,695,0.2
2010/03/26,695.0,700.0,695.0,695.0,8000,695,0.2
2010/03/29,695.0,695.0,695.0,695.0,1000,695,0.2
2010/03/30,695.0,695.0,695.0,695.0,2000,695,0.2
2010/03/31,680.0,700.0,680.0,685.0,6000,685,0.2
2010/04/05,695.0,695.0,695.0,695.0,1000,695,0.2
2010/04/06,690.0,690.0,685.0,685.0,8000,685,0.2
2010/04/08,685.0,685.0,685.0,685.0,3000,685,0.2
2010/04/09,690.0,715.0,685.0,715.0,35000,715,0.2
2010/04/12,700.0,715.0,700.0,715.0,3000,715,0.2
2010/04/14,705.0,705.0,685.0,685.0,13000,685,0.2
2010/04/15,695.0,705.0,695.0,705.0,3000,705,0.2
2010/04/16,690.0,690.0,690.0,690.0,3000,690,0.2
2010/04/21,690.0,690.0,690.0,690.0,1000,690,0.2
2010/04/26,700.0,715.0,700.0,715.0,7000,715,0.2
2010/04/27,715.0,715.0,715.0,715.0,1000,715,0.2
2010/04/28,715.0,720.0,715.0,715.0,3000,715,0.2
2010/04/30,700.0,765.0,700.0,745.0,16000,745,0.2
2010/05/06,740.0,745.0,730.0,745.0,10000,745,0.2
2010/05/07,725.0,725.0,725.0,725.0,14000,725,0.2
2010/05/10,720.0,720.0,720.0,720.0,1000,720,0.2
2010/05/11,705.0,705.0,705.0,705.0,2000,705,0.2
2010/05/12,690.0,705.0,690.0,705.0,2000,705,0.2
2010/05/14,725.0,725.0,725.0,725.0,1000,725,0.2
2010/05/17,715.0,720.0,715.0,720.0,2000,720,0.2
2010/05/18,720.0,720.0,720.0,720.0,3000,720,0.2
2010/05/19,685.0,685.0,685.0,685.0,1000,685,0.2
2010/05/20,715.0,715.0,715.0,715.0,1000,715,0.2
2010/05/31,715.0,715.0,715.0,715.0,2000,715,0.2
2010/06/09,665.0,665.0,650.0,650.0,4000,650,0.2
2010/06/10,650.0,715.0,645.0,715.0,6000,715,0.2
2010/06/11,700.0,700.0,700.0,700.0,1000,700,0.2
2010/06/28,700.0,700.0,700.0,700.0,1000,700,0.2
2010/06/30,700.0,710.0,700.0,710.0,3000,710,0.2
2010/07/01,710.0,710.0,710.0,710.0,17000,710,0.2
2010/07/02,685.0,685.0,680.0,680.0,2000,680,0.2
2010/07/06,685.0,685.0,685.0,685.0,1000,685,0.2
2010/07/13,685.0,685.0,685.0,685.0,1000,685,0.2
2010/07/14,675.0,685.0,675.0,685.0,3000,685,0.2
2010/07/29,670.0,670.0,650.0,650.0,6000,650,0.2
2010/07/30,650.0,650.0,640.0,640.0,7000,640,0.2
2010/08/02,665.0,665.0,665.0,665.0,1000,665,0.2
2010/08/03,690.0,690.0,690.0,690.0,1000,690,0.2
2010/08/04,665.0,685.0,665.0,685.0,2000,685,0.2
2010/08/05,660.0,675.0,660.0,675.0,2000,675,0.2
2010/08/19,675.0,675.0,675.0,675.0,2000,675,0.2
2010/08/23,650.0,650.0,650.0,650.0,2000,650,0.2
2010/08/25,650.0,650.0,650.0,650.0,2000,650,0.2
2010/08/26,650.0,650.0,650.0,650.0,1000,650,0.2
2010/08/27,655.0,655.0,655.0,655.0,1000,655,0.2
2010/08/30,655.0,655.0,655.0,655.0,2000,655,0.2
2010/09/06,655.0,655.0,655.0,655.0,1000,655,0.2
2010/09/08,655.0,655.0,655.0,655.0,2000,655,0.2
2010/09/09,655.0,655.0,655.0,655.0,4000,655,0.2
2010/09/14,635.0,635.0,635.0,635.0,3000,635,0.2
2010/09/16,655.0,655.0,650.0,650.0,3000,650,0.2
2010/09/22,650.0,650.0,650.0,650.0,1000,650,0.2
2010/09/24,655.0,655.0,655.0,655.0,1000,655,0.2
2010/09/27,650.0,650.0,650.0,650.0,2000,650,0.2
2010/09/28,650.0,650.0,650.0,650.0,2000,650,0.2
2010/09/29,650.0,650.0,650.0,650.0,3000,650,0.2
2010/09/30,650.0,650.0,650.0,650.0,3000,650,0.2
2010/10/01,655.0,655.0,655.0,655.0,2000,655,0.2
2010/10/04,665.0,665.0,665.0,665.0,2000,665,0.2
2010/10/05,645.0,655.0,645.0,655.0,5000,655,0.2
2010/10/06,645.0,645.0,630.0,630.0,13000,630,0.2
2010/10/07,630.0,630.0,630.0,630.0,1000,630,0.2
2010/10/08,630.0,630.0,630.0,630.0,1000,630,0.2
2010/10/13,635.0,635.0,635.0,635.0,1000,635,0.2
2010/10/15,630.0,630.0,630.0,630.0,1000,630,0.2
2010/10/26,625.0,625.0,625.0,625.0,11000,625,0.2
2010/10/27,630.0,630.0,630.0,630.0,1000,630,0.2
2010/10/28,645.0,645.0,645.0,645.0,1000,645,0.2
2010/10/29,640.0,640.0,630.0,630.0,3000,630,0.2
2010/11/02,630.0,630.0,630.0,630.0,3000,630,0.2
2010/11/11,645.0,650.0,645.0,650.0,2000,650,0.2
2010/11/17,650.0,650.0,650.0,650.0,9000,650,0.2
2010/11/19,650.0,675.0,650.0,675.0,3000,675,0.2
2010/11/29,665.0,665.0,665.0,665.0,1000,665,0.2
2010/11/30,665.0,665.0,665.0,665.0,2000,665,0.2
2010/12/01,670.0,670.0,670.0,670.0,1000,670,0.2
2010/12/02,695.0,695.0,695.0,695.0,1000,695,0.2
2010/12/06,645.0,645.0,645.0,645.0,1000,645,0.2
2010/12/07,660.0,660.0,660.0,660.0,1000,660,0.2
2010/12/13,670.0,670.0,670.0,670.0,1000,670,0.2
2010/12/15,670.0,670.0,670.0,670.0,1000,670,0.2
2010/12/17,665.0,665.0,665.0,665.0,4000,665,0.2
2010/12/20,665.0,715.0,665.0,715.0,4000,715,0.2
2010/12/21,675.0,675.0,675.0,675.0,1000,675,0.2
2010/12/22,685.0,685.0,680.0,680.0,4000,680,0.2
2010/12/24,680.0,680.0,675.0,675.0,4000,675,0.2
2010/12/27,675.0,675.0,675.0,675.0,3000,675,0.2
2010/12/29,675.0,680.0,675.0,680.0,3000,680,0.2
2010/12/30,680.0,680.0,680.0,680.0,3000,680,0.2
2011/01/06,690.0,695.0,690.0,690.0,6000,690,0.2
2011/01/07,685.0,690.0,685.0,690.0,4000,690,0.2
2011/01/12,700.0,705.0,685.0,685.0,16000,685,0.2
2011/01/13,700.0,700.0,700.0,700.0,1000,700,0.2
2011/01/14,700.0,700.0,695.0,700.0,4000,700,0.2
2011/01/17,705.0,710.0,705.0,710.0,5000,710,0.2
2011/01/18,715.0,715.0,715.0,715.0,3000,715,0.2
2011/01/19,715.0,715.0,715.0,715.0,3000,715,0.2
2011/01/20,695.0,695.0,695.0,695.0,1000,695,0.2
2011/01/21,695.0,695.0,695.0,695.0,2000,695,0.2
2011/01/25,695.0,695.0,695.0,695.0,2000,695,0.2
2011/01/27,700.0,700.0,700.0,700.0,1000,700,0.2
2011/01/28,705.0,705.0,700.0,700.0,4000,700,0.2
2011/01/31,700.0,700.0,695.0,695.0,4000,695,0.2
2011/02/03,700.0,700.0,700.0,700.0,1000,700,0.2
2011/02/07,705.0,705.0,705.0,705.0,1000,705,0.2
2011/02/08,715.0,730.0,715.0,730.0,14000,730,0.2
2011/02/09,730.0,730.0,730.0,730.0,2000,730,0.2
2011/02/10,735.0,750.0,735.0,750.0,17000,750,0.2
2011/02/14,760.0,760.0,760.0,760.0,4000,760,0.2
2011/02/17,760.0,765.0,760.0,765.0,7000,765,0.2
2011/02/18,765.0,775.0,765.0,775.0,6000,775,0.2
2011/02/21,760.0,760.0,750.0,750.0,3000,750,0.2
2011/02/22,750.0,750.0,740.0,740.0,3000,740,0.2
2011/02/24,720.0,730.0,720.0,730.0,3000,730,0.2
2011/02/25,705.0,715.0,705.0,715.0,4000,715,0.2
2011/02/28,730.0,730.0,730.0,730.0,1000,730,0.2
2011/03/01,735.0,735.0,735.0,735.0,2000,735,0.2
2011/03/02,750.0,750.0,750.0,750.0,3000,750,0.2
2011/03/04,750.0,750.0,745.0,745.0,3000,745,0.2
2011/03/08,755.0,765.0,755.0,760.0,11000,760,0.2
2011/03/09,765.0,775.0,765.0,770.0,13000,770,0.2
2011/03/10,760.0,765.0,755.0,755.0,12000,755,0.2
2011/03/11,750.0,750.0,750.0,750.0,12000,750,0.2
2011/03/14,690.0,700.0,680.0,690.0,15000,690,0.2
2011/03/15,690.0,690.0,660.0,660.0,6000,660,0.2
2011/03/16,660.0,660.0,660.0,660.0,1000,660,0.2
2011/03/17,660.0,660.0,600.0,650.0,12000,650,0.2
2011/03/18,650.0,725.0,650.0,725.0,2000,725,0.2
2011/03/22,725.0,725.0,725.0,725.0,3000,725,0.2
2011/03/23,720.0,725.0,720.0,725.0,2000,725,0.2
2011/03/24,725.0,770.0,725.0,770.0,14000,770,0.2
2011/03/25,750.0,750.0,750.0,750.0,3000,750,0.2
2011/03/29,700.0,700.0,700.0,700.0,1000,700,0.2
2011/03/30,705.0,705.0,705.0,705.0,3000,705,0.2
2011/03/31,715.0,715.0,705.0,705.0,7000,705,0.2
2011/04/04,700.0,700.0,690.0,690.0,2000,690,0.2
2011/04/05,690.0,690.0,690.0,690.0,1000,690,0.2
2011/04/06,680.0,680.0,680.0,680.0,1000,680,0.2
2011/04/08,710.0,710.0,710.0,710.0,2000,710,0.2
2011/04/21,685.0,690.0,685.0,690.0,5000,690,0.2
2011/04/26,675.0,675.0,675.0,675.0,1000,675,0.2
2011/04/27,680.0,690.0,680.0,690.0,4000,690,0.2
2011/04/28,705.0,705.0,705.0,705.0,1000,705,0.2
2011/05/02,705.0,705.0,705.0,705.0,4000,705,0.2
2011/05/06,705.0,705.0,705.0,705.0,8000,705,0.2
2011/05/11,680.0,695.0,680.0,695.0,3000,695,0.2
2011/05/12,700.0,700.0,700.0,700.0,1000,700,0.2
2011/05/17,705.0,705.0,705.0,705.0,1000,705,0.2
2011/05/18,680.0,680.0,680.0,680.0,1000,680,0.2
2011/05/20,680.0,700.0,680.0,700.0,3000,700,0.2
2011/05/24,675.0,700.0,665.0,700.0,12000,700,0.2
2011/05/26,695.0,695.0,695.0,695.0,1000,695,0.2
2011/05/27,675.0,675.0,675.0,675.0,1000,675,0.2
2011/06/01,700.0,700.0,675.0,675.0,3000,675,0.2
2011/06/20,675.0,705.0,675.0,705.0,3000,705,0.2
2011/06/22,680.0,680.0,675.0,680.0,7000,680,0.2
2011/06/23,670.0,670.0,670.0,670.0,1000,670,0.2
2011/06/30,680.0,680.0,665.0,665.0,5000,665,0.2
2011/07/04,670.0,670.0,670.0,670.0,2000,670,0.2
2011/07/05,695.0,695.0,695.0,695.0,4000,695,0.2
2011/07/06,675.0,675.0,675.0,675.0,1000,675,0.2
2011/07/08,670.0,670.0,670.0,670.0,2000,670,0.2
2011/07/11,680.0,680.0,680.0,680.0,1000,680,0.2
2011/07/13,690.0,690.0,690.0,690.0,2000,690,0.2
2011/07/15,675.0,675.0,675.0,675.0,1000,675,0.2
2011/07/20,680.0,680.0,680.0,680.0,2000,680,0.2
2011/07/21,675.0,690.0,675.0,690.0,5000,690,0.2
2011/07/26,675.0,675.0,675.0,675.0,1000,675,0.2
2011/07/27,675.0,675.0,675.0,675.0,1000,675,0.2
2011/08/01,680.0,680.0,680.0,680.0,1000,680,0.2
2011/08/03,700.0,700.0,700.0,700.0,2000,700,0.2
2011/08/08,645.0,645.0,645.0,645.0,10000,645,0.2
2011/09/01,670.0,670.0,670.0,670.0,3000,670,0.2
2011/09/09,645.0,645.0,645.0,645.0,3000,645,0.2
2011/09/15,650.0,650.0,650.0,650.0,5000,650,0.2
2011/09/22,650.0,650.0,640.0,640.0,7000,640,0.2
2011/09/26,640.0,640.0,640.0,640.0,1000,640,0.2
2011/10/03,640.0,640.0,640.0,640.0,1000,640,0.2
2011/10/04,665.0,665.0,665.0,665.0,1000,665,0.2
2011/10/07,640.0,640.0,640.0,640.0,2000,640,0.2
2011/10/17,645.0,645.0,645.0,645.0,5000,645,0.2
2011/10/26,640.0,640.0,640.0,640.0,2000,640,0.2
2011/11/01,640.0,640.0,640.0,640.0,3000,640,0.2
2011/11/02,645.0,690.0,645.0,690.0,3000,690,0.2
2011/11/04,685.0,685.0,685.0,685.0,2000,685,0.2
2011/11/07,660.0,660.0,660.0,660.0,1000,660,0.2
2011/11/09,660.0,660.0,660.0,660.0,2000,660,0.2
2011/11/16,640.0,640.0,640.0,640.0,1000,640,0.2
2011/11/18,640.0,650.0,640.0,650.0,2000,650,0.2
2011/11/21,630.0,630.0,630.0,630.0,4000,630,0.2
2011/11/30,665.0,665.0,665.0,665.0,1000,665,0.2
2011/12/01,665.0,665.0,665.0,665.0,3000,665,0.2
2011/12/05,655.0,655.0,655.0,655.0,1000,655,0.2
2011/12/06,665.0,665.0,665.0,665.0,1000,665,0.2
2011/12/13,665.0,665.0,665.0,665.0,2000,665,0.2
2011/12/14,665.0,665.0,665.0,665.0,1000,665,0.2
2011/12/22,650.0,650.0,650.0,650.0,1000,650,0.2
2011/12/27,625.0,625.0,625.0,625.0,2000,625,0.2
2012/01/04,630.0,630.0,630.0,630.0,2000,630,0.2
2012/01/05,680.0,680.0,680.0,680.0,4000,680,0.2
2012/01/11,655.0,655.0,655.0,655.0,1000,655,0.2
2012/01/23,690.0,695.0,690.0,695.0,3000,695,0.2
2012/01/26,700.0,700.0,700.0,700.0,4000,700,0.2
2012/01/27,700.0,700.0,700.0,700.0,2000,700,0.2
2012/01/30,725.0,725.0,725.0,725.0,1000,725,0.2
2012/01/31,720.0,720.0,720.0,720.0,2000,720,0.2
2012/02/02,725.0,725.0,725.0,725.0,7000,725,0.2
2012/02/03,715.0,715.0,710.0,710.0,2000,710,0.2
2012/02/07,735.0,755.0,730.0,730.0,10000,730,0.2
2012/02/08,725.0,725.0,715.0,715.0,6000,715,0.2
2012/02/09,725.0,725.0,725.0,725.0,5000,725,0.2
2012/02/10,715.0,715.0,715.0,715.0,1000,715,0.2
2012/02/13,710.0,725.0,710.0,725.0,3000,725,0.2
2012/02/14,705.0,720.0,705.0,720.0,2000,720,0.2
2012/02/16,715.0,725.0,715.0,725.0,2000,725,0.2
2012/02/17,730.0,730.0,730.0,730.0,2000,730,0.2
2012/02/21,730.0,730.0,730.0,730.0,1000,730,0.2
2012/02/22,735.0,745.0,735.0,745.0,5000,745,0.2
2012/02/23,725.0,750.0,725.0,750.0,4000,750,0.2
2012/02/24,750.0,760.0,750.0,760.0,4000,760,0.2
2012/02/27,790.0,790.0,765.0,765.0,9000,765,0.2
2012/02/28,755.0,765.0,750.0,765.0,7000,765,0.2
2012/03/01,765.0,765.0,755.0,755.0,5000,755,0.2
2012/03/02,760.0,760.0,760.0,760.0,1000,760,0.2
2012/03/05,760.0,760.0,760.0,760.0,1000,760,0.2
2012/03/09,750.0,790.0,750.0,755.0,7000,755,0.2
2012/03/12,760.0,760.0,760.0,760.0,2000,760,0.2
2012/03/13,775.0,775.0,775.0,775.0,1000,775,0.2
2012/03/14,775.0,775.0,765.0,765.0,3000,765,0.2
2012/03/15,775.0,775.0,760.0,760.0,2000,760,0.2
2012/03/16,755.0,765.0,755.0,760.0,6000,760,0.2
2012/03/19,765.0,765.0,765.0,765.0,2000,765,0.2
2012/03/21,765.0,765.0,765.0,765.0,1000,765,0.2
2012/03/22,765.0,765.0,765.0,765.0,3000,765,0.2
2012/03/26,765.0,765.0,765.0,765.0,1000,765,0.2
2012/03/27,765.0,765.0,765.0,765.0,1000,765,0.2
2012/03/29,700.0,700.0,675.0,700.0,4000,700,0.2
2012/04/02,725.0,725.0,725.0,725.0,1000,725,0.2
2012/04/03,745.0,745.0,745.0,745.0,2000,745,0.2
2012/04/04,720.0,720.0,710.0,710.0,5000,710,0.2
2012/04/05,705.0,705.0,705.0,705.0,2000,705,0.2
2012/04/10,725.0,745.0,725.0,745.0,4000,745,0.2
2012/04/18,705.0,705.0,705.0,705.0,3000,705,0.2
2012/05/01,730.0,730.0,715.0,715.0,2000,715,0.2
2012/05/07,735.0,735.0,735.0,735.0,2000,735,0.2
2012/05/08,735.0,770.0,735.0,770.0,3000,770,0.2
2012/05/14,705.0,705.0,705.0,705.0,3000,705,0.2
2012/05/16,680.0,680.0,680.0,680.0,1000,680,0.2
2012/05/24,670.0,670.0,670.0,670.0,2000,670,0.2
2012/06/01,725.0,725.0,725.0,725.0,3000,725,0.2
2012/06/13,675.0,685.0,675.0,675.0,8000,675,0.2
2012/06/26,680.0,680.0,680.0,680.0,1000,680,0.2
2012/06/28,730.0,730.0,730.0,730.0,1000,730,0.2
2012/06/29,730.0,730.0,730.0,730.0,1000,730,0.2
2012/07/02,730.0,730.0,730.0,730.0,4000,730,0.2
2012/07/05,705.0,705.0,705.0,705.0,1000,705,0.2
2012/07/13,680.0,680.0,680.0,680.0,4000,680,0.2
2012/07/18,680.0,680.0,680.0,680.0,4000,680,0.2
2012/07/19,670.0,670.0,670.0,670.0,4000,670,0.2
2012/07/20,685.0,685.0,685.0,685.0,1000,685,0.2
2012/07/24,660.0,660.0,660.0,660.0,1000,660,0.2
2012/07/26,660.0,660.0,660.0,660.0,1000,660,0.2
2012/07/30,735.0,735.0,735.0,735.0,1000,735,0.2
2012/07/31,735.0,735.0,735.0,735.0,2000,735,0.2
2012/08/13,685.0,685.0,685.0,685.0,1000,685,0.2
2012/08/24,690.0,690.0,690.0,690.0,1000,690,0.2
2012/08/30,690.0,690.0,690.0,690.0,1000,690,0.2
2012/08/31,690.0,690.0,690.0,690.0,1000,690,0.2
2012/09/03,685.0,685.0,685.0,685.0,1000,685,0.2
2012/09/04,685.0,685.0,685.0,685.0,1000,685,0.2
2012/09/10,680.0,680.0,680.0,680.0,1000,680,0.2
2012/09/13,680.0,680.0,680.0,680.0,1000,680,0.2
2012/09/18,680.0,680.0,680.0,680.0,1000,680,0.2
2012/09/19,675.0,675.0,675.0,675.0,2000,675,0.2
2012/10/01,675.0,675.0,675.0,675.0,3000,675,0.2
2012/10/03,675.0,675.0,675.0,675.0,2000,675,0.2
2012/10/05,650.0,650.0,650.0,650.0,1000,650,0.2
2012/10/11,650.0,650.0,650.0,650.0,1000,650,0.2
2012/10/18,650.0,650.0,650.0,650.0,1000,650,0.2
2012/10/19,650.0,650.0,650.0,650.0,1000,650,0.2
2012/10/22,625.0,630.0,625.0,630.0,6000,630,0.2
2012/10/25,635.0,635.0,635.0,635.0,1000,635,0.2
2012/10/26,635.0,635.0,635.0,635.0,1000,635,0.2
2012/10/31,635.0,635.0,635.0,635.0,1000,635,0.2
2012/11/01,680.0,680.0,680.0,680.0,2000,680,0.2
2012/11/07,650.0,650.0,630.0,635.0,14000,635,0.2
2012/11/09,625.0,625.0,625.0,625.0,1000,625,0.2
2012/11/12,625.0,645.0,625.0,645.0,3000,645,0.2
2012/11/27,655.0,655.0,655.0,655.0,1000,655,0.2
2012/11/30,665.0,665.0,665.0,665.0,1000,665,0.2
2012/12/03,685.0,685.0,685.0,685.0,1000,685,0.2
2012/12/04,715.0,715.0,715.0,715.0,3000,715,0.2
2012/12/10,710.0,710.0,705.0,705.0,2000,705,0.2
2012/12/13,700.0,700.0,685.0,690.0,5000,690,0.2
2012/12/14,690.0,700.0,690.0,700.0,4000,700,0.2
2012/12/18,710.0,710.0,710.0,710.0,3000,710,0.2
2012/12/19,710.0,710.0,710.0,710.0,1000,710,0.2
2012/12/21,710.0,710.0,705.0,705.0,2000,705,0.2
2012/12/26,710.0,710.0,710.0,710.0,1000,710,0.2
2012/12/27,710.0,710.0,710.0,710.0,1000,710,0.2
2012/12/28,730.0,730.0,730.0,730.0,1000,730,0.2
2013/01/04,740.0,745.0,730.0,745.0,5000,745,0.2
2013/01/07,750.0,750.0,745.0,750.0,4000,750,0.2
2013/01/08,750.0,755.0,750.0,755.0,6000,755,0.2
2013/01/09,755.0,755.0,755.0,755.0,1000,755,0.2
2013/01/10,765.0,770.0,765.0,765.0,4000,765,0.2
2013/01/11,770.0,780.0,770.0,780.0,4000,780,0.2
2013/01/15,790.0,790.0,790.0,790.0,1000,790,0.2
2013/01/16,760.0,770.0,760.0,770.0,2000,770,0.2
2013/01/17,770.0,770.0,770.0,770.0,2000,770,0.2
2013/01/22,755.0,755.0,750.0,750.0,3000,750,0.2
2013/01/23,775.0,775.0,775.0,775.0,1000,775,0.2
2013/01/28,760.0,775.0,760.0,775.0,2000,775,0.2
2013/01/29,755.0,775.0,755.0,775.0,3000,775,0.2
2013/01/30,775.0,775.0,760.0,770.0,4000,770,0.2
2013/01/31,755.0,770.0,755.0,770.0,6000,770,0.2
2013/02/01,775.0,775.0,775.0,775.0,1000,775,0.2
2013/02/06,780.0,780.0,780.0,780.0,4000,780,0.2
2013/02/07,780.0,780.0,780.0,780.0,1000,780,0.2
2013/02/08,800.0,845.0,800.0,820.0,19000,820,0.2
2013/02/12,820.0,820.0,810.0,810.0,4000,810,0.2
2013/02/13,805.0,810.0,805.0,810.0,12000,810,0.2
2013/02/14,800.0,825.0,800.0,825.0,9000,825,0.2
2013/02/15,800.0,825.0,800.0,825.0,5000,825,0.2
2013/02/18,805.0,805.0,805.0,805.0,3000,805,0.2
2013/02/19,810.0,810.0,810.0,810.0,1000,810,0.2
2013/02/25,805.0,805.0,805.0,805.0,1000,805,0.2
2013/02/26,805.0,805.0,805.0,805.0,19000,805,0.2
2013/03/04,840.0,840.0,835.0,835.0,7000,835,0.2
2013/03/05,835.0,835.0,835.0,835.0,2000,835,0.2
2013/03/06,830.0,850.0,830.0,850.0,4000,850,0.2
2013/03/07,850.0,850.0,805.0,825.0,3000,825,0.2
2013/03/11,815.0,850.0,815.0,850.0,2000,850,0.2
2013/03/12,840.0,840.0,840.0,840.0,3000,840,0.2
2013/03/13,835.0,835.0,835.0,835.0,3000,835,0.2
2013/03/14,835.0,840.0,835.0,840.0,3000,840,0.2
2013/03/15,840.0,845.0,840.0,845.0,5000,845,0.2
2013/03/18,845.0,845.0,845.0,845.0,5000,845,0.2
2013/03/19,845.0,900.0,845.0,900.0,19000,900,0.2
2013/03/21,900.0,900.0,900.0,900.0,1000,900,0.2
2013/03/25,900.0,900.0,895.0,895.0,3000,895,0.2
2013/03/26,920.0,920.0,895.0,895.0,9000,895,0.2
2013/03/27,890.0,890.0,890.0,890.0,2000,890,0.2
2013/03/29,890.0,900.0,880.0,900.0,13000,900,0.2
2013/04/01,900.0,900.0,900.0,900.0,1000,900,0.2
2013/04/04,900.0,900.0,900.0,900.0,1000,900,0.2
2013/04/05,900.0,900.0,900.0,900.0,2000,900,0.2
2013/04/08,865.0,875.0,865.0,875.0,3000,875,0.2
2013/04/09,875.0,925.0,875.0,925.0,5000,925,0.2
2013/04/10,925.0,925.0,925.0,925.0,1000,925,0.2
2013/04/17,925.0,925.0,925.0,925.0,2000,925,0.2
2013/04/18,925.0,925.0,925.0,925.0,2000,925,0.2
2013/04/30,925.0,925.0,915.0,915.0,9000,915,0.2
2013/05/01,915.0,915.0,890.0,890.0,4000,890,0.2
2013/05/02,875.0,875.0,875.0,875.0,2000,875,0.2
2013/05/07,915.0,915.0,890.0,890.0,3000,890,0.2
2013/05/08,885.0,890.0,885.0,890.0,3000,890,0.2
2013/05/09,890.0,890.0,870.0,885.0,10000,885,0.2
2013/05/13,895.0,895.0,895.0,895.0,4000,895,0.2
2013/05/14,880.0,880.0,880.0,880.0,3000,880,0.2
2013/05/15,870.0,870.0,870.0,870.0,2000,870,0.2
2013/05/16,855.0,855.0,820.0,845.0,6000,845,0.2
2013/05/17,825.0,890.0,825.0,890.0,10000,890,0.2
2013/05/20,890.0,890.0,890.0,890.0,1000,890,0.2
2013/05/21,890.0,905.0,890.0,905.0,9000,905,0.2
2013/05/22,905.0,905.0,870.0,900.0,5000,900,0.2
2013/05/23,865.0,865.0,860.0,860.0,2000,860,0.2
2013/05/24,855.0,855.0,855.0,855.0,2000,855,0.2
2013/05/27,890.0,890.0,815.0,885.0,4000,885,0.2
2013/05/29,890.0,890.0,890.0,890.0,4000,890,0.2
2013/05/30,885.0,885.0,870.0,870.0,8000,870,0.2
2013/05/31,885.0,885.0,885.0,885.0,1000,885,0.2
2013/06/04,860.0,860.0,860.0,860.0,2000,860,0.2
2013/06/05,845.0,860.0,845.0,860.0,4000,860,0.2
2013/06/06,785.0,835.0,785.0,835.0,2000,835,0.2
2013/06/07,880.0,880.0,880.0,880.0,1000,880,0.2
2013/06/10,870.0,870.0,870.0,870.0,4000,870,0.2
2013/06/11,865.0,865.0,835.0,855.0,10000,855,0.2
2013/06/12,855.0,855.0,855.0,855.0,1000,855,0.2
2013/06/13,845.0,845.0,845.0,845.0,3000,845,0.2
2013/06/17,825.0,825.0,825.0,825.0,3000,825,0.2
2013/06/18,815.0,815.0,815.0,815.0,3000,815,0.2
2013/06/19,820.0,820.0,810.0,810.0,8000,810,0.2
2013/06/20,795.0,800.0,795.0,800.0,5000,800,0.2
2013/06/24,805.0,805.0,805.0,805.0,1000,805,0.2
2013/06/25,795.0,795.0,790.0,790.0,2000,790,0.2
2013/06/27,800.0,800.0,800.0,800.0,2000,800,0.2
2013/06/28,800.0,805.0,800.0,805.0,4000,805,0.2
2013/07/01,805.0,805.0,805.0,805.0,1000,805,0.2
2013/07/03,820.0,825.0,820.0,825.0,6000,825,0.2
2013/07/04,800.0,815.0,800.0,815.0,5000,815,0.2
2013/07/08,820.0,820.0,805.0,805.0,2000,805,0.2
2013/07/09,820.0,825.0,820.0,825.0,3000,825,0.2
2013/07/10,820.0,820.0,820.0,820.0,2000,820,0.2
2013/07/11,820.0,820.0,820.0,820.0,2000,820,0.2
2013/07/12,820.0,820.0,820.0,820.0,1000,820,0.2
2013/07/16,855.0,885.0,855.0,885.0,4000,885,0.2
2013/07/17,850.0,850.0,850.0,850.0,2000,850,0.2
2013/07/19,845.0,845.0,845.0,845.0,1000,845,0.2
2013/07/23,830.0,830.0,830.0,830.0,1000,830,0.2
2013/07/24,865.0,865.0,865.0,865.0,2000,865,0.2
2013/07/30,850.0,850.0,850.0,850.0,2000,850,0.2
2013/07/31,840.0,840.0,840.0,840.0,1000,840,0.2
2013/08/01,850.0,850.0,850.0,850.0,1000,850,0.2
2013/08/07,895.0,945.0,895.0,910.0,38000,910,0.2
2013/08/08,905.0,925.0,905.0,910.0,8000,910,0.2
2013/08/09,915.0,920.0,900.0,920.0,8000,920,0.2
2013/08/12,920.0,920.0,905.0,905.0,5000,905,0.2
2013/08/14,895.0,895.0,895.0,895.0,1000,895,0.2
2013/08/15,900.0,900.0,900.0,900.0,1000,900,0.2
2013/08/16,900.0,900.0,900.0,900.0,3000,900,0.2
2013/08/19,875.0,875.0,875.0,875.0,4000,875,0.2
2013/08/20,880.0,880.0,880.0,880.0,1000,880,0.2
2013/08/22,890.0,895.0,890.0,895.0,3000,895,0.2
2013/08/23,900.0,900.0,900.0,900.0,3000,900,0.2
2013/08/27,910.0,910.0,905.0,905.0,5000,905,0.2
2013/08/29,900.0,900.0,900.0,900.0,1000,900,0.2
2013/08/30,900.0,915.0,900.0,915.0,5000,915,0.2
2013/09/02,915.0,915.0,915.0,915.0,1000,915,0.2
2013/09/03,905.0,905.0,905.0,905.0,1000,905,0.2
2013/09/06,905.0,905.0,905.0,905.0,1000,905,0.2
2013/09/09,905.0,905.0,905.0,905.0,3000,905,0.2
2013/09/10,915.0,915.0,915.0,915.0,1000,915,0.2
2013/09/11,925.0,935.0,925.0,935.0,9000,935,0.2
2013/09/12,945.0,945.0,935.0,935.0,5000,935,0.2
2013/09/13,925.0,970.0,925.0,970.0,4000,970,0.2
2013/09/17,970.0,1035.0,970.0,1000.0,27000,1000,0.2
2013/09/18,970.0,980.0,970.0,980.0,5000,980,0.2
2013/09/19,1010.0,1015.0,990.0,990.0,6000,990,0.2
2013/09/20,1000.0,1000.0,1000.0,1000.0,3000,1000,0.2
2013/09/24,1020.0,1045.0,1020.0,1045.0,18000,1045,0.2
2013/09/25,1055.0,1150.0,1050.0,1150.0,29000,1150,0.2
2013/09/26,1190.0,1190.0,1070.0,1125.0,13000,1125,0.2
2013/09/27,1060.0,1085.0,1040.0,1085.0,5000,1085,0.2
2013/09/30,1120.0,1120.0,1050.0,1050.0,9000,1050,0.2
2013/10/01,1050.0,1150.0,1050.0,1150.0,11000,1150,0.2
2013/10/02,1085.0,1085.0,1085.0,1085.0,4000,1085,0.2
2013/10/03,1120.0,1125.0,1120.0,1125.0,5000,1125,0.2
2013/10/04,1120.0,1130.0,1120.0,1125.0,22000,1125,0.2
2013/10/07,1125.0,1125.0,1125.0,1125.0,2000,1125,0.2
2013/10/08,1065.0,1070.0,1065.0,1070.0,2000,1070,0.2
2013/10/09,1110.0,1110.0,1110.0,1110.0,1000,1110,0.2
2013/10/11,1125.0,1125.0,1125.0,1125.0,1000,1125,0.2
2013/10/15,1075.0,1075.0,1075.0,1075.0,1000,1075,0.2
2013/10/16,1115.0,1145.0,1040.0,1075.0,16000,1075,0.2
2013/10/17,1110.0,1110.0,1110.0,1110.0,1000,1110,0.2
2013/10/18,1120.0,1145.0,1120.0,1145.0,4000,1145,0.2
2013/10/21,1265.0,1265.0,1170.0,1190.0,43000,1190,0.2
2013/10/22,1215.0,1270.0,1215.0,1270.0,21000,1270,0.2
2013/10/23,1270.0,1270.0,1270.0,1270.0,4000,1270,0.2
2013/10/28,1210.0,1230.0,1210.0,1230.0,5000,1230,0.2
2013/10/29,1260.0,1275.0,1235.0,1260.0,12000,1260,0.2
2013/10/30,1255.0,1260.0,1230.0,1255.0,11000,1255,0.2
2013/11/06,1175.0,1200.0,1175.0,1200.0,2000,1200,0.2
2013/11/07,1200.0,1200.0,1200.0,1200.0,1000,1200,0.2
2013/11/08,1200.0,1200.0,1050.0,1135.0,56000,1135,0.2
2013/11/11,1205.0,1205.0,1190.0,1190.0,8000,1190,0.2
2013/11/12,1180.0,1180.0,1160.0,1160.0,5000,1160,0.2
2013/11/13,1175.0,1175.0,1175.0,1175.0,1000,1175,0.2
2013/11/14,1175.0,1175.0,1100.0,1150.0,9000,1150,0.2
2013/11/15,1140.0,1155.0,1115.0,1115.0,14000,1115,0.2
2013/11/18,1140.0,1165.0,1140.0,1150.0,8000,1150,0.2
2013/11/19,1150.0,1190.0,1150.0,1190.0,4000,1190,0.2
2013/11/20,1175.0,1175.0,1175.0,1175.0,2000,1175,0.2
2013/11/21,1170.0,1170.0,1165.0,1165.0,3000,1165,0.2
2013/11/22,1185.0,1190.0,1185.0,1190.0,2000,1190,0.2
2013/11/25,1215.0,1215.0,1200.0,1200.0,4000,1200,0.2
2013/11/26,1215.0,1215.0,1215.0,1215.0,1000,1215,0.2
2013/11/27,1190.0,1190.0,1190.0,1190.0,2000,1190,0.2
2013/11/28,1190.0,1190.0,1185.0,1185.0,7000,1185,0.2
2013/12/02,1185.0,1185.0,1185.0,1185.0,2000,1185,0.2
2013/12/03,1185.0,1220.0,1175.0,1220.0,9000,1220,0.2
2013/12/04,1215.0,1215.0,1215.0,1215.0,2000,1215,0.2
2013/12/05,1225.0,1225.0,1225.0,1225.0,2000,1225,0.2
2013/12/06,1200.0,1200.0,1200.0,1200.0,3000,1200,0.2
2013/12/09,1210.0,1210.0,1200.0,1210.0,5000,1210,0.2
2013/12/10,1220.0,1220.0,1220.0,1220.0,3000,1220,0.2
2013/12/11,1220.0,1220.0,1205.0,1205.0,3000,1205,0.2
2013/12/12,1220.0,1220.0,1220.0,1220.0,1000,1220,0.2
2013/12/17,1185.0,1190.0,1185.0,1190.0,2000,1190,0.2
2013/12/18,1175.0,1175.0,1175.0,1175.0,1000,1175,0.2
2013/12/19,1175.0,1175.0,1170.0,1170.0,3000,1170,0.2
2013/12/20,1170.0,1175.0,1140.0,1175.0,5000,1175,0.2
2013/12/24,1175.0,1175.0,1175.0,1175.0,16000,1175,0.2
2013/12/25,1175.0,1175.0,1175.0,1175.0,1000,1175,0.2
2013/12/26,1175.0,1175.0,1175.0,1175.0,6000,1175,0.2
2013/12/27,1155.0,1170.0,1145.0,1145.0,6000,1145,0.2
2013/12/30,1150.0,1175.0,1150.0,1175.0,7000,1175,0.2
2014/01/06,1175.0,1195.0,1175.0,1175.0,5000,1175,0.2
2014/01/07,1180.0,1210.0,1180.0,1210.0,3000,1210,0.2
2014/01/08,1290.0,1290.0,1240.0,1280.0,10000,1280,0.2
2014/01/09,1240.0,1275.0,1240.0,1260.0,6000,1260,0.2
2014/01/10,1265.0,1300.0,1265.0,1300.0,19000,1300,0.2
2014/01/14,1270.0,1325.0,1250.0,1325.0,11000,1325,0.2
2014/01/15,1300.0,1300.0,1300.0,1300.0,2000,1300,0.2
2014/01/16,1305.0,1375.0,1305.0,1375.0,10000,1375,0.2
2014/01/17,1375.0,1375.0,1350.0,1350.0,2000,1350,0.2
2014/01/20,1350.0,1350.0,1325.0,1325.0,10000,1325,0.2
2014/01/21,1285.0,1290.0,1285.0,1290.0,2000,1290,0.2
2014/01/22,1315.0,1395.0,1305.0,1370.0,26000,1370,0.2
2014/01/23,1330.0,1500.0,1330.0,1460.0,59000,1460,0.2
2014/01/24,1420.0,1455.0,1420.0,1455.0,12000,1455,0.2
2014/01/27,1425.0,1450.0,1425.0,1450.0,9000,1450,0.2
2014/01/28,1370.0,1575.0,1370.0,1575.0,17000,1575,0.2
2014/01/29,1600.0,1625.0,1590.0,1620.0,37000,1620,0.2
2014/01/30,1600.0,1600.0,1550.0,1595.0,12000,1595,0.2
2014/01/31,1555.0,1555.0,1460.0,1540.0,14000,1540,0.2
2014/02/03,1435.0,1495.0,1430.0,1495.0,3000,1495,0.2
2014/02/04,1440.0,1495.0,1440.0,1495.0,4000,1495,0.2
2014/02/05,1500.0,1500.0,1495.0,1495.0,4000,1495,0.2
2014/02/07,1525.0,1525.0,1525.0,1525.0,3000,1525,0.2
2014/02/10,1630.0,1630.0,1550.0,1550.0,8000,1550,0.2
2014/02/12,1500.0,1500.0,1500.0,1500.0,5000,1500,0.2
2014/02/13,1475.0,1475.0,1475.0,1475.0,3000,1475,0.2
2014/02/14,1425.0,1425.0,1375.0,1375.0,3000,1375,0.2
2014/02/17,1350.0,1395.0,1350.0,1395.0,4000,1395,0.2
2014/02/19,1355.0,1365.0,1355.0,1360.0,3000,1360,0.2
2014/02/20,1330.0,1370.0,1330.0,1370.0,2000,1370,0.2
2014/02/21,1390.0,1430.0,1390.0,1430.0,2000,1430,0.2
2014/02/27,1355.0,1370.0,1355.0,1370.0,2000,1370,0.2
2014/02/28,1300.0,1350.0,1300.0,1350.0,24000,1350,0.2
2014/03/04,1325.0,1325.0,1325.0,1325.0,1000,1325,0.2
2014/03/06,1325.0,1365.0,1325.0,1365.0,2000,1365,0.2
2014/03/07,1405.0,1405.0,1405.0,1405.0,1000,1405,0.2
2014/03/10,1345.0,1345.0,1345.0,1345.0,1000,1345,0.2
2014/03/11,1375.0,1375.0,1375.0,1375.0,3000,1375,0.2
2014/03/13,1345.0,1345.0,1305.0,1305.0,2000,1305,0.2
2014/03/14,1425.0,1425.0,1410.0,1410.0,5000,1410,0.2
2014/03/17,1410.0,1410.0,1410.0,1410.0,4000,1410,0.2
2014/03/19,1400.0,1400.0,1400.0,1400.0,1000,1400,0.2
2014/03/20,1400.0,1400.0,1255.0,1255.0,7000,1255,0.2
2014/03/24,1180.0,1180.0,1180.0,1180.0,8000,1180,0.2
2014/03/25,1195.0,1250.0,1195.0,1250.0,7000,1250,0.2
2014/03/26,1250.0,1250.0,1250.0,1250.0,1000,1250,0.2
2014/03/27,1285.0,1290.0,1285.0,1290.0,3000,1290,0.2
2014/03/31,1305.0,1305.0,1290.0,1290.0,4000,1290,0.2
2014/04/01,1290.0,1290.0,1290.0,1290.0,3000,1290,0.2
2014/04/02,1330.0,1330.0,1330.0,1330.0,1000,1330,0.2
2014/04/08,1235.0,1235.0,1235.0,1235.0,1000,1235,0.2
2014/04/09,1155.0,1175.0,1155.0,1175.0,4000,1175,0.2
2014/04/10,1200.0,1240.0,1200.0,1240.0,3000,1240,0.2
2014/04/11,1180.0,1180.0,1180.0,1180.0,1000,1180,0.2
2014/04/14,1175.0,1175.0,1160.0,1160.0,3000,1160,0.2
2014/04/15,1195.0,1195.0,1130.0,1130.0,8000,1130,0.2
2014/04/16,1140.0,1140.0,1135.0,1135.0,2000,1135,0.2
2014/04/17,1165.0,1165.0,1165.0,1165.0,1000,1165,0.2
2014/04/18,1190.0,1190.0,1175.0,1175.0,3000,1175,0.2
2014/04/21,1190.0,1195.0,1150.0,1150.0,10000,1150,0.2
2014/04/22,1145.0,1145.0,1145.0,1145.0,1000,1145,0.2
2014/04/23,1150.0,1150.0,1150.0,1150.0,1000,1150,0.2
2014/04/24,1150.0,1155.0,1150.0,1155.0,2000,1155,0.2
2014/04/25,1160.0,1160.0,1125.0,1125.0,2000,1125,0.2
2014/05/01,1195.0,1195.0,1145.0,1165.0,4000,1165,0.2
2014/05/02,1195.0,1195.0,1195.0,1195.0,1000,1195,0.2
2014/05/07,1135.0,1145.0,1125.0,1135.0,7000,1135,0.2
2014/05/08,1135.0,1135.0,1095.0,1100.0,4000,1100,0.2
2014/05/09,1095.0,1110.0,1095.0,1110.0,4000,1110,0.2
2014/05/12,1125.0,1245.0,1125.0,1245.0,5000,1245,0.2
2014/05/13,1085.0,1115.0,1075.0,1080.0,16000,1080,0.2
2014/05/14,1075.0,1075.0,1050.0,1050.0,6000,1050,0.2
2014/05/15,1025.0,1025.0,1025.0,1025.0,2000,1025,0.2
2014/05/16,1020.0,1020.0,1005.0,1005.0,3000,1005,0.2
2014/05/19,1005.0,1005.0,1005.0,1005.0,1000,1005,0.2
2014/05/20,1035.0,1035.0,1035.0,1035.0,2000,1035,0.2
2014/05/21,1005.0,1005.0,1005.0,1005.0,1000,1005,0.2
2014/05/22,1015.0,1020.0,1015.0,1015.0,3000,1015,0.2
2014/05/23,1020.0,1020.0,975.0,1000.0,7000,1000,0.2
2014/05/26,1000.0,1065.0,1000.0,1050.0,3000,1050,0.2
2014/05/27,1080.0,1080.0,1080.0,1080.0,5000,1080,0.2
2014/05/29,1040.0,1060.0,1040.0,1060.0,4000,1060,0.2
2014/05/30,1060.0,1090.0,1060.0,1090.0,5000,1090,0.2
2014/06/02,1090.0,1090.0,1090.0,1090.0,1000,1090,0.2
2014/06/03,1080.0,1080.0,1080.0,1080.0,1000,1080,0.2
2014/06/05,1045.0,1085.0,1045.0,1085.0,2000,1085,0.2
2014/06/06,1080.0,1080.0,1080.0,1080.0,1000,1080,0.2
2014/06/13,1075.0,1075.0,1060.0,1060.0,3000,1060,0.2
2014/06/18,1070.0,1070.0,1070.0,1070.0,1000,1070,0.2
2014/06/24,1110.0,1135.0,1075.0,1110.0,7000,1110,0.2
2014/06/26,1150.0,1150.0,1150.0,1150.0,1000,1150,0.2
2014/06/27,1085.0,1125.0,1085.0,1125.0,2000,1125,0.2
2014/06/30,1120.0,1120.0,1120.0,1120.0,1000,1120,0.2
2014/07/01,1120.0,1120.0,1075.0,1075.0,3000,1075,0.2
2014/07/02,1095.0,1100.0,1095.0,1100.0,3000,1100,0.2
2014/07/07,1125.0,1130.0,1125.0,1125.0,5000,1125,0.2
2014/07/08,1095.0,1130.0,1095.0,1130.0,8000,1130,0.2
2014/07/09,1130.0,1130.0,1130.0,1130.0,1000,1130,0.2
2014/07/10,1115.0,1115.0,1115.0,1115.0,1000,1115,0.2
2014/07/15,1140.0,1140.0,1120.0,1120.0,4000,1120,0.2
2014/07/16,1130.0,1135.0,1130.0,1135.0,3000,1135,0.2
2014/07/17,1135.0,1135.0,1135.0,1135.0,3000,1135,0.2
2014/07/18,1115.0,1115.0,1110.0,1110.0,2000,1110,0.2
2014/07/22,1105.0,1130.0,1105.0,1130.0,2000,1130,0.2
2014/07/23,1110.0,1110.0,1100.0,1100.0,6000,1100,0.2
2014/07/24,1105.0,1105.0,1105.0,1105.0,1000,1105,0.2
2014/07/25,1095.0,1095.0,1080.0,1080.0,7000,1080,0.2
2014/07/28,1080.0,1080.0,1080.0,1080.0,5000,1080,0.2
2014/07/29,1080.0,1080.0,1080.0,1080.0,2000,1080,0.2
2014/07/30,1080.0,1080.0,1080.0,1080.0,2000,1080,0.2
2014/08/01,1050.0,1060.0,1040.0,1060.0,12000,1060,0.2
2014/08/04,1050.0,1050.0,1050.0,1050.0,1000,1050,0.2
2014/08/05,1035.0,1035.0,1035.0,1035.0,1000,1035,0.2
2014/08/06,1030.0,1040.0,1030.0,1040.0,2000,1040,0.2
2014/08/07,1050.0,1095.0,1050.0,1095.0,9000,1095,0.2
2014/08/14,1075.0,1075.0,1075.0,1075.0,1000,1075,0.2
2014/08/18,1060.0,1075.0,1060.0,1075.0,2000,1075,0.2
2014/08/21,1055.0,1070.0,1055.0,1070.0,2000,1070,0.2
2014/08/22,1075.0,1090.0,1075.0,1090.0,9000,1090,0.2
2014/08/25,1090.0,1090.0,1090.0,1090.0,2000,1090,0.2
2014/08/26,1090.0,1090.0,1090.0,1090.0,1000,1090,0.2
2014/09/02,1125.0,1130.0,1090.0,1130.0,5000,1130,0.2
2014/09/03,1130.0,1135.0,1130.0,1135.0,3000,1135,0.2
2014/09/04,1145.0,1145.0,1125.0,1125.0,4000,1125,0.2
2014/09/05,1140.0,1140.0,1140.0,1140.0,2000,1140,0.2
2014/09/08,1145.0,1150.0,1145.0,1150.0,2000,1150,0.2
2014/09/09,1160.0,1175.0,1160.0,1175.0,3000,1175,0.2
2014/09/12,1175.0,1175.0,1175.0,1175.0,2000,1175,0.2
2014/09/16,1210.0,1210.0,1190.0,1190.0,7000,1190,0.2
2014/09/19,1200.0,1200.0,1200.0,1200.0,2000,1200,0.2
2014/09/22,1205.0,1205.0,1205.0,1205.0,1000,1205,0.2
2014/09/24,1200.0,1200.0,1150.0,1150.0,6000,1150,0.2
2014/09/25,1150.0,1150.0,1150.0,1150.0,2000,1150,0.2
2014/09/29,1150.0,1160.0,1150.0,1160.0,3000,1160,0.2
2014/10/01,1160.0,1160.0,1160.0,1160.0,1000,1160,0.2
2014/10/03,1120.0,1120.0,1120.0,1120.0,1000,1120,0.2
2014/10/06,1105.0,1155.0,1105.0,1155.0,3000,1155,0.2
2014/10/07,1140.0,1140.0,1140.0,1140.0,1000,1140,0.2
2014/10/10,1090.0,1090.0,1090.0,1090.0,1000,1090,0.2
2014/10/14,1090.0,1090.0,1090.0,1090.0,1000,1090,0.2
2014/10/15,1070.0,1070.0,1050.0,1050.0,11000,1050,0.2
2014/10/16,1050.0,1050.0,1050.0,1050.0,2000,1050,0.2
2014/10/17,1010.0,1050.0,1010.0,1050.0,4000,1050,0.2
2014/10/20,1070.0,1070.0,1070.0,1070.0,2000,1070,0.2
2014/10/21,1030.0,1070.0,1030.0,1070.0,5000,1070,0.2
2014/10/22,1060.0,1060.0,1060.0,1060.0,1000,1060,0.2
2014/10/23,1085.0,1085.0,1085.0,1085.0,1000,1085,0.2
2014/10/27,1045.0,1045.0,1025.0,1025.0,10000,1025,0.2
2014/10/30,1035.0,1045.0,1035.0,1045.0,3000,1045,0.2
2014/10/31,1060.0,1060.0,1060.0,1060.0,1000,1060,0.2
2014/11/04,1090.0,1090.0,1085.0,1085.0,4000,1085,0.2
2014/11/05,1075.0,1075.0,1075.0,1075.0,1000,1075,0.2
2014/11/06,1075.0,1075.0,1075.0,1075.0,3000,1075,0.2
2014/11/07,1075.0,1115.0,1075.0,1115.0,3000,1115,0.2
2014/11/10,1115.0,1115.0,1115.0,1115.0,1000,1115,0.2
2014/11/11,1075.0,1075.0,1075.0,1075.0,1000,1075,0.2
2014/11/12,1075.0,1075.0,1065.0,1065.0,2000,1065,0.2
2014/11/13,1055.0,1060.0,1050.0,1060.0,5000,1060,0.2
2014/11/14,1075.0,1090.0,1075.0,1090.0,4000,1090,0.2
2014/11/17,1090.0,1090.0,1085.0,1085.0,2000,1085,0.2
2014/11/18,1065.0,1065.0,1050.0,1065.0,21000,1065,0.2
2014/11/19,1080.0,1080.0,1080.0,1080.0,4000,1080,0.2
2014/11/20,1065.0,1065.0,1065.0,1065.0,5000,1065,0.2
2014/11/21,1060.0,1060.0,1045.0,1045.0,11000,1045,0.2
2014/11/25,1045.0,1045.0,1015.0,1030.0,14000,1030,0.2
2014/11/26,1030.0,1030.0,1030.0,1030.0,2000,1030,0.2
2014/11/27,1040.0,1040.0,1040.0,1040.0,2000,1040,0.2
2014/11/28,1030.0,1030.0,1030.0,1030.0,1000,1030,0.2
2014/12/01,1045.0,1050.0,1045.0,1050.0,3000,1050,0.2
2014/12/02,1050.0,1055.0,1045.0,1045.0,6000,1045,0.2
2014/12/03,1055.0,1065.0,1055.0,1065.0,9000,1065,0.2
2014/12/08,1050.0,1050.0,1050.0,1050.0,3000,1050,0.2
2014/12/09,1050.0,1050.0,1050.0,1050.0,2000,1050,0.2
2014/12/11,1050.0,1050.0,1040.0,1040.0,3000,1040,0.2
2014/12/12,1040.0,1040.0,1030.0,1030.0,6000,1030,0.2
2014/12/15,1030.0,1035.0,1030.0,1035.0,3000,1035,0.2
2014/12/16,1030.0,1030.0,1030.0,1030.0,3000,1030,0.2
2014/12/18,1035.0,1035.0,1035.0,1035.0,4000,1035,0.2
2014/12/19,1035.0,1055.0,1035.0,1055.0,5000,1055,0.2
2014/12/22,1055.0,1055.0,1055.0,1055.0,2000,1055,0.2
2014/12/25,1055.0,1055.0,1045.0,1045.0,20000,1045,0.2
2014/12/26,1045.0,1045.0,1045.0,1045.0,1000,1045,0.2
2014/12/29,1055.0,1055.0,1040.0,1040.0,3000,1040,0.2
2014/12/30,1055.0,1055.0,1055.0,1055.0,1000,1055,0.2
2015/01/05,1055.0,1055.0,1055.0,1055.0,3000,1055,0.2
2015/01/06,1040.0,1040.0,1040.0,1040.0,2000,1040,0.2
2015/01/07,1040.0,1040.0,1040.0,1040.0,2000,1040,0.2
2015/01/08,1050.0,1055.0,1050.0,1055.0,2000,1055,0.2
2015/01/09,1060.0,1060.0,1060.0,1060.0,1000,1060,0.2
2015/01/14,1060.0,1065.0,1060.0,1065.0,2000,1065,0.2
2015/01/15,1065.0,1065.0,1065.0,1065.0,3000,1065,0.2
2015/01/16,1065.0,1070.0,1050.0,1050.0,4000,1050,0.2
2015/01/20,1060.0,1060.0,1060.0,1060.0,7000,1060,0.2
2015/01/21,1050.0,1075.0,1050.0,1075.0,5000,1075,0.2
2015/01/23,1060.0,1060.0,1060.0,1060.0,1000,1060,0.2
2015/01/27,1060.0,1085.0,1060.0,1085.0,3000,1085,0.2
2015/01/29,1085.0,1085.0,1085.0,1085.0,6000,1085,0.2
2015/01/30,1090.0,1125.0,1090.0,1125.0,7000,1125,0.2
2015/02/02,1125.0,1125.0,1125.0,1125.0,1000,1125,0.2
2015/02/03,1120.0,1120.0,1090.0,1090.0,2000,1090,0.2
2015/02/04,1090.0,1090.0,1065.0,1065.0,7000,1065,0.2
2015/02/05,1090.0,1090.0,1090.0,1090.0,1000,1090,0.2
2015/02/06,1075.0,1075.0,1075.0,1075.0,1000,1075,0.2
2015/02/09,1075.0,1075.0,1075.0,1075.0,1000,1075,0.2
2015/02/10,1090.0,1090.0,1090.0,1090.0,1000,1090,0.2
2015/02/12,1095.0,1095.0,1095.0,1095.0,1000,1095,0.2
2015/02/16,1085.0,1085.0,1085.0,1085.0,2000,1085,0.2
2015/02/17,1100.0,1100.0,1100.0,1100.0,1000,1100,0.2
2015/02/20,1105.0,1125.0,1105.0,1115.0,5000,1115,0.2
2015/02/23,1125.0,1145.0,1125.0,1145.0,6000,1145,0.2
2015/02/24,1145.0,1145.0,1125.0,1125.0,3000,1125,0.2
2015/02/25,1125.0,1145.0,1125.0,1125.0,7000,1125,0.2
2015/02/27,1130.0,1130.0,1130.0,1130.0,1000,1130,0.2
2015/03/02,1130.0,1130.0,1130.0,1130.0,2000,1130,0.2
2015/03/03,1140.0,1140.0,1125.0,1135.0,14000,1135,0.2
2015/03/09,1115.0,1115.0,1115.0,1115.0,3000,1115,0.2
2015/03/10,1125.0,1125.0,1125.0,1125.0,2000,1125,0.2
2015/03/11,1125.0,1135.0,1125.0,1125.0,10000,1125,0.2
2015/03/12,1125.0,1125.0,1125.0,1125.0,1000,1125,0.2
2015/03/16,1145.0,1200.0,1145.0,1200.0,19000,1200,0.2
2015/03/17,1200.0,1200.0,1195.0,1195.0,5000,1195,0.2
2015/03/18,1200.0,1225.0,1200.0,1225.0,5000,1225,0.2
2015/03/19,1200.0,1200.0,1200.0,1200.0,1000,1200,0.2
2015/03/20,1245.0,1245.0,1245.0,1245.0,4000,1245,0.2
2015/03/23,1250.0,1250.0,1250.0,1250.0,1000,1250,0.2
2015/03/25,1205.0,1245.0,1205.0,1245.0,10000,1245,0.2
2015/03/26,1245.0,1245.0,1200.0,1200.0,9000,1200,0.2
2015/03/27,1170.0,1185.0,1170.0,1185.0,2000,1185,0.2
2015/03/30,1185.0,1200.0,1185.0,1200.0,4000,1200,0.2
2015/04/01,1150.0,1150.0,1150.0,1150.0,2000,1150,0.2
2015/04/02,1150.0,1150.0,1150.0,1150.0,1000,1150,0.2
2015/04/06,1145.0,1145.0,1140.0,1140.0,2000,1140,0.2
2015/04/07,1140.0,1140.0,1140.0,1140.0,1000,1140,0.2
2015/04/09,1140.0,1140.0,1140.0,1140.0,3000,1140,0.2
2015/04/13,1155.0,1155.0,1145.0,1145.0,4000,1145,0.2
2015/04/14,1145.0,1145.0,1145.0,1145.0,1000,1145,0.2
2015/04/15,1135.0,1145.0,1135.0,1145.0,3000,1145,0.2
2015/04/17,1150.0,1150.0,1150.0,1150.0,1000,1150,0.2
2015/04/20,1150.0,1150.0,1135.0,1135.0,4000,1135,0.2
2015/04/22,1150.0,1150.0,1140.0,1140.0,4000,1140,0.2
2015/04/23,1150.0,1175.0,1150.0,1150.0,6000,1150,0.2
2015/04/24,1160.0,1165.0,1160.0,1165.0,2000,1165,0.2
2015/04/27,1160.0,1160.0,1160.0,1160.0,1000,1160,0.2
2015/04/28,1150.0,1150.0,1145.0,1145.0,3000,1145,0.2
2015/04/30,1185.0,1220.0,1150.0,1175.0,41000,1175,0.2
2015/05/01,1180.0,1185.0,1165.0,1165.0,8000,1165,0.2
2015/05/07,1175.0,1175.0,1175.0,1175.0,5000,1175,0.2
2015/05/08,1205.0,1210.0,1205.0,1210.0,2000,1210,0.2
2015/05/11,1205.0,1220.0,1190.0,1220.0,3000,1220,0.2
2015/05/12,1200.0,1200.0,1190.0,1190.0,2000,1190,0.2
2015/05/14,1190.0,1190.0,1190.0,1190.0,3000,1190,0.2
2015/05/15,1190.0,1190.0,1175.0,1175.0,3000,1175,0.2
2015/05/19,1165.0,1240.0,1165.0,1235.0,13000,1235,0.2
2015/05/20,1230.0,1230.0,1215.0,1215.0,2000,1215,0.2
2015/05/21,1225.0,1225.0,1225.0,1225.0,1000,1225,0.2
2015/05/25,1225.0,1225.0,1225.0,1225.0,2000,1225,0.2
2015/05/26,1225.0,1225.0,1200.0,1200.0,5000,1200,0.2
2015/05/28,1225.0,1235.0,1225.0,1225.0,7000,1225,0.2
2015/05/29,1225.0,1225.0,1225.0,1225.0,1000,1225,0.2
2015/06/01,1225.0,1225.0,1225.0,1225.0,3000,1225,0.2
2015/06/02,1225.0,1225.0,1225.0,1225.0,2000,1225,0.2
2015/06/03,1225.0,1255.0,1225.0,1255.0,15000,1255,0.2
2015/06/04,1275.0,1300.0,1275.0,1275.0,14000,1275,0.2
2015/06/05,1300.0,1300.0,1300.0,1300.0,1000,1300,0.2
2015/06/08,1310.0,1310.0,1275.0,1275.0,7000,1275,0.2
2015/06/09,1275.0,1275.0,1275.0,1275.0,1000,1275,0.2
2015/06/12,1275.0,1275.0,1275.0,1275.0,2000,1275,0.2
2015/06/18,1285.0,1285.0,1285.0,1285.0,1000,1285,0.2
2015/06/19,1275.0,1275.0,1275.0,1275.0,2000,1275,0.2
2015/06/24,1305.0,1305.0,1305.0,1305.0,1000,1305,0.2
2015/06/25,1290.0,1290.0,1290.0,1290.0,1000,1290,0.2
2015/06/26,1290.0,1290.0,1290.0,1290.0,2000,1290,0.2
2015/06/29,1290.0,1290.0,1290.0,1290.0,5000,1290,0.2
2015/06/30,1290.0,1290.0,1290.0,1290.0,4000,1290,0.2
2015/07/01,1300.0,1300.0,1300.0,1300.0,1000,1300,0.2
2015/07/08,1265.0,1265.0,1265.0,1265.0,1000,1265,0.2
2015/07/09,1265.0,1275.0,1265.0,1275.0,4000,1275,0.2
2015/07/10,1265.0,1265.0,1265.0,1265.0,1000,1265,0.2
2015/07/13,1265.0,1265.0,1265.0,1265.0,1000,1265,0.2
2015/07/14,1265.0,1280.0,1265.0,1275.0,4000,1275,0.2
2015/07/15,1300.0,1300.0,1260.0,1300.0,3000,1300,0.2
2015/07/16,1300.0,1300.0,1300.0,1300.0,1000,1300,0.2
2015/07/17,1285.0,1285.0,1285.0,1285.0,3000,1285,0.2
2015/07/27,1285.0,1285.0,1285.0,1285.0,2000,1285,0.2
2015/07/29,1250.0,1250.0,1250.0,1250.0,1000,1250,0.2
2015/08/03,1290.0,1300.0,1290.0,1300.0,3000,1300,0.2
2015/08/04,1235.0,1260.0,1235.0,1260.0,2000,1260,0.2
2015/08/05,1260.0,1260.0,1260.0,1260.0,2000,1260,0.2
2015/08/06,1260.0,1260.0,1260.0,1260.0,4000,1260,0.2
2015/08/07,1245.0,1245.0,1220.0,1240.0,14000,1240,0.2
2015/08/10,1215.0,1225.0,1215.0,1220.0,6000,1220,0.2
2015/08/11,1185.0,1195.0,1175.0,1175.0,8000,1175,0.2
2015/08/12,1180.0,1205.0,1180.0,1180.0,5000,1180,0.2
2015/08/13,1175.0,1175.0,1175.0,1175.0,3000,1175,0.2
2015/08/14,1180.0,1180.0,1180.0,1180.0,2000,1180,0.2
2015/08/18,1170.0,1170.0,1155.0,1155.0,2000,1155,0.2
2015/08/20,1155.0,1155.0,1125.0,1125.0,4000,1125,0.2
2015/08/21,1100.0,1100.0,1090.0,1095.0,3000,1095,0.2
2015/08/28,1200.0,1200.0,1200.0,1200.0,2000,1200,0.2
2015/08/31,1200.0,1200.0,1200.0,1200.0,1000,1200,0.2
2015/09/28,1175.0,1175.0,1175.0,1175.0,2000,1175,0.2
2015/09/30,1175.0,1175.0,1175.0,1175.0,2000,1175,0.2
2015/10/08,1125.0,1125.0,1125.0,1125.0,3000,1125,0.2
2015/10/09,1150.0,1150.0,1150.0,1150.0,1000,1150,0.2
2015/10/14,1150.0,1150.0,1145.0,1150.0,6000,1150,0.2
2015/10/15,1110.0,1115.0,1070.0,1095.0,22000,1095,0.2
2015/10/16,1115.0,1115.0,1115.0,1115.0,1000,1115,0.2
2015/10/22,1125.0,1125.0,1125.0,1125.0,1000,1125,0.2
2015/10/26,1135.0,1135.0,1125.0,1125.0,6000,1125,0.2
2015/10/30,1125.0,1125.0,1125.0,1125.0,1000,1125,0.2
2015/11/02,1115.0,1115.0,1115.0,1115.0,1000,1115,0.2
2015/11/04,1120.0,1120.0,1120.0,1120.0,2000,1120,0.2
2015/11/06,1115.0,1115.0,1115.0,1115.0,4000,1115,0.2
2015/11/09,1115.0,1120.0,1110.0,1120.0,5000,1120,0.2
2015/11/11,1120.0,1125.0,1115.0,1125.0,5000,1125,0.2
2015/11/13,1125.0,1125.0,1125.0,1125.0,4000,1125,0.2
2015/11/16,1115.0,1115.0,1115.0,1115.0,1000,1115,0.2
2015/11/19,1125.0,1125.0,1125.0,1125.0,5000,1125,0.2
2015/11/25,1125.0,1125.0,1125.0,1125.0,2000,1125,0.2
2015/11/26,1125.0,1125.0,1110.0,1110.0,4000,1110,0.2
2015/11/27,1115.0,1115.0,1115.0,1115.0,1000,1115,0.2
2015/11/30,1125.0,1125.0,1125.0,1125.0,1000,1125,0.2
2015/12/01,1125.0,1130.0,1125.0,1125.0,11000,1125,0.2
2015/12/04,1130.0,1270.0,1130.0,1250.0,48000,1250,0.2
2015/12/07,1245.0,1245.0,1225.0,1235.0,16000,1235,0.2
2015/12/08,1215.0,1225.0,1190.0,1225.0,10000,1225,0.2
2015/12/09,1205.0,1235.0,1200.0,1200.0,4000,1200,0.2
2015/12/10,1240.0,1240.0,1240.0,1240.0,1000,1240,0.2
2015/12/11,1240.0,1240.0,1240.0,1240.0,7000,1240,0.2
2015/12/15,1195.0,1195.0,1190.0,1190.0,3000,1190,0.2
2015/12/16,1220.0,1220.0,1195.0,1205.0,3000,1205,0.2
2015/12/17,1220.0,1250.0,1220.0,1250.0,3000,1250,0.2
2015/12/18,1210.0,1210.0,1205.0,1205.0,4000,1205,0.2
2015/12/21,1205.0,1205.0,1195.0,1205.0,6000,1205,0.2
2015/12/22,1205.0,1205.0,1205.0,1205.0,2000,1205,0.2
2015/12/24,1205.0,1205.0,1205.0,1205.0,1000,1205,0.2
2015/12/25,1185.0,1185.0,1175.0,1175.0,3000,1175,0.2
2015/12/28,1190.0,1215.0,1190.0,1200.0,3000,1200,0.2
2015/12/29,1245.0,1245.0,1240.0,1245.0,5000,1245,0.2
2015/12/30,1245.0,1250.0,1240.0,1245.0,9000,1245,0.2
2016/01/04,1245.0,1250.0,1225.0,1235.0,8000,1235,0.2
2016/01/05,1235.0,1235.0,1230.0,1230.0,7000,1230,0.2
2016/01/06,1245.0,1245.0,1245.0,1245.0,1000,1245,0.2
2016/01/08,1235.0,1235.0,1210.0,1210.0,5000,1210,0.2
2016/01/12,1205.0,1205.0,1190.0,1190.0,7000,1190,0.2
2016/01/13,1185.0,1190.0,1185.0,1190.0,4000,1190,0.2
2016/01/14,1180.0,1180.0,1175.0,1175.0,6000,1175,0.2
2016/01/18,1150.0,1170.0,1150.0,1170.0,5000,1170,0.2
2016/01/19,1150.0,1150.0,1125.0,1125.0,5000,1125,0.2
2016/01/22,1160.0,1160.0,1160.0,1160.0,1000,1160,0.2
2016/01/25,1155.0,1160.0,1155.0,1160.0,4000,1160,0.2
2016/01/26,1160.0,1160.0,1160.0,1160.0,3000,1160,0.2
2016/01/28,1130.0,1130.0,1130.0,1130.0,1000,1130,0.2
2016/01/29,1130.0,1130.0,1130.0,1130.0,3000,1130,0.2
2016/02/01,1135.0,1165.0,1135.0,1165.0,3000,1165,0.2
2016/02/02,1165.0,1165.0,1165.0,1165.0,2000,1165,0.2
2016/02/09,1155.0,1155.0,1155.0,1155.0,2000,1155,0.2
2016/02/12,1125.0,1125.0,1125.0,1125.0,5000,1125,0.2
2016/02/15,1085.0,1160.0,1085.0,1160.0,12000,1160,0.2
2016/02/16,1125.0,1125.0,1085.0,1125.0,37000,1125,0.2
2016/02/19,1165.0,1175.0,1160.0,1160.0,3000,1160,0.2
2016/02/22,1170.0,1185.0,1170.0,1185.0,2000,1185,0.2
2016/02/26,1185.0,1185.0,1185.0,1185.0,2000,1185,0.2
2016/03/01,1185.0,1185.0,1185.0,1185.0,2000,1185,0.2
2016/03/04,1185.0,1185.0,1150.0,1150.0,6000,1150,0.2
2016/03/07,1150.0,1150.0,1150.0,1150.0,1000,1150,0.2
2016/03/08,1185.0,1190.0,1185.0,1190.0,2000,1190,0.2
2016/03/09,1165.0,1165.0,1115.0,1125.0,18000,1125,0.2
2016/03/14,1155.0,1165.0,1155.0,1165.0,3000,1165,0.2
2016/03/16,1165.0,1165.0,1165.0,1165.0,1000,1165,0.2
2016/03/17,1185.0,1185.0,1185.0,1185.0,1000,1185,0.2
2016/03/23,1190.0,1190.0,1190.0,1190.0,1000,1190,0.2
2016/03/24,1190.0,1190.0,1185.0,1185.0,3000,1185,0.2
2016/03/25,1200.0,1200.0,1200.0,1200.0,2000,1200,0.2
2016/03/28,1205.0,1205.0,1200.0,1200.0,5000,1200,0.2
2016/03/29,1170.0,1210.0,1170.0,1210.0,2000,1210,0.2
2016/03/30,1205.0,1205.0,1205.0,1205.0,1000,1205,0.2
2016/03/31,1165.0,1165.0,1155.0,1155.0,3000,1155,0.2
2016/04/01,1155.0,1155.0,1155.0,1155.0,2000,1155,0.2
2016/04/04,1140.0,1140.0,1140.0,1140.0,1000,1140,0.2
2016/04/05,1130.0,1130.0,1130.0,1130.0,1000,1130,0.2
2016/04/06,1130.0,1130.0,1130.0,1130.0,3000,1130,0.2
2016/04/07,1130.0,1130.0,1130.0,1130.0,2000,1130,0.2
2016/04/11,1160.0,1160.0,1160.0,1160.0,1000,1160,0.2
2016/04/18,1140.0,1150.0,1140.0,1150.0,2000,1150,0.2
2016/04/20,1160.0,1170.0,1160.0,1170.0,9000,1170,0.2
2016/04/26,1170.0,1170.0,1170.0,1170.0,2000,1170,0.2
2016/04/27,1170.0,1170.0,1170.0,1170.0,1000,1170,0.2
2016/05/02,1170.0,1170.0,1170.0,1170.0,2000,1170,0.2
2016/05/09,1140.0,1150.0,1125.0,1150.0,8000,1150,0.2
2016/05/11,1145.0,1145.0,1145.0,1145.0,1000,1145,0.2
2016/05/17,1140.0,1140.0,1140.0,1140.0,2000,1140,0.2
2016/05/25,1125.0,1145.0,1125.0,1145.0,5000,1145,0.2
2016/05/26,1145.0,1145.0,1140.0,1140.0,3000,1140,0.2
2016/05/27,1140.0,1140.0,1140.0,1140.0,3000,1140,0.2
2016/06/01,1195.0,1195.0,1195.0,1195.0,2000,1195,0.2
2016/06/08,1135.0,1135.0,1130.0,1135.0,13000,1135,0.2
2016/06/09,1130.0,1130.0,1130.0,1130.0,1000,1130,0.2
2016/06/10,1135.0,1135.0,1135.0,1135.0,2000,1135,0.2
2016/06/13,1130.0,1130.0,1130.0,1130.0,2000,1130,0.2
2016/06/14,1125.0,1125.0,1125.0,1125.0,6000,1125,0.2
2016/06/15,1140.0,1140.0,1140.0,1140.0,1000,1140,0.2
2016/06/17,1130.0,1130.0,1130.0,1130.0,1000,1130,0.2
2016/06/24,1130.0,1130.0,1125.0,1125.0,3000,1125,0.2
2016/06/27,1125.0,1125.0,1125.0,1125.0,14000,1125,0.2
2016/06/28,1130.0,1130.0,1125.0,1125.0,12000,1125,0.2
2016/06/29,1125.0,1125.0,1125.0,1125.0,30000,1125,0.2
2016/07/04,1140.0,1140.0,1140.0,1140.0,3000,1140,0.2
2016/07/07,1125.0,1125.0,1080.0,1100.0,7000,1100,0.2
2016/07/08,1100.0,1100.0,1100.0,1100.0,1000,1100,0.2
2016/07/13,1100.0,1100.0,1100.0,1100.0,1000,1100,0.2
2016/07/19,1100.0,1100.0,1100.0,1100.0,1000,1100,0.2
2016/07/20,1090.0,1090.0,1080.0,1080.0,5000,1080,0.2
2016/07/22,1120.0,1120.0,1120.0,1120.0,1000,1120,0.2
2016/07/25,1115.0,1115.0,1090.0,1090.0,2000,1090,0.2
2016/07/27,1125.0,1135.0,1125.0,1135.0,4000,1135,0.2
2016/07/28,1150.0,1150.0,1150.0,1150.0,2000,1150,0.2
2016/07/29,1110.0,1110.0,1105.0,1105.0,3000,1105,0.2
2016/08/01,1105.0,1110.0,1105.0,1110.0,4000,1110,0.2
2016/08/03,1100.0,1110.0,1100.0,1110.0,11000,1110,0.2
2016/08/04,1115.0,1115.0,1115.0,1115.0,1000,1115,0.2
2016/08/05,1125.0,1125.0,1100.0,1100.0,4000,1100,0.2
2016/08/08,1135.0,1170.0,1135.0,1170.0,5000,1170,0.2
2016/08/10,1135.0,1135.0,1135.0,1135.0,1000,1135,0.2
2016/08/15,1150.0,1150.0,1125.0,1125.0,3000,1125,0.2
2016/08/16,1120.0,1120.0,1120.0,1120.0,1000,1120,0.2
2016/08/29,1125.0,1125.0,1125.0,1125.0,1000,1125,0.2
2016/08/30,1140.0,1140.0,1110.0,1110.0,8000,1110,0.2
2016/09/05,1115.0,1115.0,1115.0,1115.0,2000,1115,0.2
2016/09/08,1135.0,1135.0,1110.0,1110.0,3000,1110,0.2
2016/09/16,1150.0,1150.0,1130.0,1130.0,3000,1130,0.2
2016/09/23,1150.0,1150.0,1145.0,1145.0,2000,1145,0.2
2016/09/26,1150.0,1150.0,1145.0,1145.0,2000,1145,0.2
2016/09/27,1160.0,1160.0,1160.0,1160.0,4000,1160,0.2
2016/09/28,1174,1174,1134,1134,300,1134,1
2016/09/29,1142,1150,1142,1150,400,1150,1
2016/09/30,1150,1162,1150,1162,200,1162,1
2016/10/03,1155,1155,1155,1155,200,1155,1
2016/10/05,1162,1164,1162,1164,200,1164,1
2016/10/06,1170,1170,1170,1170,100,1170,1
2016/10/07,1189,1189,1160,1160,400,1160,1
2016/10/12,1161,1162,1161,1162,300,1162,1
2016/10/14,1175,1175,1170,1170,800,1170,1
2016/10/18,1178,1178,1178,1178,200,1178,1
2016/10/20,1190,1190,1190,1190,200,1190,1
2016/10/21,1195,1199,1195,1199,300,1199,1
2016/10/24,1220,1225,1220,1225,1000,1225,1
2016/10/25,1230,1230,1230,1230,100,1230,1
2016/10/26,1230,1233,1230,1233,300,1233,1
2016/10/28,1250,1250,1250,1250,400,1250,1
2016/10/31,1250,1250,1246,1246,300,1246,1
2016/11/01,1230,1230,1230,1230,100,1230,1
2016/11/02,1246,1249,1246,1249,200,1249,1
2016/11/08,1248,1248,1248,1248,100,1248,1
2016/11/09,1251,1355,1200,1215,9800,1215,1
2016/11/10,1275,1275,1275,1275,1300,1275,1
2016/11/11,1275,1298,1275,1298,200,1298,1
2016/11/14,1350,1350,1350,1350,100,1350,1
2016/11/15,1340,1340,1340,1340,200,1340,1
2016/11/16,1353,1353,1353,1353,100,1353,1
2016/11/17,1353,1353,1331,1331,400,1331,1
2016/11/18,1335,1335,1331,1331,200,1331,1
2016/11/21,1331,1331,1321,1321,400,1321,1
2016/11/22,1355,1355,1355,1355,100,1355,1
2016/11/24,1351,1351,1350,1350,300,1350,1
2016/11/25,1356,1402,1356,1390,6700,1390,1
2016/11/28,1410,1439,1410,1430,1500,1430,1
2016/11/29,1430,1435,1430,1435,900,1435,1
2016/11/30,1450,1480,1450,1480,2200,1480,1
2016/12/01,1480,1482,1426,1427,1900,1427,1
2016/12/02,1427,1427,1416,1416,400,1416,1
2016/12/05,1476,1476,1447,1447,700,1447,1
2016/12/06,1450,1450,1450,1450,1400,1450,1
2016/12/07,1451,1451,1451,1451,100,1451,1
2016/12/08,1450,1450,1450,1450,200,1450,1
2016/12/09,1442,1442,1430,1430,1000,1430,1
2016/12/12,1433,1433,1433,1433,400,1433,1
2016/12/14,1493,1493,1445,1445,1300,1445,1
2016/12/15,1482,1482,1452,1467,600,1467,1
2016/12/16,1478,1504,1467,1496,3300,1496,1
2016/12/19,1520,1560,1520,1523,3400,1523,1
2016/12/20,1523,1600,1523,1600,5300,1600,1
2016/12/21,1625,1650,1625,1640,6900,1640,1
2016/12/22,1647,1647,1600,1601,2400,1601,1
2016/12/26,1621,1690,1621,1661,6400,1661,1
2016/12/27,1699,1750,1666,1750,15900,1750,1
2016/12/28,1750,1810,1747,1747,9900,1747,1
2016/12/29,1746,1746,1650,1680,4700,1680,1
2016/12/30,1670,1670,1600,1627,1600,1627,1
2017/01/04,1627,1669,1621,1669,2400,1669,1
2017/01/05,1675,1675,1637,1670,2000,1670,1
2017/01/06,1630,1649,1630,1640,700,1640,1
2017/01/10,1675,1679,1650,1679,2200,1679,1
2017/01/11,1662,1666,1661,1666,500,1666,1
2017/01/12,1661,1693,1639,1693,1100,1693,1
2017/01/13,1693,1750,1662,1693,2100,1693,1
2017/01/16,1693,1693,1693,1693,400,1693,1
2017/01/17,1660,1671,1660,1671,300,1671,1
2017/01/18,1670,1670,1651,1652,500,1652,1
2017/01/19,1643,1681,1625,1681,2100,1681,1
2017/01/20,1641,1663,1635,1635,800,1635,1
2017/01/23,1675,1675,1675,1675,200,1675,1
2017/01/25,1661,1661,1661,1661,600,1661,1
2017/01/26,1675,1675,1661,1661,1600,1661,1
2017/01/27,1673,1701,1666,1701,2400,1701,1
2017/01/30,1700,1730,1681,1730,2900,1730,1
2017/01/31,1730,1775,1712,1775,2400,1775,1
2017/02/01,1775,1775,1770,1774,1800,1774,1
2017/02/02,1775,1775,1753,1775,1300,1775,1
2017/02/03,1775,1800,1775,1800,900,1800,1
2017/02/06,1809,1809,1800,1800,700,1800,1
2017/02/07,1804,1848,1804,1848,4700,1848,1
2017/02/08,1838,1838,1754,1755,7000,1755,1
2017/02/09,1750,1750,1651,1672,3600,1672,1
2017/02/10,1672,1699,1654,1656,1400,1656,1
2017/02/13,1682,1714,1677,1708,2500,1708,1
2017/02/14,1710,1710,1670,1690,1900,1690,1
2017/02/15,1690,1719,1690,1700,1700,1700,1
2017/02/16,1691,1703,1691,1702,4600,1702,1
2017/02/17,1695,1721,1695,1721,2000,1721,1
2017/02/20,1727,1755,1727,1755,500,1755,1
2017/02/21,1773,1800,1773,1800,1800,1800,1
2017/02/22,1824,1825,1750,1825,1900,1825,1
2017/02/23,1827,1827,1825,1825,800,1825,1
2017/02/24,1825,1825,1785,1785,400,1785,1
2017/02/27,1785,1815,1731,1771,2900,1771,1
2017/02/28,1770,1770,1761,1761,400,1761,1
2017/03/01,1778,1790,1763,1771,900,1771,1
2017/03/02,1791,1791,1754,1754,2100,1754,1
2017/03/03,1791,1791,1755,1765,900,1765,1
2017/03/06,1747,1747,1745,1747,700,1747,1
2017/03/07,1748,1748,1735,1735,1000,1735,1
2017/03/08,1735,1762,1735,1762,1000,1762,1
2017/03/09,1762,1762,1732,1732,300,1732,1
2017/03/10,1755,1755,1732,1732,1400,1732,1
2017/03/13,1772,1772,1739,1739,800,1739,1
2017/03/14,1735,1768,1735,1759,1200,1759,1
2017/03/15,1738,1744,1738,1740,1000,1740,1
2017/03/17,1739,1747,1739,1747,400,1747,1
2017/03/21,1753,1753,1746,1747,600,1747,1
2017/03/22,1750,1750,1740,1740,1100,1740,1
2017/03/23,1740,1745,1740,1745,700,1745,1
2017/03/24,1745,1753,1745,1752,500,1752,1
2017/03/27,1761,1761,1723,1723,2700,1723,1
2017/03/28,1730,1740,1730,1732,1300,1732,1
2017/03/29,1664,1698,1664,1696,1500,1696,1
2017/03/30,1709,1709,1701,1701,300,1701,1
2017/03/31,1702,1768,1702,1758,1000,1758,1
2017/04/03,1758,1758,1753,1753,300,1753,1
2017/04/04,1715,1740,1625,1625,1300,1625,1
2017/04/05,1643,1691,1639,1659,3700,1659,1
2017/04/06,1650,1651,1585,1630,1500,1630,1
2017/04/07,1606,1649,1600,1649,600,1649,1
2017/04/10,1655,1655,1600,1600,700,1600,1
2017/04/11,1605,1645,1605,1645,200,1645,1
2017/04/12,1643,1643,1643,1643,1000,1643,1
2017/04/17,1569,1624,1566,1584,1400,1584,1
2017/04/18,1602,1602,1580,1580,400,1580,1
2017/04/19,1605,1605,1605,1605,200,1605,1
2017/04/20,1604,1605,1596,1596,700,1596,1
2017/04/21,1605,1605,1596,1596,400,1596,1
2017/04/24,1599,1600,1599,1599,600,1599,1
2017/04/25,1599,1599,1599,1599,100,1599,1
2017/04/26,1600,1600,1599,1599,1000,1599,1
2017/04/27,1602,1602,1602,1602,300,1602,1
2017/04/28,1600,1604,1591,1604,600,1604,1
2017/05/01,1619,1619,1580,1615,1700,1615,1
2017/05/02,1620,1645,1620,1643,1500,1643,1
2017/05/08,1643,1671,1643,1668,2200,1668,1
2017/05/09,1671,1674,1640,1674,1700,1674,1
2017/05/10,1680,1710,1680,1688,3700,1688,1
2017/05/11,1398,1551,1398,1543,21200,1543,1
2017/05/12,1521,1524,1490,1506,5100,1506,1
2017/05/15,1500,1510,1494,1509,800,1509,1
2017/05/16,1501,1510,1501,1510,700,1510,1
2017/05/17,1505,1506,1493,1494,1300,1494,1
2017/05/18,1480,1484,1471,1471,700,1471,1
2017/05/19,1485,1492,1485,1492,200,1492,1
2017/05/22,1475,1475,1475,1475,200,1475,1
2017/05/23,1476,1480,1475,1475,900,1475,1
2017/05/24,1489,1489,1472,1472,200,1472,1
2017/05/25,1489,1489,1487,1489,400,1489,1
2017/05/26,1489,1492,1473,1492,500,1492,1
2017/05/29,1488,1488,1463,1484,900,1484,1
2017/05/30,1484,1484,1470,1470,500,1470,1
2017/05/31,1466,1466,1461,1462,700,1462,1
2017/06/01,1462,1462,1462,1462,100,1462,1
2017/06/02,1462,1474,1462,1474,1100,1474,1
2017/06/05,1463,1463,1463,1463,200,1463,1
2017/06/06,1463,1463,1461,1461,700,1461,1
2017/06/09,1480,1480,1480,1480,100,1480,1
2017/06/12,1460,1460,1460,1460,200,1460,1
2017/06/14,1461,1461,1461,1461,100,1461,1
2017/06/16,1460,1460,1422,1428,1300,1428,1
2017/06/19,1451,1469,1450,1469,1000,1469,1
2017/06/20,1470,1470,1470,1470,900,1470,1
2017/06/22,1443,1450,1443,1450,200,1450,1
2017/06/23,1451,1452,1440,1440,1800,1440,1
2017/06/26,1450,1450,1450,1450,100,1450,1
2017/06/27,1451,1451,1451,1451,200,1451,1
2017/06/28,1479,1479,1477,1477,500,1477,1
2017/06/29,1478,1478,1477,1477,1100,1477,1
2017/06/30,1477,1477,1477,1477,700,1477,1
2017/07/03,1478,1492,1478,1492,400,1492,1
2017/07/04,1485,1497,1459,1459,1300,1459,1
2017/07/05,1446,1457,1446,1457,400,1457,1
2017/07/06,1457,1457,1437,1441,600,1441,1
2017/07/07,1441,1441,1441,1441,100,1441,1
2017/07/10,1461,1461,1461,1461,300,1461,1
2017/07/12,1460,1464,1460,1464,1200,1464,1
2017/07/14,1460,1460,1460,1460,100,1460,1
2017/07/19,1460,1460,1460,1460,200,1460,1
2017/07/20,1463,1470,1460,1460,1100,1460,1
2017/07/21,1462,1462,1462,1462,100,1462,1
2017/07/24,1475,1476,1475,1475,1200,1475,1
2017/07/25,1462,1484,1462,1484,1300,1484,1
2017/07/27,1485,1486,1484,1486,400,1486,1
2017/07/28,1494,1494,1484,1484,400,1484,1
2017/07/31,1488,1488,1488,1488,200,1488,1
2017/08/01,1492,1499,1492,1499,400,1499,1
2017/08/02,1512,1512,1470,1477,1800,1477,1
2017/08/03,1490,1490,1490,1490,200,1490,1
2017/08/07,1482,1499,1482,1499,300,1499,1
2017/08/09,1481,1481,1481,1481,100,1481,1
2017/08/10,1481,1481,1463,1463,700,1463,1
2017/08/14,1459,1463,1458,1463,700,1463,1
2017/08/15,1495,1495,1460,1460,800,1460,1
2017/08/16,1440,1460,1440,1460,700,1460,1
2017/08/17,1460,1460,1460,1460,300,1460,1
2017/08/18,1460,1460,1460,1460,200,1460,1
2017/08/22,1460,1460,1460,1460,100,1460,1
2017/08/23,1474,1475,1474,1475,200,1475,1
2017/08/28,1475,1480,1475,1480,200,1480,1
2017/08/29,1480,1491,1480,1491,600,1491,1
2017/08/30,1491,1496,1491,1496,200,1496,1
2017/08/31,1500,1500,1498,1500,1500,1500,1
2017/09/07,1453,1465,1452,1460,2300,1460,1
2017/09/08,1461,1461,1461,1461,200,1461,1
2017/09/11,1473,1473,1460,1460,700,1460,1
2017/09/12,1486,1486,1486,1486,1000,1486,1
2017/09/13,1485,1500,1485,1500,900,1500,1
2017/09/15,1499,1500,1499,1500,300,1500,1
2017/09/19,1495,1495,1495,1495,100,1495,1
2017/09/20,1495,1495,1467,1467,900,1467,1
2017/09/21,1479,1479,1479,1479,100,1479,1
2017/09/25,1480,1490,1480,1490,1000,1490,1
2017/09/27,1491,1529,1490,1529,700,1529,1
2017/09/28,1525,1525,1513,1513,400,1513,1
2017/09/29,1513,1515,1513,1515,700,1515,1
2017/10/02,1523,1523,1492,1514,700,1514,1
2017/10/03,1490,1500,1490,1490,1100,1490,1
2017/10/04,1492,1492,1492,1492,400,1492,1
2017/10/05,1489,1489,1488,1488,1100,1488,1
2017/10/06,1490,1490,1490,1490,100,1490,1
2017/10/10,1509,1509,1496,1508,900,1508,1
2017/10/11,1509,1510,1509,1510,300,1510,1
2017/10/12,1510,1530,1510,1520,2500,1520,1
2017/10/17,1504,1504,1503,1503,200,1503,1
2017/10/18,1502,1502,1500,1500,400,1500,1
2017/10/19,1509,1509,1509,1509,100,1509,1
2017/10/20,1510,1510,1500,1500,400,1500,1
2017/10/23,1504,1504,1504,1504,100,1504,1
2017/10/24,1519,1520,1500,1500,900,1500,1
2017/10/26,1500,1500,1500,1500,800,1500,1
2017/10/27,1505,1505,1505,1505,100,1505,1
2017/10/30,1507,1507,1507,1507,200,1507,1
2017/10/31,1513,1516,1507,1507,800,1507,1
2017/11/01,1515,1515,1506,1506,400,1506,1
2017/11/02,1510,1510,1500,1500,1100,1500,1
2017/11/07,1519,1520,1519,1520,300,1520,1
2017/11/08,1640,1640,1585,1617,4000,1617,1
2017/11/09,1697,1700,1602,1607,4200,1607,1
2017/11/10,1602,1602,1600,1600,700,1600,1
2017/11/13,1649,1649,1586,1630,1100,1630,1
2017/11/14,1633,1633,1630,1630,500,1630,1
2017/11/15,1630,1630,1602,1602,700,1602,1
2017/11/16,1603,1605,1593,1593,700,1593,1
2017/11/17,1619,1619,1617,1617,500,1617,1
2017/11/20,1610,1610,1596,1596,300,1596,1
2017/11/21,1596,1610,1596,1610,300,1610,1
2017/11/22,1619,1620,1612,1620,400,1620,1
2017/11/24,1629,1629,1611,1629,1200,1629,1
2017/11/27,1630,1630,1550,1590,1100,1590,1
2017/11/28,1617,1621,1617,1620,1200,1620,1
2017/11/29,1632,1633,1632,1633,300,1633,1
2017/11/30,1633,1634,1633,1634,400,1634,1
2017/12/01,1640,1640,1623,1623,400,1623,1
2017/12/04,1645,1650,1645,1650,500,1650,1
2017/12/05,1664,1666,1664,1666,400,1666,1
2017/12/06,1669,1671,1636,1636,500,1636,1
2017/12/07,1669,1669,1668,1668,400,1668,1
2017/12/11,1671,1674,1671,1672,700,1672,1
2017/12/12,1675,1680,1675,1680,200,1680,1
2017/12/13,1720,1720,1677,1677,1900,1677,1
2017/12/14,1684,1684,1680,1682,300,1682,1
2017/12/15,1687,1691,1685,1691,700,1691,1
2017/12/18,1696,1706,1696,1705,600,1705,1
2017/12/19,1709,1717,1709,1717,700,1717,1
2017/12/20,1710,1710,1710,1710,200,1710,1
2017/12/21,1701,1701,1701,1701,700,1701,1
2017/12/22,1701,1701,1701,1701,300,1701,1
2017/12/25,1714,1715,1704,1715,1100,1715,1
2017/12/27,1715,1719,1715,1719,300,1719,1
2017/12/28,1720,1722,1720,1722,300,1722,1
2018/01/04,1722,1740,1722,1740,1000,1740,1
2018/01/05,1730,1730,1730,1730,400,1730,1
2018/01/09,1731,1745,1731,1732,500,1732,1
2018/01/10,1758,1760,1758,1760,1100,1760,1
2018/01/11,1760,1760,1760,1760,2800,1760,1
2018/01/12,1770,1770,1770,1770,200,1770,1
2018/01/15,1790,1802,1790,1800,1200,1800,1
2018/01/16,1800,1800,1781,1781,400,1781,1
2018/01/18,1799,1799,1787,1787,1000,1787,1
2018/01/19,1770,1770,1750,1750,1500,1750,1
2018/01/22,1751,1751,1751,1751,200,1751,1
2018/01/23,1779,1782,1779,1782,400,1782,1
2018/01/24,1783,1798,1783,1797,500,1797,1
2018/01/25,1758,1760,1758,1760,700,1760,1
2018/01/26,1797,1797,1790,1790,200,1790,1
2018/01/29,1790,1790,1789,1789,700,1789,1
2018/01/30,1789,1789,1783,1783,400,1783,1
2018/01/31,1770,1771,1767,1770,900,1770,1
2018/02/01,1770,1770,1770,1770,200,1770,1
2018/02/05,1750,1750,1749,1750,700,1750,1
2018/02/06,1666,1670,1650,1670,800,1670,1
2018/02/07,1700,1702,1700,1700,700,1700,1
2018/02/08,1749,1750,1749,1750,800,1750,1
2018/02/09,1652,1661,1651,1661,900,1661,1
2018/02/15,1631,1631,1631,1631,200,1631,1
2018/02/20,1719,1726,1719,1726,500,1726,1
2018/02/22,1739,1739,1739,1739,100,1739,1
2018/02/23,1678,1678,1672,1672,500,1672,1
2018/02/26,1712,1747,1712,1745,400,1745,1
2018/02/27,1745,1745,1745,1745,300,1745,1
2018/02/28,1706,1710,1706,1710,300,1710,1
2018/03/01,1710,1710,1710,1710,200,1710,1
2018/03/02,1710,1710,1710,1710,200,1710,1
2018/03/05,1710,1710,1710,1710,300,1710,1
2018/03/06,1710,1710,1710,1710,100,1710,1
2018/03/07,1710,1720,1710,1720,200,1720,1
2018/03/08,1730,1730,1730,1730,100,1730,1
2018/03/12,1761,1761,1731,1731,200,1731,1
2018/03/13,1749,1749,1749,1749,100,1749,1
2018/03/14,1737,1742,1737,1742,700,1742,1
2018/03/15,1739,1739,1739,1739,200,1739,1
2018/03/16,1730,1730,1730,1730,100,1730,1
2018/03/19,1736,1749,1731,1731,300,1731,1
2018/03/20,1740,1740,1731,1731,300,1731,1
2018/03/22,1728,1728,1728,1728,100,1728,1
2018/03/23,1701,1702,1701,1702,600,1702,1
2018/03/26,1735,1735,1724,1724,600,1724,1
2018/03/27,1758,1758,1726,1726,400,1726,1
2018/03/28,1696,1696,1651,1660,700,1660,1
2018/03/29,1660,1660,1660,1660,100,1660,1
2018/03/30,1726,1726,1726,1726,100,1726,1
2018/04/02,1724,1724,1724,1724,300,1724,1
2018/04/04,1684,1684,1661,1661,300,1661,1
2018/04/05,1690,1690,1690,1690,200,1690,1
2018/04/06,1663,1663,1663,1663,200,1663,1
2018/04/09,1650,1718,1650,1678,400,1678,1
2018/04/10,1654,1654,1654,1654,200,1654,1
2018/04/11,1656,1656,1656,1656,300,1656,1
2018/04/12,1616,1655,1616,1655,1700,1655,1
2018/04/17,1621,1621,1621,1621,100,1621,1
2018/04/18,1622,1623,1622,1623,200,1623,1
2018/04/19,1626,1650,1626,1650,500,1650,1
2018/04/20,1641,1641,1641,1641,100,1641,1
2018/04/23,1623,1623,1623,1623,200,1623,1
2018/04/25,1630,1630,1630,1630,100,1630,1
2018/04/26,1630,1630,1630,1630,300,1630,1
2018/04/27,1625,1625,1625,1625,100,1625,1
2018/05/01,1622,1622,1616,1616,600,1616,1
2018/05/02,1616,1616,1616,1616,100,1616,1
2018/05/07,1617,1617,1617,1617,200,1617,1
2018/05/08,1600,1643,1599,1643,1500,1643,1
2018/05/09,1605,1606,1605,1606,800,1606,1
2018/05/10,1642,1642,1642,1642,100,1642,1
2018/05/11,1590,1600,1585,1600,1200,1600,1
2018/05/14,1583,1583,1580,1580,1000,1580,1
2018/05/15,1560,1600,1560,1600,800,1600,1
2018/05/16,1565,1565,1565,1565,200,1565,1
2018/05/17,1599,1610,1599,1610,1300,1610,1
2018/05/18,1610,1616,1610,1616,600,1616,1
2018/05/24,1600,1600,1596,1596,300,1596,1
2018/05/25,1592,1592,1592,1592,400,1592,1
2018/05/28,1592,1592,1592,1592,400,1592,1
2018/05/30,1592,1592,1560,1560,500,1560,1
2018/05/31,1560,1560,1551,1551,300,1551,1
2018/06/01,1600,1605,1600,1600,700,1600,1
2018/06/08,1641,1641,1641,1641,100,1641,1
2018/06/11,1601,1601,1600,1600,200,1600,1
2018/06/12,1613,1613,1612,1613,1000,1613,1
2018/06/13,1639,1639,1613,1613,300,1613,1
2018/06/14,1598,1598,1598,1598,100,1598,1
2018/06/15,1598,1598,1598,1598,100,1598,1
2018/06/18,1585,1640,1585,1640,200,1640,1
2018/06/19,1640,1640,1640,1640,100,1640,1
2018/06/21,1571,1571,1570,1570,300,1570,1
2018/06/22,1570,1570,1570,1570,100,1570,1
2018/06/26,1570,1570,1570,1570,100,1570,1
2018/06/28,1590,1590,1571,1571,300,1571,1
2018/06/29,1572,1572,1572,1572,1000,1572,1
2018/07/02,1647,1647,1607,1647,1400,1647,1
2018/07/03,1645,1678,1606,1606,3400,1606,1
2018/07/06,1572,1572,1571,1571,400,1571,1
2018/07/09,1571,1571,1571,1571,100,1571,1
2018/07/13,1573,1573,1573,1573,100,1573,1
2018/07/23,1595,1595,1595,1595,100,1595,1
2018/07/25,1600,1600,1600,1600,200,1600,1
2018/07/30,1666,1666,1666,1666,400,1666,1
2018/07/31,1666,1666,1666,1666,100,1666,1
2018/08/03,1669,1669,1669,1669,100,1669,1
2018/08/06,1589,1589,1589,1589,100,1589,1
2018/08/08,1600,1600,1600,1600,100,1600,1
2018/08/09,1620,1620,1620,1620,100,1620,1
2018/08/10,1615,1615,1615,1615,100,1615,1
2018/08/13,1615,1615,1575,1575,300,1575,1
2018/08/14,1563,1575,1563,1575,400,1575,1
