2012/12/11,190.0,190.0,182.75,183.75,17200,183.75,4.0
2012/12/12,186.5,187.0,184.0,185.0,8500,185,4.0
2012/12/13,193.5,195.5,192.0,192.25,17100,192.25,4.0
2012/12/14,194.25,194.75,190.75,194.75,5100,194.75,4.0
2012/12/17,193.75,194.5,190.5,190.5,5000,190.5,4.0
2012/12/18,190.5,191.25,188.75,189.25,14400,189.25,4.0
2012/12/19,190.0,192.25,188.25,188.25,12900,188.25,4.0
2012/12/20,188.0,189.5,187.0,187.25,7400,187.25,4.0
2012/12/21,187.25,189.75,185.0,185.75,15600,185.75,4.0
2012/12/25,189.75,189.75,186.25,186.25,25500,186.25,4.0
2012/12/26,188.25,188.25,185.25,187.25,10900,187.25,4.0
2012/12/27,187.5,191.25,187.5,188.5,7100,188.5,4.0
2012/12/28,190.5,190.5,188.25,189.25,4400,189.25,4.0
2013/01/04,193.0,194.5,190.0,191.25,4300,191.25,4.0
2013/01/07,192.5,193.75,191.5,193.5,1600,193.5,4.0
2013/01/09,196.5,198.75,194.25,194.25,2700,194.25,4.0
2013/01/10,197.0,197.0,193.5,193.5,800,193.5,4.0
2013/01/11,193.75,195.0,190.0,194.0,19500,194,4.0
2013/01/15,196.25,196.25,193.0,195.25,32800,195.25,4.0
2013/01/16,196.75,197.5,195.25,196.0,27700,196,4.0
2013/01/17,196.25,198.0,194.25,196.5,19800,196.5,4.0
2013/01/18,198.0,198.75,195.0,198.5,58700,198.5,4.0
2013/01/21,198.75,203.75,198.5,203.25,124100,203.25,4.0
2013/01/22,202.75,203.25,198.5,199.75,104500,199.75,4.0
2013/01/23,201.25,202.0,199.0,200.75,55400,200.75,4.0
2013/01/24,200.0,202.25,198.75,202.25,41300,202.25,4.0
2013/01/25,203.25,204.5,202.5,203.75,79400,203.75,4.0
2013/01/28,205.0,207.0,203.25,205.5,60700,205.5,4.0
2013/01/29,205.25,209.5,205.0,206.25,47100,206.25,4.0
2013/01/30,209.5,213.0,206.5,209.25,64200,209.25,4.0
2013/01/31,207.25,209.25,206.75,208.25,34500,208.25,4.0
2013/02/01,200.75,207.5,200.5,207.25,97900,207.25,4.0
2013/02/04,204.5,206.25,203.75,206.0,39800,206,4.0
2013/02/05,205.0,205.5,204.0,204.75,34600,204.75,4.0
2013/02/06,203.25,208.25,202.75,206.25,66500,206.25,4.0
2013/02/07,208.25,208.25,204.0,206.0,15900,206,4.0
2013/02/08,206.0,206.0,202.0,205.0,40200,205,4.0
2013/02/12,205.0,207.0,203.0,207.0,41400,207,4.0
2013/02/13,203.75,207.5,203.5,206.5,31600,206.5,4.0
2013/02/14,206.25,208.25,205.0,206.25,33900,206.25,4.0
2013/02/15,206.25,209.5,203.75,208.5,32100,208.5,4.0
2013/02/18,211.75,214.75,207.5,211.25,49900,211.25,4.0
2013/02/19,211.0,215.0,210.75,215.0,46400,215,4.0
2013/02/20,217.5,219.0,212.5,214.75,40800,214.75,4.0
2013/02/21,213.75,216.0,212.0,212.0,17600,212,4.0
2013/02/22,211.0,212.75,209.25,212.0,19700,212,4.0
2013/02/25,212.5,215.0,211.25,213.75,18600,213.75,4.0
2013/02/26,210.0,212.5,209.75,212.5,10600,212.5,4.0
2013/02/27,211.25,222.5,211.25,222.5,45100,222.5,4.0
2013/02/28,222.0,222.0,215.5,216.25,34800,216.25,4.0
2013/03/01,218.75,218.75,212.5,216.5,21200,216.5,4.0
2013/03/04,216.25,222.25,216.25,220.25,16100,220.25,4.0
2013/03/05,222.0,223.75,218.0,220.0,16600,220,4.0
2013/03/06,218.75,223.5,218.5,222.0,21400,222,4.0
2013/03/07,222.5,222.75,220.25,222.0,16900,222,4.0
2013/03/08,221.5,227.5,221.5,227.25,35400,227.25,4.0
2013/03/11,229.75,233.5,227.5,233.5,15800,233.5,4.0
2013/03/12,233.5,238.5,233.5,238.5,21000,238.5,4.0
2013/03/13,237.5,239.75,235.25,239.75,16000,239.75,4.0
2013/03/14,242.5,247.25,240.75,247.0,25700,247,4.0
2013/03/15,248.75,253.75,247.0,250.5,34700,250.5,4.0
2013/03/18,251.0,251.25,247.5,249.75,29400,249.75,4.0
2013/03/19,246.5,246.5,240.25,243.5,45800,243.5,4.0
2013/03/21,243.5,252.75,242.75,252.75,52300,252.75,4.0
2013/03/22,252.5,253.75,244.0,250.0,22900,250,4.0
2013/03/25,252.0,252.0,248.0,250.5,13300,250.5,4.0
2013/03/26,250.0,250.5,245.5,250.0,23700,250,4.0
2013/03/27,245.75,250.0,245.75,249.75,7200,249.75,4.0
2013/03/28,249.75,250.0,247.5,249.5,15100,249.5,4.0
2013/03/29,246.5,246.5,239.5,243.5,16500,243.5,4.0
2013/04/01,243.0,243.0,232.0,232.75,42800,232.75,4.0
2013/04/02,232.25,237.5,225.25,236.0,16600,236,4.0
2013/04/03,237.5,245.0,237.5,244.75,17200,244.75,4.0
2013/04/04,244.75,253.75,243.5,253.75,25600,253.75,4.0
2013/04/05,256.25,262.25,256.25,262.25,21700,262.25,4.0
2013/04/08,254.75,269.75,253.25,269.75,22600,269.75,4.0
2013/04/09,264.75,268.75,250.25,261.25,25300,261.25,4.0
2013/04/10,261.5,267.0,256.0,265.0,16900,265,4.0
2013/04/11,265.0,273.75,265.0,272.75,16900,272.75,4.0
2013/04/12,265.25,272.75,263.75,271.25,11000,271.25,4.0
2013/04/15,272.25,277.5,271.5,274.75,27100,274.75,4.0
2013/04/16,275.0,280.25,272.5,280.25,17900,280.25,4.0
2013/04/17,299.25,299.25,285.25,285.25,20600,285.25,4.0
2013/04/18,285.5,290.0,282.75,290.0,18600,290,4.0
2013/04/19,296.25,300.0,282.0,294.0,17800,294,4.0
2013/04/22,312.0,312.0,297.75,300.0,21000,300,4.0
2013/04/23,298.25,312.5,297.5,312.5,17300,312.5,4.0
2013/04/24,314.25,318.25,314.25,316.25,14500,316.25,4.0
2013/04/25,312.5,315.0,312.0,313.75,10200,313.75,4.0
2013/04/26,306.25,312.25,300.25,303.5,15500,303.5,4.0
2013/04/30,305.25,308.75,302.5,308.75,10300,308.75,4.0
2013/05/01,312.5,315.25,307.25,312.0,9700,312,4.0
2013/05/02,298.75,311.25,298.75,309.75,13200,309.75,4.0
2013/05/07,310.25,320.0,310.25,320.0,13400,320,4.0
2013/05/08,325.25,333.25,317.0,319.75,28000,319.75,4.0
2013/05/09,331.0,335.0,327.75,335.0,25500,335,4.0
2013/05/10,332.0,335.75,332.0,332.5,5100,332.5,4.0
2013/05/13,336.25,340.5,334.75,338.25,10700,338.25,4.0
2013/05/14,335.0,337.5,328.75,332.25,14500,332.25,4.0
2013/05/15,332.5,333.25,317.5,324.75,35600,324.75,4.0
2013/05/16,317.25,319.75,310.0,318.0,58900,318,4.0
2013/05/17,310.75,318.75,310.75,318.25,25100,318.25,4.0
2013/05/20,318.75,340.0,318.5,340.0,78300,340,4.0
2013/05/21,340.5,360.0,336.25,357.5,71200,357.5,4.0
2013/05/22,361.0,379.75,355.0,360.0,51400,360,4.0
2013/05/23,360.5,361.25,337.5,342.5,24900,342.5,4.0
2013/05/24,345.0,345.0,318.5,339.0,28800,339,4.0
2013/05/27,336.0,338.75,325.0,337.5,13300,337.5,4.0
2013/05/28,337.5,347.0,334.75,338.75,12000,338.75,4.0
2013/05/29,336.25,342.5,336.25,342.5,33500,342.5,4.0
2013/05/30,336.5,340.0,335.75,337.5,22000,337.5,4.0
2013/05/31,337.5,339.5,326.25,337.5,28900,337.5,4.0
2013/06/03,333.0,340.5,330.25,336.75,36100,336.75,4.0
2013/06/04,327.75,327.75,317.5,321.0,25700,321,4.0
2013/06/05,312.5,315.5,308.25,308.25,31800,308.25,4.0
2013/06/06,293.25,309.25,287.75,309.25,33500,309.25,4.0
2013/06/07,304.75,304.75,295.0,301.5,37200,301.5,4.0
2013/06/10,303.25,337.75,303.25,325.0,19100,325,4.0
2013/06/11,325.0,329.25,320.0,324.75,28500,324.75,4.0
2013/06/12,324.75,324.75,317.5,324.75,4000,324.75,4.0
2013/06/13,324.75,324.75,317.5,319.0,2300,319,4.0
2013/06/14,327.5,327.5,312.5,322.5,4500,322.5,4.0
2013/06/17,329.5,329.5,322.25,323.75,17800,323.75,4.0
2013/06/18,325.0,325.0,309.75,323.75,3500,323.75,4.0
2013/06/19,325.0,325.0,318.75,320.0,4600,320,4.0
2013/06/20,317.5,319.75,315.0,316.25,9100,316.25,4.0
2013/06/21,316.0,316.0,305.5,314.0,14300,314,4.0
2013/06/24,312.75,314.75,312.0,314.5,11800,314.5,4.0
2013/06/25,327.5,327.5,312.5,325.0,18200,325,4.0
2013/06/26,322.5,322.5,321.75,322.0,5100,322,4.0
2013/06/27,321.0,321.0,317.5,320.0,2300,320,4.0
2013/06/28,319.75,322.5,319.75,321.75,13900,321.75,4.0
2013/07/01,327.5,328.75,325.0,327.25,13500,327.25,4.0
2013/07/02,332.5,332.5,313.25,328.75,3800,328.75,4.0
2013/07/03,330.0,332.5,317.5,331.75,6200,331.75,4.0
2013/07/04,332.5,332.5,329.25,330.0,4400,330,4.0
2013/07/05,335.75,336.25,320.25,327.75,8700,327.75,4.0
2013/07/08,327.5,327.5,311.25,318.75,17500,318.75,4.0
2013/07/09,318.0,318.0,311.25,312.5,9800,312.5,4.0
2013/07/10,312.5,319.0,311.5,313.75,5100,313.75,4.0
2013/07/11,316.25,317.5,314.25,317.25,2600,317.25,4.0
2013/07/12,317.25,317.5,316.0,317.25,7100,317.25,4.0
2013/07/16,318.75,318.75,314.25,317.5,9400,317.5,4.0
2013/07/17,311.25,318.75,311.25,318.75,3400,318.75,4.0
2013/07/18,320.0,325.0,320.0,324.5,6500,324.5,4.0
2013/07/19,320.25,322.5,312.5,322.5,10300,322.5,4.0
2013/07/22,325.0,326.25,320.25,326.25,13000,326.25,4.0
2013/07/23,325.0,325.0,324.75,324.75,2400,324.75,4.0
2013/07/24,325.0,328.5,320.0,328.5,14500,328.5,4.0
2013/07/25,330.0,330.0,325.0,328.75,22400,328.75,4.0
2013/07/26,329.25,338.75,329.25,338.75,14900,338.75,4.0
2013/07/29,340.0,340.0,333.75,335.75,6700,335.75,4.0
2013/07/30,335.5,338.5,332.5,337.0,9100,337,4.0
2013/07/31,335.0,337.5,330.25,337.0,2900,337,4.0
2013/08/01,338.75,338.75,316.25,336.25,13100,336.25,4.0
2013/08/02,337.5,340.75,336.25,336.5,17200,336.5,4.0
2013/08/05,337.5,340.5,332.5,336.25,22000,336.25,4.0
2013/08/06,336.25,336.25,326.25,329.75,4900,329.75,4.0
2013/08/07,327.5,327.5,312.5,320.0,9800,320,4.0
2013/08/08,320.0,328.0,312.5,319.5,10800,319.5,4.0
2013/08/09,325.25,325.25,321.75,325.0,22200,325,4.0
2013/08/12,325.0,325.0,317.5,317.5,4400,317.5,4.0
2013/08/13,323.25,328.75,317.75,328.75,4700,328.75,4.0
2013/08/14,328.75,334.25,325.0,327.5,33500,327.5,4.0
2013/08/15,327.5,328.75,325.0,325.0,8700,325,4.0
2013/08/16,327.5,328.75,327.5,327.5,13000,327.5,4.0
2013/08/19,324.75,327.0,324.75,325.0,19600,325,4.0
2013/08/20,327.75,334.75,327.75,328.25,4200,328.25,4.0
2013/08/21,328.25,328.25,326.0,327.25,12500,327.25,4.0
2013/08/22,336.0,336.0,327.0,335.0,12300,335,4.0
2013/08/23,350.75,367.5,339.0,355.0,48200,355,4.0
2013/08/26,357.5,357.5,350.25,355.0,27700,355,4.0
2013/08/27,355.5,355.5,350.0,352.75,7300,352.75,4.0
2013/08/28,348.0,354.0,348.0,352.5,26700,352.5,4.0
2013/08/29,360.0,364.75,349.75,352.5,52000,352.5,4.0
2013/08/30,352.5,352.5,346.75,349.25,27300,349.25,4.0
2013/09/02,353.75,353.75,347.5,350.0,17400,350,4.0
2013/09/03,350.0,350.0,344.5,350.0,8800,350,4.0
2013/09/04,348.75,350.0,347.75,350.0,7400,350,4.0
2013/09/05,347.75,350.0,346.75,346.75,9200,346.75,4.0
2013/09/06,344.25,344.75,343.75,343.75,5100,343.75,4.0
2013/09/09,341.25,346.0,341.25,344.75,7200,344.75,4.0
2013/09/10,345.0,347.5,342.5,347.25,3100,347.25,4.0
2013/09/11,345.5,346.5,345.5,346.5,3600,346.5,4.0
2013/09/12,346.75,347.25,345.0,347.25,5800,347.25,4.0
2013/09/13,348.25,348.25,347.0,348.0,7400,348,4.0
2013/09/17,350.0,354.25,349.75,352.25,17200,352.25,4.0
2013/09/18,353.75,357.0,351.75,352.5,10800,352.5,4.0
2013/09/19,357.5,365.0,357.5,364.0,7800,364,4.0
2013/09/20,358.75,366.25,358.75,362.5,3100,362.5,4.0
2013/09/24,365.0,366.25,357.5,362.25,6300,362.25,4.0
2013/09/25,361.25,361.25,341.25,357.5,10900,357.5,4.0
2013/09/26,357.0,357.0,349.0,356.5,3300,356.5,2.0
2013/09/27,351.5,361.5,351.5,361.5,13000,361.5,2.0
2013/09/30,370.0,370.0,360.0,365.0,9000,365,2.0
2013/10/01,365.0,365.0,355.0,364.5,8300,364.5,2.0
2013/10/02,363.5,364.0,355.0,357.5,9200,357.5,2.0
2013/10/03,350.5,357.5,349.5,351.5,6300,351.5,2.0
2013/10/04,350.0,351.0,347.5,347.5,2300,347.5,2.0
2013/10/07,363.0,363.0,342.5,342.5,10100,342.5,2.0
2013/10/08,327.5,330.5,320.0,323.5,18500,323.5,2.0
2013/10/09,327.5,342.0,327.5,338.0,8800,338,2.0
2013/10/10,349.5,349.5,344.0,347.5,10600,347.5,2.0
2013/10/11,350.0,350.0,344.5,348.5,21500,348.5,2.0
2013/10/15,348.0,349.0,345.5,346.5,6100,346.5,2.0
2013/10/16,347.5,350.0,346.5,347.5,4400,347.5,2.0
2013/10/17,350.0,354.5,347.0,347.5,18700,347.5,2.0
2013/10/18,351.0,354.0,349.5,353.0,25800,353,2.0
2013/10/21,355.0,389.5,355.0,387.0,57800,387,2.0
2013/10/22,392.5,392.5,378.0,379.5,59900,379.5,2.0
2013/10/23,380.5,401.5,380.5,399.0,73200,399,2.0
2013/10/24,399.5,422.0,397.0,420.0,92800,420,2.0
2013/10/25,430.0,430.0,407.5,413.5,32700,413.5,2.0
2013/10/28,425.0,436.0,412.5,430.0,73200,430,2.0
2013/10/29,437.5,480.0,430.0,447.0,138200,447,2.0
2013/10/30,454.5,470.0,438.0,450.0,128500,450,2.0
2013/10/31,460.0,470.0,455.0,461.0,143100,461,2.0
2013/11/01,460.5,460.5,450.5,453.5,55900,453.5,2.0
2013/11/05,455.0,460.0,451.0,455.0,65500,455,2.0
2013/11/06,455.5,459.5,452.0,453.5,53500,453.5,2.0
2013/11/07,450.0,453.0,449.0,450.5,32200,450.5,2.0
2013/11/08,450.0,451.5,449.0,450.5,16500,450.5,2.0
2013/11/11,451.0,451.0,449.0,451.0,53700,451,2.0
2013/11/12,450.0,463.0,449.0,463.0,70900,463,2.0
2013/11/13,465.0,467.5,449.0,456.5,55800,456.5,2.0
2013/11/14,452.5,456.5,443.0,443.0,88600,443,2.0
2013/11/15,450.0,458.0,442.0,456.5,288000,456.5,2.0
2013/11/18,459.5,468.0,455.0,457.0,90500,457,2.0
2013/11/19,456.0,458.5,452.5,453.5,50300,453.5,2.0
2013/11/20,457.0,472.5,455.5,466.0,83200,466,2.0
2013/11/21,472.5,510.0,472.0,490.5,316300,490.5,2.0
2013/11/22,490.0,497.0,476.5,481.5,82600,481.5,2.0
2013/11/25,481.5,486.5,467.5,470.0,33800,470,2.0
2013/11/26,465.5,465.5,440.0,455.0,51900,455,2.0
2013/11/27,450.5,458.5,450.5,456.0,39300,456,2.0
2013/11/28,455.0,457.5,452.5,453.5,19400,453.5,2.0
2013/11/29,455.0,458.0,447.5,453.0,31100,453,2.0
2013/12/02,455.5,474.0,454.5,474.0,33400,474,2.0
2013/12/03,474.0,489.0,463.0,489.0,125800,489,2.0
2013/12/04,481.5,505.0,474.0,501.0,169400,501,2.0
2013/12/05,502.0,510.0,480.0,495.5,178400,495.5,2.0
2013/12/06,491.0,494.5,480.0,487.5,36700,487.5,2.0
2013/12/09,492.5,492.5,482.5,485.5,45600,485.5,2.0
2013/12/10,482.0,509.0,481.0,499.5,99000,499.5,2.0
2013/12/11,492.0,513.5,491.5,505.5,77900,505.5,2.0
2013/12/12,508.5,508.5,494.0,496.0,57400,496,2.0
2013/12/13,505.0,505.0,489.5,490.0,26200,490,2.0
2013/12/16,485.0,488.0,477.0,486.5,78100,486.5,2.0
2013/12/17,479.0,482.0,469.0,475.5,44500,475.5,2.0
2013/12/18,475.0,475.0,456.5,465.0,39200,465,2.0
2013/12/19,457.5,463.0,450.0,452.5,42900,452.5,2.0
2013/12/20,451.5,475.0,447.5,474.5,66100,474.5,2.0
2013/12/24,474.5,474.5,460.0,471.5,71200,471.5,2.0
2013/12/25,471.0,477.5,461.0,465.0,50400,465,2.0
2013/12/26,472.5,489.5,472.5,489.5,46700,489.5,2.0
2013/12/27,497.0,497.0,479.5,489.5,31200,489.5,2.0
2013/12/30,498.0,498.0,488.0,495.0,29500,495,2.0
2014/01/06,498.5,510.0,492.5,505.0,44200,505,2.0
2014/01/07,505.0,509.5,504.0,508.0,102600,508,2.0
2014/01/08,510.0,520.0,507.5,508.5,92800,508.5,2.0
2014/01/09,523.5,523.5,495.0,508.5,86800,508.5,2.0
2014/01/10,508.0,512.0,503.0,507.0,82300,507,2.0
2014/01/14,499.5,512.5,499.5,511.5,119400,511.5,2.0
2014/01/15,518.5,539.0,512.5,537.0,197700,537,2.0
2014/01/16,539.0,564.5,536.0,562.0,162000,562,2.0
2014/01/17,565.0,565.0,548.5,563.0,119700,563,2.0
2014/01/20,570.0,570.0,550.5,561.5,65000,561.5,2.0
2014/01/21,555.5,563.0,546.0,551.5,73000,551.5,2.0
2014/01/22,543.0,543.0,524.5,534.0,100900,534,2.0
2014/01/23,535.5,537.5,518.5,518.5,71000,518.5,2.0
2014/01/24,518.5,525.0,508.5,519.0,69300,519,2.0
2014/01/27,516.5,524.0,503.5,516.5,121800,516.5,2.0
2014/01/28,508.0,524.5,505.5,516.5,133500,516.5,2.0
2014/01/29,529.0,542.5,520.0,527.5,205600,527.5,2.0
2014/01/30,508.5,535.0,494.0,514.5,918300,514.5,2.0
2014/01/31,499.5,513.0,484.5,495.5,178300,495.5,2.0
2014/02/03,458.0,480.5,451.0,454.5,200900,454.5,2.0
2014/02/04,435.0,444.5,423.0,433.0,154700,433,2.0
2014/02/05,433.0,444.5,406.5,417.5,162900,417.5,2.0
2014/02/06,412.5,432.0,404.0,408.0,159700,408,2.0
2014/02/07,419.0,421.5,406.5,413.5,108100,413.5,2.0
2014/02/10,421.0,421.5,414.5,414.5,66800,414.5,2.0
2014/02/12,418.0,426.0,414.0,422.0,159800,422,2.0
2014/02/13,415.5,417.5,406.5,407.0,61200,407,2.0
2014/02/14,405.0,411.0,400.0,409.5,77700,409.5,2.0
2014/02/17,414.5,417.5,406.0,416.5,28600,416.5,2.0
2014/02/18,413.0,429.5,413.0,427.5,46800,427.5,2.0
2014/02/19,424.0,428.0,420.0,425.0,27200,425,2.0
2014/02/20,422.5,438.5,418.0,430.5,113700,430.5,2.0
2014/02/21,431.5,483.5,431.5,474.0,201500,474,2.0
2014/02/24,469.0,486.5,465.0,476.0,86200,476,2.0
2014/02/25,488.5,490.0,478.0,486.5,33500,486.5,2.0
2014/02/26,479.0,487.5,474.0,477.5,33900,477.5,2.0
2014/02/27,477.5,482.0,475.0,479.0,27900,479,2.0
2014/02/28,481.5,481.5,467.0,479.0,44800,479,2.0
2014/03/03,480.0,480.5,472.0,477.5,94000,477.5,2.0
2014/03/04,470.0,494.0,470.0,493.0,58100,493,2.0
2014/03/05,500.0,500.0,476.5,485.0,43600,485,2.0
2014/03/06,492.5,492.5,478.5,489.0,50900,489,2.0
2014/03/07,495.0,495.0,481.0,485.5,35400,485.5,2.0
2014/03/10,485.5,518.5,482.5,516.0,99200,516,2.0
2014/03/11,518.5,521.5,501.0,506.5,56500,506.5,2.0
2014/03/12,506.5,508.5,493.0,505.5,29200,505.5,2.0
2014/03/13,507.5,522.0,503.0,510.0,80600,510,2.0
2014/03/14,491.5,491.5,470.0,470.0,92100,470,2.0
2014/03/17,471.0,480.5,465.0,469.5,43000,469.5,2.0
2014/03/18,476.0,476.0,450.0,454.5,49200,454.5,2.0
2014/03/19,467.0,467.0,456.5,457.0,44500,457,2.0
2014/03/20,467.5,467.5,438.5,438.5,35500,438.5,2.0
2014/03/24,461.0,494.0,454.5,480.0,93200,480,2.0
2014/03/25,495.0,516.0,485.0,494.0,176000,494,2.0
2014/03/26,490.0,525.0,484.0,523.0,126800,523,2.0
2014/03/27,523.0,539.5,508.0,522.0,109300,522,2.0
2014/03/28,525.0,531.0,516.5,525.0,55100,525,2.0
2014/03/31,522.5,534.0,485.0,523.5,59800,523.5,2.0
2014/04/01,528.0,533.0,509.0,522.0,43200,522,2.0
2014/04/02,516.5,525.5,514.5,515.5,28000,515.5,2.0
2014/04/03,518.5,534.5,515.0,534.5,43500,534.5,2.0
2014/04/04,531.5,539.5,530.0,535.0,43200,535,2.0
2014/04/07,525.0,537.5,525.0,536.5,37000,536.5,2.0
2014/04/08,530.0,530.0,485.5,491.5,72700,491.5,2.0
2014/04/09,481.5,491.5,469.0,469.0,44600,469,2.0
2014/04/10,473.5,478.5,460.5,461.0,37700,461,2.0
2014/04/11,457.5,471.5,452.0,460.0,37400,460,2.0
2014/04/14,452.5,472.0,451.5,458.5,30000,458.5,2.0
2014/04/15,454.5,471.5,453.5,466.0,37100,466,2.0
2014/04/16,468.5,473.0,465.5,473.0,34900,473,2.0
2014/04/17,477.5,478.5,467.0,472.5,30100,472.5,2.0
2014/04/18,479.0,479.0,469.5,472.0,19000,472,2.0
2014/04/21,487.0,487.0,475.5,475.5,13300,475.5,2.0
2014/04/22,488.0,488.0,471.0,472.5,16800,472.5,2.0
2014/04/23,473.5,486.5,473.5,483.5,16500,483.5,2.0
2014/04/24,486.5,486.5,472.0,476.5,15800,476.5,2.0
2014/04/25,491.5,492.0,476.0,484.0,35200,484,2.0
2014/04/28,491.5,491.5,477.0,484.0,23000,484,2.0
2014/04/30,484.0,486.0,478.0,480.5,8900,480.5,2.0
2014/05/01,485.0,485.0,471.0,480.0,20500,480,2.0
2014/05/02,480.0,482.5,477.0,480.0,15500,480,2.0
2014/05/07,469.0,497.5,466.0,494.5,116100,494.5,2.0
2014/05/08,496.0,519.0,468.5,494.0,94500,494,2.0
2014/05/09,500.0,523.5,489.5,520.5,75100,520.5,2.0
2014/05/12,517.5,517.5,476.0,478.0,38700,478,2.0
2014/05/13,512.5,512.5,478.5,482.0,23400,482,2.0
2014/05/14,482.0,485.0,471.5,472.0,26800,472,2.0
2014/05/15,464.5,467.0,463.5,465.5,7700,465.5,2.0
2014/05/16,455.0,460.5,442.5,445.5,24200,445.5,2.0
2014/05/19,453.0,457.0,435.0,437.5,14000,437.5,2.0
2014/05/20,442.5,447.5,434.5,434.5,41600,434.5,2.0
2014/05/21,426.5,434.0,412.5,416.0,50500,416,2.0
2014/05/22,420.0,444.5,420.0,441.5,90100,441.5,2.0
2014/05/23,449.0,451.0,423.5,435.5,56400,435.5,2.0
2014/05/26,431.0,436.5,425.5,426.5,71100,426.5,2.0
2014/05/27,423.0,432.0,423.0,429.0,68200,429,2.0
2014/05/28,425.0,430.0,425.0,427.5,19700,427.5,2.0
2014/05/29,427.0,429.5,424.0,429.0,22600,429,2.0
2014/05/30,430.0,430.5,427.5,429.0,12000,429,2.0
2014/06/02,434.0,441.5,430.5,441.5,22000,441.5,2.0
2014/06/03,445.0,447.5,442.5,446.0,18900,446,2.0
2014/06/04,446.0,446.0,436.0,439.5,25700,439.5,2.0
2014/06/05,442.0,444.0,435.0,440.5,14400,440.5,2.0
2014/06/06,437.5,447.5,434.5,446.5,28400,446.5,2.0
2014/06/09,446.0,446.5,437.5,445.0,23100,445,2.0
2014/06/10,441.0,443.0,435.0,438.5,26700,438.5,2.0
2014/06/11,442.5,447.0,440.5,444.5,14000,444.5,2.0
2014/06/12,437.0,445.0,435.0,441.5,19000,441.5,2.0
2014/06/13,443.5,452.5,443.0,451.0,41900,451,2.0
2014/06/16,450.0,453.5,446.5,448.5,19800,448.5,2.0
2014/06/17,454.5,474.0,453.5,472.5,49600,472.5,2.0
2014/06/18,466.0,473.0,460.0,469.0,21500,469,2.0
2014/06/19,468.5,486.5,466.5,484.5,26100,484.5,2.0
2014/06/20,479.0,484.5,471.5,473.0,23000,473,2.0
2014/06/23,478.0,484.5,470.5,482.0,30700,482,2.0
2014/06/24,463.5,480.0,460.0,463.5,73100,463.5,2.0
2014/06/25,463.5,474.0,455.5,455.5,67700,455.5,2.0
2014/06/26,456.0,461.0,454.5,458.0,28700,458,2.0
2014/06/27,458.0,459.5,450.0,454.5,31400,454.5,2.0
2014/06/30,451.0,464.0,451.0,461.5,36700,461.5,2.0
2014/07/01,465.0,472.5,459.0,468.0,137300,468,2.0
2014/07/02,472.0,479.0,468.5,476.0,62700,476,2.0
2014/07/03,464.0,470.0,463.5,464.0,70800,464,2.0
2014/07/04,450.0,456.0,449.5,451.5,85200,451.5,2.0
2014/07/07,456.0,456.0,449.5,451.5,40500,451.5,2.0
2014/07/08,449.0,453.0,440.0,449.0,53100,449,2.0
2014/07/09,441.5,452.0,437.5,438.0,58200,438,2.0
2014/07/10,438.5,440.5,428.0,428.5,31900,428.5,2.0
2014/07/11,427.0,436.0,420.5,421.0,66000,421,2.0
2014/07/14,422.0,426.5,421.0,424.5,26300,424.5,2.0
2014/07/15,417.5,430.5,417.5,425.0,78100,425,2.0
2014/07/16,427.0,440.5,426.0,434.0,75800,434,2.0
2014/07/17,442.5,448.5,438.5,445.0,87400,445,2.0
2014/07/18,437.5,445.0,435.0,437.0,26700,437,2.0
2014/07/22,445.0,445.0,438.0,440.5,16800,440.5,2.0
2014/07/23,436.5,440.0,431.5,432.0,26700,432,2.0
2014/07/24,430.0,434.5,428.0,431.5,22100,431.5,2.0
2014/07/25,431.5,434.5,430.5,431.5,25600,431.5,2.0
2014/07/28,430.0,434.0,428.0,432.0,29400,432,2.0
2014/07/29,430.0,433.0,425.5,426.0,24100,426,2.0
2014/07/30,425.0,425.0,419.0,422.5,35600,422.5,2.0
2014/07/31,437.5,437.5,427.0,429.0,69000,429,2.0
2014/08/01,421.5,424.0,418.5,420.0,53100,420,2.0
2014/08/04,420.0,420.5,417.0,417.0,42500,417,2.0
2014/08/05,417.0,417.5,405.0,405.5,72100,405.5,2.0
2014/08/06,401.5,408.0,385.0,390.0,79200,390,2.0
2014/08/07,390.0,412.5,386.5,400.0,96800,400,2.0
2014/08/08,400.5,407.5,394.0,400.0,73800,400,2.0
2014/08/11,400.0,412.5,400.0,410.0,33500,410,2.0
2014/08/12,410.5,414.0,408.5,410.0,63700,410,2.0
2014/08/13,407.5,412.5,406.0,411.5,101000,411.5,2.0
2014/08/14,411.5,414.0,411.5,412.0,14000,412,2.0
2014/08/15,411.5,416.5,411.5,415.0,73900,415,2.0
2014/08/18,416.5,427.0,416.5,426.0,57600,426,2.0
2014/08/19,424.0,432.0,424.0,429.0,76900,429,2.0
2014/08/20,436.5,438.5,431.0,435.5,94400,435.5,2.0
2014/08/21,438.5,448.5,438.5,446.0,64600,446,2.0
2014/08/22,444.5,447.0,439.5,444.0,54000,444,2.0
2014/08/25,446.5,447.5,442.5,443.5,33100,443.5,2.0
2014/08/26,444.5,468.0,444.5,462.5,89400,462.5,2.0
2014/08/27,453.5,453.5,449.5,451.0,224100,451,2.0
2014/08/28,450.0,453.0,450.0,452.0,71200,452,2.0
2014/08/29,450.5,452.5,449.0,451.5,64900,451.5,2.0
2014/09/01,452.0,453.5,450.0,451.0,50500,451,2.0
2014/09/02,451.0,453.0,449.5,450.5,38900,450.5,2.0
2014/09/03,450.5,450.5,443.5,448.0,53300,448,2.0
2014/09/04,448.0,448.5,446.5,447.0,76600,447,2.0
2014/09/05,448.5,451.5,445.5,447.0,94700,447,2.0
2014/09/08,453.5,453.5,449.5,452.0,82500,452,2.0
2014/09/09,449.5,453.5,449.0,451.0,45200,451,2.0
2014/09/10,452.5,454.5,450.0,454.0,55500,454,2.0
2014/09/11,454.0,454.0,451.5,453.5,27900,453.5,2.0
2014/09/12,454.5,454.5,450.0,450.5,68400,450.5,2.0
2014/09/16,453.5,454.5,450.5,453.5,42500,453.5,2.0
2014/09/17,453.5,454.5,448.5,450.0,36600,450,2.0
2014/09/18,450.5,453.0,450.5,452.0,37700,452,2.0
2014/09/19,454.5,457.5,452.0,457.5,83000,457.5,2.0
2014/09/22,457.5,460.0,456.0,459.5,59100,459.5,2.0
2014/09/24,460.0,462.0,458.0,461.0,44300,461,2.0
2014/09/25,465.0,465.0,462.0,464.0,64900,464,2.0
2014/09/26,462.5,465.0,460.0,463.5,32500,463.5,2.0
2014/09/29,464.0,475.5,463.0,473.0,65200,473,2.0
2014/09/30,470.5,470.5,460.5,464.0,34000,464,2.0
2014/10/01,464.0,467.5,461.0,464.0,42900,464,2.0
2014/10/02,463.0,463.0,456.5,458.5,61600,458.5,2.0
2014/10/03,457.0,462.5,456.5,461.5,23900,461.5,2.0
2014/10/06,465.5,474.0,464.5,473.0,66600,473,2.0
2014/10/07,472.5,472.5,465.0,465.0,28300,465,2.0
2014/10/08,465.0,475.0,463.0,472.5,46400,472.5,2.0
2014/10/09,472.5,472.5,465.0,466.0,47700,466,2.0
2014/10/10,458.0,466.0,458.0,463.0,29000,463,2.0
2014/10/14,458.0,458.0,455.0,456.0,32900,456,2.0
2014/10/15,462.5,475.0,462.5,475.0,42800,475,2.0
2014/10/16,460.0,474.0,458.0,472.5,56500,472.5,2.0
2014/10/17,473.5,478.0,452.5,453.5,57500,453.5,2.0
2014/10/20,468.0,474.5,464.5,474.0,16900,474,2.0
2014/10/21,474.5,475.0,467.5,469.0,23800,469,2.0
2014/10/22,474.0,474.0,462.0,473.5,19100,473.5,2.0
2014/10/23,472.5,499.5,470.5,499.0,114400,499,2.0
2014/10/24,500.0,504.5,486.5,487.0,51800,487,2.0
2014/10/27,490.0,498.0,485.5,496.5,31300,496.5,2.0
2014/10/28,492.5,493.0,481.5,489.0,27000,489,2.0
2014/10/29,496.5,496.5,476.5,480.0,38300,480,2.0
2014/10/30,477.5,481.5,437.5,471.5,88100,471.5,2.0
2014/10/31,481.0,488.0,463.0,471.5,61600,471.5,2.0
2014/11/04,478.5,487.5,473.5,478.5,117800,478.5,2.0
2014/11/05,476.5,480.0,465.5,480.0,78500,480,2.0
2014/11/06,479.5,480.0,475.0,480.0,41900,480,2.0
2014/11/07,477.5,485.0,477.5,485.0,20700,485,2.0
2014/11/10,485.0,493.5,484.0,490.5,21100,490.5,2.0
2014/11/11,487.0,495.5,487.0,495.5,19700,495.5,2.0
2014/11/12,495.0,497.0,493.0,494.5,33300,494.5,2.0
2014/11/13,492.5,497.0,491.5,497.0,14700,497,2.0
2014/11/14,495.5,499.0,494.0,499.0,32700,499,2.0
2014/11/17,499.0,499.0,484.0,487.0,33500,487,2.0
2014/11/18,490.5,508.0,490.0,508.0,42800,508,2.0
2014/11/19,520.0,520.5,511.5,512.5,39700,512.5,2.0
2014/11/20,513.0,539.5,503.0,511.0,98800,511,2.0
2014/11/21,513.0,530.0,513.0,528.5,48000,528.5,2.0
2014/11/25,539.0,539.0,515.0,520.0,38600,520,2.0
2014/11/26,522.0,525.0,517.0,517.0,19500,517,2.0
2014/11/27,517.5,524.0,514.0,516.5,45400,516.5,2.0
2014/11/28,518.0,524.0,512.5,519.5,52600,519.5,2.0
2014/12/01,515.5,522.5,515.5,518.0,42800,518,2.0
2014/12/02,515.5,521.0,512.5,517.5,33600,517.5,2.0
2014/12/03,515.0,521.0,502.0,514.5,68700,514.5,2.0
2014/12/04,507.5,512.5,498.5,510.0,52200,510,2.0
2014/12/05,503.0,506.5,503.0,506.0,11700,506,2.0
2014/12/08,515.0,529.5,509.5,527.5,56700,527.5,2.0
2014/12/09,519.0,529.5,514.5,521.0,24500,521,2.0
2014/12/10,520.0,520.0,505.5,515.5,32500,515.5,2.0
2014/12/11,505.0,515.0,505.0,514.0,12700,514,2.0
2014/12/12,510.5,512.0,504.5,508.0,62400,508,2.0
2014/12/15,503.0,506.0,496.0,504.0,33500,504,2.0
2014/12/16,500.0,502.5,498.5,498.5,28300,498.5,2.0
2014/12/17,490.5,498.0,487.5,490.5,52900,490.5,2.0
2014/12/18,495.0,504.0,495.0,501.0,39500,501,2.0
2014/12/19,501.0,503.5,495.0,499.0,26600,499,2.0
2014/12/22,501.0,504.5,496.5,499.0,15400,499,2.0
2014/12/24,499.0,499.0,486.5,493.0,41000,493,2.0
2014/12/25,490.0,496.5,487.5,489.0,29400,489,2.0
2014/12/26,488.0,488.5,482.0,483.5,22700,483.5,2.0
2014/12/29,482.5,482.5,474.5,478.5,35200,478.5,2.0
2014/12/30,475.0,484.0,474.0,477.0,49200,477,2.0
2015/01/05,477.0,477.0,474.0,474.5,28200,474.5,2.0
2015/01/06,474.5,476.5,466.5,468.0,34200,468,2.0
2015/01/07,462.5,478.0,462.5,472.0,20900,472,2.0
2015/01/08,479.5,492.5,476.5,492.0,35100,492,2.0
2015/01/09,493.0,495.0,487.5,491.0,34600,491,2.0
2015/01/13,485.0,490.5,485.0,490.0,19600,490,2.0
2015/01/14,490.0,493.5,482.0,482.5,6800,482.5,2.0
2015/01/15,482.0,489.5,482.0,487.5,9500,487.5,2.0
2015/01/16,481.0,484.5,472.0,478.0,17900,478,2.0
2015/01/19,480.0,483.0,479.0,480.0,11500,480,2.0
2015/01/20,487.5,492.0,483.5,490.0,14500,490,2.0
2015/01/21,489.5,498.0,489.0,494.0,40400,494,2.0
2015/01/22,496.0,497.5,493.5,496.5,29100,496.5,2.0
2015/01/23,500.0,500.0,493.5,497.0,18600,497,2.0
2015/01/26,492.0,496.5,480.5,484.5,45100,484.5,2.0
2015/01/27,485.0,495.0,485.0,495.0,27300,495,2.0
2015/01/28,487.5,496.5,487.5,496.5,13500,496.5,2.0
2015/01/29,489.0,500.0,489.0,495.0,21200,495,2.0
2015/01/30,495.5,505.5,495.5,505.5,24600,505.5,2.0
2015/02/02,505.5,506.5,490.5,492.0,32600,492,2.0
2015/02/03,499.0,503.5,490.5,495.5,37200,495.5,2.0
2015/02/04,496.5,505.5,495.0,503.5,23300,503.5,2.0
2015/02/05,498.0,509.0,497.0,507.0,39200,507,2.0
2015/02/06,506.0,511.0,500.0,507.0,31500,507,2.0
2015/02/09,508.5,509.5,505.0,507.0,12700,507,2.0
2015/02/10,507.0,516.5,506.5,516.0,32300,516,2.0
2015/02/12,520.0,525.0,515.0,520.0,40800,520,2.0
2015/02/13,520.0,521.5,517.5,520.5,22400,520.5,2.0
2015/02/16,519.5,521.5,490.0,517.0,41900,517,2.0
2015/02/17,516.5,519.0,510.5,516.5,23100,516.5,2.0
2015/02/18,517.5,522.0,515.5,518.0,43000,518,2.0
2015/02/19,515.0,519.0,511.0,517.5,37300,517.5,2.0
2015/02/20,517.0,523.0,515.0,520.0,24600,520,2.0
2015/02/23,520.0,520.0,509.0,511.5,20700,511.5,2.0
2015/02/24,504.5,512.5,504.5,510.5,31900,510.5,2.0
2015/02/25,504.5,505.0,498.0,499.5,30700,499.5,2.0
2015/02/26,501.0,501.5,497.0,500.5,37100,500.5,2.0
2015/02/27,499.5,501.0,490.5,494.5,30100,494.5,2.0
2015/03/02,497.0,499.5,491.0,491.5,9200,491.5,2.0
2015/03/03,492.5,497.0,490.0,490.0,10200,490,2.0
2015/03/04,491.5,492.0,489.0,489.5,10800,489.5,2.0
2015/03/05,489.5,493.5,485.0,486.0,9600,486,2.0
2015/03/06,486.0,494.5,485.0,490.5,13000,490.5,2.0
2015/03/09,488.0,493.5,485.0,487.5,14500,487.5,2.0
2015/03/10,490.5,493.5,484.0,487.0,14200,487,2.0
2015/03/11,485.0,491.5,485.0,486.5,14400,486.5,2.0
2015/03/12,492.5,495.0,485.0,489.0,28700,489,2.0
2015/03/13,485.0,487.5,484.0,484.0,87600,484,2.0
2015/03/16,485.0,492.5,483.0,486.5,59200,486.5,2.0
2015/03/17,492.0,492.5,485.0,488.0,48100,488,2.0
2015/03/18,465.5,469.0,461.0,461.5,276800,461.5,2.0
2015/03/19,454.0,456.0,446.0,451.5,216300,451.5,2.0
2015/03/20,446.0,447.0,430.5,430.5,335200,430.5,2.0
2015/03/23,445.5,447.0,436.5,446.0,343100,446,2.0
2015/03/24,442.0,444.5,438.0,441.0,440000,441,2.0
2015/03/25,435.0,446.0,435.0,440.5,1032100,440.5,2.0
2015/03/26,438.5,444.0,438.5,440.5,233300,440.5,2.0
2015/03/27,441.0,447.5,440.5,443.5,232000,443.5,2.0
2015/03/30,447.5,447.5,444.0,445.0,139800,445,2.0
2015/03/31,447.0,447.5,436.5,439.5,145300,439.5,2.0
2015/04/01,435.5,438.0,433.5,436.0,172400,436,2.0
2015/04/02,434.0,447.5,434.0,445.5,138400,445.5,2.0
2015/04/03,445.5,455.0,444.5,454.0,133800,454,2.0
2015/04/06,455.5,456.0,452.0,453.0,52800,453,2.0
2015/04/07,455.0,455.0,446.5,448.0,88300,448,2.0
2015/04/08,445.0,445.0,438.5,441.0,163300,441,2.0
2015/04/09,442.5,447.0,441.5,446.0,76000,446,2.0
2015/04/10,449.5,449.5,431.5,433.0,376200,433,2.0
2015/04/13,433.5,438.0,432.5,434.0,112500,434,2.0
2015/04/14,436.5,437.0,428.0,428.5,326600,428.5,2.0
2015/04/15,430.0,434.5,429.0,430.5,226000,430.5,2.0
2015/04/16,431.0,435.0,425.0,427.5,380800,427.5,2.0
2015/04/17,429.5,433.5,426.0,429.5,415900,429.5,2.0
2015/04/20,428.0,432.5,427.0,429.5,110300,429.5,2.0
2015/04/21,431.5,452.0,431.5,450.0,655100,450,2.0
2015/04/22,449.0,469.0,442.5,464.0,380900,464,2.0
2015/04/23,456.5,471.0,450.5,465.0,178500,465,2.0
2015/04/24,461.0,468.0,456.0,465.0,126900,465,2.0
2015/04/27,462.5,463.5,457.5,462.5,64600,462.5,2.0
2015/04/28,461.0,467.5,461.0,465.0,76700,465,2.0
2015/04/30,463.0,466.0,460.0,464.0,73800,464,2.0
2015/05/01,460.0,461.0,454.0,456.0,62200,456,2.0
2015/05/07,453.0,459.5,451.5,453.5,66200,453.5,2.0
2015/05/08,454.5,463.0,454.0,460.5,81900,460.5,2.0
2015/05/11,464.5,465.0,456.5,458.0,136200,458,2.0
2015/05/12,458.0,467.0,458.0,466.0,112800,466,2.0
2015/05/13,461.5,480.5,459.5,474.0,236700,474,2.0
2015/05/14,467.0,479.0,464.0,469.0,131100,469,2.0
2015/05/15,474.5,477.0,469.5,475.0,115900,475,2.0
2015/05/18,474.5,474.5,470.5,471.5,34400,471.5,2.0
2015/05/19,472.5,475.0,471.5,475.0,79800,475,2.0
2015/05/20,475.5,477.5,473.5,476.5,78400,476.5,2.0
2015/05/21,477.0,478.0,471.5,471.5,91300,471.5,2.0
2015/05/22,464.0,471.5,463.5,467.5,53400,467.5,2.0
2015/05/25,467.5,467.5,459.5,459.5,114400,459.5,2.0
2015/05/26,458.0,464.0,458.0,461.0,94900,461,2.0
2015/05/27,463.0,467.5,453.5,454.5,117900,454.5,2.0
2015/05/28,453.0,457.0,448.0,451.5,113200,451.5,2.0
2015/05/29,450.0,455.5,448.5,450.0,109100,450,2.0
2015/06/01,447.5,451.0,446.0,447.5,50100,447.5,2.0
2015/06/02,447.5,450.5,445.0,446.0,103900,446,2.0
2015/06/03,447.0,452.0,444.0,445.0,72500,445,2.0
2015/06/04,446.0,452.5,446.0,451.0,93900,451,2.0
2015/06/05,453.0,454.5,449.0,451.0,80800,451,2.0
2015/06/08,453.5,468.0,452.5,464.0,100100,464,2.0
2015/06/09,456.5,460.5,454.0,455.5,89600,455.5,2.0
2015/06/10,457.0,459.0,450.5,452.5,131800,452.5,2.0
2015/06/11,453.0,455.0,449.0,452.0,118900,452,2.0
2015/06/12,447.5,449.5,437.0,438.5,405100,438.5,2.0
2015/06/15,433.5,437.5,429.5,434.0,267100,434,2.0
2015/06/16,437.5,445.0,433.5,438.5,173300,438.5,2.0
2015/06/17,445.0,445.0,438.0,442.5,140800,442.5,2.0
2015/06/18,442.5,453.0,442.5,446.0,116700,446,2.0
2015/06/19,447.0,455.0,445.0,450.0,169300,450,2.0
2015/06/22,451.0,463.0,451.0,459.5,91500,459.5,2.0
2015/06/23,459.5,463.5,456.0,463.0,66800,463,2.0
2015/06/24,459.5,461.5,457.5,460.5,64400,460.5,2.0
2015/06/25,462.0,466.5,459.5,464.0,71200,464,2.0
2015/06/26,467.5,467.5,462.5,464.0,52100,464,2.0
2015/06/29,462.0,474.0,456.0,471.0,221700,471,2.0
2015/06/30,464.5,474.0,463.0,469.5,173800,469.5,2.0
2015/07/01,469.5,489.5,466.0,488.0,212000,488,2.0
2015/07/02,492.5,519.5,492.5,517.5,239500,517.5,2.0
2015/07/03,516.5,516.5,500.0,503.0,124200,503,2.0
2015/07/06,503.0,512.0,502.5,508.5,91500,508.5,2.0
2015/07/07,511.0,512.5,500.0,503.0,119000,503,2.0
2015/07/08,503.0,504.5,500.0,502.0,182900,502,2.0
2015/07/09,496.0,508.5,485.5,493.0,259900,493,2.0
2015/07/10,493.0,496.0,487.0,492.0,101200,492,2.0
2015/07/13,489.5,496.5,486.5,492.5,82700,492.5,2.0
2015/07/14,497.5,503.0,488.0,493.5,103400,493.5,2.0
2015/07/15,493.5,496.0,491.0,494.0,138500,494,2.0
2015/07/16,495.0,511.5,493.5,509.0,154700,509,2.0
2015/07/17,509.0,512.0,501.0,508.5,87700,508.5,2.0
2015/07/21,508.0,508.0,499.5,505.0,102600,505,2.0
2015/07/22,505.0,519.5,503.0,504.0,97800,504,2.0
2015/07/23,504.0,507.5,501.0,506.0,44500,506,2.0
2015/07/24,506.0,510.5,503.0,508.0,58000,508,2.0
2015/07/27,507.0,511.5,500.5,502.0,80200,502,2.0
2015/07/28,496.5,502.5,494.0,500.5,111500,500.5,2.0
2015/07/29,503.0,530.5,502.5,527.0,350200,527,2.0
2015/07/30,528.0,528.5,514.5,523.0,122500,523,2.0
2015/07/31,525.0,562.5,524.0,560.5,406100,560.5,2.0
2015/08/03,560.5,560.5,546.0,558.5,141800,558.5,2.0
2015/08/04,547.5,555.0,541.0,548.0,193400,548,2.0
2015/08/05,545.5,562.5,545.0,560.0,134900,560,2.0
2015/08/06,552.5,556.5,543.0,549.0,185700,549,2.0
2015/08/07,549.0,565.0,543.5,562.0,172000,562,2.0
2015/08/10,566.0,580.0,562.0,574.0,190800,574,2.0
2015/08/11,577.5,591.5,575.5,586.5,148500,586.5,2.0
2015/08/12,590.0,614.0,579.0,610.0,308900,610,2.0
2015/08/13,616.0,632.5,606.0,623.5,343400,623.5,2.0
2015/08/14,620.0,634.5,601.5,627.0,196100,627,2.0
2015/08/17,632.0,636.0,623.0,635.5,163400,635.5,2.0
2015/08/18,635.5,641.0,622.5,628.0,117400,628,2.0
2015/08/19,626.5,630.0,613.5,617.5,113300,617.5,2.0
2015/08/20,619.0,627.5,612.0,616.5,119500,616.5,2.0
2015/08/21,607.0,614.0,597.5,597.5,91200,597.5,2.0
2015/08/24,582.5,591.5,550.5,560.5,131000,560.5,2.0
2015/08/25,537.0,555.0,520.5,528.0,286400,528,2.0
2015/08/26,537.0,545.0,517.0,539.0,111200,539,2.0
2015/08/27,555.0,570.5,549.5,551.5,139400,551.5,2.0
2015/08/28,561.0,562.0,540.5,546.5,146400,546.5,2.0
2015/08/31,544.5,544.5,524.0,528.5,215200,528.5,2.0
2015/09/01,529.5,545.0,529.5,534.5,376400,534.5,2.0
2015/09/02,504.5,518.5,487.5,505.0,469000,505,2.0
2015/09/03,513.5,527.5,510.5,521.5,167000,521.5,2.0
2015/09/04,521.0,526.0,487.5,497.5,245400,497.5,2.0
2015/09/07,496.0,507.0,491.0,500.0,124700,500,2.0
2015/09/08,502.5,511.5,493.0,498.0,127600,498,2.0
2015/09/09,510.0,533.0,505.0,531.0,198900,531,2.0
2015/09/10,521.0,535.0,516.5,524.5,265600,524.5,2.0
2015/09/11,508.5,528.5,508.5,516.0,351400,516,2.0
2015/09/14,527.5,552.0,527.0,548.5,259000,548.5,2.0
2015/09/15,548.5,567.5,548.5,561.0,247200,561,2.0
2015/09/16,565.0,581.0,564.0,579.0,270900,579,2.0
2015/09/17,586.0,589.0,578.0,589.0,148000,589,2.0
2015/09/18,590.0,609.5,587.5,593.0,219700,593,2.0
2015/09/24,582.5,599.5,581.5,588.0,102000,588,2.0
2015/09/25,592.0,594.0,581.5,594.0,79400,594,2.0
2015/09/28,591.0,594.0,584.0,589.0,71000,589,2.0
2015/09/29,585.0,598.0,581.0,593.0,130200,593,2.0
2015/09/30,596.0,608.5,591.0,594.0,92000,594,2.0
2015/10/01,600.0,600.0,584.0,592.5,94000,592.5,2.0
2015/10/02,592.5,592.5,574.5,579.0,125100,579,2.0
2015/10/05,583.0,598.0,576.5,596.5,167700,596.5,2.0
2015/10/06,597.5,603.5,591.0,602.0,72800,602,2.0
2015/10/07,596.5,598.5,572.5,579.0,132200,579,2.0
2015/10/08,580.0,581.5,563.5,567.5,137800,567.5,2.0
2015/10/09,563.5,588.0,562.5,587.0,95100,587,2.0
2015/10/13,585.0,585.0,559.0,568.5,113400,568.5,2.0
2015/10/14,563.0,575.5,563.0,571.5,53300,571.5,2.0
2015/10/15,571.5,575.5,565.5,569.0,164200,569,2.0
2015/10/16,572.0,586.5,572.0,576.0,93000,576,2.0
2015/10/19,584.0,584.0,574.0,576.0,104100,576,2.0
2015/10/20,579.5,585.0,575.0,577.0,107000,577,2.0
2015/10/21,574.5,574.5,558.5,572.0,55400,572,2.0
2015/10/22,572.0,572.0,566.5,569.0,62100,569,2.0
2015/10/23,580.0,580.0,573.5,574.0,79900,574,2.0
2015/10/26,575.0,582.5,569.5,571.0,156700,571,2.0
2015/10/27,578.5,596.0,578.5,588.0,171100,588,2.0
2015/10/28,589.5,597.0,574.0,583.0,247900,583,2.0
2015/10/29,587.5,600.0,584.0,597.5,282900,597.5,2.0
2015/10/30,605.0,617.0,591.0,593.0,143400,593,2.0
2015/11/02,592.0,596.0,585.5,591.5,84000,591.5,2.0
2015/11/04,600.0,606.5,571.0,573.0,138400,573,2.0
2015/11/05,575.0,580.5,568.5,578.5,68100,578.5,2.0
2015/11/06,577.5,580.0,568.5,573.5,35400,573.5,2.0
2015/11/09,576.5,583.5,572.0,583.5,81400,583.5,2.0
2015/11/10,580.0,582.5,571.5,573.5,94100,573.5,2.0
2015/11/11,579.5,587.5,577.0,579.5,94500,579.5,2.0
2015/11/12,580.0,584.5,575.0,576.0,74500,576,2.0
2015/11/13,571.0,579.5,567.5,574.5,105000,574.5,2.0
2015/11/16,560.5,570.5,550.0,560.0,132400,560,2.0
2015/11/17,562.0,571.5,556.5,562.5,112400,562.5,2.0
2015/11/18,556.0,557.5,546.0,546.5,108300,546.5,2.0
2015/11/19,547.5,548.0,525.0,527.0,268300,527,2.0
2015/11/20,525.0,545.0,525.0,539.5,123800,539.5,2.0
2015/11/24,543.5,561.5,541.5,560.0,118800,560,2.0
2015/11/25,561.0,571.0,559.0,569.5,112200,569.5,2.0
2015/11/26,572.5,583.0,572.5,577.5,66400,577.5,2.0
2015/11/27,577.5,584.0,569.0,570.5,50900,570.5,2.0
2015/11/30,568.5,572.0,564.5,571.0,30500,571,2.0
2015/12/01,572.5,572.5,567.5,571.5,27600,571.5,2.0
2015/12/02,570.0,570.5,563.0,566.5,47100,566.5,2.0
2015/12/03,561.5,565.0,558.0,562.0,76200,562,2.0
2015/12/04,551.5,555.5,542.0,544.5,62200,544.5,2.0
2015/12/07,544.0,551.0,536.0,538.5,106500,538.5,2.0
2015/12/08,542.5,564.0,541.0,559.5,212600,559.5,2.0
2015/12/09,554.5,566.5,552.0,552.0,86100,552,2.0
2015/12/10,550.0,553.5,542.5,550.0,95300,550,2.0
2015/12/11,565.0,567.5,556.0,567.5,84500,567.5,2.0
2015/12/14,559.5,572.5,553.5,571.0,78100,571,2.0
2015/12/15,572.5,580.5,569.5,576.5,111100,576.5,2.0
2015/12/16,577.5,579.0,569.0,574.5,66500,574.5,2.0
2015/12/17,582.0,593.0,579.5,590.0,113200,590,2.0
2015/12/18,595.0,607.0,592.5,592.5,83000,592.5,2.0
2015/12/21,581.5,591.5,581.5,586.0,73700,586,2.0
2015/12/22,588.5,591.5,587.5,589.0,57400,589,2.0
2015/12/24,588.5,588.5,563.5,567.5,99300,567.5,2.0
2015/12/25,562.0,568.0,551.0,552.0,72100,552,2.0
2015/12/28,561.0,577.0,557.0,577.0,59800,577,2.0
2015/12/29,577.0,584.0,571.5,581.5,79000,581.5,2.0
2015/12/30,589.0,614.0,588.0,614.0,132400,614,2.0
2016/01/04,623.0,643.0,621.0,623.5,214400,623.5,2.0
2016/01/05,619.5,627.5,603.5,606.0,211800,606,2.0
2016/01/06,614.5,634.0,613.5,617.5,211800,617.5,2.0
2016/01/07,620.0,623.5,605.5,613.5,158400,613.5,2.0
2016/01/08,612.0,619.0,594.0,596.0,128600,596,2.0
2016/01/12,606.0,612.5,577.5,578.0,162700,578,2.0
2016/01/13,592.0,625.0,591.5,617.5,239500,617.5,2.0
2016/01/14,607.0,611.0,600.0,608.0,113300,608,2.0
2016/01/15,614.5,614.5,595.0,597.0,59800,597,2.0
2016/01/18,588.0,591.5,577.5,581.0,79400,581,2.0
2016/01/19,581.0,594.0,581.0,592.5,101000,592.5,2.0
2016/01/20,592.0,594.0,553.0,554.5,117800,554.5,2.0
2016/01/21,556.5,570.0,535.5,537.0,118600,537,2.0
2016/01/22,558.5,585.0,552.5,584.5,145100,584.5,2.0
2016/01/25,593.5,599.5,587.0,597.5,89100,597.5,2.0
2016/01/26,587.0,592.0,582.0,582.5,46400,582.5,2.0
2016/01/27,590.0,596.0,586.5,592.5,94900,592.5,2.0
2016/01/28,590.5,594.0,584.5,588.5,130800,588.5,2.0
2016/01/29,588.5,592.5,572.0,584.5,130700,584.5,2.0
2016/02/01,592.5,653.5,592.5,633.0,314100,633,2.0
2016/02/02,632.5,637.5,624.5,629.0,110100,629,2.0
2016/02/03,615.0,615.0,598.5,603.5,73600,603.5,2.0
2016/02/04,603.5,605.5,587.0,587.0,69100,587,2.0
2016/02/05,580.5,588.5,571.5,580.0,67700,580,2.0
2016/02/08,575.5,582.0,568.0,570.0,102300,570,2.0
2016/02/09,547.5,550.5,529.5,532.0,98800,532,2.0
2016/02/10,541.0,547.0,508.5,517.5,73900,517.5,2.0
2016/02/12,512.0,518.5,502.0,512.0,164400,512,2.0
2016/02/15,536.5,550.5,522.0,537.5,83000,537.5,2.0
2016/02/16,536.5,557.5,535.0,549.0,193200,549,2.0
2016/02/17,549.5,555.0,545.5,555.0,114100,555,2.0
2016/02/18,557.5,571.0,552.5,567.5,217400,567.5,2.0
2016/02/19,566.0,573.0,558.5,573.0,76600,573,2.0
2016/02/22,569.5,606.0,569.5,603.5,155000,603.5,2.0
2016/02/23,603.5,604.5,583.0,589.5,78900,589.5,2.0
2016/02/24,580.5,614.5,580.5,599.5,125800,599.5,2.0
2016/02/25,613.5,648.5,612.0,638.5,204500,638.5,2.0
2016/02/26,632.0,635.0,596.0,599.0,108700,599,2.0
2016/02/29,605.0,631.0,605.0,610.0,107000,610,2.0
2016/03/01,614.5,622.5,608.0,612.5,42100,612.5,2.0
2016/03/02,628.5,644.0,628.5,636.0,59900,636,2.0
2016/03/03,636.0,643.0,623.5,630.0,37300,630,2.0
2016/03/04,627.0,633.0,624.0,630.5,25300,630.5,2.0
2016/03/07,619.0,620.5,591.5,595.0,118300,595,2.0
2016/03/08,591.5,598.0,569.5,592.0,83900,592,2.0
2016/03/09,601.0,609.0,581.5,588.0,74800,588,2.0
2016/03/10,591.5,604.0,591.5,602.0,60700,602,2.0
2016/03/11,600.0,610.5,597.0,607.5,52600,607.5,2.0
2016/03/14,610.0,620.5,607.0,616.5,40200,616.5,2.0
2016/03/15,609.0,617.5,605.5,607.0,35600,607,2.0
2016/03/16,604.0,607.0,584.0,597.0,76600,597,2.0
2016/03/17,603.0,617.5,602.5,607.5,32100,607.5,2.0
2016/03/18,606.5,610.5,597.5,601.5,34700,601.5,2.0
2016/03/22,601.5,613.5,599.5,613.5,57900,613.5,2.0
2016/03/23,616.5,623.0,615.0,617.5,49200,617.5,2.0
2016/03/24,617.5,673.5,613.5,667.0,140400,667,2.0
2016/03/25,670.0,690.0,638.5,651.5,191900,651.5,2.0
2016/03/28,654.0,664.5,624.0,637.5,134900,637.5,2.0
2016/03/29,637.5,653.5,623.0,651.0,104700,651,2.0
2016/03/30,651.5,669.5,646.5,648.0,88900,648,2.0
2016/03/31,649.5,654.0,624.5,635.0,158300,635,2.0
2016/04/01,637.0,645.0,626.5,637.0,150800,637,2.0
2016/04/04,630.0,641.5,617.0,634.5,92700,634.5,2.0
2016/04/05,631.5,636.0,606.5,609.0,75000,609,2.0
2016/04/06,608.5,619.0,602.0,610.0,85600,610,2.0
2016/04/07,610.0,628.5,610.0,624.5,76700,624.5,2.0
2016/04/08,621.5,644.0,619.5,637.0,107300,637,2.0
2016/04/11,644.0,667.0,633.5,665.5,77700,665.5,2.0
2016/04/12,670.5,676.0,649.0,657.0,67900,657,2.0
2016/04/13,664.5,664.5,643.0,650.0,30300,650,2.0
2016/04/14,659.5,671.5,653.5,671.5,46800,671.5,2.0
2016/04/15,670.0,679.0,667.5,669.0,47800,669,2.0
2016/04/18,656.5,682.5,652.0,678.5,58200,678.5,2.0
2016/04/19,652.5,661.0,636.5,652.0,238900,652,2.0
2016/04/20,653.5,669.0,649.5,654.5,188600,654.5,2.0
2016/04/21,655.0,659.0,650.5,655.0,162400,655,2.0
2016/04/22,655.0,673.5,655.0,667.5,114400,667.5,2.0
2016/04/25,660.0,662.0,647.0,649.5,257200,649.5,2.0
2016/04/26,640.5,640.5,606.5,608.0,826700,608,2.0
2016/04/27,598.0,625.0,596.0,624.5,303500,624.5,2.0
2016/04/28,625.0,627.0,609.5,625.0,177800,625,2.0
2016/05/02,615.5,636.5,609.0,631.0,231200,631,2.0
2016/05/06,626.5,642.5,625.5,636.0,153900,636,2.0
2016/05/09,637.5,640.5,626.5,637.0,101700,637,2.0
2016/05/10,636.0,643.5,632.0,635.5,105100,635.5,2.0
2016/05/11,638.5,638.5,618.5,629.5,145900,629.5,2.0
2016/05/12,625.0,626.5,609.5,619.0,132600,619,2.0
2016/05/13,613.0,629.0,610.0,627.5,79700,627.5,2.0
2016/05/16,642.0,644.5,631.0,635.0,246500,635,2.0
2016/05/17,642.0,677.5,640.5,675.5,386000,675.5,2.0
2016/05/18,667.5,676.5,649.5,653.0,152600,653,2.0
2016/05/19,666.0,708.0,663.5,697.0,359600,697,2.0
2016/05/20,712.0,727.5,700.5,718.0,338100,718,2.0
2016/05/23,734.0,744.5,713.5,733.0,195600,733,2.0
2016/05/24,734.0,755.0,728.0,737.5,229900,737.5,2.0
2016/05/25,749.5,763.5,736.5,754.0,174500,754,2.0
2016/05/26,760.0,761.0,730.0,738.0,159900,738,2.0
2016/05/27,750.5,762.5,739.0,747.5,168200,747.5,2.0
2016/05/30,753.5,760.0,750.5,753.5,93200,753.5,2.0
2016/05/31,750.0,750.0,720.0,725.0,193400,725,2.0
2016/06/01,725.0,758.5,723.0,735.5,197800,735.5,2.0
2016/06/02,744.5,753.5,732.0,749.0,130000,749,2.0
2016/06/03,756.5,772.5,733.0,739.5,134400,739.5,2.0
2016/06/06,749.0,770.5,741.5,759.5,138400,759.5,2.0
2016/06/07,773.5,783.5,765.5,781.5,136100,781.5,2.0
2016/06/08,793.0,800.0,771.5,799.5,111500,799.5,2.0
2016/06/09,818.5,825.0,788.5,793.5,213100,793.5,2.0
2016/06/10,788.0,794.0,779.5,785.5,240000,785.5,2.0
2016/06/13,787.5,793.0,772.5,783.5,152700,783.5,2.0
2016/06/14,784.5,793.5,766.5,782.0,115300,782,2.0
2016/06/15,779.5,803.5,777.0,795.0,143300,795,2.0
2016/06/16,800.0,803.5,754.5,754.5,79500,754.5,2.0
2016/06/17,766.0,782.5,758.0,761.5,73200,761.5,2.0
2016/06/20,770.5,778.5,767.5,771.0,38200,771,2.0
2016/06/21,773.5,791.0,762.5,786.0,69500,786,2.0
2016/06/22,781.5,785.5,727.0,748.0,127600,748,2.0
2016/06/23,748.0,748.0,723.0,733.5,51400,733.5,2.0
2016/06/24,753.5,753.5,683.0,706.0,107000,706,2.0
2016/06/27,709.0,740.0,707.0,732.5,68100,732.5,2.0
2016/06/28,727.5,733.0,710.0,723.5,89700,723.5,2.0
2016/06/29,732.5,773.5,729.0,763.0,155700,763,2.0
2016/06/30,766.5,766.5,744.5,760.5,91800,760.5,2.0
2016/07/01,762.5,792.0,757.5,788.5,84600,788.5,2.0
2016/07/04,792.5,795.5,764.0,767.0,93000,767,2.0
2016/07/05,766.0,778.5,750.0,777.0,70900,777,2.0
2016/07/06,757.0,777.5,752.5,775.0,68400,775,2.0
2016/07/07,776.5,777.5,764.0,772.0,71200,772,2.0
2016/07/08,780.0,787.5,764.0,764.5,70800,764.5,2.0
2016/07/11,781.5,808.5,781.5,798.0,81500,798,2.0
2016/07/12,810.0,812.0,785.0,786.0,113100,786,2.0
2016/07/13,802.5,810.0,782.0,790.0,74900,790,2.0
2016/07/14,785.0,813.5,782.5,804.5,78200,804.5,2.0
2016/07/15,814.0,819.0,765.5,778.0,84100,778,2.0
2016/07/19,778.0,802.0,752.0,800.5,100900,800.5,2.0
2016/07/20,800.0,816.0,795.5,815.0,69800,815,2.0
2016/07/21,820.0,824.0,776.5,786.0,55800,786,2.0
2016/07/22,785.0,798.0,772.0,797.0,81500,797,2.0
2016/07/25,804.0,804.0,794.0,799.0,69500,799,2.0
2016/07/26,800.0,813.0,800.0,807.0,46000,807,2.0
2016/07/27,810.5,813.5,768.0,774.0,90600,774,2.0
2016/07/28,769.5,785.5,756.0,768.5,49600,768.5,2.0
2016/07/29,755.5,775.0,752.0,774.0,46700,774,2.0
2016/08/01,806.5,860.0,805.5,846.0,272100,846,2.0
2016/08/02,866.0,867.0,840.5,842.5,227000,842.5,2.0
2016/08/03,842.5,857.5,825.5,829.5,138800,829.5,2.0
2016/08/04,819.5,819.5,770.0,780.0,157600,780,2.0
2016/08/05,760.0,760.5,702.0,726.0,213800,726,2.0
2016/08/08,735.0,735.0,716.5,722.5,113500,722.5,2.0
2016/08/09,720.0,756.0,713.5,753.0,173600,753,2.0
2016/08/10,755.0,769.0,747.0,762.5,112800,762.5,2.0
2016/08/12,765.0,766.5,750.0,756.0,113100,756,2.0
2016/08/15,753.0,760.0,739.0,749.5,71800,749.5,2.0
2016/08/16,749.5,749.5,727.0,728.0,85000,728,2.0
2016/08/17,728.0,732.0,711.5,718.5,89500,718.5,2.0
2016/08/18,718.0,731.0,709.5,714.5,104800,714.5,2.0
2016/08/19,723.5,737.0,711.5,723.0,155800,723,2.0
2016/08/22,738.0,757.0,738.0,752.5,116100,752.5,2.0
2016/08/23,766.5,794.0,755.0,764.0,138900,764,2.0
2016/08/24,780.0,789.5,770.0,776.5,57800,776.5,2.0
2016/08/25,779.0,791.5,776.0,788.5,67600,788.5,2.0
2016/08/26,794.5,805.5,789.5,795.0,97800,795,2.0
2016/08/29,800.5,808.5,769.0,772.5,88500,772.5,2.0
2016/08/30,800.0,816.0,770.0,772.5,183100,772.5,2.0
2016/08/31,773.0,773.0,742.5,764.5,108700,764.5,2.0
2016/09/01,750.0,758.5,735.0,740.0,133200,740,2.0
2016/09/02,741.5,769.0,741.5,764.5,77000,764.5,2.0
2016/09/05,766.0,769.5,752.0,761.5,56800,761.5,2.0
2016/09/06,765.0,789.5,763.5,787.0,89400,787,2.0
2016/09/07,789.0,804.0,782.5,801.5,95200,801.5,2.0
2016/09/08,806.0,814.0,788.5,811.0,112800,811,2.0
2016/09/09,812.0,814.0,796.0,803.5,76800,803.5,2.0
2016/09/12,789.5,797.0,774.5,779.0,43400,779,2.0
2016/09/13,783.5,809.0,783.5,806.5,80200,806.5,2.0
2016/09/14,806.5,810.0,789.5,800.5,67900,800.5,2.0
2016/09/15,789.0,792.0,781.0,788.0,52800,788,2.0
2016/09/16,779.0,781.0,759.5,771.0,446600,771,2.0
2016/09/20,779.0,789.5,770.0,780.0,82300,780,2.0
2016/09/21,778.0,799.0,775.5,799.0,65300,799,2.0
2016/09/23,809.0,817.5,802.0,811.0,110500,811,2.0
2016/09/26,812.0,815.0,765.5,770.5,156800,770.5,2.0
2016/09/27,770.5,810.5,770.5,810.5,200300,810.5,2.0
2016/09/28,830,835,814,833,105000,833,1
2016/09/29,848,849,807,816,179100,816,1
2016/09/30,809,843,802,821,137000,821,1
2016/10/03,833,833,818,825,89000,825,1
2016/10/04,825,825,810,825,128300,825,1
2016/10/05,825,827,811,815,90700,815,1
2016/10/06,816,816,786,800,125600,800,1
2016/10/07,793,799,788,794,64400,794,1
2016/10/11,784,789,769,785,147400,785,1
2016/10/12,785,794,772,792,204600,792,1
2016/10/13,792,798,769,785,140500,785,1
2016/10/14,782,786,767,780,115700,780,1
2016/10/17,783,793,783,792,122600,792,1
2016/10/18,799,827,798,817,221400,817,1
2016/10/19,820,837,815,821,116800,821,1
2016/10/20,822,827,814,820,115400,820,1
2016/10/21,820,820,779,784,187000,784,1
2016/10/24,788,794,775,790,133600,790,1
2016/10/25,803,809,790,807,214100,807,1
2016/10/26,800,804,780,793,240200,793,1
2016/10/27,811,812,778,792,239800,792,1
2016/10/28,795,812,787,811,452000,811,1
2016/10/31,802,804,786,791,182900,791,1
2016/11/01,789,789,762,768,327400,768,1
2016/11/02,751,752,729,737,368700,737,1
2016/11/04,736,742,719,728,276200,728,1
2016/11/07,752,775,746,762,289500,762,1
2016/11/08,763,772,750,762,162000,762,1
2016/11/09,769,769,721,736,321700,736,1
2016/11/10,773,777,753,761,173400,761,1
2016/11/11,773,773,741,743,238600,743,1
2016/11/14,752,775,749,753,329900,753,1
2016/11/15,760,760,736,754,268400,754,1
2016/11/16,754,786,754,778,250200,778,1
2016/11/17,782,809,782,805,300000,805,1
2016/11/18,815,822,802,808,280300,808,1
2016/11/21,813,819,806,818,139400,818,1
2016/11/22,820,824,812,818,127300,818,1
2016/11/24,818,819,793,801,245000,801,1
2016/11/25,809,814,793,812,234500,812,1
2016/11/28,815,854,814,853,272800,853,1
2016/11/29,845,845,821,828,279100,828,1
2016/11/30,829,830,806,808,1126600,808,1
2016/12/01,813,817,804,810,349300,810,1
2016/12/02,806,806,779,784,308100,784,1
2016/12/05,775,779,760,768,291300,768,1
2016/12/06,777,779,754,757,200000,757,1
2016/12/07,761,761,741,756,213000,756,1
2016/12/08,765,767,738,740,215900,740,1
2016/12/09,730,733,711,720,373200,720,1
2016/12/12,727,737,709,737,275700,737,1
2016/12/13,742,773,734,768,307100,768,1
2016/12/14,768,768,744,752,197300,752,1
2016/12/15,748,748,732,738,214300,738,1
2016/12/16,740,741,725,732,214800,732,1
2016/12/19,731,738,724,732,186400,732,1
2016/12/20,731,748,726,746,207100,746,1
2016/12/21,747,748,735,738,235200,738,1
2016/12/22,750,755,738,753,252900,753,1
2016/12/26,759,760,742,747,259400,747,1
2016/12/27,748,775,748,766,201300,766,1
2016/12/28,775,790,775,786,267100,786,1
2016/12/29,797,812,791,807,355900,807,1
2016/12/30,810,830,808,827,295900,827,1
2017/01/04,830,835,820,825,231100,825,1
2017/01/05,835,844,829,834,213400,834,1
2017/01/06,811,830,792,825,395900,825,1
2017/01/10,802,832,802,822,277600,822,1
2017/01/11,826,836,819,821,195100,821,1
2017/01/12,819,828,804,807,139100,807,1
2017/01/13,803,825,803,821,155500,821,1
2017/01/16,819,822,806,811,101600,811,1
2017/01/17,811,817,802,811,112000,811,1
2017/01/18,810,819,792,802,149000,802,1
2017/01/19,812,812,799,802,75300,802,1
2017/01/20,804,807,800,804,47400,804,1
2017/01/23,801,805,795,798,81100,798,1
2017/01/24,803,814,801,813,113700,813,1
2017/01/25,825,828,811,819,222500,819,1
2017/01/26,829,830,815,829,150600,829,1
2017/01/27,824,841,824,832,152500,832,1
2017/01/30,818,825,805,821,154100,821,1
2017/01/31,815,825,807,824,146500,824,1
2017/02/01,816,824,806,824,99600,824,1
2017/02/02,826,830,815,818,99900,818,1
2017/02/03,816,828,812,819,112000,819,1
2017/02/06,820,827,809,819,69700,819,1
2017/02/07,817,819,804,805,77300,805,1
2017/02/08,806,818,799,811,107600,811,1
2017/02/09,807,819,807,818,87600,818,1
2017/02/10,825,834,825,828,88500,828,1
2017/02/13,836,837,826,830,53000,830,1
2017/02/14,831,843,827,829,72100,829,1
2017/02/15,832,837,819,823,89400,823,1
2017/02/16,828,835,821,830,121800,830,1
2017/02/17,839,881,837,871,320700,871,1
2017/02/20,899,917,882,890,278200,890,1
2017/02/21,893,914,892,911,218300,911,1
2017/02/22,913,918,905,913,203500,913,1
2017/02/23,916,921,908,919,138500,919,1
2017/02/24,915,919,904,913,128200,913,1
2017/02/27,913,919,906,909,123900,909,1
2017/02/28,913,933,910,925,191600,925,1
2017/03/01,919,937,903,928,198200,928,1
2017/03/02,931,941,931,937,87100,937,1
2017/03/03,943,943,928,933,77600,933,1
2017/03/06,941,951,932,939,135300,939,1
2017/03/07,940,942,924,934,154000,934,1
2017/03/08,937,954,934,948,208000,948,1
2017/03/09,953,967,946,964,273300,964,1
2017/03/10,975,984,957,965,247300,965,1
2017/03/13,965,984,962,968,167000,968,1
2017/03/14,968,974,957,971,166700,971,1
2017/03/15,968,981,963,967,147500,967,1
2017/03/16,960,971,955,966,162800,966,1
2017/03/17,960,971,957,963,154400,963,1
2017/03/21,962,987,957,984,156600,984,1
2017/03/22,978,999,975,975,183500,975,1
2017/03/23,976,979,959,971,213400,971,1
2017/03/24,968,992,965,973,147200,973,1
2017/03/27,973,982,973,978,162100,978,1
2017/03/28,980,989,973,987,209900,987,1
2017/03/29,994,1041,990,1022,286000,1022,1
2017/03/30,1032,1037,997,1002,181900,1002,1
2017/03/31,1004,1017,986,1003,259500,1003,1
2017/04/03,1011,1021,1006,1006,191800,1006,1
2017/04/04,1010,1022,991,998,177200,998,1
2017/04/05,1005,1025,999,1004,228600,1004,1
2017/04/06,1001,1011,955,967,291400,967,1
2017/04/07,978,987,965,982,224600,982,1
2017/04/10,984,1001,979,998,278300,998,1
2017/04/11,1002,1008,974,976,187800,976,1
2017/04/12,974,984,960,963,181700,963,1
2017/04/13,951,956,933,945,243200,945,1
2017/04/14,939,955,931,933,288300,933,1
2017/04/17,930,956,930,950,252600,950,1
2017/04/18,962,970,952,956,159100,956,1
2017/04/19,956,984,956,962,192800,962,1
2017/04/20,971,983,959,962,315200,962,1
2017/04/21,965,980,951,970,189500,970,1
2017/04/24,985,998,970,984,243900,984,1
2017/04/25,993,998,971,979,282500,979,1
2017/04/26,982,989,970,976,294100,976,1
2017/04/27,976,1013,976,994,1014700,994,1
2017/04/28,1004,1020,998,1001,445100,1001,1
2017/05/01,1000,1008,998,1001,212400,1001,1
2017/05/02,1006,1014,996,998,248700,998,1
2017/05/08,1013,1044,1009,1042,269300,1042,1
2017/05/09,1049,1081,1046,1063,380800,1063,1
2017/05/10,1061,1076,1055,1076,240500,1076,1
2017/05/11,1079,1083,1076,1083,155100,1083,1
2017/05/12,1082,1097,1082,1089,193600,1089,1
2017/05/15,1057,1095,1057,1084,442000,1084,1
2017/05/16,1103,1116,1096,1107,259600,1107,1
2017/05/17,1114,1119,1103,1113,251500,1113,1
2017/05/18,1108,1129,1108,1125,533600,1125,1
2017/05/19,1130,1139,1112,1114,465200,1114,1
2017/05/22,1125,1152,1115,1133,422200,1133,1
2017/05/23,1150,1162,1136,1147,435300,1147,1
2017/05/24,1154,1171,1140,1168,298600,1168,1
2017/05/25,1184,1189,1165,1171,307500,1171,1
2017/05/26,1174,1177,1134,1135,268800,1135,1
2017/05/29,1136,1152,1127,1145,247600,1145,1
2017/05/30,1148,1149,1131,1146,234300,1146,1
2017/05/31,1142,1161,1142,1146,183000,1146,1
2017/06/01,1140,1160,1140,1154,182800,1154,1
2017/06/02,1163,1165,1130,1133,462700,1133,1
2017/06/05,1129,1159,1129,1154,198800,1154,1
2017/06/06,1158,1165,1143,1148,307600,1148,1
2017/06/07,1146,1159,1141,1149,252600,1149,1
2017/06/08,1152,1158,1142,1150,183700,1150,1
2017/06/09,1158,1164,1132,1135,217400,1135,1
2017/06/12,1136,1141,1122,1132,243300,1132,1
2017/06/13,1129,1134,1110,1111,238600,1111,1
2017/06/14,1120,1125,1108,1108,200300,1108,1
2017/06/15,1112,1136,1105,1129,270300,1129,1
2017/06/16,1136,1142,1115,1119,182600,1119,1
2017/06/19,1239,1239,1169,1169,373600,1169,1
2017/06/20,1179,1231,1175,1227,446100,1227,1
2017/06/21,1221,1264,1219,1240,467400,1240,1
2017/06/22,1245,1255,1238,1240,379500,1240,1
2017/06/23,1241,1255,1223,1235,316700,1235,1
2017/06/26,1237,1266,1237,1249,350700,1249,1
2017/06/27,1250,1253,1227,1234,327800,1234,1
2017/06/28,1240,1252,1219,1221,468600,1221,1
2017/06/29,1224,1237,1211,1215,425800,1215,1
2017/06/30,1225,1228,1204,1214,428800,1214,1
2017/07/03,1220,1232,1219,1230,375000,1230,1
2017/07/04,1227,1227,1147,1151,390100,1151,1
2017/07/05,1156,1168,1147,1166,292400,1166,1
2017/07/06,1159,1185,1159,1175,239300,1175,1
2017/07/07,1181,1184,1167,1171,232700,1171,1
2017/07/10,1181,1189,1166,1181,231200,1181,1
2017/07/11,1187,1202,1182,1202,189900,1202,1
2017/07/12,1203,1212,1186,1197,223700,1197,1
2017/07/13,1203,1212,1198,1209,147100,1209,1
2017/07/14,1209,1214,1190,1199,189000,1199,1
2017/07/18,1201,1206,1195,1206,157400,1206,1
2017/07/19,1208,1233,1207,1232,200700,1232,1
2017/07/20,1232,1234,1213,1218,149400,1218,1
2017/07/21,1217,1218,1199,1204,112700,1204,1
2017/07/24,1205,1228,1205,1227,168900,1227,1
2017/07/25,1235,1252,1235,1249,194500,1249,1
2017/07/26,1252,1252,1200,1201,227600,1201,1
2017/07/27,1208,1239,1208,1231,219900,1231,1
2017/07/28,1234,1237,1215,1224,269600,1224,1
2017/07/31,1206,1220,1201,1208,317100,1208,1
2017/08/01,1220,1220,1145,1147,395400,1147,1
2017/08/02,1151,1157,1132,1139,317800,1139,1
2017/08/03,1168,1191,1143,1191,434000,1191,1
2017/08/04,1189,1210,1188,1206,431500,1206,1
2017/08/07,1213,1261,1211,1259,409800,1259,1
2017/08/08,1275,1287,1261,1282,515200,1282,1
2017/08/09,1289,1301,1280,1286,444700,1286,1
2017/08/10,1286,1317,1286,1299,505200,1299,1
2017/08/14,1295,1300,1268,1270,238400,1270,1
2017/08/15,1287,1293,1272,1275,180900,1275,1
2017/08/16,1275,1296,1273,1291,270600,1291,1
2017/08/17,1298,1298,1239,1241,265500,1241,1
2017/08/18,1232,1256,1232,1241,191600,1241,1
2017/08/21,1250,1274,1242,1247,224900,1247,1
2017/08/22,1249,1250,1210,1216,261800,1216,1
2017/08/23,1232,1232,1212,1217,159100,1217,1
2017/08/24,1221,1225,1207,1215,198400,1215,1
2017/08/25,1224,1224,1205,1212,128800,1212,1
2017/08/28,1204,1208,1185,1192,263800,1192,1
2017/08/29,1192,1193,1168,1187,185900,1187,1
2017/08/30,1191,1202,1181,1199,240100,1199,1
2017/08/31,1200,1209,1173,1180,192700,1180,1
2017/09/01,1181,1184,1161,1179,265900,1179,1
2017/09/04,1176,1179,1143,1156,259600,1156,1
2017/09/05,1159,1162,1099,1110,494000,1110,1
2017/09/06,1096,1117,1068,1110,407500,1110,1
2017/09/07,1120,1135,1114,1123,325800,1123,1
2017/09/08,1126,1161,1126,1161,319800,1161,1
2017/09/11,1167,1189,1167,1188,262900,1188,1
2017/09/12,1198,1198,1164,1172,336100,1172,1
2017/09/13,1168,1169,1146,1156,238400,1156,1
2017/09/14,1150,1171,1141,1150,230900,1150,1
2017/09/15,1150,1151,1116,1133,305300,1133,1
2017/09/19,1134,1138,1123,1136,222700,1136,1
2017/09/20,1133,1139,1124,1129,197900,1129,1
2017/09/21,1130,1148,1130,1137,234700,1137,1
2017/09/22,1131,1132,1104,1119,215100,1119,1
2017/09/25,1120,1132,1114,1123,105900,1123,1
2017/09/26,1118,1119,1100,1108,259200,1108,1
2017/09/27,1112,1116,1097,1113,98600,1113,1
2017/09/28,1118,1157,1115,1153,334400,1153,1
2017/09/29,1153,1153,1119,1123,292900,1123,1
2017/10/02,1129,1134,1105,1110,148500,1110,1
2017/10/03,1114,1124,1107,1111,193700,1111,1
2017/10/04,1111,1120,1093,1104,232900,1104,1
2017/10/05,1098,1098,1082,1093,257300,1093,1
2017/10/06,1093,1098,1087,1095,148500,1095,1
2017/10/10,1094,1122,1093,1121,220400,1121,1
2017/10/11,1130,1134,1111,1113,186900,1113,1
2017/10/12,1113,1132,1107,1129,274100,1129,1
2017/10/13,1135,1157,1132,1151,292700,1151,1
2017/10/16,1152,1159,1133,1146,321500,1146,1
2017/10/17,1149,1155,1130,1142,155600,1142,1
2017/10/18,1138,1149,1124,1133,133500,1133,1
2017/10/19,1132,1137,1121,1123,138100,1123,1
2017/10/20,1123,1156,1123,1135,239200,1135,1
2017/10/23,1153,1163,1145,1153,215000,1153,1
2017/10/24,1153,1161,1151,1159,106400,1159,1
2017/10/25,1167,1179,1153,1154,302700,1154,1
2017/10/26,1163,1193,1159,1179,289600,1179,1
2017/10/27,1190,1224,1188,1214,404700,1214,1
2017/10/30,1200,1217,1090,1150,1667700,1150,1
2017/10/31,1155,1233,1155,1223,719200,1223,1
2017/11/01,1239,1267,1235,1257,647400,1257,1
2017/11/02,1272,1290,1265,1284,472800,1284,1
2017/11/06,1284,1307,1275,1283,490600,1283,1
2017/11/07,1281,1292,1267,1292,281800,1292,1
2017/11/08,1296,1318,1296,1317,228600,1317,1
2017/11/09,1335,1342,1313,1326,436300,1326,1
2017/11/10,1315,1327,1294,1304,280200,1304,1
2017/11/13,1280,1298,1262,1264,319600,1264,1
2017/11/14,1266,1270,1254,1260,135600,1260,1
2017/11/15,1246,1251,1215,1228,252000,1228,1
2017/11/16,1221,1290,1217,1283,319600,1283,1
2017/11/17,1310,1321,1300,1311,339300,1311,1
2017/11/20,1294,1328,1282,1326,199700,1326,1
2017/11/21,1330,1352,1316,1346,272300,1346,1
2017/11/22,1356,1357,1331,1342,273300,1342,1
2017/11/24,1359,1378,1346,1373,276800,1373,1
2017/11/27,1403,1405,1378,1399,215900,1399,1
2017/11/28,1400,1411,1390,1406,255400,1406,1
2017/11/29,1406,1415,1377,1397,329200,1397,1
2017/11/30,1397,1413,1371,1412,289800,1412,1
2017/12/01,1419,1425,1396,1412,140200,1412,1
2017/12/04,1425,1444,1409,1411,213700,1411,1
2017/12/05,1391,1397,1369,1380,183000,1380,1
2017/12/06,1380,1405,1350,1356,264000,1356,1
2017/12/07,1354,1380,1341,1374,236500,1374,1
2017/12/08,1356,1375,1355,1372,316700,1372,1
2017/12/11,1375,1384,1365,1378,152800,1378,1
2017/12/12,1376,1384,1354,1356,164200,1356,1
2017/12/13,1380,1426,1376,1388,311400,1388,1
2017/12/14,1395,1406,1375,1388,219500,1388,1
2017/12/15,1386,1400,1370,1395,258000,1395,1
2017/12/18,1410,1430,1400,1405,214300,1405,1
2017/12/19,1405,1409,1375,1383,164600,1383,1
2017/12/20,1385,1393,1370,1384,92400,1384,1
2017/12/21,1378,1394,1375,1388,107500,1388,1
2017/12/22,1390,1404,1380,1395,121300,1395,1
2017/12/25,1395,1412,1388,1403,221600,1403,1
2017/12/26,1410,1436,1410,1415,238100,1415,1
2017/12/27,1411,1454,1411,1452,145300,1452,1
2017/12/28,1457,1467,1435,1439,357000,1439,1
2017/12/29,1449,1465,1424,1437,222200,1437,1
2018/01/04,1434,1434,1402,1411,279600,1411,1
2018/01/05,1429,1431,1388,1392,250200,1392,1
2018/01/09,1422,1446,1395,1403,334700,1403,1
2018/01/10,1403,1405,1352,1354,281000,1354,1
2018/01/11,1350,1366,1340,1361,223200,1361,1
2018/01/12,1355,1382,1355,1373,133600,1373,1
2018/01/15,1385,1412,1382,1408,213700,1408,1
2018/01/16,1410,1463,1410,1449,444400,1449,1
2018/01/17,1464,1478,1452,1462,309200,1462,1
2018/01/18,1477,1483,1405,1408,245700,1408,1
2018/01/19,1417,1438,1402,1407,313600,1407,1
2018/01/22,1423,1430,1392,1421,197400,1421,1
2018/01/23,1443,1466,1434,1435,226700,1435,1
2018/01/24,1435,1442,1406,1411,279200,1411,1
2018/01/25,1400,1409,1385,1393,165800,1393,1
2018/01/26,1395,1417,1378,1378,248200,1378,1
2018/01/29,1450,1493,1404,1461,860800,1461,1
2018/01/30,1457,1471,1410,1419,689800,1419,1
2018/01/31,1409,1459,1409,1428,374400,1428,1
2018/02/01,1440,1486,1435,1479,315900,1479,1
2018/02/02,1472,1510,1464,1508,371400,1508,1
2018/02/05,1487,1504,1441,1450,450300,1450,1
2018/02/06,1360,1370,1278,1286,447700,1286,1
2018/02/07,1436,1436,1326,1336,372900,1336,1
2018/02/08,1345,1388,1345,1379,339900,1379,1
2018/02/09,1300,1306,1230,1237,593900,1237,1
2018/02/13,1266,1375,1261,1290,629600,1290,1
2018/02/14,1307,1311,1238,1245,341000,1245,1
2018/02/15,1253,1290,1248,1265,227100,1265,1
2018/02/16,1275,1321,1270,1302,301100,1302,1
2018/02/19,1336,1381,1319,1381,352700,1381,1
2018/02/20,1362,1391,1315,1388,500300,1388,1
2018/02/21,1390,1421,1377,1421,306900,1421,1
2018/02/22,1405,1441,1400,1411,292600,1411,1
2018/02/23,1418,1418,1380,1405,200200,1405,1
2018/02/26,1423,1428,1402,1417,207600,1417,1
2018/02/27,1410,1413,1369,1376,188400,1376,1
2018/02/28,1365,1390,1355,1378,286900,1378,1
2018/03/01,1438,1438,1353,1361,461200,1361,1
2018/03/02,1309,1333,1306,1320,320900,1320,1
2018/03/05,1305,1317,1264,1271,210800,1271,1
2018/03/06,1291,1302,1275,1281,175200,1281,1
2018/03/07,1264,1283,1249,1258,147200,1258,1
2018/03/08,1264,1279,1257,1266,121000,1266,1
2018/03/09,1278,1286,1253,1264,171500,1264,1
2018/03/12,1280,1292,1267,1283,138600,1283,1
2018/03/13,1276,1288,1269,1288,193800,1288,1
2018/03/14,1274,1289,1268,1278,194600,1278,1
2018/03/15,1278,1302,1271,1293,170500,1293,1
2018/03/16,1315,1345,1311,1332,349200,1332,1
2018/03/19,1326,1374,1313,1368,514800,1368,1
2018/03/20,1358,1360,1290,1298,323000,1298,1
2018/03/22,1295,1310,1287,1293,142700,1293,1
2018/03/23,1254,1262,1220,1227,210200,1227,1
2018/03/26,1211,1215,1176,1214,248800,1214,1
2018/03/27,1239,1259,1229,1251,143100,1251,1
2018/03/28,1254,1275,1253,1263,419200,1263,1
2018/03/29,1278,1296,1267,1283,315700,1283,1
2018/03/30,1296,1305,1275,1288,204700,1288,1
2018/04/02,1316,1364,1297,1357,285500,1357,1
2018/04/03,1348,1381,1333,1373,247800,1373,1
2018/04/04,1400,1423,1377,1379,340500,1379,1
2018/04/05,1436,1439,1396,1420,286800,1420,1
2018/04/06,1429,1473,1426,1459,317400,1459,1
2018/04/09,1455,1461,1420,1439,617800,1439,1
2018/04/10,1451,1465,1433,1440,305000,1440,1
2018/04/11,1462,1462,1394,1398,304400,1398,1
2018/04/12,1416,1425,1387,1405,155100,1405,1
2018/04/13,1424,1424,1386,1393,212000,1393,1
2018/04/16,1399,1414,1390,1401,151500,1401,1
2018/04/17,1391,1398,1362,1363,173100,1363,1
2018/04/18,1350,1369,1341,1355,288700,1355,1
2018/04/19,1351,1359,1320,1325,262200,1325,1
2018/04/20,1325,1350,1315,1327,305800,1327,1
2018/04/23,1318,1319,1281,1291,383000,1291,1
2018/04/24,1293,1297,1276,1281,227000,1281,1
2018/04/25,1266,1279,1259,1264,199500,1264,1
2018/04/26,1265,1266,1241,1265,250700,1265,1
2018/04/27,1276,1290,1253,1261,159800,1261,1
2018/05/01,1261,1296,1249,1280,253800,1280,1
2018/05/02,1286,1301,1274,1280,176800,1280,1
2018/05/07,1285,1285,1265,1280,133900,1280,1
2018/05/08,1277,1284,1268,1279,111400,1279,1
2018/05/09,1284,1292,1269,1270,139900,1270,1
2018/05/10,1267,1279,1258,1269,191300,1269,1
2018/05/11,1286,1304,1274,1292,276700,1292,1
2018/05/14,1412,1535,1412,1465,1043700,1465,1
2018/05/15,1465,1533,1455,1509,567700,1509,1
2018/05/16,1503,1543,1497,1503,451800,1503,1
2018/05/17,1506,1517,1495,1503,241800,1503,1
2018/05/18,1510,1526,1473,1486,294800,1486,1
2018/05/21,1469,1518,1461,1509,308300,1509,1
2018/05/22,1505,1553,1486,1547,377500,1547,1
2018/05/23,1553,1594,1550,1588,397000,1588,1
2018/05/24,1602,1616,1584,1610,334300,1610,1
2018/05/25,1606,1613,1570,1586,279900,1586,1
2018/05/28,1591,1615,1577,1612,217100,1612,1
2018/05/29,1620,1634,1593,1608,263900,1608,1
2018/05/30,1602,1622,1589,1594,226000,1594,1
2018/05/31,1602,1606,1583,1591,182600,1591,1
2018/06/01,1573,1598,1560,1593,170900,1593,1
2018/06/04,1617,1639,1602,1616,219000,1616,1
2018/06/05,1620,1626,1607,1626,141500,1626,1
2018/06/06,1596,1597,1559,1566,192700,1566,1
2018/06/07,1566,1578,1549,1550,207100,1550,1
2018/06/08,1544,1593,1544,1577,232900,1577,1
2018/06/11,1584,1616,1574,1590,159300,1590,1
2018/06/12,1595,1635,1593,1631,125600,1631,1
2018/06/13,1640,1670,1636,1667,108300,1667,1
2018/06/14,1670,1678,1623,1627,244400,1627,1
2018/06/15,1646,1667,1624,1626,172300,1626,1
2018/06/18,1620,1628,1593,1597,120300,1597,1
2018/06/19,1590,1600,1530,1532,186000,1532,1
2018/06/20,1544,1552,1499,1538,135300,1538,1
2018/06/21,1514,1549,1514,1535,126200,1535,1
2018/06/22,1526,1540,1519,1532,202300,1532,1
2018/06/25,1521,1527,1489,1494,186500,1494,1
2018/06/26,1464,1489,1446,1475,191600,1475,1
2018/06/27,1489,1524,1482,1511,165600,1511,1
2018/06/28,1505,1523,1491,1513,159100,1513,1
2018/06/29,1513,1527,1481,1487,208800,1487,1
2018/07/02,1483,1483,1411,1414,248600,1414,1
2018/07/03,1423,1447,1400,1407,100500,1407,1
2018/07/04,1387,1421,1379,1411,121000,1411,1
2018/07/05,1400,1410,1357,1366,167400,1366,1
2018/07/06,1371,1414,1358,1406,149800,1406,1
2018/07/09,1412,1436,1407,1421,155800,1421,1
2018/07/10,1430,1440,1415,1420,243400,1420,1
2018/07/11,1391,1404,1374,1379,119500,1379,1
2018/07/12,1366,1404,1349,1385,117200,1385,1
2018/07/13,1397,1447,1393,1443,146700,1443,1
2018/07/17,1443,1501,1440,1498,240500,1498,1
2018/07/18,1509,1549,1494,1502,315900,1502,1
2018/07/19,1492,1497,1458,1463,150000,1463,1
2018/07/20,1456,1502,1446,1495,140500,1495,1
2018/07/23,1501,1519,1484,1492,150900,1492,1
2018/07/24,1522,1522,1480,1512,124100,1512,1
2018/07/25,1521,1521,1488,1498,191200,1498,1
2018/07/26,1522,1541,1514,1524,184200,1524,1
2018/07/27,1524,1547,1518,1547,193100,1547,1
2018/07/30,1507,1507,1286,1291,911700,1291,1
2018/07/31,1296,1326,1251,1301,531400,1301,1
2018/08/01,1305,1344,1305,1334,400700,1334,1
2018/08/02,1338,1385,1338,1376,306300,1376,1
2018/08/03,1382,1405,1344,1350,242800,1350,1
2018/08/06,1332,1342,1289,1295,149700,1295,1
2018/08/07,1286,1295,1256,1260,179400,1260,1
2018/08/08,1261,1300,1261,1279,174900,1279,1
2018/08/09,1279,1291,1263,1282,109400,1282,1
2018/08/10,1274,1277,1229,1240,185200,1240,1
2018/08/13,1225,1231,1185,1186,228200,1186,1
2018/08/14,1209,1231,1198,1229,144000,1229,1
