2007/01/04,980.0,982.0,980.0,980.0,6,980,100.0
2007/01/05,980.0,980.0,950.0,980.0,27,980,100.0
2007/01/09,980.0,990.0,980.0,990.0,10,990,100.0
2007/01/11,959.0,990.0,959.0,990.0,3,990,100.0
2007/01/15,970.0,970.0,970.0,970.0,5,970,100.0
2007/01/16,968.0,968.0,954.0,955.0,21,955,100.0
2007/01/17,971.0,988.0,970.0,986.0,15,986,100.0
2007/01/18,990.0,1010.0,990.0,1010.0,28,1010,100.0
2007/01/19,1020.0,1020.0,999.0,1010.0,13,1010,100.0
2007/01/22,1010.0,1040.0,1010.0,1040.0,13,1040,100.0
2007/01/23,1050.0,1220.0,1050.0,1150.0,351,1150,100.0
2007/01/24,1150.0,1160.0,1080.0,1120.0,89,1120,100.0
2007/01/25,1100.0,1100.0,1030.0,1060.0,34,1060,100.0
2007/01/26,1040.0,1060.0,1010.0,1060.0,25,1060,100.0
2007/01/29,1070.0,1110.0,1050.0,1110.0,20,1110,100.0
2007/01/30,1120.0,1150.0,1060.0,1100.0,47,1100,100.0
2007/01/31,1100.0,1100.0,1040.0,1040.0,19,1040,100.0
2007/02/01,1070.0,1100.0,1050.0,1100.0,7,1100,100.0
2007/02/02,1050.0,1060.0,1050.0,1050.0,5,1050,100.0
2007/02/05,1050.0,1070.0,1030.0,1070.0,8,1070,100.0
2007/02/06,1080.0,1100.0,1080.0,1080.0,25,1080,100.0
2007/02/07,1090.0,1100.0,1070.0,1100.0,7,1100,100.0
2007/02/08,1100.0,1100.0,1100.0,1100.0,1,1100,100.0
2007/02/09,1070.0,1070.0,1060.0,1060.0,7,1060,100.0
2007/02/14,1050.0,1070.0,1040.0,1070.0,22,1070,100.0
2007/02/15,1080.0,1080.0,1070.0,1070.0,14,1070,100.0
2007/02/16,1070.0,1070.0,1060.0,1070.0,18,1070,100.0
2007/02/19,1060.0,1070.0,999.0,1050.0,76,1050,100.0
2007/02/20,1010.0,1010.0,996.0,1010.0,8,1010,100.0
2007/02/21,1020.0,1020.0,990.0,997.0,45,997,100.0
2007/02/22,1010.0,1010.0,993.0,995.0,11,995,100.0
2007/02/23,999.0,1030.0,999.0,1010.0,58,1010,100.0
2007/02/26,1000.0,1010.0,1000.0,1010.0,2,1010,100.0
2007/02/27,1000.0,1000.0,1000.0,1000.0,3,1000,100.0
2007/02/28,980.0,981.0,949.0,980.0,80,980,100.0
2007/03/02,964.0,964.0,950.0,951.0,8,951,100.0
2007/03/05,949.0,950.0,909.0,910.0,37,910,100.0
2007/03/06,892.0,919.0,890.0,905.0,62,905,100.0
2007/03/07,905.0,909.0,903.0,909.0,55,909,100.0
2007/03/08,900.0,900.0,874.0,900.0,37,900,100.0
2007/03/09,885.0,889.0,884.0,885.0,12,885,100.0
2007/03/12,885.0,885.0,878.0,878.0,8,878,100.0
2007/03/13,892.0,892.0,880.0,881.0,4,881,100.0
2007/03/14,879.0,900.0,839.0,900.0,42,900,100.0
2007/03/15,901.0,931.0,900.0,920.0,31,920,100.0
2007/03/16,909.0,910.0,880.0,899.0,31,899,100.0
2007/03/19,900.0,901.0,900.0,900.0,13,900,100.0
2007/03/20,900.0,900.0,879.0,880.0,9,880,100.0
2007/03/22,880.0,895.0,880.0,895.0,10,895,100.0
2007/03/23,899.0,912.0,899.0,910.0,18,910,100.0
2007/03/26,917.0,919.0,915.0,919.0,4,919,100.0
2007/03/27,900.0,910.0,900.0,907.0,9,907,100.0
2007/03/28,916.0,916.0,907.0,915.0,6,915,100.0
2007/03/29,900.0,900.0,900.0,900.0,5,900,100.0
2007/03/30,901.0,910.0,900.0,900.0,15,900,100.0
2007/04/02,900.0,905.0,900.0,905.0,3,905,100.0
2007/04/03,905.0,909.0,904.0,905.0,15,905,100.0
2007/04/04,905.0,908.0,905.0,908.0,12,908,100.0
2007/04/05,904.0,904.0,900.0,900.0,11,900,100.0
2007/04/06,889.0,889.0,879.0,880.0,25,880,100.0
2007/04/09,880.0,885.0,879.0,885.0,21,885,100.0
2007/04/10,882.0,885.0,880.0,885.0,8,885,100.0
2007/04/11,888.0,893.0,888.0,892.0,6,892,100.0
2007/04/12,900.0,903.0,894.0,895.0,5,895,100.0
2007/04/13,890.0,890.0,890.0,890.0,2,890,100.0
2007/04/16,872.0,872.0,850.0,870.0,23,870,100.0
2007/04/17,850.0,850.0,850.0,850.0,25,850,100.0
2007/04/18,820.0,831.0,819.0,831.0,21,831,100.0
2007/04/19,811.0,819.0,802.0,819.0,14,819,100.0
2007/04/20,810.0,810.0,803.0,810.0,4,810,100.0
2007/04/23,847.0,847.0,847.0,847.0,1,847,100.0
2007/04/24,850.0,859.0,847.0,859.0,5,859,100.0
2007/04/25,860.0,877.0,859.0,877.0,8,877,100.0
2007/04/26,892.0,892.0,890.0,890.0,14,890,100.0
2007/04/27,905.0,918.0,900.0,918.0,24,918,100.0
2007/05/01,915.0,918.0,915.0,918.0,9,918,100.0
2007/05/02,915.0,915.0,915.0,915.0,6,915,100.0
2007/05/07,916.0,916.0,916.0,916.0,1,916,100.0
2007/05/08,915.0,916.0,902.0,902.0,5,902,100.0
2007/05/09,900.0,915.0,871.0,900.0,22,900,100.0
2007/05/10,890.0,899.0,880.0,899.0,10,899,100.0
2007/05/14,880.0,880.0,820.0,858.0,13,858,100.0
2007/05/15,840.0,846.0,840.0,840.0,23,840,100.0
2007/05/16,830.0,830.0,800.0,800.0,17,800,100.0
2007/05/17,801.0,832.0,800.0,811.0,26,811,100.0
2007/05/18,820.0,820.0,780.0,780.0,11,780,100.0
2007/05/21,789.0,789.0,789.0,789.0,1,789,100.0
2007/05/22,789.0,790.0,789.0,790.0,22,790,100.0
2007/05/23,780.0,790.0,770.0,790.0,22,790,100.0
2007/05/24,770.0,780.0,749.0,780.0,29,780,100.0
2007/05/25,790.0,790.0,770.0,770.0,5,770,100.0
2007/05/28,769.0,770.0,755.0,755.0,26,755,100.0
2007/05/29,755.0,769.0,755.0,769.0,10,769,100.0
2007/05/31,769.0,769.0,769.0,769.0,10,769,100.0
2007/06/01,775.0,775.0,769.0,769.0,9,769,100.0
2007/06/04,770.0,775.0,769.0,769.0,13,769,100.0
2007/06/06,770.0,770.0,769.0,769.0,2,769,100.0
2007/06/07,769.0,770.0,768.0,769.0,26,769,100.0
2007/06/08,767.0,768.0,766.0,767.0,8,767,100.0
2007/06/11,770.0,800.0,769.0,795.0,15,795,100.0
2007/06/12,799.0,799.0,799.0,799.0,1,799,100.0
2007/06/13,799.0,799.0,795.0,795.0,11,795,100.0
2007/06/14,796.0,798.0,796.0,796.0,3,796,100.0
2007/06/15,795.0,795.0,769.0,770.0,6,770,100.0
2007/06/18,769.0,785.0,769.0,785.0,31,785,100.0
2007/06/19,789.0,791.0,784.0,784.0,18,784,100.0
2007/06/20,780.0,785.0,780.0,784.0,20,784,100.0
2007/06/21,784.0,798.0,779.0,798.0,20,798,100.0
2007/06/25,794.0,800.0,794.0,795.0,8,795,100.0
2007/06/26,794.0,795.0,794.0,795.0,4,795,100.0
2007/06/27,795.0,802.0,795.0,795.0,5,795,100.0
2007/06/28,799.0,800.0,799.0,800.0,6,800,100.0
2007/06/29,799.0,820.0,799.0,820.0,2,820,100.0
2007/07/02,820.0,820.0,820.0,820.0,4,820,100.0
2007/07/03,820.0,835.0,820.0,834.0,4,834,100.0
2007/07/04,834.0,844.0,834.0,844.0,10,844,100.0
2007/07/05,832.0,850.0,832.0,850.0,3,850,100.0
2007/07/09,833.0,833.0,804.0,825.0,23,825,100.0
2007/07/10,805.0,805.0,805.0,805.0,7,805,100.0
2007/07/11,800.0,809.0,800.0,803.0,8,803,100.0
2007/07/12,800.0,800.0,790.0,790.0,19,790,100.0
2007/07/13,791.0,792.0,791.0,792.0,10,792,100.0
2007/07/17,791.0,791.0,790.0,790.0,10,790,100.0
2007/07/18,790.0,790.0,779.0,780.0,16,780,100.0
2007/07/19,780.0,780.0,760.0,760.0,13,760,100.0
2007/07/20,762.0,762.0,750.0,750.0,26,750,100.0
2007/07/23,740.0,740.0,740.0,740.0,1,740,100.0
2007/07/24,738.0,739.0,737.0,737.0,13,737,100.0
2007/07/25,740.0,740.0,740.0,740.0,1,740,100.0
2007/07/26,737.0,740.0,730.0,740.0,3,740,100.0
2007/07/27,720.0,720.0,720.0,720.0,10,720,100.0
2007/07/30,715.0,715.0,699.0,707.0,11,707,100.0
2007/07/31,707.0,707.0,707.0,707.0,2,707,100.0
2007/08/01,707.0,707.0,707.0,707.0,1,707,100.0
2007/08/02,710.0,940.0,710.0,820.0,148,820,100.0
2007/08/03,820.0,861.0,819.0,819.0,43,819,100.0
2007/08/06,820.0,850.0,820.0,850.0,11,850,100.0
2007/08/07,850.0,850.0,840.0,840.0,16,840,100.0
2007/08/08,815.0,815.0,790.0,790.0,2,790,100.0
2007/08/09,820.0,820.0,800.0,810.0,6,810,100.0
2007/08/10,820.0,820.0,820.0,820.0,1,820,100.0
2007/08/13,789.0,789.0,789.0,789.0,1,789,100.0
2007/08/14,769.0,797.0,769.0,797.0,11,797,100.0
2007/08/17,731.0,731.0,630.0,650.0,38,650,100.0
2007/08/20,650.0,651.0,600.0,600.0,15,600,100.0
2007/08/21,625.0,650.0,600.0,610.0,21,610,100.0
2007/08/22,611.0,620.0,600.0,620.0,13,620,100.0
2007/08/23,629.0,630.0,629.0,630.0,6,630,100.0
2007/08/24,630.0,630.0,629.0,630.0,3,630,100.0
2007/08/27,620.0,620.0,620.0,620.0,1,620,100.0
2007/08/28,602.0,612.0,602.0,610.0,10,610,100.0
2007/08/29,611.0,612.0,611.0,612.0,6,612,100.0
2007/08/31,611.0,612.0,611.0,612.0,8,612,100.0
2007/09/03,612.0,612.0,612.0,612.0,2,612,100.0
2007/09/04,598.0,600.0,598.0,600.0,3,600,100.0
2007/09/05,600.0,613.0,600.0,612.0,8,612,100.0
2007/09/06,600.0,629.0,599.0,629.0,37,629,100.0
2007/09/07,619.0,620.0,619.0,620.0,2,620,100.0
2007/09/10,599.0,600.0,599.0,600.0,2,600,100.0
2007/09/11,600.0,600.0,600.0,600.0,2,600,100.0
2007/09/14,594.0,595.0,594.0,595.0,2,595,100.0
2007/09/19,570.0,570.0,560.0,570.0,6,570,100.0
2007/09/20,570.0,570.0,570.0,570.0,1,570,100.0
2007/09/21,571.0,571.0,570.0,570.0,2,570,100.0
2007/09/25,560.0,560.0,559.0,560.0,4,560,100.0
2007/09/27,571.0,571.0,570.0,571.0,8,571,100.0
2007/09/28,581.0,582.0,580.0,582.0,3,582,100.0
2007/10/03,585.0,590.0,585.0,590.0,3,590,100.0
2007/10/04,590.0,590.0,590.0,590.0,6,590,100.0
2007/10/09,620.0,679.0,620.0,679.0,15,679,100.0
2007/10/10,680.0,680.0,680.0,680.0,1,680,100.0
2007/10/11,690.0,690.0,690.0,690.0,1,690,100.0
2007/10/12,691.0,691.0,690.0,690.0,2,690,100.0
2007/10/16,660.0,660.0,660.0,660.0,2,660,100.0
2007/10/19,628.0,670.0,620.0,670.0,8,670,100.0
2007/10/22,649.0,650.0,649.0,650.0,6,650,100.0
2007/10/23,603.0,604.0,603.0,604.0,2,604,100.0
2007/10/24,653.0,653.0,651.0,651.0,4,651,100.0
2007/10/31,649.0,650.0,649.0,650.0,2,650,100.0
2007/11/01,649.0,650.0,649.0,650.0,17,650,100.0
2007/11/05,587.0,588.0,587.0,588.0,2,588,100.0
2007/11/06,587.0,588.0,587.0,588.0,2,588,100.0
2007/11/08,587.0,588.0,587.0,588.0,2,588,100.0
2007/11/12,540.0,541.0,540.0,540.0,31,540,100.0
2007/11/13,511.0,541.0,511.0,541.0,2,541,100.0
2007/11/14,519.0,520.0,519.0,520.0,44,520,100.0
2007/11/15,531.0,531.0,530.0,530.0,2,530,100.0
2007/11/16,480.0,540.0,480.0,540.0,14,540,100.0
2007/11/19,541.0,550.0,539.0,540.0,16,540,100.0
2007/11/20,519.0,530.0,510.0,519.0,11,519,100.0
2007/11/22,482.0,490.0,470.5,490.0,13,490,100.0
2007/11/26,490.0,490.0,490.0,490.0,1,490,100.0
2007/11/27,489.5,489.5,489.5,489.5,2,489.5,100.0
2007/11/28,490.5,491.5,490.5,491.5,2,491.5,100.0
2007/11/29,501.0,525.0,499.5,525.0,16,525,100.0
2007/11/30,525.0,526.0,523.0,525.0,11,525,100.0
2007/12/03,525.0,525.0,525.0,525.0,5,525,100.0
2007/12/05,525.0,525.0,525.0,525.0,9,525,100.0
2007/12/07,525.0,530.0,523.0,523.0,15,523,100.0
2007/12/11,535.0,550.0,535.0,550.0,5,550,100.0
2007/12/14,534.0,550.0,500.0,550.0,9,550,100.0
2007/12/19,501.0,501.0,500.0,500.0,2,500,100.0
2007/12/20,474.5,474.5,435.0,465.0,29,465,100.0
2007/12/21,460.0,460.5,460.0,460.0,3,460,100.0
2007/12/25,460.0,465.0,460.0,460.0,3,460,100.0
2007/12/27,459.5,460.0,459.5,460.0,4,460,100.0
2007/12/28,460.0,460.0,460.0,460.0,12,460,100.0
2008/01/04,465.5,465.5,465.5,465.5,1,465.5,100.0
2008/01/07,465.5,465.5,465.0,465.5,9,465.5,100.0
2008/01/08,474.0,474.0,473.5,473.5,3,473.5,100.0
2008/01/09,473.5,473.5,473.5,473.5,24,473.5,100.0
2008/01/11,455.0,455.0,455.0,455.0,1,455,100.0
2008/01/15,431.0,431.0,430.5,431.0,3,431,100.0
2008/01/16,405.0,405.0,384.5,404.0,4,404,100.0
2008/01/17,384.5,400.0,384.5,400.0,4,400,100.0
2008/01/18,370.0,400.0,370.0,400.0,2,400,100.0
2008/01/21,380.0,400.0,380.0,400.0,9,400,100.0
2008/01/22,400.0,400.0,399.0,399.5,10,399.5,100.0
2008/01/23,400.0,400.0,390.0,390.0,12,390,100.0
2008/01/24,390.0,390.0,390.0,390.0,4,390,100.0
2008/01/25,400.0,403.5,400.0,403.0,3,403,100.0
2008/01/28,403.5,405.0,403.0,405.0,14,405,100.0
2008/01/29,400.0,400.0,400.0,400.0,12,400,100.0
2008/01/30,400.0,400.0,400.0,400.0,1,400,100.0
2008/01/31,400.0,400.0,400.0,400.0,13,400,100.0
2008/02/04,400.0,400.0,400.0,400.0,1,400,100.0
2008/02/06,400.0,400.0,400.0,400.0,6,400,100.0
2008/02/13,397.5,398.0,395.0,395.0,3,395,100.0
2008/02/15,379.5,379.5,370.0,370.0,3,370,100.0
2008/02/18,370.0,370.0,370.0,370.0,2,370,100.0
2008/02/19,370.0,371.0,369.0,370.0,17,370,100.0
2008/02/20,349.5,370.5,349.5,370.0,11,370,100.0
2008/02/21,370.0,371.0,370.0,370.0,3,370,100.0
2008/02/22,371.0,379.5,370.0,378.0,14,378,100.0
2008/02/25,380.0,400.0,380.0,390.0,5,390,100.0
2008/02/26,379.5,380.0,379.5,380.0,2,380,100.0
2008/02/27,369.5,393.0,369.5,393.0,5,393,100.0
2008/02/29,385.5,400.0,385.0,385.5,27,385.5,100.0
2008/03/03,389.5,390.0,385.0,385.5,6,385.5,100.0
2008/03/04,375.0,375.0,370.0,370.0,2,370,100.0
2008/03/12,399.0,416.0,399.0,416.0,7,416,100.0
2008/03/14,377.5,390.5,377.5,390.0,4,390,100.0
2008/03/17,370.0,378.0,350.0,350.0,15,350,100.0
2008/03/18,350.0,350.0,350.0,350.0,1,350,100.0
2008/03/19,390.5,390.5,390.0,390.0,2,390,100.0
2008/03/21,349.5,380.0,340.0,380.0,17,380,100.0
2008/03/24,380.0,380.0,350.5,358.5,8,358.5,100.0
2008/03/25,360.0,360.0,360.0,360.0,3,360,100.0
2008/03/26,360.5,360.5,355.0,355.0,3,355,100.0
2008/03/27,395.0,395.0,365.0,365.0,14,365,100.0
2008/03/28,357.0,357.0,357.0,357.0,2,357,100.0
2008/04/04,360.0,360.0,360.0,360.0,1,360,100.0
2008/04/07,382.0,382.0,382.0,382.0,1,382,100.0
2008/04/09,379.0,379.0,379.0,379.0,2,379,100.0
2008/04/10,371.0,378.5,371.0,378.5,3,378.5,100.0
2008/04/11,361.0,361.0,360.0,360.0,4,360,100.0
2008/04/14,368.0,368.0,368.0,368.0,3,368,100.0
2008/04/17,398.0,398.0,398.0,398.0,3,398,100.0
2008/04/18,382.0,382.0,380.0,380.0,5,380,100.0
2008/04/22,380.0,380.0,380.0,380.0,1,380,100.0
2008/04/23,376.0,420.0,376.0,420.0,35,420,100.0
2008/04/24,460.0,460.0,460.0,460.0,24,460,100.0
2008/04/25,471.0,471.0,420.0,431.0,27,431,100.0
2008/04/28,430.0,430.0,430.0,430.0,1,430,100.0
2008/04/30,429.5,429.5,401.5,413.5,20,413.5,100.0
2008/05/07,391.0,391.0,391.0,391.0,3,391,100.0
2008/05/08,390.5,401.0,390.0,401.0,4,401,100.0
2008/05/12,389.5,389.5,389.5,389.5,1,389.5,100.0
2008/05/14,400.0,429.5,400.0,429.5,13,429.5,100.0
2008/05/15,443.5,443.5,435.0,436.0,10,436,100.0
2008/05/16,408.0,411.0,408.0,411.0,3,411,100.0
2008/05/20,415.0,415.0,415.0,415.0,2,415,100.0
2008/05/26,410.0,410.0,395.0,395.0,6,395,100.0
2008/05/29,380.0,380.0,380.0,380.0,2,380,100.0
2008/05/30,390.0,390.0,381.0,381.0,3,381,100.0
2008/06/02,392.5,392.5,392.5,392.5,1,392.5,100.0
2008/06/03,390.0,395.0,390.0,390.5,13,390.5,100.0
2008/06/05,395.0,395.0,395.0,395.0,3,395,100.0
2008/06/06,390.0,390.0,390.0,390.0,2,390,100.0
2008/06/09,388.0,388.0,388.0,388.0,1,388,100.0
2008/06/10,385.0,385.0,385.0,385.0,1,385,100.0
2008/06/11,381.0,381.0,380.0,380.0,3,380,100.0
2008/06/12,352.0,352.0,352.0,352.0,14,352,100.0
2008/06/13,355.0,355.0,355.0,355.0,1,355,100.0
2008/06/16,355.0,358.0,352.0,352.0,16,352,100.0
2008/06/19,358.0,358.0,358.0,358.0,1,358,100.0
2008/06/20,350.0,354.0,350.0,354.0,5,354,100.0
2008/06/23,348.5,348.5,341.0,341.0,7,341,100.0
2008/06/24,343.0,343.0,343.0,343.0,3,343,100.0
2008/06/25,341.0,345.0,341.0,345.0,2,345,100.0
2008/06/26,341.0,342.0,341.0,342.0,9,342,100.0
2008/06/27,340.0,342.0,340.0,342.0,7,342,100.0
2008/06/30,343.0,343.0,343.0,343.0,5,343,100.0
2008/07/01,343.0,343.0,343.0,343.0,3,343,100.0
2008/07/04,345.0,345.0,343.0,343.0,5,343,100.0
2008/07/07,343.0,343.0,343.0,343.0,1,343,100.0
2008/07/08,343.0,343.0,343.0,343.0,4,343,100.0
2008/07/14,343.0,343.0,343.0,343.0,1,343,100.0
2008/07/15,315.0,315.0,315.0,315.0,3,315,100.0
2008/07/22,296.0,296.0,287.0,287.0,2,287,100.0
2008/07/24,292.0,292.0,290.0,290.0,6,290,100.0
2008/07/25,295.0,295.0,295.0,295.0,2,295,100.0
2008/07/28,265.0,265.0,265.0,265.0,6,265,100.0
2008/07/29,280.0,280.0,280.0,280.0,2,280,100.0
2008/07/31,300.0,300.0,300.0,300.0,4,300,100.0
2008/08/01,300.0,310.0,300.0,310.0,8,310,100.0
2008/08/04,315.0,320.0,315.0,320.0,2,320,100.0
2008/08/07,321.0,321.0,321.0,321.0,9,321,100.0
2008/08/08,321.0,321.0,321.0,321.0,1,321,100.0
2008/08/11,321.0,321.0,321.0,321.0,25,321,100.0
2008/08/14,330.0,330.0,330.0,330.0,1,330,100.0
2008/08/19,303.5,303.5,303.5,303.5,2,303.5,100.0
2008/08/20,280.1,285.0,280.1,285.0,5,285,100.0
2008/08/25,280.0,280.0,280.0,280.0,1,280,100.0
2008/08/29,265.0,265.0,240.1,248.0,69,248,100.0
2008/09/01,246.9,246.9,240.1,240.1,5,240.1,100.0
2008/09/02,240.1,240.1,240.1,240.1,2,240.1,100.0
2008/09/03,232.0,232.0,231.0,231.0,6,231,100.0
2008/09/04,234.0,234.0,231.0,231.0,11,231,100.0
2008/09/05,230.0,231.0,230.0,231.0,5,231,100.0
2008/09/08,231.0,232.0,230.0,230.0,25,230,100.0
2008/09/09,224.0,230.0,224.0,230.0,18,230,100.0
2008/09/11,230.0,230.0,230.0,230.0,8,230,100.0
2008/09/12,231.0,231.0,231.0,231.0,6,231,100.0
2008/09/16,231.0,231.0,231.0,231.0,2,231,100.0
2008/09/17,230.0,230.0,230.0,230.0,5,230,100.0
2008/09/18,220.0,220.0,211.0,212.0,19,212,100.0
2008/09/19,212.0,212.0,210.0,210.0,35,210,100.0
2008/09/22,210.0,212.0,210.0,210.0,15,210,100.0
2008/09/24,204.0,205.0,202.0,204.0,60,204,100.0
2008/09/25,204.0,204.0,195.0,195.0,35,195,100.0
2008/09/26,195.1,195.1,195.0,195.0,40,195,100.0
2008/09/29,193.0,193.1,190.0,190.0,139,190,100.0
2008/09/30,190.1,190.1,177.0,186.7,74,186.7,100.0
2008/10/01,186.0,186.0,180.0,180.0,27,180,100.0
2008/10/02,174.0,174.0,169.0,170.0,50,170,100.0
2008/10/03,170.0,170.0,150.0,150.0,154,150,100.0
2008/10/06,140.0,140.0,130.0,130.0,195,130,100.0
2008/10/07,110.0,111.0,110.0,110.0,171,110,100.0
2008/10/08,119.0,122.0,104.5,104.5,33,104.5,100.0
2008/10/09,110.0,122.0,110.0,114.0,27,114,100.0
2008/10/10,118.0,124.0,118.0,120.0,36,120,100.0
2008/10/14,139.5,140.0,139.5,140.0,13,140,100.0
2008/10/15,160.0,160.0,160.0,160.0,30,160,100.0
2008/10/16,168.0,179.9,168.0,179.9,23,179.9,100.0
2008/10/17,185.9,185.9,183.0,183.0,2,183,100.0
2008/10/20,167.1,184.0,163.0,184.0,39,184,100.0
2008/10/21,186.0,200.0,186.0,200.0,13,200,100.0
2008/10/22,200.0,215.0,200.0,215.0,34,215,100.0
2008/10/23,210.0,218.0,210.0,218.0,9,218,100.0
2008/10/24,221.0,221.0,218.0,218.0,6,218,100.0
2008/10/27,199.9,199.9,198.0,198.0,6,198,100.0
2008/10/28,180.1,180.1,178.0,178.0,5,178,100.0
2008/10/29,176.0,176.0,170.0,170.0,4,170,100.0
2008/10/30,180.0,180.0,180.0,180.0,2,180,100.0
2008/10/31,191.0,191.0,191.0,191.0,3,191,100.0
2008/11/04,171.0,171.0,171.0,171.0,28,171,100.0
2008/11/05,170.0,170.2,170.0,170.0,38,170,100.0
2008/11/07,166.0,166.0,166.0,166.0,8,166,100.0
2008/11/10,164.9,165.0,150.5,165.0,29,165,100.0
2008/11/11,174.8,175.0,174.7,174.9,21,174.9,100.0
2008/11/12,160.0,174.0,160.0,174.0,18,174,100.0
2008/11/13,170.0,175.0,170.0,175.0,18,175,100.0
2008/11/14,175.0,175.0,175.0,175.0,3,175,100.0
2008/11/17,184.0,185.0,184.0,185.0,13,185,100.0
2008/11/18,190.0,196.0,190.0,196.0,30,196,100.0
2008/11/19,191.0,197.0,190.0,192.1,22,192.1,100.0
2008/11/20,190.0,190.0,186.0,190.0,18,190,100.0
2008/11/21,190.0,190.0,190.0,190.0,11,190,100.0
2008/11/26,195.0,200.0,195.0,200.0,36,200,100.0
2008/11/27,200.0,200.0,198.0,200.0,10,200,100.0
2008/11/28,203.0,214.0,203.0,214.0,20,214,100.0
2008/12/01,220.0,220.0,214.0,220.0,74,220,100.0
2008/12/02,220.0,225.0,220.0,225.0,49,225,100.0
2008/12/03,225.0,230.0,225.0,230.0,21,230,100.0
2008/12/04,230.0,230.0,230.0,230.0,2,230,100.0
2008/12/05,230.0,230.0,230.0,230.0,12,230,100.0
2008/12/08,235.0,235.0,235.0,235.0,24,235,100.0
2008/12/11,236.1,236.1,236.1,236.1,2,236.1,100.0
2008/12/12,236.1,240.0,236.1,240.0,23,240,100.0
2008/12/15,240.0,245.5,240.0,245.5,3,245.5,100.0
2008/12/16,249.5,249.5,249.5,249.5,1,249.5,100.0
2008/12/17,249.5,249.5,240.5,246.5,21,246.5,100.0
2008/12/18,242.0,242.0,240.0,240.0,19,240,100.0
2008/12/19,240.0,240.0,240.0,240.0,18,240,100.0
2008/12/24,220.0,220.0,220.0,220.0,1,220,100.0
2008/12/26,190.0,190.0,190.0,190.0,1,190,100.0
2008/12/29,180.0,180.1,180.0,180.1,2,180.1,100.0
2008/12/30,184.1,192.1,184.1,192.1,16,192.1,100.0
2009/01/07,183.0,183.0,183.0,183.0,4,183,100.0
2009/01/13,175.1,175.1,175.1,175.1,1,175.1,100.0
2009/01/15,175.0,175.0,175.0,175.0,3,175,100.0
2009/01/20,170.0,170.0,170.0,170.0,1,170,100.0
2009/01/21,166.0,166.0,166.0,166.0,1,166,100.0
2009/01/22,166.0,166.0,166.0,166.0,6,166,100.0
2009/01/23,156.0,156.0,156.0,156.0,1,156,100.0
2009/01/26,156.0,156.0,156.0,156.0,1,156,100.0
2009/01/27,156.0,156.0,156.0,156.0,1,156,100.0
2009/01/30,149.9,150.0,149.9,150.0,11,150,100.0
2009/02/02,150.0,150.0,150.0,150.0,5,150,100.0
2009/02/03,150.0,150.0,150.0,150.0,4,150,100.0
2009/02/06,150.0,150.0,150.0,150.0,4,150,100.0
2009/02/09,133.0,133.0,133.0,133.0,1,133,100.0
2009/02/10,127.0,129.0,127.0,129.0,2,129,100.0
2009/02/12,130.0,135.0,130.0,135.0,2,135,100.0
2009/02/13,143.0,145.0,143.0,145.0,6,145,100.0
2009/02/16,144.7,144.7,144.7,144.7,1,144.7,100.0
2009/02/17,145.0,146.0,145.0,146.0,7,146,100.0
2009/02/19,130.0,130.0,130.0,130.0,5,130,100.0
2009/02/23,130.0,140.0,130.0,140.0,10,140,100.0
2009/03/03,140.0,140.0,140.0,140.0,3,140,100.0
2009/03/11,149.9,149.9,149.8,149.8,10,149.8,100.0
2009/03/12,150.0,150.0,149.8,149.8,8,149.8,100.0
2009/03/16,150.0,150.0,150.0,150.0,4,150,100.0
2009/03/17,140.0,144.0,140.0,144.0,5,144,100.0
2009/03/18,140.0,140.0,140.0,140.0,1,140,100.0
2009/03/19,140.0,144.0,140.0,144.0,2,144,100.0
2009/03/23,140.0,140.0,140.0,140.0,5,140,100.0
2009/03/25,150.0,150.0,150.0,150.0,2,150,100.0
2009/03/26,149.0,149.0,149.0,149.0,1,149,100.0
2009/03/31,149.0,150.0,149.0,150.0,6,150,100.0
2009/04/01,150.0,150.0,150.0,150.0,10,150,100.0
2009/04/03,153.0,160.0,153.0,160.0,3,160,100.0
2009/04/07,175.0,180.0,175.0,180.0,4,180,100.0
2009/04/08,180.0,180.0,180.0,180.0,2,180,100.0
2009/04/13,165.0,165.0,165.0,165.0,1,165,100.0
2009/04/17,161.0,161.0,161.0,161.0,1,161,100.0
2009/04/20,159.0,159.0,159.0,159.0,5,159,100.0
2009/04/21,159.0,159.0,159.0,159.0,4,159,100.0
2009/04/22,158.9,158.9,158.9,158.9,1,158.9,100.0
2009/04/23,158.9,158.9,158.9,158.9,1,158.9,100.0
2009/04/27,158.9,158.9,158.9,158.9,1,158.9,100.0
2009/04/30,159.0,159.0,159.0,159.0,3,159,100.0
2009/05/07,159.0,159.0,159.0,159.0,1,159,100.0
2009/05/11,159.0,159.0,159.0,159.0,1,159,100.0
2009/05/13,163.0,163.0,163.0,163.0,1,163,100.0
2009/05/19,155.0,155.0,155.0,155.0,1,155,100.0
2009/05/20,154.0,154.0,154.0,154.0,1,154,100.0
2009/05/21,141.0,152.0,141.0,152.0,2,152,100.0
2009/05/22,144.0,148.0,144.0,146.0,9,146,100.0
2009/05/26,144.1,144.1,144.1,144.1,2,144.1,100.0
2009/05/27,150.0,150.0,150.0,150.0,1,150,100.0
2009/05/29,157.5,170.0,157.5,170.0,17,170,100.0
2009/06/01,180.0,190.0,180.0,190.0,3,190,100.0
2009/06/02,210.0,210.0,210.0,210.0,12,210,100.0
2009/06/03,268.1,270.0,268.1,270.0,45,270,100.0
2009/06/04,330.0,330.0,330.0,330.0,36,330,100.0
2009/06/05,334.0,346.0,290.0,300.0,114,300,100.0
2009/06/08,260.0,278.0,260.0,266.0,33,266,100.0
2009/06/09,294.0,297.0,275.0,275.0,17,275,100.0
2009/06/10,275.0,275.0,265.0,267.0,9,267,100.0
2009/06/11,258.0,282.0,258.0,282.0,16,282,100.0
2009/06/12,282.0,284.0,282.0,284.0,11,284,100.0
2009/06/15,269.0,269.0,266.0,266.0,15,266,100.0
2009/06/16,266.0,270.0,266.0,270.0,8,270,100.0
2009/06/17,255.0,255.0,255.0,255.0,2,255,100.0
2009/06/18,255.0,255.0,255.0,255.0,10,255,100.0
2009/06/19,256.0,256.0,230.1,230.1,14,230.1,100.0
2009/06/22,214.0,214.0,211.0,213.0,6,213,100.0
2009/06/23,240.0,249.0,235.0,249.0,30,249,100.0
2009/06/24,234.0,279.0,234.0,279.0,59,279,100.0
2009/06/25,249.0,255.0,249.0,249.0,42,249,100.0
2009/06/26,226.0,228.0,226.0,228.0,7,228,100.0
2009/06/29,261.0,261.0,261.0,261.0,23,261,100.0
2009/06/30,275.0,291.0,274.1,291.0,59,291,100.0
2009/07/01,308.0,321.0,308.0,321.0,57,321,100.0
2009/07/02,337.5,350.0,337.0,340.0,71,340,100.0
2009/07/03,335.0,335.0,300.0,308.0,18,308,100.0
2009/07/06,310.0,310.0,310.0,310.0,2,310,100.0
2009/07/07,300.5,300.5,300.5,300.5,2,300.5,100.0
2009/07/08,290.1,290.1,280.0,280.0,5,280,100.0
2009/07/10,256.0,256.0,256.0,256.0,7,256,100.0
2009/07/13,240.0,240.0,240.0,240.0,2,240,100.0
2009/07/15,228.0,228.0,228.0,228.0,3,228,100.0
2009/07/17,228.0,242.2,228.0,242.2,5,242.2,100.0
2009/07/21,242.2,250.0,242.2,250.0,4,250,100.0
2009/07/24,240.0,240.0,240.0,240.0,1,240,100.0
2009/07/27,231.1,250.0,231.0,250.0,7,250,100.0
2009/07/30,260.0,280.0,260.0,280.0,26,280,100.0
2009/07/31,294.0,294.0,294.0,294.0,37,294,100.0
2009/08/05,274.0,274.0,274.0,274.0,1,274,100.0
2009/08/10,238.0,238.0,238.0,238.0,1,238,100.0
2009/08/11,238.1,238.1,238.1,238.1,1,238.1,100.0
2009/08/13,253.1,253.1,249.3,249.5,3,249.5,100.0
2009/08/14,250.0,250.0,250.0,250.0,1,250,100.0
2009/08/17,248.0,248.0,248.0,248.0,1,248,100.0
2009/08/20,236.0,236.0,235.6,235.6,2,235.6,100.0
2009/08/21,235.6,235.6,235.6,235.6,5,235.6,100.0
2009/08/24,235.6,235.6,235.6,235.6,1,235.6,100.0
2009/08/25,250.0,250.0,250.0,250.0,7,250,100.0
2009/08/26,250.0,250.0,250.0,250.0,6,250,100.0
2009/08/28,255.9,280.0,255.9,280.0,6,280,100.0
2009/08/31,286.0,286.0,250.0,262.0,25,262,100.0
2009/09/01,235.0,244.0,235.0,238.0,7,238,100.0
2009/09/02,250.0,252.0,250.0,251.0,3,251,100.0
2009/09/10,240.0,245.0,240.0,245.0,3,245,100.0
2009/09/16,239.8,239.8,226.0,226.0,6,226,100.0
2009/09/17,230.0,230.0,230.0,230.0,3,230,100.0
2009/09/24,225.0,225.0,221.0,221.0,5,221,100.0
2009/09/30,241.5,241.5,241.5,241.5,10,241.5,100.0
2009/10/02,221.5,221.5,221.5,221.5,1,221.5,100.0
2009/10/05,213.0,215.0,213.0,215.0,4,215,100.0
2009/10/19,225.0,225.0,225.0,225.0,1,225,100.0
2009/10/22,225.0,225.0,225.0,225.0,7,225,100.0
2009/10/23,225.0,225.0,225.0,225.0,1,225,100.0
2009/10/27,225.0,225.0,225.0,225.0,1,225,100.0
2009/10/28,230.0,230.0,230.0,230.0,3,230,100.0
2009/10/29,235.0,235.0,235.0,235.0,6,235,100.0
2009/10/30,246.8,255.0,246.8,255.0,13,255,100.0
2009/11/02,255.0,255.0,255.0,255.0,13,255,100.0
2009/11/04,265.0,270.0,265.0,270.0,12,270,100.0
2009/11/05,270.0,270.0,270.0,270.0,4,270,100.0
2009/11/09,297.0,297.0,297.0,297.0,4,297,100.0
2009/11/10,300.0,301.0,300.0,301.0,21,301,100.0
2009/11/11,301.0,305.0,301.0,301.0,10,301,100.0
2009/11/12,301.0,313.0,301.0,313.0,16,313,100.0
2009/11/13,328.0,328.0,328.0,328.0,1,328,100.0
2009/11/16,329.0,358.0,329.0,358.0,22,358,100.0
2009/11/17,360.0,360.0,360.0,360.0,11,360,100.0
2009/11/18,340.0,340.0,340.0,340.0,16,340,100.0
2009/11/19,350.0,350.0,350.0,350.0,9,350,100.0
2009/11/20,340.0,340.0,340.0,340.0,2,340,100.0
2009/11/24,300.0,300.0,300.0,300.0,2,300,100.0
2009/11/25,260.0,270.0,260.0,270.0,189,270,100.0
2009/11/26,260.0,268.9,250.0,259.8,81,259.8,100.0
2009/11/27,259.8,259.8,250.8,250.8,18,250.8,100.0
2009/11/30,259.5,259.5,259.5,259.5,8,259.5,100.0
2009/12/02,263.2,263.2,263.2,263.2,10,263.2,100.0
2009/12/04,260.2,260.2,260.0,260.0,35,260,100.0
2009/12/07,265.0,265.0,264.0,264.0,10,264,100.0
2009/12/08,270.0,290.0,269.0,270.2,53,270.2,100.0
2009/12/09,275.0,287.2,275.0,285.0,22,285,100.0
2009/12/10,264.0,298.0,264.0,298.0,6,298,100.0
2009/12/11,300.0,328.0,300.0,320.0,16,320,100.0
2009/12/14,292.0,300.0,292.0,300.0,12,300,100.0
2009/12/17,290.0,300.0,280.0,281.0,4,281,100.0
2009/12/18,270.1,285.0,270.0,285.0,3,285,100.0
2009/12/22,285.0,285.0,285.0,285.0,8,285,100.0
2009/12/25,295.0,300.0,295.0,300.0,27,300,100.0
2009/12/29,310.0,340.0,310.0,340.0,19,340,100.0
2009/12/30,360.0,380.0,360.0,380.0,13,380,100.0
2010/01/04,400.0,450.0,400.0,425.0,72,425,100.0
2010/01/05,400.0,400.0,355.5,356.0,21,356,100.0
2010/01/06,379.5,390.0,370.0,390.0,66,390,100.0
2010/01/07,380.0,400.0,370.0,400.0,17,400,100.0
2010/01/08,403.0,449.0,403.0,449.0,16,449,100.0
2010/01/12,450.0,450.0,418.5,418.5,3,418.5,100.0
2010/01/13,360.0,361.0,360.0,361.0,6,361,100.0
2010/01/14,389.0,410.0,389.0,410.0,8,410,100.0
2010/01/15,382.0,420.0,382.0,420.0,6,420,100.0
2010/01/20,390.0,390.0,365.0,365.0,3,365,100.0
2010/01/21,365.5,365.5,365.5,365.5,1,365.5,100.0
2010/01/22,350.0,350.0,350.0,350.0,3,350,100.0
2010/01/25,322.0,322.0,315.0,315.0,3,315,100.0
2010/01/26,315.0,315.5,315.0,315.5,11,315.5,100.0
2010/01/28,339.0,365.0,339.0,365.0,3,365,100.0
2010/01/29,378.0,378.0,378.0,378.0,10,378,100.0
2010/02/01,351.0,378.0,351.0,378.0,4,378,100.0
2010/02/02,378.0,378.0,378.0,378.0,2,378,100.0
2010/02/04,336.0,336.0,336.0,336.0,1,336,100.0
2010/02/05,338.0,338.0,338.0,338.0,2,338,100.0
2010/02/08,320.0,320.0,320.0,320.0,3,320,100.0
2010/02/19,310.0,310.0,310.0,310.0,5,310,100.0
2010/02/22,320.0,320.0,320.0,320.0,2,320,100.0
2010/02/25,300.0,300.0,296.0,296.0,4,296,100.0
2010/02/26,301.0,301.0,301.0,301.0,7,301,100.0
2010/03/05,308.0,319.0,283.0,293.0,8,293,100.0
2010/03/10,285.0,285.0,285.0,285.0,1,285,100.0
2010/03/12,313.0,313.0,313.0,313.0,1,313,100.0
2010/03/25,265.0,269.9,260.0,269.9,26,269.9,100.0
2010/03/26,269.9,269.9,264.6,264.7,17,264.7,100.0
2010/03/29,260.0,265.0,260.0,260.0,16,260,100.0
2010/03/30,273.0,273.0,273.0,273.0,1,273,100.0
2010/03/31,283.0,284.0,283.0,284.0,9,284,100.0
2010/04/02,277.7,277.7,273.1,273.1,3,273.1,100.0
2010/04/05,273.0,273.0,273.0,273.0,4,273,100.0
2010/04/06,262.0,262.1,262.0,262.1,2,262.1,100.0
2010/04/07,263.1,312.5,263.1,312.5,12,312.5,100.0
2010/04/08,340.5,382.5,340.0,382.5,69,382.5,100.0
2010/04/09,452.5,452.5,423.0,447.0,177,447,100.0
2010/04/12,430.0,430.0,410.0,425.0,21,425,100.0
2010/04/13,395.0,410.0,385.0,410.0,20,410,100.0
2010/04/14,400.0,407.0,365.0,384.0,28,384,100.0
2010/04/15,398.0,427.0,390.0,427.0,34,427,100.0
2010/04/16,399.0,430.0,399.0,430.0,9,430,100.0
2010/04/19,440.0,450.0,430.0,450.0,25,450,100.0
2010/04/20,419.0,420.0,419.0,420.0,7,420,100.0
2010/04/21,441.0,441.0,438.0,438.0,2,438,100.0
2010/04/22,448.0,505.0,448.0,475.0,65,475,100.0
2010/04/23,447.0,495.0,447.0,470.0,10,470,100.0
2010/04/27,460.0,470.0,439.0,469.0,7,469,100.0
2010/04/28,461.0,468.0,461.0,468.0,2,468,100.0
2010/04/30,461.5,461.5,435.0,455.0,9,455,100.0
2010/05/06,400.0,400.0,385.0,385.0,37,385,100.0
2010/05/07,385.0,410.0,385.0,400.0,22,400,100.0
2010/05/10,376.0,420.0,376.0,420.0,2,420,100.0
2010/05/11,425.0,425.0,425.0,425.0,3,425,100.0
2010/05/12,383.0,411.0,383.0,411.0,2,411,100.0
2010/05/14,382.0,382.0,382.0,382.0,2,382,100.0
2010/05/17,400.0,400.0,400.0,400.0,3,400,100.0
2010/05/28,390.0,390.0,365.0,365.0,2,365,100.0
2010/05/31,383.5,428.0,383.5,428.0,7,428,100.0
2010/06/01,406.0,406.0,383.5,383.5,19,383.5,100.0
2010/06/02,383.5,383.5,370.0,370.0,10,370,100.0
2010/06/03,369.0,369.0,344.5,350.5,21,350.5,100.0
2010/06/04,331.0,347.0,330.0,330.0,26,330,100.0
2010/06/09,302.0,302.5,300.0,300.0,6,300,100.0
2010/06/10,302.5,302.5,302.5,302.5,5,302.5,100.0
2010/06/11,309.5,313.0,308.5,313.0,4,313,100.0
2010/06/14,313.0,330.0,313.0,328.5,5,328.5,100.0
2010/06/15,320.0,320.0,310.0,320.0,19,320,100.0
2010/06/17,298.0,298.0,295.0,295.0,2,295,100.0
2010/06/18,300.0,313.0,295.0,313.0,11,313,100.0
2010/06/21,309.5,309.5,309.5,309.5,1,309.5,100.0
2010/06/22,308.0,308.0,308.0,308.0,2,308,100.0
2010/06/23,300.0,300.0,300.0,300.0,4,300,100.0
2010/06/24,300.0,300.0,300.0,300.0,2,300,100.0
2010/06/28,296.0,296.0,294.0,294.0,2,294,100.0
2010/06/29,294.1,294.1,294.1,294.1,1,294.1,100.0
2010/06/30,307.5,329.5,307.5,329.5,14,329.5,100.0
2010/07/01,325.0,325.0,313.5,314.0,8,314,100.0
2010/07/05,292.0,292.0,292.0,292.0,1,292,100.0
2010/07/06,291.7,291.7,274.0,274.0,14,274,100.0
2010/07/07,270.0,280.0,265.0,280.0,12,280,100.0
2010/07/08,280.0,330.0,280.0,330.0,16,330,100.0
2010/07/09,290.0,302.0,290.0,302.0,5,302,100.0
2010/07/12,302.0,302.5,302.0,302.0,4,302,100.0
2010/07/13,302.0,302.0,302.0,302.0,3,302,100.0
2010/07/14,301.0,310.0,301.0,310.0,3,310,100.0
2010/07/15,307.0,307.0,300.0,300.0,2,300,100.0
2010/07/21,288.0,288.0,280.1,280.1,7,280.1,100.0
2010/07/22,272.0,272.0,272.0,272.0,7,272,100.0
2010/07/23,305.0,305.0,305.0,305.0,2,305,100.0
2010/07/26,283.0,325.0,283.0,325.0,10,325,100.0
2010/07/27,300.0,300.0,273.0,288.0,83,288,100.0
2010/07/28,287.1,287.1,287.1,287.1,2,287.1,100.0
2010/07/29,272.5,287.0,272.5,282.0,11,282,100.0
2010/07/30,296.1,296.1,296.1,296.1,27,296.1,100.0
2010/08/02,311.0,311.0,295.5,298.0,6,298,100.0
2010/08/03,290.0,290.0,290.0,290.0,1,290,100.0
2010/08/05,281.0,290.0,278.0,278.0,3,278,100.0
2010/08/06,288.0,288.0,288.0,288.0,1,288,100.0
2010/08/16,263.0,263.0,258.0,258.1,7,258.1,100.0
2010/08/19,252.0,252.0,251.0,251.0,2,251,100.0
2010/08/24,241.0,241.0,241.0,241.0,1,241,100.0
2010/08/25,231.0,231.0,231.0,231.0,1,231,100.0
2010/08/27,230.0,231.1,230.0,231.0,3,231,100.0
2010/08/30,256.0,256.0,241.0,246.0,6,246,100.0
2010/08/31,251.0,251.0,236.0,236.0,8,236,100.0
2010/09/01,246.0,254.0,244.0,244.0,4,244,100.0
2010/09/06,240.0,240.0,227.6,230.0,8,230,100.0
2010/09/07,221.0,221.0,221.0,221.0,1,221,100.0
2010/09/13,206.0,229.9,206.0,229.9,3,229.9,100.0
2010/09/15,240.0,240.0,240.0,240.0,5,240,100.0
2010/09/16,225.2,229.0,225.1,225.1,8,225.1,100.0
2010/09/22,234.0,234.0,206.0,206.0,21,206,100.0
2010/09/24,202.0,202.0,202.0,202.0,1,202,100.0
2010/09/27,210.0,215.0,210.0,215.0,2,215,100.0
2010/09/28,200.0,220.0,191.0,220.0,7,220,100.0
2010/09/30,225.3,225.3,225.3,225.3,9,225.3,100.0
2010/10/04,225.0,228.0,225.0,228.0,10,228,100.0
2010/10/05,210.0,210.0,208.5,208.5,11,208.5,100.0
2010/10/08,200.1,200.1,200.1,200.1,1,200.1,100.0
2010/10/12,200.0,200.0,200.0,200.0,1,200,100.0
2010/10/13,199.0,199.0,199.0,199.0,1,199,100.0
2010/10/15,195.0,195.0,195.0,195.0,5,195,100.0
2010/10/19,190.0,190.0,190.0,190.0,30,190,100.0
2010/10/21,194.9,194.9,194.9,194.9,1,194.9,100.0
2010/10/22,182.9,189.0,182.9,189.0,3,189,100.0
2010/10/28,195.0,195.0,195.0,195.0,2,195,100.0
2010/10/29,200.0,200.0,200.0,200.0,9,200,100.0
2010/11/02,183.0,183.0,183.0,183.0,4,183,100.0
2010/11/08,199.0,205.0,187.0,187.0,10,187,100.0
2010/11/09,191.0,191.0,191.0,191.0,7,191,100.0
2010/11/10,196.2,196.2,196.2,196.2,2,196.2,100.0
2010/11/11,205.2,205.2,205.2,205.2,2,205.2,100.0
2010/11/12,200.0,200.2,200.0,200.2,3,200.2,100.0
2010/11/15,200.4,200.4,200.2,200.2,3,200.2,100.0
2010/11/16,202.0,202.0,202.0,202.0,1,202,100.0
2010/11/17,202.0,202.0,202.0,202.0,1,202,100.0
2010/11/18,193.1,193.1,193.1,193.1,5,193.1,100.0
2010/11/19,195.5,195.5,190.1,194.0,21,194,100.0
2010/11/22,199.9,199.9,199.9,199.9,5,199.9,100.0
2010/11/24,200.9,200.9,200.9,200.9,1,200.9,100.0
2010/11/25,196.1,200.0,195.5,195.5,14,195.5,100.0
2010/11/26,198.0,210.0,198.0,210.0,15,210,100.0
2010/11/29,215.0,215.0,200.0,209.9,8,209.9,100.0
2010/11/30,220.4,220.4,210.4,210.4,13,210.4,100.0
2010/12/01,210.0,210.4,206.2,206.2,6,206.2,100.0
2010/12/02,219.8,220.4,216.6,220.4,12,220.4,100.0
2010/12/03,270.4,270.4,270.4,270.4,42,270.4,100.0
2010/12/06,275.4,275.4,243.3,263.0,54,263,100.0
2010/12/07,262.8,262.8,239.8,239.8,17,239.8,100.0
2010/12/08,225.1,250.0,225.1,250.0,16,250,100.0
2010/12/09,230.0,235.0,230.0,235.0,13,235,100.0
2010/12/10,235.0,235.0,230.0,230.0,12,230,100.0
2010/12/13,235.0,240.0,235.0,240.0,5,240,100.0
2010/12/14,245.0,250.0,245.0,250.0,3,250,100.0
2010/12/15,245.0,245.0,245.0,245.0,2,245,100.0
2010/12/16,245.0,245.0,225.2,235.0,17,235,100.0
2010/12/17,228.0,228.0,226.1,226.1,11,226.1,100.0
2010/12/20,226.0,229.0,226.0,229.0,3,229,100.0
2010/12/21,229.0,229.9,220.0,229.9,13,229.9,100.0
2010/12/22,230.0,230.0,230.0,230.0,1,230,100.0
2010/12/24,230.0,230.0,230.0,230.0,1,230,100.0
2010/12/27,225.0,230.0,225.0,230.0,7,230,100.0
2010/12/28,230.0,230.5,230.0,230.0,4,230,100.0
2010/12/29,230.0,230.0,230.0,230.0,1,230,100.0
2010/12/30,241.5,255.0,241.5,249.0,30,249,100.0
2011/01/04,249.5,249.5,232.2,236.2,21,236.2,100.0
2011/01/05,237.0,252.0,237.0,249.5,11,249.5,100.0
2011/01/06,249.5,251.1,249.5,251.1,7,251.1,100.0
2011/01/07,260.0,260.0,260.0,260.0,1,260,100.0
2011/01/12,260.0,263.0,260.0,263.0,2,263,100.0
2011/01/13,262.0,275.4,262.0,275.4,7,275.4,100.0
2011/01/14,265.4,274.0,265.4,274.0,3,274,100.0
2011/01/17,265.0,265.0,247.0,255.0,35,255,100.0
2011/01/18,255.0,255.0,244.0,246.3,13,246.3,100.0
2011/01/19,250.0,253.5,244.8,253.5,5,253.5,100.0
2011/01/20,251.5,254.0,251.0,254.0,3,254,100.0
2011/01/21,250.0,250.0,250.0,250.0,4,250,100.0
2011/01/24,240.5,250.0,240.5,250.0,3,250,100.0
2011/01/25,237.0,240.0,237.0,240.0,4,240,100.0
2011/01/26,240.1,249.4,240.0,249.4,3,249.4,100.0
2011/01/27,249.5,259.0,249.5,259.0,10,259,100.0
2011/01/28,260.0,309.0,260.0,309.0,60,309,100.0
2011/01/31,305.0,379.0,287.0,377.0,103,377,100.0
2011/02/01,373.0,373.0,324.5,332.0,84,332,100.0
2011/02/02,311.0,320.0,308.0,309.0,29,309,100.0
2011/02/03,316.0,316.5,310.0,316.5,27,316.5,100.0
2011/02/04,320.0,333.0,320.0,333.0,15,333,100.0
2011/02/07,344.0,360.0,333.0,333.0,33,333,100.0
2011/02/08,333.0,350.0,326.0,350.0,29,350,100.0
2011/02/09,343.0,350.0,325.0,325.0,49,325,100.0
2011/02/10,329.0,329.0,329.0,329.0,1,329,100.0
2011/02/15,315.0,324.0,310.0,324.0,10,324,100.0
2011/02/16,316.0,316.0,310.0,310.0,5,310,100.0
2011/02/17,322.0,322.0,320.0,320.0,6,320,100.0
2011/02/18,321.0,321.0,321.0,321.0,4,321,100.0
2011/02/21,327.0,327.0,327.0,327.0,1,327,100.0
2011/02/22,322.0,322.0,320.0,320.0,3,320,100.0
2011/02/24,390.0,390.0,390.0,390.0,61,390,100.0
2011/02/25,396.0,460.0,390.0,460.0,317,460,100.0
2011/02/28,497.5,530.0,497.5,530.0,641,530,100.0
2011/03/01,530.0,629.0,481.5,484.0,524,484,100.0
2011/03/02,482.5,537.0,445.0,510.0,160,510,100.0
2011/03/03,510.0,523.0,482.0,522.0,133,522,100.0
2011/03/04,523.0,580.0,492.5,528.0,248,528,100.0
2011/03/07,503.0,515.0,500.0,515.0,24,515,100.0
2011/03/08,527.0,527.0,491.0,498.0,35,498,100.0
2011/03/09,484.0,485.0,466.0,479.0,23,479,100.0
2011/03/10,472.0,472.0,410.0,449.0,41,449,100.0
2011/03/11,435.5,435.5,401.5,435.0,11,435,100.0
2011/03/14,428.0,439.0,410.0,425.0,144,425,100.0
2011/03/15,419.0,419.0,355.0,355.0,10,355,100.0
2011/03/16,320.0,389.0,320.0,389.0,16,389,100.0
2011/03/17,370.0,405.0,370.0,405.0,4,405,100.0
2011/03/18,430.0,450.0,405.0,450.0,54,450,100.0
2011/03/22,500.0,500.0,450.0,484.0,18,484,100.0
2011/03/23,435.0,465.0,433.0,465.0,41,465,100.0
2011/03/24,461.5,465.0,450.0,450.0,18,450,100.0
2011/03/25,436.0,436.0,410.0,410.0,14,410,100.0
2011/03/28,382.0,388.0,377.0,378.0,11,378,100.0
2011/03/29,382.0,385.0,378.0,385.0,6,385,100.0
2011/03/30,385.0,385.0,385.0,385.0,5,385,100.0
2011/03/31,404.5,404.5,400.0,400.0,8,400,100.0
2011/04/01,386.0,386.0,375.0,375.0,4,375,100.0
2011/04/04,375.0,375.0,375.0,375.0,1,375,100.0
2011/04/08,354.0,380.0,354.0,380.0,3,380,100.0
2011/04/13,415.0,415.0,380.0,380.0,8,380,100.0
2011/04/14,350.0,350.0,350.0,350.0,1,350,100.0
2011/04/15,355.0,355.0,351.0,351.0,3,351,100.0
2011/04/19,337.0,337.0,337.0,337.0,3,337,100.0
2011/04/20,323.0,323.0,323.0,323.0,3,323,100.0
2011/04/21,327.5,340.0,326.0,340.0,7,340,100.0
2011/04/22,340.0,368.0,340.0,350.0,10,350,100.0
2011/04/25,368.0,368.0,368.0,368.0,1,368,100.0
2011/04/26,350.0,350.0,350.0,350.0,3,350,100.0
2011/04/27,343.0,343.0,343.0,343.0,1,343,100.0
2011/04/28,360.5,413.0,360.5,413.0,13,413,100.0
2011/05/02,482.0,483.0,481.0,483.0,92,483,100.0
2011/05/06,427.0,437.5,414.0,428.0,74,428,100.0
2011/05/09,428.0,440.0,420.0,420.0,14,420,100.0
2011/05/10,429.0,470.0,429.0,467.0,24,467,100.0
2011/05/11,467.0,467.5,438.0,438.0,25,438,100.0
2011/05/12,414.5,414.5,401.5,409.0,23,409,100.0
2011/05/13,408.5,408.5,381.0,408.5,4,408.5,100.0
2011/05/19,390.5,390.5,370.0,370.0,5,370,100.0
2011/05/20,370.0,370.0,369.0,369.0,2,369,100.0
2011/05/23,368.0,368.0,361.0,361.0,2,361,100.0
2011/05/24,338.5,338.5,328.5,332.0,20,332,100.0
2011/05/25,335.0,335.0,335.0,335.0,1,335,100.0
2011/05/26,342.0,360.0,342.0,360.0,4,360,100.0
2011/05/27,358.0,358.0,337.0,350.0,14,350,100.0
2011/05/30,349.0,350.0,345.0,350.0,4,350,100.0
2011/05/31,364.0,372.5,364.0,372.0,15,372,100.0
2011/06/01,370.0,370.0,370.0,370.0,4,370,100.0
2011/06/02,388.5,399.0,378.0,385.0,24,385,100.0
2011/06/03,399.0,399.5,386.0,386.0,8,386,100.0
2011/06/06,365.0,365.0,365.0,365.0,1,365,100.0
2011/06/07,370.0,390.0,369.0,370.0,20,370,100.0
2011/06/08,348.5,348.5,348.5,348.5,1,348.5,100.0
2011/06/09,360.0,360.0,352.0,352.0,3,352,100.0
2011/06/10,366.0,366.0,366.0,366.0,1,366,100.0
2011/06/14,345.0,345.0,345.0,345.0,5,345,100.0
2011/06/16,360.0,378.0,360.0,378.0,2,378,100.0
2011/06/17,360.0,360.0,360.0,360.0,5,360,100.0
2011/06/20,365.0,365.0,365.0,365.0,1,365,100.0
2011/06/21,370.0,370.0,370.0,370.0,2,370,100.0
2011/06/22,397.0,397.0,372.0,372.0,3,372,100.0
2011/06/24,419.5,419.5,380.0,380.0,4,380,100.0
2011/06/29,385.0,385.0,385.0,385.0,2,385,100.0
2011/06/30,404.5,455.0,404.5,455.0,68,455,100.0
2011/07/01,441.0,445.0,401.0,412.0,66,412,100.0
2011/07/04,412.0,416.0,401.0,401.0,7,401,100.0
2011/07/05,387.0,387.0,370.0,373.5,7,373.5,100.0
2011/07/07,400.0,400.0,400.0,400.0,3,400,100.0
2011/07/12,375.5,380.0,375.5,375.5,5,375.5,100.0
2011/07/13,375.0,375.0,375.0,375.0,2,375,100.0
2011/07/14,374.0,374.0,374.0,374.0,4,374,100.0
2011/07/15,369.0,369.0,369.0,369.0,1,369,100.0
2011/07/20,380.0,387.5,380.0,387.5,2,387.5,100.0
2011/07/22,387.0,387.0,387.0,387.0,1,387,100.0
2011/07/25,381.0,386.5,381.0,386.5,3,386.5,100.0
2011/07/26,358.5,386.5,358.5,386.5,3,386.5,100.0
2011/07/27,366.0,366.0,366.0,366.0,1,366,100.0
2011/07/28,366.0,366.0,365.0,365.0,5,365,100.0
2011/07/29,383.5,387.0,383.5,384.0,45,384,100.0
2011/08/01,420.0,420.0,420.0,420.0,1,420,100.0
2011/08/02,380.0,380.0,380.0,380.0,2,380,100.0
2011/08/04,389.0,389.0,389.0,389.0,1,389,100.0
2011/08/05,360.5,360.5,341.0,350.0,18,350,100.0
2011/08/08,369.0,369.0,350.0,350.0,6,350,100.0
2011/08/09,348.0,348.0,294.0,324.5,16,324.5,100.0
2011/08/10,370.0,370.0,345.0,345.0,2,345,100.0
2011/08/11,338.0,341.0,338.0,341.0,3,341,100.0
2011/08/12,347.0,347.0,347.0,347.0,2,347,100.0
2011/08/15,330.0,341.0,330.0,341.0,2,341,100.0
2011/08/16,411.0,411.0,405.0,405.0,32,405,100.0
2011/08/17,367.0,375.0,363.5,375.0,65,375,100.0
2011/08/18,370.0,370.0,370.0,370.0,1,370,100.0
2011/08/19,367.0,367.0,367.0,367.0,2,367,100.0
2011/08/25,372.0,375.0,353.0,353.0,15,353,100.0
2011/08/29,339.0,339.0,339.0,339.0,2,339,100.0
2011/08/30,367.0,381.0,367.0,381.0,2,381,100.0
2011/08/31,390.0,451.0,390.0,420.0,58,420,100.0
2011/09/01,399.0,401.0,399.0,400.0,15,400,100.0
2011/09/02,385.0,385.0,385.0,385.0,2,385,100.0
2011/09/06,383.0,383.0,383.0,383.0,1,383,100.0
2011/09/08,385.0,385.0,385.0,385.0,1,385,100.0
2011/09/09,395.0,395.0,395.0,395.0,1,395,100.0
2011/09/12,409.0,409.0,408.0,408.0,2,408,100.0
2011/09/13,408.0,408.0,378.0,378.0,3,378,100.0
2011/09/14,392.0,392.0,392.0,392.0,1,392,100.0
2011/09/15,381.0,381.0,381.0,381.0,1,381,100.0
2011/09/20,381.0,381.0,380.0,380.0,4,380,100.0
2011/09/22,360.0,360.0,360.0,360.0,1,360,100.0
2011/09/26,360.0,388.5,360.0,385.0,4,385,100.0
2011/09/27,389.0,389.0,385.0,385.0,3,385,100.0
2011/09/28,400,400,400,400,300,400,1
2011/09/29,400,400,400,400,200,400,1
2011/09/30,399,399,380,380,700,380,1
2011/10/05,356,356,355,355,200,355,1
2011/10/06,351,351,351,351,100,351,1
2011/10/11,367,367,367,367,100,367,1
2011/10/12,367,367,367,367,100,367,1
2011/10/17,367,367,367,367,100,367,1
2011/10/18,355,357,315,357,700,357,1
2011/10/19,334,335,329,329,1200,329,1
2011/10/21,333,333,333,333,100,333,1
2011/10/25,340,348,340,348,200,348,1
2011/10/26,348,348,348,348,100,348,1
2011/10/28,348,358,348,358,200,358,1
2011/10/31,376,376,376,376,500,376,1
2011/11/04,380,380,380,380,300,380,1
2011/11/07,380,380,380,380,300,380,1
2011/11/22,324,324,324,324,300,324,1
2011/11/24,320,320,320,320,100,320,1
2011/12/01,366,366,366,366,500,366,1
2011/12/02,385,385,350,350,500,350,1
2011/12/12,350,350,326,344,400,344,1
2011/12/20,320,320,320,320,100,320,1
2011/12/21,320,320,320,320,200,320,1
2011/12/28,335,335,335,335,100,335,1
2011/12/29,335,335,335,335,300,335,1
2011/12/30,350,350,350,350,600,350,1
2012/01/12,345,345,340,340,200,340,1
2012/01/19,329,329,329,329,100,329,1
2012/01/24,340,340,340,340,100,340,1
2012/01/25,358,377,358,377,200,377,1
2012/01/26,401,419,354,356,1600,356,1
2012/01/27,360,361,346,361,1100,361,1
2012/01/30,353,362,352,362,400,362,1
2012/01/31,381,400,381,400,600,400,1
2012/02/02,360,360,360,360,500,360,1
2012/02/06,345,352,345,352,500,352,1
2012/02/08,359,359,359,359,100,359,1
2012/02/13,365,365,349,349,600,349,1
2012/02/14,346,346,329,335,800,335,1
2012/02/15,340,340,340,340,100,340,1
2012/02/16,341,341,340,340,200,340,1
2012/02/20,324,324,324,324,100,324,1
2012/02/21,340,340,340,340,400,340,1
2012/02/23,331,331,331,331,200,331,1
2012/02/24,338,338,338,338,100,338,1
2012/02/27,369,385,369,385,1000,385,1
2012/02/28,360,370,360,370,400,370,1
2012/02/29,370,370,370,370,400,370,1
2012/03/01,350,350,350,350,900,350,1
2012/03/05,344,344,344,344,200,344,1
2012/03/07,340,340,334,334,300,334,1
2012/03/08,350,350,322,324,1200,324,1
2012/03/09,324,333,324,333,700,333,1
2012/03/21,326,326,326,326,400,326,1
2012/03/23,355,355,350,350,300,350,1
2012/03/27,350,350,350,350,1000,350,1
2012/03/28,328,328,328,328,100,328,1
2012/03/29,341,341,341,341,100,341,1
2012/03/30,358,358,324,330,1600,330,1
2012/04/02,330,330,330,330,200,330,1
2012/04/06,330,330,330,330,200,330,1
2012/04/13,322,322,322,322,200,322,1
2012/04/18,318,318,318,318,300,318,1
2012/04/19,333,333,333,333,100,333,1
2012/04/20,322,322,322,322,200,322,1
2012/04/24,330,330,330,330,100,330,1
2012/04/25,325,325,325,325,100,325,1
2012/04/26,329,329,329,329,100,329,1
2012/04/27,330,330,330,330,700,330,1
2012/05/02,319,319,317,317,1300,317,1
2012/05/07,310,310,310,310,200,310,1
2012/05/10,310,310,310,310,200,310,1
2012/05/11,310,310,310,310,100,310,1
2012/05/22,320,320,319,319,500,319,1
2012/05/29,324,325,324,325,400,325,1
2012/05/30,321,321,320,320,200,320,1
2012/05/31,336,336,336,336,1000,336,1
2012/06/14,336,336,336,336,500,336,1
2012/06/21,316,316,316,316,100,316,1
2012/06/29,357,357,357,357,500,357,1
2012/07/02,334,334,334,334,500,334,1
2012/07/04,332,332,332,332,100,332,1
2012/07/05,332,332,332,332,100,332,1
2012/07/11,332,332,332,332,200,332,1
2012/07/12,333,333,316,316,600,316,1
2012/07/17,303,303,303,303,100,303,1
2012/07/20,304,304,304,304,100,304,1
2012/07/24,304,304,304,304,100,304,1
2012/07/25,304,304,304,304,100,304,1
2012/08/01,336,336,336,336,1000,336,1
2012/08/02,353,353,353,353,1300,353,1
2012/08/07,371,371,371,371,100,371,1
2012/08/09,347,347,347,347,100,347,1
2012/08/10,323,323,323,323,100,323,1
2012/08/17,307,307,307,307,100,307,1
2012/08/20,308,308,308,308,400,308,1
2012/08/23,308,308,308,308,600,308,1
2012/08/28,313,313,310,311,900,311,1
2012/08/29,311,311,311,311,100,311,1
2012/08/31,313,320,313,320,700,320,1
2012/09/03,320,320,320,320,100,320,1
2012/09/11,310,310,310,310,1300,310,1
2012/09/27,316,324,316,320,300,320,1
2012/09/28,319,319,319,319,500,319,1
2012/10/04,320,320,320,320,100,320,1
2012/10/05,313,313,311,311,500,311,1
2012/10/09,318,319,318,319,300,319,1
2012/10/15,340,340,340,340,100,340,1
2012/10/19,314,314,314,314,100,314,1
2012/10/30,320,320,320,320,100,320,1
2012/10/31,336,336,336,336,500,336,1
2012/11/07,317,320,316,320,500,320,1
2012/11/15,316,316,316,316,300,316,1
2012/11/16,316,316,316,316,200,316,1
2012/11/19,316,316,316,316,200,316,1
2012/11/20,316,317,314,317,700,317,1
2012/11/21,340,340,340,340,200,340,1
2012/11/22,319,320,319,320,300,320,1
2012/11/26,320,322,320,321,300,321,1
2012/11/27,321,321,321,321,400,321,1
2012/11/28,314,314,314,314,200,314,1
2012/11/29,332,332,332,332,100,332,1
2012/11/30,349,349,349,349,900,349,1
2012/12/04,347,347,347,347,100,347,1
2012/12/05,331,342,329,329,1000,329,1
2012/12/10,331,331,331,331,300,331,1
2012/12/18,335,335,335,335,900,335,1
2012/12/19,339,344,339,344,900,344,1
2012/12/20,344,344,344,344,200,344,1
2012/12/21,345,350,326,326,500,326,1
2012/12/25,330,333,330,333,1800,333,1
2012/12/26,322,327,322,323,2800,323,1
2012/12/27,326,339,326,338,500,338,1
2012/12/28,347,347,347,347,400,347,1
2013/01/07,335,347,335,335,600,335,1
2013/01/08,343,348,343,348,200,348,1
2013/01/09,332,335,332,335,700,335,1
2013/01/10,336,336,336,336,100,336,1
2013/01/11,343,395,343,343,3300,343,1
2013/01/15,350,353,350,352,800,352,1
2013/01/16,351,353,351,351,500,351,1
2013/01/17,351,351,351,351,500,351,1
2013/01/18,351,351,351,351,300,351,1
2013/01/21,358,358,358,358,100,358,1
2013/01/22,350,350,350,350,200,350,1
2013/01/24,395,395,395,395,1000,395,1
2013/01/25,390,390,390,390,2800,390,1
2013/01/28,376,376,376,376,200,376,1
2013/01/30,393,471,391,471,2300,471,1
2013/01/31,479,479,450,465,6700,465,1
2013/02/01,489,489,465,465,800,465,1
2013/02/04,414,414,408,413,5700,413,1
2013/02/05,413,413,413,413,100,413,1
2013/02/06,405,405,405,405,100,405,1
2013/02/07,393,393,387,387,300,387,1
2013/02/12,366,366,361,361,1900,361,1
2013/02/13,353,353,353,353,100,353,1
2013/02/14,353,354,351,351,400,351,1
2013/02/15,351,351,351,351,100,351,1
2013/02/18,355,355,340,340,200,340,1
2013/02/19,349,349,349,349,200,349,1
2013/02/20,349,349,349,349,200,349,1
2013/02/21,350,350,350,350,100,350,1
2013/02/25,382,382,382,382,100,382,1
2013/02/26,358,358,358,358,200,358,1
2013/02/28,376,387,376,387,300,387,1
2013/03/01,390,410,389,410,3400,410,1
2013/03/04,409,417,409,417,1200,417,1
2013/03/05,410,425,410,425,1800,425,1
2013/03/06,434,448,434,448,2400,448,1
2013/03/07,451,490,451,490,3100,490,1
2013/03/08,519,519,510,510,1800,510,1
2013/03/11,515,540,510,512,8300,512,1
2013/03/13,510,560,510,510,1200,510,1
2013/03/14,555,560,555,560,300,560,1
2013/03/15,512,512,512,512,100,512,1
2013/03/18,512,512,512,512,100,512,1
2013/03/21,484,484,484,484,100,484,1
2013/03/22,495,495,495,495,300,495,1
2013/03/27,417,560,417,466,1100,466,1
2013/03/28,451,500,450,450,1200,450,1
2013/03/29,466,466,444,444,600,444,1
2013/04/03,455,455,455,455,200,455,1
2013/04/04,415,460,415,460,200,460,1
2013/04/05,484,484,436,436,700,436,1
2013/04/08,460,516,460,516,900,516,1
2013/04/09,464,488,464,488,600,488,1
2013/04/10,472,472,472,472,200,472,1
2013/04/11,488,488,480,480,300,480,1
2013/04/12,480,545,480,545,600,545,1
2013/04/15,543,545,543,545,300,545,1
2013/04/16,479,513,479,513,400,513,1
2013/04/17,513,513,480,480,900,480,1
2013/04/18,472,499,472,483,1100,483,1
2013/04/19,470,470,467,467,400,467,1
2013/04/22,461,461,461,461,100,461,1
2013/04/25,461,461,461,461,200,461,1
2013/04/26,465,465,464,464,200,464,1
2013/04/30,475,475,460,460,400,460,1
2013/05/02,449,465,449,465,200,465,1
2013/05/07,470,470,470,470,300,470,1
2013/05/08,471,502,471,502,3200,502,1
2013/05/09,505,505,502,505,1600,505,1
2013/05/10,545,545,545,545,800,545,1
2013/05/13,560,560,500,525,1000,525,1
2013/05/16,479,479,472,472,800,472,1
2013/05/17,524,531,524,531,200,531,1
2013/05/20,490,490,490,490,100,490,1
2013/05/21,490,490,490,490,200,490,1
2013/05/22,498,498,498,498,100,498,1
2013/05/24,450,458,450,450,900,450,1
2013/05/29,480,480,480,480,200,480,1
2013/05/30,480,480,480,480,100,480,1
2013/05/31,488,488,451,460,500,460,1
2013/06/03,460,460,455,455,300,455,1
2013/06/04,465,535,465,535,2700,535,1
2013/06/05,595,595,476,502,14600,502,1
2013/06/06,471,491,461,477,2700,477,1
2013/06/07,470,500,460,500,2100,500,1
2013/06/10,502,505,464,464,500,464,1
2013/06/11,480,500,464,467,700,467,1
2013/06/13,502,502,502,502,100,502,1
2013/06/14,500,500,474,474,300,474,1
2013/06/17,475,497,475,497,200,497,1
2013/06/19,495,495,495,495,1500,495,1
2013/06/24,495,495,495,495,100,495,1
2013/06/27,494,500,494,500,200,500,1
2013/06/28,500,500,449,457,8700,457,1
2013/07/01,457,459,451,451,1000,451,1
2013/07/02,455,455,445,445,300,445,1
2013/07/03,469,469,445,445,1600,445,1
2013/07/04,440,440,436,439,500,439,1
2013/07/05,431,444,431,444,1300,444,1
2013/07/08,448,448,448,448,300,448,1
2013/07/09,448,448,447,447,600,447,1
2013/07/10,448,448,448,448,100,448,1
2013/07/11,447,447,447,447,400,447,1
2013/07/12,423,439,423,439,600,439,1
2013/07/16,477,477,451,467,2100,467,1
2013/07/17,470,470,452,452,500,452,1
2013/07/18,440,446,440,446,800,446,1
2013/07/19,439,439,439,439,100,439,1
2013/07/23,431,431,431,431,100,431,1
2013/07/24,418,418,417,417,900,417,1
2013/07/26,417,417,417,417,300,417,1
2013/07/29,416,416,415,415,500,415,1
2013/07/30,391,391,391,391,300,391,1
2013/07/31,411,427,411,427,1700,427,1
2013/08/01,497,507,496,507,9700,507,1
2013/08/02,547,547,443,465,14100,465,1
2013/08/05,433,438,408,438,1500,438,1
2013/08/06,424,438,424,438,1200,438,1
2013/08/08,437,445,437,445,600,445,1
2013/08/09,438,438,421,421,1300,421,1
2013/08/12,425,425,420,420,300,420,1
2013/08/13,412,412,412,412,100,412,1
2013/08/16,412,412,412,412,1600,412,1
2013/08/19,428,429,407,407,300,407,1
2013/08/20,424,430,424,430,400,430,1
2013/08/27,429,429,429,429,100,429,1
2013/08/29,427,427,427,427,100,427,1
2013/08/30,426,426,426,426,200,426,1
2013/09/09,430,430,430,430,600,430,1
2013/09/10,430,430,430,430,100,430,1
2013/09/11,439,439,439,439,200,439,1
2013/09/12,430,430,430,430,200,430,1
2013/09/13,430,430,420,420,600,420,1
2013/09/17,420,420,420,420,300,420,1
2013/09/26,404,404,402,402,300,402,1
2013/09/27,415,415,415,415,100,415,1
2013/09/30,415,415,415,415,600,415,1
2013/10/01,408,408,408,408,100,408,1
2013/10/02,400,400,400,400,800,400,1
2013/10/03,397,397,397,397,100,397,1
2013/10/04,423,477,423,477,17000,477,1
2013/10/07,551,557,444,449,37300,449,1
2013/10/08,425,425,409,425,4800,425,1
2013/10/09,425,430,420,429,2200,429,1
2013/10/10,426,509,426,509,14300,509,1
2013/10/11,474,474,445,463,11200,463,1
2013/10/15,463,463,449,462,1900,462,1
2013/10/16,460,460,456,456,1900,456,1
2013/10/17,457,457,457,457,100,457,1
2013/10/18,458,458,454,458,1000,458,1
2013/10/21,459,459,459,459,500,459,1
2013/10/22,466,500,461,461,3000,461,1
2013/10/23,460,460,453,453,1300,453,1
2013/10/24,455,455,447,447,1000,447,1
2013/10/25,449,450,449,450,300,450,1
2013/10/28,450,499,450,485,2600,485,1
2013/10/29,470,515,470,515,2000,515,1
2013/10/30,504,504,495,495,1100,495,1
2013/10/31,502,502,462,470,2200,470,1
2013/11/01,470,502,467,471,500,471,1
2013/11/05,455,455,455,455,100,455,1
2013/11/06,449,449,449,449,300,449,1
2013/11/08,440,448,439,439,2000,439,1
2013/11/13,431,431,431,431,100,431,1
2013/11/14,447,447,432,432,400,432,1
2013/11/15,416,424,408,411,12700,411,1
2013/11/18,427,427,414,416,1400,416,1
2013/11/19,423,423,417,420,12100,420,1
2013/11/20,423,435,423,430,21100,430,1
2013/11/21,422,430,422,430,1100,430,1
2013/11/22,431,435,420,431,1100,431,1
2013/11/25,420,435,420,435,1100,435,1
2013/11/26,441,441,425,435,500,435,1
2013/11/27,435,438,435,438,1500,438,1
2013/11/28,438,445,438,445,700,445,1
2013/11/29,450,450,450,450,3600,450,1
2013/12/02,450,450,450,450,1000,450,1
2013/12/03,450,450,450,450,1300,450,1
2013/12/04,436,450,436,442,1200,442,1
2013/12/05,452,452,447,448,2000,448,1
2013/12/06,437,449,433,449,400,449,1
2013/12/10,438,438,438,438,500,438,1
2013/12/12,436,436,436,436,100,436,1
2013/12/13,435,435,430,430,1200,430,1
2013/12/16,423,425,412,412,1700,412,1
2013/12/17,417,417,417,417,100,417,1
2013/12/18,433,433,417,417,1300,417,1
2013/12/19,420,420,420,420,600,420,1
2013/12/20,412,412,411,411,2600,411,1
2013/12/24,411,415,411,415,300,415,1
2013/12/25,414,414,402,405,4000,405,1
2013/12/26,407,413,407,413,400,413,1
2013/12/27,420,420,420,420,200,420,1
2013/12/30,438,438,416,421,500,421,1
2014/01/06,421,421,408,408,3200,408,1
2014/01/07,414,414,408,408,800,408,1
2014/01/08,409,409,409,409,100,409,1
2014/01/09,411,417,411,417,200,417,1
2014/01/14,417,417,417,417,2000,417,1
2014/01/15,420,420,420,420,100,420,1
2014/01/20,428,428,426,426,200,426,1
2014/01/21,430,441,428,435,1100,435,1
2014/01/22,435,435,421,430,1400,430,1
2014/01/27,414,414,413,414,2800,414,1
2014/01/28,413,427,413,427,1100,427,1
2014/01/29,417,425,417,425,400,425,1
2014/01/30,425,425,425,425,100,425,1
2014/01/31,433,433,410,412,1300,412,1
2014/02/03,410,410,410,410,200,410,1
2014/02/04,407,416,400,414,1900,414,1
2014/02/05,413,413,389,406,400,406,1
2014/02/06,413,413,413,413,100,413,1
2014/02/07,414,414,414,414,1000,414,1
2014/02/10,419,419,406,406,400,406,1
2014/02/12,417,417,402,402,300,402,1
2014/02/13,400,400,400,400,300,400,1
2014/02/14,395,395,394,394,1300,394,1
2014/02/17,394,394,394,394,100,394,1
2014/02/18,391,391,391,391,100,391,1
2014/02/19,410,410,410,410,2000,410,1
2014/02/21,401,401,400,400,300,400,1
2014/02/25,415,415,415,415,200,415,1
2014/02/26,420,420,420,420,500,420,1
2014/02/27,425,425,420,420,500,420,1
2014/02/28,412,430,406,406,1100,406,1
2014/03/03,405,405,404,404,700,404,1
2014/03/04,400,400,400,400,500,400,1
2014/03/12,400,400,400,400,100,400,1
2014/03/14,410,410,398,398,200,398,1
2014/03/17,419,419,419,419,700,419,1
2014/03/18,395,403,395,400,800,400,1
2014/03/19,400,400,392,395,1000,395,1
2014/03/20,390,390,386,386,700,386,1
2014/03/24,385,400,385,400,200,400,1
2014/03/25,403,403,403,403,100,403,1
2014/03/26,408,408,408,408,100,408,1
2014/03/27,389,403,389,401,300,401,1
2014/03/28,402,402,401,402,300,402,1
2014/03/31,394,394,394,394,300,394,1
2014/04/02,404,404,404,404,100,404,1
2014/04/03,400,400,400,400,300,400,1
2014/04/04,392,400,392,400,1700,400,1
2014/04/09,390,390,389,389,200,389,1
2014/04/10,393,393,393,393,100,393,1
2014/04/11,388,388,387,387,200,387,1
2014/04/14,387,387,387,387,100,387,1
2014/04/17,400,400,400,400,500,400,1
2014/04/23,390,390,388,390,1100,390,1
2014/04/24,390,390,390,390,100,390,1
2014/04/25,390,390,390,390,1000,390,1
2014/04/30,406,406,390,390,800,390,1
2014/05/01,385,385,385,385,700,385,1
2014/05/02,380,380,380,380,500,380,1
2014/05/08,383,385,377,377,1000,377,1
2014/05/12,401,401,400,401,600,401,1
2014/05/13,385,385,376,376,500,376,1
2014/05/15,377,377,377,377,100,377,1
2014/05/16,377,377,377,377,100,377,1
2014/05/19,376,376,376,376,200,376,1
2014/05/20,384,384,384,384,100,384,1
2014/05/23,371,399,371,382,1400,382,1
2014/05/27,383,383,367,375,1500,375,1
2014/05/28,376,376,376,376,300,376,1
2014/05/29,390,390,390,390,100,390,1
2014/05/30,396,396,396,396,400,396,1
2014/06/02,384,384,384,384,500,384,1
2014/06/03,380,380,380,380,900,380,1
2014/06/04,372,376,372,374,3000,374,1
2014/06/05,375,375,375,375,100,375,1
2014/06/06,400,400,383,383,3500,383,1
2014/06/10,383,383,383,383,400,383,1
2014/06/16,385,385,385,385,400,385,1
2014/06/17,398,399,398,399,400,399,1
2014/06/18,410,426,406,406,2900,406,1
2014/06/19,422,424,422,424,300,424,1
2014/06/20,408,408,385,392,2400,392,1
2014/06/23,399,399,399,399,200,399,1
2014/06/27,407,407,407,407,200,407,1
2014/06/30,391,420,391,419,1300,419,1
2014/07/02,402,402,393,396,2800,396,1
2014/07/03,398,405,398,402,700,402,1
2014/07/04,398,400,398,400,200,400,1
2014/07/07,408,408,396,399,3300,399,1
2014/07/08,400,405,399,405,1100,405,1
2014/07/09,404,404,400,400,1600,400,1
2014/07/10,403,403,390,390,500,390,1
2014/07/16,415,415,415,415,200,415,1
2014/07/18,410,410,410,410,400,410,1
2014/07/22,401,401,401,401,100,401,1
2014/07/23,401,401,401,401,100,401,1
2014/07/25,405,405,405,405,100,405,1
2014/07/29,400,405,392,405,1000,405,1
2014/07/30,403,403,403,403,200,403,1
2014/07/31,405,405,400,405,1200,405,1
2014/08/01,404,404,404,404,100,404,1
2014/08/07,388,388,386,386,300,386,1
2014/08/12,410,410,400,400,1700,400,1
2014/08/13,400,410,400,410,2500,410,1
2014/08/14,394,430,394,410,3600,410,1
2014/08/19,395,405,395,400,3400,400,1
2014/08/20,395,395,395,395,100,395,1
2014/08/21,401,401,401,401,100,401,1
2014/08/22,398,398,398,398,200,398,1
2014/08/26,390,391,386,386,1400,386,1
2014/08/27,387,387,387,387,400,387,1
2014/08/28,390,400,390,400,800,400,1
2014/08/29,408,408,408,408,500,408,1
2014/09/03,406,406,396,396,800,396,1
2014/09/05,395,401,395,401,1700,401,1
2014/09/08,397,397,397,397,100,397,1
2014/09/10,397,397,396,396,300,396,1
2014/09/11,402,402,402,402,800,402,1
2014/09/12,402,403,402,403,300,403,1
2014/09/16,402,402,402,402,200,402,1
2014/09/17,408,430,403,404,4600,404,1
2014/09/18,406,406,402,402,1200,402,1
2014/09/25,405,405,398,398,1400,398,1
2014/09/30,400,400,400,400,200,400,1
2014/10/01,400,400,400,400,600,400,1
2014/10/02,391,391,382,382,1000,382,1
2014/10/03,385,385,385,385,200,385,1
2014/10/06,382,390,382,390,200,390,1
2014/10/07,382,382,382,382,100,382,1
2014/10/08,390,390,379,379,1300,379,1
2014/10/09,388,388,379,387,2600,387,1
2014/10/10,380,380,380,380,100,380,1
2014/10/14,380,394,378,391,600,391,1
2014/10/21,389,389,389,389,200,389,1
2014/10/22,381,381,381,381,1000,381,1
2014/10/29,389,389,389,389,100,389,1
2014/10/30,396,396,396,396,100,396,1
2014/10/31,394,394,393,394,500,394,1
2014/11/04,399,399,394,394,1700,394,1
2014/11/05,394,394,394,394,100,394,1
2014/11/06,386,390,386,390,2100,390,1
2014/11/07,390,400,390,400,300,400,1
2014/11/10,408,410,400,410,4700,410,1
2014/11/11,410,410,400,401,700,401,1
2014/11/12,409,409,408,408,300,408,1
2014/11/14,401,401,401,401,100,401,1
2014/11/17,399,399,391,391,1000,391,1
2014/11/18,391,391,390,391,700,391,1
2014/11/19,404,404,404,404,200,404,1
2014/11/20,391,396,391,396,300,396,1
2014/11/21,396,396,396,396,1000,396,1
2014/11/26,395,395,395,395,400,395,1
2014/11/27,402,402,400,400,1200,400,1
2014/11/28,400,400,400,400,300,400,1
2014/12/02,398,398,398,398,100,398,1
2014/12/04,395,395,395,395,800,395,1
2014/12/08,395,395,395,395,1000,395,1
2014/12/09,400,400,398,398,9500,398,1
2014/12/10,385,385,385,385,1900,385,1
2014/12/11,385,390,385,390,400,390,1
2014/12/12,390,390,390,390,100,390,1
2014/12/15,383,385,383,384,1000,384,1
2014/12/16,385,385,382,382,1100,382,1
2014/12/18,385,385,382,382,500,382,1
2014/12/19,385,400,385,395,1800,395,1
2014/12/22,387,387,387,387,400,387,1
2014/12/24,387,388,386,388,300,388,1
2014/12/25,387,396,386,386,600,386,1
2014/12/26,390,401,390,401,10500,401,1
2014/12/29,401,425,400,425,16000,425,1
2014/12/30,425,449,425,449,6400,449,1
2015/01/05,440,440,440,440,200,440,1
2015/01/06,420,422,407,422,400,422,1
2015/01/07,407,407,407,407,100,407,1
2015/01/08,422,422,410,419,500,419,1
2015/01/13,405,406,405,406,200,406,1
2015/01/14,406,406,406,406,100,406,1
2015/01/15,406,406,406,406,400,406,1
2015/01/16,404,412,404,410,600,410,1
2015/01/20,403,403,403,403,400,403,1
2015/01/23,420,420,420,420,100,420,1
2015/01/27,404,404,404,404,100,404,1
2015/01/30,433,434,426,426,600,426,1
2015/02/06,414,414,414,414,100,414,1
2015/02/12,405,405,405,405,200,405,1
2015/02/13,410,410,410,410,100,410,1
2015/02/16,410,410,409,409,300,409,1
2015/02/17,400,400,400,400,100,400,1
2015/02/19,401,401,401,401,5000,401,1
2015/02/20,401,401,401,401,300,401,1
2015/02/23,410,420,403,420,1800,420,1
2015/02/24,420,420,420,420,3700,420,1
2015/02/26,420,425,420,420,1500,420,1
2015/02/27,435,500,435,500,28800,500,1
2015/03/02,600,600,600,600,9100,600,1
2015/03/03,600,640,501,501,135300,501,1
2015/03/04,483,501,460,500,24000,500,1
2015/03/05,485,493,442,450,12600,450,1
2015/03/06,454,466,448,465,3500,465,1
2015/03/09,466,468,439,461,3000,461,1
2015/03/10,453,461,450,453,1700,453,1
2015/03/11,453,453,430,438,3200,438,1
2015/03/12,435,438,431,434,4900,434,1
2015/03/13,442,446,437,446,2200,446,1
2015/03/16,441,450,441,450,1100,450,1
2015/03/17,441,448,437,448,1600,448,1
2015/03/18,445,445,437,442,1800,442,1
2015/03/19,436,436,436,436,300,436,1
2015/03/20,432,437,421,437,900,437,1
2015/03/23,441,441,427,430,2300,430,1
2015/03/24,430,508,425,448,20900,448,1
2015/03/25,451,491,440,456,7200,456,1
2015/03/26,457,458,439,445,2200,445,1
2015/03/27,448,448,440,440,400,440,1
2015/03/30,436,442,431,431,1200,431,1
2015/03/31,438,438,433,433,300,433,1
2015/04/01,430,435,430,435,1200,435,1
2015/04/02,443,443,443,443,100,443,1
2015/04/03,429,430,429,430,2300,430,1
2015/04/06,426,428,425,428,1400,428,1
2015/04/07,427,430,418,430,700,430,1
2015/04/08,436,444,430,440,1700,440,1
2015/04/09,432,437,428,437,500,437,1
2015/04/10,430,438,430,432,300,432,1
2015/04/13,435,446,435,446,1400,446,1
2015/04/14,451,465,450,457,4100,457,1
2015/04/15,465,465,455,464,1400,464,1
2015/04/16,460,460,448,457,900,457,1
2015/04/17,448,455,448,455,1800,455,1
2015/04/20,446,455,437,455,1200,455,1
2015/04/22,439,445,439,445,600,445,1
2015/04/23,441,441,439,439,400,439,1
2015/04/24,436,442,435,442,400,442,1
2015/04/27,458,459,458,459,1000,459,1
2015/04/28,459,459,455,455,300,455,1
2015/04/30,454,454,454,454,100,454,1
2015/05/07,438,446,438,446,900,446,1
2015/05/08,438,440,433,440,400,440,1
2015/05/11,440,450,423,444,3700,444,1
2015/05/12,428,428,420,428,1800,428,1
2015/05/13,424,429,423,429,700,429,1
2015/05/15,426,426,422,425,300,425,1
2015/05/18,430,438,430,438,200,438,1
2015/05/21,430,435,430,435,200,435,1
2015/05/22,427,429,421,429,900,429,1
2015/05/27,431,431,431,431,100,431,1
2015/05/28,435,435,431,431,800,431,1
2015/05/29,437,437,427,429,1200,429,1
2015/06/01,430,430,423,430,1000,430,1
2015/06/02,423,430,423,430,300,430,1
2015/06/03,424,428,421,428,600,428,1
2015/06/04,427,427,423,423,400,423,1
2015/06/05,421,428,421,428,300,428,1
2015/06/08,474,474,438,463,10300,463,1
2015/06/09,460,460,446,453,700,453,1
2015/06/10,444,460,444,460,600,460,1
2015/06/12,464,464,464,464,500,464,1
2015/06/15,451,451,451,451,300,451,1
2015/06/16,440,444,430,444,800,444,1
2015/06/17,436,439,431,433,2500,433,1
2015/06/18,435,440,432,440,700,440,1
2015/06/19,445,520,445,520,168900,520,1
2015/06/22,600,620,553,606,190400,606,1
2015/06/23,526,540,507,507,166700,507,1
2015/06/24,500,502,477,485,37700,485,1
2015/06/25,498,499,478,485,14700,485,1
2015/06/26,483,500,475,500,9600,500,1
2015/06/29,470,477,460,472,7300,472,1
2015/06/30,479,490,450,450,5900,450,1
2015/07/01,452,475,452,463,8600,463,1
2015/07/02,468,479,464,473,2800,473,1
2015/07/03,478,478,450,455,6600,455,1
2015/07/06,453,466,453,454,3200,454,1
2015/07/07,455,473,455,459,4500,459,1
2015/07/08,459,462,441,454,8400,454,1
2015/07/09,441,455,430,455,4100,455,1
2015/07/10,443,455,440,442,2900,442,1
2015/07/13,450,455,442,448,3000,448,1
2015/07/14,447,466,446,466,5600,466,1
2015/07/15,466,466,452,460,3100,460,1
2015/07/16,459,460,451,460,500,460,1
2015/07/17,466,497,466,469,4800,469,1
2015/07/21,461,495,460,475,6300,475,1
2015/07/22,479,481,465,465,1500,465,1
2015/07/23,466,477,466,473,3400,473,1
2015/07/24,553,553,543,553,39500,553,1
2015/07/27,653,653,653,653,24900,653,1
2015/07/28,594,659,556,556,223400,556,1
2015/07/29,575,578,521,552,60800,552,1
2015/07/30,522,522,504,504,34500,504,1
2015/07/31,514,516,506,508,8200,508,1
2015/08/03,508,513,502,511,2700,511,1
2015/08/04,509,514,500,505,4300,505,1
2015/08/05,498,506,498,506,500,506,1
2015/08/06,496,496,492,492,2300,492,1
2015/08/07,493,493,480,481,3200,481,1
2015/08/10,481,500,481,500,6500,500,1
2015/08/11,476,480,470,474,8700,474,1
2015/08/12,474,474,462,462,5700,462,1
2015/08/13,463,475,463,472,1200,472,1
2015/08/14,475,476,470,475,2300,475,1
2015/08/17,476,500,476,488,10700,488,1
2015/08/18,488,501,486,501,6800,501,1
2015/08/19,502,503,491,501,4600,501,1
2015/08/20,505,520,500,503,7500,503,1
2015/08/21,477,493,474,493,5000,493,1
2015/08/24,453,462,437,440,13300,440,1
2015/08/25,408,443,408,411,12800,411,1
2015/08/26,411,433,411,429,2800,429,1
2015/08/27,421,433,410,411,10200,411,1
2015/08/28,424,424,421,424,3200,424,1
2015/08/31,425,426,423,425,2400,425,1
2015/09/01,422,425,420,420,1300,420,1
2015/09/02,414,420,403,415,1600,415,1
2015/09/03,416,424,416,424,300,424,1
2015/09/04,424,424,424,424,100,424,1
2015/09/07,417,417,400,409,4100,409,1
2015/09/08,404,407,399,407,2000,407,1
2015/09/09,400,423,400,423,2700,423,1
2015/09/10,403,411,399,405,3300,405,1
2015/09/11,402,428,402,428,2400,428,1
2015/09/14,420,428,418,428,700,428,1
2015/09/15,415,424,415,418,400,418,1
2015/09/16,425,425,413,413,900,413,1
2015/09/17,413,413,405,407,2400,407,1
2015/09/18,405,410,402,410,1300,410,1
2015/09/24,402,405,398,405,1700,405,1
2015/09/25,405,405,402,402,1000,402,1
2015/09/28,403,409,400,408,1100,408,1
2015/09/29,403,406,399,406,2000,406,1
2015/09/30,409,413,409,413,400,413,1
2015/10/01,406,414,406,407,4000,407,1
2015/10/05,415,416,410,411,1700,411,1
2015/10/06,415,422,415,419,1200,419,1
2015/10/07,415,421,413,420,1000,420,1
2015/10/08,418,418,417,417,500,417,1
2015/10/09,420,420,419,419,1100,419,1
2015/10/13,425,427,421,421,900,421,1
2015/10/14,421,421,415,417,600,417,1
2015/10/15,410,416,407,414,3500,414,1
2015/10/16,412,420,412,420,200,420,1
2015/10/19,422,426,418,418,3600,418,1
2015/10/20,422,476,422,470,32700,470,1
2015/10/21,470,483,456,457,14700,457,1
2015/10/22,456,456,435,438,5500,438,1
2015/10/23,449,453,436,436,2900,436,1
2015/10/26,444,445,440,445,700,445,1
2015/10/27,456,458,430,439,6700,439,1
2015/10/28,447,447,430,430,900,430,1
2015/10/29,438,441,430,438,2800,438,1
2015/10/30,440,442,434,434,600,434,1
2015/11/02,427,434,427,430,1700,430,1
2015/11/04,435,445,434,445,3000,445,1
2015/11/05,446,446,433,446,1800,446,1
2015/11/06,450,450,447,450,1500,450,1
2015/11/09,455,458,438,458,8000,458,1
2015/11/10,444,450,441,441,3000,441,1
2015/11/11,441,456,441,446,2800,446,1
2015/11/12,451,451,435,442,2300,442,1
2015/11/13,434,436,425,428,3300,428,1
2015/11/16,422,422,420,420,2700,420,1
2015/11/17,425,425,422,422,800,422,1
2015/11/18,424,431,424,430,3200,430,1
2015/11/19,439,439,426,427,1400,427,1
2015/11/20,427,448,423,448,2500,448,1
2015/11/24,448,454,440,454,1400,454,1
2015/11/25,452,456,448,455,3300,455,1
2015/11/26,455,455,451,452,800,452,1
2015/11/27,444,449,444,445,400,445,1
2015/11/30,445,448,437,448,1300,448,1
2015/12/01,448,448,440,444,300,444,1
2015/12/02,447,447,444,444,200,444,1
2015/12/03,445,445,442,442,200,442,1
2015/12/04,441,441,431,431,600,431,1
2015/12/07,431,435,428,430,1900,430,1
2015/12/08,432,432,428,431,500,431,1
2015/12/09,431,431,430,430,300,430,1
2015/12/10,431,431,431,431,100,431,1
2015/12/11,433,435,433,433,500,433,1
2015/12/14,428,437,428,437,600,437,1
2015/12/15,431,431,430,430,1500,430,1
2015/12/16,429,439,429,429,3900,429,1
2015/12/21,421,421,413,419,1400,419,1
2015/12/24,421,425,412,412,2300,412,1
2015/12/25,412,412,399,399,3100,399,1
2015/12/28,399,399,399,399,800,399,1
2015/12/29,408,411,406,406,1000,406,1
2015/12/30,412,412,412,412,400,412,1
2016/01/04,412,412,411,411,500,411,1
2016/01/05,407,407,406,406,600,406,1
2016/01/06,405,412,405,412,400,412,1
2016/01/08,404,404,404,404,200,404,1
2016/01/12,412,412,412,412,100,412,1
2016/01/13,409,409,409,409,100,409,1
2016/01/14,399,399,399,399,400,399,1
2016/01/15,398,406,398,398,1300,398,1
2016/01/18,396,396,396,396,400,396,1
2016/01/19,388,398,388,389,1000,389,1
2016/01/20,383,389,383,383,900,383,1
2016/01/21,384,390,370,370,700,370,1
2016/01/22,362,365,362,365,200,365,1
2016/01/25,366,372,365,365,2800,365,1
2016/01/26,364,364,362,362,600,362,1
2016/01/27,366,374,363,365,1800,365,1
2016/01/28,365,365,362,362,600,362,1
2016/01/29,368,368,362,368,800,368,1
2016/02/01,379,380,378,380,500,380,1
2016/02/02,375,375,370,373,900,373,1
2016/02/03,368,368,368,368,1000,368,1
2016/02/04,367,367,357,363,1900,363,1
2016/02/05,363,363,363,363,100,363,1
2016/02/08,356,361,355,355,500,355,1
2016/02/09,331,355,331,347,4200,347,1
2016/02/10,363,363,350,350,700,350,1
2016/02/12,340,341,337,337,5900,337,1
2016/02/15,333,334,330,334,3100,334,1
2016/02/16,334,334,320,324,2600,324,1
2016/02/17,329,329,329,329,100,329,1
2016/02/18,332,333,332,332,400,332,1
2016/02/19,340,343,340,343,200,343,1
2016/02/22,349,349,349,349,100,349,1
2016/02/24,340,340,340,340,100,340,1
2016/02/25,340,349,340,349,1600,349,1
2016/02/26,357,358,357,358,200,358,1
2016/02/29,366,366,358,358,600,358,1
2016/03/03,356,356,356,356,200,356,1
2016/03/04,343,354,343,347,500,347,1
2016/03/07,353,358,353,357,1600,357,1
2016/03/08,358,361,356,358,1300,358,1
2016/03/10,361,368,359,364,2400,364,1
2016/03/11,364,365,364,365,1300,365,1
2016/03/14,368,368,368,368,200,368,1
2016/03/15,369,372,367,372,900,372,1
2016/03/16,376,452,376,451,32900,451,1
2016/03/17,419,419,404,407,21700,407,1
2016/03/18,410,465,400,403,25500,403,1
2016/03/22,403,407,403,406,1000,406,1
2016/03/23,410,471,409,414,26500,414,1
2016/03/24,419,419,401,419,3600,419,1
2016/03/25,406,408,406,408,600,408,1
2016/03/28,408,420,390,418,7400,418,1
2016/03/29,405,420,405,420,500,420,1
2016/03/30,420,428,420,427,1000,427,1
2016/03/31,429,429,400,408,1300,408,1
2016/04/01,409,410,400,400,2500,400,1
2016/04/04,386,396,386,396,500,396,1
2016/04/05,390,390,390,390,200,390,1
2016/04/07,380,389,380,389,1100,389,1
2016/04/08,373,399,371,399,2000,399,1
2016/04/11,387,399,387,399,800,399,1
2016/04/12,399,399,383,386,1900,386,1
2016/04/13,394,402,390,402,900,402,1
2016/04/14,402,402,397,397,600,397,1
2016/04/15,391,391,390,390,1100,390,1
2016/04/18,387,387,371,371,2000,371,1
2016/04/19,372,372,355,371,1900,371,1
2016/04/20,380,381,376,376,2100,376,1
2016/04/21,376,381,376,378,700,378,1
2016/04/22,378,385,378,378,1100,378,1
2016/04/25,426,430,381,384,26100,384,1
2016/04/26,385,387,383,387,1500,387,1
2016/04/27,380,380,378,378,800,378,1
2016/04/28,375,383,375,378,2100,378,1
2016/05/02,373,378,372,372,600,372,1
2016/05/09,378,378,378,378,200,378,1
2016/05/10,370,380,370,380,1400,380,1
2016/05/11,380,395,373,395,2000,395,1
2016/05/12,380,390,380,390,1800,390,1
2016/05/13,382,382,378,378,600,378,1
2016/05/16,375,378,374,374,800,374,1
2016/05/17,373,397,373,381,1300,381,1
2016/05/18,376,376,370,371,1800,371,1
2016/05/19,372,372,372,372,500,372,1
2016/05/23,371,372,371,372,600,372,1
2016/05/24,371,371,365,365,1300,365,1
2016/05/25,367,367,367,367,200,367,1
2016/05/26,367,375,367,367,1200,367,1
2016/05/27,367,367,367,367,100,367,1
2016/05/30,368,371,368,371,1600,371,1
2016/05/31,375,375,375,375,300,375,1
2016/06/01,375,375,367,369,1400,369,1
2016/06/02,366,375,366,370,1400,370,1
2016/06/06,362,370,360,370,1700,370,1
2016/06/09,370,370,367,367,400,367,1
2016/06/10,368,369,367,367,400,367,1
2016/06/13,362,363,362,362,400,362,1
2016/06/14,362,362,355,355,1200,355,1
2016/06/15,355,355,350,351,1500,351,1
2016/06/16,345,347,334,334,800,334,1
2016/06/17,340,342,340,342,700,342,1
2016/06/20,342,349,342,349,200,349,1
2016/06/21,357,357,355,355,500,355,1
2016/06/22,351,359,351,359,200,359,1
2016/06/24,359,359,324,324,1700,324,1
2016/06/27,326,329,326,329,500,329,1
2016/06/28,340,377,340,348,21600,348,1
2016/06/29,340,345,335,342,7000,342,1
2016/06/30,350,350,343,344,2100,344,1
2016/07/01,345,345,345,345,100,345,1
2016/07/04,345,345,341,345,900,345,1
2016/07/05,352,352,343,344,700,344,1
2016/07/06,343,344,343,343,500,343,1
2016/07/08,338,340,327,334,1900,334,1
2016/07/11,344,344,344,344,200,344,1
2016/07/12,351,351,343,343,600,343,1
2016/07/13,343,343,343,343,100,343,1
2016/07/15,344,347,343,347,600,347,1
2016/07/19,350,355,350,355,400,355,1
2016/07/20,358,358,358,358,100,358,1
2016/07/21,355,360,355,360,500,360,1
2016/07/25,352,353,352,353,300,353,1
2016/07/26,354,354,350,350,900,350,1
2016/07/27,356,356,352,352,300,352,1
2016/07/29,367,390,335,350,25700,350,1
2016/08/01,350,350,350,350,500,350,1
2016/08/03,346,354,346,354,300,354,1
2016/08/04,353,354,353,354,700,354,1
2016/08/12,350,350,350,350,100,350,1
2016/08/18,355,358,355,358,1100,358,1
2016/08/19,344,344,344,344,200,344,1
2016/08/22,345,345,344,344,800,344,1
2016/08/23,345,345,345,345,100,345,1
2016/08/24,342,343,342,343,600,343,1
2016/08/25,343,343,342,342,600,342,1
2016/08/26,343,343,343,343,100,343,1
2016/08/29,341,348,340,348,700,348,1
2016/08/30,353,353,350,350,200,350,1
2016/08/31,352,352,345,346,1400,346,1
2016/09/01,345,345,344,344,400,344,1
2016/09/02,344,346,344,346,400,346,1
2016/09/05,344,348,344,345,2300,345,1
2016/09/06,348,348,348,348,300,348,1
2016/09/07,343,344,342,343,1300,343,1
2016/09/08,343,345,343,345,200,345,1
2016/09/09,346,347,345,345,500,345,1
2016/09/13,342,342,342,342,100,342,1
2016/09/14,343,343,343,343,200,343,1
2016/09/15,342,342,341,341,500,341,1
2016/09/16,341,343,338,342,3100,342,1
2016/09/20,342,359,340,350,12600,350,1
2016/09/21,349,360,349,360,2500,360,1
2016/09/23,352,368,352,360,3600,360,1
2016/09/26,368,368,365,365,900,365,1
2016/09/27,357,364,356,360,1100,360,1
2016/09/28,360,360,360,360,100,360,1
2016/09/29,368,368,368,368,100,368,1
2016/09/30,366,366,360,366,400,366,1
2016/10/03,361,361,360,360,400,360,1
2016/10/04,360,360,360,360,600,360,1
2016/10/05,356,370,354,362,2000,362,1
2016/10/06,362,370,362,370,1200,370,1
2016/10/07,365,365,362,362,700,362,1
2016/10/11,361,371,361,371,400,371,1
2016/10/12,364,376,364,366,1000,366,1
2016/10/13,366,372,364,372,1300,372,1
2016/10/14,365,365,365,365,100,365,1
2016/10/17,365,366,365,365,2000,365,1
2016/10/19,365,365,365,365,300,365,1
2016/10/20,371,375,365,368,3700,368,1
2016/10/21,370,370,370,370,100,370,1
2016/10/24,370,370,360,360,1000,360,1
2016/10/25,368,368,364,364,200,364,1
2016/10/26,370,370,370,370,1200,370,1
2016/10/27,371,379,371,376,6500,376,1
2016/10/28,372,376,372,376,600,376,1
2016/10/31,379,380,379,380,800,380,1
2016/11/01,380,385,380,382,2100,382,1
2016/11/02,380,380,375,376,1300,376,1
2016/11/04,372,372,369,370,1200,370,1
2016/11/07,376,376,363,370,1400,370,1
2016/11/08,402,402,370,371,19700,371,1
2016/11/09,375,384,346,353,9100,353,1
2016/11/10,367,371,363,363,800,363,1
2016/11/11,361,363,361,362,1400,362,1
2016/11/14,361,370,360,365,2300,365,1
2016/11/15,364,364,364,364,1000,364,1
2016/11/16,364,365,364,365,200,365,1
2016/11/18,366,366,366,366,100,366,1
2016/11/21,366,371,361,370,2400,370,1
2016/11/22,370,370,370,370,400,370,1
2016/11/24,366,370,366,370,800,370,1
2016/11/25,373,375,367,375,1500,375,1
2016/11/28,374,387,374,380,6200,380,1
2016/11/29,379,379,363,375,2900,375,1
2016/11/30,379,379,377,378,2700,378,1
2016/12/01,383,396,383,388,10000,388,1
2016/12/02,380,381,380,380,2600,380,1
2016/12/05,385,385,380,380,400,380,1
2016/12/06,382,382,375,375,400,375,1
2016/12/07,380,380,380,380,400,380,1
2016/12/08,384,385,375,385,1700,385,1
2016/12/09,380,384,380,384,1100,384,1
2016/12/12,382,402,382,386,4800,386,1
2016/12/13,390,390,385,385,2600,385,1
2016/12/16,386,386,385,386,1500,386,1
2016/12/19,386,386,386,386,1700,386,1
2016/12/20,385,385,385,385,1000,385,1
2016/12/21,385,385,385,385,500,385,1
2016/12/22,385,385,383,383,1000,383,1
2016/12/26,380,386,380,383,3800,383,1
2016/12/27,380,380,380,380,500,380,1
2016/12/29,380,385,376,384,1300,384,1
2016/12/30,388,388,380,380,600,380,1
2017/01/04,389,389,384,389,600,389,1
2017/01/05,388,390,385,385,2800,385,1
2017/01/06,389,389,386,386,500,386,1
2017/01/10,383,411,383,396,2200,396,1
2017/01/11,404,405,395,395,600,395,1
2017/01/12,400,400,400,400,800,400,1
2017/01/13,401,401,401,401,300,401,1
2017/01/16,402,402,402,402,200,402,1
2017/01/17,400,400,400,400,100,400,1
2017/01/19,397,397,397,397,300,397,1
2017/01/20,397,397,397,397,300,397,1
2017/01/23,399,399,399,399,300,399,1
2017/01/24,400,400,394,400,2100,400,1
2017/01/26,403,403,400,401,1300,401,1
2017/01/27,400,400,400,400,1400,400,1
2017/01/30,403,408,403,408,200,408,1
2017/01/31,408,409,401,401,2100,401,1
2017/02/03,396,396,396,396,200,396,1
2017/02/07,397,397,397,397,100,397,1
2017/02/08,398,405,398,401,1300,401,1
2017/02/09,401,405,400,405,1900,405,1
2017/02/10,406,406,406,406,300,406,1
2017/02/13,409,409,406,406,1400,406,1
2017/02/14,426,426,411,422,10400,422,1
2017/02/15,421,430,416,417,5900,417,1
2017/02/17,416,416,411,411,3600,411,1
2017/02/20,410,417,410,417,1200,417,1
2017/02/21,413,413,413,413,200,413,1
2017/02/22,421,421,421,421,1100,421,1
2017/02/23,420,420,420,420,1200,420,1
2017/02/24,419,425,419,425,1000,425,1
2017/02/27,433,435,425,435,6800,435,1
2017/02/28,438,438,430,430,700,430,1
2017/03/01,428,430,428,430,300,430,1
2017/03/02,438,444,438,444,2600,444,1
2017/03/03,438,438,436,436,3800,436,1
2017/03/06,438,443,436,442,4900,442,1
2017/03/07,441,441,423,423,3800,423,1
2017/03/08,428,433,425,432,2300,432,1
2017/03/09,433,433,422,422,4700,422,1
2017/03/10,423,423,423,423,100,423,1
2017/03/13,431,435,431,431,1800,431,1
2017/03/14,431,438,430,438,600,438,1
2017/03/15,438,442,437,437,2000,437,1
2017/03/16,438,443,431,435,2200,435,1
2017/03/17,439,441,432,437,1200,437,1
2017/03/21,436,445,436,445,1300,445,1
2017/03/22,446,446,437,446,1600,446,1
2017/03/23,446,446,440,441,1400,441,1
2017/03/24,441,448,441,448,800,448,1
2017/03/27,447,452,443,452,4300,452,1
2017/03/28,456,460,447,450,1100,450,1
2017/03/29,434,450,434,450,700,450,1
2017/03/30,448,450,448,450,800,450,1
2017/03/31,458,460,452,455,3200,455,1
2017/04/03,455,466,454,455,15900,455,1
2017/04/04,456,463,454,463,4900,463,1
2017/04/05,461,469,453,463,12000,463,1
2017/04/06,469,469,446,453,13500,453,1
2017/04/07,450,450,440,450,3800,450,1
2017/04/10,445,445,445,445,200,445,1
2017/04/11,457,457,452,452,1600,452,1
2017/04/12,452,452,441,441,2000,441,1
2017/04/13,457,462,455,462,9400,462,1
2017/04/14,450,455,450,454,5300,454,1
2017/04/18,457,475,457,465,6500,465,1
2017/04/19,473,475,468,471,3400,471,1
2017/04/20,471,472,471,471,1800,471,1
2017/04/24,477,484,476,476,1700,476,1
2017/04/25,484,484,484,484,1100,484,1
2017/04/26,483,486,483,486,2100,486,1
2017/04/27,485,485,478,478,700,478,1
2017/04/28,484,484,476,477,600,477,1
2017/05/01,472,480,462,472,2400,472,1
2017/05/02,472,477,469,477,800,477,1
2017/05/08,480,493,475,493,6700,493,1
2017/05/09,497,530,497,530,6500,530,1
2017/05/10,512,525,512,524,3800,524,1
2017/05/11,515,523,507,523,4600,523,1
2017/05/12,493,494,484,491,11000,491,1
2017/05/15,487,500,482,500,7700,500,1
2017/05/16,500,500,495,495,200,495,1
2017/05/17,490,499,490,499,400,499,1
2017/05/18,490,498,480,498,7600,498,1
2017/05/19,490,508,490,502,1600,502,1
2017/05/22,541,541,512,531,10700,531,1
2017/05/23,540,540,521,525,2100,525,1
2017/05/24,522,522,520,521,400,521,1
2017/05/25,521,521,515,515,900,515,1
2017/05/26,515,515,505,515,2400,515,1
2017/05/29,525,525,520,520,200,520,1
2017/05/31,526,526,523,523,1600,523,1
2017/06/01,529,529,518,518,800,518,1
2017/06/02,511,518,510,513,1800,513,1
2017/06/05,510,513,510,512,1900,512,1
2017/06/06,522,527,516,516,1100,516,1
2017/06/07,512,515,503,515,3300,515,1
2017/06/08,524,547,515,524,10100,524,1
2017/06/09,532,532,518,522,1800,522,1
2017/06/12,512,521,512,512,3400,512,1
2017/06/13,512,514,511,511,1600,511,1
2017/06/14,512,514,511,511,1200,511,1
2017/06/15,511,511,476,503,11500,503,1
2017/06/16,493,500,493,500,600,500,1
2017/06/19,494,503,494,495,1400,495,1
2017/06/20,495,501,480,487,8200,487,1
2017/06/21,491,495,486,489,1600,489,1
2017/06/23,489,497,489,496,1400,496,1
2017/06/26,499,510,495,502,1900,502,1
2017/06/27,509,520,509,512,3100,512,1
2017/06/28,518,518,514,516,3700,516,1
2017/06/29,518,520,513,515,1300,515,1
2017/06/30,515,515,511,514,1500,514,1
2017/07/03,511,528,511,524,4700,524,1
2017/07/04,516,523,513,515,3000,515,1
2017/07/05,511,522,511,522,2100,522,1
2017/07/10,517,520,517,520,600,520,1
2017/07/11,521,529,520,523,2900,523,1
2017/07/12,523,527,521,526,3300,526,1
2017/07/14,526,534,525,533,2000,533,1
2017/07/18,523,549,523,548,2600,548,1
2017/07/19,547,549,547,549,1000,549,1
2017/07/20,549,550,549,550,600,550,1
2017/07/21,550,574,550,574,2100,574,1
2017/07/24,587,595,583,595,2600,595,1
2017/07/25,585,610,574,610,2100,610,1
2017/07/26,610,610,601,609,2400,609,1
2017/07/27,592,604,592,604,1700,604,1
2017/07/28,603,603,591,602,1000,602,1
2017/07/31,592,599,592,599,1700,599,1
2017/08/01,595,595,576,588,8300,588,1
2017/08/02,593,597,593,597,500,597,1
2017/08/03,590,596,589,596,4400,596,1
2017/08/04,596,598,596,598,3300,598,1
2017/08/07,599,600,599,599,4200,599,1
2017/08/08,599,600,596,600,4800,600,1
2017/08/09,600,609,590,609,7500,609,1
2017/08/10,709,709,709,709,3600,709,1
2017/08/14,844,850,740,756,89800,756,1
2017/08/15,771,775,720,733,15900,733,1
2017/08/16,718,752,715,730,7600,730,1
2017/08/17,734,734,726,729,6800,729,1
2017/08/18,725,740,725,740,4500,740,1
2017/08/21,741,760,741,750,2600,750,1
2017/08/22,780,780,753,754,10600,754,1
2017/08/23,777,904,777,904,60600,904,1
2017/08/24,919,934,846,859,48400,859,1
2017/08/25,836,857,800,857,24800,857,1
2017/08/28,860,862,812,820,15600,820,1
2017/08/29,843,860,835,860,7600,860,1
2017/08/30,900,900,860,899,8100,899,1
2017/08/31,899,970,899,964,26600,964,1
2017/09/01,928,970,891,959,12700,959,1
2017/09/04,985,985,934,968,4700,968,1
2017/09/05,948,962,888,889,4900,889,1
2017/09/06,829,865,820,860,8500,860,1
2017/09/07,847,878,821,821,4700,821,1
2017/09/08,825,868,805,868,4800,868,1
2017/09/11,838,845,823,840,3600,840,1
2017/09/12,841,868,841,861,5200,861,1
2017/09/13,870,870,861,865,1300,865,1
2017/09/14,870,872,855,869,1900,869,1
2017/09/15,889,934,876,911,5900,911,1
2017/09/19,971,971,916,941,8500,941,1
2017/09/20,930,948,930,948,5700,948,1
2017/09/21,949,950,930,930,4600,930,1
2017/09/22,930,944,921,944,2000,944,1
2017/09/25,929,929,901,929,3900,929,1
2017/09/26,933,937,888,896,17000,896,1
2017/09/27,911,926,900,910,9400,910,1
2017/09/28,915,915,901,907,2900,907,1
2017/09/29,906,906,896,899,1200,899,1
2017/10/02,899,899,880,888,8000,888,1
2017/10/03,889,895,888,891,3800,891,1
2017/10/04,891,922,891,922,2600,922,1
2017/10/05,920,925,910,910,2000,910,1
2017/10/06,895,910,895,909,3100,909,1
2017/10/10,900,915,891,891,2300,891,1
2017/10/11,889,894,876,876,5900,876,1
2017/10/12,877,884,863,863,4400,863,1
2017/10/13,852,864,850,855,3400,855,1
2017/10/16,855,875,855,861,1000,861,1
2017/10/17,862,862,843,845,2200,845,1
2017/10/18,847,855,830,830,3300,830,1
2017/10/19,830,844,830,835,400,835,1
2017/10/20,850,850,850,850,200,850,1
2017/10/23,878,878,860,860,1600,860,1
2017/10/24,855,867,855,867,1000,867,1
2017/10/25,859,894,856,879,9600,879,1
2017/10/26,864,899,860,896,4700,896,1
2017/10/27,893,906,892,902,2500,902,1
2017/10/30,903,903,898,900,3300,900,1
2017/10/31,907,915,896,914,8900,914,1
2017/11/01,917,917,900,900,2800,900,1
2017/11/02,903,915,903,914,3200,914,1
2017/11/06,920,948,905,922,17200,922,1
2017/11/07,907,927,900,922,4000,922,1
2017/11/08,905,918,902,903,3400,903,1
2017/11/09,798,808,787,790,50000,790,1
2017/11/10,793,795,781,792,7200,792,1
2017/11/13,787,787,740,756,8900,756,1
2017/11/14,740,740,699,710,17500,710,1
2017/11/15,717,717,684,691,7100,691,1
2017/11/16,707,710,703,703,2800,703,1
2017/11/17,703,704,695,704,600,704,1
2017/11/20,710,727,710,724,3500,724,1
2017/11/21,716,739,710,734,4200,734,1
2017/11/22,735,740,726,731,1100,731,1
2017/11/24,732,732,725,727,800,727,1
2017/11/27,723,725,722,723,1200,723,1
2017/11/28,709,719,709,714,1000,714,1
2017/11/29,712,719,712,719,400,719,1
2017/11/30,715,715,703,706,3200,706,1
2017/12/01,712,715,708,714,2200,714,1
2017/12/04,714,714,713,713,900,713,1
2017/12/05,709,710,705,705,2400,705,1
2017/12/06,705,705,703,703,2200,703,1
2017/12/07,701,701,701,701,1200,701,1
2017/12/08,707,716,707,715,1200,715,1
2017/12/11,726,735,726,734,4900,734,1
2017/12/12,749,775,744,768,8600,768,1
2017/12/13,765,765,758,765,2500,765,1
2017/12/14,768,768,752,766,1000,766,1
2017/12/15,752,752,749,749,1300,749,1
2017/12/18,725,728,725,725,900,725,1
2017/12/19,715,717,714,715,1700,715,1
2017/12/20,713,713,708,708,2700,708,1
2017/12/21,711,722,711,712,400,712,1
2017/12/22,712,715,712,714,400,714,1
2017/12/25,714,714,711,711,6800,711,1
2017/12/26,702,704,693,699,6500,699,1
2017/12/27,701,707,701,707,1200,707,1
2017/12/28,709,710,706,706,1800,706,1
2017/12/29,706,709,700,700,800,700,1
2018/01/04,699,699,699,699,300,699,1
2018/01/05,694,699,684,699,4900,699,1
2018/01/09,707,707,688,692,2900,692,1
2018/01/10,698,698,698,698,100,698,1
2018/01/11,701,701,701,701,300,701,1
2018/01/12,696,700,694,700,800,700,1
2018/01/15,695,697,693,693,1800,693,1
2018/01/16,693,693,686,693,2600,693,1
2018/01/17,695,695,685,695,2100,695,1
2018/01/18,695,695,687,689,2200,689,1
2018/01/19,686,686,670,674,2500,674,1
2018/01/22,674,678,674,678,600,678,1
2018/01/23,679,691,679,691,2700,691,1
2018/01/24,691,696,690,695,2300,695,1
2018/01/25,694,695,694,694,900,694,1
2018/01/26,694,694,691,691,800,691,1
2018/01/29,684,686,678,678,2900,678,1
2018/01/30,681,681,679,679,1000,679,1
2018/01/31,679,680,675,675,900,675,1
2018/02/01,676,678,672,672,600,672,1
2018/02/02,668,668,660,662,2500,662,1
2018/02/05,657,657,656,656,300,656,1
2018/02/06,601,612,601,610,6800,610,1
2018/02/07,650,650,635,635,2800,635,1
2018/02/08,645,665,645,665,600,665,1
2018/02/09,620,634,620,624,1500,624,1
2018/02/13,654,655,651,655,5000,655,1
2018/02/14,625,625,602,610,5000,610,1
2018/02/15,601,603,594,603,2100,603,1
2018/02/16,613,613,600,600,1400,600,1
2018/02/19,596,607,595,598,4700,598,1
2018/02/20,617,617,603,608,400,608,1
2018/02/21,598,602,598,601,300,601,1
2018/02/22,601,601,582,582,2300,582,1
2018/02/23,592,598,588,588,1200,588,1
2018/02/26,592,599,588,599,2500,599,1
2018/02/27,596,596,585,585,6600,585,1
2018/02/28,605,605,595,597,2000,597,1
2018/03/01,595,595,587,587,200,587,1
2018/03/02,583,583,576,582,1100,582,1
2018/03/05,573,573,573,573,5000,573,1
2018/03/06,568,586,568,576,1200,576,1
2018/03/08,573,573,573,573,500,573,1
2018/03/09,573,580,570,580,1500,580,1
2018/03/12,579,585,576,576,1300,576,1
2018/03/13,584,584,584,584,300,584,1
2018/03/14,584,590,584,590,2600,590,1
2018/03/15,590,590,590,590,200,590,1
2018/03/16,589,600,589,600,10600,600,1
2018/03/19,599,614,598,614,2800,614,1
2018/03/20,620,620,619,619,2000,619,1
2018/03/22,625,629,624,629,2600,629,1
2018/03/26,629,638,612,638,1100,638,1
2018/03/27,638,638,628,628,2500,628,1
2018/03/28,610,613,610,613,400,613,1
2018/03/29,623,629,623,626,700,626,1
2018/03/30,636,636,626,626,300,626,1
2018/04/02,636,636,636,636,1400,636,1
2018/04/03,626,626,619,619,200,619,1
2018/04/04,639,639,639,639,1000,639,1
2018/04/05,640,640,640,640,2600,640,1
2018/04/06,627,627,618,618,2200,618,1
2018/04/09,618,618,601,601,4200,601,1
2018/04/10,611,611,611,611,100,611,1
2018/04/12,604,604,603,603,300,603,1
2018/04/17,613,617,591,601,7100,601,1
2018/04/18,601,601,600,600,700,600,1
2018/04/19,600,600,600,600,300,600,1
2018/04/20,600,600,600,600,200,600,1
2018/04/23,612,614,609,614,1200,614,1
2018/04/24,601,602,596,598,2300,598,1
2018/04/25,590,595,590,591,1800,591,1
2018/04/26,590,590,583,583,1000,583,1
2018/04/27,589,589,582,582,1000,582,1
2018/05/01,581,581,578,578,1700,578,1
2018/05/02,578,583,565,583,4200,583,1
2018/05/07,580,585,579,585,1800,585,1
2018/05/08,585,585,585,585,200,585,1
2018/05/09,585,586,582,586,4000,586,1
2018/05/10,586,586,586,586,200,586,1
2018/05/11,583,585,580,585,1100,585,1
2018/05/14,585,585,566,567,3200,567,1
2018/05/15,567,573,566,566,2100,566,1
2018/05/16,560,570,560,570,1800,570,1
2018/05/17,570,574,566,566,1100,566,1
2018/05/18,561,563,561,563,300,563,1
2018/05/21,573,582,573,582,1700,582,1
2018/05/22,592,612,585,596,4100,596,1
2018/05/23,597,597,597,597,700,597,1
2018/05/24,587,598,587,596,800,596,1
2018/05/25,606,606,605,605,1700,605,1
2018/05/28,608,639,608,639,5300,639,1
2018/05/29,639,643,635,639,5800,639,1
2018/05/30,629,647,629,647,3800,647,1
2018/05/31,649,669,649,669,5100,669,1
2018/06/01,675,683,673,683,6700,683,1
2018/06/04,700,725,691,702,12800,702,1
2018/06/05,732,765,716,746,28500,746,1
2018/06/06,761,761,705,755,26700,755,1
2018/06/07,755,755,720,743,13300,743,1
2018/06/08,731,732,711,717,3500,717,1
2018/06/11,717,717,660,704,13800,704,1
2018/06/12,709,733,695,698,14600,698,1
2018/06/13,706,706,670,675,10300,675,1
2018/06/14,683,698,650,650,5400,650,1
2018/06/15,650,669,650,669,4900,669,1
2018/06/18,655,672,643,672,11700,672,1
2018/06/19,657,667,657,667,1300,667,1
2018/06/20,673,673,666,666,700,666,1
2018/06/21,660,660,649,649,4200,649,1
2018/06/22,649,649,610,633,2900,633,1
2018/06/25,633,633,621,622,1400,622,1
2018/06/26,622,622,600,607,2800,607,1
2018/06/27,613,613,561,585,4100,585,1
2018/06/28,575,600,566,600,6200,600,1
2018/06/29,610,610,590,599,1600,599,1
2018/07/02,599,599,578,578,900,578,1
2018/07/03,571,578,551,560,3300,560,1
2018/07/04,563,563,559,559,900,559,1
2018/07/05,549,549,541,541,800,541,1
2018/07/06,535,559,535,550,5200,550,1
2018/07/09,550,552,540,552,1600,552,1
2018/07/10,562,563,562,563,200,563,1
2018/07/11,553,563,553,558,300,558,1
2018/07/12,555,578,555,578,500,578,1
2018/07/13,570,570,560,560,3400,560,1
2018/07/17,575,576,575,576,900,576,1
2018/07/18,577,577,560,575,1100,575,1
2018/07/19,585,590,585,590,800,590,1
2018/07/20,576,577,566,577,700,577,1
2018/07/23,569,575,569,575,1600,575,1
2018/07/24,578,580,560,564,1500,564,1
2018/07/25,564,582,564,582,400,582,1
2018/07/26,572,573,567,567,600,567,1
2018/07/27,567,567,555,558,1300,558,1
2018/07/30,565,565,565,565,200,565,1
2018/07/31,580,585,561,561,17000,561,1
2018/08/01,591,591,580,590,5100,590,1
2018/08/02,590,590,578,578,800,578,1
2018/08/03,568,568,566,566,300,566,1
2018/08/07,586,586,585,586,800,586,1
2018/08/08,588,588,588,588,1000,588,1
2018/08/10,568,577,565,565,1800,565,1
2018/08/14,555,555,555,555,100,555,1
