2011/07/11,708.5,713.5,706.5,706.5,25400,706.5,2.0
2011/07/12,691.5,707.0,691.5,702.0,11700,702,2.0
2011/07/13,698.0,705.0,698.0,702.0,5100,702,2.0
2011/07/14,705.0,705.0,700.0,704.0,7500,704,2.0
2011/07/15,703.5,707.0,702.5,707.0,5300,707,2.0
2011/07/19,705.5,707.5,705.0,707.0,2600,707,2.0
2011/07/20,706.0,707.0,705.0,705.0,7300,705,2.0
2011/07/21,706.0,707.5,701.5,701.5,8000,701.5,2.0
2011/07/22,703.0,705.0,702.0,705.0,4900,705,2.0
2011/07/25,706.0,706.5,703.5,703.5,1100,703.5,2.0
2011/07/26,706.0,706.0,703.5,705.5,3000,705.5,2.0
2011/07/27,705.5,705.5,702.5,704.5,2600,704.5,2.0
2011/07/28,702.5,708.0,702.0,706.0,4200,706,2.0
2011/07/29,707.5,715.0,703.0,706.0,6100,706,2.0
2011/08/01,703.0,717.0,702.0,703.0,3500,703,2.0
2011/08/02,703.5,703.5,703.0,703.0,500,703,2.0
2011/08/03,703.0,703.0,695.0,699.5,6000,699.5,2.0
2011/08/04,696.0,701.5,696.0,701.5,2200,701.5,2.0
2011/08/05,694.5,694.5,680.0,686.0,9700,686,2.0
2011/08/08,683.0,683.0,668.0,670.5,6200,670.5,2.0
2011/08/09,659.5,682.0,647.0,682.0,7200,682,2.0
2011/08/10,680.5,683.0,672.0,672.0,3100,672,2.0
2011/08/11,665.0,665.0,655.0,663.5,2100,663.5,2.0
2011/08/12,668.5,675.0,658.0,658.0,2100,658,2.0
2011/08/15,660.0,665.0,658.5,658.5,1600,658.5,2.0
2011/08/16,658.5,665.0,658.5,665.0,1000,665,2.0
2011/08/17,670.0,670.0,664.0,668.0,600,668,2.0
2011/08/18,665.0,665.5,665.0,665.0,900,665,2.0
2011/08/19,663.0,663.0,653.0,653.0,2100,653,2.0
2011/08/22,653.0,653.0,652.5,653.0,1800,653,2.0
2011/08/23,655.5,655.5,651.0,651.0,1300,651,2.0
2011/08/24,652.0,652.0,650.5,650.5,1500,650.5,2.0
2011/08/25,652.5,657.5,650.5,652.0,1200,652,2.0
2011/08/26,655.5,655.5,650.5,652.5,1500,652.5,2.0
2011/08/29,652.0,652.0,647.0,647.0,3100,647,2.0
2011/08/30,647.0,654.0,646.5,647.0,5600,647,2.0
2011/08/31,647.5,650.0,646.5,649.5,2300,649.5,2.0
2011/09/01,649.5,651.5,647.5,651.5,3500,651.5,2.0
2011/09/02,651.0,651.0,648.0,650.5,4100,650.5,2.0
2011/09/05,647.5,650.5,647.0,647.5,2900,647.5,2.0
2011/09/06,646.5,648.0,645.0,645.0,2400,645,2.0
2011/09/07,648.5,654.5,648.5,650.0,1500,650,2.0
2011/09/08,654.5,659.0,654.5,659.0,1500,659,2.0
2011/09/09,659.0,673.5,659.0,670.0,2100,670,2.0
2011/09/12,670.0,670.0,652.5,657.5,2700,657.5,2.0
2011/09/13,655.0,660.0,640.0,659.5,8800,659.5,2.0
2011/09/14,663.0,663.0,645.0,651.0,5400,651,2.0
2011/09/15,651.5,655.5,645.5,648.0,10700,648,2.0
2011/09/16,649.0,655.0,648.5,649.0,15800,649,2.0
2011/09/20,650.0,655.0,646.0,649.5,14400,649.5,2.0
2011/09/21,650.0,650.0,646.0,646.0,8400,646,2.0
2011/09/22,647.0,649.0,644.0,648.0,6400,648,2.0
2011/09/26,648.0,648.0,610.5,620.0,14100,620,2.0
2011/09/27,623.5,626.5,604.0,605.0,43600,605,2.0
2011/09/28,602.0,602.0,590.0,590.0,32100,590,2.0
2011/09/29,585.5,618.5,581.0,613.5,23700,613.5,2.0
2011/09/30,619.5,642.0,619.0,633.0,19300,633,2.0
2011/10/03,627.5,635.5,617.5,631.0,6900,631,2.0
2011/10/04,625.0,630.0,608.0,613.0,10600,613,2.0
2011/10/05,598.0,608.0,591.5,591.5,26100,591.5,2.0
2011/10/06,590.5,605.0,582.5,593.5,16600,593.5,2.0
2011/10/07,598.0,603.0,595.0,603.0,5500,603,2.0
2011/10/11,610.0,620.0,603.0,603.5,9400,603.5,2.0
2011/10/12,605.0,612.5,600.0,608.0,5900,608,2.0
2011/10/13,608.0,609.0,607.5,608.0,11400,608,2.0
2011/10/14,608.0,608.0,599.5,604.0,6400,604,2.0
2011/10/17,605.0,609.5,605.0,608.0,5400,608,2.0
2011/10/18,605.5,607.0,599.5,599.5,4200,599.5,2.0
2011/10/19,600.0,607.0,600.0,601.5,1400,601.5,2.0
2011/10/20,604.5,604.5,594.0,600.0,7000,600,2.0
2011/10/21,590.5,600.0,590.5,600.0,5300,600,2.0
2011/10/24,596.0,598.0,593.0,595.0,7900,595,2.0
2011/10/25,595.0,595.0,588.5,588.5,10500,588.5,2.0
2011/10/26,589.5,590.5,588.0,588.5,4900,588.5,2.0
2011/10/27,590.0,594.0,581.5,583.0,13600,583,2.0
2011/10/28,587.0,595.0,582.5,591.0,12200,591,2.0
2011/10/31,591.5,596.5,591.5,593.0,7100,593,2.0
2011/11/01,592.5,592.5,583.0,585.5,9000,585.5,2.0
2011/11/02,582.0,582.0,572.0,572.0,26800,572,2.0
2011/11/04,572.0,574.0,559.5,561.5,15400,561.5,2.0
2011/11/07,561.5,570.0,561.5,568.0,8800,568,2.0
2011/11/08,572.0,574.5,565.5,574.5,13100,574.5,2.0
2011/11/09,565.5,574.0,563.0,574.0,8600,574,2.0
2011/11/10,550.0,562.5,549.5,562.5,21200,562.5,2.0
2011/11/11,559.5,562.0,555.5,559.5,6900,559.5,2.0
2011/11/14,551.0,555.0,546.0,550.5,12000,550.5,2.0
2011/11/15,542.5,561.0,542.5,553.5,12100,553.5,2.0
2011/11/16,548.0,548.0,537.5,544.5,21500,544.5,2.0
2011/11/17,532.0,548.5,527.5,541.0,22700,541,2.0
2011/11/18,537.5,537.5,530.0,532.5,8800,532.5,2.0
2011/11/21,528.5,543.0,528.5,543.0,8100,543,2.0
2011/11/22,538.0,539.0,530.5,531.0,13200,531,2.0
2011/11/24,530.5,530.5,525.0,526.5,13600,526.5,2.0
2011/11/25,521.5,524.5,520.0,523.0,7900,523,2.0
2011/11/28,523.0,558.0,499.0,549.5,67300,549.5,2.0
2011/11/29,547.5,555.5,531.0,539.0,13000,539,2.0
2011/11/30,531.0,541.0,517.5,523.0,14800,523,2.0
2011/12/01,525.5,527.5,509.0,513.0,23100,513,2.0
2011/12/02,507.5,524.5,507.5,511.5,13200,511.5,2.0
2011/12/05,520.0,528.0,517.0,525.0,10500,525,2.0
2011/12/06,522.5,522.5,516.0,522.0,32200,522,2.0
2011/12/07,522.0,522.5,518.0,522.5,29100,522.5,2.0
2011/12/08,522.5,536.0,518.0,523.0,30600,523,2.0
2011/12/09,521.0,532.0,520.5,531.5,11100,531.5,2.0
2011/12/12,532.5,540.0,532.5,540.0,17100,540,2.0
2011/12/13,541.5,547.0,532.5,534.0,19900,534,2.0
2011/12/14,534.5,541.5,520.0,520.0,34200,520,2.0
2011/12/15,520.5,520.5,506.5,510.0,37000,510,2.0
2011/12/16,512.5,516.0,508.0,516.0,13400,516,2.0
2011/12/19,517.0,524.5,514.0,523.0,13800,523,2.0
2011/12/20,526.0,541.0,525.5,540.5,43000,540.5,2.0
2011/12/21,542.5,542.5,533.0,536.5,7800,536.5,2.0
2011/12/22,536.5,545.0,536.5,545.0,12300,545,2.0
2011/12/26,548.5,551.5,545.0,547.0,44500,547,2.0
2011/12/27,554.0,557.0,548.0,552.5,18100,552.5,2.0
2011/12/28,555.5,570.0,555.5,565.5,18700,565.5,2.0
2011/12/29,566.0,574.0,560.5,572.5,23800,572.5,2.0
2011/12/30,577.0,584.5,574.0,580.5,19500,580.5,2.0
2012/01/04,592.0,597.5,587.0,597.5,27000,597.5,2.0
2012/01/05,599.0,599.5,576.0,591.0,31900,591,2.0
2012/01/06,587.5,591.0,581.5,590.5,14300,590.5,2.0
2012/01/10,590.0,590.0,576.5,589.0,15000,589,2.0
2012/01/11,587.5,588.0,582.0,585.0,11200,585,2.0
2012/01/12,578.0,578.0,544.5,554.5,34900,554.5,2.0
2012/01/13,559.0,565.0,552.5,563.0,16500,563,2.0
2012/01/16,560.5,571.5,560.5,571.5,12600,571.5,2.0
2012/01/17,571.5,574.5,571.5,574.5,12500,574.5,2.0
2012/01/18,575.0,577.5,571.5,573.0,21300,573,2.0
2012/01/19,573.0,579.5,570.5,576.0,25700,576,2.0
2012/01/20,576.5,590.0,575.0,588.5,17300,588.5,2.0
2012/01/23,589.0,591.5,583.0,584.5,16100,584.5,2.0
2012/01/24,582.5,589.0,579.5,588.0,7600,588,2.0
2012/01/25,589.5,590.0,584.0,588.5,15700,588.5,2.0
2012/01/26,589.5,591.5,588.5,591.0,7600,591,2.0
2012/01/27,591.0,594.0,591.0,593.0,18300,593,2.0
2012/01/30,597.0,597.0,592.5,594.5,12600,594.5,2.0
2012/01/31,593.5,596.0,593.0,596.0,7600,596,2.0
2012/02/01,551.0,560.0,534.5,552.5,79400,552.5,2.0
2012/02/02,574.0,574.0,558.5,561.5,23000,561.5,2.0
2012/02/03,562.0,567.5,561.5,564.0,11800,564,2.0
2012/02/06,567.5,577.5,567.5,575.0,18400,575,2.0
2012/02/07,573.0,581.0,573.0,575.5,6300,575.5,2.0
2012/02/08,579.0,583.0,579.0,583.0,9700,583,2.0
2012/02/09,583.5,584.0,581.5,583.5,6800,583.5,2.0
2012/02/10,580.0,581.0,577.5,579.0,3700,579,2.0
2012/02/13,575.0,578.5,574.0,576.0,13400,576,2.0
2012/02/14,578.5,583.0,576.0,582.5,5400,582.5,2.0
2012/02/15,580.0,582.5,572.5,574.0,11700,574,2.0
2012/02/16,581.5,581.5,573.0,580.0,22200,580,2.0
2012/02/17,578.0,582.5,572.5,572.5,39100,572.5,2.0
2012/02/20,581.5,581.5,573.0,579.5,14000,579.5,2.0
2012/02/21,581.5,589.0,579.5,587.0,18200,587,2.0
2012/02/22,587.0,591.5,587.0,590.5,7700,590.5,2.0
2012/02/23,592.0,600.0,591.5,600.0,19300,600,2.0
2012/02/24,603.5,605.5,587.5,593.5,22500,593.5,2.0
2012/02/27,593.5,597.5,589.0,595.0,14900,595,2.0
2012/02/28,595.0,597.5,588.0,595.5,22700,595.5,2.0
2012/02/29,596.0,605.0,595.5,597.0,20300,597,2.0
2012/03/01,597.5,608.5,597.0,601.5,12300,601.5,2.0
2012/03/02,608.5,610.5,598.0,610.0,13200,610,2.0
2012/03/05,615.0,620.0,614.5,619.5,19300,619.5,2.0
2012/03/06,624.0,636.0,617.0,633.5,19500,633.5,2.0
2012/03/07,632.5,635.5,625.0,635.5,10900,635.5,2.0
2012/03/08,635.0,638.0,627.5,632.5,10500,632.5,2.0
2012/03/09,632.5,634.0,622.5,625.0,12700,625,2.0
2012/03/12,621.0,634.0,621.0,632.0,4800,632,2.0
2012/03/13,632.5,634.0,630.0,632.5,12400,632.5,2.0
2012/03/14,635.0,635.0,628.0,631.0,30700,631,2.0
2012/03/15,630.5,638.0,630.0,637.5,8200,637.5,2.0
2012/03/16,637.5,640.0,620.5,639.0,28000,639,2.0
2012/03/19,639.0,641.0,637.5,639.5,9000,639.5,2.0
2012/03/21,639.0,639.5,627.5,628.5,18300,628.5,2.0
2012/03/22,634.5,636.5,620.0,623.0,11600,623,2.0
2012/03/23,620.0,630.0,616.0,630.0,11300,630,2.0
2012/03/26,630.0,631.5,626.0,630.5,8900,630.5,2.0
2012/03/27,631.0,639.5,630.5,639.0,12400,639,2.0
2012/03/28,635.0,638.5,630.0,637.5,8400,637.5,2.0
2012/03/29,635.0,636.5,627.5,635.0,9500,635,2.0
2012/03/30,635.0,635.0,627.5,635.0,7100,635,2.0
2012/04/02,635.0,636.0,627.5,635.0,7100,635,2.0
2012/04/03,634.0,635.0,630.5,635.0,19700,635,2.0
2012/04/04,630.5,634.0,627.5,633.5,19400,633.5,2.0
2012/04/05,629.5,630.0,619.5,630.0,11800,630,2.0
2012/04/06,629.0,631.5,622.5,623.0,16500,623,2.0
2012/04/09,628.5,628.5,608.5,614.5,10500,614.5,2.0
2012/04/10,611.5,618.0,608.0,608.0,4900,608,2.0
2012/04/11,606.0,615.0,600.5,615.0,10800,615,2.0
2012/04/12,615.0,615.0,605.5,613.0,3100,613,2.0
2012/04/13,615.0,615.0,607.5,613.0,3700,613,2.0
2012/04/16,613.0,616.5,610.0,616.5,7200,616.5,2.0
2012/04/17,605.0,618.0,605.0,613.0,11100,613,2.0
2012/04/18,617.5,620.0,606.0,606.0,10400,606,2.0
2012/04/19,613.5,613.5,605.5,613.5,9300,613.5,2.0
2012/04/20,615.0,615.0,606.0,614.0,5900,614,2.0
2012/04/23,615.0,615.0,610.0,614.5,5000,614.5,2.0
2012/04/24,572.5,582.5,557.0,564.0,65700,564,2.0
2012/04/25,559.0,574.0,559.0,571.0,39100,571,2.0
2012/04/26,585.0,585.0,570.0,572.0,21300,572,2.0
2012/04/27,572.0,582.5,570.5,579.5,16800,579.5,2.0
2012/05/01,581.5,581.5,569.0,570.5,25200,570.5,2.0
2012/05/02,572.0,572.0,555.5,557.0,16900,557,2.0
2012/05/07,551.0,559.0,542.5,548.5,13800,548.5,2.0
2012/05/08,550.0,550.0,536.0,537.0,15800,537,2.0
2012/05/09,539.0,547.5,537.5,547.5,4300,547.5,2.0
2012/05/10,540.0,555.5,538.5,547.5,11200,547.5,2.0
2012/05/11,545.0,558.5,545.0,558.0,11900,558,2.0
2012/05/14,563.5,569.5,558.0,565.0,19700,565,2.0
2012/05/15,565.0,590.0,557.5,590.0,32900,590,2.0
2012/05/16,575.0,579.5,563.5,574.5,29800,574.5,2.0
2012/05/17,575.0,578.0,572.5,575.0,19000,575,2.0
2012/05/18,565.5,567.5,550.0,560.0,11900,560,2.0
2012/05/21,545.0,556.5,544.0,549.0,9400,549,2.0
2012/05/22,547.5,555.5,547.5,555.0,1800,555,2.0
2012/05/23,550.0,551.0,545.0,550.0,8700,550,2.0
2012/05/24,549.0,549.0,537.5,540.0,7700,540,2.0
2012/05/25,535.5,535.5,525.0,535.0,9500,535,2.0
2012/05/28,535.0,539.0,535.0,535.0,6700,535,2.0
2012/05/29,537.5,542.5,537.5,542.5,7000,542.5,2.0
2012/05/30,545.0,547.0,542.0,546.0,4400,546,2.0
2012/05/31,543.5,550.0,535.5,540.0,24400,540,2.0
2012/06/01,542.0,548.0,530.0,542.0,12000,542,2.0
2012/06/04,528.5,535.0,526.5,530.0,14200,530,2.0
2012/06/05,530.5,540.0,515.0,535.0,23300,535,2.0
2012/06/06,539.0,540.0,535.0,535.5,9600,535.5,2.0
2012/06/07,543.5,557.5,542.5,557.5,29100,557.5,2.0
2012/06/08,552.5,552.5,545.0,550.0,27500,550,2.0
2012/06/11,557.5,558.5,547.0,550.0,51700,550,2.0
2012/06/12,550.0,558.5,544.5,558.5,22700,558.5,2.0
2012/06/13,552.5,558.0,545.0,549.0,41100,549,2.0
2012/06/14,550.0,557.0,545.0,555.0,8000,555,2.0
2012/06/15,555.0,574.5,549.5,569.5,18800,569.5,2.0
2012/06/18,575.0,585.0,560.0,584.0,23400,584,2.0
2012/06/19,597.5,601.0,587.0,594.0,42000,594,2.0
2012/06/20,583.0,586.0,577.5,577.5,16000,577.5,2.0
2012/06/21,574.5,590.5,574.5,583.0,9000,583,2.0
2012/06/22,584.5,587.0,581.5,586.0,13600,586,2.0
2012/06/25,596.5,604.5,594.0,602.5,25000,602.5,2.0
2012/06/26,605.0,619.0,605.0,619.0,23400,619,2.0
2012/06/27,624.0,637.0,624.0,630.5,52900,630.5,2.0
2012/06/28,631.5,640.0,630.5,633.5,43700,633.5,2.0
2012/06/29,633.5,633.5,618.0,633.5,28100,633.5,2.0
2012/07/02,640.0,659.0,635.0,637.5,50900,637.5,2.0
2012/07/03,650.0,651.5,640.5,645.5,35500,645.5,2.0
2012/07/04,657.5,670.0,647.5,668.0,64100,668,2.0
2012/07/05,653.0,659.5,637.5,641.5,87000,641.5,2.0
2012/07/06,642.0,674.0,641.0,660.0,61600,660,2.0
2012/07/09,659.0,671.0,651.0,665.0,62600,665,2.0
2012/07/10,664.5,671.5,661.0,666.0,27700,666,2.0
2012/07/11,665.0,666.0,652.0,659.5,18200,659.5,2.0
2012/07/12,662.5,662.5,647.5,649.0,17400,649,2.0
2012/07/13,649.0,652.5,643.0,652.5,7400,652.5,2.0
2012/07/17,652.5,657.5,650.0,655.0,12000,655,2.0
2012/07/18,653.0,660.0,653.0,653.0,17600,653,2.0
2012/07/19,651.5,651.5,647.5,650.0,17900,650,2.0
2012/07/20,648.5,652.5,647.5,651.5,15900,651.5,2.0
2012/07/23,644.0,645.5,639.0,641.5,25500,641.5,2.0
2012/07/24,639.0,641.5,633.5,639.0,18600,639,2.0
2012/07/25,640.0,650.0,640.0,643.0,19400,643,2.0
2012/07/26,649.0,662.5,645.5,662.5,15000,662.5,2.0
2012/07/27,663.0,664.0,656.0,660.0,15100,660,2.0
2012/07/30,661.5,662.5,646.0,650.0,27500,650,2.0
2012/07/31,649.0,649.0,635.0,635.0,15400,635,2.0
2012/08/01,635.0,635.0,615.0,618.0,54700,618,2.0
2012/08/02,616.5,623.5,615.0,621.0,40500,621,2.0
2012/08/03,620.0,634.0,620.0,628.0,32800,628,2.0
2012/08/06,630.5,637.5,630.0,637.5,21000,637.5,2.0
2012/08/07,638.5,649.5,638.5,649.5,27200,649.5,2.0
2012/08/08,649.5,651.5,633.5,633.5,40900,633.5,2.0
2012/08/09,635.5,644.5,635.0,636.0,23900,636,2.0
2012/08/10,638.0,645.0,637.5,645.0,20100,645,2.0
2012/08/13,645.0,658.5,645.0,657.0,27400,657,2.0
2012/08/14,657.0,662.5,650.5,657.5,30900,657.5,2.0
2012/08/15,660.0,660.0,651.5,651.5,7700,651.5,2.0
2012/08/16,651.5,656.0,647.0,648.0,21700,648,2.0
2012/08/17,647.5,651.5,645.0,646.5,10800,646.5,2.0
2012/08/20,646.5,648.0,641.0,644.0,12300,644,2.0
2012/08/21,644.0,650.0,644.0,649.0,22700,649,2.0
2012/08/22,650.0,652.0,646.0,646.0,21300,646,2.0
2012/08/23,645.0,654.5,643.0,649.0,27600,649,2.0
2012/08/24,647.0,651.5,647.0,647.0,17700,647,2.0
2012/08/27,650.0,651.0,647.5,649.5,27400,649.5,2.0
2012/08/28,650.0,653.5,649.0,650.5,44700,650.5,2.0
2012/08/29,650.0,650.0,625.0,625.0,72400,625,2.0
2012/08/30,620.5,647.5,620.0,630.0,338200,630,2.0
2012/08/31,630.0,642.0,616.5,622.5,73200,622.5,2.0
2012/09/03,619.0,638.0,611.0,618.5,40800,618.5,2.0
2012/09/04,625.0,638.5,621.0,630.0,33800,630,2.0
2012/09/05,623.0,641.5,623.0,641.5,9900,641.5,2.0
2012/09/06,641.0,645.0,628.0,631.0,10900,631,2.0
2012/09/07,626.5,640.0,624.5,628.5,21900,628.5,2.0
2012/09/10,628.5,643.0,625.5,643.0,6800,643,2.0
2012/09/11,638.5,638.5,621.5,626.0,14500,626,2.0
2012/09/12,629.0,634.5,620.5,634.5,10100,634.5,2.0
2012/09/13,626.5,634.5,625.5,631.0,11000,631,2.0
2012/09/14,631.5,645.0,630.0,645.0,11500,645,2.0
2012/09/18,644.5,647.5,640.0,641.5,13100,641.5,2.0
2012/09/19,646.0,646.5,642.0,645.5,4700,645.5,2.0
2012/09/20,645.0,645.0,639.5,640.5,6900,640.5,2.0
2012/09/21,637.5,638.0,602.0,621.5,27300,621.5,2.0
2012/09/24,620.0,621.0,617.5,619.0,11200,619,2.0
2012/09/25,617.5,623.5,617.5,621.0,9900,621,2.0
2012/09/26,617.0,634.0,616.5,632.5,9700,632.5,2.0
2012/09/27,632.5,638.5,630.0,635.5,7500,635.5,2.0
2012/09/28,639.5,643.5,633.5,643.0,12800,643,2.0
2012/10/01,638.5,638.5,628.5,631.5,4600,631.5,2.0
2012/10/02,637.0,637.0,624.5,636.0,7300,636,2.0
2012/10/03,636.0,641.0,621.0,634.0,9800,634,2.0
2012/10/04,622.0,631.0,622.0,624.0,2400,624,2.0
2012/10/05,622.5,627.5,615.0,615.0,13500,615,2.0
2012/10/09,627.5,627.5,614.5,616.0,4900,616,2.0
2012/10/10,614.0,617.5,610.5,610.5,9600,610.5,2.0
2012/10/11,608.5,611.5,605.0,608.0,6000,608,2.0
2012/10/12,617.5,617.5,605.0,613.5,2400,613.5,2.0
2012/10/15,618.5,618.5,614.0,614.0,900,614,2.0
2012/10/16,610.0,615.0,600.0,601.5,17400,601.5,2.0
2012/10/17,601.5,604.5,595.0,603.0,38600,603,2.0
2012/10/18,607.5,616.5,604.0,612.5,9600,612.5,2.0
2012/10/19,610.0,621.5,610.0,621.5,7000,621.5,2.0
2012/10/22,617.0,621.0,615.5,620.0,2200,620,2.0
2012/10/23,616.5,620.0,610.0,619.5,2300,619.5,2.0
2012/10/24,604.5,619.5,603.5,619.5,5200,619.5,2.0
2012/10/25,619.0,619.0,605.0,615.0,6000,615,2.0
2012/10/26,616.5,620.0,608.0,616.5,9800,616.5,2.0
2012/10/29,616.5,620.5,614.0,617.0,7300,617,2.0
2012/10/30,617.0,640.0,617.0,640.0,24700,640,2.0
2012/10/31,634.5,638.5,625.0,634.5,6900,634.5,2.0
2012/11/01,632.5,633.0,618.0,632.5,5700,632.5,2.0
2012/11/02,639.5,640.0,635.0,639.5,7100,639.5,2.0
2012/11/05,645.5,652.5,635.0,646.5,19500,646.5,2.0
2012/11/06,646.5,646.5,635.0,642.5,9500,642.5,2.0
2012/11/07,635.0,636.0,610.0,620.0,20700,620,2.0
2012/11/08,610.5,620.0,601.0,615.0,11400,615,2.0
2012/11/09,605.0,612.0,600.5,607.5,4700,607.5,2.0
2012/11/12,607.5,630.0,606.5,625.0,9600,625,2.0
2012/11/13,616.5,625.0,614.5,615.0,6200,615,2.0
2012/11/14,615.0,625.0,610.0,624.0,9200,624,2.0
2012/11/15,650.0,655.5,635.0,655.0,54500,655,2.0
2012/11/16,656.0,656.0,643.5,654.0,18900,654,2.0
2012/11/19,655.0,663.5,652.5,662.5,19500,662.5,2.0
2012/11/20,667.5,695.5,667.5,693.5,58400,693.5,2.0
2012/11/21,695.5,711.5,680.0,690.0,45000,690,2.0
2012/11/22,700.0,709.0,700.0,702.0,44800,702,2.0
2012/11/26,702.0,703.0,680.0,681.5,31200,681.5,2.0
2012/11/27,688.5,690.0,680.0,688.5,19400,688.5,2.0
2012/11/28,689.5,700.0,689.0,695.0,15400,695,2.0
2012/11/29,699.0,699.0,693.0,697.5,14300,697.5,2.0
2012/11/30,698.0,698.0,683.5,687.0,12600,687,2.0
2012/12/03,687.0,695.5,682.5,688.0,9900,688,2.0
2012/12/04,690.5,691.0,684.5,687.5,12200,687.5,2.0
2012/12/05,679.0,692.0,679.0,688.5,22400,688.5,2.0
2012/12/06,689.0,694.5,689.0,693.0,19100,693,2.0
2012/12/07,692.5,694.5,688.0,691.0,18700,691,2.0
2012/12/10,686.5,693.0,684.0,688.0,12400,688,2.0
2012/12/11,686.0,696.5,686.0,690.5,23800,690.5,2.0
2012/12/12,694.5,712.5,692.5,710.0,34500,710,2.0
2012/12/13,718.0,718.0,697.5,703.5,21400,703.5,2.0
2012/12/14,691.0,702.5,683.0,683.0,24200,683,2.0
2012/12/17,683.0,699.5,683.0,683.0,8500,683,2.0
2012/12/18,686.0,699.5,686.0,686.0,20200,686,2.0
2012/12/19,689.0,695.5,688.0,691.0,17900,691,2.0
2012/12/20,694.5,697.5,686.0,686.0,13300,686,2.0
2012/12/21,685.0,690.5,685.0,686.5,11900,686.5,2.0
2012/12/25,690.0,694.0,682.5,682.5,20400,682.5,2.0
2012/12/26,682.5,694.5,682.5,692.0,17300,692,2.0
2012/12/27,697.5,699.0,688.0,690.0,25200,690,2.0
2012/12/28,690.0,695.0,682.5,695.0,19000,695,2.0
2013/01/04,701.0,704.5,665.0,695.5,22500,695.5,2.0
2013/01/07,705.5,710.0,702.5,709.5,29000,709.5,2.0
2013/01/08,708.5,725.0,705.0,715.0,34500,715,2.0
2013/01/09,715.5,724.0,715.5,716.0,19900,716,2.0
2013/01/10,720.5,730.5,717.5,730.0,42500,730,2.0
2013/01/11,725.0,730.0,710.0,723.0,52700,723,2.0
2013/01/15,726.0,745.0,725.0,740.0,32200,740,2.0
2013/01/16,745.5,747.5,732.5,735.0,36200,735,2.0
2013/01/17,744.0,750.0,732.5,744.5,34800,744.5,2.0
2013/01/18,750.0,775.0,749.5,775.0,59600,775,2.0
2013/01/21,780.5,799.5,775.0,797.0,37900,797,2.0
2013/01/22,797.0,825.0,785.0,791.5,74100,791.5,2.0
2013/01/23,793.5,796.5,782.5,785.0,23600,785,2.0
2013/01/24,782.5,785.5,768.0,769.0,38000,769,2.0
2013/01/25,770.0,786.5,770.0,782.0,25300,782,2.0
2013/01/28,786.0,808.5,775.5,792.0,36300,792,2.0
2013/01/29,791.0,802.5,790.0,795.0,26900,795,2.0
2013/01/30,801.5,802.5,795.0,802.5,24500,802.5,2.0
2013/01/31,805.0,805.5,798.5,801.0,23200,801,2.0
2013/02/01,802.5,805.0,800.0,801.0,19100,801,2.0
2013/02/04,801.0,801.0,794.5,798.0,34100,798,2.0
2013/02/05,798.0,802.0,797.5,797.5,19500,797.5,2.0
2013/02/06,800.0,802.0,797.5,799.5,22600,799.5,2.0
2013/02/07,800.0,809.0,797.5,807.5,26400,807.5,2.0
2013/02/08,810.0,810.0,800.0,805.0,24800,805,2.0
2013/02/12,809.5,809.5,800.0,804.5,16700,804.5,2.0
2013/02/13,803.0,806.0,776.5,786.0,23900,786,2.0
2013/02/14,781.0,812.0,781.0,803.0,37800,803,2.0
2013/02/15,808.0,812.0,803.0,809.5,49200,809.5,2.0
2013/02/18,812.0,845.0,810.0,839.5,72100,839.5,2.0
2013/02/19,833.0,870.0,831.5,848.0,69200,848,2.0
2013/02/20,852.0,866.5,839.0,866.0,37300,866,2.0
2013/02/21,864.5,869.0,856.5,864.5,34900,864.5,2.0
2013/02/22,864.0,867.0,850.5,865.5,29900,865.5,2.0
2013/02/25,867.5,890.0,867.5,890.0,39900,890,2.0
2013/02/26,886.5,890.0,881.5,885.5,38000,885.5,2.0
2013/02/27,886.5,898.0,885.5,894.0,24200,894,2.0
2013/02/28,900.0,920.0,900.0,916.0,52100,916,2.0
2013/03/01,913.0,964.5,913.0,936.0,54200,936,2.0
2013/03/04,952.5,965.0,941.5,941.5,37400,941.5,2.0
2013/03/05,942.0,963.5,942.0,950.0,38700,950,2.0
2013/03/06,965.0,980.0,935.0,951.0,46600,951,2.0
2013/03/07,965.0,974.5,952.0,956.5,34800,956.5,2.0
2013/03/08,953.5,965.0,953.5,962.5,41300,962.5,2.0
2013/03/11,960.0,960.0,915.0,935.5,72500,935.5,2.0
2013/03/12,943.0,943.0,900.0,917.5,64500,917.5,2.0
2013/03/13,905.0,919.5,895.0,915.0,37500,915,2.0
2013/03/14,917.0,919.0,906.5,916.0,14800,916,2.0
2013/03/15,910.0,924.5,910.0,919.0,30000,919,2.0
2013/03/18,942.5,945.0,921.0,931.5,38200,931.5,2.0
2013/03/19,931.5,944.5,931.5,937.5,24700,937.5,2.0
2013/03/21,942.5,945.0,934.5,937.5,41600,937.5,2.0
2013/03/22,939.0,946.5,932.5,932.5,29200,932.5,2.0
2013/03/25,942.5,955.0,939.5,950.0,27500,950,2.0
2013/03/26,950.0,950.5,942.5,947.5,16400,947.5,2.0
2013/03/27,950.0,950.5,940.0,946.5,21600,946.5,2.0
2013/03/28,946.0,950.0,927.5,943.0,22800,943,2.0
2013/03/29,944.0,944.5,922.5,927.0,15600,927,2.0
2013/04/01,928.0,929.5,815.0,858.0,36900,858,2.0
2013/04/02,838.0,894.0,800.0,870.5,45500,870.5,2.0
2013/04/03,887.0,916.0,882.5,910.5,22300,910.5,2.0
2013/04/04,910.0,925.0,882.5,923.5,28700,923.5,2.0
2013/04/05,938.5,945.0,926.0,939.0,36800,939,2.0
2013/04/08,945.0,961.0,945.0,957.0,41100,957,2.0
2013/04/09,961.0,963.0,956.0,957.0,33300,957,2.0
2013/04/10,951.5,951.5,941.5,948.0,25500,948,2.0
2013/04/11,948.0,955.0,907.0,950.0,34900,950,2.0
2013/04/12,959.0,959.0,935.0,953.5,29900,953.5,2.0
2013/04/15,953.5,953.5,942.0,945.5,11400,945.5,2.0
2013/04/16,940.0,942.5,932.0,935.5,18500,935.5,2.0
2013/04/17,937.5,950.0,936.5,938.0,16400,938,2.0
2013/04/18,944.0,950.0,937.5,941.5,10800,941.5,2.0
2013/04/19,945.0,945.0,937.0,937.0,11000,937,2.0
2013/04/22,946.0,950.0,944.0,945.5,19000,945.5,2.0
2013/04/23,947.5,949.5,943.0,945.5,27300,945.5,2.0
2013/04/24,949.0,975.0,946.5,975.0,48700,975,2.0
2013/04/25,972.5,1005.0,970.0,1003.0,65600,1003,2.0
2013/04/26,1010.0,1018.5,959.5,977.0,60700,977,2.0
2013/04/30,983.0,1015.0,983.0,1002.5,27800,1002.5,2.0
2013/05/01,1000.0,1024.0,990.0,1016.0,71800,1016,2.0
2013/05/02,1016.5,1020.5,996.0,1012.0,42700,1012,2.0
2013/05/07,1018.5,1080.0,1017.0,1063.0,83400,1063,2.0
2013/05/08,1088.0,1119.5,1086.5,1104.0,94400,1104,2.0
2013/05/09,1125.0,1180.0,1123.5,1172.5,117000,1172.5,2.0
2013/05/10,1190.0,1190.0,1125.0,1145.5,107600,1145.5,2.0
2013/05/13,1150.0,1155.0,1125.5,1141.5,63600,1141.5,2.0
2013/05/14,1148.5,1161.0,1130.0,1143.0,46700,1143,2.0
2013/05/15,1167.5,1182.0,1075.0,1104.5,85000,1104.5,2.0
2013/05/16,1101.0,1105.0,1026.5,1085.5,70600,1085.5,2.0
2013/05/17,1075.0,1095.5,1056.5,1071.0,69100,1071,2.0
2013/05/20,1095.5,1110.0,1083.0,1098.0,67500,1098,2.0
2013/05/21,1098.5,1098.5,1071.0,1078.0,30700,1078,2.0
2013/05/22,1077.5,1089.0,1052.0,1075.0,61300,1075,2.0
2013/05/23,1063.0,1064.5,997.5,1008.0,87200,1008,2.0
2013/05/24,997.5,1019.5,970.0,1008.5,65100,1008.5,2.0
2013/05/27,981.5,1004.0,954.0,984.5,42000,984.5,2.0
2013/05/28,982.5,1000.0,972.5,995.0,23200,995,2.0
2013/05/29,1005.0,1012.5,995.5,995.5,34700,995.5,2.0
2013/05/30,975.0,997.0,952.5,958.5,47800,958.5,2.0
2013/05/31,961.5,984.5,952.5,964.0,38200,964,2.0
2013/06/03,950.5,965.5,928.0,930.5,61500,930.5,2.0
2013/06/04,910.5,930.0,900.5,917.0,58000,917,2.0
2013/06/05,917.0,941.0,911.0,918.0,23100,918,2.0
2013/06/06,911.0,918.0,882.5,900.0,51200,900,2.0
2013/06/07,851.5,883.0,838.0,870.5,67100,870.5,2.0
2013/06/10,892.5,922.5,892.5,922.0,28800,922,2.0
2013/06/11,939.0,953.5,919.0,937.5,45000,937.5,2.0
2013/06/12,933.5,940.5,914.0,940.5,36200,940.5,2.0
2013/06/13,934.5,936.0,890.0,902.0,31200,902,2.0
2013/06/14,909.0,927.5,887.0,893.0,48100,893,2.0
2013/06/17,892.5,920.0,886.0,918.0,21900,918,2.0
2013/06/18,934.0,935.0,905.5,908.5,15500,908.5,2.0
2013/06/19,929.5,930.0,907.0,930.0,18700,930,2.0
2013/06/20,923.0,929.0,915.0,926.5,16100,926.5,2.0
2013/06/21,900.0,925.5,900.0,925.5,20500,925.5,2.0
2013/06/24,925.5,934.0,910.0,913.5,9600,913.5,2.0
2013/06/25,910.0,913.0,905.0,910.5,10700,910.5,2.0
2013/06/26,913.0,920.0,887.0,889.0,23600,889,2.0
2013/06/27,910.0,925.0,905.0,924.5,29200,924.5,2.0
2013/06/28,932.5,952.5,928.0,951.0,35000,951,2.0
2013/07/01,969.0,975.0,955.5,970.5,27800,970.5,2.0
2013/07/02,982.5,987.0,970.5,982.0,28300,982,2.0
2013/07/03,980.0,980.0,959.5,970.0,28900,970,2.0
2013/07/04,975.0,976.0,953.0,959.5,16600,959.5,2.0
2013/07/05,971.0,974.5,961.0,969.5,16600,969.5,2.0
2013/07/08,994.5,994.5,969.5,971.0,32600,971,2.0
2013/07/09,982.0,982.0,971.5,976.5,24300,976.5,2.0
2013/07/10,979.0,980.0,974.0,978.0,17700,978,2.0
2013/07/11,974.0,979.0,970.0,975.0,13100,975,2.0
2013/07/12,975.0,979.0,972.5,979.0,11700,979,2.0
2013/07/16,983.5,984.5,978.0,979.5,18800,979.5,2.0
2013/07/17,979.5,982.5,975.0,976.5,19100,976.5,2.0
2013/07/18,976.5,976.5,970.5,972.5,25700,972.5,2.0
2013/07/19,970.5,971.0,950.0,958.5,27300,958.5,2.0
2013/07/22,970.0,970.0,959.5,964.5,12700,964.5,2.0
2013/07/23,964.5,982.0,960.0,979.0,20900,979,2.0
2013/07/24,979.0,980.0,972.5,978.5,11400,978.5,2.0
2013/07/25,978.0,978.0,964.5,967.5,14100,967.5,2.0
2013/07/26,967.5,971.5,955.5,958.0,22800,958,2.0
2013/07/29,958.0,959.0,930.5,935.5,21200,935.5,2.0
2013/07/30,926.0,954.0,926.0,954.0,16200,954,2.0
2013/07/31,940.0,941.5,927.0,930.0,16800,930,2.0
2013/08/01,930.5,930.5,917.5,922.5,18800,922.5,2.0
2013/08/02,930.0,952.5,925.5,949.5,14700,949.5,2.0
2013/08/05,945.5,954.0,944.5,952.5,9800,952.5,2.0
2013/08/06,960.5,960.5,937.5,946.0,20800,946,2.0
2013/08/07,944.5,944.5,924.0,927.0,9700,927,2.0
2013/08/08,918.5,931.5,918.5,920.5,12700,920.5,2.0
2013/08/09,918.5,924.0,915.0,915.5,9500,915.5,2.0
2013/08/12,910.0,910.0,896.0,900.5,22000,900.5,2.0
2013/08/13,898.0,908.5,898.0,907.5,8000,907.5,2.0
2013/08/14,912.5,915.0,901.0,915.0,10600,915,2.0
2013/08/15,915.0,915.0,901.0,906.5,9500,906.5,2.0
2013/08/16,904.5,904.5,898.0,901.0,11400,901,2.0
2013/08/19,900.5,904.5,891.0,898.5,15800,898.5,2.0
2013/08/20,902.5,902.5,860.0,866.5,35800,866.5,2.0
2013/08/21,867.0,872.5,844.0,857.5,31900,857.5,2.0
2013/08/22,857.5,872.5,843.5,861.0,26100,861,2.0
2013/08/23,874.5,874.5,860.5,868.5,12500,868.5,2.0
2013/08/26,870.5,877.0,870.5,871.0,6400,871,2.0
2013/08/27,871.5,875.0,855.0,857.5,9200,857.5,2.0
2013/08/28,832.5,839.0,825.0,835.0,37100,835,2.0
2013/08/29,820.5,825.5,812.5,825.5,35000,825.5,2.0
2013/08/30,826.0,826.0,800.5,801.0,39000,801,2.0
2013/09/02,804.5,817.0,803.0,817.0,11500,817,2.0
2013/09/03,825.5,827.5,820.0,823.5,24400,823.5,2.0
2013/09/04,821.0,829.0,809.0,817.0,21000,817,2.0
2013/09/05,827.5,831.5,819.5,820.0,28200,820,2.0
2013/09/06,823.5,823.5,802.5,804.0,54400,804,2.0
2013/09/09,815.0,821.0,810.5,819.5,22600,819.5,2.0
2013/09/10,821.5,847.0,821.5,838.0,30200,838,2.0
2013/09/11,840.0,857.0,840.0,854.5,40200,854.5,2.0
2013/09/12,855.0,855.0,845.5,853.0,25900,853,2.0
2013/09/13,859.0,866.0,838.5,850.5,58200,850.5,2.0
2013/09/17,853.5,866.0,852.0,852.5,21900,852.5,2.0
2013/09/18,860.5,869.0,856.5,860.5,23100,860.5,2.0
2013/09/19,871.0,878.5,865.5,878.0,34700,878,2.0
2013/09/20,891.5,895.0,884.0,890.0,26700,890,2.0
2013/09/24,899.5,904.5,891.5,897.0,36000,897,2.0
2013/09/25,893.0,903.5,889.0,889.0,21800,889,2.0
2013/09/26,860.5,886.0,859.5,886.0,23100,886,2.0
2013/09/27,885.0,885.0,872.5,876.5,16600,876.5,2.0
2013/09/30,876.5,876.5,858.0,868.5,18400,868.5,2.0
2013/10/01,865.0,867.5,858.5,864.5,16300,864.5,2.0
2013/10/02,864.5,867.5,842.5,845.5,28700,845.5,2.0
2013/10/03,842.5,846.5,832.5,838.0,23200,838,2.0
2013/10/04,835.0,849.0,827.0,840.5,27300,840.5,2.0
2013/10/07,839.0,840.0,823.0,825.5,15500,825.5,2.0
2013/10/08,819.0,819.0,810.0,817.0,21000,817,2.0
2013/10/09,819.0,837.5,818.0,837.5,22400,837.5,2.0
2013/10/10,843.0,858.5,837.5,852.5,27200,852.5,2.0
2013/10/11,858.0,865.0,848.5,853.0,24800,853,2.0
2013/10/15,853.0,868.0,849.0,859.0,22100,859,2.0
2013/10/16,858.5,858.5,845.5,851.0,13900,851,2.0
2013/10/17,869.0,869.0,855.0,859.0,8900,859,2.0
2013/10/18,857.5,860.5,852.5,856.0,10400,856,2.0
2013/10/21,857.5,863.0,852.0,854.0,10400,854,2.0
2013/10/22,853.0,856.0,853.0,854.5,8500,854.5,2.0
2013/10/23,857.5,865.0,852.5,853.0,27400,853,2.0
2013/10/24,853.5,866.5,853.0,866.5,30900,866.5,2.0
2013/10/25,866.5,866.5,857.0,860.5,17400,860.5,2.0
2013/10/28,860.5,871.5,860.5,865.5,16800,865.5,2.0
2013/10/29,866.0,869.5,864.0,867.5,14200,867.5,2.0
2013/10/30,869.0,872.5,867.5,872.5,25600,872.5,2.0
2013/10/31,874.0,875.0,869.0,872.0,18200,872,2.0
2013/11/01,869.0,870.0,860.0,865.0,19500,865,2.0
2013/11/05,867.0,869.0,860.0,862.5,28800,862.5,2.0
2013/11/06,860.0,866.5,860.0,864.0,11400,864,2.0
2013/11/07,863.5,863.5,857.0,858.5,11000,858.5,2.0
2013/11/08,855.0,859.0,852.0,854.5,16000,854.5,2.0
2013/11/11,862.0,862.0,849.5,856.5,15400,856.5,2.0
2013/11/12,857.5,880.0,857.5,877.5,37300,877.5,2.0
2013/11/13,878.0,878.0,867.5,871.5,16700,871.5,2.0
2013/11/14,864.0,873.0,841.0,846.5,65800,846.5,2.0
2013/11/15,850.0,858.0,830.0,856.0,132300,856,2.0
2013/11/18,871.5,893.0,862.5,887.5,100400,887.5,2.0
2013/11/19,892.5,907.5,892.5,901.0,59500,901,2.0
2013/11/20,896.5,900.0,878.5,887.5,38400,887.5,2.0
2013/11/21,887.0,887.5,876.0,887.5,18900,887.5,2.0
2013/11/22,887.5,887.5,875.0,876.0,20500,876,2.0
2013/11/25,876.0,883.5,875.0,880.0,14600,880,2.0
2013/11/26,868.5,882.0,868.5,878.0,16900,878,2.0
2013/11/27,876.0,881.0,875.0,879.0,12400,879,2.0
2013/11/28,879.0,879.5,875.0,876.5,11300,876.5,2.0
2013/11/29,877.5,879.0,875.0,875.5,12700,875.5,2.0
2013/12/02,875.0,886.0,875.0,882.5,16500,882.5,2.0
2013/12/03,883.0,887.5,883.0,884.5,16700,884.5,2.0
2013/12/04,887.5,887.5,883.0,884.5,26200,884.5,2.0
2013/12/05,887.5,888.0,883.0,883.0,27100,883,2.0
2013/12/06,883.5,888.0,883.5,884.0,14100,884,2.0
2013/12/09,888.5,897.5,887.5,897.5,28600,897.5,2.0
2013/12/10,897.5,899.0,892.5,895.5,19600,895.5,2.0
2013/12/11,895.5,900.0,893.5,894.0,26000,894,2.0
2013/12/12,891.0,892.5,885.0,889.0,11300,889,2.0
2013/12/13,885.0,895.0,855.0,889.0,38600,889,2.0
2013/12/16,889.0,895.5,885.0,885.5,12400,885.5,2.0
2013/12/17,880.0,895.0,877.0,887.0,19800,887,2.0
2013/12/18,887.0,895.0,876.0,892.5,21800,892.5,2.0
2013/12/19,890.5,897.5,888.5,892.0,16600,892,2.0
2013/12/20,894.5,894.5,880.0,883.0,16500,883,2.0
2013/12/24,870.5,877.5,860.0,861.0,34200,861,2.0
2013/12/25,858.0,870.5,858.0,867.5,35500,867.5,2.0
2013/12/26,867.5,893.5,867.5,890.0,16600,890,2.0
2013/12/27,892.5,900.0,890.0,899.5,24700,899.5,2.0
2013/12/30,904.0,935.0,902.5,935.0,49100,935,2.0
2014/01/06,932.5,932.5,924.0,930.5,16000,930.5,2.0
2014/01/07,934.0,954.0,930.5,950.5,33800,950.5,2.0
2014/01/08,954.5,969.5,949.5,969.5,39700,969.5,2.0
2014/01/09,975.0,984.5,962.5,967.5,40400,967.5,2.0
2014/01/10,958.5,972.5,955.0,966.0,19000,966,2.0
2014/01/14,937.0,962.0,900.5,955.0,23200,955,2.0
2014/01/15,947.5,953.5,932.0,951.0,26700,951,2.0
2014/01/16,961.5,968.0,954.0,964.5,25300,964.5,2.0
2014/01/17,955.0,962.5,950.0,955.5,19700,955.5,2.0
2014/01/20,966.0,967.5,959.5,966.5,13100,966.5,2.0
2014/01/21,955.0,963.0,952.5,953.5,17300,953.5,2.0
2014/01/22,953.5,961.0,952.5,957.5,9600,957.5,2.0
2014/01/23,957.5,963.5,950.0,950.5,17500,950.5,2.0
2014/01/24,930.5,935.0,918.5,925.5,25700,925.5,2.0
2014/01/27,901.5,910.0,900.0,900.0,18600,900,2.0
2014/01/28,905.5,921.5,884.0,903.0,16700,903,2.0
2014/01/29,907.0,941.0,907.0,934.0,10300,934,2.0
2014/01/30,931.5,938.0,910.5,922.0,18300,922,2.0
2014/01/31,925.0,940.0,916.5,928.0,15600,928,2.0
2014/02/03,933.0,960.0,933.0,944.5,57000,944.5,2.0
2014/02/04,900.0,923.5,880.0,897.0,50000,897,2.0
2014/02/05,915.0,922.5,904.0,906.5,15200,906.5,2.0
2014/02/06,906.5,931.0,897.0,911.5,26100,911.5,2.0
2014/02/07,916.5,931.0,916.5,928.5,9000,928.5,2.0
2014/02/10,947.5,959.5,945.5,945.5,16300,945.5,2.0
2014/02/12,960.0,960.0,947.0,955.0,13100,955,2.0
2014/02/13,957.5,957.5,928.0,945.5,27900,945.5,2.0
2014/02/14,949.0,949.0,918.0,924.5,17900,924.5,2.0
2014/02/17,924.0,933.0,915.5,929.5,4800,929.5,2.0
2014/02/18,925.0,945.0,925.0,942.5,12500,942.5,2.0
2014/02/19,941.0,950.0,927.5,946.5,14700,946.5,2.0
2014/02/20,946.5,946.5,924.0,935.0,7400,935,2.0
2014/02/21,940.0,947.5,932.5,946.5,9400,946.5,2.0
2014/02/24,950.0,957.0,941.0,947.0,18400,947,2.0
2014/02/25,955.0,956.0,947.0,949.0,16800,949,2.0
2014/02/26,949.0,950.0,941.0,947.5,9500,947.5,2.0
2014/02/27,945.0,954.5,941.5,950.5,20900,950.5,2.0
2014/02/28,950.5,955.0,942.5,944.0,9800,944,2.0
2014/03/03,942.5,948.5,917.5,921.0,11700,921,2.0
2014/03/04,921.0,935.0,915.0,934.5,7600,934.5,2.0
2014/03/05,935.0,941.0,933.0,935.5,5800,935.5,2.0
2014/03/06,943.0,943.0,930.0,936.5,4800,936.5,2.0
2014/03/07,945.0,949.0,935.0,944.5,11200,944.5,2.0
2014/03/10,945.0,949.0,938.0,942.5,12000,942.5,2.0
2014/03/11,945.0,958.0,945.0,958.0,32200,958,2.0
2014/03/12,954.0,959.5,946.5,949.5,8700,949.5,2.0
2014/03/13,959.5,964.5,952.5,959.5,32700,959.5,2.0
2014/03/14,949.0,952.0,930.5,937.0,34800,937,2.0
2014/03/17,947.0,954.5,935.0,940.0,14000,940,2.0
2014/03/18,950.0,958.5,945.5,955.0,18100,955,2.0
2014/03/19,959.0,959.5,914.0,945.0,20000,945,2.0
2014/03/20,960.0,960.0,940.5,940.5,20800,940.5,2.0
2014/03/24,965.0,980.0,960.5,977.0,53700,977,2.0
2014/03/25,979.0,1017.5,962.5,1011.5,51000,1011.5,2.0
2014/03/26,1011.5,1020.0,956.0,1018.5,49400,1018.5,2.0
2014/03/27,1008.5,1015.0,983.5,1007.5,25200,1007.5,2.0
2014/03/28,1007.5,1012.0,991.0,1008.0,32300,1008,2.0
2014/03/31,994.0,1011.5,993.5,1011.5,24900,1011.5,2.0
2014/04/01,1010.0,1019.5,1005.0,1019.5,22300,1019.5,2.0
2014/04/02,1016.5,1017.0,1000.0,1000.0,16100,1000,2.0
2014/04/03,1000.0,1014.5,995.5,1010.0,20200,1010,2.0
2014/04/04,1012.0,1012.0,1006.0,1008.0,10000,1008,2.0
2014/04/07,1007.5,1010.5,976.0,985.0,10000,985,2.0
2014/04/08,965.5,986.0,965.5,976.5,11200,976.5,2.0
2014/04/09,965.0,995.5,965.0,980.5,19300,980.5,2.0
2014/04/10,985.0,1000.0,985.0,999.0,19000,999,2.0
2014/04/11,981.0,1015.5,981.0,1007.0,27200,1007,2.0
2014/04/14,1005.5,1010.0,1001.5,1007.0,16600,1007,2.0
2014/04/15,1007.0,1010.0,1001.0,1005.5,8900,1005.5,2.0
2014/04/16,1006.0,1028.0,1005.0,1026.0,36800,1026,2.0
2014/04/17,1026.0,1035.0,1026.0,1033.5,18200,1033.5,2.0
2014/04/18,1040.0,1040.0,1030.0,1040.0,10900,1040,2.0
2014/04/21,1035.5,1036.0,1028.0,1030.0,5900,1030,2.0
2014/04/22,1030.0,1039.0,1019.5,1032.5,6500,1032.5,2.0
2014/04/23,1022.0,1032.5,1014.5,1024.0,13300,1024,2.0
2014/04/24,1015.0,1021.5,1009.5,1013.0,5500,1013,2.0
2014/04/25,1013.0,1019.0,1002.5,1014.0,9800,1014,2.0
2014/04/28,1014.0,1014.0,991.5,999.0,8000,999,2.0
2014/04/30,995.5,1003.0,991.5,996.5,10300,996.5,2.0
2014/05/01,998.5,998.5,991.5,994.0,10900,994,2.0
2014/05/02,999.0,999.0,993.0,993.0,7700,993,2.0
2014/05/07,987.0,987.0,951.0,958.0,19300,958,2.0
2014/05/08,950.0,970.0,950.0,964.0,8500,964,2.0
2014/05/09,958.0,969.0,958.0,966.5,3800,966.5,2.0
2014/05/12,966.5,975.0,948.0,961.0,9100,961,2.0
2014/05/13,974.5,974.5,955.0,969.5,4500,969.5,2.0
2014/05/14,969.5,975.0,963.5,968.5,4400,968.5,2.0
2014/05/15,945.0,947.0,931.0,936.5,14500,936.5,2.0
2014/05/16,937.0,942.5,907.5,920.0,21800,920,2.0
2014/05/19,922.5,929.0,894.0,898.5,13400,898.5,2.0
2014/05/20,898.5,912.5,898.5,907.5,13400,907.5,2.0
2014/05/21,891.0,909.0,891.0,906.0,10100,906,2.0
2014/05/22,912.5,917.0,894.0,913.0,9700,913,2.0
2014/05/23,930.0,945.5,912.5,944.0,17100,944,2.0
2014/05/26,954.5,954.5,938.0,945.5,7000,945.5,2.0
2014/05/27,949.0,949.0,930.5,934.0,9000,934,2.0
2014/05/28,934.0,935.5,929.0,935.5,4700,935.5,2.0
2014/05/29,935.0,935.0,925.0,926.0,12000,926,2.0
2014/05/30,926.0,933.0,926.0,929.0,6200,929,2.0
2014/06/02,935.0,946.5,930.5,946.0,8200,946,2.0
2014/06/03,947.5,947.5,930.5,939.0,16500,939,2.0
2014/06/04,933.0,939.0,931.0,935.5,7400,935.5,2.0
2014/06/05,935.5,937.0,931.0,932.5,9400,932.5,2.0
2014/06/06,930.0,936.5,930.0,932.0,5600,932,2.0
2014/06/09,936.0,941.5,932.0,932.5,4400,932.5,2.0
2014/06/10,937.0,960.0,935.0,942.0,16400,942,2.0
2014/06/11,949.0,956.5,947.0,953.0,10800,953,2.0
2014/06/12,945.5,958.5,939.0,942.5,6400,942.5,2.0
2014/06/13,957.5,957.5,931.5,956.5,14400,956.5,2.0
2014/06/16,957.0,958.0,945.5,954.5,6700,954.5,2.0
2014/06/17,955.0,963.5,954.5,962.0,9500,962,2.0
2014/06/18,972.0,972.0,959.5,966.5,3300,966.5,2.0
2014/06/19,974.5,974.5,968.0,970.5,6300,970.5,2.0
2014/06/20,970.5,974.0,960.0,960.0,9600,960,2.0
2014/06/23,960.5,973.5,960.5,973.5,7200,973.5,2.0
2014/06/24,975.0,975.0,960.5,975.0,7100,975,2.0
2014/06/25,970.0,973.0,960.5,968.0,6300,968,2.0
2014/06/26,968.0,972.0,961.0,962.0,12200,962,2.0
2014/06/27,962.0,963.5,949.0,954.0,7000,954,2.0
2014/06/30,950.0,961.5,950.0,957.0,10100,957,2.0
2014/07/01,962.0,968.0,956.0,962.5,11900,962.5,2.0
2014/07/02,974.5,974.5,967.0,970.0,4600,970,2.0
2014/07/03,970.0,970.0,955.5,968.0,4300,968,2.0
2014/07/04,968.5,968.5,961.0,962.0,3500,962,2.0
2014/07/07,962.0,966.0,959.5,959.5,7600,959.5,2.0
2014/07/08,959.5,962.0,953.0,956.0,5700,956,2.0
2014/07/09,955.0,962.0,953.5,953.5,6000,953.5,2.0
2014/07/10,953.5,959.0,950.5,950.5,5700,950.5,2.0
2014/07/11,950.0,952.5,939.0,945.0,14300,945,2.0
2014/07/14,932.5,948.0,932.5,940.5,9200,940.5,2.0
2014/07/15,935.0,943.0,932.0,937.5,19900,937.5,2.0
2014/07/16,937.0,940.0,930.5,932.5,16800,932.5,2.0
2014/07/17,932.5,938.5,930.0,933.5,6200,933.5,2.0
2014/07/18,930.0,939.5,930.0,932.5,7100,932.5,2.0
2014/07/22,932.5,933.0,925.5,927.0,9300,927,2.0
2014/07/23,932.5,932.5,927.0,931.5,5500,931.5,2.0
2014/07/24,933.5,940.0,927.0,927.5,10700,927.5,2.0
2014/07/25,934.0,935.0,930.0,934.0,2700,934,2.0
2014/07/28,937.0,940.0,935.0,937.5,4800,937.5,2.0
2014/07/29,937.5,942.5,937.5,940.0,4800,940,2.0
2014/07/30,948.0,948.0,940.5,945.5,6900,945.5,2.0
2014/07/31,946.5,951.0,940.0,943.5,10400,943.5,2.0
2014/08/01,927.5,946.0,927.5,940.0,13700,940,2.0
2014/08/04,953.0,970.0,945.0,968.5,13200,968.5,2.0
2014/08/05,958.5,968.5,958.5,964.0,9900,964,2.0
2014/08/06,962.5,970.0,956.0,967.0,10500,967,2.0
2014/08/07,956.0,975.0,956.0,972.5,11900,972.5,2.0
2014/08/08,972.5,975.0,957.5,968.0,14900,968,2.0
2014/08/11,975.0,998.0,975.0,995.0,25900,995,2.0
2014/08/12,991.5,1001.0,990.5,998.0,21700,998,2.0
2014/08/13,1000.0,1002.0,997.0,1000.5,15300,1000.5,2.0
2014/08/14,995.5,997.5,987.5,994.0,8600,994,2.0
2014/08/15,994.0,999.5,988.5,997.5,5500,997.5,2.0
2014/08/18,997.5,999.5,995.5,999.5,7600,999.5,2.0
2014/08/19,999.5,1000.0,986.0,986.0,14700,986,2.0
2014/08/20,980.0,986.5,974.0,978.0,10700,978,2.0
2014/08/21,970.0,979.5,970.0,979.5,7600,979.5,2.0
2014/08/22,986.0,999.0,975.0,978.5,6300,978.5,2.0
2014/08/25,970.0,994.0,958.5,980.5,6900,980.5,2.0
2014/08/26,990.0,990.0,981.0,985.0,5800,985,2.0
2014/08/27,985.0,994.0,985.0,992.5,9000,992.5,2.0
2014/08/28,992.5,997.5,980.5,997.5,8000,997.5,2.0
2014/08/29,998.0,1002.0,993.0,1002.0,9800,1002,2.0
2014/09/01,1002.0,1003.0,985.0,994.0,4800,994,2.0
2014/09/02,1002.0,1002.0,995.5,1000.5,3800,1000.5,2.0
2014/09/03,997.5,997.5,990.5,996.0,4700,996,2.0
2014/09/04,990.0,994.5,989.5,990.0,3500,990,2.0
2014/09/05,990.0,998.5,987.5,995.0,6000,995,2.0
2014/09/08,991.5,999.0,991.5,994.5,4300,994.5,2.0
2014/09/09,998.5,998.5,993.5,994.0,2000,994,2.0
2014/09/10,990.0,998.5,988.0,995.5,2900,995.5,2.0
2014/09/11,994.5,1000.0,994.5,998.5,6800,998.5,2.0
2014/09/12,997.0,1013.5,996.5,1002.5,30300,1002.5,2.0
2014/09/16,1003.5,1012.5,997.5,1012.5,12900,1012.5,2.0
2014/09/17,1014.0,1022.0,1011.5,1016.5,6200,1016.5,2.0
2014/09/18,1016.5,1020.0,1005.5,1019.5,10500,1019.5,2.0
2014/09/19,1020.0,1025.0,1005.5,1022.5,13100,1022.5,2.0
2014/09/22,1006.0,1024.5,1006.0,1018.5,8300,1018.5,2.0
2014/09/24,1013.0,1025.0,1013.0,1018.0,5900,1018,2.0
2014/09/25,1025.0,1046.0,1016.0,1046.0,13500,1046,2.0
2014/09/26,1034.0,1035.5,1024.5,1027.5,17200,1027.5,2.0
2014/09/29,1030.0,1033.0,1018.0,1028.0,8500,1028,2.0
2014/09/30,1028.0,1030.0,1011.0,1015.5,20800,1015.5,2.0
2014/10/01,1015.5,1022.0,1015.0,1017.0,17400,1017,2.0
2014/10/02,1015.0,1015.0,990.0,991.5,16600,991.5,2.0
2014/10/03,991.5,1005.0,987.5,991.0,15600,991,2.0
2014/10/06,1015.5,1019.5,995.0,1000.0,13100,1000,2.0
2014/10/07,1009.0,1011.0,1001.0,1001.0,12800,1001,2.0
2014/10/08,998.0,1002.5,995.0,996.0,14100,996,2.0
2014/10/09,996.0,1002.0,984.0,987.0,11300,987,2.0
2014/10/10,957.5,977.0,956.5,961.0,24400,961,2.0
2014/10/14,958.0,964.0,952.0,952.0,16800,952,2.0
2014/10/15,952.0,965.0,952.0,956.5,11800,956.5,2.0
2014/10/16,950.0,961.0,944.5,948.0,10700,948,2.0
2014/10/17,950.0,994.5,946.5,950.0,14700,950,2.0
2014/10/20,958.0,964.5,954.5,962.0,6500,962,2.0
2014/10/21,965.0,966.5,950.0,953.5,10100,953.5,2.0
2014/10/22,973.5,983.0,963.0,975.5,11400,975.5,2.0
2014/10/23,980.5,980.5,963.5,963.5,4900,963.5,2.0
2014/10/24,975.0,989.5,956.0,978.0,4000,978,2.0
2014/10/27,997.5,997.5,979.5,983.0,10000,983,2.0
2014/10/28,998.0,998.0,989.5,991.5,4100,991.5,2.0
2014/10/29,998.5,1002.5,992.5,1000.0,5900,1000,2.0
2014/10/30,1005.0,1015.0,1004.5,1008.5,14100,1008.5,2.0
2014/10/31,1015.0,1036.0,1015.0,1031.0,24100,1031,2.0
2014/11/04,1047.5,1052.5,1035.0,1042.5,27200,1042.5,2.0
2014/11/05,1055.0,1070.0,1042.5,1066.5,43400,1066.5,2.0
2014/11/06,1066.5,1098.5,1050.0,1073.0,38400,1073,2.0
2014/11/07,1064.0,1090.0,1030.0,1084.5,24300,1084.5,2.0
2014/11/10,1070.0,1078.0,1052.0,1068.0,7300,1068,2.0
2014/11/11,1058.5,1075.5,1051.5,1068.0,9200,1068,2.0
2014/11/12,1068.0,1070.5,1052.5,1053.0,10900,1053,2.0
2014/11/13,1053.0,1060.0,1048.5,1060.0,7700,1060,2.0
2014/11/14,1060.0,1060.0,1036.0,1058.0,11200,1058,2.0
2014/11/17,1045.0,1047.5,1015.5,1023.5,13800,1023.5,2.0
2014/11/18,1025.0,1040.5,1025.0,1031.0,10300,1031,2.0
2014/11/19,1046.5,1046.5,1025.0,1026.5,8200,1026.5,2.0
2014/11/20,1044.5,1047.0,1036.0,1040.0,9900,1040,2.0
2014/11/21,1049.0,1050.0,1042.0,1045.5,6100,1045.5,2.0
2014/11/25,1064.5,1064.5,1042.5,1047.0,9000,1047,2.0
2014/11/26,1036.5,1045.5,1025.0,1037.0,26600,1037,2.0
2014/11/27,1030.5,1035.0,1025.0,1028.0,15500,1028,2.0
2014/11/28,1020.0,1065.0,1016.5,1063.0,36300,1063,2.0
2014/12/01,1047.0,1059.5,1043.0,1050.0,18700,1050,2.0
2014/12/02,1040.0,1047.5,1033.0,1045.5,9900,1045.5,2.0
2014/12/03,1030.5,1045.0,1030.5,1035.5,22600,1035.5,2.0
2014/12/04,1025.0,1034.0,1018.5,1026.0,15600,1026,2.0
2014/12/05,1023.0,1034.5,1023.0,1030.0,11100,1030,2.0
2014/12/08,1030.0,1034.0,1025.0,1032.0,12900,1032,2.0
2014/12/09,1030.0,1034.5,1027.5,1029.5,10100,1029.5,2.0
2014/12/10,1022.5,1025.0,1020.5,1021.5,12100,1021.5,2.0
2014/12/11,1020.0,1021.0,1016.0,1016.0,15100,1016,2.0
2014/12/12,1012.5,1020.5,1012.5,1012.5,19300,1012.5,2.0
2014/12/15,1005.0,1022.0,1001.5,1003.0,10500,1003,2.0
2014/12/16,1001.0,1004.0,992.5,992.5,24000,992.5,2.0
2014/12/17,990.0,992.5,985.0,985.0,11800,985,2.0
2014/12/18,996.5,1009.5,987.5,990.0,13200,990,2.0
2014/12/19,990.0,1004.5,987.5,996.0,11400,996,2.0
2014/12/22,996.0,1004.0,993.0,1004.0,10200,1004,2.0
2014/12/24,1005.0,1019.0,1000.0,1001.0,9500,1001,2.0
2014/12/25,1007.0,1039.0,1003.0,1039.0,51700,1039,2.0
2014/12/26,1039.0,1050.0,1018.0,1045.5,14700,1045.5,2.0
2014/12/29,1031.5,1050.5,1019.5,1045.5,21900,1045.5,2.0
2014/12/30,1055.0,1059.0,1041.0,1059.0,12400,1059,2.0
2015/01/05,1046.0,1049.5,1025.0,1034.5,13700,1034.5,2.0
2015/01/06,1034.5,1046.5,1022.5,1022.5,25100,1022.5,2.0
2015/01/07,1005.5,1025.0,1000.5,1010.0,19000,1010,2.0
2015/01/08,1010.0,1025.0,1002.5,1011.5,26000,1011.5,2.0
2015/01/09,1005.0,1005.0,995.0,995.5,32600,995.5,2.0
2015/01/13,995.0,1003.0,986.0,1000.0,17900,1000,2.0
2015/01/14,1000.0,1004.5,996.5,998.0,12300,998,2.0
2015/01/15,999.5,1018.0,999.5,1017.5,33600,1017.5,2.0
2015/01/16,1000.0,1009.5,1000.0,1004.0,13300,1004,2.0
2015/01/19,1016.5,1017.5,1007.5,1014.5,11200,1014.5,2.0
2015/01/20,1023.0,1025.5,1007.0,1011.5,12800,1011.5,2.0
2015/01/21,1020.0,1020.0,996.5,1007.5,16500,1007.5,2.0
2015/01/22,1000.5,1005.0,997.5,999.5,10600,999.5,2.0
2015/01/23,999.5,1025.5,999.0,1021.5,30800,1021.5,2.0
2015/01/26,1021.5,1022.5,1006.5,1019.5,9700,1019.5,2.0
2015/01/27,1025.0,1031.0,1017.5,1029.5,6200,1029.5,2.0
2015/01/28,1029.5,1038.0,1025.0,1037.0,11000,1037,2.0
2015/01/29,1016.0,1033.0,1016.0,1025.5,11900,1025.5,2.0
2015/01/30,1025.5,1034.0,1021.5,1028.5,11500,1028.5,2.0
2015/02/02,1028.5,1031.5,1018.0,1027.5,13900,1027.5,2.0
2015/02/03,1034.0,1034.0,1009.0,1011.5,12700,1011.5,2.0
2015/02/04,1011.5,1036.5,1011.5,1020.5,15200,1020.5,2.0
2015/02/05,1013.5,1043.5,1012.5,1021.5,18700,1021.5,2.0
2015/02/06,1034.5,1034.5,1025.0,1028.5,7800,1028.5,2.0
2015/02/09,1035.0,1040.0,1035.0,1037.0,11200,1037,2.0
2015/02/10,1040.0,1044.5,1035.0,1041.5,20700,1041.5,2.0
2015/02/12,1050.0,1097.5,1050.0,1085.5,70700,1085.5,2.0
2015/02/13,1100.0,1104.5,1072.5,1096.0,45900,1096,2.0
2015/02/16,1100.0,1114.0,1097.5,1106.5,19600,1106.5,2.0
2015/02/17,1106.5,1120.0,1106.5,1114.5,23200,1114.5,2.0
2015/02/18,1117.5,1140.0,1107.5,1132.5,42100,1132.5,2.0
2015/02/19,1140.0,1146.5,1133.5,1146.5,22700,1146.5,2.0
2015/02/20,1147.5,1166.5,1146.0,1155.5,22500,1155.5,2.0
2015/02/23,1166.5,1169.5,1133.0,1143.0,18400,1143,2.0
2015/02/24,1142.5,1153.5,1140.0,1150.0,15100,1150,2.0
2015/02/25,1152.5,1152.5,1131.5,1134.5,8300,1134.5,2.0
2015/02/26,1134.5,1154.5,1134.5,1145.0,21300,1145,2.0
2015/02/27,1145.0,1148.0,1135.0,1136.5,7000,1136.5,2.0
2015/03/02,1136.5,1145.0,1135.0,1135.0,8400,1135,2.0
2015/03/03,1142.5,1147.5,1137.0,1147.5,9400,1147.5,2.0
2015/03/04,1138.5,1164.0,1138.5,1162.5,17000,1162.5,2.0
2015/03/05,1153.0,1162.0,1135.5,1139.0,28400,1139,2.0
2015/03/06,1161.5,1165.0,1150.0,1153.0,19600,1153,2.0
2015/03/09,1153.0,1176.5,1152.5,1155.5,37300,1155.5,2.0
2015/03/10,1174.5,1198.0,1164.0,1194.5,25800,1194.5,2.0
2015/03/11,1185.0,1187.5,1167.0,1169.0,25500,1169,2.0
2015/03/12,1184.5,1197.5,1167.5,1171.0,35000,1171,2.0
2015/03/13,1196.0,1205.0,1167.5,1181.5,47500,1181.5,2.0
2015/03/16,1192.5,1215.0,1185.5,1200.0,27600,1200,2.0
2015/03/17,1215.0,1218.0,1203.5,1204.5,14400,1204.5,2.0
2015/03/18,1205.0,1211.0,1198.0,1198.0,24100,1198,2.0
2015/03/19,1196.5,1198.0,1170.0,1176.0,22700,1176,2.0
2015/03/20,1176.0,1220.0,1176.0,1215.5,30600,1215.5,2.0
2015/03/23,1240.0,1250.0,1220.0,1229.5,34800,1229.5,2.0
2015/03/24,1229.5,1235.5,1193.0,1202.5,38500,1202.5,2.0
2015/03/25,1202.5,1217.0,1180.5,1187.5,28500,1187.5,2.0
2015/03/26,1187.5,1189.5,1111.0,1155.0,36100,1155,2.0
2015/03/27,1155.0,1167.0,1139.0,1139.5,27300,1139.5,2.0
2015/03/30,1140.0,1160.0,1133.0,1139.0,14500,1139,2.0
2015/03/31,1144.0,1157.0,1131.5,1131.5,9600,1131.5,2.0
2015/04/01,1131.5,1134.5,1114.5,1124.5,23800,1124.5,2.0
2015/04/02,1117.5,1169.5,1117.5,1162.5,25100,1162.5,2.0
2015/04/03,1162.5,1162.5,1131.5,1138.0,15300,1138,2.0
2015/04/06,1150.0,1150.0,1128.0,1130.0,15500,1130,2.0
2015/04/07,1130.5,1144.0,1119.0,1124.5,25000,1124.5,2.0
2015/04/08,1121.5,1125.5,1117.5,1123.0,21700,1123,2.0
2015/04/09,1117.5,1125.0,1117.5,1123.5,12400,1123.5,2.0
2015/04/10,1120.0,1120.0,1094.0,1097.0,54100,1097,2.0
2015/04/13,1096.5,1122.0,1096.5,1118.5,19600,1118.5,2.0
2015/04/14,1125.0,1134.5,1118.5,1123.5,14000,1123.5,2.0
2015/04/15,1125.0,1142.5,1117.0,1117.0,17100,1117,2.0
2015/04/16,1117.0,1122.5,1100.0,1115.5,18100,1115.5,2.0
2015/04/17,1120.0,1123.5,1107.5,1113.0,19800,1113,2.0
2015/04/20,1096.5,1112.5,1096.5,1103.0,10400,1103,2.0
2015/04/21,1100.0,1110.5,1100.0,1101.5,14300,1101.5,2.0
2015/04/22,1102.5,1113.5,1100.5,1101.0,20400,1101,2.0
2015/04/23,1112.5,1112.5,1102.5,1105.5,13000,1105.5,2.0
2015/04/24,1107.0,1115.0,1107.0,1111.5,15400,1111.5,2.0
2015/04/27,1112.5,1113.5,1109.5,1112.0,18900,1112,2.0
2015/04/28,1107.0,1113.0,1105.0,1111.0,25800,1111,2.0
2015/04/30,1112.0,1112.0,1104.0,1112.0,13500,1112,2.0
2015/05/01,1110.0,1117.5,1107.0,1107.5,13800,1107.5,2.0
2015/05/07,1112.5,1113.5,1100.5,1101.0,9800,1101,2.0
2015/05/08,1101.0,1112.5,1097.5,1108.5,12300,1108.5,2.0
2015/05/11,1112.5,1119.5,1100.0,1106.0,17600,1106,2.0
2015/05/12,1100.0,1110.0,1085.5,1094.5,17300,1094.5,2.0
2015/05/13,1103.5,1103.5,1085.0,1095.5,13500,1095.5,2.0
2015/05/14,1095.5,1095.5,1053.0,1055.0,42000,1055,2.0
2015/05/15,1065.0,1067.5,1055.5,1056.5,9500,1056.5,2.0
2015/05/18,1071.0,1093.0,1071.0,1086.5,22500,1086.5,2.0
2015/05/19,1099.0,1099.0,1092.5,1097.5,17700,1097.5,2.0
2015/05/20,1098.0,1112.0,1095.0,1110.0,17200,1110,2.0
2015/05/21,1112.5,1121.0,1096.0,1096.0,21400,1096,2.0
2015/05/22,1107.0,1117.0,1107.0,1110.0,65600,1110,2.0
2015/05/25,1123.5,1172.5,1117.5,1136.0,38100,1136,2.0
2015/05/26,1147.5,1157.5,1120.5,1121.0,43600,1121,2.0
2015/05/27,1140.5,1148.5,1114.5,1116.5,45000,1116.5,2.0
2015/05/28,1120.5,1128.5,1110.0,1110.5,42900,1110.5,2.0
2015/05/29,1112.5,1113.0,1110.0,1110.0,21000,1110,2.0
2015/06/01,1114.5,1117.0,1110.0,1113.0,22700,1113,2.0
2015/06/02,1115.0,1115.0,1110.5,1111.0,28300,1111,2.0
2015/06/03,1111.0,1112.5,1103.0,1109.0,26200,1109,2.0
2015/06/04,1115.0,1116.0,1108.5,1112.0,29300,1112,2.0
2015/06/05,1112.5,1115.0,1108.5,1111.5,26000,1111.5,2.0
2015/06/08,1112.0,1117.0,1110.0,1112.5,19300,1112.5,2.0
2015/06/09,1112.5,1116.5,1103.5,1103.5,24900,1103.5,2.0
2015/06/10,1112.5,1116.5,1109.5,1110.0,22500,1110,2.0
2015/06/11,1110.0,1115.0,1110.0,1111.5,30000,1111.5,2.0
2015/06/12,1112.5,1115.0,1110.0,1112.5,34200,1112.5,2.0
2015/06/15,1115.0,1130.0,1115.0,1119.0,29300,1119,2.0
2015/06/16,1119.0,1121.5,1113.0,1116.5,30600,1116.5,2.0
2015/06/17,1124.0,1124.0,1105.5,1113.0,34200,1113,2.0
2015/06/18,1112.5,1112.5,1108.0,1108.0,15100,1108,2.0
2015/06/19,1113.0,1127.5,1110.5,1127.5,63000,1127.5,2.0
2015/06/22,1129.5,1145.0,1120.0,1127.5,43100,1127.5,2.0
2015/06/23,1130.5,1135.0,1125.0,1130.0,33100,1130,2.0
2015/06/24,1125.0,1128.0,1111.0,1122.0,43300,1122,2.0
2015/06/25,1115.5,1120.0,1109.5,1109.5,40200,1109.5,2.0
2015/06/26,1107.5,1115.5,1107.5,1113.0,38700,1113,2.0
2015/06/29,1100.0,1110.0,1095.0,1100.0,28300,1100,2.0
2015/06/30,1079.5,1112.5,1079.5,1112.5,25000,1112.5,2.0
2015/07/01,1110.0,1112.5,1105.0,1107.0,24800,1107,2.0
2015/07/02,1111.0,1113.0,1101.5,1105.0,15600,1105,2.0
2015/07/03,1105.0,1110.0,1100.0,1103.0,11700,1103,2.0
2015/07/06,1103.0,1108.5,1088.0,1094.0,25500,1094,2.0
2015/07/07,1094.0,1108.0,1080.0,1102.5,36100,1102.5,2.0
2015/07/08,1092.5,1098.5,1074.0,1074.5,36100,1074.5,2.0
2015/07/09,1060.0,1062.0,1026.5,1056.5,39400,1056.5,2.0
2015/07/10,1057.5,1087.0,1057.5,1063.0,12100,1063,2.0
2015/07/13,1082.0,1082.0,1060.0,1071.0,4200,1071,2.0
2015/07/14,1090.0,1090.0,1079.0,1088.5,7300,1088.5,2.0
2015/07/15,1092.5,1107.0,1086.0,1104.0,16800,1104,2.0
2015/07/16,1109.0,1111.5,1107.0,1109.0,25700,1109,2.0
2015/07/17,1110.0,1110.0,1106.0,1110.0,12100,1110,2.0
2015/07/21,1103.0,1111.5,1102.5,1108.0,21500,1108,2.0
2015/07/22,1104.5,1108.5,1101.5,1105.5,17100,1105.5,2.0
2015/07/23,1107.0,1112.0,1100.0,1110.0,24000,1110,2.0
2015/07/24,1110.0,1111.5,1105.0,1110.0,30500,1110,2.0
2015/07/27,1110.0,1112.5,1105.5,1109.5,27100,1109.5,2.0
2015/07/28,1109.5,1123.5,1103.5,1110.0,35200,1110,2.0
2015/07/29,1110.5,1115.0,1103.0,1108.5,14600,1108.5,2.0
2015/07/30,1108.5,1111.5,1103.5,1107.0,16200,1107,2.0
2015/07/31,1105.0,1114.5,1101.5,1107.5,23100,1107.5,2.0
2015/08/03,1108.5,1133.5,1108.5,1128.5,33200,1128.5,2.0
2015/08/04,1133.0,1175.0,1122.5,1162.5,93300,1162.5,2.0
2015/08/05,1174.0,1177.5,1156.0,1168.0,43500,1168,2.0
2015/08/06,1189.5,1193.5,1175.0,1177.0,74700,1177,2.0
2015/08/07,1176.0,1186.5,1157.5,1179.5,33900,1179.5,2.0
2015/08/10,1154.5,1179.5,1142.5,1177.5,58300,1177.5,2.0
2015/08/11,1175.0,1210.0,1157.0,1188.0,45300,1188,2.0
2015/08/12,1187.5,1205.0,1180.0,1193.0,36000,1193,2.0
2015/08/13,1195.0,1205.0,1188.5,1198.5,26800,1198.5,2.0
2015/08/14,1203.5,1240.0,1192.5,1235.5,66800,1235.5,2.0
2015/08/17,1240.0,1298.0,1240.0,1290.5,76000,1290.5,2.0
2015/08/18,1300.0,1348.5,1300.0,1344.5,80600,1344.5,2.0
2015/08/19,1350.0,1350.0,1325.0,1338.0,54400,1338,2.0
2015/08/20,1313.0,1320.0,1292.0,1294.0,43700,1294,2.0
2015/08/21,1275.0,1289.0,1260.0,1266.5,42300,1266.5,2.0
2015/08/24,1220.5,1250.0,1200.0,1206.0,55600,1206,2.0
2015/08/25,1163.5,1251.0,1161.0,1195.0,59400,1195,2.0
2015/08/26,1220.0,1238.5,1206.5,1225.0,30400,1225,2.0
2015/08/27,1225.0,1291.5,1219.0,1225.0,64900,1225,2.0
2015/08/28,1260.0,1260.0,1230.0,1232.5,28400,1232.5,2.0
2015/08/31,1235.0,1245.0,1217.5,1236.5,15000,1236.5,2.0
2015/09/01,1217.5,1235.0,1183.0,1183.0,43200,1183,2.0
2015/09/02,1160.0,1230.5,1140.0,1216.5,43900,1216.5,2.0
2015/09/03,1222.0,1255.5,1222.0,1241.5,33200,1241.5,2.0
2015/09/04,1241.0,1241.0,1155.0,1164.0,33300,1164,2.0
2015/09/07,1152.5,1168.0,1128.5,1149.0,15100,1149,2.0
2015/09/08,1149.0,1161.0,1123.0,1126.0,13600,1126,2.0
2015/09/09,1157.0,1179.0,1130.0,1164.5,33600,1164.5,2.0
2015/09/10,1139.5,1152.5,1131.5,1142.0,16500,1142,2.0
2015/09/11,1131.5,1161.0,1127.5,1145.5,33700,1145.5,2.0
2015/09/14,1132.5,1157.5,1130.0,1131.5,27900,1131.5,2.0
2015/09/15,1131.5,1134.0,1114.0,1116.0,21800,1116,2.0
2015/09/16,1128.5,1134.0,1105.5,1118.5,11500,1118.5,2.0
2015/09/17,1110.0,1137.0,1106.0,1121.0,14100,1121,2.0
2015/09/18,1125.0,1131.5,1103.5,1105.0,12800,1105,2.0
2015/09/24,1100.5,1117.0,1080.5,1082.5,23500,1082.5,2.0
2015/09/25,1082.0,1112.0,1081.5,1105.5,17400,1105.5,2.0
2015/09/28,1105.5,1105.5,1091.0,1096.0,9400,1096,2.0
2015/09/29,1082.5,1083.5,1040.5,1041.5,17000,1041.5,2.0
2015/09/30,1028.5,1028.5,1000.5,1001.0,52500,1001,2.0
2015/10/01,1010.5,1024.0,991.0,997.0,39300,997,2.0
2015/10/02,1001.5,1001.5,978.0,989.0,26900,989,2.0
2015/10/05,1001.5,1004.0,981.0,986.0,56900,986,2.0
2015/10/06,1005.0,1010.0,990.0,990.0,42400,990,2.0
2015/10/07,999.5,999.5,988.5,990.5,38500,990.5,2.0
2015/10/08,994.5,1005.5,992.5,996.0,37300,996,2.0
2015/10/09,998.0,1014.5,997.5,1009.5,36800,1009.5,2.0
2015/10/13,1018.5,1024.5,1012.5,1014.5,29400,1014.5,2.0
2015/10/14,1015.0,1015.5,998.0,1000.5,32600,1000.5,2.0
2015/10/15,998.0,1009.0,997.5,1001.5,28200,1001.5,2.0
2015/10/16,1006.0,1008.5,998.0,999.0,47100,999,2.0
2015/10/19,1002.5,1009.0,995.5,1000.5,28300,1000.5,2.0
2015/10/20,1000.5,1007.0,998.5,1007.0,13000,1007,2.0
2015/10/21,1001.0,1007.0,999.5,1006.5,26200,1006.5,2.0
2015/10/22,1005.5,1007.5,1000.5,1003.0,15700,1003,2.0
2015/10/23,1005.0,1006.5,1000.0,1000.0,37900,1000,2.0
2015/10/26,1012.5,1040.0,1000.0,1008.0,73900,1008,2.0
2015/10/27,1015.0,1020.0,1003.0,1004.0,24800,1004,2.0
2015/10/28,1016.5,1037.5,1007.5,1035.0,45500,1035,2.0
2015/10/29,1045.0,1070.5,1045.0,1062.5,55400,1062.5,2.0
2015/10/30,1075.0,1076.5,1058.0,1058.0,42100,1058,2.0
2015/11/02,1074.0,1074.0,1050.0,1052.5,30900,1052.5,2.0
2015/11/04,1080.0,1082.5,1053.0,1057.0,38200,1057,2.0
2015/11/05,1064.0,1082.5,1056.5,1057.0,34200,1057,2.0
2015/11/06,1055.5,1079.5,1055.5,1079.5,36500,1079.5,2.0
2015/11/09,1079.5,1097.0,1079.5,1094.0,40100,1094,2.0
2015/11/10,1092.5,1101.5,1085.0,1101.0,28700,1101,2.0
2015/11/11,1110.5,1122.5,1105.0,1119.5,34300,1119.5,2.0
2015/11/12,1149.0,1149.0,1084.5,1101.5,51800,1101.5,2.0
2015/11/13,1100.0,1125.0,1085.0,1110.5,26900,1110.5,2.0
2015/11/16,1075.0,1084.0,1043.0,1059.0,72800,1059,2.0
2015/11/17,1080.0,1085.0,1065.0,1069.0,55000,1069,2.0
2015/11/18,1075.0,1078.0,1071.0,1076.5,22500,1076.5,2.0
2015/11/19,1090.0,1094.0,1079.5,1083.0,29900,1083,2.0
2015/11/20,1083.0,1083.5,1069.0,1073.0,41000,1073,2.0
2015/11/24,1075.0,1084.5,1073.5,1079.5,39500,1079.5,2.0
2015/11/25,1075.0,1077.0,1052.0,1073.0,64300,1073,2.0
2015/11/26,1073.0,1082.0,1062.5,1063.0,84400,1063,2.0
2015/11/27,1077.5,1088.0,1064.0,1087.5,41500,1087.5,2.0
2015/11/30,1088.5,1111.5,1084.5,1107.5,57000,1107.5,2.0
2015/12/01,1108.0,1115.0,1075.0,1096.5,54600,1096.5,2.0
2015/12/02,1114.5,1128.5,1090.0,1104.0,96100,1104,2.0
2015/12/03,1100.0,1101.5,1084.0,1089.5,94900,1089.5,2.0
2015/12/04,1088.5,1089.0,1049.5,1052.5,127400,1052.5,2.0
2015/12/07,1060.0,1067.0,1048.5,1049.0,80500,1049,2.0
2015/12/08,1057.5,1077.5,1055.5,1071.0,54700,1071,2.0
2015/12/09,1076.0,1079.0,1060.0,1065.0,40300,1065,2.0
2015/12/10,1060.0,1064.0,1053.5,1059.0,23100,1059,2.0
2015/12/11,1053.0,1082.0,1053.0,1076.0,44300,1076,2.0
2015/12/14,1076.0,1077.5,1065.5,1075.5,29300,1075.5,2.0
2015/12/15,1062.0,1083.0,1053.0,1056.0,24800,1056,2.0
2015/12/16,1060.5,1071.0,1056.0,1061.5,28300,1061.5,2.0
2015/12/17,1070.0,1097.0,1063.5,1091.5,38600,1091.5,2.0
2015/12/18,1091.5,1115.0,1089.5,1092.5,29500,1092.5,2.0
2015/12/21,1080.0,1081.0,1058.5,1071.5,28000,1071.5,2.0
2015/12/22,1065.0,1085.0,1065.0,1082.0,16500,1082,2.0
2015/12/24,1089.0,1096.5,1068.5,1069.0,21600,1069,2.0
2015/12/25,1072.0,1072.0,1050.5,1055.0,27600,1055,2.0
2015/12/28,1057.0,1087.5,1057.0,1084.5,20300,1084.5,2.0
2015/12/29,1094.5,1115.0,1092.0,1099.5,20200,1099.5,2.0
2015/12/30,1110.0,1110.0,1090.5,1097.5,21700,1097.5,2.0
2016/01/04,1097.0,1097.0,1068.0,1069.0,16000,1069,2.0
2016/01/05,1069.0,1112.5,1069.0,1104.5,52400,1104.5,2.0
2016/01/06,1104.5,1123.0,1090.0,1102.5,54800,1102.5,2.0
2016/01/07,1099.5,1110.0,1089.0,1095.5,24700,1095.5,2.0
2016/01/08,1094.5,1101.5,1070.0,1077.5,23000,1077.5,2.0
2016/01/12,1077.5,1085.5,1051.0,1062.0,38400,1062,2.0
2016/01/13,1063.5,1090.5,1058.5,1080.5,24500,1080.5,2.0
2016/01/14,1058.0,1061.5,1029.5,1052.0,38900,1052,2.0
2016/01/15,1071.5,1085.5,1051.0,1057.5,23000,1057.5,2.0
2016/01/18,1037.5,1037.5,1010.0,1015.0,23000,1015,2.0
2016/01/19,1015.0,1058.0,1011.5,1057.0,31900,1057,2.0
2016/01/20,1041.0,1059.0,1037.5,1037.5,21800,1037.5,2.0
2016/01/21,1035.5,1065.0,1015.5,1015.5,26700,1015.5,2.0
2016/01/22,1027.5,1039.5,1014.0,1033.5,15400,1033.5,2.0
2016/01/25,1050.0,1084.0,1042.5,1075.0,22100,1075,2.0
2016/01/26,1099.5,1128.5,1090.0,1128.5,75700,1128.5,2.0
2016/01/27,1135.5,1162.5,1116.5,1124.5,37400,1124.5,2.0
2016/01/28,1122.0,1160.0,1120.0,1127.5,43800,1127.5,2.0
2016/01/29,1119.0,1143.5,1100.0,1127.5,32900,1127.5,2.0
2016/02/01,1129.5,1150.5,1115.0,1148.5,38500,1148.5,2.0
2016/02/02,1132.5,1155.0,1130.5,1152.0,14400,1152,2.0
2016/02/03,1146.5,1150.0,1108.0,1148.5,24400,1148.5,2.0
2016/02/04,1130.0,1134.5,1090.0,1095.0,15300,1095,2.0
2016/02/05,1070.5,1078.5,1050.0,1073.5,20000,1073.5,2.0
2016/02/08,1048.5,1084.0,1047.5,1079.5,10600,1079.5,2.0
2016/02/09,1053.0,1084.5,1031.0,1033.5,15900,1033.5,2.0
2016/02/10,1029.0,1037.0,968.5,981.0,29700,981,2.0
2016/02/12,935.0,935.0,900.5,909.0,49800,909,2.0
2016/02/15,981.0,1020.5,957.5,991.0,45900,991,2.0
2016/02/16,981.0,999.5,970.5,970.5,36800,970.5,2.0
2016/02/17,965.0,987.0,960.0,986.5,22200,986.5,2.0
2016/02/18,1000.5,1001.0,986.0,990.5,31700,990.5,2.0
2016/02/19,976.0,1002.5,976.0,991.0,15800,991,2.0
2016/02/22,985.5,1020.0,985.5,1012.0,22400,1012,2.0
2016/02/23,1011.0,1011.0,985.0,987.5,17600,987.5,2.0
2016/02/24,985.0,991.5,964.0,971.0,13600,971,2.0
2016/02/25,969.0,996.5,969.0,994.0,10300,994,2.0
2016/02/26,1001.0,1006.5,994.5,1000.5,6000,1000.5,2.0
2016/02/29,1012.5,1016.0,992.0,992.0,11700,992,2.0
2016/03/01,993.0,993.0,979.0,988.0,9500,988,2.0
2016/03/02,994.5,1014.0,992.5,999.0,12100,999,2.0
2016/03/03,995.0,1003.0,993.5,1002.5,12700,1002.5,2.0
2016/03/04,994.5,995.5,985.0,990.5,26400,990.5,2.0
2016/03/07,991.5,991.5,982.5,986.5,19800,986.5,2.0
2016/03/08,978.0,982.0,964.5,966.0,18800,966,2.0
2016/03/09,960.0,964.0,951.5,954.5,14800,954.5,2.0
2016/03/10,964.0,974.5,961.5,971.5,7900,971.5,2.0
2016/03/11,963.0,980.0,953.0,972.0,21600,972,2.0
2016/03/14,982.5,984.0,975.5,978.0,11400,978,2.0
2016/03/15,982.0,985.5,976.0,980.0,12600,980,2.0
2016/03/16,980.0,982.0,968.0,968.5,16500,968.5,2.0
2016/03/17,972.5,973.5,960.5,968.0,17600,968,2.0
2016/03/18,966.5,966.5,951.5,954.0,28400,954,2.0
2016/03/22,964.5,967.5,954.5,964.0,26900,964,2.0
2016/03/23,966.0,971.5,955.5,958.5,8000,958.5,2.0
2016/03/24,958.5,966.0,953.5,957.5,16300,957.5,2.0
2016/03/25,958.0,964.5,952.0,956.0,19500,956,2.0
2016/03/28,960.0,973.5,956.5,969.5,16000,969.5,2.0
2016/03/29,955.0,968.0,955.0,959.5,12800,959.5,2.0
2016/03/30,959.0,959.0,950.0,950.5,15600,950.5,2.0
2016/03/31,953.0,957.5,946.0,948.0,20900,948,2.0
2016/04/01,950.0,950.5,924.0,924.5,25800,924.5,2.0
2016/04/04,932.5,940.0,918.0,938.0,17100,938,2.0
2016/04/05,934.5,944.0,913.5,917.5,22500,917.5,2.0
2016/04/06,912.0,920.0,903.5,908.5,18000,908.5,2.0
2016/04/07,907.5,928.0,882.5,910.0,19500,910,2.0
2016/04/08,905.0,929.5,890.0,921.5,23600,921.5,2.0
2016/04/11,923.0,928.0,911.0,925.0,9100,925,2.0
2016/04/12,924.5,928.5,914.5,915.5,13000,915.5,2.0
2016/04/13,920.0,931.0,920.0,925.0,22500,925,2.0
2016/04/14,937.0,947.0,925.5,947.0,24900,947,2.0
2016/04/15,934.5,967.5,934.5,962.0,15500,962,2.0
2016/04/18,949.0,973.0,945.0,967.0,22000,967,2.0
2016/04/19,972.5,986.5,970.0,980.5,24200,980.5,2.0
2016/04/20,980.0,987.5,974.5,979.5,21100,979.5,2.0
2016/04/21,984.0,989.5,979.5,986.5,25700,986.5,2.0
2016/04/22,985.0,996.5,980.0,995.5,20600,995.5,2.0
2016/04/25,997.0,1000.0,987.0,992.0,13000,992,2.0
2016/04/26,999.0,999.0,970.5,995.0,15800,995,2.0
2016/04/27,988.5,997.0,966.0,977.5,41700,977.5,2.0
2016/04/28,991.5,999.5,958.0,963.0,35900,963,2.0
2016/05/02,950.0,950.0,934.0,947.0,11200,947,2.0
2016/05/06,956.0,967.5,950.0,965.0,15800,965,2.0
2016/05/09,965.0,979.5,964.0,970.5,7600,970.5,2.0
2016/05/10,966.0,984.0,966.0,979.5,12100,979.5,2.0
2016/05/11,984.5,985.5,964.0,985.0,21300,985,2.0
2016/05/12,965.0,977.5,965.0,974.5,6600,974.5,2.0
2016/05/13,1009.5,1009.5,979.5,1003.5,31100,1003.5,2.0
2016/05/16,1000.0,1015.0,1000.0,1010.0,17400,1010,2.0
2016/05/17,1009.0,1015.0,997.0,1015.0,15300,1015,2.0
2016/05/18,1014.0,1018.5,1005.5,1009.0,16100,1009,2.0
2016/05/19,1009.0,1025.5,1009.0,1018.0,10000,1018,2.0
2016/05/20,1019.0,1024.0,1014.5,1020.5,6400,1020.5,2.0
2016/05/23,1018.5,1030.5,1015.5,1016.5,7000,1016.5,2.0
2016/05/24,1019.5,1029.5,1015.0,1025.0,10800,1025,2.0
2016/05/25,1030.0,1040.0,1030.0,1039.0,5800,1039,2.0
2016/05/26,1040.0,1050.0,1040.0,1045.5,10800,1045.5,2.0
2016/05/27,1049.5,1068.0,1049.5,1061.5,13400,1061.5,2.0
2016/05/30,1075.0,1093.5,1075.0,1087.0,13400,1087,2.0
2016/05/31,1094.0,1098.5,1087.0,1091.0,31700,1091,2.0
2016/06/01,1097.0,1099.0,1086.0,1094.0,22700,1094,2.0
2016/06/02,1095.0,1099.0,1076.0,1087.5,22400,1087.5,2.0
2016/06/03,1085.5,1099.5,1084.0,1097.5,20300,1097.5,2.0
2016/06/06,1090.0,1099.5,1090.0,1094.0,15400,1094,2.0
2016/06/07,1094.0,1104.0,1092.5,1100.0,18200,1100,2.0
2016/06/08,1102.0,1121.0,1095.5,1117.5,14500,1117.5,2.0
2016/06/09,1123.0,1125.0,1110.0,1123.0,21900,1123,2.0
2016/06/10,1130.0,1131.5,1116.5,1127.0,26900,1127,2.0
2016/06/13,1099.0,1116.5,1091.0,1092.5,31000,1092.5,2.0
2016/06/14,1090.0,1099.0,1076.5,1084.0,23200,1084,2.0
2016/06/15,1071.0,1090.0,1061.5,1080.0,17000,1080,2.0
2016/06/16,1089.5,1089.5,1060.5,1061.0,16000,1061,2.0
2016/06/17,1076.5,1080.0,1060.0,1060.0,30800,1060,2.0
2016/06/20,1075.0,1107.5,1075.0,1106.5,20400,1106.5,2.0
2016/06/21,1106.5,1122.0,1102.5,1119.5,13600,1119.5,2.0
2016/06/22,1125.0,1135.0,1115.0,1135.0,28700,1135,2.0
2016/06/23,1134.0,1146.0,1106.0,1125.0,35600,1125,2.0
2016/06/24,1148.5,1149.5,1064.0,1081.5,44500,1081.5,2.0
2016/06/27,1078.5,1145.0,1075.0,1137.0,25300,1137,2.0
2016/06/28,1112.0,1150.0,1106.0,1130.0,28900,1130,2.0
2016/06/29,1142.0,1154.0,1130.0,1151.0,50300,1151,2.0
2016/06/30,1155.0,1159.0,1128.0,1133.5,24800,1133.5,2.0
2016/07/01,1165.0,1203.5,1150.0,1202.5,72500,1202.5,2.0
2016/07/04,1200.5,1204.5,1186.0,1191.0,31700,1191,2.0
2016/07/05,1192.5,1200.0,1168.0,1192.0,23600,1192,2.0
2016/07/06,1185.0,1191.0,1156.0,1190.0,37400,1190,2.0
2016/07/07,1173.5,1197.5,1165.5,1196.5,23500,1196.5,2.0
2016/07/08,1180.5,1193.0,1159.5,1165.5,32500,1165.5,2.0
2016/07/11,1176.5,1208.0,1176.5,1200.0,23100,1200,2.0
2016/07/12,1205.0,1212.5,1187.5,1191.0,28000,1191,2.0
2016/07/13,1204.0,1204.0,1155.5,1165.0,32700,1165,2.0
2016/07/14,1175.0,1192.5,1175.0,1184.5,22400,1184.5,2.0
2016/07/15,1184.5,1184.5,1147.5,1149.0,22100,1149,2.0
2016/07/19,1150.0,1180.5,1150.0,1167.5,18800,1167.5,2.0
2016/07/20,1173.5,1174.0,1159.5,1169.5,24000,1169.5,2.0
2016/07/21,1173.5,1173.5,1150.0,1158.0,21600,1158,2.0
2016/07/22,1150.0,1170.0,1141.5,1167.5,24500,1167.5,2.0
2016/07/25,1177.0,1192.5,1172.0,1190.0,9200,1190,2.0
2016/07/26,1193.5,1209.0,1187.5,1192.0,14500,1192,2.0
2016/07/27,1201.5,1204.5,1190.0,1194.5,12800,1194.5,2.0
2016/07/28,1200.0,1200.0,1181.0,1186.5,10700,1186.5,2.0
2016/07/29,1188.0,1191.5,1165.5,1191.5,16600,1191.5,2.0
2016/08/01,1186.5,1190.5,1176.0,1182.0,11400,1182,2.0
2016/08/02,1187.5,1187.5,1171.5,1173.0,17300,1173,2.0
2016/08/03,1173.0,1189.5,1157.5,1185.0,21600,1185,2.0
2016/08/04,1197.0,1197.0,1178.0,1181.5,11900,1181.5,2.0
2016/08/05,1181.5,1185.0,1150.5,1158.0,11600,1158,2.0
2016/08/08,1181.0,1181.0,1157.5,1162.0,8600,1162,2.0
2016/08/09,1157.5,1178.0,1156.0,1174.0,24900,1174,2.0
2016/08/10,1157.5,1177.5,1157.5,1175.0,10700,1175,2.0
2016/08/12,1187.5,1221.5,1187.5,1206.5,33500,1206.5,2.0
2016/08/15,1207.5,1220.0,1188.0,1218.0,26800,1218,2.0
2016/08/16,1222.5,1245.0,1218.0,1242.5,27900,1242.5,2.0
2016/08/17,1240.0,1242.5,1221.5,1231.5,28500,1231.5,2.0
2016/08/18,1225.0,1225.0,1201.0,1203.0,23000,1203,2.0
2016/08/19,1189.5,1204.5,1170.0,1193.5,20900,1193.5,2.0
2016/08/22,1193.5,1213.0,1193.5,1210.5,6100,1210.5,2.0
2016/08/23,1228.5,1249.5,1221.0,1241.5,31400,1241.5,2.0
2016/08/24,1247.5,1247.5,1230.0,1235.0,9300,1235,2.0
2016/08/25,1238.0,1238.0,1213.0,1217.0,14100,1217,2.0
2016/08/26,1215.0,1215.0,1190.0,1191.0,9200,1191,2.0
2016/08/29,1200.0,1219.5,1180.0,1181.0,11700,1181,2.0
2016/08/30,1176.0,1198.0,1176.0,1192.5,11500,1192.5,2.0
2016/08/31,1196.5,1200.5,1185.5,1200.0,5700,1200,2.0
2016/09/01,1219.5,1330.5,1217.5,1312.5,85800,1312.5,2.0
2016/09/02,1299.5,1312.5,1244.5,1294.0,45400,1294,2.0
2016/09/05,1299.5,1299.5,1251.0,1293.0,22400,1293,2.0
2016/09/06,1268.0,1324.0,1268.0,1316.5,19800,1316.5,2.0
2016/09/07,1316.5,1336.5,1285.0,1331.0,33100,1331,2.0
2016/09/08,1330.0,1337.5,1315.0,1327.5,15800,1327.5,2.0
2016/09/09,1325.0,1329.0,1303.5,1309.0,23600,1309,2.0
2016/09/12,1295.5,1337.5,1284.5,1328.0,22800,1328,2.0
2016/09/13,1310.0,1315.5,1274.0,1299.0,35000,1299,2.0
2016/09/14,1300.0,1315.0,1292.5,1303.0,25500,1303,2.0
2016/09/15,1282.0,1308.0,1282.0,1291.5,27000,1291.5,2.0
2016/09/16,1292.0,1309.5,1271.5,1284.5,111900,1284.5,2.0
2016/09/20,1283.5,1283.5,1265.5,1278.0,30100,1278,2.0
2016/09/21,1266.5,1279.0,1261.5,1277.0,34700,1277,2.0
2016/09/23,1302.0,1340.0,1269.0,1334.5,51100,1334.5,2.0
2016/09/26,1342.0,1348.5,1325.0,1337.5,36800,1337.5,2.0
2016/09/27,1335.0,1349.0,1321.5,1345.5,37000,1345.5,2.0
2016/09/28,1335.0,1347.0,1329.5,1344.0,18700,1344,2.0
2016/09/29,1349.5,1350.0,1323.0,1347.5,21400,1347.5,2.0
2016/09/30,1340.0,1350.0,1327.5,1340.5,14000,1340.5,2.0
2016/10/03,1349.0,1375.0,1344.5,1373.0,40400,1373,2.0
2016/10/04,1375.0,1417.0,1373.0,1398.0,42700,1398,2.0
2016/10/05,1397.5,1397.5,1325.5,1333.0,44000,1333,2.0
2016/10/06,1337.0,1349.0,1287.0,1320.5,54300,1320.5,2.0
2016/10/07,1321.0,1321.0,1289.5,1304.5,28900,1304.5,2.0
2016/10/11,1304.0,1325.0,1299.5,1309.5,30900,1309.5,2.0
2016/10/12,1310.0,1328.5,1309.5,1311.5,20500,1311.5,2.0
2016/10/13,1330.5,1341.5,1323.0,1329.5,27600,1329.5,2.0
2016/10/14,1331.5,1334.0,1315.0,1321.5,10200,1321.5,2.0
2016/10/17,1323.0,1333.0,1317.5,1325.0,10900,1325,2.0
2016/10/18,1330.0,1338.0,1326.5,1333.0,5700,1333,2.0
2016/10/19,1337.0,1339.5,1305.5,1314.5,10700,1314.5,2.0
2016/10/20,1309.0,1314.5,1302.0,1307.5,16000,1307.5,2.0
2016/10/21,1300.0,1314.5,1289.5,1301.5,19000,1301.5,2.0
2016/10/24,1288.5,1303.5,1288.5,1297.5,12700,1297.5,2.0
2016/10/25,1297.5,1301.0,1286.0,1298.0,11400,1298,2.0
2016/10/26,1310.0,1310.0,1298.5,1302.5,10500,1302.5,2.0
2016/10/27,1305.0,1305.5,1289.5,1297.0,10100,1297,2.0
2016/10/28,1304.5,1304.5,1282.5,1300.0,24700,1300,2.0
2016/10/31,1316.0,1316.0,1296.0,1300.0,13700,1300,2.0
2016/11/01,1306.0,1306.0,1276.5,1280.0,10800,1280,2.0
2016/11/02,1275.0,1275.0,1212.5,1253.0,21500,1253,2.0
2016/11/04,1233.0,1245.5,1223.5,1233.5,13200,1233.5,2.0
2016/11/07,1236.5,1248.5,1219.5,1231.0,12000,1231,2.0
2016/11/08,1239.5,1239.5,1225.5,1228.5,11500,1228.5,2.0
2016/11/09,1242.0,1244.5,1158.0,1189.0,30000,1189,2.0
2016/11/10,1249.5,1253.5,1217.0,1243.5,28900,1243.5,2.0
2016/11/11,1253.5,1254.0,1217.5,1219.5,13400,1219.5,2.0
2016/11/14,1285.0,1306.0,1272.0,1282.5,45600,1282.5,2.0
2016/11/15,1275.0,1281.5,1258.5,1278.5,37800,1278.5,2.0
2016/11/16,1284.5,1297.0,1275.0,1296.0,16400,1296,2.0
2016/11/17,1296.0,1300.0,1290.0,1296.0,11500,1296,2.0
2016/11/18,1296.0,1303.0,1289.0,1294.0,14500,1294,2.0
2016/11/21,1300.0,1306.0,1298.0,1300.5,12100,1300.5,2.0
2016/11/22,1305.0,1334.5,1287.5,1330.0,34300,1330,2.0
2016/11/24,1336.0,1336.0,1295.0,1300.5,38700,1300.5,2.0
2016/11/25,1292.0,1310.0,1286.5,1309.0,24200,1309,2.0
2016/11/28,1316.5,1322.5,1296.5,1319.0,26200,1319,2.0
2016/11/29,1322.0,1322.0,1309.5,1318.5,10200,1318.5,2.0
2016/11/30,1318.0,1324.0,1304.0,1320.0,18100,1320,2.0
2016/12/01,1312.5,1326.0,1303.0,1323.5,17400,1323.5,2.0
2016/12/02,1306.0,1327.5,1297.5,1325.0,19100,1325,2.0
2016/12/05,1320.0,1324.5,1311.5,1323.5,15800,1323.5,2.0
2016/12/06,1325.0,1327.5,1301.5,1308.5,17200,1308.5,2.0
2016/12/07,1310.0,1312.5,1300.0,1307.0,25000,1307,2.0
2016/12/08,1290.0,1310.0,1275.0,1301.0,30300,1301,2.0
2016/12/09,1286.0,1307.0,1275.5,1306.0,24200,1306,2.0
2016/12/12,1299.0,1302.0,1279.5,1288.5,22400,1288.5,2.0
2016/12/13,1276.0,1301.0,1276.0,1300.0,28000,1300,2.0
2016/12/14,1306.5,1306.5,1295.0,1305.5,16600,1305.5,2.0
2016/12/15,1299.5,1326.5,1291.5,1310.0,24300,1310,2.0
2016/12/16,1315.0,1323.5,1293.0,1304.0,17600,1304,2.0
2016/12/19,1325.0,1328.0,1313.5,1328.0,20300,1328,2.0
2016/12/20,1317.5,1345.0,1317.5,1341.5,21300,1341.5,2.0
2016/12/21,1349.5,1350.0,1322.5,1333.5,16800,1333.5,2.0
2016/12/22,1321.0,1324.5,1311.5,1319.0,8300,1319,2.0
2016/12/26,1319.0,1333.0,1319.0,1329.0,11400,1329,2.0
2016/12/27,1329.5,1345.0,1325.5,1335.0,11400,1335,2.0
2016/12/28,1330.0,1340.0,1325.0,1336.5,8300,1336.5,2.0
2016/12/29,1325.0,1347.5,1325.0,1347.5,18300,1347.5,2.0
2016/12/30,1347.0,1350.0,1330.0,1350.0,25900,1350,2.0
2017/01/04,1360.0,1391.5,1358.0,1373.5,20900,1373.5,2.0
2017/01/05,1380.0,1395.0,1379.5,1385.0,20100,1385,2.0
2017/01/06,1386.5,1413.5,1385.0,1408.5,17300,1408.5,2.0
2017/01/10,1410.0,1433.0,1402.5,1411.5,27700,1411.5,2.0
2017/01/11,1415.0,1422.5,1402.5,1413.0,12700,1413,2.0
2017/01/12,1402.5,1409.5,1377.5,1403.0,22200,1403,2.0
2017/01/13,1403.0,1436.0,1403.0,1418.5,18800,1418.5,2.0
2017/01/16,1427.5,1434.0,1404.5,1410.5,12400,1410.5,2.0
2017/01/17,1404.5,1404.5,1389.0,1392.0,8100,1392,2.0
2017/01/18,1373.0,1375.5,1355.0,1369.0,15600,1369,2.0
2017/01/19,1388.0,1388.0,1369.0,1373.5,7100,1373.5,2.0
2017/01/20,1373.5,1387.0,1368.5,1376.0,8900,1376,2.0
2017/01/23,1360.5,1385.5,1350.5,1366.5,11100,1366.5,2.0
2017/01/24,1375.0,1375.0,1352.0,1356.0,7300,1356,2.0
2017/01/25,1356.5,1370.0,1352.0,1356.0,7300,1356,2.0
2017/01/26,1367.5,1388.0,1360.5,1384.5,11200,1384.5,2.0
2017/01/27,1390.0,1400.0,1374.5,1379.5,11100,1379.5,2.0
2017/01/30,1379.5,1379.5,1375.0,1375.5,6000,1375.5,2.0
2017/01/31,1375.5,1382.5,1375.0,1380.0,10200,1380,2.0
2017/02/01,1375.5,1395.0,1363.0,1389.5,9900,1389.5,2.0
2017/02/02,1393.0,1410.0,1388.0,1403.5,12400,1403.5,2.0
2017/02/03,1411.0,1415.0,1397.0,1402.0,9100,1402,2.0
2017/02/06,1419.5,1419.5,1407.0,1418.0,11100,1418,2.0
2017/02/07,1418.5,1418.5,1397.5,1398.0,21200,1398,2.0
2017/02/08,1390.0,1429.5,1389.0,1417.5,15300,1417.5,2.0
2017/02/09,1393.5,1515.0,1393.5,1495.0,53900,1495,2.0
2017/02/10,1512.5,1515.0,1488.5,1505.0,61400,1505,2.0
2017/02/13,1532.5,1597.5,1498.5,1505.0,49500,1505,2.0
2017/02/14,1500.0,1562.5,1500.0,1540.0,28600,1540,2.0
2017/02/15,1565.0,1575.0,1535.0,1540.0,18100,1540,2.0
2017/02/16,1552.5,1555.0,1535.0,1540.0,10100,1540,2.0
2017/02/17,1517.5,1560.0,1512.5,1552.5,18500,1552.5,2.0
2017/02/20,1562.5,1565.0,1540.0,1542.5,8200,1542.5,2.0
2017/02/21,1530.0,1542.5,1527.5,1540.0,9400,1540,2.0
2017/02/22,1545.0,1572.5,1545.0,1572.5,12500,1572.5,2.0
2017/02/23,1570.0,1580.0,1557.5,1577.5,8900,1577.5,2.0
2017/02/24,1582.5,1582.5,1577.5,1580.0,6000,1580,2.0
2017/02/27,1575.0,1575.0,1552.5,1560.0,5800,1560,2.0
2017/02/28,1560.0,1620.0,1560.0,1605.0,18100,1605,2.0
2017/03/01,1617.5,1617.5,1592.5,1597.5,13200,1597.5,2.0
2017/03/02,1597.5,1625.0,1577.5,1602.5,15400,1602.5,2.0
2017/03/03,1602.5,1617.5,1595.0,1605.0,10900,1605,2.0
2017/03/06,1602.5,1632.5,1587.5,1602.5,11600,1602.5,2.0
2017/03/07,1605.0,1605.0,1587.5,1592.5,13300,1592.5,2.0
2017/03/08,1595.0,1595.0,1537.5,1572.5,17600,1572.5,2.0
2017/03/09,1572.5,1600.0,1570.0,1592.5,8200,1592.5,2.0
2017/03/10,1610.0,1627.5,1607.5,1617.5,19300,1617.5,2.0
2017/03/13,1617.5,1637.5,1600.0,1615.0,8700,1615,2.0
2017/03/14,1607.5,1630.0,1597.5,1615.0,17500,1615,2.0
2017/03/15,1622.5,1622.5,1597.5,1605.0,10400,1605,2.0
2017/03/16,1585.0,1600.0,1540.0,1595.0,14700,1595,2.0
2017/03/17,1595.0,1637.5,1582.5,1637.5,21200,1637.5,2.0
2017/03/21,1637.5,1637.5,1607.5,1637.5,11900,1637.5,2.0
2017/03/22,1605.0,1630.0,1605.0,1607.5,12100,1607.5,2.0
2017/03/23,1600.0,1615.0,1595.0,1605.0,7300,1605,2.0
2017/03/24,1605.0,1630.0,1605.0,1620.0,6100,1620,2.0
2017/03/27,1617.5,1627.5,1600.0,1615.0,7100,1615,2.0
2017/03/28,1622.5,1650.0,1622.5,1650.0,10300,1650,2.0
2017/03/29,1672.5,1675.0,1620.0,1645.0,11200,1645,2.0
2017/03/30,1647.5,1650.0,1605.0,1610.0,8200,1610,2.0
2017/03/31,1622.5,1627.5,1580.0,1580.0,15600,1580,2.0
2017/04/03,1580.0,1607.5,1560.0,1597.5,14100,1597.5,2.0
2017/04/04,1582.5,1602.5,1542.5,1572.5,14100,1572.5,2.0
2017/04/05,1550.0,1587.5,1550.0,1580.0,10000,1580,2.0
2017/04/06,1560.0,1562.5,1495.0,1495.0,21100,1495,2.0
2017/04/07,1497.5,1575.0,1496.5,1575.0,25900,1575,2.0
2017/04/10,1565.0,1630.0,1527.5,1532.5,17200,1532.5,2.0
2017/04/11,1542.5,1580.0,1530.0,1547.5,18200,1547.5,2.0
2017/04/12,1530.0,1555.0,1520.0,1532.5,14700,1532.5,2.0
2017/04/13,1515.0,1542.5,1507.5,1530.0,7800,1530,2.0
2017/04/14,1545.0,1552.5,1500.0,1502.5,14200,1502.5,2.0
2017/04/17,1512.5,1560.0,1505.0,1530.0,13300,1530,2.0
2017/04/18,1562.5,1562.5,1535.0,1542.5,8900,1542.5,2.0
2017/04/19,1545.0,1622.5,1545.0,1610.0,31400,1610,2.0
2017/04/20,1620.0,1620.0,1582.5,1610.0,14800,1610,2.0
2017/04/21,1602.5,1637.5,1600.0,1630.0,18400,1630,2.0
2017/04/24,1645.0,1667.5,1637.5,1637.5,39600,1637.5,2.0
2017/04/25,1645.0,1670.0,1627.5,1665.0,21500,1665,2.0
2017/04/26,1677.5,1722.5,1655.0,1720.0,32400,1720,2.0
2017/04/27,1722.5,1845.0,1692.5,1830.0,49000,1830,2.0
2017/04/28,1800.0,1825.0,1780.0,1812.5,52000,1812.5,2.0
2017/05/01,1805.0,1805.0,1732.5,1737.5,18000,1737.5,2.0
2017/05/02,1762.5,1782.5,1742.5,1782.5,17400,1782.5,2.0
2017/05/08,1782.5,1842.5,1782.5,1800.0,47400,1800,2.0
2017/05/09,1815.0,1867.5,1800.0,1827.5,39900,1827.5,2.0
2017/05/10,1840.0,1857.5,1832.5,1845.0,22200,1845,2.0
2017/05/11,1875.0,1900.0,1855.0,1895.0,26100,1895,2.0
2017/05/12,1895.0,1912.5,1865.0,1905.0,33400,1905,2.0
2017/05/15,1885.0,1935.0,1885.0,1915.0,22500,1915,2.0
2017/05/16,1915.0,1922.5,1885.0,1915.0,60200,1915,2.0
2017/05/17,1890.0,1925.0,1877.5,1897.5,31500,1897.5,2.0
2017/05/18,1880.0,1897.5,1870.0,1895.0,31800,1895,2.0
2017/05/19,1900.0,1922.5,1890.0,1902.5,26800,1902.5,2.0
2017/05/22,1902.5,1920.0,1890.0,1910.0,13400,1910,2.0
2017/05/23,1925.0,1972.5,1922.5,1957.5,43500,1957.5,2.0
2017/05/24,1992.5,2042.5,1982.5,2040.0,35800,2040,2.0
2017/05/25,2040.0,2040.0,2007.5,2020.0,34500,2020,2.0
2017/05/26,2020.0,2025.0,1995.0,2010.0,31200,2010,2.0
2017/05/29,1985.0,2060.0,1985.0,2005.0,28900,2005,2.0
2017/05/30,2012.5,2062.5,1995.0,2005.0,38700,2005,2.0
2017/05/31,2027.5,2085.0,2005.0,2030.0,122300,2030,2.0
2017/06/01,2030.0,2035.0,1950.0,1975.0,118300,1975,2.0
2017/06/02,1982.5,1985.0,1932.5,1962.5,60700,1962.5,2.0
2017/06/05,1970.0,1995.0,1952.5,1962.5,52000,1962.5,2.0
2017/06/06,1957.5,1960.0,1922.5,1937.5,19700,1937.5,2.0
2017/06/07,1937.5,1975.0,1922.5,1970.0,51600,1970,2.0
2017/06/08,1975.0,1985.0,1927.5,1937.5,32300,1937.5,2.0
2017/06/09,1995.0,1997.5,1937.5,1945.0,54600,1945,2.0
2017/06/12,1925.0,1932.5,1902.5,1917.5,17900,1917.5,2.0
2017/06/13,1917.5,1952.5,1912.5,1950.0,24900,1950,2.0
2017/06/14,1957.5,1977.5,1945.0,1970.0,40600,1970,2.0
2017/06/15,1975.0,1982.5,1940.0,1940.0,31700,1940,2.0
2017/06/16,1952.5,1955.0,1905.0,1950.0,31600,1950,2.0
2017/06/19,1942.5,1960.0,1930.0,1937.5,19200,1937.5,2.0
2017/06/20,1937.5,1940.0,1915.0,1920.0,26500,1920,2.0
2017/06/21,1912.5,1945.0,1912.5,1932.5,13400,1932.5,2.0
2017/06/22,1945.0,1962.5,1937.5,1960.0,23200,1960,2.0
2017/06/23,1952.5,1962.5,1927.5,1930.0,24700,1930,2.0
2017/06/26,1930.0,1970.0,1925.0,1962.5,25600,1962.5,2.0
2017/06/27,1950.0,1955.0,1922.5,1947.5,30700,1947.5,2.0
2017/06/28,1942.5,1960.0,1935.0,1960.0,29100,1960,2.0
2017/06/29,1950.0,1955.0,1910.0,1917.5,29800,1917.5,2.0
2017/06/30,1912.5,1912.5,1865.0,1910.0,32000,1910,2.0
2017/07/03,1897.5,1907.5,1880.0,1887.5,25300,1887.5,2.0
2017/07/04,1887.5,1892.5,1867.5,1877.5,33600,1877.5,2.0
2017/07/05,1865.0,1870.0,1842.5,1862.5,53600,1862.5,2.0
2017/07/06,1862.5,1897.5,1862.5,1887.5,24800,1887.5,2.0
2017/07/07,1890.0,1890.0,1852.5,1857.5,27500,1857.5,2.0
2017/07/10,1900.0,1907.5,1865.0,1905.0,38300,1905,2.0
2017/07/11,1882.5,1927.5,1875.0,1912.5,32800,1912.5,2.0
2017/07/12,1907.5,1912.5,1875.0,1885.0,17600,1885,2.0
2017/07/13,1882.5,1887.5,1867.5,1875.0,17700,1875,2.0
2017/07/14,1882.5,1910.0,1872.5,1895.0,36900,1895,2.0
2017/07/18,1895.0,1900.0,1867.5,1900.0,15300,1900,2.0
2017/07/19,1900.0,1940.0,1895.0,1930.0,29800,1930,2.0
2017/07/20,1932.5,1962.5,1932.5,1957.5,57000,1957.5,2.0
2017/07/21,1957.5,1957.5,1925.0,1935.0,15900,1935,2.0
2017/07/24,1935.0,1950.0,1912.5,1942.5,26600,1942.5,2.0
2017/07/25,1940.0,1940.0,1907.5,1907.5,14500,1907.5,2.0
2017/07/26,1907.5,1915.0,1890.0,1892.5,21400,1892.5,2.0
2017/07/27,1892.5,1905.0,1872.5,1872.5,16300,1872.5,2.0
2017/07/28,1890.0,1890.0,1872.5,1885.0,11000,1885,2.0
2017/07/31,1892.5,1905.0,1877.5,1887.5,11600,1887.5,2.0
2017/08/01,1875.0,1890.0,1867.5,1885.0,17200,1885,2.0
2017/08/02,1885.0,1907.5,1875.0,1905.0,12700,1905,2.0
2017/08/03,1905.0,1917.5,1897.5,1915.0,13200,1915,2.0
2017/08/04,1915.0,1935.0,1902.5,1935.0,12700,1935,2.0
2017/08/07,1947.5,1955.0,1930.0,1955.0,20800,1955,2.0
2017/08/08,1965.0,1965.0,1927.5,1952.5,19000,1952.5,2.0
2017/08/09,1965.0,1965.0,1887.5,1900.0,42300,1900,2.0
2017/08/10,1900.0,1947.5,1880.0,1905.0,33700,1905,2.0
2017/08/14,1892.5,1930.0,1880.0,1917.5,31300,1917.5,2.0
2017/08/15,1922.5,1932.5,1902.5,1920.0,19500,1920,2.0
2017/08/16,1920.0,1930.0,1912.5,1915.0,18500,1915,2.0
2017/08/17,1912.5,1947.5,1912.5,1935.0,12200,1935,2.0
2017/08/18,1925.0,1925.0,1890.0,1890.0,10700,1890,2.0
2017/08/21,1890.0,1900.0,1872.5,1885.0,11600,1885,2.0
2017/08/22,1880.0,1880.0,1865.0,1867.5,6700,1867.5,2.0
2017/08/23,1875.0,1885.0,1867.5,1877.5,9200,1877.5,2.0
2017/08/24,1877.5,1877.5,1845.0,1845.0,24000,1845,2.0
2017/08/25,1852.5,1855.0,1845.0,1845.0,15700,1845,2.0
2017/08/28,1845.0,1855.0,1842.5,1842.5,20300,1842.5,2.0
2017/08/29,1817.5,1857.5,1817.5,1842.5,10100,1842.5,2.0
2017/08/30,1835.0,1875.0,1832.5,1870.0,11300,1870,2.0
2017/08/31,1872.5,1917.5,1870.0,1900.0,14900,1900,2.0
2017/09/01,1902.5,1920.0,1877.5,1905.0,16500,1905,2.0
2017/09/04,1897.5,1900.0,1855.0,1857.5,11200,1857.5,2.0
2017/09/05,1857.5,1865.0,1820.0,1822.5,17000,1822.5,2.0
2017/09/06,1797.5,1830.0,1767.5,1805.0,16400,1805,2.0
2017/09/07,1807.5,1817.5,1785.0,1792.5,7600,1792.5,2.0
2017/09/08,1785.0,1822.5,1785.0,1790.0,21200,1790,2.0
2017/09/11,1820.0,1847.5,1812.5,1837.5,10000,1837.5,2.0
2017/09/12,1840.0,1850.0,1827.5,1842.5,12900,1842.5,2.0
2017/09/13,1840.0,1847.5,1840.0,1842.5,5900,1842.5,2.0
2017/09/14,1842.5,1850.0,1807.5,1825.0,16000,1825,2.0
2017/09/15,1807.5,1840.0,1807.5,1840.0,22300,1840,2.0
2017/09/19,1987.5,2020.0,1937.5,1962.5,105200,1962.5,2.0
2017/09/20,1975.0,2040.0,1965.0,1975.0,60500,1975,2.0
2017/09/21,1967.5,1992.5,1930.0,1950.0,37300,1950,2.0
2017/09/22,1937.5,1940.0,1875.0,1885.0,48200,1885,2.0
2017/09/25,1875.0,1942.5,1875.0,1917.5,30900,1917.5,2.0
2017/09/26,1917.5,1955.0,1877.5,1885.0,41800,1885,2.0
2017/09/27,1885.0,1937.5,1865.0,1915.0,32400,1915,2.0
2017/09/28,1890.0,1930.0,1882.5,1897.5,38600,1897.5,2.0
2017/09/29,1917.5,1942.5,1902.5,1920.0,22100,1920,2.0
2017/10/02,1937.5,1937.5,1902.5,1907.5,20500,1907.5,2.0
2017/10/03,1915.0,1917.5,1855.0,1870.0,31900,1870,2.0
2017/10/04,1870.0,1912.5,1852.5,1902.5,39900,1902.5,2.0
2017/10/05,1880.0,1890.0,1865.0,1865.0,30800,1865,2.0
2017/10/06,1852.5,1862.5,1830.0,1852.5,29800,1852.5,2.0
2017/10/10,1857.5,1857.5,1807.5,1840.0,49300,1840,2.0
2017/10/11,1840.0,1872.5,1835.0,1865.0,24600,1865,2.0
2017/10/12,1890.0,1912.5,1865.0,1885.0,42700,1885,2.0
2017/10/13,1887.5,1897.5,1880.0,1895.0,23600,1895,2.0
2017/10/16,1882.5,1927.5,1882.5,1910.0,38600,1910,2.0
2017/10/17,1932.5,1932.5,1902.5,1907.5,33300,1907.5,2.0
2017/10/18,1922.5,1942.5,1907.5,1917.5,26900,1917.5,2.0
2017/10/19,1927.5,1962.5,1900.0,1910.0,44200,1910,2.0
2017/10/20,1892.5,1977.5,1890.0,1950.0,61300,1950,2.0
2017/10/23,1965.0,1965.0,1920.0,1920.0,31300,1920,2.0
2017/10/24,1922.5,1950.0,1917.5,1932.5,30300,1932.5,2.0
2017/10/25,1942.5,1942.5,1905.0,1927.5,48000,1927.5,2.0
2017/10/26,1917.5,2032.5,1917.5,2015.0,82600,2015,2.0
2017/10/27,1997.5,2095.0,1995.0,2090.0,69800,2090,2.0
2017/10/30,2085.0,2085.0,2027.5,2045.0,31800,2045,2.0
2017/10/31,2035.0,2060.0,1995.0,2052.5,35200,2052.5,2.0
2017/11/01,2060.0,2115.0,2057.5,2107.5,32400,2107.5,2.0
2017/11/02,2107.5,2110.0,2077.5,2095.0,18200,2095,2.0
2017/11/06,2097.5,2135.0,2097.5,2107.5,19800,2107.5,2.0
2017/11/07,2090.0,2127.5,2090.0,2122.5,18400,2122.5,2.0
2017/11/08,2110.0,2150.0,2107.5,2147.5,27400,2147.5,2.0
2017/11/09,2150.0,2165.0,2050.0,2102.5,65400,2102.5,2.0
2017/11/10,2067.5,2135.0,2057.5,2120.0,29500,2120,2.0
2017/11/13,2090.0,2090.0,1910.0,1945.0,91600,1945,2.0
2017/11/14,1962.5,2045.0,1950.0,2042.5,69700,2042.5,2.0
2017/11/15,2050.0,2050.0,1937.5,1950.0,56800,1950,2.0
2017/11/16,1940.0,2015.0,1940.0,2000.0,24400,2000,2.0
2017/11/17,2007.5,2020.0,1982.5,2010.0,31600,2010,2.0
2017/11/20,2007.5,2067.5,2002.5,2045.0,26700,2045,2.0
2017/11/21,2045.0,2072.5,2045.0,2047.5,26700,2047.5,2.0
2017/11/22,2072.5,2072.5,2010.0,2042.5,34000,2042.5,2.0
2017/11/24,2015.0,2062.5,2012.5,2022.5,23900,2022.5,2.0
2017/11/27,2022.5,2040.0,1995.0,2017.5,19000,2017.5,2.0
2017/11/28,2025.0,2032.5,1997.5,2027.5,24600,2027.5,2.0
2017/11/29,2062.5,2152.5,2057.5,2130.0,109200,2130,2.0
2017/11/30,2172.5,2212.5,2155.0,2172.5,61000,2172.5,2.0
2017/12/01,2192.5,2212.5,2175.0,2185.0,32300,2185,2.0
2017/12/04,2205.0,2247.5,2197.5,2217.5,36600,2217.5,2.0
2017/12/05,2207.5,2207.5,2182.5,2185.0,25200,2185,2.0
2017/12/06,2150.0,2155.0,2052.5,2097.5,87400,2097.5,2.0
2017/12/07,2130.0,2135.0,2102.5,2112.5,34900,2112.5,2.0
2017/12/08,2117.5,2200.0,2117.5,2142.5,53600,2142.5,2.0
2017/12/11,2152.5,2160.0,2117.5,2132.5,18700,2132.5,2.0
2017/12/12,2130.0,2152.5,2115.0,2127.5,27500,2127.5,2.0
2017/12/13,2160.0,2165.0,2115.0,2155.0,44800,2155,2.0
2017/12/14,2155.0,2162.5,2117.5,2125.0,28300,2125,2.0
2017/12/15,2175.0,2175.0,2095.0,2110.0,51700,2110,2.0
2017/12/18,2125.0,2160.0,2117.5,2142.5,27600,2142.5,2.0
2017/12/19,2142.5,2145.0,2125.0,2130.0,43900,2130,2.0
2017/12/20,2137.5,2165.0,2115.0,2122.5,45800,2122.5,2.0
2017/12/21,2122.5,2137.5,2102.5,2115.0,14400,2115,2.0
2017/12/22,2105.0,2110.0,2092.5,2095.0,18800,2095,2.0
2017/12/25,2095.0,2107.5,2095.0,2102.5,7700,2102.5,2.0
2017/12/26,2102.5,2147.5,2102.5,2145.0,23400,2145,2.0
2017/12/27,2160.0,2190.0,2160.0,2182.5,33100,2182.5,2.0
2017/12/28,2182.5,2195.0,2160.0,2162.5,20000,2162.5,2.0
2017/12/29,2175.0,2190.0,2162.5,2172.5,9900,2172.5,2.0
2018/01/04,2167.5,2197.5,2167.5,2195.0,29200,2195,2.0
2018/01/05,2200.0,2212.5,2190.0,2205.0,11100,2205,2.0
2018/01/09,2230.0,2245.0,2190.0,2195.0,18400,2195,2.0
2018/01/10,2187.5,2195.0,2170.0,2170.0,20600,2170,2.0
2018/01/11,2170.0,2180.0,2157.5,2167.5,16300,2167.5,2.0
2018/01/12,2155.0,2172.5,2140.0,2145.0,21500,2145,2.0
2018/01/15,2145.0,2192.5,2145.0,2185.0,11100,2185,2.0
2018/01/16,2182.5,2185.0,2155.0,2175.0,17300,2175,2.0
2018/01/17,2147.5,2157.5,2135.0,2147.5,20300,2147.5,2.0
2018/01/18,2127.5,2145.0,2120.0,2120.0,22600,2120,2.0
2018/01/19,2112.5,2117.5,2102.5,2110.0,15900,2110,2.0
2018/01/22,2087.5,2110.0,2070.0,2110.0,15900,2110,2.0
2018/01/23,2102.5,2110.0,2072.5,2080.0,26400,2080,2.0
2018/01/24,2100.0,2127.5,2090.0,2127.5,31000,2127.5,2.0
2018/01/25,2127.5,2130.0,2097.5,2105.0,18400,2105,2.0
2018/01/26,2125.0,2130.0,2105.0,2125.0,16700,2125,2.0
2018/01/29,2145.0,2145.0,2090.0,2097.5,24500,2097.5,2.0
2018/01/30,2097.5,2100.0,2067.5,2077.5,28300,2077.5,2.0
2018/01/31,2077.5,2077.5,2045.0,2047.5,25500,2047.5,2.0
2018/02/01,2040.0,2067.5,2030.0,2065.0,23300,2065,2.0
2018/02/02,2065.0,2070.0,2027.5,2062.5,17100,2062.5,2.0
2018/02/05,2050.0,2050.0,1997.5,2020.0,26000,2020,2.0
2018/02/06,1950.0,1967.5,1847.5,1885.0,42800,1885,2.0
2018/02/07,1990.0,1990.0,1905.0,1907.5,27600,1907.5,2.0
2018/02/08,1940.0,1975.0,1930.0,1947.5,24400,1947.5,2.0
2018/02/09,1982.5,2092.5,1947.5,2090.0,68000,2090,2.0
2018/02/13,2110.0,2167.5,2107.5,2147.5,76900,2147.5,2.0
2018/02/14,2167.5,2167.5,2105.0,2132.5,62300,2132.5,2.0
2018/02/15,2145.0,2147.5,2090.0,2102.5,43500,2102.5,2.0
2018/02/16,2120.0,2167.5,2067.5,2072.5,79700,2072.5,2.0
2018/02/19,2157.5,2267.5,2145.0,2237.5,87500,2237.5,2.0
2018/02/20,2247.5,2302.5,2207.5,2290.0,62200,2290,2.0
2018/02/21,2285.0,2322.5,2265.0,2302.5,26900,2302.5,2.0
2018/02/22,2302.5,2305.0,2257.5,2265.0,18600,2265,2.0
2018/02/23,2252.5,2265.0,2205.0,2215.0,18500,2215,2.0
2018/02/26,2285.0,2300.0,2217.5,2222.5,35000,2222.5,2.0
2018/02/27,2227.5,2232.5,2177.5,2187.5,18300,2187.5,2.0
2018/02/28,2187.5,2225.0,2167.5,2167.5,38600,2167.5,2.0
2018/03/01,2162.5,2217.5,2125.0,2205.0,39400,2205,2.0
2018/03/02,2185.0,2195.0,2160.0,2185.0,21200,2185,2.0
2018/03/05,2177.5,2235.0,2177.5,2192.5,26400,2192.5,2.0
2018/03/06,2192.5,2265.0,2192.5,2255.0,33100,2255,2.0
2018/03/07,2230.0,2262.5,2222.5,2227.5,19700,2227.5,2.0
2018/03/08,2247.5,2252.5,2202.5,2247.5,21600,2247.5,2.0
2018/03/09,2257.5,2285.0,2185.0,2207.5,26000,2207.5,2.0
2018/03/12,2200.0,2200.0,2145.0,2172.5,30500,2172.5,2.0
2018/03/13,2162.5,2180.0,2147.5,2172.5,32600,2172.5,2.0
2018/03/14,2170.0,2190.0,2140.0,2182.5,18200,2182.5,2.0
2018/03/15,2192.5,2192.5,2142.5,2145.0,11200,2145,2.0
2018/03/16,2157.5,2165.0,2142.5,2160.0,15300,2160,2.0
2018/03/19,2137.5,2177.5,2117.5,2177.5,12900,2177.5,2.0
2018/03/20,2165.0,2165.0,2132.5,2150.0,8900,2150,2.0
2018/03/22,2155.0,2262.5,2152.5,2250.0,42600,2250,2.0
2018/03/23,2185.0,2207.5,2165.0,2180.0,32400,2180,2.0
2018/03/26,2172.5,2230.0,2152.5,2205.0,42200,2205,2.0
2018/03/27,2222.5,2322.5,2222.5,2317.5,37400,2317.5,2.0
2018/03/28,2292.5,2375.0,2270.0,2372.5,35900,2372.5,2.0
2018/03/29,2372.5,2437.5,2370.0,2425.0,51500,2425,2.0
2018/03/30,2435.0,2487.5,2402.5,2485.0,35500,2485,2.0
2018/04/02,2515.0,2520.0,2417.5,2417.5,22700,2417.5,2.0
2018/04/03,2397.5,2492.5,2372.5,2472.5,20500,2472.5,2.0
2018/04/04,2487.5,2610.0,2487.5,2590.0,43700,2590,2.0
2018/04/05,2600.0,2620.0,2565.0,2575.0,18500,2575,2.0
2018/04/06,2600.0,2610.0,2550.0,2570.0,18600,2570,2.0
2018/04/09,2570.0,2570.0,2530.0,2540.0,17400,2540,2.0
2018/04/10,2525.0,2550.0,2515.0,2530.0,15300,2530,2.0
2018/04/11,2492.5,2505.0,2430.0,2447.5,17200,2447.5,2.0
2018/04/12,2450.0,2477.5,2432.5,2452.5,17600,2452.5,2.0
2018/04/13,2467.5,2467.5,2415.0,2420.0,21100,2420,2.0
2018/04/16,2420.0,2460.0,2415.0,2452.5,14500,2452.5,2.0
2018/04/17,2435.0,2457.5,2342.5,2362.5,25500,2362.5,2.0
2018/04/18,2365.0,2380.0,2340.0,2372.5,19700,2372.5,2.0
2018/04/19,2367.5,2387.5,2307.5,2307.5,20700,2307.5,2.0
2018/04/20,2307.5,2330.0,2277.5,2282.5,13800,2282.5,2.0
2018/04/23,2282.5,2295.0,2247.5,2272.5,19500,2272.5,2.0
2018/04/24,2287.5,2295.0,2255.0,2282.5,18700,2282.5,2.0
2018/04/25,2285.0,2300.0,2227.5,2235.0,18100,2235,2.0
2018/04/26,2237.5,2252.5,2217.5,2225.0,14900,2225,2.0
2018/04/27,2235.0,2245.0,2140.0,2175.0,19900,2175,2.0
2018/05/01,2170.0,2172.5,2130.0,2160.0,32800,2160,2.0
2018/05/02,2172.5,2195.0,2107.5,2192.5,31700,2192.5,2.0
2018/05/07,2185.0,2247.5,2172.5,2230.0,19100,2230,2.0
2018/05/08,2250.0,2287.5,2242.5,2267.5,36200,2267.5,2.0
2018/05/09,2267.5,2267.5,2207.5,2232.5,19700,2232.5,2.0
2018/05/10,2205.0,2245.0,2197.5,2242.5,24200,2242.5,2.0
2018/05/11,2020.0,2265.0,2017.5,2262.5,160800,2262.5,2.0
2018/05/14,2262.5,2297.5,2240.0,2262.5,67200,2262.5,2.0
2018/05/15,2250.0,2262.5,2210.0,2225.0,62100,2225,2.0
2018/05/16,2225.0,2265.0,2210.0,2225.0,30600,2225,2.0
2018/05/17,2227.5,2227.5,2177.5,2195.0,15400,2195,2.0
2018/05/18,2182.5,2217.5,2152.5,2210.0,42500,2210,2.0
2018/05/21,2227.5,2227.5,2175.0,2177.5,24500,2177.5,2.0
2018/05/22,2160.0,2162.5,2100.0,2115.0,33800,2115,2.0
2018/05/23,2105.0,2137.5,2102.5,2107.5,26900,2107.5,2.0
2018/05/24,2112.5,2115.0,2095.0,2102.5,15600,2102.5,2.0
2018/05/25,2107.5,2107.5,2037.5,2052.5,39100,2052.5,2.0
2018/05/28,2055.0,2060.0,1997.5,1997.5,53600,1997.5,2.0
2018/05/29,1997.5,2022.5,1955.0,1970.0,32200,1970,2.0
2018/05/30,1972.5,1975.0,1940.0,1942.5,26100,1942.5,2.0
2018/05/31,1965.0,2030.0,1957.5,2002.5,61300,2002.5,2.0
2018/06/01,2002.5,2090.0,2002.5,2072.5,49600,2072.5,2.0
2018/06/04,2130.0,2130.0,2090.0,2110.0,40200,2110,2.0
2018/06/05,2102.5,2102.5,2052.5,2062.5,23600,2062.5,2.0
2018/06/06,2062.5,2072.5,2032.5,2062.5,25800,2062.5,2.0
2018/06/07,2062.5,2082.5,2047.5,2062.5,27300,2062.5,2.0
2018/06/08,2050.0,2065.0,2042.5,2055.0,27500,2055,2.0
2018/06/11,2065.0,2085.0,2062.5,2075.0,16800,2075,2.0
2018/06/12,2095.0,2110.0,2070.0,2097.5,17300,2097.5,2.0
2018/06/13,2102.5,2147.5,2100.0,2107.5,21000,2107.5,2.0
2018/06/14,2072.5,2097.5,2062.5,2072.5,17500,2072.5,2.0
2018/06/15,2087.5,2105.0,2065.0,2070.0,10400,2070,2.0
2018/06/18,2070.0,2072.5,2015.0,2047.5,18400,2047.5,2.0
2018/06/19,2052.5,2057.5,2027.5,2032.5,13300,2032.5,2.0
2018/06/20,2027.5,2052.5,2002.5,2020.0,16500,2020,2.0
2018/06/21,2012.5,2040.0,2012.5,2012.5,11400,2012.5,2.0
2018/06/22,2000.0,2002.5,1950.0,1962.5,48600,1962.5,2.0
2018/06/25,2027.5,2082.5,1997.5,2007.5,36200,2007.5,2.0
2018/06/26,2007.5,2007.5,1957.5,1975.0,24400,1975,2.0
2018/06/27,1935,1978,1935,1953,21200,1953,1
2018/06/28,1946,1960,1878,1898,43600,1898,1
2018/06/29,1950,1950,1900,1902,42200,1902,1
2018/07/02,1902,1916,1850,1851,36400,1851,1
2018/07/03,1838,1866,1812,1819,26000,1819,1
2018/07/04,1813,1840,1788,1832,22700,1832,1
2018/07/05,1813,1841,1776,1781,23300,1781,1
2018/07/06,1781,1828,1781,1822,31800,1822,1
2018/07/09,1828,1828,1781,1816,22300,1816,1
2018/07/10,1821,1841,1806,1806,16000,1806,1
2018/07/11,1790,1799,1769,1773,23800,1773,1
2018/07/12,1774,1796,1767,1777,23000,1777,1
2018/07/13,1799,1820,1781,1808,27500,1808,1
2018/07/17,1801,1880,1801,1835,33900,1835,1
2018/07/18,1864,1898,1850,1880,30600,1880,1
2018/07/19,1902,1902,1831,1884,56000,1884,1
2018/07/20,1880,1880,1812,1825,28900,1825,1
2018/07/23,1865,1878,1843,1855,23100,1855,1
2018/07/24,1877,1888,1856,1874,25800,1874,1
2018/07/25,1889,1889,1861,1880,13700,1880,1
2018/07/26,1889,1944,1882,1942,40100,1942,1
2018/07/27,1942,1971,1926,1949,27000,1949,1
2018/07/30,1956,1970,1915,1959,41300,1959,1
2018/07/31,1967,1967,1905,1942,22100,1942,1
2018/08/01,1934,1944,1920,1925,13800,1925,1
2018/08/02,1940,1940,1900,1900,13900,1900,1
2018/08/03,1900,1901,1869,1873,23400,1873,1
2018/08/06,1866,1903,1858,1861,17200,1861,1
2018/08/07,1861,1899,1850,1896,16000,1896,1
2018/08/08,1886,1901,1874,1887,14200,1887,1
2018/08/09,1883,1939,1870,1902,15800,1902,1
2018/08/10,1809,1849,1754,1762,98200,1762,1
2018/08/13,1752,1752,1667,1668,76600,1668,1
2018/08/14,1690,1725,1661,1700,58000,1700,1
