2007/01/09,372,375,372,373,10000,373,1
2007/01/10,379,381,375,375,12000,375,1
2007/01/11,400,405,400,405,4000,405,1
2007/01/15,416,460,416,460,7000,460,1
2007/01/16,460,460,460,460,7000,460,1
2007/01/17,466,467,460,460,8000,460,1
2007/01/19,460,460,460,460,3000,460,1
2007/01/22,485,486,485,486,3000,486,1
2007/01/23,488,489,488,489,2000,489,1
2007/01/24,480,480,480,480,1000,480,1
2007/01/25,480,480,479,480,4000,480,1
2007/01/26,474,474,473,473,6000,473,1
2007/01/30,470,470,470,470,1000,470,1
2007/02/01,453,460,453,460,2000,460,1
2007/02/05,453,453,439,450,11000,450,1
2007/02/06,446,446,445,445,2000,445,1
2007/02/08,436,436,436,436,1000,436,1
2007/02/13,436,436,436,436,2000,436,1
2007/02/14,437,437,437,437,2000,437,1
2007/02/16,451,451,451,451,7000,451,1
2007/02/19,441,442,411,411,9000,411,1
2007/02/20,402,415,402,404,19000,404,1
2007/02/21,410,410,402,403,11000,403,1
2007/02/22,429,429,407,408,7000,408,1
2007/02/23,407,407,406,406,3000,406,1
2007/02/26,409,425,409,413,8000,413,1
2007/02/27,420,429,420,429,3000,429,1
2007/02/28,418,418,408,409,13000,409,1
2007/03/01,408,409,408,409,4000,409,1
2007/03/02,439,439,415,415,7000,415,1
2007/03/05,427,427,411,411,7000,411,1
2007/03/06,409,410,401,410,18000,410,1
2007/03/07,402,405,402,405,6000,405,1
2007/03/08,401,401,401,401,1000,401,1
2007/03/09,402,403,402,403,8000,403,1
2007/03/12,403,404,403,404,4000,404,1
2007/03/14,405,406,405,405,15000,405,1
2007/03/15,403,404,403,404,9000,404,1
2007/03/16,403,403,393,393,10000,393,1
2007/03/19,393,395,393,395,6000,395,1
2007/03/23,392,393,388,389,6000,389,1
2007/03/26,390,390,389,390,4000,390,1
2007/03/27,385,385,373,375,9000,375,1
2007/03/28,375,375,372,372,2000,372,1
2007/03/29,371,371,371,371,1000,371,1
2007/03/30,371,371,371,371,1000,371,1
2007/04/03,375,377,375,377,3000,377,1
2007/04/04,376,376,376,376,1000,376,1
2007/04/09,381,381,379,379,5000,379,1
2007/04/10,379,379,379,379,1000,379,1
2007/04/12,385,385,385,385,3000,385,1
2007/04/13,386,386,386,386,1000,386,1
2007/04/16,392,392,392,392,1000,392,1
2007/04/17,400,425,400,420,7000,420,1
2007/04/18,400,400,400,400,1000,400,1
2007/04/26,395,396,395,396,3000,396,1
2007/05/01,405,420,405,420,6000,420,1
2007/05/07,410,410,410,410,1000,410,1
2007/05/08,425,448,425,445,17000,445,1
2007/05/09,445,445,445,445,1000,445,1
2007/05/10,442,442,442,442,1000,442,1
2007/05/11,436,438,436,438,3000,438,1
2007/05/14,439,439,439,439,1000,439,1
2007/05/15,441,450,440,450,11000,450,1
2007/05/16,450,450,449,449,16000,449,1
2007/05/18,440,440,440,440,1000,440,1
2007/05/21,430,430,430,430,2000,430,1
2007/05/22,430,435,430,435,6000,435,1
2007/05/23,435,435,434,434,2000,434,1
2007/05/24,434,434,434,434,2000,434,1
2007/05/25,433,433,433,433,2000,433,1
2007/05/28,439,439,435,435,2000,435,1
2007/05/29,435,435,435,435,2000,435,1
2007/06/06,430,431,430,431,2000,431,1
2007/06/12,439,439,439,439,2000,439,1
2007/06/13,439,440,439,440,2000,440,1
2007/06/14,444,444,444,444,2000,444,1
2007/06/15,444,444,444,444,11000,444,1
2007/07/03,434,434,434,434,1000,434,1
2007/07/06,420,420,420,420,1000,420,1
2007/07/09,419,419,419,419,4000,419,1
2007/07/10,420,421,420,421,3000,421,1
2007/07/11,414,424,414,424,9000,424,1
2007/07/12,425,429,425,429,7000,429,1
2007/07/13,435,437,433,437,5000,437,1
2007/07/17,439,440,439,440,3000,440,1
2007/07/18,442,454,442,454,33000,454,1
2007/07/20,445,450,445,450,3000,450,1
2007/07/23,443,443,443,443,2000,443,1
2007/07/25,442,447,442,447,11000,447,1
2007/07/26,446,447,433,433,4000,433,1
2007/08/01,415,415,415,415,1000,415,1
2007/08/03,415,415,415,415,1000,415,1
2007/08/07,420,420,418,420,4000,420,1
2007/08/08,406,406,406,406,1000,406,1
2007/08/09,407,407,406,406,2000,406,1
2007/08/10,406,406,400,400,3000,400,1
2007/08/13,399,400,399,400,18000,400,1
2007/08/23,365,365,361,361,2000,361,1
2007/08/24,365,365,365,365,1000,365,1
2007/08/28,365,365,365,365,1000,365,1
2007/09/03,400,400,400,400,11000,400,1
2007/09/04,388,388,388,388,1000,388,1
2007/09/05,372,372,372,372,1000,372,1
2007/09/12,374,374,374,374,1000,374,1
2007/09/14,400,400,400,400,1000,400,1
2007/09/18,400,431,400,400,14000,400,1
2007/09/25,401,401,401,401,1000,401,1
2007/09/26,401,401,401,401,3000,401,1
2007/09/28,400,401,400,401,2000,401,1
2007/10/02,395,395,395,395,1000,395,1
2007/10/03,401,401,401,401,2000,401,1
2007/10/12,401,409,401,409,6000,409,1
2007/10/16,410,410,410,410,1000,410,1
2007/10/18,415,415,415,415,1000,415,1
2007/10/24,395,395,393,393,3000,393,1
2007/10/25,392,392,392,392,1000,392,1
2007/10/30,375,375,375,375,4000,375,1
2007/10/31,375,375,375,375,11000,375,1
2007/11/15,420,420,419,420,6000,420,1
2007/11/22,374,375,374,375,2000,375,1
2007/11/27,375,375,375,375,1000,375,1
2007/12/06,374,375,374,375,6000,375,1
2007/12/17,400,420,400,420,6000,420,1
2007/12/25,420,420,420,420,4000,420,1
2008/01/11,400,402,400,402,3000,402,1
2008/01/16,404,415,404,414,7000,414,1
2008/01/17,414,414,413,414,20000,414,1
2008/01/18,414,421,413,421,20000,421,1
2008/01/25,421,421,420,420,2000,420,1
2008/01/28,363,363,363,363,1000,363,1
2008/01/29,365,365,365,365,1000,365,1
2008/01/30,365,365,365,365,2000,365,1
2008/01/31,365,365,365,365,1000,365,1
2008/02/04,365,365,365,365,1000,365,1
2008/02/05,365,365,365,365,1000,365,1
2008/02/06,365,365,365,365,1000,365,1
2008/02/08,365,366,365,366,2000,366,1
2008/02/12,366,366,366,366,11000,366,1
2008/02/13,366,366,366,366,2000,366,1
2008/02/14,365,366,365,366,2000,366,1
2008/02/25,366,366,366,366,2000,366,1
2008/02/28,350,350,318,318,6000,318,1
2008/03/06,302,310,302,302,4000,302,1
2008/03/10,261,261,234,234,8000,234,1
2008/03/11,235,236,232,232,5000,232,1
2008/03/12,232,232,232,232,4000,232,1
2008/03/13,232,233,232,233,2000,233,1
2008/03/14,234,240,234,237,7000,237,1
2008/03/17,240,241,238,241,11000,241,1
2008/03/18,238,239,237,237,4000,237,1
2008/03/19,237,237,235,237,4000,237,1
2008/03/21,239,239,223,225,10000,225,1
2008/03/24,220,220,219,220,18000,220,1
2008/03/25,222,228,222,228,4000,228,1
2008/03/26,225,225,225,225,2000,225,1
2008/03/27,225,225,225,225,1000,225,1
2008/03/28,230,235,230,235,3000,235,1
2008/03/31,235,235,235,235,1000,235,1
2008/04/01,225,235,225,235,3000,235,1
2008/04/02,235,235,235,235,1000,235,1
2008/04/03,225,226,225,226,2000,226,1
2008/04/04,226,226,226,226,2000,226,1
2008/04/07,228,238,228,238,2000,238,1
2008/04/14,240,243,238,243,23000,243,1
2008/04/24,245,250,245,250,2000,250,1
2008/04/25,250,250,250,250,2000,250,1
2008/04/28,250,250,250,250,1000,250,1
2008/05/08,250,250,250,250,1000,250,1
2008/05/12,251,270,251,270,2000,270,1
2008/05/13,270,270,270,270,6000,270,1
2008/05/15,275,275,275,275,2000,275,1
2008/05/21,250,250,250,250,1000,250,1
2008/05/26,275,275,275,275,2000,275,1
2008/05/27,255,255,255,255,1000,255,1
2008/05/30,275,275,275,275,1000,275,1
2008/06/02,280,280,280,280,1000,280,1
2008/06/04,260,260,260,260,1000,260,1
2008/06/05,261,261,261,261,1000,261,1
2008/06/06,265,265,265,265,1000,265,1
2008/06/09,261,261,260,260,4000,260,1
2008/06/12,260,260,260,260,13000,260,1
2008/06/13,260,260,260,260,4000,260,1
2008/06/25,261,261,261,261,2000,261,1
2008/06/26,261,261,261,261,1000,261,1
2008/07/07,261,261,261,261,1000,261,1
2008/07/09,265,265,260,260,6000,260,1
2008/07/11,261,279,261,279,4000,279,1
2008/07/14,285,294,285,294,4000,294,1
2008/07/15,294,306,294,301,33000,301,1
2008/07/16,301,301,301,301,8000,301,1
2008/07/17,306,315,306,315,8000,315,1
2008/07/25,312,313,312,313,4000,313,1
2008/07/28,325,325,325,325,3000,325,1
2008/07/30,345,345,345,345,1000,345,1
2008/08/11,340,340,340,340,2000,340,1
2008/08/12,366,366,366,366,2000,366,1
2008/08/13,386,386,378,378,3000,378,1
2008/08/14,383,383,383,383,11000,383,1
2008/08/25,380,380,380,380,5000,380,1
2008/09/12,385,385,385,385,7000,385,1
2008/09/25,369,369,369,369,1000,369,1
2008/10/01,329,329,329,329,1000,329,1
2008/10/08,284,284,260,260,9000,260,1
2008/10/10,260,260,260,260,3000,260,1
2008/10/14,269,292,269,292,4000,292,1
2008/10/15,292,292,290,290,9000,290,1
2008/10/27,299,299,299,299,2000,299,1
2008/11/05,294,294,294,294,2000,294,1
2008/11/10,298,298,298,298,1000,298,1
2008/11/12,326,361,326,361,3000,361,1
2008/11/13,372,372,372,372,7000,372,1
2008/11/19,350,350,350,350,2000,350,1
2008/12/02,365,365,365,365,1000,365,1
2008/12/03,340,340,340,340,1000,340,1
2008/12/04,350,350,350,350,5000,350,1
2008/12/09,350,350,350,350,1000,350,1
2008/12/11,371,371,370,370,4000,370,1
2008/12/12,370,370,370,370,7000,370,1
2008/12/22,340,350,340,350,3000,350,1
2008/12/24,310,315,310,315,4000,315,1
2008/12/25,320,320,295,301,9000,301,1
2008/12/26,302,303,302,303,2000,303,1
2009/01/07,306,306,305,305,5000,305,1
2009/01/08,305,305,300,300,2000,300,1
2009/01/09,313,315,313,315,3000,315,1
2009/01/13,325,325,325,325,8000,325,1
2009/01/26,339,339,339,339,1000,339,1
2009/02/10,340,342,337,342,3000,342,1
2009/02/12,347,347,347,347,7000,347,1
2009/02/16,308,308,308,308,1000,308,1
2009/02/19,306,306,306,306,1000,306,1
2009/02/26,335,335,335,335,2000,335,1
2009/03/09,340,340,340,340,1000,340,1
2009/03/12,375,375,372,372,9000,372,1
2009/03/25,350,350,350,350,1000,350,1
2009/04/06,380,380,380,380,1000,380,1
2009/04/10,370,372,370,372,3000,372,1
2009/04/13,369,369,369,369,6000,369,1
2009/05/11,367,367,367,367,1000,367,1
2009/05/12,370,370,370,370,7000,370,1
2009/05/25,369,369,369,369,1000,369,1
2009/05/26,349,349,349,349,1000,349,1
2009/05/27,349,349,349,349,1000,349,1
2009/05/29,345,345,345,345,1000,345,1
2009/06/02,350,350,350,350,1000,350,1
2009/06/04,350,350,350,350,1000,350,1
2009/06/05,355,355,355,355,1000,355,1
2009/06/09,360,360,360,360,1000,360,1
2009/06/11,350,360,350,360,5000,360,1
2009/06/12,365,365,365,365,6000,365,1
2009/06/25,355,358,355,358,2000,358,1
2009/06/26,370,370,359,359,11000,359,1
2009/07/01,358,358,357,358,4000,358,1
2009/07/08,387,387,387,387,5000,387,1
2009/07/10,401,437,401,437,7000,437,1
2009/07/13,450,450,450,450,28000,450,1
2009/07/14,413,413,413,413,1000,413,1
2009/07/15,413,413,413,413,1000,413,1
2009/07/24,380,380,380,380,4000,380,1
2009/07/27,392,392,392,392,7000,392,1
2009/07/28,380,380,380,380,1000,380,1
2009/08/05,380,380,380,380,2000,380,1
2009/08/06,380,387,380,387,5000,387,1
2009/08/07,382,383,382,383,3000,383,1
2009/08/10,383,383,383,383,4000,383,1
2009/08/11,378,383,378,383,3000,383,1
2009/08/12,378,378,378,378,6000,378,1
2009/08/18,343,343,343,343,15000,343,1
2009/08/19,343,343,343,343,2000,343,1
2009/08/20,333,333,333,333,1000,333,1
2009/08/25,343,343,343,343,1000,343,1
2009/08/27,329,329,329,329,1000,329,1
2009/09/10,330,341,330,341,3000,341,1
2009/09/11,346,351,346,351,2000,351,1
2009/09/14,341,341,341,341,7000,341,1
2009/09/17,320,320,320,320,2000,320,1
2009/09/18,305,305,305,305,1000,305,1
2009/09/25,315,318,315,318,3000,318,1
2009/10/06,308,308,308,308,4000,308,1
2009/10/09,315,340,315,340,5000,340,1
2009/10/13,339,339,339,339,7000,339,1
2009/10/26,343,343,343,343,1000,343,1
2009/11/05,328,328,328,328,2000,328,1
2009/11/06,328,328,328,328,2000,328,1
2009/11/09,328,328,328,328,2000,328,1
2009/11/10,323,328,323,328,5000,328,1
2009/11/12,321,321,321,321,7000,321,1
2009/11/25,331,331,331,331,2000,331,1
2009/11/26,330,330,330,330,2000,330,1
2009/12/07,316,317,316,317,2000,317,1
2009/12/08,317,317,317,317,1000,317,1
2009/12/09,316,316,312,312,4000,312,1
2009/12/10,317,317,312,312,2000,312,1
2009/12/11,308,315,308,315,2000,315,1
2009/12/14,313,313,313,313,8000,313,1
2009/12/16,303,303,303,303,4000,303,1
2009/12/18,300,300,300,300,2000,300,1
2009/12/25,309,309,309,309,2000,309,1
2010/01/08,312,312,312,312,2000,312,1
2010/01/12,319,319,319,319,7000,319,1
2010/01/13,307,307,307,307,1000,307,1
2010/01/15,300,300,300,300,5000,300,1
2010/01/18,300,300,295,295,2000,295,1
2010/01/19,303,303,303,303,1000,303,1
2010/01/20,296,296,296,296,1000,296,1
2010/01/25,296,296,296,296,2000,296,1
2010/01/26,296,296,295,295,4000,295,1
2010/01/29,295,295,295,295,5000,295,1
2010/02/03,287,287,287,287,2000,287,1
2010/02/04,295,295,295,295,1000,295,1
2010/02/10,303,303,299,299,3000,299,1
2010/02/12,296,296,296,296,9000,296,1
2010/02/25,302,302,302,302,1000,302,1
2010/03/05,293,293,293,293,1000,293,1
2010/03/10,297,300,292,300,4000,300,1
2010/03/11,300,300,300,300,1000,300,1
2010/03/12,307,307,307,307,7000,307,1
2010/03/23,305,305,305,305,1000,305,1
2010/03/24,301,301,301,301,3000,301,1
2010/03/25,301,301,301,301,3000,301,1
2010/03/26,301,301,301,301,1000,301,1
2010/03/29,300,300,300,300,1000,300,1
2010/03/30,308,308,308,308,1000,308,1
2010/04/02,303,303,303,303,3000,303,1
2010/04/06,304,304,304,304,1000,304,1
2010/04/07,301,301,301,301,1000,301,1
2010/04/12,304,304,304,304,7000,304,1
2010/04/21,300,300,300,300,3000,300,1
2010/04/22,300,300,300,300,1000,300,1
2010/04/26,305,305,305,305,2000,305,1
2010/04/30,300,300,300,300,1000,300,1
2010/05/06,300,300,300,300,1000,300,1
2010/05/10,303,303,300,300,3000,300,1
2010/05/11,308,308,308,308,1000,308,1
2010/05/12,315,315,315,315,7000,315,1
2010/05/13,323,323,323,323,1000,323,1
2010/05/14,323,323,323,323,1000,323,1
2010/05/20,295,295,295,295,1000,295,1
2010/05/25,304,304,304,304,2000,304,1
2010/05/31,301,301,301,301,1000,301,1
2010/06/04,302,302,302,302,2000,302,1
2010/06/11,345,345,345,345,1000,345,1
2010/06/14,356,356,356,356,7000,356,1
2010/06/17,348,348,316,316,6000,316,1
2010/06/18,315,315,315,315,3000,315,1
2010/06/21,315,315,315,315,1000,315,1
2010/06/25,321,321,321,321,1000,321,1
2010/06/28,334,338,334,338,3000,338,1
2010/06/30,336,336,333,333,2000,333,1
2010/07/01,344,344,334,334,16000,334,1
2010/07/02,334,334,334,334,1000,334,1
2010/07/05,330,330,322,322,2000,322,1
2010/07/06,310,325,310,322,37000,322,1
2010/07/07,323,323,322,322,5000,322,1
2010/07/08,320,320,320,320,3000,320,1
2010/07/09,320,326,320,325,9000,325,1
2010/07/12,322,322,322,322,35000,322,1
2010/07/16,298,298,295,295,4000,295,1
2010/07/20,294,294,285,285,4000,285,1
2010/07/21,286,287,286,287,3000,287,1
2010/07/22,287,292,287,292,2000,292,1
2010/07/26,290,290,284,284,12000,284,1
2010/07/27,285,285,280,280,7000,280,1
2010/07/28,280,280,279,279,2000,279,1
2010/07/30,279,279,279,279,1000,279,1
2010/08/02,275,275,275,275,1000,275,1
2010/08/05,279,279,279,279,1000,279,1
2010/08/09,281,281,281,281,1000,281,1
2010/08/10,281,281,281,281,3000,281,1
2010/08/11,281,281,281,281,1000,281,1
2010/08/12,279,279,279,279,10000,279,1
2010/08/13,279,279,279,279,1000,279,1
2010/08/17,278,278,277,277,2000,277,1
2010/08/25,285,285,285,285,3000,285,1
2010/09/01,284,284,284,284,1000,284,1
2010/09/03,292,292,292,292,3000,292,1
2010/09/06,284,284,284,284,2000,284,1
2010/09/07,287,287,287,287,2000,287,1
2010/09/08,287,289,287,289,3000,289,1
2010/09/09,283,283,283,283,1000,283,1
2010/09/10,287,288,287,287,3000,287,1
2010/09/13,286,286,286,286,8000,286,1
2010/09/27,294,299,294,299,6000,299,1
2010/10/06,300,300,300,300,1000,300,1
2010/10/07,298,298,298,298,1000,298,1
2010/10/08,296,298,296,298,2000,298,1
2010/10/12,306,306,306,306,7000,306,1
2010/10/13,282,282,282,282,2000,282,1
2010/10/20,274,274,274,274,2000,274,1
2010/10/21,270,270,270,270,8000,270,1
2010/10/25,270,270,270,270,2000,270,1
2010/10/27,270,270,270,270,5000,270,1
2010/10/28,268,268,268,268,1000,268,1
2010/11/10,280,280,280,280,1000,280,1
2010/11/11,280,280,277,277,4000,277,1
2010/11/12,269,269,268,268,9000,268,1
2010/11/24,270,270,270,270,3000,270,1
2010/11/25,273,274,273,274,4000,274,1
2010/12/06,274,274,273,273,2000,273,1
2010/12/10,275,275,273,273,3000,273,1
2010/12/13,273,273,273,273,8000,273,1
2010/12/16,264,264,264,264,1000,264,1
2010/12/17,263,263,263,263,1000,263,1
2010/12/20,265,265,265,265,2000,265,1
2010/12/27,265,265,265,265,4000,265,1
2010/12/28,263,265,262,262,5000,262,1
2010/12/30,262,262,262,262,9000,262,1
2011/01/06,283,283,283,283,1000,283,1
2011/01/11,283,285,281,281,6000,281,1
2011/01/12,289,289,289,289,8000,289,1
2011/01/19,281,281,271,271,3000,271,1
2011/01/21,276,280,276,280,6000,280,1
2011/01/25,285,285,285,285,1000,285,1
2011/02/03,285,285,284,284,2000,284,1
2011/02/08,280,280,277,277,5000,277,1
2011/02/10,275,283,275,283,6000,283,1
2011/02/14,274,275,274,275,10000,275,1
2011/02/21,290,290,290,290,1000,290,1
2011/02/23,268,268,268,268,6000,268,1
2011/02/24,268,268,268,268,2000,268,1
2011/02/25,276,276,276,276,2000,276,1
2011/03/08,276,276,276,276,1000,276,1
2011/03/11,286,294,286,294,2000,294,1
2011/03/14,300,300,300,300,9000,300,1
2011/03/23,276,280,276,280,23000,280,1
2011/03/24,284,284,279,279,5000,279,1
2011/03/25,284,287,280,287,7000,287,1
2011/03/28,285,285,285,285,1000,285,1
2011/03/29,275,275,275,275,1000,275,1
2011/03/30,272,272,272,272,1000,272,1
2011/03/31,270,275,270,275,4000,275,1
2011/04/04,279,279,279,279,1000,279,1
2011/04/05,280,280,280,280,1000,280,1
2011/04/11,280,281,280,281,3000,281,1
2011/04/12,281,281,281,281,7000,281,1
2011/04/15,273,273,269,269,5000,269,1
2011/04/18,269,270,269,270,6000,270,1
2011/04/19,266,266,251,251,15000,251,1
2011/04/20,260,260,256,256,4000,256,1
2011/04/21,260,260,260,260,1000,260,1
2011/04/25,259,260,259,260,4000,260,1
2011/05/02,262,265,262,265,2000,265,1
2011/05/09,270,270,270,270,2000,270,1
2011/05/10,270,278,270,278,2000,278,1
2011/05/11,275,275,274,275,4000,275,1
2011/05/12,270,270,257,257,13000,257,1
2011/05/17,262,262,262,262,1000,262,1
2011/05/18,265,270,265,270,3000,270,1
2011/05/19,262,262,262,262,1000,262,1
2011/05/25,270,270,270,270,4000,270,1
2011/05/30,262,262,262,262,1000,262,1
2011/06/03,261,261,261,261,1000,261,1
2011/06/10,268,268,264,268,3000,268,1
2011/06/13,273,273,273,273,7000,273,1
2011/06/14,261,261,261,261,1000,261,1
2011/06/15,269,269,269,269,1000,269,1
2011/06/16,269,269,269,269,1000,269,1
2011/06/23,262,262,262,262,1000,262,1
2011/06/29,271,271,271,271,1000,271,1
2011/06/30,274,274,274,274,11000,274,1
2011/07/01,280,280,280,280,2000,280,1
2011/07/04,287,287,287,287,1000,287,1
2011/07/05,286,292,284,292,5000,292,1
2011/07/06,292,292,287,287,2000,287,1
2011/07/07,289,295,289,295,4000,295,1
2011/07/08,298,298,298,298,1000,298,1
2011/07/11,304,309,302,305,6000,305,1
2011/07/12,310,310,310,310,39000,310,1
2011/07/22,292,292,292,292,10000,292,1
2011/07/25,313,313,313,313,10000,313,1
2011/08/09,300,300,300,300,1000,300,1
2011/08/10,300,300,300,300,1000,300,1
2011/08/11,300,300,300,300,1000,300,1
2011/08/12,310,310,310,310,2000,310,1
2011/08/15,314,314,314,314,7000,314,1
2011/08/16,290,292,290,292,7000,292,1
2011/08/25,292,292,292,292,1000,292,1
2011/09/01,284,292,284,292,3000,292,1
2011/09/02,289,289,289,289,1000,289,1
2011/09/06,293,294,293,294,2000,294,1
2011/09/08,298,298,298,298,2000,298,1
2011/09/09,305,305,305,305,1000,305,1
2011/09/12,305,305,305,305,5000,305,1
2011/09/26,315,315,315,315,2000,315,1
2011/10/06,310,310,305,305,2000,305,1
2011/10/11,305,307,305,307,2000,307,1
2011/10/12,315,315,315,315,7000,315,1
2011/10/17,307,307,307,307,1000,307,1
2011/10/18,305,305,305,305,1000,305,1
2011/10/25,309,309,309,309,1000,309,1
2011/11/04,302,302,302,302,2000,302,1
2011/11/08,314,314,314,314,2000,314,1
2011/11/09,306,306,298,298,2000,298,1
2011/11/10,306,306,306,306,1000,306,1
2011/11/11,308,308,308,308,2000,308,1
2011/11/14,310,310,310,310,6000,310,1
2011/11/25,314,314,314,314,2000,314,1
2011/12/01,314,314,314,314,2000,314,1
2011/12/08,315,315,315,315,5000,315,1
2011/12/09,325,341,325,341,2000,341,1
2011/12/12,341,341,341,341,7000,341,1
2011/12/26,341,341,341,341,2000,341,1
2012/01/05,339,339,331,331,2000,331,1
2012/01/06,340,340,340,340,1000,340,1
2012/01/10,340,340,340,340,2000,340,1
2012/01/11,345,345,343,343,7000,343,1
2012/01/12,339,347,339,347,7000,347,1
2012/01/13,347,347,347,347,1000,347,1
2012/01/18,330,330,330,330,1000,330,1
2012/01/24,334,334,334,334,1000,334,1
2012/01/25,342,342,329,329,6000,329,1
2012/01/26,337,337,337,337,1000,337,1
2012/01/27,337,337,337,337,1000,337,1
2012/01/31,330,330,330,330,1000,330,1
2012/02/01,337,337,337,337,1000,337,1
2012/02/02,337,337,337,337,1000,337,1
2012/02/08,333,340,333,340,3000,340,1
2012/02/09,340,340,340,340,1000,340,1
2012/02/10,341,344,341,344,3000,344,1
2012/02/13,342,342,342,342,5000,342,1
2012/02/15,335,335,335,335,1000,335,1
2012/02/16,343,343,343,343,1000,343,1
2012/02/17,343,343,343,343,1000,343,1
2012/02/22,336,336,336,336,1000,336,1
2012/02/23,335,335,335,335,1000,335,1
2012/03/05,334,341,333,333,7000,333,1
2012/03/06,340,340,340,340,1000,340,1
2012/03/09,341,344,341,341,7000,341,1
2012/03/12,333,333,320,325,10000,325,1
2012/03/14,329,329,329,329,1000,329,1
2012/03/22,330,330,327,327,2000,327,1
2012/03/23,332,332,332,332,1000,332,1
2012/03/29,327,327,327,327,1000,327,1
2012/04/11,334,338,334,338,2000,338,1
2012/04/12,341,341,341,341,6000,341,1
2012/04/16,340,340,340,340,1000,340,1
2012/04/20,336,336,335,335,2000,335,1
2012/04/25,346,346,346,346,3000,346,1
2012/04/27,338,338,338,338,1000,338,1
2012/05/07,346,346,346,346,1000,346,1
2012/05/08,348,348,348,348,1000,348,1
2012/05/10,360,360,360,360,3000,360,1
2012/05/11,370,370,367,367,3000,367,1
2012/05/14,355,355,354,354,6000,354,1
2012/06/08,390,390,390,390,1000,390,1
2012/06/11,385,385,385,385,2000,385,1
2012/06/12,385,385,385,385,4000,385,1
2012/06/19,369,369,362,362,2000,362,1
2012/06/25,373,373,373,373,1000,373,1
2012/06/28,365,372,365,372,3000,372,1
2012/06/29,373,373,372,372,4000,372,1
2012/07/02,372,377,370,377,5000,377,1
2012/07/03,383,383,383,383,1000,383,1
2012/07/04,390,390,390,390,2000,390,1
2012/07/05,390,391,390,391,2000,391,1
2012/07/06,395,395,395,395,1000,395,1
2012/07/09,410,410,410,410,1000,410,1
2012/07/10,410,410,410,410,2000,410,1
2012/07/11,415,435,415,435,5000,435,1
2012/07/12,449,449,449,449,29000,449,1
2012/07/17,419,419,419,419,1000,419,1
2012/07/19,410,410,410,410,1000,410,1
2012/07/20,425,425,425,425,1000,425,1
2012/07/25,439,439,439,439,1000,439,1
2012/07/26,460,505,460,505,2000,505,1
2012/07/27,505,505,505,505,5000,505,1
2012/08/07,505,505,505,505,1000,505,1
2012/08/09,495,495,495,495,2000,495,1
2012/08/10,495,495,495,495,1000,495,1
2012/08/13,495,495,495,495,3000,495,1
2012/08/16,428,428,428,428,1000,428,1
2012/08/27,441,441,441,441,2000,441,1
2012/09/04,430,430,430,430,1000,430,1
2012/09/11,440,445,440,445,7000,445,1
2012/09/12,452,452,432,432,5000,432,1
2012/09/21,400,400,400,400,3000,400,1
2012/10/10,430,430,430,430,1000,430,1
2012/10/11,423,423,423,423,1000,423,1
2012/10/12,436,436,436,436,2000,436,1
2012/10/15,450,450,450,450,2000,450,1
2012/10/25,464,464,464,464,1000,464,1
2012/11/02,453,453,453,453,3000,453,1
2012/11/08,430,434,426,434,4000,434,1
2012/11/12,448,448,448,448,3000,448,1
2012/11/13,460,460,460,460,1000,460,1
2012/11/19,436,436,436,436,1000,436,1
2012/11/20,444,444,444,444,1000,444,1
2012/11/21,451,451,451,451,1000,451,1
2012/11/26,459,459,459,459,1000,459,1
2012/12/04,450,450,450,450,1000,450,1
2012/12/05,445,445,445,445,1000,445,1
2012/12/06,445,445,445,445,1000,445,1
2012/12/07,442,442,441,441,2000,441,1
2012/12/11,441,441,441,441,2000,441,1
2012/12/12,438,438,438,438,5000,438,1
2012/12/25,446,446,446,446,2000,446,1
2013/01/04,450,450,434,434,7000,434,1
2013/01/07,435,435,435,435,3000,435,1
2013/01/08,436,436,436,436,6000,436,1
2013/01/11,441,441,436,436,6000,436,1
2013/01/15,428,428,420,420,8000,420,1
2013/01/18,428,428,428,428,1000,428,1
2013/01/25,428,428,428,428,1000,428,1
2013/02/01,428,428,428,428,1000,428,1
2013/02/04,429,430,428,428,7000,428,1
2013/02/05,429,429,428,428,2000,428,1
2013/02/07,436,436,436,436,2000,436,1
2013/02/08,436,436,434,434,2000,434,1
2013/02/12,432,432,432,432,5000,432,1
2013/02/13,422,429,422,422,4000,422,1
2013/02/18,422,422,422,422,1000,422,1
2013/02/20,430,430,430,430,1000,430,1
2013/02/21,423,431,423,431,4000,431,1
2013/02/25,434,434,434,434,3000,434,1
2013/03/04,423,423,414,414,15000,414,1
2013/03/06,422,422,422,422,1000,422,1
2013/03/11,424,424,423,423,2000,423,1
2013/03/12,416,416,415,415,8000,415,1
2013/03/13,414,414,406,406,3000,406,1
2013/03/15,416,416,416,416,3000,416,1
2013/03/25,416,416,416,416,3000,416,1
2013/03/29,423,423,423,423,1000,423,1
2013/04/01,415,415,408,408,1100,408,1
2013/04/08,417,418,417,418,400,418,1
2013/04/11,426,426,426,426,200,426,1
2013/04/12,418,431,418,431,5400,431,1
2013/04/15,417,417,417,417,1300,417,1
2013/04/23,431,431,431,431,100,431,1
2013/04/24,431,431,431,431,900,431,1
2013/04/25,444,444,444,444,2100,444,1
2013/05/07,440,440,440,440,3000,440,1
2013/05/08,450,450,450,450,1000,450,1
2013/05/09,450,450,440,445,4400,445,1
2013/05/13,459,465,445,450,7300,450,1
2013/05/14,450,450,446,446,500,446,1
2013/05/15,446,446,442,446,700,446,1
2013/05/16,442,442,442,442,100,442,1
2013/05/22,435,435,430,430,2300,430,1
2013/05/24,430,430,430,430,600,430,1
2013/05/27,442,442,442,442,1000,442,1
2013/05/30,442,442,426,426,4600,426,1
2013/06/03,422,426,422,426,4700,426,1
2013/06/04,426,426,426,426,100,426,1
2013/06/05,428,428,428,428,200,428,1
2013/06/06,435,435,435,435,3000,435,1
2013/06/07,428,428,428,428,1600,428,1
2013/06/10,435,435,427,427,3000,427,1
2013/06/11,429,429,428,428,1200,428,1
2013/06/12,435,435,434,434,4400,434,1
2013/06/13,430,430,430,430,200,430,1
2013/06/14,430,430,430,430,200,430,1
2013/06/20,427,427,427,427,1000,427,1
2013/06/24,430,430,428,428,9100,428,1
2013/06/25,441,441,441,441,1200,441,1
2013/06/28,436,436,434,434,3100,434,1
2013/07/01,443,443,443,443,100,443,1
2013/07/03,445,455,445,455,700,455,1
2013/07/04,445,445,445,445,5000,445,1
2013/07/08,460,463,457,461,12000,461,1
2013/07/09,463,463,462,462,3100,462,1
2013/07/10,467,469,463,465,3400,465,1
2013/07/11,465,470,461,463,5800,463,1
2013/07/12,439,443,426,443,33100,443,1
2013/07/16,435,443,435,443,2400,443,1
2013/07/18,435,435,435,435,1900,435,1
2013/07/19,440,440,440,440,100,440,1
2013/07/23,432,440,432,440,400,440,1
2013/07/25,429,429,429,429,7100,429,1
2013/07/26,430,430,430,430,100,430,1
2013/07/29,430,430,410,410,2400,410,1
2013/07/30,410,410,408,410,600,410,1
2013/08/02,412,412,412,412,200,412,1
2013/08/05,420,425,420,425,400,425,1
2013/08/06,431,440,431,431,1900,431,1
2013/08/07,430,430,414,414,1200,414,1
2013/08/08,418,418,418,418,800,418,1
2013/08/09,432,432,427,427,200,427,1
2013/08/12,420,420,420,420,6500,420,1
2013/08/22,420,420,420,420,100,420,1
2013/08/26,431,453,423,425,13400,425,1
2013/08/27,441,441,438,438,900,438,1
2013/08/28,426,426,418,420,1900,420,1
2013/09/02,412,412,412,412,500,412,1
2013/09/06,416,418,416,418,200,418,1
2013/09/09,438,444,438,444,400,444,1
2013/09/10,436,436,430,434,1000,434,1
2013/09/11,440,442,434,435,1500,435,1
2013/09/12,449,500,435,449,53600,449,1
2013/09/13,456,458,430,430,5100,430,1
2013/09/17,440,456,440,443,4100,443,1
2013/09/18,440,440,440,440,1000,440,1
2013/09/20,440,440,436,436,1600,436,1
2013/09/24,430,433,430,433,1900,433,1
2013/09/25,446,446,446,446,1800,446,1
2013/09/26,430,430,430,430,2000,430,1
2013/09/27,430,430,430,430,2200,430,1
2013/09/30,430,430,425,425,600,425,1
2013/10/01,425,425,420,421,6600,421,1
2013/10/02,422,422,418,420,900,420,1
2013/10/03,417,417,410,415,1700,415,1
2013/10/04,427,466,417,420,20200,420,1
2013/10/07,420,420,420,420,300,420,1
2013/10/08,417,417,415,415,2500,415,1
2013/10/09,417,417,415,416,2400,416,1
2013/10/10,422,422,417,417,1400,417,1
2013/10/11,419,422,404,419,5000,419,1
2013/10/15,421,421,413,413,5000,413,1
2013/10/16,412,412,412,412,500,412,1
2013/10/17,416,418,416,418,1200,418,1
2013/10/21,420,420,420,420,100,420,1
2013/10/22,424,424,416,416,600,416,1
2013/10/23,424,429,424,424,1400,424,1
2013/10/24,429,429,419,419,300,419,1
2013/10/25,424,424,418,418,2100,418,1
2013/10/28,425,435,425,427,1700,427,1
2013/10/29,419,420,417,420,400,420,1
2013/10/30,420,428,420,420,1000,420,1
2013/10/31,420,420,420,420,2300,420,1
2013/11/01,420,420,418,418,500,418,1
2013/11/05,421,421,415,415,3100,415,1
2013/11/06,416,420,416,420,200,420,1
2013/11/07,425,434,425,432,2900,432,1
2013/11/08,440,459,411,432,17900,432,1
2013/11/11,425,434,424,432,2500,432,1
2013/11/12,435,435,424,425,4800,425,1
2013/11/13,420,420,412,412,2300,412,1
2013/11/14,420,424,410,418,2800,418,1
2013/11/15,425,425,409,420,12300,420,1
2013/11/18,426,426,420,420,700,420,1
2013/11/19,426,426,414,414,6100,414,1
2013/11/21,417,420,412,420,2300,420,1
2013/11/22,420,420,419,419,1500,419,1
2013/11/25,426,426,418,418,3700,418,1
2013/11/26,419,420,413,415,4900,415,1
2013/11/27,416,416,411,411,1100,411,1
2013/11/28,411,420,411,415,4200,415,1
2013/11/29,430,436,422,422,8200,422,1
2013/12/02,430,431,430,430,2800,430,1
2013/12/03,435,436,435,436,1200,436,1
2013/12/04,436,444,436,440,6500,440,1
2013/12/05,440,440,431,431,10900,431,1
2013/12/06,431,437,431,433,1500,433,1
2013/12/10,434,442,434,442,2100,442,1
2013/12/11,443,444,437,443,3900,443,1
2013/12/12,445,445,445,445,3900,445,1
2013/12/13,437,437,437,437,1600,437,1
2013/12/16,437,437,435,435,3500,435,1
2013/12/17,434,435,432,432,3100,432,1
2013/12/18,433,433,432,432,4500,432,1
2013/12/19,433,444,428,428,8000,428,1
2013/12/20,429,435,421,423,10000,423,1
2013/12/24,420,420,402,416,4400,416,1
2013/12/25,424,424,424,424,2900,424,1
2013/12/26,422,429,422,425,2500,425,1
2013/12/27,425,425,415,422,4500,422,1
2013/12/30,430,448,426,448,3400,448,1
2014/01/06,446,450,439,450,6800,450,1
2014/01/07,452,452,448,448,600,448,1
2014/01/08,460,460,449,449,2900,449,1
2014/01/09,460,464,455,455,600,455,1
2014/01/10,463,499,462,499,2200,499,1
2014/01/14,500,510,488,488,10500,488,1
2014/01/15,500,500,452,465,10600,465,1
2014/01/16,465,473,465,465,2200,465,1
2014/01/17,498,498,472,475,3700,475,1
2014/01/20,490,490,465,472,3600,472,1
2014/01/21,462,475,460,474,1600,474,1
2014/01/22,498,554,479,484,239000,484,1
2014/01/23,498,558,470,540,100700,540,1
2014/01/24,560,560,520,560,56700,560,1
2014/01/27,540,559,521,550,17800,550,1
2014/01/28,542,588,539,585,21000,585,1
2014/01/29,576,579,515,549,18100,549,1
2014/01/30,523,545,515,517,9200,517,1
2014/01/31,519,533,519,520,3300,520,1
2014/02/03,520,521,502,502,4900,502,1
2014/02/04,500,501,475,500,9700,500,1
2014/02/05,479,490,475,476,4000,476,1
2014/02/06,484,484,461,475,2000,475,1
2014/02/07,476,492,476,491,1100,491,1
2014/02/10,499,538,499,511,7600,511,1
2014/02/12,527,527,510,510,3600,510,1
2014/02/13,536,610,510,520,157500,520,1
2014/02/14,511,512,476,491,25000,491,1
2014/02/17,483,483,470,475,4300,475,1
2014/02/18,470,480,468,480,2500,480,1
2014/02/19,480,487,466,480,1800,480,1
2014/02/20,480,489,480,489,1300,489,1
2014/02/21,489,503,481,500,8800,500,1
2014/02/24,501,600,500,568,150700,568,1
2014/02/25,575,585,526,551,48600,551,1
2014/02/26,551,556,535,537,23900,537,1
2014/02/27,538,545,501,516,10900,516,1
2014/02/28,525,525,513,518,1200,518,1
2014/03/03,510,520,505,512,2900,512,1
2014/03/04,510,511,510,511,500,511,1
2014/03/05,512,528,509,520,2400,520,1
2014/03/06,520,535,516,534,3400,534,1
2014/03/07,533,534,526,526,1000,526,1
2014/03/10,530,534,529,529,1300,529,1
2014/03/11,536,560,536,560,16300,560,1
2014/03/12,560,560,536,537,4400,537,1
2014/03/13,527,527,520,520,1900,520,1
2014/03/14,510,510,498,498,5800,498,1
2014/03/17,494,503,490,491,5300,491,1
2014/03/18,488,489,485,485,6700,485,1
2014/03/19,483,488,483,483,2500,483,1
2014/03/20,482,495,482,483,1700,483,1
2014/03/24,483,495,483,485,3100,485,1
2014/03/25,495,499,486,487,4900,487,1
2014/03/26,485,490,482,482,4600,482,1
2014/03/27,475,485,475,475,900,475,1
2014/03/28,464,476,464,476,1700,476,1
2014/03/31,474,474,452,460,6500,460,1
2014/04/01,468,474,468,470,2100,470,1
2014/04/02,462,470,462,470,1700,470,1
2014/04/03,468,468,452,453,6500,453,1
2014/04/04,457,457,451,456,1300,456,1
2014/04/07,456,456,453,455,1000,455,1
2014/04/08,455,455,450,450,6200,450,1
2014/04/09,448,448,440,441,4100,441,1
2014/04/10,446,446,439,439,2700,439,1
2014/04/11,431,431,420,420,13000,420,1
2014/04/14,424,424,417,420,7700,420,1
2014/04/15,421,423,420,420,800,420,1
2014/04/16,421,427,421,427,700,427,1
2014/04/17,427,438,427,434,3000,434,1
2014/04/18,434,434,434,434,400,434,1
2014/04/21,431,444,431,444,600,444,1
2014/04/22,438,438,438,438,100,438,1
2014/04/23,438,438,435,435,300,435,1
2014/04/24,436,436,433,433,1000,433,1
2014/04/25,446,446,446,446,1900,446,1
2014/04/30,446,446,446,446,100,446,1
2014/05/01,438,438,438,438,200,438,1
2014/05/02,433,433,429,430,2200,430,1
2014/05/07,428,428,425,425,900,425,1
2014/05/08,429,432,429,430,1300,430,1
2014/05/09,432,443,432,443,900,443,1
2014/05/12,443,443,443,443,4200,443,1
2014/05/13,444,444,421,421,3000,421,1
2014/05/14,428,436,428,436,2400,436,1
2014/05/15,444,444,418,418,5800,418,1
2014/05/16,425,427,425,427,2600,427,1
2014/05/19,425,426,422,422,2700,422,1
2014/05/20,423,423,422,422,1100,422,1
2014/05/21,420,420,420,420,200,420,1
2014/05/22,418,418,413,413,2100,413,1
2014/05/23,413,421,413,421,1300,421,1
2014/05/26,434,434,434,434,2100,434,1
2014/05/27,435,435,433,433,300,433,1
2014/05/28,430,435,429,435,600,435,1
2014/05/30,433,433,433,433,100,433,1
2014/06/02,441,445,441,445,1300,445,1
2014/06/03,444,445,441,445,2400,445,1
2014/06/04,442,442,442,442,200,442,1
2014/06/05,442,442,442,442,300,442,1
2014/06/06,442,448,442,448,600,448,1
2014/06/09,442,449,442,449,5500,449,1
2014/06/10,450,458,445,446,4200,446,1
2014/06/11,449,458,446,458,3900,458,1
2014/06/12,450,459,450,459,4800,459,1
2014/06/13,450,450,449,450,2600,450,1
2014/06/16,449,450,449,450,1300,450,1
2014/06/17,451,457,430,444,3000,444,1
2014/06/18,444,452,444,451,1700,451,1
2014/06/19,452,452,449,449,1800,449,1
2014/06/20,450,450,432,445,4500,445,1
2014/06/23,448,451,445,451,5200,451,1
2014/06/24,448,449,448,449,300,449,1
2014/06/25,453,454,444,454,4900,454,1
2014/06/26,446,446,446,446,100,446,1
2014/06/27,444,444,442,442,2100,442,1
2014/06/30,442,450,441,441,1000,441,1
2014/07/01,450,452,443,452,2400,452,1
2014/07/02,455,460,451,460,6400,460,1
2014/07/03,469,469,463,464,800,464,1
2014/07/04,466,467,463,464,2900,464,1
2014/07/07,470,480,470,473,1200,473,1
2014/07/08,474,485,474,485,1600,485,1
2014/07/09,482,490,480,490,2200,490,1
2014/07/10,490,492,486,492,2700,492,1
2014/07/11,493,495,488,492,3300,492,1
2014/07/14,507,511,482,501,25600,501,1
2014/07/15,483,500,483,500,1600,500,1
2014/07/16,500,500,488,488,1000,488,1
2014/07/17,496,500,483,483,1000,483,1
2014/07/18,475,491,475,491,300,491,1
2014/07/23,482,485,482,483,2400,483,1
2014/07/24,485,490,485,490,300,490,1
2014/07/25,505,505,487,487,7300,487,1
2014/07/28,490,490,477,477,1400,477,1
2014/07/29,476,480,475,475,3300,475,1
2014/07/31,485,485,485,485,100,485,1
2014/08/01,482,485,482,485,1300,485,1
2014/08/04,495,495,479,479,200,479,1
2014/08/05,479,479,479,479,100,479,1
2014/08/06,479,479,469,469,2100,469,1
2014/08/07,470,470,470,470,1100,470,1
2014/08/08,470,473,470,470,1700,470,1
2014/08/11,475,487,475,487,2100,487,1
2014/08/12,495,495,471,471,6500,471,1
2014/08/13,462,473,445,470,5600,470,1
2014/08/14,470,470,470,470,600,470,1
2014/08/20,475,475,475,475,100,475,1
2014/08/21,470,470,469,470,400,470,1
2014/08/22,478,478,454,466,3800,466,1
2014/08/25,472,472,472,472,1600,472,1
2014/08/28,459,459,459,459,100,459,1
2014/08/29,470,470,470,470,200,470,1
2014/09/01,462,478,462,478,600,478,1
2014/09/02,475,480,467,480,1200,480,1
2014/09/03,488,488,488,488,100,488,1
2014/09/04,474,474,474,474,500,474,1
2014/09/05,474,474,474,474,100,474,1
2014/09/08,480,480,470,470,5200,470,1
2014/09/09,479,484,469,470,1700,470,1
2014/09/10,470,470,461,461,3800,461,1
2014/09/11,468,470,465,470,1600,470,1
2014/09/12,463,464,455,463,6200,463,1
2014/09/16,460,460,460,460,200,460,1
2014/09/17,480,480,464,464,400,464,1
2014/09/18,464,464,464,464,200,464,1
2014/09/19,464,472,463,463,600,463,1
2014/09/22,463,463,458,458,5600,458,1
2014/09/24,458,458,456,458,1200,458,1
2014/09/25,472,472,464,464,1800,464,1
2014/09/26,464,464,464,464,100,464,1
2014/09/29,480,490,464,466,2600,466,1
2014/09/30,464,464,457,457,1100,457,1
2014/10/01,457,457,457,457,100,457,1
2014/10/02,457,459,452,452,900,452,1
2014/10/03,451,465,451,465,200,465,1
2014/10/06,463,464,452,464,600,464,1
2014/10/07,462,465,462,465,400,465,1
2014/10/08,465,470,465,465,1300,465,1
2014/10/09,457,457,457,457,3800,457,1
2014/10/10,460,467,458,467,1400,467,1
2014/10/14,465,465,455,455,5000,455,1
2014/10/15,452,452,452,452,100,452,1
2014/10/17,436,452,436,452,2200,452,1
2014/10/20,449,452,445,445,1300,445,1
2014/10/21,461,461,441,441,1800,441,1
2014/10/23,449,449,449,449,100,449,1
2014/10/24,454,454,454,454,100,454,1
2014/10/27,468,475,442,449,3900,449,1
2014/10/28,449,457,449,457,300,457,1
2014/10/29,457,457,449,449,300,449,1
2014/10/30,443,443,443,443,2000,443,1
2014/10/31,445,445,445,445,100,445,1
2014/11/04,451,451,441,441,3100,441,1
2014/11/05,451,461,444,444,3000,444,1
2014/11/07,444,460,444,446,1200,446,1
2014/11/10,450,460,450,454,3000,454,1
2014/11/11,459,465,459,465,6200,465,1
2014/11/12,470,470,463,463,4100,463,1
2014/11/13,461,465,460,465,2300,465,1
2014/11/14,466,466,450,450,1400,450,1
2014/11/17,455,456,455,456,1300,456,1
2014/11/18,456,457,453,457,1500,457,1
2014/11/19,457,461,457,461,1500,461,1
2014/11/21,457,457,457,457,700,457,1
2014/11/25,471,471,465,465,2200,465,1
2014/11/28,457,457,457,457,700,457,1
2014/12/01,460,461,460,460,1200,460,1
2014/12/02,465,465,465,465,100,465,1
2014/12/03,465,473,465,465,2600,465,1
2014/12/04,457,460,457,460,800,460,1
2014/12/05,459,461,459,461,400,461,1
2014/12/08,470,479,470,479,3700,479,1
2014/12/09,475,475,470,470,2300,470,1
2014/12/10,466,478,466,478,900,478,1
2014/12/11,478,479,478,479,1200,479,1
2014/12/12,484,484,484,484,3700,484,1
2014/12/17,473,473,460,465,900,465,1
2014/12/18,463,465,460,465,3700,465,1
2014/12/19,465,477,465,477,1800,477,1
2014/12/22,472,472,470,472,1500,472,1
2014/12/24,488,488,488,488,1000,488,1
2014/12/25,499,499,465,465,2900,465,1
2014/12/26,473,473,473,473,100,473,1
2014/12/30,473,475,473,475,300,475,1
2015/01/05,496,497,496,497,2900,497,1
2015/01/06,486,486,486,486,500,486,1
2015/01/07,496,499,496,499,500,499,1
2015/01/08,499,510,499,500,2200,500,1
2015/01/09,502,511,502,511,400,511,1
2015/01/13,518,518,493,493,4900,493,1
2015/01/14,507,508,507,508,300,508,1
2015/01/15,482,485,480,480,1300,480,1
2015/01/16,485,496,485,496,500,496,1
2015/01/20,486,486,486,486,100,486,1
2015/01/22,498,500,498,500,900,500,1
2015/01/23,491,491,490,490,700,490,1
2015/01/26,505,505,505,505,1400,505,1
2015/01/27,489,489,486,487,600,487,1
2015/01/28,490,493,490,493,500,493,1
2015/01/29,494,495,494,495,1300,495,1
2015/01/30,500,500,500,500,500,500,1
2015/02/02,491,491,491,491,100,491,1
2015/02/03,491,501,491,497,2700,497,1
2015/02/04,500,500,495,495,400,495,1
2015/02/05,494,494,494,494,100,494,1
2015/02/06,495,500,495,500,600,500,1
2015/02/09,500,500,495,495,1300,495,1
2015/02/10,500,510,500,510,500,510,1
2015/02/12,520,520,496,501,4700,501,1
2015/02/13,502,502,502,502,900,502,1
2015/02/16,500,500,500,500,2300,500,1
2015/02/18,492,492,492,492,3000,492,1
2015/02/19,492,492,492,492,2200,492,1
2015/02/20,492,492,492,492,300,492,1
2015/02/23,493,508,493,502,700,502,1
2015/02/24,493,507,492,507,8300,507,1
2015/02/25,495,495,495,495,1500,495,1
2015/02/26,500,500,500,500,500,500,1
2015/02/27,508,508,508,508,200,508,1
2015/03/02,510,510,510,510,100,510,1
2015/03/03,509,509,509,509,600,509,1
2015/03/04,510,510,510,510,800,510,1
2015/03/05,508,508,508,508,700,508,1
2015/03/06,508,510,494,494,4300,494,1
2015/03/09,496,498,495,495,1400,495,1
2015/03/10,505,510,505,510,300,510,1
2015/03/11,511,515,510,513,2100,513,1
2015/03/12,515,515,513,513,4400,513,1
2015/03/13,513,513,513,513,200,513,1
2015/03/16,513,513,512,512,1500,512,1
2015/03/18,503,503,500,500,2700,500,1
2015/03/19,500,504,500,504,2200,504,1
2015/03/20,504,504,504,504,200,504,1
2015/03/23,514,515,512,515,6400,515,1
2015/03/24,519,519,519,519,100,519,1
2015/03/25,520,520,520,520,1200,520,1
2015/03/26,510,511,510,510,400,510,1
2015/03/27,519,519,502,502,1900,502,1
2015/03/30,500,500,500,500,1800,500,1
2015/03/31,500,500,498,498,500,498,1
2015/04/02,503,503,503,503,100,503,1
2015/04/03,498,498,496,496,1600,496,1
2015/04/06,490,491,490,491,5100,491,1
2015/04/07,492,495,492,495,200,495,1
2015/04/08,503,503,500,503,1400,503,1
2015/04/09,500,500,500,500,100,500,1
2015/04/10,501,506,501,506,1300,506,1
2015/04/13,500,505,500,505,4400,505,1
2015/04/15,501,501,501,501,100,501,1
2015/04/16,500,500,500,500,100,500,1
2015/04/17,495,495,495,495,2000,495,1
2015/04/20,493,493,493,493,2000,493,1
2015/04/22,495,496,495,496,600,496,1
2015/04/23,496,496,496,496,100,496,1
2015/04/24,500,500,500,500,200,500,1
2015/04/27,515,515,505,505,2400,505,1
2015/04/28,508,508,508,508,700,508,1
2015/04/30,510,510,502,502,200,502,1
2015/05/01,502,502,502,502,100,502,1
2015/05/07,500,500,500,500,900,500,1
2015/05/08,503,505,503,505,800,505,1
2015/05/11,505,507,505,507,1100,507,1
2015/05/12,515,515,505,505,5200,505,1
2015/05/13,505,514,500,514,400,514,1
2015/05/14,512,515,482,482,9300,482,1
2015/05/15,490,490,485,485,3400,485,1
2015/05/18,485,487,484,484,900,484,1
2015/05/19,484,485,484,485,16700,485,1
2015/05/20,485,487,485,487,500,487,1
2015/05/21,495,495,494,494,200,494,1
2015/05/22,492,495,491,495,1100,495,1
2015/05/25,499,499,498,499,2200,499,1
2015/05/26,501,501,495,495,400,495,1
2015/05/27,495,495,495,495,5400,495,1
2015/05/28,495,498,495,498,1900,498,1
2015/05/29,497,502,497,502,1500,502,1
2015/06/01,498,498,496,496,400,496,1
2015/06/02,496,498,496,498,600,498,1
2015/06/04,499,500,499,500,300,500,1
2015/06/05,501,501,501,501,200,501,1
2015/06/08,502,502,501,502,900,502,1
2015/06/09,501,501,499,499,1300,499,1
2015/06/10,502,502,499,499,1100,499,1
2015/06/11,502,503,499,501,2200,501,1
2015/06/12,509,509,495,495,4800,495,1
2015/06/15,495,495,490,495,2200,495,1
2015/06/16,503,509,499,509,1000,509,1
2015/06/17,507,509,507,509,3200,509,1
2015/06/18,501,501,498,498,3700,498,1
2015/06/19,501,501,491,491,1000,491,1
2015/06/22,505,505,495,503,600,503,1
2015/06/24,504,511,504,511,3000,511,1
2015/06/25,525,525,523,523,4000,523,1
2015/06/26,522,522,497,497,6300,497,1
2015/06/29,500,504,500,504,1200,504,1
2015/06/30,504,504,501,503,1100,503,1
2015/07/01,504,508,504,508,2400,508,1
2015/07/02,513,513,510,513,3500,513,1
2015/07/03,517,517,517,517,200,517,1
2015/07/06,517,517,510,510,1600,510,1
2015/07/07,515,515,503,513,1500,513,1
2015/07/08,513,515,510,515,1200,515,1
2015/07/09,509,509,509,509,400,509,1
2015/07/10,509,530,509,526,6900,526,1
2015/07/13,542,548,541,542,23800,542,1
2015/07/14,549,549,548,548,1000,548,1
2015/07/15,548,548,517,523,1900,523,1
2015/07/16,525,525,511,525,1700,525,1
2015/07/17,525,525,525,525,200,525,1
2015/07/21,520,520,515,515,500,515,1
2015/07/22,515,518,513,518,600,518,1
2015/07/23,524,525,524,525,3400,525,1
2015/07/24,532,535,524,535,4200,535,1
2015/07/27,552,552,530,530,6700,530,1
2015/07/28,529,529,529,529,800,529,1
2015/07/29,519,523,518,520,900,520,1
2015/07/30,516,516,516,516,1200,516,1
2015/07/31,519,520,516,518,500,518,1
2015/08/03,515,520,515,520,400,520,1
2015/08/04,515,520,515,520,500,520,1
2015/08/05,510,510,510,510,1000,510,1
2015/08/07,515,515,503,503,600,503,1
2015/08/10,506,516,505,505,1700,505,1
2015/08/11,506,519,506,514,1900,514,1
2015/08/12,514,514,500,500,4400,500,1
2015/08/13,505,505,500,500,1500,500,1
2015/08/14,505,505,500,500,1500,500,1
2015/08/17,506,506,506,506,100,506,1
2015/08/19,506,506,502,502,300,502,1
2015/08/20,502,502,500,500,200,500,1
2015/08/21,505,505,499,499,500,499,1
2015/08/24,499,503,498,503,900,503,1
2015/08/25,461,471,436,455,13800,455,1
2015/08/26,468,468,449,468,900,468,1
2015/08/27,472,472,465,465,5000,465,1
2015/08/28,464,488,464,488,800,488,1
2015/08/31,488,488,488,488,100,488,1
2015/09/01,488,488,488,488,100,488,1
2015/09/02,487,487,480,480,200,480,1
2015/09/03,488,488,480,480,300,480,1
2015/09/04,490,490,490,490,100,490,1
2015/09/07,493,493,493,493,200,493,1
2015/09/08,493,493,493,493,100,493,1
2015/09/09,496,497,494,497,1900,497,1
2015/09/11,497,500,495,495,2500,495,1
2015/09/14,510,510,509,509,3800,509,1
2015/09/15,509,509,509,509,100,509,1
2015/09/16,510,510,510,510,100,510,1
2015/09/17,510,510,510,510,100,510,1
2015/09/18,510,510,509,510,400,510,1
2015/09/24,510,510,510,510,100,510,1
2015/09/25,526,530,526,526,2700,526,1
2015/09/29,512,512,512,512,100,512,1
2015/09/30,510,510,510,510,100,510,1
2015/10/01,510,510,510,510,100,510,1
2015/10/02,510,510,510,510,100,510,1
2015/10/05,492,492,492,492,500,492,1
2015/10/06,497,497,497,497,600,497,1
2015/10/08,500,500,500,500,1000,500,1
2015/10/09,507,507,500,500,1600,500,1
2015/10/13,515,515,515,515,3400,515,1
2015/10/14,515,515,515,515,100,515,1
2015/10/16,515,515,515,515,1100,515,1
2015/10/21,515,515,515,515,100,515,1
2015/10/23,528,528,528,528,100,528,1
2015/10/26,544,545,525,525,2500,525,1
2015/10/27,527,527,509,509,200,509,1
2015/10/28,509,509,509,509,200,509,1
2015/10/29,499,499,498,498,1000,498,1
2015/11/02,500,500,500,500,100,500,1
2015/11/04,506,506,506,506,200,506,1
2015/11/06,528,528,515,515,900,515,1
2015/11/09,514,518,514,515,1100,515,1
2015/11/10,517,518,511,513,900,513,1
2015/11/11,519,525,514,515,3200,515,1
2015/11/12,514,514,514,514,3400,514,1
2015/11/16,508,508,490,498,3700,498,1
2015/11/17,498,498,490,490,3600,490,1
2015/11/18,502,502,490,491,800,491,1
2015/11/19,499,499,499,499,900,499,1
2015/11/20,503,503,503,503,100,503,1
2015/11/24,505,505,505,505,100,505,1
2015/11/25,515,515,491,493,5100,493,1
2015/11/26,494,494,490,490,1300,490,1
2015/11/27,498,499,498,499,200,499,1
2015/11/30,507,507,507,507,100,507,1
2015/12/01,500,500,500,500,400,500,1
2015/12/02,507,507,503,503,200,503,1
2015/12/03,503,503,503,503,200,503,1
2015/12/04,504,504,504,504,200,504,1
2015/12/07,504,504,501,501,1700,501,1
2015/12/08,504,504,470,473,18800,473,1
2015/12/09,481,494,474,477,1400,477,1
2015/12/10,481,481,481,481,100,481,1
2015/12/11,488,494,480,494,800,494,1
2015/12/14,486,489,481,489,4400,489,1
2015/12/15,477,489,477,482,1200,482,1
2015/12/16,490,490,490,490,100,490,1
2015/12/17,487,487,485,485,200,485,1
2015/12/21,485,487,485,487,200,487,1
2015/12/22,487,487,487,487,200,487,1
2015/12/24,487,487,481,484,1300,484,1
2015/12/25,487,487,487,487,2700,487,1
2015/12/28,487,487,484,484,300,484,1
2015/12/29,486,487,481,487,300,487,1
2015/12/30,487,487,487,487,100,487,1
2016/01/04,479,479,479,479,300,479,1
2016/01/05,483,483,472,472,600,472,1
2016/01/06,480,480,480,480,100,480,1
2016/01/07,484,488,482,488,600,488,1
2016/01/08,488,490,484,490,900,490,1
2016/01/12,490,490,485,485,3900,485,1
2016/01/13,485,485,485,485,2300,485,1
2016/01/14,485,485,485,485,2200,485,1
2016/01/15,485,485,485,485,100,485,1
2016/01/18,485,485,485,485,200,485,1
2016/01/19,485,485,484,484,200,484,1
2016/01/20,490,490,477,478,600,478,1
2016/01/21,482,482,475,475,1300,475,1
2016/01/22,467,472,456,472,1200,472,1
2016/01/25,487,487,487,487,2300,487,1
2016/01/26,487,487,487,487,100,487,1
2016/01/27,487,487,487,487,100,487,1
2016/01/28,487,487,487,487,100,487,1
2016/01/29,487,487,487,487,100,487,1
2016/02/01,489,490,489,490,500,490,1
2016/02/02,490,495,490,495,600,495,1
2016/02/03,500,501,482,500,8900,500,1
2016/02/04,510,510,496,496,3400,496,1
2016/02/05,509,509,497,497,600,497,1
2016/02/08,500,515,500,500,4400,500,1
2016/02/09,471,490,470,484,2900,484,1
2016/02/10,492,495,480,492,1300,492,1
2016/02/12,498,500,460,460,9600,460,1
2016/02/15,480,521,468,470,2400,470,1
2016/02/16,462,472,462,470,400,470,1
2016/02/17,470,470,470,470,100,470,1
2016/02/18,465,469,465,469,600,469,1
2016/02/19,465,467,465,467,500,467,1
2016/02/22,467,467,467,467,100,467,1
2016/02/23,497,497,481,481,500,481,1
2016/02/25,500,500,500,500,3000,500,1
2016/02/29,474,474,470,470,1400,470,1
2016/03/02,480,480,480,480,100,480,1
2016/03/08,485,492,484,492,1200,492,1
2016/03/10,499,500,499,500,700,500,1
2016/03/11,496,499,491,499,1400,499,1
2016/03/14,514,514,514,514,3600,514,1
2016/03/15,513,513,513,513,1000,513,1
2016/03/18,500,500,500,500,500,500,1
2016/03/22,490,490,482,484,400,484,1
2016/03/23,484,564,480,481,12700,481,1
2016/03/24,505,505,483,490,3300,490,1
2016/03/25,503,503,503,503,2200,503,1
2016/03/28,493,493,490,490,200,490,1
2016/03/29,490,490,482,482,300,482,1
2016/03/30,481,482,481,482,600,482,1
2016/03/31,483,483,483,483,100,483,1
2016/04/01,475,475,475,475,200,475,1
2016/04/04,490,490,490,490,100,490,1
2016/04/05,486,486,486,486,200,486,1
2016/04/06,486,487,486,487,200,487,1
2016/04/07,494,495,494,495,500,495,1
2016/04/08,500,509,500,508,700,508,1
2016/04/11,505,505,505,505,600,505,1
2016/04/12,521,522,521,521,3500,521,1
2016/04/13,494,494,494,494,100,494,1
2016/04/19,500,500,500,500,200,500,1
2016/04/21,497,497,491,491,600,491,1
2016/04/22,493,505,493,505,900,505,1
2016/04/25,521,521,491,520,2400,520,1
2016/04/27,510,510,500,500,700,500,1
2016/05/02,491,491,490,490,200,490,1
2016/05/06,490,490,488,488,1300,488,1
2016/05/09,490,490,483,483,1200,483,1
2016/05/10,490,490,490,490,100,490,1
2016/05/11,490,505,485,495,3700,495,1
2016/05/12,487,487,478,478,5200,478,1
2016/05/13,478,478,478,478,600,478,1
2016/05/16,500,500,490,490,2300,490,1
2016/05/17,490,490,490,490,200,490,1
2016/05/18,485,485,485,485,100,485,1
2016/05/19,485,485,485,485,500,485,1
2016/05/20,481,481,481,481,200,481,1
2016/05/23,477,477,477,477,500,477,1
2016/05/24,478,490,478,490,200,490,1
2016/05/25,500,500,482,499,3100,499,1
2016/05/27,500,500,490,490,2300,490,1
2016/05/31,490,490,490,490,800,490,1
2016/06/03,478,483,478,481,3900,481,1
2016/06/06,483,483,483,483,100,483,1
2016/06/08,489,491,489,491,200,491,1
2016/06/09,494,500,494,500,2100,500,1
2016/06/10,500,506,498,506,2900,506,1
2016/06/13,497,497,493,493,3500,493,1
2016/06/15,500,500,489,489,2800,489,1
2016/06/20,509,511,501,511,1500,511,1
2016/06/21,512,512,510,510,500,510,1
2016/06/22,510,510,510,510,300,510,1
2016/06/23,520,539,515,515,2700,515,1
2016/06/24,518,518,466,466,4300,466,1
2016/06/27,480,481,480,480,1800,480,1
2016/06/28,495,495,495,495,100,495,1
2016/06/29,515,520,500,500,5800,500,1
2016/06/30,505,505,495,495,800,495,1
2016/07/01,519,519,490,498,300,498,1
2016/07/05,506,506,506,506,100,506,1
2016/07/06,500,500,500,500,2000,500,1
2016/07/07,507,535,507,516,5200,516,1
2016/07/08,518,525,518,524,3900,524,1
2016/07/11,525,558,525,558,8700,558,1
2016/07/12,538,538,520,521,23800,521,1
2016/07/13,522,522,518,518,200,518,1
2016/07/14,516,516,516,516,100,516,1
2016/07/15,521,522,521,521,400,521,1
2016/07/19,523,523,523,523,200,523,1
2016/07/20,523,529,522,529,500,529,1
2016/07/21,530,544,530,544,600,544,1
2016/07/22,544,545,535,545,3500,545,1
2016/07/25,562,563,536,536,6700,536,1
2016/07/26,535,535,535,535,100,535,1
2016/07/28,525,525,525,525,100,525,1
2016/08/01,515,525,515,525,3100,525,1
2016/08/02,525,525,525,525,100,525,1
2016/08/03,518,518,518,518,100,518,1
2016/08/04,525,525,525,525,100,525,1
2016/08/05,515,515,515,515,1000,515,1
2016/08/09,535,555,535,550,600,550,1
2016/08/10,532,550,530,550,1100,550,1
2016/08/12,567,568,540,540,5300,540,1
2016/08/15,530,530,500,500,1700,500,1
2016/08/16,501,501,501,501,100,501,1
2016/08/17,502,502,502,502,400,502,1
2016/08/18,502,502,502,502,1600,502,1
2016/08/19,507,509,507,509,300,509,1
2016/08/22,528,528,511,511,300,511,1
2016/08/23,511,511,511,511,500,511,1
2016/08/24,511,549,508,541,1300,541,1
2016/08/25,558,563,531,531,4600,531,1
2016/08/26,511,511,508,509,2000,509,1
2016/08/29,510,510,503,503,200,503,1
2016/08/30,504,504,504,504,100,504,1
2016/08/31,504,504,502,503,400,503,1
2016/09/02,505,505,505,505,100,505,1
2016/09/05,505,505,505,505,500,505,1
2016/09/06,524,524,524,524,1300,524,1
2016/09/07,524,524,510,510,1100,510,1
2016/09/08,528,530,528,530,800,530,1
2016/09/09,540,540,520,520,4300,520,1
2016/09/12,514,514,514,514,4000,514,1
2016/09/13,508,508,508,508,300,508,1
2016/09/21,510,510,510,510,100,510,1
2016/09/23,512,527,512,527,200,527,1
2016/09/26,543,543,520,520,2700,520,1
2016/09/27,520,520,520,520,100,520,1
2016/09/29,525,525,525,525,100,525,1
2016/10/03,512,513,510,510,4200,510,1
2016/10/04,510,510,510,510,100,510,1
2016/10/06,520,520,520,520,100,520,1
2016/10/07,520,520,520,520,1200,520,1
2016/10/11,528,530,520,530,4400,530,1
2016/10/12,520,520,514,514,3700,514,1
2016/10/13,515,515,515,515,100,515,1
2016/10/17,520,521,520,521,200,521,1
2016/10/18,520,520,510,510,2100,510,1
2016/10/20,516,516,516,516,300,516,1
2016/10/21,510,510,510,510,1100,510,1
2016/10/24,516,520,512,512,1200,512,1
2016/10/25,520,520,520,520,2100,520,1
2016/10/26,520,520,520,520,200,520,1
2016/10/28,520,520,520,520,500,520,1
2016/10/31,520,520,520,520,1000,520,1
2016/11/01,520,520,520,520,600,520,1
2016/11/02,520,520,517,519,1200,519,1
2016/11/04,515,515,512,512,1400,512,1
2016/11/07,514,514,514,514,200,514,1
2016/11/08,514,524,514,521,500,521,1
2016/11/09,521,521,510,510,2400,510,1
2016/11/10,518,520,510,510,2300,510,1
2016/11/11,513,543,513,528,8400,528,1
2016/11/14,538,538,528,528,5400,528,1
2016/11/15,518,519,505,507,6700,507,1
2016/11/16,507,517,507,517,2300,517,1
2016/11/17,515,515,515,515,200,515,1
2016/11/18,506,515,506,515,500,515,1
2016/11/21,515,515,515,515,100,515,1
2016/11/22,514,535,514,517,7500,517,1
2016/11/24,517,524,517,522,900,522,1
2016/11/25,530,530,522,522,2200,522,1
2016/11/28,521,522,521,522,300,522,1
2016/11/30,521,522,519,521,900,521,1
2016/12/01,519,521,519,521,900,521,1
2016/12/02,519,521,519,521,200,521,1
2016/12/05,521,521,521,521,100,521,1
2016/12/06,521,525,521,525,700,525,1
2016/12/07,529,529,523,526,700,526,1
2016/12/08,526,526,520,520,1400,520,1
2016/12/09,529,530,523,528,700,528,1
2016/12/12,538,538,525,525,4100,525,1
2016/12/13,530,530,521,521,800,521,1
2016/12/14,531,531,528,528,300,528,1
2016/12/15,518,527,518,527,2800,527,1
2016/12/16,520,520,519,519,300,519,1
2016/12/19,524,524,519,519,1900,519,1
2016/12/20,521,521,520,520,300,520,1
2016/12/21,523,523,520,522,3700,522,1
2016/12/22,528,528,523,525,2300,525,1
2016/12/26,527,527,525,525,3100,525,1
2016/12/27,523,524,523,524,700,524,1
2016/12/28,521,524,521,524,600,524,1
2016/12/29,521,524,521,524,500,524,1
2016/12/30,524,524,523,524,800,524,1
2017/01/04,524,531,522,530,4300,530,1
2017/01/05,529,530,527,530,800,530,1
2017/01/06,530,535,530,531,2300,531,1
2017/01/10,532,532,530,530,900,530,1
2017/01/11,529,533,529,533,2700,533,1
2017/01/12,533,533,528,528,3900,528,1
2017/01/13,532,532,530,530,400,530,1
2017/01/16,530,530,510,515,12100,515,1
2017/01/17,515,517,515,516,500,516,1
2017/01/18,516,517,515,515,2400,515,1
2017/01/19,522,523,522,523,400,523,1
2017/01/23,523,524,523,524,500,524,1
2017/01/24,524,525,524,525,2700,525,1
2017/01/25,515,517,511,514,6600,514,1
2017/01/26,517,524,517,517,8200,517,1
2017/01/27,518,520,516,516,2600,516,1
2017/01/30,518,519,517,517,1000,517,1
2017/01/31,517,521,517,517,4100,517,1
2017/02/01,516,517,516,517,2200,517,1
2017/02/02,520,520,517,519,2700,519,1
2017/02/03,516,516,515,515,500,515,1
2017/02/06,516,518,515,517,4900,517,1
2017/02/07,518,550,517,540,19400,540,1
2017/02/08,539,539,523,529,8300,529,1
2017/02/09,529,533,528,533,1700,533,1
2017/02/10,533,535,529,529,3800,529,1
2017/02/13,525,530,525,525,6000,525,1
2017/02/14,526,527,525,525,2100,525,1
2017/02/15,525,528,523,525,3200,525,1
2017/02/16,525,531,524,531,3100,531,1
2017/02/17,531,531,529,529,400,529,1
2017/02/20,531,534,530,530,4700,530,1
2017/02/21,530,532,530,530,2600,530,1
2017/02/22,532,532,530,530,1400,530,1
2017/02/23,530,533,529,533,1700,533,1
2017/02/24,531,532,529,530,3700,530,1
2017/02/27,537,537,530,533,6300,533,1
2017/02/28,533,541,533,540,6000,540,1
2017/03/01,540,545,540,541,5700,541,1
2017/03/02,542,548,542,543,2000,543,1
2017/03/03,543,560,540,560,4700,560,1
2017/03/06,558,558,552,553,2900,553,1
2017/03/07,553,553,552,552,600,552,1
2017/03/08,553,553,545,545,3800,545,1
2017/03/09,546,547,545,545,2800,545,1
2017/03/10,545,548,543,548,2500,548,1
2017/03/13,543,548,543,548,4700,548,1
2017/03/14,554,554,548,548,400,548,1
2017/03/15,554,554,548,549,1400,549,1
2017/03/16,550,555,550,550,2700,550,1
2017/03/17,550,557,545,557,1700,557,1
2017/03/21,557,557,550,550,1800,550,1
2017/03/22,552,552,551,551,1000,551,1
2017/03/23,550,558,550,558,3300,558,1
2017/03/24,556,567,553,567,4000,567,1
2017/03/27,576,576,561,563,4200,563,1
2017/03/28,570,570,562,569,4100,569,1
2017/03/29,568,568,563,563,200,563,1
2017/03/30,563,563,562,562,700,562,1
2017/03/31,562,562,562,562,100,562,1
2017/04/03,563,563,558,558,600,558,1
2017/04/04,556,556,540,540,3200,540,1
2017/04/05,542,543,542,542,800,542,1
2017/04/06,542,544,542,542,4300,542,1
2017/04/07,545,548,538,539,11200,539,1
2017/04/10,546,547,546,547,300,547,1
2017/04/11,543,545,540,544,1100,544,1
2017/04/12,544,544,540,541,4200,541,1
2017/04/13,541,541,540,540,300,540,1
2017/04/14,540,540,540,540,500,540,1
2017/04/17,543,543,540,540,1300,540,1
2017/04/19,540,542,540,540,3000,540,1
2017/04/20,540,543,540,543,1000,543,1
2017/04/21,547,547,547,547,100,547,1
2017/04/24,544,547,544,544,900,544,1
2017/04/25,560,560,547,547,2500,547,1
2017/04/26,557,558,547,548,800,548,1
2017/04/27,548,548,544,544,400,544,1
2017/04/28,580,580,548,548,3200,548,1
2017/05/01,548,557,548,548,1000,548,1
2017/05/02,548,550,548,548,800,548,1
2017/05/08,552,562,552,557,600,557,1
2017/05/09,557,561,557,561,2200,561,1
2017/05/10,561,565,558,565,1000,565,1
2017/05/11,566,569,565,569,1900,569,1
2017/05/12,563,564,563,563,3600,563,1
2017/05/15,580,580,554,561,6200,561,1
2017/05/16,558,558,545,554,4300,554,1
2017/05/17,554,554,550,550,700,550,1
2017/05/18,550,550,548,548,500,548,1
2017/05/19,550,550,549,549,400,549,1
2017/05/22,550,550,549,549,300,549,1
2017/05/23,550,557,550,557,600,557,1
2017/05/24,553,560,553,560,1600,560,1
2017/05/25,574,574,555,571,3500,571,1
2017/05/26,562,578,562,571,2500,571,1
2017/05/29,566,571,566,571,1000,571,1
2017/05/30,567,572,567,571,400,571,1
2017/05/31,566,574,566,574,400,574,1
2017/06/01,576,579,574,574,2100,574,1
2017/06/02,574,574,574,574,100,574,1
2017/06/05,575,575,575,575,400,575,1
2017/06/06,575,580,571,571,1800,571,1
2017/06/07,561,571,561,571,1100,571,1
2017/06/09,577,589,577,589,1400,589,1
2017/06/12,584,584,573,573,3400,573,1
2017/06/13,574,579,574,579,200,579,1
2017/06/14,579,579,570,579,1400,579,1
2017/06/15,579,579,570,570,500,570,1
2017/06/16,570,570,569,569,200,569,1
2017/06/19,569,585,560,572,5900,572,1
2017/06/20,577,579,564,568,1800,568,1
2017/06/21,568,570,568,570,800,570,1
2017/06/22,575,575,574,574,400,574,1
2017/06/23,574,592,574,590,2300,590,1
2017/06/26,593,593,580,589,5300,589,1
2017/06/27,583,586,582,586,1400,586,1
2017/06/29,586,586,586,586,100,586,1
2017/06/30,585,585,575,579,3900,579,1
2017/07/03,580,585,578,585,5000,585,1
2017/07/04,585,635,585,600,6800,600,1
2017/07/05,596,609,596,603,1700,603,1
2017/07/06,605,608,601,608,1900,608,1
2017/07/07,614,614,606,613,1500,613,1
2017/07/10,611,622,611,621,5800,621,1
2017/07/11,624,644,624,637,3500,637,1
2017/07/12,641,641,630,641,21200,641,1
2017/07/13,641,641,612,612,4500,612,1
2017/07/14,622,640,613,613,2400,613,1
2017/07/18,597,610,597,606,2600,606,1
2017/07/19,601,610,601,610,2800,610,1
2017/07/20,610,617,610,614,1200,614,1
2017/07/21,614,630,611,616,3900,616,1
2017/07/24,640,642,627,633,7700,633,1
2017/07/25,649,649,622,622,10900,622,1
2017/07/26,612,620,612,620,2100,620,1
2017/07/27,620,620,615,620,600,620,1
2017/07/28,649,650,639,639,1700,639,1
2017/07/31,640,645,626,645,1900,645,1
2017/08/01,650,745,650,745,24400,745,1
2017/08/02,895,895,895,895,19500,895,1
2017/08/03,1045,1045,1045,1045,3200,1045,1
2017/08/04,1345,1345,1345,1345,25200,1345,1
2017/08/07,1800,1887,1355,1480,2034400,1480,1
2017/08/08,1420,1578,1239,1280,892800,1280,1
2017/08/09,1185,1242,1100,1100,301500,1100,1
2017/08/10,1116,1180,1048,1061,217200,1061,1
2017/08/14,1028,1042,992,992,106800,992,1
2017/08/15,1019,1028,972,979,58200,979,1
2017/08/16,980,1026,980,992,50700,992,1
2017/08/17,1005,1060,988,988,65500,988,1
2017/08/18,988,1074,951,1056,149700,1056,1
2017/08/21,1086,1169,1017,1029,110900,1029,1
2017/08/22,1017,1017,986,992,29400,992,1
2017/08/23,1018,1038,1004,1012,14400,1012,1
2017/08/24,1056,1078,1015,1063,39200,1063,1
2017/08/25,1033,1075,1031,1040,38200,1040,1
2017/08/28,1071,1118,1065,1118,57700,1118,1
2017/08/29,1088,1103,1051,1079,48000,1079,1
2017/08/30,1094,1168,1075,1160,100300,1160,1
2017/08/31,1178,1185,1129,1154,42000,1154,1
2017/09/01,1155,1200,1155,1161,44500,1161,1
2017/09/04,1169,1200,1108,1183,89300,1183,1
2017/09/05,1181,1182,1006,1034,95600,1034,1
2017/09/06,992,1096,962,1082,70900,1082,1
2017/09/07,1080,1088,1016,1016,54900,1016,1
2017/09/08,1008,1010,974,989,33400,989,1
2017/09/11,1001,1027,985,1025,22600,1025,1
2017/09/12,1056,1057,1005,1025,17700,1025,1
2017/09/13,1021,1032,996,1032,21700,1032,1
2017/09/14,1004,1012,991,997,13600,997,1
2017/09/15,997,1009,985,1009,7900,1009,1
2017/09/19,1055,1058,1009,1030,25700,1030,1
2017/09/20,1021,1035,1006,1020,7300,1020,1
2017/09/21,1015,1070,1007,1050,37800,1050,1
2017/09/22,1040,1040,980,989,30000,989,1
2017/09/25,1000,1000,983,1000,17900,1000,1
2017/09/26,1002,1002,981,986,11400,986,1
2017/09/27,1001,1001,983,999,7300,999,1
2017/09/28,1005,1005,985,987,8600,987,1
2017/09/29,998,998,985,987,4500,987,1
2017/10/02,987,994,960,982,14200,982,1
2017/10/03,988,992,979,988,5700,988,1
2017/10/04,982,991,927,953,22700,953,1
2017/10/05,957,965,940,956,6900,956,1
2017/10/06,955,955,930,938,5300,938,1
2017/10/10,943,959,934,959,5600,959,1
2017/10/11,963,963,940,958,9700,958,1
2017/10/12,943,950,937,937,8000,937,1
2017/10/13,936,949,920,926,9400,926,1
2017/10/16,926,926,912,915,6600,915,1
2017/10/17,924,924,900,905,5400,905,1
2017/10/18,905,906,890,890,7200,890,1
2017/10/19,890,901,877,901,1700,901,1
2017/10/20,901,920,897,897,1600,897,1
2017/10/23,913,913,900,900,2200,900,1
2017/10/24,889,903,886,899,5500,899,1
2017/10/25,914,914,900,900,3500,900,1
2017/10/26,900,905,883,888,3200,888,1
2017/10/27,905,911,900,902,7000,902,1
2017/10/30,893,908,892,895,1800,895,1
2017/10/31,892,900,891,900,3300,900,1
2017/11/01,900,908,900,900,4800,900,1
2017/11/02,901,906,896,896,1700,896,1
2017/11/06,902,917,902,913,7900,913,1
2017/11/07,928,929,909,923,7500,923,1
2017/11/08,925,930,901,914,10700,914,1
2017/11/09,914,924,890,909,15600,909,1
2017/11/10,882,898,861,865,18600,865,1
2017/11/13,865,875,822,851,13000,851,1
2017/11/14,875,880,851,865,3800,865,1
2017/11/15,859,865,815,815,8400,815,1
2017/11/16,813,850,802,850,6000,850,1
2017/11/17,849,849,820,829,5200,829,1
2017/11/20,844,844,832,832,1200,832,1
2017/11/21,841,843,835,841,1800,841,1
2017/11/22,841,844,830,844,1800,844,1
2017/11/24,859,860,847,858,3000,858,1
2017/11/27,884,889,861,861,7700,861,1
2017/11/28,873,873,838,855,3400,855,1
2017/11/29,856,857,843,846,2100,846,1
2017/11/30,846,850,840,850,1100,850,1
2017/12/01,850,850,800,835,14400,835,1
2017/12/04,836,842,826,826,3200,826,1
2017/12/05,830,830,816,817,3400,817,1
2017/12/06,818,818,802,802,10500,802,1
2017/12/07,813,814,805,810,6400,810,1
2017/12/08,816,817,806,806,4500,806,1
2017/12/11,810,815,806,815,3800,815,1
2017/12/12,807,808,788,788,17000,788,1
2017/12/13,788,794,770,773,10400,773,1
2017/12/14,786,790,775,785,6600,785,1
2017/12/15,788,792,771,777,5100,777,1
2017/12/18,783,794,775,792,2900,792,1
2017/12/19,790,813,784,811,7000,811,1
2017/12/20,817,817,797,797,2800,797,1
2017/12/21,797,810,790,809,7900,809,1
2017/12/22,806,819,795,795,5700,795,1
2017/12/25,795,798,783,785,9800,785,1
2017/12/26,790,811,790,799,24200,799,1
2017/12/27,800,844,800,839,16800,839,1
2017/12/28,860,860,834,838,8400,838,1
2017/12/29,834,840,834,838,3600,838,1
2018/01/04,853,870,839,859,3800,859,1
2018/01/05,857,868,857,866,4300,866,1
2018/01/09,881,888,872,880,11000,880,1
2018/01/10,884,896,881,893,5500,893,1
2018/01/11,892,904,884,904,10200,904,1
2018/01/12,919,919,907,915,8000,915,1
2018/01/15,923,925,913,916,6800,916,1
2018/01/16,916,916,884,895,10300,895,1
2018/01/17,896,896,853,854,12300,854,1
2018/01/18,869,885,853,853,6600,853,1
2018/01/19,850,859,850,851,3200,851,1
2018/01/22,851,855,839,855,4400,855,1
2018/01/23,856,880,856,880,5000,880,1
2018/01/24,875,882,873,882,2200,882,1
2018/01/25,887,903,883,899,6400,899,1
2018/01/26,903,920,903,906,10400,906,1
2018/01/29,909,929,909,917,7100,917,1
2018/01/30,915,916,872,872,15800,872,1
2018/01/31,872,872,863,871,2800,871,1
2018/02/01,871,883,860,870,5100,870,1
2018/02/02,879,881,863,870,3100,870,1
2018/02/05,850,859,823,831,8300,831,1
2018/02/06,800,800,711,751,23200,751,1
2018/02/07,761,799,751,751,15300,751,1
2018/02/08,750,765,745,758,6200,758,1
2018/02/09,722,741,719,740,9200,740,1
2018/02/13,763,809,762,762,20400,762,1
2018/02/14,760,760,718,740,11300,740,1
2018/02/15,785,785,751,770,4900,770,1
2018/02/16,770,779,750,772,2900,772,1
2018/02/19,784,788,762,788,1600,788,1
2018/02/20,789,803,781,802,4400,802,1
2018/02/21,802,809,785,786,5300,786,1
2018/02/22,786,796,783,784,2400,784,1
2018/02/23,785,805,785,805,3400,805,1
2018/02/26,820,955,805,955,54500,955,1
2018/02/27,968,978,902,902,99500,902,1
2018/02/28,899,899,882,882,11900,882,1
2018/03/01,872,887,865,876,11000,876,1
2018/03/02,855,875,855,861,5300,861,1
2018/03/05,863,877,852,860,6700,860,1
2018/03/06,884,884,860,870,600,870,1
2018/03/07,870,875,866,870,1800,870,1
2018/03/08,880,888,880,886,800,886,1
2018/03/09,888,888,881,888,1700,888,1
2018/03/12,888,888,868,872,2400,872,1
2018/03/13,881,881,864,881,3600,881,1
2018/03/14,866,867,856,860,6200,860,1
2018/03/15,869,870,861,870,1300,870,1
2018/03/16,870,872,868,872,500,872,1
2018/03/19,868,884,852,852,7000,852,1
2018/03/20,877,877,857,865,2000,865,1
2018/03/22,875,895,870,895,7900,895,1
2018/03/23,880,890,861,862,8200,862,1
2018/03/26,855,866,851,852,4500,852,1
2018/03/27,849,873,842,873,2000,873,1
2018/03/28,843,845,843,845,1400,845,1
2018/03/29,846,861,846,851,700,851,1
2018/03/30,851,868,840,867,2000,867,1
2018/04/02,841,855,835,835,4900,835,1
2018/04/03,839,841,810,810,3900,810,1
2018/04/04,800,817,800,802,2200,802,1
2018/04/05,818,827,815,815,400,815,1
2018/04/06,807,819,800,818,2000,818,1
2018/04/09,818,825,813,825,1300,825,1
2018/04/10,830,837,829,829,900,829,1
2018/04/11,833,845,833,845,1100,845,1
2018/04/12,859,859,858,858,2300,858,1
2018/04/13,855,855,835,844,1100,844,1
2018/04/16,823,842,820,820,1800,820,1
2018/04/17,820,853,787,847,3700,847,1
2018/04/18,817,826,817,820,5200,820,1
2018/04/19,835,835,825,825,600,825,1
2018/04/20,827,835,818,818,2400,818,1
2018/04/23,818,832,818,832,700,832,1
2018/04/24,832,836,832,836,600,836,1
2018/04/25,826,845,826,831,2000,831,1
2018/04/26,837,837,837,837,200,837,1
2018/04/27,844,845,840,842,700,842,1
2018/05/01,854,854,853,853,500,853,1
2018/05/02,855,855,840,840,2600,840,1
2018/05/07,840,865,839,865,5700,865,1
2018/05/08,857,857,848,853,900,853,1
2018/05/09,853,865,853,865,1200,865,1
2018/05/10,850,867,850,864,1400,864,1
2018/05/11,862,868,860,860,1100,860,1
2018/05/14,867,920,830,830,26800,830,1
2018/05/15,800,830,800,827,16300,827,1
2018/05/16,825,825,790,792,10100,792,1
2018/05/17,795,799,795,799,1200,799,1
2018/05/18,799,800,798,798,2100,798,1
2018/05/21,797,805,797,799,1400,799,1
2018/05/22,799,803,790,790,4300,790,1
2018/05/23,787,787,786,786,900,786,1
2018/05/24,771,771,763,763,7300,763,1
2018/05/25,785,785,770,770,1600,770,1
2018/05/28,774,775,764,764,1200,764,1
2018/05/29,749,756,739,749,3300,749,1
2018/05/30,746,757,739,754,1000,754,1
2018/05/31,742,742,742,742,100,742,1
2018/06/01,746,749,737,741,4800,741,1
2018/06/04,740,743,740,743,1500,743,1
2018/06/05,743,748,739,748,1400,748,1
2018/06/06,771,771,747,747,2800,747,1
2018/06/07,751,774,751,774,2100,774,1
2018/06/08,774,777,770,777,1600,777,1
2018/06/11,785,789,776,789,1200,789,1
2018/06/12,789,790,789,790,3700,790,1
2018/06/13,790,790,790,790,100,790,1
2018/06/14,790,790,790,790,500,790,1
2018/06/15,782,782,782,782,100,782,1
2018/06/18,774,780,770,779,2000,779,1
2018/06/19,779,779,777,777,3800,777,1
2018/06/21,775,775,775,775,1300,775,1
2018/06/22,787,787,772,780,500,780,1
2018/06/25,804,804,784,784,2000,784,1
2018/06/26,777,783,777,783,200,783,1
2018/06/27,800,805,799,802,1900,802,1
2018/06/29,802,804,800,803,600,803,1
2018/07/02,803,809,791,791,2500,791,1
2018/07/03,806,806,788,790,2100,790,1
2018/07/04,808,808,786,794,1400,794,1
2018/07/05,805,805,797,800,3700,800,1
2018/07/06,806,826,802,826,6600,826,1
2018/07/09,825,825,820,822,2900,822,1
2018/07/10,826,837,824,827,5700,827,1
2018/07/11,835,864,831,864,30300,864,1
2018/07/12,870,870,860,870,16300,870,1
2018/07/13,880,880,859,859,6700,859,1
2018/07/17,852,867,852,867,500,867,1
2018/07/18,879,879,879,879,100,879,1
2018/07/19,879,879,865,865,2200,865,1
2018/07/20,855,855,835,835,900,835,1
2018/07/23,861,861,815,832,4700,832,1
2018/07/24,821,868,820,861,1800,861,1
2018/07/25,861,861,853,861,4000,861,1
2018/07/26,846,846,822,833,2100,833,1
2018/07/27,834,851,834,850,1900,850,1
2018/07/30,822,837,822,837,1200,837,1
2018/07/31,837,850,822,822,2500,822,1
2018/08/01,822,828,822,822,700,822,1
2018/08/02,820,820,810,810,1500,810,1
2018/08/03,810,825,810,825,700,825,1
2018/08/06,810,825,810,825,400,825,1
2018/08/07,825,825,800,800,3700,800,1
2018/08/08,800,817,790,800,3600,800,1
2018/08/09,804,813,801,804,2300,804,1
2018/08/10,806,820,799,802,3300,802,1
2018/08/13,787,799,766,790,6900,790,1
2018/08/14,775,797,768,776,2400,776,1
