2007/01/09,124,124,124,124,2000,124,1
2007/01/10,121,121,121,121,2000,121,1
2007/01/11,122,122,122,122,1000,122,1
2007/01/17,123,123,122,122,2000,122,1
2007/01/19,137,142,127,142,6000,142,1
2007/01/22,135,142,135,140,17000,140,1
2007/01/26,140,140,133,133,3000,133,1
2007/01/29,140,140,140,140,1000,140,1
2007/01/30,145,157,145,152,16000,152,1
2007/02/01,137,137,128,133,4000,133,1
2007/02/05,128,128,120,122,16000,122,1
2007/02/06,125,125,125,125,1000,125,1
2007/02/07,128,130,128,130,4000,130,1
2007/02/08,130,130,122,122,4000,122,1
2007/02/09,123,127,121,121,8000,121,1
2007/02/13,120,120,120,120,2000,120,1
2007/02/14,124,124,124,124,1000,124,1
2007/02/15,119,122,119,122,3000,122,1
2007/02/16,124,124,119,119,3000,119,1
2007/02/19,118,118,118,118,1000,118,1
2007/02/21,119,119,119,119,3000,119,1
2007/02/22,118,118,118,118,2000,118,1
2007/02/23,120,124,117,123,7000,123,1
2007/02/26,128,128,123,126,7000,126,1
2007/02/27,131,176,131,176,138000,176,1
2007/02/28,176,185,149,160,109000,160,1
2007/03/01,180,181,165,165,17000,165,1
2007/03/02,165,165,143,161,25000,161,1
2007/03/05,146,150,136,136,24000,136,1
2007/03/06,136,140,135,137,22000,137,1
2007/03/07,135,144,135,142,12000,142,1
2007/03/08,140,145,140,144,10000,144,1
2007/03/09,144,155,144,144,15000,144,1
2007/03/12,144,144,139,139,2000,139,1
2007/03/13,137,137,137,137,3000,137,1
2007/03/14,132,132,127,127,8000,127,1
2007/03/15,132,137,132,137,3000,137,1
2007/03/16,137,140,133,133,8000,133,1
2007/03/19,142,142,137,139,6000,139,1
2007/03/20,134,134,134,134,1000,134,1
2007/03/22,134,136,134,136,3000,136,1
2007/03/23,138,138,138,138,1000,138,1
2007/03/28,136,136,128,129,5000,129,1
2007/03/29,125,125,124,124,3000,124,1
2007/03/30,134,134,132,132,2000,132,1
2007/04/03,127,127,124,124,3000,124,1
2007/04/04,124,124,124,124,6000,124,1
2007/04/05,134,153,133,139,94000,139,1
2007/04/06,134,135,126,127,35000,127,1
2007/04/09,131,131,129,129,2000,129,1
2007/04/10,127,127,124,124,13000,124,1
2007/04/11,126,126,126,126,2000,126,1
2007/04/12,126,126,126,126,2000,126,1
2007/04/16,123,123,113,115,7000,115,1
2007/04/17,120,126,117,120,15000,120,1
2007/04/18,120,120,120,120,1000,120,1
2007/04/19,116,116,115,115,6000,115,1
2007/04/20,115,115,115,115,1000,115,1
2007/04/23,115,115,115,115,6000,115,1
2007/04/24,115,119,115,119,2000,119,1
2007/04/26,113,113,113,113,1000,113,1
2007/04/27,110,111,110,111,9000,111,1
2007/05/02,111,111,110,110,4000,110,1
2007/05/07,113,117,113,116,12000,116,1
2007/05/08,116,116,116,116,1000,116,1
2007/05/10,116,116,114,114,3000,114,1
2007/05/14,109,109,109,109,2000,109,1
2007/05/15,102,103,102,102,4000,102,1
2007/05/16,105,110,105,110,2000,110,1
2007/05/17,107,107,107,107,2000,107,1
2007/05/18,105,105,105,105,2000,105,1
2007/05/22,103,104,102,102,6000,102,1
2007/05/23,106,106,103,103,3000,103,1
2007/05/24,104,104,104,104,1000,104,1
2007/05/25,103,103,103,103,2000,103,1
2007/05/28,103,107,103,107,10000,107,1
2007/05/29,105,107,105,107,6000,107,1
2007/05/30,107,107,107,107,2000,107,1
2007/06/01,107,107,107,107,1000,107,1
2007/06/04,105,105,105,105,1000,105,1
2007/06/05,105,105,105,105,1000,105,1
2007/06/06,113,155,113,155,722000,155,1
2007/06/07,200,205,180,205,718000,205,1
2007/06/08,245,274,213,220,1084000,220,1
2007/06/11,180,190,165,169,521000,169,1
2007/06/12,164,166,158,164,185000,164,1
2007/06/13,156,177,156,167,178000,167,1
2007/06/14,157,167,150,159,140000,159,1
2007/06/15,158,160,150,151,122000,151,1
2007/06/18,156,201,155,201,942000,201,1
2007/06/19,181,185,164,173,757000,173,1
2007/06/20,172,222,165,195,2033000,195,1
2007/06/21,196,245,182,241,2331000,241,1
2007/06/22,239,288,236,253,2127000,253,1
2007/06/25,263,298,258,260,875000,260,1
2007/06/26,280,295,257,257,657000,257,1
2007/06/27,237,257,222,226,259000,226,1
2007/06/28,231,247,218,224,140000,224,1
2007/06/29,221,226,208,218,115000,218,1
2007/07/02,223,240,218,226,191000,226,1
2007/07/03,227,230,212,216,91000,216,1
2007/07/04,216,220,202,212,94000,212,1
2007/07/05,211,223,203,222,117000,222,1
2007/07/06,220,220,207,214,50000,214,1
2007/07/09,210,213,205,211,45000,211,1
2007/07/10,211,214,203,206,63000,206,1
2007/07/11,200,204,183,196,87000,196,1
2007/07/12,209,209,186,190,43000,190,1
2007/07/13,190,190,176,183,54000,183,1
2007/07/17,179,181,170,176,62000,176,1
2007/07/18,168,168,164,165,35000,165,1
2007/07/19,166,215,160,215,900000,215,1
2007/07/20,200,240,183,194,602000,194,1
2007/07/23,209,209,182,182,102000,182,1
2007/07/24,183,199,179,184,92000,184,1
2007/07/25,186,187,175,176,50000,176,1
2007/07/26,172,173,170,171,48000,171,1
2007/07/27,163,193,163,171,130000,171,1
2007/07/30,172,177,167,171,38000,171,1
2007/07/31,173,178,170,170,20000,170,1
2007/08/01,168,169,166,166,14000,166,1
2007/08/02,165,170,161,165,33000,165,1
2007/08/03,168,169,164,164,20000,164,1
2007/08/06,164,214,163,214,1237000,214,1
2007/08/07,229,234,187,194,884000,194,1
2007/08/08,190,193,170,184,131000,184,1
2007/08/09,174,183,168,176,85000,176,1
2007/08/10,172,189,168,172,69000,172,1
2007/08/13,171,182,168,172,41000,172,1
2007/08/14,170,176,170,176,4000,176,1
2007/08/15,173,173,169,170,27000,170,1
2007/08/16,168,190,168,173,189000,173,1
2007/08/17,175,175,167,168,72000,168,1
2007/08/20,172,185,172,174,52000,174,1
2007/08/21,172,176,170,171,17000,171,1
2007/08/22,175,175,172,173,6000,173,1
2007/08/23,175,175,167,170,52000,170,1
2007/08/24,174,176,171,171,25000,171,1
2007/08/27,178,215,176,199,791000,199,1
2007/08/28,189,189,177,180,190000,180,1
2007/08/29,175,176,172,176,59000,176,1
2007/08/30,180,182,172,172,46000,172,1
2007/08/31,176,176,170,173,27000,173,1
2007/09/03,173,173,171,171,17000,171,1
2007/09/04,171,182,171,173,36000,173,1
2007/09/05,172,180,172,173,52000,173,1
2007/09/06,173,175,171,171,27000,171,1
2007/09/07,170,176,170,171,20000,171,1
2007/09/10,172,172,157,168,48000,168,1
2007/09/11,163,166,163,165,8000,165,1
2007/09/12,161,168,160,160,24000,160,1
2007/09/13,155,158,145,147,57000,147,1
2007/09/14,146,147,135,136,34000,136,1
2007/09/18,151,151,139,141,21000,141,1
2007/09/19,136,141,134,136,26000,136,1
2007/09/20,137,137,131,134,16000,134,1
2007/09/21,129,131,126,128,26000,128,1
2007/09/25,133,136,128,128,7000,128,1
2007/09/26,127,132,127,132,12000,132,1
2007/09/27,137,142,137,142,20000,142,1
2007/09/28,149,154,141,143,21000,143,1
2007/10/01,140,140,136,136,7000,136,1
2007/10/02,136,145,136,144,11000,144,1
2007/10/03,145,146,139,145,15000,145,1
2007/10/04,145,151,143,146,24000,146,1
2007/10/05,142,154,142,154,11000,154,1
2007/10/09,159,159,150,151,9000,151,1
2007/10/10,155,159,148,151,40000,151,1
2007/10/11,150,150,146,150,19000,150,1
2007/10/12,150,151,145,151,23000,151,1
2007/10/15,151,151,145,145,10000,145,1
2007/10/16,145,145,139,139,10000,139,1
2007/10/17,141,141,139,139,8000,139,1
2007/10/18,141,141,137,138,5000,138,1
2007/10/19,145,145,142,142,7000,142,1
2007/10/22,130,148,130,148,17000,148,1
2007/10/23,148,148,141,141,11000,141,1
2007/10/24,137,141,137,141,4000,141,1
2007/10/25,139,140,139,139,7000,139,1
2007/10/26,140,140,139,139,4000,139,1
2007/10/29,143,144,140,141,7000,141,1
2007/10/30,144,144,139,139,5000,139,1
2007/10/31,140,155,140,150,42000,150,1
2007/11/01,144,144,137,140,13000,140,1
2007/11/02,138,139,138,139,2000,139,1
2007/11/05,141,144,140,144,11000,144,1
2007/11/06,141,141,137,137,5000,137,1
2007/11/07,140,140,136,136,6000,136,1
2007/11/08,131,133,128,128,14000,128,1
2007/11/09,131,135,130,130,3000,130,1
2007/11/12,129,129,113,120,11000,120,1
2007/11/13,111,122,111,122,9000,122,1
2007/11/14,125,128,125,128,7000,128,1
2007/11/15,128,130,128,130,3000,130,1
2007/11/16,125,128,119,119,23000,119,1
2007/11/19,128,128,125,125,9000,125,1
2007/11/20,117,130,114,130,9000,130,1
2007/11/21,130,130,130,130,3000,130,1
2007/11/22,122,122,122,122,4000,122,1
2007/11/26,127,129,123,129,5000,129,1
2007/11/27,124,124,117,121,7000,121,1
2007/11/28,125,125,121,121,2000,121,1
2007/11/29,125,126,120,126,4000,126,1
2007/11/30,127,127,127,127,1000,127,1
2007/12/03,120,124,119,120,13000,120,1
2007/12/04,121,121,119,119,3000,119,1
2007/12/06,119,119,118,118,3000,118,1
2007/12/07,120,120,118,118,3000,118,1
2007/12/10,117,117,113,114,13000,114,1
2007/12/11,119,130,116,121,25000,121,1
2007/12/12,126,126,122,122,3000,122,1
2007/12/13,128,128,122,128,6000,128,1
2007/12/18,126,126,126,126,3000,126,1
2007/12/20,115,115,112,112,2000,112,1
2007/12/21,117,117,117,117,3000,117,1
2007/12/25,113,114,113,114,3000,114,1
2007/12/27,117,117,113,113,3000,113,1
2007/12/28,114,119,114,119,2000,119,1
2008/01/04,118,118,118,118,4000,118,1
2008/01/07,108,119,108,119,9000,119,1
2008/01/08,124,124,124,124,1000,124,1
2008/01/09,115,115,112,115,5000,115,1
2008/01/11,110,110,109,110,3000,110,1
2008/01/15,109,109,109,109,1000,109,1
2008/01/16,93,96,92,95,19000,95,1
2008/01/17,96,100,95,100,8000,100,1
2008/01/18,95,100,95,99,6000,99,1
2008/01/21,99,100,98,98,8000,98,1
2008/01/22,97,100,96,100,7000,100,1
2008/01/23,100,100,95,96,8000,96,1
2008/01/25,105,105,102,102,2000,102,1
2008/01/28,100,100,99,100,4000,100,1
2008/01/29,101,101,101,101,3000,101,1
2008/01/30,101,101,96,96,14000,96,1
2008/01/31,97,97,96,97,4000,97,1
2008/02/01,100,100,100,100,1000,100,1
2008/02/04,100,100,100,100,1000,100,1
2008/02/05,98,98,98,98,2000,98,1
2008/02/07,97,98,97,98,3000,98,1
2008/02/08,99,99,99,99,1000,99,1
2008/02/13,98,98,98,98,1000,98,1
2008/02/14,93,93,93,93,1000,93,1
2008/02/15,98,98,98,98,2000,98,1
2008/02/18,98,100,98,100,11000,100,1
2008/02/19,95,102,95,102,4000,102,1
2008/02/20,100,102,95,95,7000,95,1
2008/02/21,100,100,100,100,1000,100,1
2008/02/22,105,110,105,110,6000,110,1
2008/02/25,115,125,110,110,28000,110,1
2008/02/26,114,114,103,103,5000,103,1
2008/02/27,108,108,102,105,9000,105,1
2008/02/28,100,103,100,103,7000,103,1
2008/02/29,99,100,99,100,7000,100,1
2008/03/03,99,99,99,99,2000,99,1
2008/03/04,98,98,94,95,4000,95,1
2008/03/06,95,95,93,93,3000,93,1
2008/03/11,98,98,98,98,1000,98,1
2008/03/14,90,90,88,88,2000,88,1
2008/03/17,78,81,76,81,3000,81,1
2008/03/19,88,88,81,81,4000,81,1
2008/03/21,74,81,74,81,16000,81,1
2008/03/24,82,82,82,82,1000,82,1
2008/03/25,84,84,83,84,5000,84,1
2008/03/26,90,95,90,95,6000,95,1
2008/03/28,94,94,93,93,2000,93,1
2008/03/31,94,94,85,85,2000,85,1
2008/04/01,94,94,94,94,1000,94,1
2008/04/03,95,98,90,90,13000,90,1
2008/04/07,83,83,83,83,1000,83,1
2008/04/09,82,82,81,81,10000,81,1
2008/04/10,80,80,80,80,1000,80,1
2008/04/11,83,83,83,83,1000,83,1
2008/04/14,85,90,85,90,2000,90,1
2008/04/15,95,95,95,95,1000,95,1
2008/04/16,93,93,93,93,1000,93,1
2008/04/17,93,93,93,93,1000,93,1
2008/04/18,80,80,80,80,8000,80,1
2008/04/21,86,93,80,88,35000,88,1
2008/04/22,83,84,83,84,4000,84,1
2008/04/23,83,85,83,85,12000,85,1
2008/04/24,83,83,83,83,1000,83,1
2008/04/25,86,88,86,88,7000,88,1
2008/04/28,87,89,87,89,2000,89,1
2008/04/30,90,90,87,90,6000,90,1
2008/05/01,92,93,92,93,3000,93,1
2008/05/02,92,92,92,92,3000,92,1
2008/05/07,92,92,92,92,2000,92,1
2008/05/08,91,92,91,91,5000,91,1
2008/05/09,88,91,88,91,2000,91,1
2008/05/12,91,93,88,93,7000,93,1
2008/05/13,95,100,95,100,2000,100,1
2008/05/14,92,92,92,92,2000,92,1
2008/05/15,92,98,92,98,6000,98,1
2008/05/16,98,98,96,96,5000,96,1
2008/05/19,96,96,96,96,3000,96,1
2008/05/20,95,95,95,95,1000,95,1
2008/05/23,95,95,95,95,1000,95,1
2008/05/26,90,90,90,90,4000,90,1
2008/05/27,90,90,90,90,3000,90,1
2008/05/29,89,89,85,86,5000,86,1
2008/06/02,91,94,86,94,3000,94,1
2008/06/03,93,93,93,93,1000,93,1
2008/06/04,90,90,90,90,2000,90,1
2008/06/05,93,93,93,93,1000,93,1
2008/06/06,92,93,92,93,4000,93,1
2008/06/09,87,87,87,87,1000,87,1
2008/06/10,87,87,82,82,8000,82,1
2008/06/11,83,88,82,88,9000,88,1
2008/06/12,83,83,83,83,1000,83,1
2008/06/13,86,86,85,85,2000,85,1
2008/06/16,87,88,87,88,7000,88,1
2008/06/17,87,87,87,87,1000,87,1
2008/06/18,85,85,85,85,1000,85,1
2008/06/20,82,83,82,83,2000,83,1
2008/06/23,88,88,88,88,1000,88,1
2008/06/24,88,88,88,88,2000,88,1
2008/06/25,92,92,92,92,1000,92,1
2008/06/26,86,88,86,86,5000,86,1
2008/06/27,81,81,81,81,2000,81,1
2008/06/30,76,86,76,86,2000,86,1
2008/07/04,80,80,80,80,2000,80,1
2008/07/07,75,80,75,80,5000,80,1
2008/07/08,80,80,80,80,1000,80,1
2008/07/09,75,78,75,78,5000,78,1
2008/07/10,78,78,78,78,1000,78,1
2008/07/11,77,77,77,77,3000,77,1
2008/07/16,75,75,75,75,1000,75,1
2008/07/17,75,75,75,75,1000,75,1
2008/07/24,82,82,82,82,1000,82,1
2008/07/29,74,74,74,74,6000,74,1
2008/07/30,80,80,80,80,5000,80,1
2008/07/31,83,83,83,83,7000,83,1
2008/08/01,83,83,83,83,1000,83,1
2008/08/04,83,83,83,83,2000,83,1
2008/08/06,88,88,88,88,1000,88,1
2008/08/12,75,75,73,73,6000,73,1
2008/08/13,78,78,78,78,3000,78,1
2008/08/14,73,78,73,78,3000,78,1
2008/08/15,78,78,73,73,3000,73,1
2008/08/18,73,73,73,73,9000,73,1
2008/08/19,73,73,73,73,1000,73,1
2008/08/20,75,75,74,74,3000,74,1
2008/08/21,75,75,75,75,4000,75,1
2008/08/28,76,76,76,76,1000,76,1
2008/09/01,75,75,75,75,7000,75,1
2008/09/02,76,76,76,76,2000,76,1
2008/09/05,68,68,58,58,3000,58,1
2008/09/08,48,50,48,50,4000,50,1
2008/09/09,70,83,60,78,17000,78,1
2008/09/10,71,71,70,70,4000,70,1
2008/09/11,65,70,65,70,7000,70,1
2008/09/12,61,61,61,61,3000,61,1
2008/09/16,62,62,62,62,3000,62,1
2008/09/17,68,70,68,70,4000,70,1
2008/09/19,70,75,70,75,3000,75,1
2008/09/22,61,61,61,61,1000,61,1
2008/09/24,62,63,62,63,3000,63,1
2008/09/29,63,63,62,62,3000,62,1
2008/09/30,61,61,61,61,3000,61,1
2008/10/01,56,56,56,56,2000,56,1
2008/10/02,65,65,55,56,5000,56,1
2008/10/03,52,52,52,52,2000,52,1
2008/10/06,45,45,44,45,17000,45,1
2008/10/07,40,41,40,41,2000,41,1
2008/10/08,41,46,41,42,4000,42,1
2008/10/09,41,42,41,42,3000,42,1
2008/10/10,39,46,38,46,7000,46,1
2008/10/14,59,59,59,59,2000,59,1
2008/10/16,43,43,43,43,2000,43,1
2008/10/17,55,55,53,55,10000,55,1
2008/10/20,56,56,56,56,1000,56,1
2008/10/21,45,52,45,50,13000,50,1
2008/10/22,49,49,49,49,2000,49,1
2008/10/23,50,50,50,50,1000,50,1
2008/10/28,39,40,39,40,2000,40,1
2008/10/29,47,47,47,47,1000,47,1
2008/10/30,50,50,50,50,1000,50,1
2008/11/04,50,53,50,53,5000,53,1
2008/11/05,55,55,55,55,1000,55,1
2008/11/06,57,57,57,57,1000,57,1
2008/11/07,50,50,50,50,3000,50,1
2008/11/12,51,51,51,51,1000,51,1
2008/11/13,51,51,51,51,2000,51,1
2008/11/19,48,48,48,48,2000,48,1
2008/11/20,48,50,48,50,7000,50,1
2008/11/21,46,50,46,50,18000,50,1
2008/11/27,46,46,46,46,1000,46,1
2008/12/01,46,46,46,46,1000,46,1
2008/12/02,46,46,39,41,15000,41,1
2008/12/03,42,42,42,42,1000,42,1
2008/12/04,41,41,41,41,1000,41,1
2008/12/08,42,45,42,45,3000,45,1
2008/12/09,46,46,46,46,2000,46,1
2008/12/10,41,43,41,43,3000,43,1
2008/12/15,44,44,44,44,2000,44,1
2008/12/16,39,40,39,40,3000,40,1
2008/12/17,41,41,40,40,3000,40,1
2008/12/22,35,36,35,36,7000,36,1
2008/12/24,37,37,37,37,3000,37,1
2008/12/26,41,41,41,41,1000,41,1
2009/01/05,41,42,41,42,3000,42,1
2009/01/06,43,51,43,51,12000,51,1
2009/01/07,45,45,44,44,2000,44,1
2009/01/08,46,49,46,49,5000,49,1
2009/01/09,48,50,46,46,6000,46,1
2009/01/14,50,50,50,50,2000,50,1
2009/01/15,45,51,45,51,2000,51,1
2009/01/16,51,55,51,55,13000,55,1
2009/01/19,55,55,55,55,10000,55,1
2009/01/30,55,55,55,55,1000,55,1
2009/02/03,55,55,55,55,1000,55,1
2009/02/04,55,55,55,55,5000,55,1
2009/02/06,55,55,55,55,3000,55,1
2009/02/09,45,55,45,55,3000,55,1
2009/02/13,44,53,44,53,6000,53,1
2009/02/16,45,55,45,55,4000,55,1
2009/02/19,50,50,50,50,3000,50,1
2009/02/23,40,50,40,50,14000,50,1
2009/02/24,43,45,43,45,8000,45,1
2009/02/27,40,41,39,40,8000,40,1
2009/03/04,40,40,40,40,1000,40,1
2009/03/09,40,40,40,40,10000,40,1
2009/03/10,40,40,40,40,1000,40,1
2009/03/16,45,45,45,45,1000,45,1
2009/03/18,42,42,40,40,4000,40,1
2009/03/25,38,39,36,36,14000,36,1
2009/03/26,37,37,37,37,2000,37,1
2009/03/27,38,38,37,37,4000,37,1
2009/03/30,40,45,40,45,10000,45,1
2009/04/02,40,41,40,41,2000,41,1
2009/04/03,40,40,40,40,2000,40,1
2009/04/06,41,41,39,39,12000,39,1
2009/04/07,42,42,42,42,1000,42,1
2009/04/09,43,45,43,45,4000,45,1
2009/04/10,41,43,41,43,4000,43,1
2009/04/13,45,49,45,49,3000,49,1
2009/04/14,47,47,47,47,10000,47,1
2009/04/16,47,49,47,49,20000,49,1
2009/04/17,44,44,44,44,1000,44,1
2009/04/20,49,53,49,50,27000,50,1
2009/04/21,55,56,55,56,13000,56,1
2009/04/22,48,51,48,51,15000,51,1
2009/04/23,56,64,45,55,49000,55,1
2009/04/24,53,53,50,51,19000,51,1
2009/04/27,52,52,50,52,6000,52,1
2009/04/30,47,50,47,48,3000,48,1
2009/05/08,54,54,50,50,2000,50,1
2009/05/11,50,50,50,50,6000,50,1
2009/05/14,48,52,47,47,3000,47,1
2009/05/15,47,47,47,47,1000,47,1
2009/05/18,45,45,45,45,2000,45,1
2009/05/19,46,46,46,46,4000,46,1
2009/05/20,45,45,44,44,3000,44,1
2009/05/21,44,53,43,52,14000,52,1
2009/05/22,50,50,45,50,21000,50,1
2009/05/25,52,52,50,50,3000,50,1
2009/05/26,49,50,49,50,2000,50,1
2009/05/27,49,53,49,53,3000,53,1
2009/05/28,50,50,50,50,3000,50,1
2009/05/29,48,50,48,50,10000,50,1
2009/06/01,48,51,48,51,7000,51,1
2009/06/02,53,53,50,53,8000,53,1
2009/06/03,52,53,52,53,3000,53,1
2009/06/04,51,51,51,51,1000,51,1
2009/06/05,51,51,51,51,1000,51,1
2009/06/08,51,53,51,53,3000,53,1
2009/06/09,55,60,55,55,10000,55,1
2009/06/10,55,55,54,54,4000,54,1
2009/06/11,54,55,54,55,4000,55,1
2009/06/12,56,61,56,58,9000,58,1
2009/06/15,57,60,57,60,2000,60,1
2009/06/16,60,60,54,54,12000,54,1
2009/06/17,54,60,54,60,15000,60,1
2009/06/18,59,59,57,58,7000,58,1
2009/06/19,57,57,57,57,2000,57,1
2009/06/22,57,57,55,57,5000,57,1
2009/06/23,53,56,53,56,2000,56,1
2009/06/24,54,57,54,57,2000,57,1
2009/06/25,54,55,54,55,4000,55,1
2009/06/26,56,60,55,60,4000,60,1
2009/06/29,60,60,57,57,7000,57,1
2009/06/30,57,59,56,57,6000,57,1
2009/07/01,58,59,57,59,6000,59,1
2009/07/02,59,89,59,89,256000,89,1
2009/07/03,114,119,101,119,283000,119,1
2009/07/06,114,114,91,99,256000,99,1
2009/07/07,93,96,81,89,190000,89,1
2009/07/08,79,80,73,76,89000,76,1
2009/07/09,75,76,71,72,77000,72,1
2009/07/10,71,74,68,68,58000,68,1
2009/07/13,67,98,67,98,595000,98,1
2009/07/14,86,125,72,91,1181000,91,1
2009/07/15,96,121,89,121,665000,121,1
2009/07/16,120,162,112,152,822000,152,1
2009/07/17,158,184,122,133,871000,133,1
2009/07/21,128,134,120,126,206000,126,1
2009/07/22,120,125,110,123,407000,123,1
2009/07/23,119,121,112,112,230000,112,1
2009/07/24,122,125,112,115,307000,115,1
2009/07/27,120,165,120,159,2281000,159,1
2009/07/28,144,198,137,150,3278000,150,1
2009/07/29,148,172,147,147,683000,147,1
2009/07/30,150,153,138,142,206000,142,1
2009/07/31,145,150,131,136,195000,136,1
2009/08/03,140,148,132,140,208000,140,1
2009/08/04,136,140,135,140,57000,140,1
2009/08/05,132,138,131,136,93000,136,1
2009/08/06,140,156,137,142,437000,142,1
2009/08/07,138,141,135,136,72000,136,1
2009/08/10,135,136,132,133,38000,133,1
2009/08/11,130,134,128,132,37000,132,1
2009/08/12,137,137,128,131,54000,131,1
2009/08/13,132,132,129,130,13000,130,1
2009/08/14,128,129,123,128,35000,128,1
2009/08/17,130,155,130,138,1141000,138,1
2009/08/18,128,132,127,129,213000,129,1
2009/08/19,127,129,121,122,72000,122,1
2009/08/20,121,125,118,123,50000,123,1
2009/08/21,119,122,119,122,37000,122,1
2009/08/24,121,122,118,122,35000,122,1
2009/08/25,122,122,120,121,17000,121,1
2009/08/26,121,121,119,120,22000,120,1
2009/08/27,119,119,115,117,23000,117,1
2009/08/28,116,116,106,112,35000,112,1
2009/08/31,109,109,107,108,22000,108,1
2009/09/01,109,109,104,107,36000,107,1
2009/09/02,106,124,106,112,218000,112,1
2009/09/03,110,110,101,102,83000,102,1
2009/09/04,102,102,97,97,38000,97,1
2009/09/07,98,116,98,101,377000,101,1
2009/09/08,100,100,96,97,48000,97,1
2009/09/09,100,100,97,97,18000,97,1
2009/09/10,97,99,93,96,34000,96,1
2009/09/11,98,98,95,96,18000,96,1
2009/09/14,99,114,96,96,313000,96,1
2009/09/15,97,99,96,97,25000,97,1
2009/09/16,98,99,96,96,10000,96,1
2009/09/17,100,100,95,96,20000,96,1
2009/09/18,96,96,91,92,21000,92,1
2009/09/24,90,90,83,86,28000,86,1
2009/09/25,84,85,77,80,30000,80,1
2009/09/28,83,83,68,80,23000,80,1
2009/09/29,75,80,75,78,7000,78,1
2009/09/30,77,77,77,77,1000,77,1
2009/10/01,75,76,73,73,12000,73,1
2009/10/02,71,71,65,68,29000,68,1
2009/10/05,68,68,66,66,9000,66,1
2009/10/06,68,68,63,66,9000,66,1
2009/10/07,67,77,66,69,41000,69,1
2009/10/08,70,84,69,77,65000,77,1
2009/10/09,80,87,80,87,240000,87,1
2009/10/13,88,89,79,81,67000,81,1
2009/10/14,84,86,78,80,42000,80,1
2009/10/15,80,80,74,76,26000,76,1
2009/10/16,76,76,73,73,17000,73,1
2009/10/19,75,75,75,75,1000,75,1
2009/10/20,73,79,73,79,18000,79,1
2009/10/21,79,79,73,74,22000,74,1
2009/10/22,72,78,70,75,38000,75,1
2009/10/23,75,75,75,75,3000,75,1
2009/10/26,72,72,69,72,24000,72,1
2009/10/27,71,71,67,69,13000,69,1
2009/10/28,71,71,68,69,11000,69,1
2009/10/29,69,70,68,70,6000,70,1
2009/10/30,67,85,67,75,228000,75,1
2009/11/02,73,75,68,71,33000,71,1
2009/11/04,69,70,67,70,30000,70,1
2009/11/05,67,70,67,68,14000,68,1
2009/11/06,69,69,68,68,4000,68,1
2009/11/09,70,70,68,68,13000,68,1
2009/11/10,68,68,68,68,7000,68,1
2009/11/11,68,68,66,66,18000,66,1
2009/11/12,65,66,65,65,8000,65,1
2009/11/13,65,65,62,62,21000,62,1
2009/11/16,60,64,60,64,5000,64,1
2009/11/17,60,60,52,57,24000,57,1
2009/11/19,52,53,50,53,10000,53,1
2009/11/20,48,55,48,55,27000,55,1
2009/11/24,53,53,53,53,1000,53,1
2009/11/27,53,53,50,50,6000,50,1
2009/11/30,50,52,46,48,26000,48,1
2009/12/01,50,52,50,52,14000,52,1
2009/12/02,51,51,50,51,4000,51,1
2009/12/03,53,53,53,53,2000,53,1
2009/12/04,53,54,53,54,11000,54,1
2009/12/07,56,59,56,56,27000,56,1
2009/12/08,58,58,56,56,9000,56,1
2009/12/09,51,53,51,53,32000,53,1
2009/12/10,56,80,56,70,671000,70,1
2009/12/11,72,82,65,65,392000,65,1
2009/12/14,67,71,63,63,60000,63,1
2009/12/15,63,71,63,66,69000,66,1
2009/12/16,67,69,65,66,11000,66,1
2009/12/17,65,68,64,67,34000,67,1
2009/12/18,66,69,65,65,16000,65,1
2009/12/21,67,68,65,65,10000,65,1
2009/12/22,67,67,60,63,22000,63,1
2009/12/24,62,63,60,60,11000,60,1
2009/12/25,59,60,57,60,17000,60,1
2009/12/28,61,61,61,61,3000,61,1
2009/12/29,59,62,59,62,5000,62,1
2009/12/30,60,66,59,63,51000,63,1
2010/01/04,61,63,61,63,5000,63,1
2010/01/05,64,71,64,65,50000,65,1
2010/01/06,66,66,64,65,17000,65,1
2010/01/07,64,64,62,63,7000,63,1
2010/01/08,62,66,61,66,25000,66,1
2010/01/12,63,69,63,69,18000,69,1
2010/01/13,67,72,66,70,53000,70,1
2010/01/14,70,77,67,77,182000,77,1
2010/01/15,80,81,73,74,149000,74,1
2010/01/18,70,75,69,74,43000,74,1
2010/01/19,73,74,72,74,8000,74,1
2010/01/20,72,72,72,72,1000,72,1
2010/01/21,70,74,68,74,36000,74,1
2010/01/22,72,72,71,71,4000,71,1
2010/01/25,69,73,67,70,30000,70,1
2010/01/26,71,71,66,70,48000,70,1
2010/01/27,66,69,66,69,29000,69,1
2010/01/28,72,79,71,73,118000,73,1
2010/01/29,83,103,83,103,436000,103,1
2010/02/01,133,142,95,100,1057000,100,1
2010/02/02,96,109,91,105,400000,105,1
2010/02/03,101,103,90,90,212000,90,1
2010/02/04,88,90,83,86,127000,86,1
2010/02/05,82,115,82,102,1422000,102,1
2010/02/08,97,99,83,83,300000,83,1
2010/02/09,83,108,81,104,567000,104,1
2010/02/10,94,103,92,93,159000,93,1
2010/02/12,97,104,96,96,76000,96,1
2010/02/15,99,99,94,96,33000,96,1
2010/02/16,96,96,88,90,162000,90,1
2010/02/17,93,94,90,91,42000,91,1
2010/02/18,90,90,90,90,12000,90,1
2010/02/19,90,92,86,87,40000,87,1
2010/02/22,89,89,85,88,33000,88,1
2010/02/23,90,90,87,87,17000,87,1
2010/02/24,90,90,87,87,13000,87,1
2010/02/25,87,87,83,83,48000,83,1
2010/02/26,84,85,80,81,34000,81,1
2010/03/01,84,84,81,82,15000,82,1
2010/03/02,80,84,79,81,38000,81,1
2010/03/03,81,81,80,81,12000,81,1
2010/03/04,81,83,78,79,33000,79,1
2010/03/05,82,107,82,89,1211000,89,1
2010/03/08,94,97,85,87,187000,87,1
2010/03/09,88,89,85,85,80000,85,1
2010/03/10,86,86,84,84,24000,84,1
2010/03/11,85,89,85,88,95000,88,1
2010/03/12,87,90,86,86,51000,86,1
2010/03/15,86,87,85,85,27000,85,1
2010/03/16,86,86,86,86,11000,86,1
2010/03/17,86,87,85,86,14000,86,1
2010/03/18,86,87,85,85,9000,85,1
2010/03/19,86,87,84,87,32000,87,1
2010/03/23,85,86,84,85,9000,85,1
2010/03/24,85,85,85,85,8000,85,1
2010/03/25,85,85,84,84,27000,84,1
2010/03/26,83,84,82,84,19000,84,1
2010/03/29,83,83,79,81,46000,81,1
2010/03/30,81,84,79,84,82000,84,1
2010/03/31,84,84,82,84,51000,84,1
2010/04/01,89,100,88,89,840000,89,1
2010/04/02,87,87,84,85,77000,85,1
2010/04/05,86,89,84,86,61000,86,1
2010/04/06,86,86,84,84,18000,84,1
2010/04/07,85,88,85,87,42000,87,1
2010/04/08,87,87,84,87,33000,87,1
2010/04/09,86,89,85,85,54000,85,1
2010/04/12,86,88,86,87,39000,87,1
2010/04/13,87,88,86,88,32000,88,1
2010/04/14,90,96,89,90,278000,90,1
2010/04/15,90,91,87,88,35000,88,1
2010/04/16,89,89,87,87,24000,87,1
2010/04/19,88,91,88,91,44000,91,1
2010/04/20,91,91,87,89,38000,89,1
2010/04/21,88,88,87,87,11000,87,1
2010/04/22,87,88,87,88,15000,88,1
2010/04/23,88,89,87,88,13000,88,1
2010/04/26,90,90,86,89,27000,89,1
2010/04/27,88,95,88,90,104000,90,1
2010/04/28,89,90,89,90,24000,90,1
2010/04/30,89,90,88,89,18000,89,1
2010/05/06,89,90,88,89,57000,89,1
2010/05/07,79,84,79,83,51000,83,1
2010/05/10,85,85,84,84,6000,84,1
2010/05/11,86,90,85,88,43000,88,1
2010/05/12,90,90,85,86,28000,86,1
2010/05/13,85,86,85,86,3000,86,1
2010/05/14,86,86,83,83,17000,83,1
2010/05/17,83,83,79,79,26000,79,1
2010/05/18,80,80,65,69,56000,69,1
2010/05/19,64,80,63,80,121000,80,1
2010/05/20,75,79,67,75,55000,75,1
2010/05/21,71,72,69,71,25000,71,1
2010/05/24,72,72,71,71,8000,71,1
2010/05/25,70,70,68,69,17000,69,1
2010/05/26,68,69,68,69,4000,69,1
2010/05/27,67,70,67,69,12000,69,1
2010/05/28,72,74,70,74,17000,74,1
2010/05/31,75,75,75,75,2000,75,1
2010/06/01,75,75,72,72,14000,72,1
2010/06/02,71,74,71,74,2000,74,1
2010/06/03,72,79,72,74,47000,74,1
2010/06/04,74,75,74,75,3000,75,1
2010/06/07,74,74,72,72,4000,72,1
2010/06/08,74,74,73,73,3000,73,1
2010/06/09,73,73,73,73,1000,73,1
2010/06/11,74,74,74,74,1000,74,1
2010/06/14,74,74,74,74,2000,74,1
2010/06/15,71,73,71,73,4000,73,1
2010/06/16,72,73,71,71,13000,71,1
2010/06/17,71,71,71,71,2000,71,1
2010/06/18,72,72,69,70,8000,70,1
2010/06/21,70,70,70,70,15000,70,1
2010/06/22,69,74,69,71,29000,71,1
2010/06/23,70,70,70,70,8000,70,1
2010/06/24,70,70,70,70,2000,70,1
2010/06/25,69,69,67,67,11000,67,1
2010/06/28,67,67,66,66,10000,66,1
2010/06/29,66,67,66,67,4000,67,1
2010/06/30,66,66,63,65,8000,65,1
2010/07/01,64,64,59,62,14000,62,1
2010/07/02,62,62,61,62,10000,62,1
2010/07/05,63,63,63,63,2000,63,1
2010/07/06,62,62,62,62,1000,62,1
2010/07/07,62,63,62,63,5000,63,1
2010/07/08,63,65,63,65,8000,65,1
2010/07/09,65,65,62,62,4000,62,1
2010/07/12,67,70,63,63,51000,63,1
2010/07/13,63,63,63,63,3000,63,1
2010/07/14,64,64,63,63,7000,63,1
2010/07/15,61,62,60,61,11000,61,1
2010/07/16,61,61,60,60,14000,60,1
2010/07/20,61,61,61,61,2000,61,1
2010/07/21,60,60,60,60,2000,60,1
2010/07/22,58,61,58,60,6000,60,1
2010/07/23,59,60,59,60,2000,60,1
2010/07/27,60,60,60,60,1000,60,1
2010/07/29,61,61,59,59,5000,59,1
2010/07/30,59,59,59,59,2000,59,1
2010/08/02,58,58,55,58,16000,58,1
2010/08/03,58,60,58,60,5000,60,1
2010/08/04,58,58,58,58,3000,58,1
2010/08/05,58,61,58,61,6000,61,1
2010/08/06,58,58,58,58,4000,58,1
2010/08/09,56,56,56,56,1000,56,1
2010/08/10,56,63,56,62,12000,62,1
2010/08/11,59,59,56,58,12000,58,1
2010/08/12,58,58,56,56,5000,56,1
2010/08/13,55,57,54,57,3000,57,1
2010/08/16,55,55,55,55,6000,55,1
2010/08/18,56,56,56,56,3000,56,1
2010/08/19,56,56,56,56,7000,56,1
2010/08/20,56,56,56,56,3000,56,1
2010/08/23,55,55,55,55,5000,55,1
2010/08/24,53,53,50,52,10000,52,1
2010/08/25,52,53,52,53,3000,53,1
2010/08/26,52,52,52,52,8000,52,1
2010/08/27,52,52,52,52,1000,52,1
2010/08/30,54,54,54,54,2000,54,1
2010/08/31,51,52,51,52,3000,52,1
2010/09/01,55,62,53,53,67000,53,1
2010/09/02,57,81,57,76,1098000,76,1
2010/09/03,78,87,65,66,457000,66,1
2010/09/06,66,66,63,66,75000,66,1
2010/09/07,63,76,62,74,179000,74,1
2010/09/08,70,81,67,73,136000,73,1
2010/09/09,76,77,67,70,73000,70,1
2010/09/10,72,72,69,70,13000,70,1
2010/09/13,68,68,63,65,68000,65,1
2010/09/14,69,70,66,67,20000,67,1
2010/09/15,68,71,67,69,15000,69,1
2010/09/16,68,68,65,65,24000,65,1
2010/09/17,63,67,63,65,13000,65,1
2010/09/21,64,66,64,66,3000,66,1
2010/09/22,64,66,64,66,5000,66,1
2010/09/24,66,67,65,66,7000,66,1
2010/09/27,64,64,59,60,53000,60,1
2010/09/28,60,60,60,60,9000,60,1
2010/09/29,59,69,58,61,142000,61,1
2010/09/30,62,62,58,58,60000,58,1
2010/10/01,58,59,58,58,17000,58,1
2010/10/04,57,57,54,54,28000,54,1
2010/10/05,55,62,54,54,94000,54,1
2010/10/06,53,54,53,54,11000,54,1
2010/10/07,54,54,54,54,2000,54,1
2010/10/08,52,53,51,52,57000,52,1
2010/10/12,53,53,53,53,5000,53,1
2010/10/13,53,54,53,54,5000,54,1
2010/10/14,53,55,53,55,18000,55,1
2010/10/15,55,60,54,57,106000,57,1
2010/10/18,57,58,57,57,12000,57,1
2010/10/19,56,61,56,60,31000,60,1
2010/10/20,60,65,57,62,83000,62,1
2010/10/21,62,68,62,68,97000,68,1
2010/10/22,69,87,66,77,705000,77,1
2010/10/25,77,77,72,76,88000,76,1
2010/10/26,77,84,76,76,102000,76,1
2010/10/27,77,78,66,71,128000,71,1
2010/10/28,68,68,66,66,26000,66,1
2010/10/29,67,68,66,66,8000,66,1
2010/11/01,65,68,63,65,24000,65,1
2010/11/02,66,70,64,69,16000,69,1
2010/11/04,69,74,67,73,47000,73,1
2010/11/05,74,77,70,73,53000,73,1
2010/11/08,75,75,70,74,59000,74,1
2010/11/09,73,73,71,73,19000,73,1
2010/11/10,74,78,74,77,21000,77,1
2010/11/11,79,79,74,75,25000,75,1
2010/11/12,73,75,69,74,79000,74,1
2010/11/15,75,75,70,71,34000,71,1
2010/11/16,75,75,69,69,42000,69,1
2010/11/17,69,71,68,70,15000,70,1
2010/11/18,70,74,69,73,40000,73,1
2010/11/19,73,75,71,72,42000,72,1
2010/11/22,73,77,72,77,28000,77,1
2010/11/24,73,78,73,78,25000,78,1
2010/11/25,79,84,79,82,33000,82,1
2010/11/26,80,85,80,83,54000,83,1
2010/11/29,86,102,86,102,264000,102,1
2010/11/30,97,108,95,95,160000,95,1
2010/12/01,96,102,96,101,73000,101,1
2010/12/02,103,110,103,104,230000,104,1
2010/12/03,105,105,98,103,73000,103,1
2010/12/06,101,105,101,105,24000,105,1
2010/12/07,104,104,98,102,40000,102,1
2010/12/08,101,104,99,104,18000,104,1
2010/12/09,103,103,101,103,15000,103,1
2010/12/10,104,105,102,103,25000,103,1
2010/12/13,103,105,102,105,5000,105,1
2010/12/14,104,120,104,119,149000,119,1
2010/12/15,124,132,121,125,149000,125,1
2010/12/16,121,124,119,122,50000,122,1
2010/12/17,121,122,117,118,63000,118,1
2010/12/20,114,115,112,112,43000,112,1
2010/12/21,112,120,112,118,46000,118,1
2010/12/22,119,119,114,114,21000,114,1
2010/12/24,111,115,111,115,69000,115,1
2010/12/27,115,120,113,118,32000,118,1
2010/12/28,117,120,117,117,11000,117,1
2010/12/29,117,121,117,121,9000,121,1
2010/12/30,122,127,118,121,20000,121,1
2011/01/04,117,117,115,115,27000,115,1
2011/01/05,113,120,113,120,22000,120,1
2011/01/06,117,121,117,120,31000,120,1
2011/01/07,120,121,117,120,15000,120,1
2011/01/11,117,120,115,119,67000,119,1
2011/01/12,119,120,110,111,72000,111,1
2011/01/13,110,110,106,108,37000,108,1
2011/01/14,106,106,101,103,69000,103,1
2011/01/17,102,112,102,102,156000,102,1
2011/01/18,103,104,98,99,39000,99,1
2011/01/19,99,99,97,98,28000,98,1
2011/01/20,98,98,96,97,21000,97,1
2011/01/21,99,99,95,97,22000,97,1
2011/01/24,96,96,94,95,10000,95,1
2011/01/25,97,98,97,98,3000,98,1
2011/01/26,98,98,98,98,4000,98,1
2011/01/27,100,106,98,100,44000,100,1
2011/01/28,98,98,95,96,14000,96,1
2011/01/31,96,96,94,94,7000,94,1
2011/02/02,93,99,91,95,17000,95,1
2011/02/03,95,95,95,95,1000,95,1
2011/02/04,91,96,91,96,6000,96,1
2011/02/07,92,93,91,93,4000,93,1
2011/02/08,92,94,92,94,5000,94,1
2011/02/09,94,94,93,93,2000,93,1
2011/02/10,93,93,92,93,5000,93,1
2011/02/14,90,90,89,90,4000,90,1
2011/02/16,90,90,89,89,6000,89,1
2011/02/17,89,89,87,87,2000,87,1
2011/02/18,89,90,89,90,8000,90,1
2011/02/21,95,101,90,91,98000,91,1
2011/02/22,92,92,82,86,37000,86,1
2011/02/23,86,89,86,89,6000,89,1
2011/02/24,87,87,85,86,8000,86,1
2011/02/25,85,85,83,85,10000,85,1
2011/02/28,85,85,84,84,2000,84,1
2011/03/01,85,85,85,85,1000,85,1
2011/03/02,85,103,85,91,86000,91,1
2011/03/03,87,92,87,91,47000,91,1
2011/03/04,93,93,91,91,3000,91,1
2011/03/07,90,90,90,90,1000,90,1
2011/03/10,90,90,90,90,1000,90,1
2011/03/14,75,80,66,66,17000,66,1
2011/03/15,66,76,50,55,17000,55,1
2011/03/16,65,69,49,53,56000,53,1
2011/03/17,50,54,45,53,20000,53,1
2011/03/18,60,64,58,64,35000,64,1
2011/03/22,76,76,75,76,18000,76,1
2011/03/23,72,73,69,73,22000,73,1
2011/03/24,72,72,72,72,1000,72,1
2011/03/25,72,72,70,70,9000,70,1
2011/03/30,72,72,72,72,1000,72,1
2011/04/01,73,73,72,72,3000,72,1
2011/04/05,71,71,68,68,10000,68,1
2011/04/11,66,66,66,66,2000,66,1
2011/04/12,66,66,66,66,2000,66,1
2011/04/13,65,65,65,65,2000,65,1
2011/04/14,68,73,68,69,7000,69,1
2011/04/15,71,76,71,75,18000,75,1
2011/04/18,75,75,75,75,3000,75,1
2011/04/19,73,73,72,72,5000,72,1
2011/04/20,74,74,74,74,2000,74,1
2011/04/21,70,75,69,69,40000,69,1
2011/04/22,70,70,69,70,6000,70,1
2011/04/25,70,70,70,70,2000,70,1
2011/04/26,73,95,73,82,377000,82,1
2011/04/27,86,97,79,86,576000,86,1
2011/04/28,84,95,83,88,193000,88,1
2011/05/02,92,94,86,86,82000,86,1
2011/05/06,83,83,80,81,15000,81,1
2011/05/09,80,84,79,84,8000,84,1
2011/05/10,83,83,82,83,16000,83,1
2011/05/11,80,80,79,80,12000,80,1
2011/05/12,80,80,78,78,4000,78,1
2011/05/13,82,87,80,80,27000,80,1
2011/05/16,80,80,80,80,1000,80,1
2011/05/17,81,81,76,76,11000,76,1
2011/05/18,76,77,76,77,3000,77,1
2011/05/19,79,81,78,79,6000,79,1
2011/05/20,79,79,76,79,12000,79,1
2011/05/23,80,83,79,83,18000,83,1
2011/05/24,81,82,80,80,4000,80,1
2011/05/25,80,80,79,79,4000,79,1
2011/05/27,79,79,78,78,6000,78,1
2011/05/31,75,77,75,77,6000,77,1
2011/06/01,74,75,74,74,3000,74,1
2011/06/06,73,73,73,73,1000,73,1
2011/06/08,73,73,72,72,4000,72,1
2011/06/09,71,72,71,72,3000,72,1
2011/06/13,72,72,72,72,1000,72,1
2011/06/14,72,72,72,72,2000,72,1
2011/06/15,72,72,72,72,3000,72,1
2011/06/16,76,86,75,75,99000,75,1
2011/06/17,76,76,73,73,9000,73,1
2011/06/20,76,76,73,73,5000,73,1
2011/06/21,73,73,73,73,1000,73,1
2011/06/22,74,75,74,75,4000,75,1
2011/06/24,75,75,75,75,3000,75,1
2011/06/28,74,74,74,74,2000,74,1
2011/06/29,74,75,73,75,5000,75,1
2011/06/30,75,76,75,76,4000,76,1
2011/07/04,76,78,76,78,3000,78,1
2011/07/06,77,77,77,77,1000,77,1
2011/07/07,77,77,77,77,1000,77,1
2011/07/08,76,76,75,75,6000,75,1
2011/07/11,74,75,74,75,5000,75,1
2011/07/13,75,75,75,75,3000,75,1
2011/07/19,75,75,75,75,1000,75,1
2011/07/20,77,86,77,77,158000,77,1
2011/07/21,77,77,75,77,20000,77,1
2011/07/22,77,77,75,76,8000,76,1
2011/07/25,74,75,74,75,5000,75,1
2011/07/26,75,75,75,75,1000,75,1
2011/07/27,74,74,73,73,8000,73,1
2011/07/28,74,74,74,74,1000,74,1
2011/07/29,72,74,72,74,10000,74,1
2011/08/01,73,73,72,72,3000,72,1
2011/08/02,73,73,72,72,2000,72,1
2011/08/03,72,72,72,72,4000,72,1
2011/08/04,73,73,71,71,3000,71,1
2011/08/05,70,70,66,67,7000,67,1
2011/08/08,65,65,65,65,4000,65,1
2011/08/09,63,64,63,64,2000,64,1
2011/08/10,69,69,68,69,3000,69,1
2011/08/11,67,67,67,67,1000,67,1
2011/08/12,67,68,66,66,5000,66,1
2011/08/15,68,68,66,66,2000,66,1
2011/08/17,65,65,65,65,1000,65,1
2011/08/19,64,64,64,64,1000,64,1
2011/08/23,64,64,63,63,4000,63,1
2011/08/25,68,68,68,68,2000,68,1
2011/08/26,66,66,66,66,1000,66,1
2011/08/29,67,68,67,68,2000,68,1
2011/08/30,71,72,71,72,2000,72,1
2011/09/08,73,73,73,73,2000,73,1
2011/09/09,71,71,69,71,6000,71,1
2011/09/12,67,68,66,66,7000,66,1
2011/09/13,67,80,67,73,135000,73,1
2011/09/14,73,73,69,69,9000,69,1
2011/09/15,68,78,68,73,28000,73,1
2011/09/16,71,71,69,69,5000,69,1
2011/09/20,70,70,70,70,1000,70,1
2011/09/21,80,100,78,100,505000,100,1
2011/09/22,90,95,76,76,464000,76,1
2011/09/26,75,76,69,69,105000,69,1
2011/09/27,70,71,60,65,351000,65,1
2011/09/28,66,66,63,65,42000,65,1
2011/09/29,65,66,63,66,42000,66,1
2011/09/30,65,66,65,66,25000,66,1
2011/10/03,64,66,64,65,11000,65,1
2011/10/04,63,65,63,64,23000,64,1
2011/10/05,65,65,62,63,20000,63,1
2011/10/06,63,64,63,63,7000,63,1
2011/10/07,64,64,64,64,4000,64,1
2011/10/11,65,65,64,64,11000,64,1
2011/10/12,65,65,62,62,15000,62,1
2011/10/13,64,65,64,65,7000,65,1
2011/10/14,64,64,63,64,9000,64,1
2011/10/17,65,65,64,64,4000,64,1
2011/10/19,64,64,64,64,3000,64,1
2011/10/20,63,63,61,62,17000,62,1
2011/10/21,62,62,62,62,8000,62,1
2011/10/24,62,63,62,63,3000,63,1
2011/10/25,62,63,62,62,4000,62,1
2011/10/26,62,63,61,62,18000,62,1
2011/10/27,61,63,61,63,6000,63,1
2011/10/28,63,64,63,64,7000,64,1
2011/10/31,64,65,64,64,27000,64,1
2011/11/01,64,69,64,69,114000,69,1
2011/11/02,66,67,65,67,52000,67,1
2011/11/04,66,75,66,72,133000,72,1
2011/11/07,72,72,69,69,42000,69,1
2011/11/08,69,81,69,76,373000,76,1
2011/11/09,78,78,70,71,139000,71,1
2011/11/10,70,70,67,69,54000,69,1
2011/11/11,68,69,67,68,18000,68,1
2011/11/14,71,73,70,71,29000,71,1
2011/11/15,70,71,68,71,22000,71,1
2011/11/16,68,69,66,66,46000,66,1
2011/11/17,65,65,64,65,28000,65,1
2011/11/18,65,66,65,66,13000,66,1
2011/11/21,65,65,65,65,8000,65,1
2011/11/22,65,66,64,66,15000,66,1
2011/11/24,66,67,65,67,18000,67,1
2011/11/25,66,68,66,68,4000,68,1
2011/11/28,67,68,67,68,2000,68,1
2011/11/29,69,69,69,69,3000,69,1
2011/11/30,70,70,70,70,2000,70,1
2011/12/01,70,70,68,70,4000,70,1
2011/12/02,70,73,70,70,30000,70,1
2011/12/05,71,71,69,70,23000,70,1
2011/12/06,70,70,68,68,22000,68,1
2011/12/07,68,69,68,69,18000,69,1
2011/12/09,68,68,68,68,14000,68,1
2011/12/12,68,77,68,71,196000,71,1
2011/12/13,71,75,71,72,57000,72,1
2011/12/14,72,74,70,70,46000,70,1
2011/12/15,69,69,66,66,35000,66,1
2011/12/16,68,74,68,72,109000,72,1
2011/12/19,72,74,70,70,17000,70,1
2011/12/20,70,71,69,69,7000,69,1
2011/12/21,71,72,70,71,18000,71,1
2011/12/22,71,71,68,68,26000,68,1
2011/12/26,68,69,68,69,8000,69,1
2011/12/27,67,67,66,67,9000,67,1
2011/12/29,66,66,65,65,9000,65,1
2011/12/30,66,66,66,66,7000,66,1
2012/01/04,68,68,68,68,3000,68,1
2012/01/05,67,67,67,67,5000,67,1
2012/01/10,65,66,65,66,6000,66,1
2012/01/11,67,67,67,67,2000,67,1
2012/01/12,67,67,67,67,5000,67,1
2012/01/13,66,66,66,66,2000,66,1
2012/01/16,65,67,65,67,13000,67,1
2012/01/17,67,67,65,65,6000,65,1
2012/01/18,65,68,65,68,10000,68,1
2012/01/19,68,68,67,67,3000,67,1
2012/01/20,67,67,67,67,3000,67,1
2012/01/23,69,69,68,69,3000,69,1
2012/01/24,69,69,68,68,5000,68,1
2012/01/25,68,69,68,69,3000,69,1
2012/01/26,69,72,69,71,35000,71,1
2012/01/27,71,81,70,72,251000,72,1
2012/01/30,72,72,69,70,29000,70,1
2012/01/31,70,70,67,68,20000,68,1
2012/02/01,68,68,68,68,4000,68,1
2012/02/02,69,69,68,68,3000,68,1
2012/02/03,69,72,69,70,20000,70,1
2012/02/06,71,71,71,71,7000,71,1
2012/02/07,69,71,69,71,18000,71,1
2012/02/08,73,73,69,69,17000,69,1
2012/02/09,69,70,69,70,4000,70,1
2012/02/10,71,73,71,71,28000,71,1
2012/02/13,72,77,72,73,59000,73,1
2012/02/14,74,75,73,73,21000,73,1
2012/02/15,74,74,71,72,14000,72,1
2012/02/16,72,76,72,75,77000,75,1
2012/02/17,78,86,76,77,280000,77,1
2012/02/20,107,107,106,107,292000,107,1
2012/02/21,112,132,101,107,1839000,107,1
2012/02/22,104,107,97,99,256000,99,1
2012/02/23,100,100,96,99,121000,99,1
2012/02/24,98,100,94,96,74000,96,1
2012/02/27,95,95,90,91,154000,91,1
2012/02/28,91,98,89,98,107000,98,1
2012/02/29,95,100,91,92,117000,92,1
2012/03/01,93,108,91,93,275000,93,1
2012/03/02,94,99,93,94,46000,94,1
2012/03/05,96,96,93,95,39000,95,1
2012/03/06,95,98,94,97,30000,97,1
2012/03/07,94,94,91,91,66000,91,1
2012/03/08,92,115,89,95,637000,95,1
2012/03/09,97,98,95,95,83000,95,1
2012/03/12,105,111,101,107,330000,107,1
2012/03/13,109,109,98,101,119000,101,1
2012/03/14,101,108,98,106,108000,106,1
2012/03/15,108,147,108,122,1489000,122,1
2012/03/16,119,130,114,119,272000,119,1
2012/03/19,120,121,110,117,176000,117,1
2012/03/21,113,117,113,114,76000,114,1
2012/03/22,116,119,112,113,65000,113,1
2012/03/23,113,114,112,112,45000,112,1
2012/03/26,112,112,108,110,40000,110,1
2012/03/27,110,110,106,108,37000,108,1
2012/03/28,105,106,105,106,12000,106,1
2012/03/29,105,108,104,108,25000,108,1
2012/03/30,112,117,111,117,50000,117,1
2012/04/02,112,114,109,110,40000,110,1
2012/04/03,110,110,109,110,23000,110,1
2012/04/04,111,114,110,110,34000,110,1
2012/04/05,110,110,107,108,25000,108,1
2012/04/06,109,117,109,117,34000,117,1
2012/04/09,117,137,115,132,312000,132,1
2012/04/10,135,149,125,128,1272000,128,1
2012/04/11,125,138,119,132,280000,132,1
2012/04/12,133,145,125,130,305000,130,1
2012/04/13,130,143,126,135,325000,135,1
2012/04/16,137,156,136,147,521000,147,1
2012/04/17,157,159,132,135,590000,135,1
2012/04/18,132,134,129,131,127000,131,1
2012/04/19,131,132,127,132,119000,132,1
2012/04/20,129,129,124,125,145000,125,1
2012/04/23,127,127,121,125,28000,125,1
2012/04/24,121,122,120,120,40000,120,1
2012/04/25,118,123,117,122,53000,122,1
2012/04/26,123,124,120,120,22000,120,1
2012/04/27,120,120,118,118,20000,118,1
2012/05/01,115,116,114,114,33000,114,1
2012/05/02,113,115,111,114,18000,114,1
2012/05/07,110,110,106,106,49000,106,1
2012/05/08,106,107,103,107,21000,107,1
2012/05/09,107,107,98,104,59000,104,1
2012/05/10,101,103,101,103,7000,103,1
2012/05/11,100,100,96,100,35000,100,1
2012/05/14,100,100,90,90,50000,90,1
2012/05/15,85,88,79,84,72000,84,1
2012/05/16,93,95,87,90,104000,90,1
2012/05/17,89,95,89,95,51000,95,1
2012/05/18,91,92,89,92,42000,92,1
2012/05/21,92,98,92,98,13000,98,1
2012/05/22,97,101,94,100,37000,100,1
2012/05/23,97,97,93,93,38000,93,1
2012/05/24,91,94,90,93,23000,93,1
2012/05/25,92,95,92,95,10000,95,1
2012/05/28,92,92,91,92,9000,92,1
2012/05/29,90,92,90,92,4000,92,1
2012/05/30,92,93,90,93,9000,93,1
2012/05/31,91,91,90,90,7000,90,1
2012/06/01,88,89,87,87,15000,87,1
2012/06/04,83,85,79,85,54000,85,1
2012/06/05,84,84,82,84,3000,84,1
2012/06/06,86,90,85,87,14000,87,1
2012/06/07,87,89,87,89,5000,89,1
2012/06/08,89,89,88,88,3000,88,1
2012/06/11,89,95,89,95,23000,95,1
2012/06/12,93,94,91,94,10000,94,1
2012/06/13,96,96,94,94,12000,94,1
2012/06/14,95,95,93,93,6000,93,1
2012/06/15,93,93,90,90,21000,90,1
2012/06/18,93,93,92,93,5000,93,1
2012/06/19,123,123,123,123,72000,123,1
2012/06/20,139,142,112,114,1773000,114,1
2012/06/21,114,114,106,108,253000,108,1
2012/06/22,106,109,105,109,129000,109,1
2012/06/25,113,114,110,111,184000,111,1
2012/06/26,111,111,105,105,108000,105,1
2012/06/27,104,109,104,109,40000,109,1
2012/06/28,107,107,103,103,33000,103,1
2012/06/29,103,104,102,103,14000,103,1
2012/07/02,107,113,106,107,57000,107,1
2012/07/03,107,107,105,106,23000,106,1
2012/07/04,107,110,105,110,61000,110,1
2012/07/05,110,111,108,110,48000,110,1
2012/07/06,110,110,109,110,11000,110,1
2012/07/09,110,110,107,108,11000,108,1
2012/07/10,107,109,104,109,43000,109,1
2012/07/11,110,120,109,118,418000,118,1
2012/07/12,122,133,104,106,737000,106,1
2012/07/13,103,104,96,99,260000,99,1
2012/07/17,99,100,98,100,53000,100,1
2012/07/18,100,102,97,97,73000,97,1
2012/07/19,97,101,97,100,36000,100,1
2012/07/20,100,100,98,99,21000,99,1
2012/07/23,99,102,99,102,66000,102,1
2012/07/24,100,103,99,102,25000,102,1
2012/07/25,100,101,99,100,30000,100,1
2012/07/26,101,102,100,102,13000,102,1
2012/07/27,103,104,103,104,23000,104,1
2012/07/30,106,109,105,109,36000,109,1
2012/07/31,108,114,107,113,63000,113,1
2012/08/01,114,115,110,112,59000,112,1
2012/08/02,110,114,108,114,57000,114,1
2012/08/03,113,115,112,115,48000,115,1
2012/08/06,118,121,115,118,75000,118,1
2012/08/07,114,121,100,102,419000,102,1
2012/08/08,103,103,101,103,52000,103,1
2012/08/09,103,103,101,101,29000,101,1
2012/08/10,101,104,101,103,40000,103,1
2012/08/13,104,107,103,104,54000,104,1
2012/08/14,107,110,106,110,94000,110,1
2012/08/15,103,104,101,102,123000,102,1
2012/08/16,103,104,102,102,38000,102,1
2012/08/17,103,103,102,102,42000,102,1
2012/08/20,102,102,102,102,24000,102,1
2012/08/21,102,102,101,101,25000,101,1
2012/08/22,101,101,100,101,15000,101,1
2012/08/23,100,102,99,102,23000,102,1
2012/08/24,100,100,100,100,9000,100,1
2012/08/27,100,103,100,103,9000,103,1
2012/08/28,103,106,103,103,38000,103,1
2012/08/29,102,102,101,102,10000,102,1
2012/08/30,102,103,101,103,5000,103,1
2012/08/31,101,103,100,103,16000,103,1
2012/09/03,101,102,100,102,12000,102,1
2012/09/04,101,102,99,102,12000,102,1
2012/09/05,101,101,96,98,42000,98,1
2012/09/06,96,96,96,96,4000,96,1
2012/09/07,96,97,96,96,15000,96,1
2012/09/10,96,96,96,96,5000,96,1
2012/09/11,96,97,96,96,8000,96,1
2012/09/12,97,102,97,102,48000,102,1
2012/09/13,100,100,99,99,13000,99,1
2012/09/14,100,101,99,101,17000,101,1
2012/09/18,100,100,99,100,13000,100,1
2012/09/19,100,100,98,99,11000,99,1
2012/09/20,98,100,98,100,8000,100,1
2012/09/21,101,101,100,100,17000,100,1
2012/09/24,100,100,99,100,5000,100,1
2012/09/25,100,101,99,100,8000,100,1
2012/09/26,99,100,99,100,11000,100,1
2012/09/27,99,100,99,100,3000,100,1
2012/09/28,99,99,97,98,16000,98,1
2012/10/01,96,96,94,96,18000,96,1
2012/10/02,97,105,97,101,63000,101,1
2012/10/03,101,101,101,101,2000,101,1
2012/10/04,100,101,100,100,12000,100,1
2012/10/05,100,100,99,99,4000,99,1
2012/10/09,99,99,99,99,3000,99,1
2012/10/10,99,99,99,99,5000,99,1
2012/10/11,99,101,99,99,13000,99,1
2012/10/12,98,98,96,97,57000,97,1
2012/10/15,97,98,97,98,10000,98,1
2012/10/16,98,98,97,98,5000,98,1
2012/10/17,98,99,98,98,9000,98,1
2012/10/18,98,100,98,98,18000,98,1
2012/10/19,99,111,99,101,137000,101,1
2012/10/22,101,103,100,102,26000,102,1
2012/10/23,102,104,101,103,15000,103,1
2012/10/24,102,104,102,104,4000,104,1
2012/10/25,103,104,102,104,12000,104,1
2012/10/26,104,104,103,103,8000,103,1
2012/10/29,103,103,100,100,68000,100,1
2012/10/30,101,101,100,100,14000,100,1
2012/10/31,104,108,102,104,73000,104,1
2012/11/01,104,104,103,103,23000,103,1
2012/11/02,104,109,104,109,84000,109,1
2012/11/05,108,111,107,108,48000,108,1
2012/11/06,108,109,106,109,48000,109,1
2012/11/07,110,112,110,111,44000,111,1
2012/11/08,108,115,108,112,78000,112,1
2012/11/09,115,120,113,120,122000,120,1
2012/11/12,122,126,117,120,193000,120,1
2012/11/13,119,119,100,104,180000,104,1
2012/11/14,106,109,104,109,56000,109,1
2012/11/15,105,105,101,104,110000,104,1
2012/11/16,103,104,102,104,42000,104,1
2012/11/19,104,104,103,104,18000,104,1
2012/11/20,104,105,103,104,23000,104,1
2012/11/21,104,104,103,103,18000,103,1
2012/11/22,104,106,104,106,33000,106,1
2012/11/26,106,111,106,111,33000,111,1
2012/11/27,109,110,109,110,16000,110,1
2012/11/28,112,113,111,111,25000,111,1
2012/11/29,110,110,110,110,7000,110,1
2012/11/30,109,109,107,107,26000,107,1
2012/12/03,107,107,105,106,10000,106,1
2012/12/04,107,108,107,108,5000,108,1
2012/12/05,107,107,106,107,7000,107,1
2012/12/06,107,107,107,107,1000,107,1
2012/12/07,108,109,107,107,20000,107,1
2012/12/10,108,113,108,112,50000,112,1
2012/12/11,113,120,111,120,99000,120,1
2012/12/12,119,121,113,116,205000,116,1
2012/12/13,117,117,113,113,109000,113,1
2012/12/14,112,115,112,115,19000,115,1
2012/12/17,116,116,115,115,28000,115,1
2012/12/18,114,115,112,115,35000,115,1
2012/12/19,115,115,112,114,22000,114,1
2012/12/20,114,114,112,113,4000,113,1
2012/12/21,113,114,110,110,24000,110,1
2012/12/25,110,113,110,112,40000,112,1
2012/12/26,112,114,112,113,11000,113,1
2012/12/27,115,116,113,114,48000,114,1
2012/12/28,112,115,112,114,31000,114,1
2013/01/04,115,120,115,120,37000,120,1
2013/01/07,118,120,118,119,45000,119,1
2013/01/08,123,123,120,121,54000,121,1
2013/01/09,118,122,117,122,23000,122,1
2013/01/10,122,122,120,120,13000,120,1
2013/01/11,119,131,119,129,358000,129,1
2013/01/15,129,130,125,126,104000,126,1
2013/01/16,122,125,122,125,72000,125,1
2013/01/17,124,124,121,121,47000,121,1
2013/01/18,122,124,122,123,14000,123,1
2013/01/21,123,128,123,126,35000,126,1
2013/01/22,128,135,128,132,107000,132,1
2013/01/23,131,131,124,124,95000,124,1
2013/01/24,126,126,124,126,30000,126,1
2013/01/25,126,130,126,130,39000,130,1
2013/01/28,130,133,130,133,60000,133,1
2013/01/29,132,134,131,134,33000,134,1
2013/01/30,133,139,130,133,149000,133,1
2013/01/31,132,132,127,131,35000,131,1
2013/02/01,129,136,128,129,45000,129,1
2013/02/04,131,133,131,133,14000,133,1
2013/02/05,128,130,126,130,44000,130,1
2013/02/06,129,129,125,128,66000,128,1
2013/02/07,129,129,127,127,21000,127,1
2013/02/08,127,127,122,122,68000,122,1
2013/02/12,122,123,121,122,11000,122,1
2013/02/13,122,122,119,120,17000,120,1
2013/02/14,118,119,117,119,29000,119,1
2013/02/15,117,118,114,115,34000,115,1
2013/02/18,120,131,120,125,73000,125,1
2013/02/19,125,128,123,128,82000,128,1
2013/02/20,138,138,119,121,373000,121,1
2013/02/21,123,124,121,124,42000,124,1
2013/02/22,123,123,120,121,25000,121,1
2013/02/25,123,123,120,120,44000,120,1
2013/02/26,120,120,117,120,85000,120,1
2013/02/27,118,120,118,119,29000,119,1
2013/02/28,121,121,118,119,43000,119,1
2013/03/01,121,122,119,121,24000,121,1
2013/03/04,123,124,120,121,74000,121,1
2013/03/05,121,121,119,120,14000,120,1
2013/03/06,121,121,119,120,13000,120,1
2013/03/07,122,123,121,121,34000,121,1
2013/03/08,123,124,122,124,43000,124,1
2013/03/11,129,129,124,125,73000,125,1
2013/03/12,127,127,123,124,45000,124,1
2013/03/13,123,123,122,122,4000,122,1
2013/03/14,123,123,119,122,63000,122,1
2013/03/15,121,123,120,122,84000,122,1
2013/03/18,121,122,119,121,137000,121,1
2013/03/19,121,122,121,122,21000,122,1
2013/03/21,121,122,119,122,77000,122,1
2013/03/22,123,127,123,125,68000,125,1
2013/03/25,125,126,124,126,30000,126,1
2013/03/26,126,128,126,128,39000,128,1
2013/03/27,128,131,128,130,62000,130,1
2013/03/28,130,130,126,126,89000,126,1
2013/03/29,129,137,127,129,252000,129,1
2013/04/01,133,137,129,129,159000,129,1
2013/04/02,130,133,122,133,119000,133,1
2013/04/03,133,133,128,128,32000,128,1
2013/04/04,128,128,123,128,76000,128,1
2013/04/05,128,129,125,125,42000,125,1
2013/04/08,129,129,127,127,14000,127,1
2013/04/09,128,129,126,127,64000,127,1
2013/04/10,127,129,127,128,31000,128,1
2013/04/11,130,131,129,130,35000,130,1
2013/04/12,129,131,128,131,30000,131,1
2013/04/15,132,132,129,129,13000,129,1
2013/04/16,129,131,127,131,24000,131,1
2013/04/17,129,131,129,130,17000,130,1
2013/04/18,131,136,131,134,86000,134,1
2013/04/19,135,184,135,184,1287000,184,1
2013/04/22,201,234,193,234,876000,234,1
2013/04/23,266,314,245,314,1340000,314,1
2013/04/24,330,394,328,394,546000,394,1
2013/04/25,450,470,326,355,701000,355,1
2013/04/26,326,331,309,322,268000,322,1
2013/04/30,314,370,313,340,204000,340,1
2013/05/01,344,380,344,369,117000,369,1
2013/05/02,355,377,346,358,59000,358,1
2013/05/07,356,360,333,349,84000,349,1
2013/05/08,350,358,333,350,54000,350,1
2013/05/09,347,359,340,346,23000,346,1
2013/05/10,345,352,331,352,63000,352,1
2013/05/13,352,363,346,354,47000,354,1
2013/05/14,378,390,360,389,117000,389,1
2013/05/15,399,415,346,350,225000,350,1
2013/05/16,326,328,270,272,111000,272,1
2013/05/17,270,307,270,307,24000,307,1
2013/05/20,337,348,324,348,69000,348,1
2013/05/21,348,348,334,345,38000,345,1
2013/05/22,345,345,323,323,25000,323,1
2013/05/23,323,323,288,288,26000,288,1
2013/05/24,285,309,269,287,29000,287,1
2013/05/27,279,284,250,259,37000,259,1
2013/05/28,250,251,231,245,43000,245,1
2013/05/29,261,261,244,244,29000,244,1
2013/05/30,260,260,236,236,12000,236,1
2013/05/31,245,287,245,267,42000,267,1
2013/06/03,239,255,239,245,36000,245,1
2013/06/04,244,255,222,255,22000,255,1
2013/06/05,242,242,242,242,2000,242,1
2013/06/06,234,234,204,204,14000,204,1
2013/06/07,204,204,155,164,40000,164,1
2013/06/10,176,214,176,214,58000,214,1
2013/06/11,275,294,275,294,106000,294,1
2013/06/12,294,302,242,245,83000,245,1
2013/06/13,249,249,215,245,46000,245,1
2013/06/14,232,251,225,234,36000,234,1
2013/06/17,234,245,234,240,21000,240,1
2013/06/18,239,239,235,238,23000,238,1
2013/06/19,242,242,235,236,9000,236,1
2013/06/20,220,238,220,227,20000,227,1
2013/06/21,219,231,201,231,20000,231,1
2013/06/24,231,232,231,231,3000,231,1
2013/06/25,215,215,194,196,125000,196,1
2013/06/26,196,198,161,173,69000,173,1
2013/06/27,175,178,152,173,77000,173,1
2013/06/28,176,192,170,177,85000,177,1
2013/07/01,191,200,185,200,34000,200,1
2013/07/02,201,211,195,200,81000,200,1
2013/07/03,200,200,186,192,48000,192,1
2013/07/04,192,195,192,193,12000,193,1
2013/07/05,200,209,195,205,48000,205,1
2013/07/08,220,238,218,221,79000,221,1
2013/07/09,216,217,201,210,76000,210,1
2013/07/10,202,207,202,204,38000,204,1
2013/07/11,204,242,203,230,102000,230,1
2013/07/12,242,264,237,252,136000,252,1
2013/07/16,268,270,239,240,49000,240,1
2013/07/17,238,238,220,224,25000,224,1
2013/07/18,222,222,210,221,32000,221,1
2013/07/19,223,223,210,214,29000,214,1
2013/07/22,214,214,210,211,6000,211,1
2013/07/23,211,256,211,251,112000,251,1
2013/07/24,253,253,230,231,75000,231,1
2013/07/25,231,231,230,230,5000,230,1
2013/07/26,225,226,216,217,26000,217,1
2013/07/29,217,217,203,207,22000,207,1
2013/07/30,203,214,202,209,29000,209,1
2013/07/31,204,212,204,205,9000,205,1
2013/08/01,202,203,200,203,16000,203,1
2013/08/02,205,208,205,208,3000,208,1
2013/08/05,213,216,209,216,12000,216,1
2013/08/06,224,241,223,232,58000,232,1
2013/08/07,237,237,228,229,17000,229,1
2013/08/08,223,223,219,219,10000,219,1
2013/08/09,222,230,221,221,9000,221,1
2013/08/12,221,233,220,220,7000,220,1
2013/08/13,214,225,214,225,11000,225,1
2013/08/14,229,229,218,218,9000,218,1
2013/08/15,211,212,211,212,4000,212,1
2013/08/16,210,212,208,212,7000,212,1
2013/08/19,206,210,204,210,6000,210,1
2013/08/20,209,209,201,203,19000,203,1
2013/08/21,205,206,200,203,12000,203,1
2013/08/22,202,202,191,197,25000,197,1
2013/08/23,195,198,192,198,15000,198,1
2013/08/26,199,217,199,214,38000,214,1
2013/08/27,215,215,210,211,33000,211,1
2013/08/28,203,211,202,203,13000,203,1
2013/08/29,201,206,199,206,13000,206,1
2013/08/30,202,211,201,204,16000,204,1
2013/09/02,204,204,204,204,1000,204,1
2013/09/03,204,210,201,205,11000,205,1
2013/09/04,207,208,207,207,5000,207,1
2013/09/05,206,207,203,207,12000,207,1
2013/09/06,209,211,205,211,10000,211,1
2013/09/09,217,217,208,211,14000,211,1
2013/09/10,214,219,214,215,21000,215,1
2013/09/11,215,217,212,212,15000,212,1
2013/09/12,212,212,212,212,4000,212,1
2013/09/13,212,212,212,212,6000,212,1
2013/09/17,213,213,209,209,13000,209,1
2013/09/18,212,218,211,211,29000,211,1
2013/09/19,211,216,211,216,13000,216,1
2013/09/20,216,218,213,213,22000,213,1
2013/09/24,214,217,213,217,15000,217,1
2013/09/25,209,213,209,212,14000,212,1
2013/09/26,222,222,215,217,34000,217,1
2013/09/27,218,222,217,218,10000,218,1
2013/09/30,222,228,221,228,23000,228,1
2013/10/01,228,245,228,245,32000,245,1
2013/10/02,245,245,231,232,44000,232,1
2013/10/03,224,228,224,225,9000,225,1
2013/10/04,226,227,222,227,14000,227,1
2013/10/07,225,225,220,220,19000,220,1
2013/10/08,220,220,218,218,11000,218,1
2013/10/10,221,224,220,224,14000,224,1
2013/10/11,226,244,225,235,35000,235,1
2013/10/15,243,248,235,238,28000,238,1
2013/10/16,235,240,235,240,6000,240,1
2013/10/17,240,262,240,246,62000,246,1
2013/10/18,241,258,240,258,20000,258,1
2013/10/21,280,280,262,262,37000,262,1
2013/10/22,255,266,255,263,27000,263,1
2013/10/23,264,266,260,260,26000,260,1
2013/10/24,256,261,256,261,17000,261,1
2013/10/25,260,261,258,261,14000,261,1
2013/10/28,262,262,254,254,17000,254,1
2013/10/29,261,261,254,260,14000,260,1
2013/10/30,260,260,257,260,12000,260,1
2013/10/31,260,260,254,254,7000,254,1
2013/11/01,255,255,237,245,28000,245,1
2013/11/05,245,245,245,245,1000,245,1
2013/11/06,243,243,242,242,5000,242,1
2013/11/07,241,241,224,240,22000,240,1
2013/11/08,232,236,227,228,23000,228,1
2013/11/11,230,233,229,232,12000,232,1
2013/11/12,228,235,228,232,9000,232,1
2013/11/13,235,241,232,233,11000,233,1
2013/11/15,229,230,210,230,31000,230,1
2013/11/18,223,232,223,232,4000,232,1
2013/11/19,234,235,233,235,8000,235,1
2013/11/20,238,238,228,238,16000,238,1
2013/11/21,233,234,229,229,7000,229,1
2013/11/22,230,235,230,231,8000,231,1
2013/11/25,235,235,233,233,5000,233,1
2013/11/26,233,233,231,231,3000,231,1
2013/11/27,231,235,231,235,12000,235,1
2013/11/28,232,238,232,235,17000,235,1
2013/11/29,234,241,233,233,33000,233,1
2013/12/02,240,245,239,244,17000,244,1
2013/12/03,245,250,244,250,13000,250,1
2013/12/04,246,247,244,247,8000,247,1
2013/12/05,247,247,242,242,13000,242,1
2013/12/06,242,244,240,240,15000,240,1
2013/12/09,240,240,238,238,9000,238,1
2013/12/10,239,240,238,238,7000,238,1
2013/12/11,239,240,237,239,21000,239,1
2013/12/12,239,239,232,235,19000,235,1
2013/12/13,235,236,233,233,6000,233,1
2013/12/16,234,234,226,226,26000,226,1
2013/12/17,229,229,227,227,4000,227,1
2013/12/18,229,230,228,230,6000,230,1
2013/12/19,230,232,229,232,9000,232,1
2013/12/20,235,236,233,234,12000,234,1
2013/12/24,234,235,234,234,16000,234,1
2013/12/25,234,242,234,241,38000,241,1
2013/12/26,217,229,217,225,67000,225,1
2013/12/27,227,233,225,225,9000,225,1
2013/12/30,226,228,225,225,21000,225,1
2014/01/06,227,233,227,227,16000,227,1
2014/01/07,227,227,226,226,5000,226,1
2014/01/08,227,232,227,230,5000,230,1
2014/01/09,230,230,230,230,3000,230,1
2014/01/10,230,233,230,233,14000,233,1
2014/01/14,233,233,227,229,8000,229,1
2014/01/15,231,231,229,229,4000,229,1
2014/01/16,228,228,226,226,9000,226,1
2014/01/17,226,228,226,228,5000,228,1
2014/01/20,227,230,227,229,3000,229,1
2014/01/21,230,230,229,230,10000,230,1
2014/01/22,232,233,230,233,14000,233,1
2014/01/23,233,233,231,231,4000,231,1
2014/01/24,231,235,229,231,27000,231,1
2014/01/27,232,239,229,230,28000,230,1
2014/01/28,230,239,229,238,15000,238,1
2014/01/29,236,239,235,235,5000,235,1
2014/01/30,231,231,231,231,1000,231,1
2014/01/31,231,232,228,229,10000,229,1
2014/02/03,228,234,219,234,32000,234,1
2014/02/04,218,233,202,226,16000,226,1
2014/02/05,227,227,227,227,3000,227,1
2014/02/06,216,230,212,230,14000,230,1
2014/02/07,230,231,228,228,3000,228,1
2014/02/10,231,231,231,231,4000,231,1
2014/02/12,231,231,225,225,5000,225,1
2014/02/14,225,225,219,222,8000,222,1
2014/02/17,222,238,222,238,31000,238,1
2014/02/18,254,270,235,235,144000,235,1
2014/02/19,235,236,230,232,16000,232,1
2014/02/20,236,236,222,232,20000,232,1
2014/02/21,233,233,233,233,3000,233,1
2014/02/24,233,233,233,233,3000,233,1
2014/02/25,233,233,230,230,2000,230,1
2014/02/26,230,233,226,226,5000,226,1
2014/02/27,228,228,228,228,1000,228,1
2014/02/28,234,234,234,234,2000,234,1
2014/03/04,223,223,222,222,2000,222,1
2014/03/05,212,216,210,212,153000,212,1
2014/03/06,217,218,215,216,110000,216,1
2014/03/07,217,217,214,216,14000,216,1
2014/03/10,215,216,213,216,7000,216,1
2014/03/11,216,216,215,215,3000,215,1
2014/03/12,214,215,201,213,72000,213,1
2014/03/13,213,213,208,208,8000,208,1
2014/03/14,208,208,203,203,36000,203,1
2014/03/17,206,206,201,201,27000,201,1
2014/03/18,200,205,200,203,12000,203,1
2014/03/19,203,205,201,203,14000,203,1
2014/03/20,204,205,197,203,38000,203,1
2014/03/24,203,204,197,204,15000,204,1
2014/03/25,203,203,203,203,1000,203,1
2014/03/26,204,204,200,204,7000,204,1
2014/03/27,201,205,201,205,8000,205,1
2014/03/28,206,208,204,204,13000,204,1
2014/03/31,205,209,205,209,13000,209,1
2014/04/01,209,210,207,207,11000,207,1
2014/04/02,209,211,208,211,26000,211,1
2014/04/03,211,213,211,212,6000,212,1
2014/04/04,210,216,210,215,27000,215,1
2014/04/07,215,215,215,215,1000,215,1
2014/04/08,214,214,209,212,11000,212,1
2014/04/09,205,207,205,207,13000,207,1
2014/04/10,208,208,205,205,5000,205,1
2014/04/11,203,205,201,205,33000,205,1
2014/04/14,206,206,206,206,4000,206,1
2014/04/15,206,206,206,206,1000,206,1
2014/04/16,207,207,206,206,6000,206,1
2014/04/17,207,210,207,210,5000,210,1
2014/04/21,209,209,209,209,1000,209,1
2014/04/22,209,209,209,209,1000,209,1
2014/04/23,208,209,208,209,2000,209,1
2014/04/24,212,212,209,209,5000,209,1
2014/04/25,211,214,211,213,16000,213,1
2014/04/30,211,213,211,211,8000,211,1
2014/05/01,208,214,208,214,7000,214,1
2014/05/02,213,215,213,215,10000,215,1
2014/05/07,213,214,211,214,5000,214,1
2014/05/08,210,213,210,213,4000,213,1
2014/05/09,214,214,214,214,2000,214,1
2014/05/12,214,215,212,212,5000,212,1
2014/05/13,211,211,210,211,4000,211,1
2014/05/14,211,212,211,212,6000,212,1
2014/05/15,212,212,212,212,1000,212,1
2014/05/16,208,209,208,209,17000,209,1
2014/05/19,208,208,203,203,21000,203,1
2014/05/20,203,204,203,204,5000,204,1
2014/05/21,202,202,202,202,2000,202,1
2014/05/22,202,208,202,207,9000,207,1
2014/05/23,210,212,209,212,7000,212,1
2014/05/26,216,216,206,209,17000,209,1
2014/05/27,206,209,205,209,8000,209,1
2014/05/28,209,209,207,208,6000,208,1
2014/05/29,213,215,213,215,3000,215,1
2014/05/30,215,218,214,214,27000,214,1
2014/06/02,214,216,207,213,8000,213,1
2014/06/03,213,214,210,211,10000,211,1
2014/06/04,211,212,210,210,11000,210,1
2014/06/05,209,212,209,209,9000,209,1
2014/06/06,214,214,211,211,8000,211,1
2014/06/09,214,214,210,210,10000,210,1
2014/06/10,211,211,210,211,7000,211,1
2014/06/11,211,214,211,214,7000,214,1
2014/06/12,214,235,213,234,128000,234,1
2014/06/13,230,234,221,233,47000,233,1
2014/06/16,235,235,220,220,46000,220,1
2014/06/17,221,222,217,220,16000,220,1
2014/06/18,225,225,225,225,2000,225,1
2014/06/19,228,228,221,221,8000,221,1
2014/06/20,221,222,220,222,5000,222,1
2014/06/23,222,222,221,222,6000,222,1
2014/06/24,222,222,212,218,20000,218,1
2014/06/25,218,227,218,225,17000,225,1
2014/06/26,219,223,219,220,14000,220,1
2014/06/27,221,223,219,221,23000,221,1
2014/06/30,224,224,221,221,5000,221,1
2014/07/01,223,225,221,221,5000,221,1
2014/07/02,223,225,220,220,6000,220,1
2014/07/03,220,223,218,218,13000,218,1
2014/07/04,219,225,219,225,17000,225,1
2014/07/07,225,225,223,223,8000,223,1
2014/07/08,223,229,223,226,28000,226,1
2014/07/09,227,227,224,225,7000,225,1
2014/07/10,227,227,222,222,17000,222,1
2014/07/11,222,222,221,221,6000,221,1
2014/07/14,220,224,220,221,6000,221,1
2014/07/15,221,224,221,224,3000,224,1
2014/07/16,225,225,223,223,2000,223,1
2014/07/17,222,227,222,223,14000,223,1
2014/07/18,222,229,221,223,12000,223,1
2014/07/22,225,233,225,231,24000,231,1
2014/07/23,232,232,228,228,12000,228,1
2014/07/24,228,228,226,228,7000,228,1
2014/07/25,227,227,227,227,5000,227,1
2014/07/28,228,230,228,230,3000,230,1
2014/07/29,230,235,230,235,15000,235,1
2014/07/30,235,235,233,233,14000,233,1
2014/07/31,237,258,237,250,100000,250,1
2014/08/01,237,240,235,239,43000,239,1
2014/08/04,239,240,238,239,8000,239,1
2014/08/05,240,240,239,239,2000,239,1
2014/08/06,233,235,230,230,28000,230,1
2014/08/07,230,230,224,228,26000,228,1
2014/08/08,224,224,208,214,59000,214,1
2014/08/11,215,221,212,220,20000,220,1
2014/08/12,216,219,208,212,39000,212,1
2014/08/13,217,220,214,214,5000,214,1
2014/08/14,220,220,215,215,10000,215,1
2014/08/15,221,222,215,215,7000,215,1
2014/08/18,220,230,220,221,14000,221,1
2014/08/19,227,227,222,223,10000,223,1
2014/08/20,223,223,220,221,6000,221,1
2014/08/21,219,222,218,218,10000,218,1
2014/08/22,220,223,220,223,4000,223,1
2014/08/25,223,225,214,217,32000,217,1
2014/08/26,211,213,208,212,49000,212,1
2014/08/27,212,215,211,215,18000,215,1
2014/08/28,215,216,214,214,8000,214,1
2014/08/29,213,215,212,214,6000,214,1
2014/09/01,214,215,213,213,7000,213,1
2014/09/02,215,216,215,216,7000,216,1
2014/09/03,215,217,215,217,20000,217,1
2014/09/04,218,219,216,219,11000,219,1
2014/09/05,216,217,215,216,10000,216,1
2014/09/08,216,219,215,217,7000,217,1
2014/09/09,217,218,217,218,3000,218,1
2014/09/10,215,216,215,216,8000,216,1
2014/09/11,217,217,210,211,40000,211,1
2014/09/12,213,216,212,216,8000,216,1
2014/09/16,214,215,213,213,10000,213,1
2014/09/17,213,215,211,214,22000,214,1
2014/09/18,214,214,212,213,8000,213,1
2014/09/19,212,213,212,213,17000,213,1
2014/09/22,213,213,210,210,14000,210,1
2014/09/24,212,212,210,210,5000,210,1
2014/09/25,210,211,209,209,13000,209,1
2014/09/26,208,210,208,208,8000,208,1
2014/09/29,208,209,205,205,62000,205,1
2014/09/30,205,205,203,204,28000,204,1
2014/10/01,205,205,205,205,12000,205,1
2014/10/02,204,204,202,202,26000,202,1
2014/10/03,202,205,202,205,16000,205,1
2014/10/06,206,206,204,204,4000,204,1
2014/10/07,205,205,201,201,13000,201,1
2014/10/08,200,200,199,200,13000,200,1
2014/10/09,200,201,195,195,28000,195,1
2014/10/10,195,195,190,190,25000,190,1
2014/10/14,186,186,176,183,22000,183,1
2014/10/15,188,189,186,189,10000,189,1
2014/10/16,189,189,184,187,13000,187,1
2014/10/17,187,187,185,185,5000,185,1
2014/10/20,185,188,185,188,6000,188,1
2014/10/21,188,188,188,188,5000,188,1
2014/10/22,189,192,189,192,6000,192,1
2014/10/23,193,193,190,193,3000,193,1
2014/10/24,192,194,192,194,4000,194,1
2014/10/27,194,195,186,186,13000,186,1
2014/10/28,186,186,182,183,8000,183,1
2014/10/29,184,189,184,185,26000,185,1
2014/10/30,186,187,186,187,5000,187,1
2014/10/31,186,189,185,187,7000,187,1
2014/11/04,188,192,185,185,35000,185,1
2014/11/05,185,187,185,187,5000,187,1
2014/11/06,187,187,186,186,9000,186,1
2014/11/07,189,190,185,186,8000,186,1
2014/11/10,189,189,186,189,7000,189,1
2014/11/11,190,190,186,188,15000,188,1
2014/11/12,190,190,186,186,14000,186,1
2014/11/13,189,189,185,185,11000,185,1
2014/11/14,187,210,187,192,54000,192,1
2014/11/17,181,184,180,182,64000,182,1
2014/11/18,185,186,185,186,4000,186,1
2014/11/19,186,190,186,187,10000,187,1
2014/11/20,189,189,186,187,16000,187,1
2014/11/21,188,189,188,189,2000,189,1
2014/11/25,192,192,191,191,3000,191,1
2014/11/26,192,194,190,194,7000,194,1
2014/11/27,198,210,197,200,47000,200,1
2014/11/28,207,207,199,199,15000,199,1
2014/12/01,207,239,207,211,163000,211,1
2014/12/02,211,211,201,202,36000,202,1
2014/12/03,201,205,201,205,19000,205,1
2014/12/04,207,215,207,212,13000,212,1
2014/12/05,212,213,209,213,10000,213,1
2014/12/08,213,213,209,212,13000,212,1
2014/12/09,212,212,208,212,10000,212,1
2014/12/10,211,211,206,208,10000,208,1
2014/12/11,205,210,205,205,9000,205,1
2014/12/12,205,207,205,206,12000,206,1
2014/12/15,206,206,203,205,10000,205,1
2014/12/16,203,203,198,198,23000,198,1
2014/12/17,197,197,195,195,5000,195,1
2014/12/18,194,194,190,192,72000,192,1
2014/12/19,192,192,190,190,18000,190,1
2014/12/22,189,191,188,191,25000,191,1
2014/12/24,191,192,191,191,8000,191,1
2014/12/25,192,197,192,196,34000,196,1
2014/12/26,191,198,186,198,60000,198,1
2014/12/29,196,196,190,192,35000,192,1
2014/12/30,191,191,189,189,10000,189,1
2015/01/05,194,197,191,196,16000,196,1
2015/01/06,194,194,192,194,8000,194,1
2015/01/07,191,191,191,191,7000,191,1
2015/01/08,191,193,191,193,9000,193,1
2015/01/09,194,203,194,203,69000,203,1
2015/01/13,203,204,199,200,11000,200,1
2015/01/14,199,199,195,196,12000,196,1
2015/01/15,196,196,194,194,9000,194,1
2015/01/16,196,200,190,200,37000,200,1
2015/01/19,198,198,198,198,2000,198,1
2015/01/20,200,200,200,200,2000,200,1
2015/01/21,198,198,194,194,13000,194,1
2015/01/22,197,200,197,200,26000,200,1
2015/01/23,201,202,200,200,4000,200,1
2015/01/26,200,200,200,200,1000,200,1
2015/01/27,198,198,197,197,2000,197,1
2015/01/28,196,197,193,197,7000,197,1
2015/01/29,196,196,195,195,6000,195,1
2015/01/30,193,193,192,192,9000,192,1
2015/02/02,192,193,189,192,10000,192,1
2015/02/03,190,190,189,189,5000,189,1
2015/02/04,189,191,186,186,13000,186,1
2015/02/05,188,189,188,189,2000,189,1
2015/02/06,189,189,189,189,1000,189,1
2015/02/09,190,190,189,190,3000,190,1
2015/02/10,190,190,190,190,1000,190,1
2015/02/12,191,195,191,195,9000,195,1
2015/02/13,193,197,193,197,22000,197,1
2015/02/16,187,188,182,182,69000,182,1
2015/02/17,185,185,181,183,20000,183,1
2015/02/18,182,193,182,193,27000,193,1
2015/02/19,193,193,182,185,53000,185,1
2015/02/20,188,188,187,187,8000,187,1
2015/02/23,187,192,187,192,8000,192,1
2015/02/24,192,194,192,192,7000,192,1
2015/02/25,194,194,190,190,2000,190,1
2015/02/26,191,197,191,196,41000,196,1
2015/02/27,199,246,198,246,2093000,246,1
2015/03/02,230,230,211,224,575000,224,1
2015/03/03,234,239,208,209,391000,209,1
2015/03/04,209,209,199,201,168000,201,1
2015/03/05,201,207,198,204,91000,204,1
2015/03/06,203,203,198,199,50000,199,1
2015/03/09,197,200,196,200,50000,200,1
2015/03/10,203,204,196,197,55000,197,1
2015/03/11,196,197,195,195,25000,195,1
2015/03/12,200,201,197,197,32000,197,1
2015/03/13,196,200,196,198,19000,198,1
2015/03/16,199,200,198,200,9000,200,1
2015/03/17,203,205,197,197,67000,197,1
2015/03/18,199,200,197,197,17000,197,1
2015/03/19,198,198,197,197,19000,197,1
2015/03/20,194,197,193,196,117000,196,1
2015/03/23,195,197,195,196,35000,196,1
2015/03/24,196,208,196,202,86000,202,1
2015/03/25,205,205,200,200,78000,200,1
2015/03/26,199,199,196,197,20000,197,1
2015/03/27,197,202,197,200,15000,200,1
2015/03/30,199,201,197,197,9000,197,1
2015/03/31,199,199,196,198,20000,198,1
2015/04/01,196,196,196,196,13000,196,1
2015/04/02,196,198,195,198,21000,198,1
2015/04/03,219,239,204,207,588000,207,1
2015/04/06,203,203,200,203,50000,203,1
2015/04/07,202,202,199,202,36000,202,1
2015/04/08,200,201,199,200,28000,200,1
2015/04/09,202,202,198,200,40000,200,1
2015/04/10,200,200,199,200,9000,200,1
2015/04/13,200,202,200,201,13000,201,1
2015/04/14,202,202,201,201,10000,201,1
2015/04/15,201,214,200,204,142000,204,1
2015/04/16,204,205,203,203,27000,203,1
2015/04/17,203,203,202,202,16000,202,1
2015/04/20,202,202,200,201,12000,201,1
2015/04/21,202,202,198,199,25000,199,1
2015/04/22,200,201,200,201,6000,201,1
2015/04/23,201,223,201,210,462000,210,1
2015/04/24,218,221,210,213,211000,213,1
2015/04/27,210,213,209,213,31000,213,1
2015/04/28,213,220,211,218,161000,218,1
2015/04/30,214,214,210,211,42000,211,1
2015/05/01,210,210,205,206,29000,206,1
2015/05/07,204,206,202,205,20000,205,1
2015/05/08,203,204,203,204,4000,204,1
2015/05/11,203,205,202,205,13000,205,1
2015/05/12,205,205,202,204,17000,204,1
2015/05/13,204,204,204,204,2000,204,1
2015/05/14,207,211,206,206,24000,206,1
2015/05/15,205,207,205,207,15000,207,1
2015/05/18,202,204,202,203,39000,203,1
2015/05/19,202,203,201,203,11000,203,1
2015/05/20,203,204,202,202,14000,202,1
2015/05/21,207,208,207,207,24000,207,1
2015/05/22,207,207,204,205,8000,205,1
2015/05/25,204,204,204,204,1000,204,1
2015/05/26,206,206,206,206,9000,206,1
2015/05/27,206,212,206,211,25000,211,1
2015/05/28,211,213,207,210,19000,210,1
2015/05/29,209,209,206,209,6000,209,1
2015/06/01,205,210,205,210,8000,210,1
2015/06/02,206,210,204,206,24000,206,1
2015/06/03,204,205,204,205,6000,205,1
2015/06/04,205,205,203,204,36000,204,1
2015/06/05,205,205,205,205,4000,205,1
2015/06/08,205,205,204,204,7000,204,1
2015/06/09,204,206,202,202,11000,202,1
2015/06/10,202,203,201,201,10000,201,1
2015/06/11,201,210,201,203,51000,203,1
2015/06/12,204,204,201,203,14000,203,1
2015/06/15,203,207,203,207,21000,207,1
2015/06/16,205,205,201,203,17000,203,1
2015/06/17,205,205,202,204,15000,204,1
2015/06/18,203,210,202,208,38000,208,1
2015/06/19,209,225,206,210,336000,210,1
2015/06/22,209,210,205,205,54000,205,1
2015/06/23,228,241,208,209,743000,209,1
2015/06/24,209,211,206,209,56000,209,1
2015/06/25,208,208,205,207,33000,207,1
2015/06/26,205,206,205,205,16000,205,1
2015/06/29,203,203,198,200,53000,200,1
2015/06/30,198,201,198,201,7000,201,1
2015/07/01,202,205,202,202,15000,202,1
2015/07/02,204,205,203,205,13000,205,1
2015/07/03,205,207,205,207,5000,207,1
2015/07/06,205,205,199,204,50000,204,1
2015/07/07,204,204,202,204,10000,204,1
2015/07/08,205,205,199,200,64000,200,1
2015/07/09,196,197,192,196,37000,196,1
2015/07/10,198,198,194,194,23000,194,1
2015/07/13,195,196,194,195,19000,195,1
2015/07/14,198,199,196,198,10000,198,1
2015/07/15,199,199,198,198,6000,198,1
2015/07/16,200,200,198,200,7000,200,1
2015/07/17,201,201,200,200,14000,200,1
2015/07/21,204,204,202,203,7000,203,1
2015/07/22,200,201,200,201,7000,201,1
2015/07/23,200,200,199,199,4000,199,1
2015/07/24,199,202,199,200,11000,200,1
2015/07/27,198,198,197,197,19000,197,1
2015/07/28,196,198,195,198,16000,198,1
2015/07/29,197,197,196,196,2000,196,1
2015/07/30,194,200,194,197,29000,197,1
2015/07/31,197,200,197,200,2000,200,1
2015/08/04,198,199,197,199,6000,199,1
2015/08/05,200,200,200,200,1000,200,1
2015/08/06,198,198,196,196,9000,196,1
2015/08/07,199,199,198,198,6000,198,1
2015/08/10,197,206,197,199,34000,199,1
2015/08/11,198,202,196,202,22000,202,1
2015/08/12,202,208,199,199,32000,199,1
2015/08/13,200,200,197,197,12000,197,1
2015/08/14,197,197,195,197,5000,197,1
2015/08/17,196,197,195,197,5000,197,1
2015/08/18,197,197,197,197,2000,197,1
2015/08/19,197,198,196,196,6000,196,1
2015/08/20,196,196,195,195,8000,195,1
2015/08/21,190,190,186,186,27000,186,1
2015/08/24,181,181,162,163,77000,163,1
2015/08/25,156,163,141,148,108000,148,1
2015/08/26,152,155,149,154,19000,154,1
2015/08/27,156,161,156,157,30000,157,1
2015/08/28,166,166,162,164,4000,164,1
2015/08/31,165,170,164,165,7000,165,1
2015/09/01,167,167,162,162,8000,162,1
2015/09/02,154,159,154,158,7000,158,1
2015/09/03,165,165,165,165,9000,165,1
2015/09/04,169,169,162,162,22000,162,1
2015/09/07,158,160,158,160,7000,160,1
2015/09/08,160,160,158,158,7000,158,1
2015/09/09,161,165,161,165,18000,165,1
2015/09/10,160,160,160,160,4000,160,1
2015/09/11,160,174,160,174,23000,174,1
2015/09/14,170,170,163,166,20000,166,1
2015/09/15,164,166,162,165,7000,165,1
2015/09/16,163,163,163,163,5000,163,1
2015/09/17,163,164,158,163,11000,163,1
2015/09/18,160,160,160,160,7000,160,1
2015/09/24,156,158,156,158,6000,158,1
2015/09/25,157,159,154,159,9000,159,1
2015/09/28,155,159,155,159,2000,159,1
2015/09/29,157,157,157,157,1000,157,1
2015/09/30,154,159,154,159,5000,159,1
2015/10/02,159,159,158,158,14000,158,1
2015/10/05,160,160,157,158,6000,158,1
2015/10/06,160,160,160,160,1000,160,1
2015/10/07,157,160,157,160,5000,160,1
2015/10/08,160,162,160,162,3000,162,1
2015/10/09,163,163,163,163,2000,163,1
2015/10/13,163,167,163,167,8000,167,1
2015/10/14,164,164,160,164,12000,164,1
2015/10/15,162,165,162,165,13000,165,1
2015/10/16,167,167,165,167,5000,167,1
2015/10/19,169,169,166,166,3000,166,1
2015/10/21,166,170,166,170,8000,170,1
2015/10/22,168,171,168,170,3000,170,1
2015/10/23,172,172,170,170,3000,170,1
2015/10/26,173,174,173,174,4000,174,1
2015/10/27,173,173,173,173,2000,173,1
2015/10/28,174,174,174,174,4000,174,1
2015/10/29,176,182,176,182,21000,182,1
2015/10/30,184,184,181,181,9000,181,1
2015/11/02,182,182,178,178,7000,178,1
2015/11/04,178,178,177,177,5000,177,1
2015/11/05,176,176,173,174,12000,174,1
2015/11/06,177,177,177,177,1000,177,1
2015/11/09,177,178,177,177,3000,177,1
2015/11/10,177,177,177,177,2000,177,1
2015/11/11,177,180,177,180,2000,180,1
2015/11/12,180,180,179,179,4000,179,1
2015/11/13,176,176,175,175,4000,175,1
2015/11/16,176,178,175,178,8000,178,1
2015/11/17,176,176,176,176,1000,176,1
2015/11/18,177,180,177,180,12000,180,1
2015/11/20,180,180,180,180,1000,180,1
2015/11/24,181,181,181,181,13000,181,1
2015/11/25,180,180,180,180,3000,180,1
2015/11/27,180,181,179,179,12000,179,1
2015/11/30,179,179,178,178,3000,178,1
2015/12/01,180,180,180,180,2000,180,1
2015/12/02,179,179,178,178,9000,178,1
2015/12/03,177,179,177,178,4000,178,1
2015/12/04,176,176,175,176,7000,176,1
2015/12/07,177,179,177,179,4000,179,1
2015/12/08,177,177,177,177,6000,177,1
2015/12/09,177,177,177,177,3000,177,1
2015/12/10,176,176,176,176,1000,176,1
2015/12/11,175,175,175,175,1000,175,1
2015/12/14,175,175,175,175,1000,175,1
2015/12/15,175,175,175,175,2000,175,1
2015/12/16,175,175,175,175,1000,175,1
2015/12/17,174,175,174,175,11000,175,1
2015/12/18,174,174,173,173,13000,173,1
2015/12/21,173,173,172,172,7000,172,1
2015/12/22,168,172,168,169,20000,169,1
2015/12/24,171,171,166,169,18000,169,1
2015/12/25,167,167,155,167,40000,167,1
2015/12/28,162,166,162,166,7000,166,1
2015/12/29,164,166,164,166,5000,166,1
2015/12/30,165,165,165,165,1000,165,1
2016/01/04,167,167,165,165,3000,165,1
2016/01/05,164,167,164,167,2000,167,1
2016/01/07,162,162,162,162,1000,162,1
2016/01/08,161,162,160,162,17000,162,1
2016/01/13,158,161,158,160,11000,160,1
2016/01/15,157,157,157,157,1000,157,1
2016/01/18,155,155,147,147,52000,147,1
2016/01/19,148,148,146,146,10000,146,1
2016/01/20,146,146,141,141,5000,141,1
2016/01/21,133,135,123,123,31000,123,1
2016/01/22,128,137,128,137,20000,137,1
2016/01/25,137,138,135,138,3000,138,1
2016/01/26,139,139,138,138,3000,138,1
2016/01/28,140,140,135,135,11000,135,1
2016/01/29,139,139,139,139,2000,139,1
2016/02/01,140,143,140,141,22000,141,1
2016/02/02,141,141,139,139,4000,139,1
2016/02/03,140,140,139,139,4000,139,1
2016/02/04,140,141,140,141,2000,141,1
2016/02/08,138,138,137,137,4000,137,1
2016/02/09,136,136,133,133,6000,133,1
2016/02/10,133,133,120,120,13000,120,1
2016/02/12,116,116,105,111,27000,111,1
2016/02/15,115,120,112,119,19000,119,1
2016/02/16,120,122,120,122,5000,122,1
2016/02/17,122,123,122,123,7000,123,1
2016/02/18,126,140,126,139,86000,139,1
2016/02/19,184,188,163,176,1059000,176,1
2016/02/22,170,175,160,166,136000,166,1
2016/02/23,170,173,155,161,66000,161,1
2016/02/24,156,158,149,152,48000,152,1
2016/02/25,149,153,149,152,23000,152,1
2016/02/26,152,152,150,150,11000,150,1
2016/02/29,151,152,148,149,27000,149,1
2016/03/01,146,148,141,148,33000,148,1
2016/03/02,147,147,145,146,16000,146,1
2016/03/03,146,149,146,149,5000,149,1
2016/03/07,149,153,146,153,18000,153,1
2016/03/08,148,151,147,147,15000,147,1
2016/03/09,146,146,146,146,1000,146,1
2016/03/10,149,150,149,150,4000,150,1
2016/03/11,151,152,151,152,4000,152,1
2016/03/14,154,155,153,154,19000,154,1
2016/03/15,154,155,152,155,15000,155,1
2016/03/16,156,156,154,154,5000,154,1
2016/03/17,155,160,154,157,62000,157,1
2016/03/18,157,157,157,157,8000,157,1
2016/03/22,158,158,158,158,1000,158,1
2016/03/23,155,155,155,155,1000,155,1
2016/03/25,154,154,147,151,13000,151,1
2016/03/28,149,154,149,154,7000,154,1
2016/03/29,155,155,155,155,3000,155,1
2016/03/30,154,155,154,155,2000,155,1
2016/03/31,157,157,157,157,3000,157,1
2016/04/01,156,157,154,157,4000,157,1
2016/04/04,158,158,158,158,2000,158,1
2016/04/05,153,153,145,146,15000,146,1
2016/04/06,146,149,146,148,6000,148,1
2016/04/07,150,150,150,150,1000,150,1
2016/04/08,151,152,151,152,3000,152,1
2016/04/12,149,153,149,153,4000,153,1
2016/04/13,154,154,152,152,2000,152,1
2016/04/14,155,155,155,155,3000,155,1
2016/04/19,154,154,154,154,1000,154,1
2016/04/20,152,156,152,156,3000,156,1
2016/04/21,154,156,153,155,13000,155,1
2016/04/25,156,156,155,155,4000,155,1
2016/04/26,154,156,154,155,8000,155,1
2016/04/27,155,155,155,155,2000,155,1
2016/04/28,153,154,153,153,15000,153,1
2016/05/02,154,156,154,156,23000,156,1
2016/05/06,157,157,153,154,5000,154,1
2016/05/09,155,155,155,155,13000,155,1
2016/05/10,153,153,153,153,3000,153,1
2016/05/11,154,154,154,154,1000,154,1
2016/05/12,153,155,153,155,2000,155,1
2016/05/13,153,154,152,154,5000,154,1
2016/05/16,154,164,154,164,52000,164,1
2016/05/17,158,160,155,158,43000,158,1
2016/05/18,160,160,158,158,7000,158,1
2016/05/20,156,156,149,151,7000,151,1
2016/05/23,146,149,146,149,7000,149,1
2016/05/24,149,149,149,149,2000,149,1
2016/05/25,153,153,153,153,1000,153,1
2016/05/31,153,153,153,153,1000,153,1
2016/06/01,150,151,150,151,4000,151,1
2016/06/06,151,155,151,153,13000,153,1
2016/06/07,152,152,151,151,4000,151,1
2016/06/08,150,152,150,152,5000,152,1
2016/06/09,151,152,151,152,3000,152,1
2016/06/10,151,153,151,153,6000,153,1
2016/06/14,150,155,150,155,10000,155,1
2016/06/15,151,151,150,150,3000,150,1
2016/06/16,146,149,144,144,4000,144,1
2016/06/20,144,144,144,144,1000,144,1
2016/06/21,150,150,150,150,4000,150,1
2016/06/22,155,155,155,155,2000,155,1
2016/06/23,150,151,150,151,2000,151,1
2016/06/24,159,160,144,145,20000,145,1
2016/06/27,145,145,145,145,3000,145,1
2016/06/28,141,141,141,141,6000,141,1
2016/06/29,150,150,150,150,3000,150,1
2016/06/30,150,150,150,150,2000,150,1
2016/07/01,150,150,150,150,2000,150,1
2016/07/04,150,150,150,150,7000,150,1
2016/07/06,146,146,146,146,1000,146,1
2016/07/07,150,150,150,150,1000,150,1
2016/07/08,154,154,154,154,1000,154,1
2016/07/11,155,155,155,155,2000,155,1
2016/07/12,155,155,155,155,1000,155,1
2016/07/13,156,157,156,157,2000,157,1
2016/07/14,157,157,157,157,2000,157,1
2016/07/15,157,157,157,157,1000,157,1
2016/07/19,158,158,158,158,1000,158,1
2016/07/20,153,153,153,153,1000,153,1
2016/07/22,150,150,147,147,18000,147,1
2016/07/25,151,152,151,152,11000,152,1
2016/07/26,156,159,153,153,4000,153,1
2016/07/27,156,156,156,156,1000,156,1
2016/08/01,155,155,155,155,2000,155,1
2016/08/03,153,154,151,154,5000,154,1
2016/08/05,154,154,151,151,14000,151,1
2016/08/08,152,155,152,155,10000,155,1
2016/08/09,154,155,154,155,2000,155,1
2016/08/10,153,153,152,153,4000,153,1
2016/08/12,155,155,155,155,2000,155,1
2016/08/15,157,157,154,155,11000,155,1
2016/08/16,155,155,153,153,9000,153,1
2016/08/17,150,154,149,151,18000,151,1
2016/08/18,148,148,146,147,15000,147,1
2016/08/19,145,146,142,143,16000,143,1
2016/08/22,144,147,142,147,8000,147,1
2016/08/23,142,142,142,142,1000,142,1
2016/08/24,145,147,142,142,13000,142,1
2016/08/25,143,143,142,142,3000,142,1
2016/08/26,142,143,142,143,2000,143,1
2016/08/29,144,147,144,146,6000,146,1
2016/08/30,145,153,145,153,10000,153,1
2016/08/31,152,155,150,150,20000,150,1
2016/09/01,147,150,147,150,3000,150,1
2016/09/02,148,148,147,147,3000,147,1
2016/09/05,150,154,148,148,5000,148,1
2016/09/06,153,153,153,153,1000,153,1
2016/09/07,150,150,150,150,1000,150,1
2016/09/08,150,150,150,150,1000,150,1
2016/09/09,153,153,153,153,1000,153,1
2016/09/12,148,149,148,149,3000,149,1
2016/09/15,148,148,148,148,3000,148,1
2016/09/16,156,156,156,156,16000,156,1
2016/09/20,156,166,155,164,36000,164,1
2016/09/21,167,169,158,158,86000,158,1
2016/09/23,160,160,158,158,6000,158,1
2016/09/26,170,170,170,170,22000,170,1
2016/09/27,170,210,170,177,144000,177,1
2016/09/28,179,200,177,190,79000,190,1
2016/09/29,192,192,185,185,30000,185,1
2016/09/30,185,185,178,178,8000,178,1
2016/10/03,178,180,178,180,5000,180,1
2016/10/04,176,176,175,175,3000,175,1
2016/10/05,173,173,160,163,77000,163,1
2016/10/06,164,168,159,168,60000,168,1
2016/10/07,165,165,163,163,8000,163,1
2016/10/11,163,165,163,165,3000,165,1
2016/10/12,166,167,166,167,6000,167,1
2016/10/13,167,167,163,165,5000,165,1
2016/10/14,165,166,165,166,2000,166,1
2016/10/17,163,164,162,164,5000,164,1
2016/10/18,164,165,162,165,7000,165,1
2016/10/19,165,165,162,163,14000,163,1
2016/10/20,165,165,165,165,5000,165,1
2016/10/21,165,165,165,165,3000,165,1
2016/10/24,165,165,164,165,8000,165,1
2016/10/25,165,165,165,165,1000,165,1
2016/10/26,166,180,166,170,47000,170,1
2016/10/27,173,174,172,172,6000,172,1
2016/10/28,172,174,168,170,20000,170,1
2016/10/31,168,168,168,168,5000,168,1
2016/11/01,173,173,168,168,4000,168,1
2016/11/02,167,170,166,167,5000,167,1
2016/11/07,171,171,171,171,2000,171,1
2016/11/08,173,173,173,173,1000,173,1
2016/11/09,171,171,165,165,8000,165,1
2016/11/10,166,167,163,165,37000,165,1
2016/11/11,166,166,163,163,9000,163,1
2016/11/14,165,165,164,164,5000,164,1
2016/11/15,157,157,145,153,48000,153,1
2016/11/16,151,153,151,153,10000,153,1
2016/11/17,153,153,153,153,2000,153,1
2016/11/18,155,155,154,154,6000,154,1
2016/11/21,157,158,157,158,10000,158,1
2016/11/22,158,160,158,159,14000,159,1
2016/11/24,160,163,160,163,6000,163,1
2016/11/25,163,163,160,160,21000,160,1
2016/11/28,160,164,160,164,7000,164,1
2016/11/30,161,163,161,163,2000,163,1
2016/12/01,161,165,161,165,3000,165,1
2016/12/02,170,170,168,168,5000,168,1
2016/12/05,164,164,164,164,26000,164,1
2016/12/06,174,175,162,165,29000,165,1
2016/12/07,167,169,167,168,6000,168,1
2016/12/08,170,170,167,167,11000,167,1
2016/12/09,165,165,163,164,15000,164,1
2016/12/12,165,166,162,166,11000,166,1
2016/12/13,166,166,161,164,13000,164,1
2016/12/14,164,164,164,164,1000,164,1
2016/12/15,161,161,161,161,5000,161,1
2016/12/16,158,158,154,158,66000,158,1
2016/12/19,159,159,157,158,14000,158,1
2016/12/20,158,158,156,156,27000,156,1
2016/12/21,156,158,155,155,13000,155,1
2016/12/22,155,155,154,155,12000,155,1
2016/12/26,155,156,151,151,55000,151,1
2016/12/27,153,155,153,155,8000,155,1
2016/12/28,152,157,152,155,9000,155,1
2016/12/29,156,156,153,154,6000,154,1
2016/12/30,153,153,150,153,28000,153,1
2017/01/04,153,156,153,156,7000,156,1
2017/01/05,158,158,157,157,5000,157,1
2017/01/06,158,159,157,159,13000,159,1
2017/01/10,160,164,158,162,37000,162,1
2017/01/11,161,162,161,161,5000,161,1
2017/01/12,161,162,160,160,11000,160,1
2017/01/13,160,161,160,161,8000,161,1
2017/01/16,160,160,160,160,6000,160,1
2017/01/17,158,161,157,157,8000,157,1
2017/01/19,160,160,157,157,5000,157,1
2017/01/20,156,157,156,157,7000,157,1
2017/01/24,160,160,156,156,9000,156,1
2017/01/25,158,162,157,158,18000,158,1
2017/01/26,158,158,158,158,3000,158,1
2017/01/27,162,162,158,158,8000,158,1
2017/01/30,158,158,158,158,1000,158,1
2017/01/31,163,163,163,163,7000,163,1
2017/02/01,159,159,159,159,1000,159,1
2017/02/03,159,159,159,159,6000,159,1
2017/02/06,161,161,160,160,6000,160,1
2017/02/07,162,162,162,162,1000,162,1
2017/02/08,162,162,162,162,2000,162,1
2017/02/09,162,162,160,161,3000,161,1
2017/02/10,165,165,164,164,4000,164,1
2017/02/13,165,165,163,163,5000,163,1
2017/02/14,162,163,162,163,3000,163,1
2017/02/15,162,165,162,165,16000,165,1
2017/02/16,165,167,165,167,15000,167,1
2017/02/17,168,172,168,171,21000,171,1
2017/02/20,163,163,153,157,231000,157,1
2017/02/21,157,159,157,159,50000,159,1
2017/02/22,158,158,158,158,5000,158,1
2017/02/23,159,159,157,157,22000,157,1
2017/02/24,156,158,155,156,19000,156,1
2017/02/27,156,156,156,156,3000,156,1
2017/03/01,155,157,155,157,5000,157,1
2017/03/02,156,157,156,157,10000,157,1
2017/03/06,157,157,157,157,3000,157,1
2017/03/07,156,156,155,156,8000,156,1
2017/03/08,156,156,155,156,10000,156,1
2017/03/09,156,156,155,155,3000,155,1
2017/03/10,155,155,155,155,4000,155,1
2017/03/13,155,156,155,156,9000,156,1
2017/03/14,156,158,156,157,13000,157,1
2017/03/15,158,158,157,157,9000,157,1
2017/03/16,157,157,157,157,1000,157,1
2017/03/17,157,157,157,157,2000,157,1
2017/03/21,159,159,158,158,5000,158,1
2017/03/22,157,157,155,155,10000,155,1
2017/03/23,155,156,155,156,5000,156,1
2017/03/24,156,158,156,156,7000,156,1
2017/03/27,156,156,156,156,2000,156,1
2017/03/28,156,156,155,156,5000,156,1
2017/03/29,156,158,156,157,11000,157,1
2017/03/30,157,157,157,157,6000,157,1
2017/03/31,157,198,157,162,501000,162,1
2017/04/03,163,163,157,158,95000,158,1
2017/04/04,156,156,152,153,40000,153,1
2017/04/05,152,152,147,152,49000,152,1
2017/04/06,152,152,149,149,15000,149,1
2017/04/07,150,151,150,151,11000,151,1
2017/04/10,152,155,152,155,15000,155,1
2017/04/12,154,154,151,151,8000,151,1
2017/04/13,151,151,150,150,5000,150,1
2017/04/14,150,150,148,148,4000,148,1
2017/04/17,153,190,153,160,973000,160,1
2017/04/18,165,165,154,154,80000,154,1
2017/04/19,154,155,154,155,22000,155,1
2017/04/20,156,156,155,156,4000,156,1
2017/04/21,160,160,155,158,26000,158,1
2017/04/24,160,160,156,156,19000,156,1
2017/04/25,156,157,156,157,6000,157,1
2017/04/26,157,157,156,156,12000,156,1
2017/04/27,159,159,157,157,11000,157,1
2017/04/28,159,159,156,156,17000,156,1
2017/05/01,156,157,156,157,16000,157,1
2017/05/02,155,157,155,156,17000,156,1
2017/05/08,156,157,156,156,5000,156,1
2017/05/09,158,159,158,159,10000,159,1
2017/05/10,160,162,160,160,18000,160,1
2017/05/11,164,164,162,164,11000,164,1
2017/05/12,163,163,158,158,14000,158,1
2017/05/15,159,162,157,161,17000,161,1
2017/05/16,158,159,156,158,21000,158,1
2017/05/17,158,160,158,158,12000,158,1
2017/05/18,156,157,155,157,19000,157,1
2017/05/19,157,157,157,157,7000,157,1
2017/05/22,158,159,158,158,9000,158,1
2017/05/23,159,159,155,157,33000,157,1
2017/05/24,157,158,156,157,16000,157,1
2017/05/25,158,160,158,160,11000,160,1
2017/05/26,159,161,158,161,6000,161,1
2017/05/29,160,161,160,160,5000,160,1
2017/05/30,159,159,158,159,6000,159,1
2017/05/31,161,161,161,161,5000,161,1
2017/06/01,161,161,158,159,11000,159,1
2017/06/02,161,161,160,161,29000,161,1
2017/06/05,162,162,161,162,13000,162,1
2017/06/06,161,161,161,161,8000,161,1
2017/06/07,161,161,161,161,12000,161,1
2017/06/08,161,162,161,162,15000,162,1
2017/06/09,162,163,161,163,14000,163,1
2017/06/12,162,162,162,162,5000,162,1
2017/06/13,162,164,160,162,33000,162,1
2017/06/14,162,162,162,162,1000,162,1
2017/06/15,163,164,163,163,5000,163,1
2017/06/16,162,162,162,162,1000,162,1
2017/06/19,162,165,162,165,13000,165,1
2017/06/20,166,167,165,167,15000,167,1
2017/06/21,168,168,167,167,5000,167,1
2017/06/22,169,169,167,167,9000,167,1
2017/06/23,167,167,164,166,32000,166,1
2017/06/26,164,165,164,165,3000,165,1
2017/06/27,165,166,165,166,6000,166,1
2017/06/28,166,166,164,164,16000,164,1
2017/06/29,166,166,166,166,1000,166,1
2017/06/30,164,164,164,164,3000,164,1
2017/07/03,163,163,163,163,3000,163,1
2017/07/04,164,164,162,162,4000,162,1
2017/07/05,162,162,159,160,20000,160,1
2017/07/06,162,162,161,161,2000,161,1
2017/07/10,161,161,161,161,1000,161,1
2017/07/11,163,165,163,165,6000,165,1
2017/07/12,165,165,163,163,14000,163,1
2017/07/13,165,165,165,165,6000,165,1
2017/07/14,166,168,166,166,18000,166,1
2017/07/18,166,166,163,163,11000,163,1
2017/07/19,162,164,162,164,4000,164,1
2017/07/20,164,164,164,164,14000,164,1
2017/07/21,164,166,164,166,4000,166,1
2017/07/24,166,173,166,169,40000,169,1
2017/07/25,169,216,169,170,1943000,170,1
2017/07/26,175,175,166,166,241000,166,1
2017/07/27,168,216,168,216,266000,216,1
2017/07/28,286,296,281,296,1271000,296,1
2017/07/31,312,326,225,234,3334000,234,1
2017/08/01,228,234,201,211,1012000,211,1
2017/08/02,206,211,203,209,189000,209,1
2017/08/03,209,211,192,198,433000,198,1
2017/08/04,196,198,192,198,148000,198,1
2017/08/07,194,195,191,194,90000,194,1
2017/08/08,193,202,191,194,104000,194,1
2017/08/09,197,198,187,191,127000,191,1
2017/08/10,190,190,186,187,41000,187,1
2017/08/14,177,182,172,174,103000,174,1
2017/08/15,177,179,175,178,61000,178,1
2017/08/16,176,184,176,182,34000,182,1
2017/08/17,183,184,181,181,17000,181,1
2017/08/18,178,182,178,180,26000,180,1
2017/08/21,183,187,180,184,39000,184,1
2017/08/22,183,186,183,184,44000,184,1
2017/08/23,184,186,183,183,19000,183,1
2017/08/24,183,188,183,187,34000,187,1
2017/08/25,186,187,181,183,88000,183,1
2017/08/28,193,206,188,205,685000,205,1
2017/08/29,212,220,203,211,556000,211,1
2017/08/30,209,209,201,203,166000,203,1
2017/08/31,204,204,196,197,121000,197,1
2017/09/01,198,199,182,186,180000,186,1
2017/09/04,183,185,180,181,54000,181,1
2017/09/05,183,183,175,175,96000,175,1
2017/09/06,173,180,172,180,35000,180,1
2017/09/07,180,183,178,178,18000,178,1
2017/09/08,178,178,177,178,7000,178,1
2017/09/11,178,179,176,178,13000,178,1
2017/09/12,181,183,179,179,23000,179,1
2017/09/13,183,183,180,180,25000,180,1
2017/09/14,182,182,177,178,39000,178,1
2017/09/15,179,181,178,181,16000,181,1
2017/09/19,181,181,180,180,22000,180,1
2017/09/20,181,187,181,187,48000,187,1
2017/09/21,187,187,184,184,40000,184,1
2017/09/22,183,183,176,179,57000,179,1
2017/09/25,179,204,179,185,492000,185,1
2017/09/26,187,196,185,185,181000,185,1
2017/09/27,188,191,184,189,65000,189,1
2017/09/28,192,206,191,201,284000,201,1
2017/09/29,200,201,194,197,108000,197,1
2017/10/02,197,197,194,194,30000,194,1
2017/10/03,196,198,193,196,69000,196,1
2017/10/04,198,200,192,196,145000,196,1
2017/10/05,194,196,194,194,22000,194,1
2017/10/06,195,198,195,196,123000,196,1
2017/10/10,198,202,198,201,87000,201,1
2017/10/11,202,204,199,201,72000,201,1
2017/10/12,202,207,201,203,139000,203,1
2017/10/13,202,211,201,208,246000,208,1
2017/10/16,208,216,206,215,280000,215,1
2017/10/17,215,226,212,218,413000,218,1
2017/10/18,217,217,201,205,220000,205,1
2017/10/19,205,210,199,199,116000,199,1
2017/10/20,200,200,194,196,82000,196,1
2017/10/23,224,246,221,246,1134000,246,1
2017/10/24,278,326,275,310,10628000,310,1
2017/10/25,278,283,250,253,2631000,253,1
2017/10/26,248,260,246,260,511000,260,1
2017/10/27,253,255,227,237,915000,237,1
2017/10/30,245,272,236,236,1171000,236,1
2017/10/31,237,237,231,234,167000,234,1
2017/11/01,232,235,229,233,123000,233,1
2017/11/02,246,246,231,234,263000,234,1
2017/11/06,232,233,228,229,95000,229,1
2017/11/07,230,234,225,225,65000,225,1
2017/11/08,221,222,213,214,174000,214,1
2017/11/09,225,235,218,221,426000,221,1
2017/11/10,219,219,209,214,104000,214,1
2017/11/13,211,218,210,210,63000,210,1
2017/11/14,212,218,212,214,80000,214,1
2017/11/15,210,214,207,208,100000,208,1
2017/11/16,206,212,206,211,70000,211,1
2017/11/17,219,241,209,210,600000,210,1
2017/11/20,212,217,212,215,70000,215,1
2017/11/21,215,215,213,215,45000,215,1
2017/11/22,218,223,218,223,84000,223,1
2017/11/24,221,225,215,224,129000,224,1
2017/11/27,228,231,223,231,170000,231,1
2017/11/28,231,231,227,230,77000,230,1
2017/11/29,228,228,223,223,107000,223,1
2017/11/30,225,225,218,220,64000,220,1
2017/12/01,224,225,221,225,14000,225,1
2017/12/04,226,226,219,219,37000,219,1
2017/12/05,219,221,214,216,27000,216,1
2017/12/06,216,219,214,214,26000,214,1
2017/12/07,215,220,215,217,10000,217,1
2017/12/08,216,218,216,218,18000,218,1
2017/12/11,218,225,218,219,42000,219,1
2017/12/12,219,223,215,216,64000,216,1
2017/12/13,218,219,215,216,25000,216,1
2017/12/14,216,217,215,215,28000,215,1
2017/12/15,214,214,213,214,26000,214,1
2017/12/18,215,215,212,213,25000,213,1
2017/12/19,213,216,209,212,64000,212,1
2017/12/20,214,214,210,211,44000,211,1
2017/12/21,211,212,209,209,32000,209,1
2017/12/22,212,212,209,210,14000,210,1
2017/12/25,210,210,208,209,41000,209,1
2017/12/26,208,210,206,206,37000,206,1
2017/12/27,211,231,208,214,389000,214,1
2017/12/28,211,215,211,212,42000,212,1
2017/12/29,213,219,213,217,47000,217,1
2018/01/04,218,220,218,218,15000,218,1
2018/01/05,219,219,216,219,29000,219,1
2018/01/09,222,225,219,225,44000,225,1
2018/01/10,226,226,219,220,52000,220,1
2018/01/11,219,220,217,220,49000,220,1
2018/01/12,222,223,220,223,25000,223,1
2018/01/15,223,227,223,226,23000,226,1
2018/01/16,226,231,220,222,132000,222,1
2018/01/17,222,222,218,218,51000,218,1
2018/01/18,218,220,218,219,30000,219,1
2018/01/19,219,219,217,218,24000,218,1
2018/01/22,218,220,218,220,22000,220,1
2018/01/23,221,221,220,221,20000,221,1
2018/01/24,221,232,221,229,97000,229,1
2018/01/25,229,237,225,230,94000,230,1
2018/01/26,232,233,229,229,44000,229,1
2018/01/29,230,230,227,227,15000,227,1
2018/01/30,224,224,217,220,65000,220,1
2018/01/31,217,223,216,220,31000,220,1
2018/02/01,219,235,218,229,99000,229,1
2018/02/02,227,227,224,224,5000,224,1
2018/02/05,221,223,217,219,30000,219,1
2018/02/06,199,203,190,198,130000,198,1
2018/02/07,205,209,190,193,129000,193,1
2018/02/08,193,197,193,197,43000,197,1
2018/02/09,190,197,190,194,41000,194,1
2018/02/13,199,209,198,199,34000,199,1
2018/02/14,199,200,194,194,13000,194,1
2018/02/15,194,199,194,198,4000,198,1
2018/02/16,198,211,196,209,42000,209,1
2018/02/19,201,205,196,202,66000,202,1
2018/02/20,204,204,204,204,4000,204,1
2018/02/21,204,205,202,203,12000,203,1
2018/02/22,202,204,200,203,15000,203,1
2018/02/23,203,203,202,203,4000,203,1
2018/02/26,204,207,201,201,19000,201,1
2018/02/27,203,203,203,203,1000,203,1
2018/02/28,202,203,199,200,21000,200,1
2018/03/01,199,203,199,203,5000,203,1
2018/03/02,200,202,200,202,4000,202,1
2018/03/05,200,200,195,195,5000,195,1
2018/03/06,198,198,198,198,4000,198,1
2018/03/07,198,198,196,196,2000,196,1
2018/03/08,196,197,192,193,19000,193,1
2018/03/09,194,195,193,193,7000,193,1
2018/03/12,195,196,194,196,11000,196,1
2018/03/13,195,204,195,204,24000,204,1
2018/03/14,200,203,200,203,5000,203,1
2018/03/15,203,204,201,202,5000,202,1
2018/03/16,200,200,200,200,9000,200,1
2018/03/19,200,200,199,200,5000,200,1
2018/03/20,200,200,200,200,3000,200,1
2018/03/22,200,200,200,200,1000,200,1
2018/03/23,200,200,192,192,18000,192,1
2018/03/26,192,192,187,187,5000,187,1
2018/03/27,190,191,188,191,7000,191,1
2018/03/28,196,205,196,200,47000,200,1
2018/03/29,200,202,196,202,25000,202,1
2018/03/30,199,205,199,205,21000,205,1
2018/04/02,202,202,202,202,4000,202,1
2018/04/03,200,200,200,200,1000,200,1
2018/04/04,196,196,196,196,1000,196,1
2018/04/05,197,197,195,195,7000,195,1
2018/04/09,196,196,195,195,5000,195,1
2018/04/10,194,194,190,194,14000,194,1
2018/04/11,192,193,191,191,10000,191,1
2018/04/12,191,195,191,195,24000,195,1
2018/04/16,193,193,192,192,2000,192,1
2018/04/17,188,191,188,188,5000,188,1
2018/04/18,188,190,186,189,13000,189,1
2018/04/19,188,188,187,188,5000,188,1
2018/04/20,186,188,185,188,13000,188,1
2018/04/23,186,186,183,186,15000,186,1
2018/04/24,186,187,185,187,16000,187,1
2018/04/25,184,185,182,183,50000,183,1
2018/04/26,183,185,183,184,44000,184,1
2018/04/27,182,184,182,183,52000,183,1
2018/05/01,183,185,183,183,19000,183,1
2018/05/02,182,183,182,183,13000,183,1
2018/05/07,182,182,181,182,10000,182,1
2018/05/08,182,190,182,184,23000,184,1
2018/05/09,184,186,184,186,9000,186,1
2018/05/10,186,186,186,186,1000,186,1
2018/05/11,185,186,185,186,4000,186,1
2018/05/14,184,186,184,186,27000,186,1
2018/05/15,186,186,184,184,18000,184,1
2018/05/16,184,185,184,185,20000,185,1
2018/05/17,185,213,185,190,307000,190,1
2018/05/18,195,206,191,195,173000,195,1
2018/05/21,196,198,194,198,21000,198,1
2018/05/22,197,198,197,198,12000,198,1
2018/05/23,196,196,192,193,20000,193,1
2018/05/24,193,193,192,192,4000,192,1
2018/05/25,193,202,193,202,40000,202,1
2018/05/28,205,206,202,205,62000,205,1
2018/05/29,203,203,201,202,21000,202,1
2018/05/30,199,199,195,197,27000,197,1
2018/05/31,198,201,198,201,15000,201,1
2018/06/01,203,203,199,199,6000,199,1
2018/06/04,199,205,199,202,21000,202,1
2018/06/05,201,201,199,199,6000,199,1
2018/06/06,199,215,199,210,80000,210,1
2018/06/07,210,210,202,203,36000,203,1
2018/06/08,202,202,200,200,14000,200,1
2018/06/11,199,200,199,199,4000,199,1
2018/06/12,200,202,200,200,9000,200,1
2018/06/13,200,206,199,205,27000,205,1
2018/06/14,203,208,203,208,36000,208,1
2018/06/15,208,212,207,207,45000,207,1
2018/06/18,206,206,203,205,20000,205,1
2018/06/19,203,206,192,206,36000,206,1
2018/06/20,201,205,195,201,39000,201,1
2018/06/22,201,202,200,201,10000,201,1
2018/06/25,199,200,198,198,10000,198,1
2018/06/26,197,198,194,196,22000,196,1
2018/06/27,197,198,197,198,6000,198,1
2018/06/28,198,199,196,198,34000,198,1
2018/06/29,200,204,200,203,9000,203,1
2018/07/02,203,203,201,202,15200,202,1
2018/07/03,203,203,200,200,3600,200,1
2018/07/04,200,202,199,200,15200,200,1
2018/07/05,200,200,194,195,16700,195,1
2018/07/06,208,208,199,199,58400,199,1
2018/07/09,198,201,197,198,12400,198,1
2018/07/10,203,203,199,200,17900,200,1
2018/07/11,199,199,195,196,11700,196,1
2018/07/12,196,198,196,198,1300,198,1
2018/07/13,197,199,196,196,4800,196,1
2018/07/17,196,200,196,199,4300,199,1
2018/07/18,200,200,197,198,3000,198,1
2018/07/19,200,207,200,206,31600,206,1
2018/07/20,204,204,200,203,13700,203,1
2018/07/23,203,203,200,201,25400,201,1
2018/07/24,203,203,194,200,46400,200,1
2018/07/25,196,200,196,200,27700,200,1
2018/07/26,198,200,198,198,11800,198,1
2018/07/27,200,200,192,196,28900,196,1
2018/07/30,196,196,190,191,63100,191,1
2018/07/31,189,192,187,191,26600,191,1
2018/08/01,191,193,191,193,4200,193,1
2018/08/02,193,193,190,192,17500,192,1
2018/08/03,192,192,192,192,2200,192,1
2018/08/06,191,192,191,192,2300,192,1
2018/08/07,190,190,188,190,7800,190,1
2018/08/08,190,194,190,194,9400,194,1
2018/08/09,192,193,192,193,1100,193,1
2018/08/10,194,195,192,195,4200,195,1
2018/08/13,191,192,184,184,6400,184,1
2018/08/14,185,186,182,184,8400,184,1
