2007/01/04,795,823,795,823,5100,823,1
2007/01/05,830,830,810,810,15400,810,1
2007/01/09,810,810,800,810,1300,810,1
2007/01/10,816,816,790,790,3800,790,1
2007/01/11,792,792,790,790,4600,790,1
2007/01/12,770,800,770,800,18500,800,1
2007/01/15,800,810,800,800,2200,800,1
2007/01/16,800,800,765,765,1500,765,1
2007/01/17,790,800,790,799,1600,799,1
2007/01/18,789,805,789,805,1900,805,1
2007/01/19,800,805,800,805,900,805,1
2007/01/22,805,805,795,805,3200,805,1
2007/01/23,799,803,790,790,4900,790,1
2007/01/24,800,803,796,800,2600,800,1
2007/01/25,810,810,800,800,25300,800,1
2007/01/26,805,810,800,810,5600,810,1
2007/01/29,817,817,800,810,8800,810,1
2007/01/30,810,810,803,805,4800,805,1
2007/01/31,802,810,801,810,4900,810,1
2007/02/01,817,818,812,815,8100,815,1
2007/02/02,815,825,815,825,1700,825,1
2007/02/05,819,822,819,821,11100,821,1
2007/02/06,812,828,810,822,14900,822,1
2007/02/07,813,824,812,824,13400,824,1
2007/02/08,815,825,810,811,6500,811,1
2007/02/09,811,820,808,812,3500,812,1
2007/02/13,811,822,811,822,14500,822,1
2007/02/14,822,824,821,821,3900,821,1
2007/02/15,821,821,815,819,7200,819,1
2007/02/16,818,820,818,820,1700,820,1
2007/02/19,819,830,819,823,22300,823,1
2007/02/20,815,820,810,819,3600,819,1
2007/02/21,815,819,815,819,3400,819,1
2007/02/22,819,820,818,820,8200,820,1
2007/02/23,823,823,816,820,8600,820,1
2007/02/26,820,820,820,820,1100,820,1
2007/02/27,810,820,810,817,5000,817,1
2007/02/28,805,810,800,805,3500,805,1
2007/03/01,808,812,800,812,9000,812,1
2007/03/02,808,808,795,803,5200,803,1
2007/03/05,799,800,799,800,2500,800,1
2007/03/06,774,800,774,780,29600,780,1
2007/03/07,784,791,771,781,15600,781,1
2007/03/08,781,794,773,790,5800,790,1
2007/03/09,795,805,792,803,64200,803,1
2007/03/12,805,819,804,816,36900,816,1
2007/03/13,826,845,825,838,66800,838,1
2007/03/14,818,842,818,840,29300,840,1
2007/03/15,845,860,845,856,30800,856,1
2007/03/16,880,899,873,883,27800,883,1
2007/03/19,883,885,877,885,10300,885,1
2007/03/20,886,886,877,884,21400,884,1
2007/03/22,875,880,865,879,49600,879,1
2007/03/23,889,890,885,889,30000,889,1
2007/03/26,874,892,873,892,10300,892,1
2007/03/27,895,899,882,899,6300,899,1
2007/03/28,888,898,860,880,3900,880,1
2007/03/29,871,871,862,863,7700,863,1
2007/03/30,871,871,835,860,11800,860,1
2007/04/02,860,863,850,850,1800,850,1
2007/04/03,845,845,810,830,19300,830,1
2007/04/04,833,835,830,835,4900,835,1
2007/04/05,838,857,820,857,18100,857,1
2007/04/06,848,860,848,860,7600,860,1
2007/04/09,860,862,855,859,9000,859,1
2007/04/10,857,857,820,848,16000,848,1
2007/04/11,848,848,845,845,600,845,1
2007/04/12,840,840,807,808,5900,808,1
2007/04/13,808,812,808,808,8400,808,1
2007/04/16,808,810,780,780,18800,780,1
2007/04/17,800,800,745,752,19800,752,1
2007/04/18,755,768,745,745,9700,745,1
2007/04/19,765,799,759,799,6100,799,1
2007/04/20,798,798,783,783,600,783,1
2007/04/23,783,783,770,770,6600,770,1
2007/04/24,770,798,770,798,6000,798,1
2007/04/25,808,808,800,800,9600,800,1
2007/04/26,790,815,787,787,6700,787,1
2007/04/27,802,802,793,793,3200,793,1
2007/05/01,803,803,794,794,3500,794,1
2007/05/02,794,794,760,760,6500,760,1
2007/05/07,775,790,761,775,8300,775,1
2007/05/08,780,780,770,779,1100,779,1
2007/05/09,770,775,763,770,29900,770,1
2007/05/10,785,785,770,776,6200,776,1
2007/05/11,769,789,769,789,800,789,1
2007/05/14,779,798,779,798,1300,798,1
2007/05/15,808,808,795,795,4500,795,1
2007/05/16,805,810,795,798,32100,798,1
2007/05/17,800,801,785,800,10800,800,1
2007/05/18,795,800,780,785,6200,785,1
2007/05/21,795,803,795,800,16900,800,1
2007/05/22,810,832,805,832,10000,832,1
2007/05/23,842,850,835,835,4800,835,1
2007/05/24,839,848,838,848,4000,848,1
2007/05/25,850,859,845,850,12600,850,1
2007/05/28,850,850,830,849,4600,849,1
2007/05/29,846,855,835,853,6100,853,1
2007/05/30,849,860,825,840,17300,840,1
2007/05/31,856,890,856,890,31200,890,1
2007/06/01,880,915,800,869,45800,869,1
2007/06/04,860,870,851,855,7300,855,1
2007/06/05,854,860,854,860,1600,860,1
2007/06/06,870,879,870,879,1100,879,1
2007/06/07,880,880,860,875,10300,875,1
2007/06/08,874,874,874,874,200,874,1
2007/06/11,884,884,872,872,4900,872,1
2007/06/12,889,889,876,889,5600,889,1
2007/06/13,879,890,875,875,5200,875,1
2007/06/14,871,885,871,875,1300,875,1
2007/06/15,865,883,865,883,1500,883,1
2007/06/18,890,894,889,894,7400,894,1
2007/06/19,891,891,882,884,12500,884,1
2007/06/20,891,891,873,873,6500,873,1
2007/06/21,873,883,872,878,2400,878,1
2007/06/22,887,887,875,884,5000,884,1
2007/06/25,888,888,873,873,11400,873,1
2007/06/26,879,880,879,880,1300,880,1
2007/06/27,898,898,879,879,33300,879,1
2007/06/28,883,883,883,883,400,883,1
2007/06/29,881,885,872,872,3500,872,1
2007/07/02,882,882,875,875,5300,875,1
2007/07/03,870,896,869,885,23200,885,1
2007/07/04,875,888,875,880,6200,880,1
2007/07/05,888,888,880,880,1200,880,1
2007/07/06,880,885,880,885,1300,885,1
2007/07/09,888,888,878,878,1900,878,1
2007/07/10,878,878,878,878,14000,878,1
2007/07/11,875,887,865,878,7200,878,1
2007/07/12,868,877,866,870,18400,870,1
2007/07/13,868,875,868,870,20200,870,1
2007/07/17,870,870,868,868,16700,868,1
2007/07/18,865,865,855,856,7400,856,1
2007/07/19,856,856,820,845,5500,845,1
2007/07/20,860,860,840,840,5500,840,1
2007/07/23,830,845,830,845,1400,845,1
2007/07/24,855,855,837,839,9800,839,1
2007/07/25,849,851,840,851,15500,851,1
2007/07/26,847,849,840,845,3000,845,1
2007/07/27,826,826,820,820,1000,820,1
2007/07/30,820,820,811,811,300,811,1
2007/07/31,816,818,811,818,1400,818,1
2007/08/01,828,830,828,830,6900,830,1
2007/08/02,815,819,811,819,4300,819,1
2007/08/03,822,822,817,817,2400,817,1
2007/08/06,810,820,810,820,10100,820,1
2007/08/07,820,820,820,820,4000,820,1
2007/08/08,820,820,809,809,2300,809,1
2007/08/09,806,820,800,820,3400,820,1
2007/08/10,820,820,820,820,1400,820,1
2007/08/13,805,805,799,799,2500,799,1
2007/08/14,795,795,750,760,3500,760,1
2007/08/15,766,800,766,800,3200,800,1
2007/08/16,800,800,770,780,2800,780,1
2007/08/17,770,790,765,789,3200,789,1
2007/08/20,739,805,733,780,16700,780,1
2007/08/21,769,788,769,788,1800,788,1
2007/08/23,789,810,789,810,7500,810,1
2007/08/24,840,840,804,832,10000,832,1
2007/08/27,842,842,819,825,6100,825,1
2007/08/28,820,820,780,801,9400,801,1
2007/08/29,791,800,790,800,2600,800,1
2007/08/30,818,820,818,820,6100,820,1
2007/08/31,800,820,800,800,3800,800,1
2007/09/03,800,810,800,805,2700,805,1
2007/09/04,795,815,795,815,800,815,1
2007/09/06,800,800,800,800,100,800,1
2007/09/07,809,810,789,810,1400,810,1
2007/09/10,780,781,779,780,7500,780,1
2007/09/11,778,800,778,780,6700,780,1
2007/09/12,780,780,780,780,2000,780,1
2007/09/13,777,777,737,770,6100,770,1
2007/09/14,740,745,727,745,10300,745,1
2007/09/18,731,750,730,749,8700,749,1
2007/09/19,745,749,740,749,1500,749,1
2007/09/20,752,759,749,749,2500,749,1
2007/09/21,744,760,742,750,8500,750,1
2007/09/25,759,759,750,750,13200,750,1
2007/09/26,748,748,748,748,1800,748,1
2007/09/27,748,760,735,760,4300,760,1
2007/09/28,759,760,757,757,4900,757,1
2007/10/01,757,757,757,757,200,757,1
2007/10/02,752,758,745,745,2300,745,1
2007/10/03,745,747,730,730,6600,730,1
2007/10/04,760,760,751,751,3300,751,1
2007/10/09,759,759,757,758,7800,758,1
2007/10/10,758,758,745,750,7000,750,1
2007/10/11,740,740,738,738,3900,738,1
2007/10/12,738,740,730,740,7600,740,1
2007/10/15,750,750,748,748,11200,748,1
2007/10/16,748,748,735,735,5900,735,1
2007/10/17,735,738,735,738,300,738,1
2007/10/18,737,740,737,738,4500,738,1
2007/10/19,732,732,732,732,2200,732,1
2007/10/22,730,732,722,722,1400,722,1
2007/10/23,739,739,739,739,1300,739,1
2007/10/24,749,755,740,749,3300,749,1
2007/10/25,809,821,781,781,37200,781,1
2007/10/26,771,779,770,777,6200,777,1
2007/10/29,780,790,775,790,9400,790,1
2007/10/30,790,791,790,791,3600,791,1
2007/10/31,797,797,771,773,800,773,1
2007/11/01,775,790,775,790,5600,790,1
2007/11/02,789,789,765,789,1900,789,1
2007/11/05,779,795,779,795,1400,795,1
2007/11/06,770,795,765,765,3900,765,1
2007/11/07,767,781,767,780,2200,780,1
2007/11/08,778,778,756,766,1500,766,1
2007/11/09,765,785,765,770,1800,770,1
2007/11/12,730,741,725,737,39500,737,1
2007/11/13,741,752,726,726,8800,726,1
2007/11/14,731,756,731,734,7800,734,1
2007/11/15,744,767,737,737,35200,737,1
2007/11/16,736,745,730,733,16400,733,1
2007/11/19,743,743,733,741,6300,741,1
2007/11/20,731,731,719,728,5400,728,1
2007/11/21,728,735,720,721,18700,721,1
2007/11/22,724,724,711,719,13300,719,1
2007/11/26,720,720,704,720,4300,720,1
2007/11/27,720,740,712,722,5000,722,1
2007/11/28,723,743,723,743,2800,743,1
2007/11/29,740,740,720,730,3900,730,1
2007/11/30,720,730,720,726,1900,726,1
2007/12/03,726,730,726,730,1200,730,1
2007/12/04,727,730,727,730,4600,730,1
2007/12/05,728,729,725,726,3100,726,1
2007/12/06,725,741,725,741,5200,741,1
2007/12/07,759,759,743,745,18400,745,1
2007/12/10,736,775,736,742,6200,742,1
2007/12/11,740,742,740,740,1800,740,1
2007/12/12,750,778,748,753,1100,753,1
2007/12/13,745,745,745,745,1200,745,1
2007/12/14,740,740,727,739,6300,739,1
2007/12/17,739,740,721,740,17400,740,1
2007/12/18,750,750,712,719,12700,719,1
2007/12/19,728,739,716,720,8000,720,1
2007/12/20,725,725,719,719,7100,719,1
2007/12/21,719,721,717,719,15300,719,1
2007/12/25,729,729,709,720,25500,720,1
2007/12/26,710,719,710,719,3100,719,1
2007/12/27,716,720,715,720,9400,720,1
2008/01/04,720,720,719,719,29500,719,1
2008/01/07,709,720,709,712,28400,712,1
2008/01/08,710,710,700,700,7000,700,1
2008/01/09,692,700,692,700,4200,700,1
2008/01/10,703,719,702,702,3600,702,1
2008/01/11,708,710,700,700,10500,700,1
2008/01/15,699,710,692,700,27500,700,1
2008/01/16,686,704,685,685,23100,685,1
2008/01/17,695,699,689,699,12600,699,1
2008/01/18,698,700,695,700,4300,700,1
2008/01/21,690,690,685,685,1000,685,1
2008/01/22,671,671,656,670,15000,670,1
2008/01/23,655,670,641,654,19100,654,1
2008/01/24,660,663,658,660,27700,660,1
2008/01/25,660,670,651,662,59900,662,1
2008/01/28,660,660,650,660,1800,660,1
2008/01/29,650,660,647,660,2200,660,1
2008/01/30,665,699,665,679,3100,679,1
2008/01/31,665,679,650,679,31100,679,1
2008/02/01,679,681,679,679,5200,679,1
2008/02/04,680,680,680,680,18800,680,1
2008/02/05,676,685,676,683,11400,683,1
2008/02/06,680,685,680,685,7800,685,1
2008/02/07,685,685,680,680,6400,680,1
2008/02/08,680,680,680,680,1500,680,1
2008/02/12,680,700,680,680,6200,680,1
2008/02/13,670,671,668,668,1800,668,1
2008/02/14,670,685,670,685,2800,685,1
2008/02/15,670,700,668,700,36900,700,1
2008/02/18,710,715,700,700,22200,700,1
2008/02/21,930,940,800,891,234500,891,1
2008/02/22,900,910,890,900,129000,900,1
2008/02/25,920,930,915,927,99000,927,1
2008/02/26,930,940,930,938,40800,938,1
2008/02/27,939,950,937,937,100300,937,1
2008/02/28,907,930,905,920,7600,920,1
2008/02/29,930,950,930,940,34800,940,1
2008/03/03,939,980,939,965,85400,965,1
2008/03/04,945,970,925,925,36000,925,1
2008/03/05,927,1025,927,1025,135100,1025,1
2008/03/06,955,955,900,903,75800,903,1
2008/03/07,900,910,898,900,24100,900,1
2008/03/10,900,920,900,920,23200,920,1
2008/03/11,920,945,919,925,25500,925,1
2008/03/12,925,960,925,934,27800,934,1
2008/03/13,931,960,931,940,42700,940,1
2008/03/14,940,970,920,931,35500,931,1
2008/03/17,926,926,900,900,39200,900,1
2008/03/18,905,919,899,907,17100,907,1
2008/03/19,919,960,919,942,55000,942,1
2008/03/21,950,985,950,975,51000,975,1
2008/03/24,985,1010,985,1000,81500,1000,1
2008/03/25,1010,1010,990,1005,43000,1005,1
2008/03/26,963,990,953,953,4900,953,1
2008/03/27,951,955,950,951,8800,951,1
2008/03/28,951,952,931,936,1700,936,1
2008/03/31,950,950,930,932,4700,932,1
2008/04/01,922,925,920,922,4300,922,1
2008/04/02,919,940,919,940,10900,940,1
2008/04/03,930,930,922,924,5300,924,1
2008/04/04,924,925,921,924,7600,924,1
2008/04/07,930,937,925,927,2100,927,1
2008/04/08,920,924,919,922,7900,922,1
2008/04/09,920,921,918,919,9100,919,1
2008/04/10,918,930,915,918,7300,918,1
2008/04/11,928,930,927,927,7700,927,1
2008/04/14,921,923,919,922,4800,922,1
2008/04/15,922,922,914,918,5000,918,1
2008/04/16,927,927,915,918,13700,918,1
2008/04/17,915,920,915,917,6100,917,1
2008/04/18,915,916,903,914,10800,914,1
2008/04/21,909,915,894,901,27700,901,1
2008/04/22,892,900,890,900,39400,900,1
2008/04/23,900,914,894,914,10600,914,1
2008/04/24,908,910,899,901,11500,901,1
2008/04/25,910,910,896,897,17900,897,1
2008/04/28,917,917,898,900,15200,900,1
2008/04/30,900,910,895,910,15600,910,1
2008/05/01,895,899,891,898,4400,898,1
2008/05/02,898,898,892,896,4400,896,1
2008/05/07,896,905,896,905,9300,905,1
2008/05/08,905,909,900,909,5200,909,1
2008/05/09,901,912,899,910,6200,910,1
2008/05/12,902,920,901,920,6300,920,1
2008/05/13,920,925,917,925,9400,925,1
2008/05/14,935,935,905,919,4000,919,1
2008/05/15,911,915,909,914,5100,914,1
2008/05/16,919,924,913,924,7800,924,1
2008/05/19,924,924,914,916,51400,916,1
2008/05/20,921,921,916,920,4400,920,1
2008/05/21,918,920,915,916,12700,916,1
2008/05/22,917,938,916,938,10700,938,1
2008/05/23,942,942,920,925,14000,925,1
2008/05/26,925,928,920,921,5900,921,1
2008/05/27,938,938,920,934,5900,934,1
2008/05/28,925,930,920,927,3700,927,1
2008/05/29,930,930,930,930,500,930,1
2008/05/30,927,930,920,930,4200,930,1
2008/06/02,921,925,920,925,5300,925,1
2008/06/03,930,939,926,929,4100,929,1
2008/06/04,925,925,890,925,6400,925,1
2008/06/05,925,925,920,925,2400,925,1
2008/06/06,926,929,925,926,4600,926,1
2008/06/09,932,975,932,950,29500,950,1
2008/06/10,950,950,935,935,9900,935,1
2008/06/11,935,935,930,933,3000,933,1
2008/06/12,939,950,934,950,10700,950,1
2008/06/13,940,940,933,939,5500,939,1
2008/06/16,936,940,936,937,2500,937,1
2008/06/17,937,944,934,944,3200,944,1
2008/06/18,946,947,938,942,15200,942,1
2008/06/19,942,942,938,942,4600,942,1
2008/06/20,940,948,937,948,16700,948,1
2008/06/23,945,950,940,945,24800,945,1
2008/06/24,945,946,939,946,32800,946,1
2008/06/25,947,948,940,948,25500,948,1
2008/06/26,948,950,941,950,26700,950,1
2008/06/27,920,930,890,890,20200,890,1
2008/06/30,790,810,790,807,46200,807,1
2008/07/01,787,819,760,817,18500,817,1
2008/07/02,779,790,724,757,22900,757,1
2008/07/03,726,730,704,710,12100,710,1
2008/07/04,720,757,720,743,19700,743,1
2008/07/07,749,759,720,740,11600,740,1
2008/07/08,744,759,731,747,22800,747,1
2008/07/09,767,785,747,785,17600,785,1
2008/07/10,790,790,790,790,1300,790,1
2008/07/11,792,802,760,770,10900,770,1
2008/07/14,770,848,765,848,13500,848,1
2008/07/15,800,822,800,822,7500,822,1
2008/07/16,822,860,820,838,8800,838,1
2008/07/17,838,850,820,830,7300,830,1
2008/07/18,860,860,812,835,5200,835,1
2008/07/22,846,880,826,850,11500,850,1
2008/07/23,880,911,875,895,35400,895,1
2008/07/24,890,921,888,921,20700,921,1
2008/07/25,950,950,912,915,49100,915,1
2008/07/28,915,930,906,915,9100,915,1
2008/07/29,900,930,890,920,5300,920,1
2008/07/30,911,960,911,958,51100,958,1
2008/07/31,928,985,928,960,26900,960,1
2008/08/01,975,975,960,970,1000,970,1
2008/08/04,985,985,970,979,6500,979,1
2008/08/05,979,979,958,978,5700,978,1
2008/08/06,978,990,958,989,38800,989,1
2008/08/07,984,990,958,990,13600,990,1
2008/08/08,984,993,974,974,24100,974,1
2008/08/11,964,964,964,964,100,964,1
2008/08/12,990,991,980,990,12400,990,1
2008/08/13,992,992,975,975,23800,975,1
2008/08/14,905,985,905,975,9400,975,1
2008/08/15,975,975,920,920,2200,920,1
2008/08/18,912,912,912,912,100,912,1
2008/08/19,912,915,912,915,200,915,1
2008/08/20,930,930,930,930,500,930,1
2008/08/21,950,950,946,946,300,946,1
2008/08/22,970,985,970,985,4100,985,1
2008/08/25,993,993,960,960,11500,960,1
2008/08/26,980,980,920,950,1600,950,1
2008/08/27,940,990,940,990,8700,990,1
2008/08/28,960,985,960,985,6100,985,1
2008/08/29,945,985,945,975,900,975,1
2008/09/01,935,980,925,980,1100,980,1
2008/09/02,980,990,980,990,41100,990,1
2008/09/03,950,990,950,990,18400,990,1
2008/09/04,951,980,951,980,7900,980,1
2008/09/05,980,990,980,990,4800,990,1
2008/09/08,965,965,965,965,1200,965,1
2008/09/09,965,990,965,990,1300,990,1
2008/09/10,980,980,980,980,1100,980,1
2008/09/11,981,990,980,990,800,990,1
2008/09/12,984,985,980,980,4300,980,1
2008/09/16,920,990,920,990,3500,990,1
2008/09/17,980,995,980,980,2400,980,1
2008/09/18,995,995,980,980,400,980,1
2008/09/19,960,1020,960,995,25200,995,1
2008/09/22,1000,1010,985,995,3700,995,1
2008/09/24,990,1020,990,1016,2700,1016,1
2008/09/25,1024,1024,972,984,8900,984,1
2008/09/26,989,989,985,985,300,985,1
2008/09/29,996,1000,993,993,2400,993,1
2008/10/01,995,995,995,995,900,995,1
2008/10/02,975,977,975,977,1500,977,1
2008/10/03,937,1050,937,1050,11300,1050,1
2008/10/06,990,1050,980,1050,9600,1050,1
2008/10/07,1000,1050,1000,1050,9400,1050,1
2008/10/08,1010,1050,975,1050,15500,1050,1
2008/10/09,1050,1050,990,1050,26200,1050,1
2008/10/10,1010,1050,995,995,25000,995,1
2008/10/14,1001,1050,995,1050,6700,1050,1
2008/10/15,1050,1051,1030,1051,25200,1051,1
2008/10/16,1031,1040,1021,1031,4300,1031,1
2008/10/17,1031,1031,1000,1000,500,1000,1
2008/10/20,950,980,950,960,900,960,1
2008/10/21,960,961,951,961,1800,961,1
2008/10/23,890,950,890,950,4100,950,1
2008/10/24,960,960,960,960,8100,960,1
2008/10/27,960,960,960,960,100,960,1
2008/10/29,944,950,870,870,1600,870,1
2008/10/30,830,830,830,830,600,830,1
2008/10/31,850,850,850,850,100,850,1
2008/11/05,850,850,850,850,100,850,1
2008/11/07,870,880,870,880,400,880,1
2008/11/10,860,860,860,860,200,860,1
2008/11/12,899,899,899,899,1800,899,1
2008/11/13,889,889,889,889,1100,889,1
2008/11/17,880,880,880,880,200,880,1
2008/11/18,830,830,830,830,1000,830,1
2008/11/19,820,820,820,820,200,820,1
2008/11/20,822,822,822,822,500,822,1
2008/11/21,830,870,827,870,4900,870,1
2008/11/25,890,890,880,890,11500,890,1
2008/11/26,820,825,800,825,3600,825,1
2008/11/28,850,850,850,850,400,850,1
2008/12/01,805,806,803,803,3900,803,1
2008/12/03,810,810,810,810,200,810,1
2008/12/05,830,830,827,830,2200,830,1
2008/12/08,900,900,900,900,11500,900,1
2008/12/09,900,900,898,898,4500,898,1
2008/12/11,896,896,896,896,2000,896,1
2008/12/15,895,895,895,895,300,895,1
2008/12/16,880,880,880,880,300,880,1
2008/12/17,900,900,900,900,2200,900,1
2008/12/18,900,920,900,920,5700,920,1
2008/12/19,900,920,900,900,2000,900,1
2008/12/22,910,920,910,920,2100,920,1
2008/12/24,928,950,926,950,6600,950,1
2008/12/25,1000,1000,1000,1000,12700,1000,1
2008/12/26,950,950,950,950,100,950,1
2008/12/29,900,900,880,880,200,880,1
2009/01/05,823,850,823,850,800,850,1
2009/01/06,900,900,900,900,100,900,1
2009/01/14,950,960,931,960,400,960,1
2009/01/15,892,900,892,900,1100,900,1
2009/01/16,870,885,870,880,1800,880,1
2009/01/19,881,900,881,900,500,900,1
2009/01/20,900,928,900,908,1500,908,1
2009/01/21,908,908,893,908,2000,908,1
2009/01/22,917,935,913,930,4500,930,1
2009/01/23,920,920,919,919,8500,919,1
2009/01/28,890,890,890,890,100,890,1
2009/01/29,810,830,810,820,5000,820,1
2009/01/30,830,830,830,830,400,830,1
2009/02/02,820,830,820,830,1700,830,1
2009/02/03,840,840,840,840,100,840,1
2009/02/04,841,841,841,841,200,841,1
2009/02/05,801,810,801,810,1800,810,1
2009/02/06,800,800,800,800,1700,800,1
2009/02/09,800,800,800,800,2000,800,1
2009/02/10,810,810,810,810,200,810,1
2009/02/13,800,830,800,830,600,830,1
2009/02/16,825,825,825,825,100,825,1
2009/02/18,826,830,825,830,700,830,1
2009/02/19,825,825,823,823,1200,823,1
2009/02/20,823,823,820,823,800,823,1
2009/02/24,823,875,823,875,6600,875,1
2009/02/25,869,869,840,840,7500,840,1
2009/02/26,842,850,842,850,500,850,1
2009/02/27,860,875,860,875,300,875,1
2009/03/03,850,850,850,850,1000,850,1
2009/03/04,852,855,852,855,200,855,1
2009/03/05,940,940,940,940,2000,940,1
2009/03/06,940,940,920,920,300,920,1
2009/03/09,920,920,920,920,100,920,1
2009/03/11,900,900,900,900,200,900,1
2009/03/12,900,900,900,900,500,900,1
2009/03/13,860,870,860,860,1000,860,1
2009/03/16,860,900,860,900,1100,900,1
2009/03/17,920,920,910,910,300,910,1
2009/03/18,910,910,900,900,800,900,1
2009/03/19,900,900,900,900,100,900,1
2009/03/23,881,900,881,900,1000,900,1
2009/03/24,920,949,920,949,900,949,1
2009/03/25,959,959,950,950,7300,950,1
2009/03/26,940,950,940,950,400,950,1
2009/03/27,880,880,870,870,1200,870,1
2009/03/30,851,851,842,842,300,842,1
2009/03/31,822,835,822,835,1100,835,1
2009/04/01,850,850,850,850,100,850,1
2009/04/02,889,889,889,889,300,889,1
2009/04/06,890,890,841,850,1200,850,1
2009/04/10,860,860,859,859,200,859,1
2009/04/13,868,868,868,868,300,868,1
2009/04/14,878,878,878,878,200,878,1
2009/04/16,876,876,876,876,100,876,1
2009/04/20,875,875,875,875,300,875,1
2009/04/21,884,890,884,890,300,890,1
2009/04/22,882,885,882,884,800,884,1
2009/04/23,900,920,900,920,7300,920,1
2009/04/24,915,915,865,865,7500,865,1
2009/04/27,864,885,864,885,500,885,1
2009/04/30,845,845,830,830,2100,830,1
2009/05/07,838,845,838,845,300,845,1
2009/05/08,846,846,846,846,100,846,1
2009/05/11,850,853,850,853,1200,853,1
2009/05/12,854,854,854,854,200,854,1
2009/05/13,856,856,855,855,1600,855,1
2009/05/14,885,885,885,885,100,885,1
2009/05/15,854,870,854,870,500,870,1
2009/05/18,860,860,857,857,1000,857,1
2009/05/20,860,860,860,860,500,860,1
2009/05/21,871,884,871,884,2200,884,1
2009/05/22,889,900,884,897,6700,897,1
2009/05/25,888,900,848,895,10800,895,1
2009/05/26,865,865,865,865,100,865,1
2009/05/28,860,910,860,910,2100,910,1
2009/05/29,910,910,910,910,2000,910,1
2009/06/01,890,890,890,890,100,890,1
2009/06/02,900,900,900,900,1700,900,1
2009/06/03,890,900,890,900,3100,900,1
2009/06/04,910,910,900,905,700,905,1
2009/06/05,900,920,900,920,1600,920,1
2009/06/08,923,925,895,915,3700,915,1
2009/06/09,905,905,905,905,100,905,1
2009/06/10,910,920,910,920,600,920,1
2009/06/11,926,930,920,930,1400,930,1
2009/06/12,934,945,934,945,4000,945,1
2009/06/16,948,948,945,945,300,945,1
2009/06/17,941,941,941,941,100,941,1
2009/06/18,940,943,940,943,2100,943,1
2009/06/19,940,940,940,940,2600,940,1
2009/06/22,940,945,940,945,1300,945,1
2009/06/23,945,948,945,948,800,948,1
2009/06/24,947,970,947,969,8900,969,1
2009/06/25,979,979,970,970,7200,970,1
2009/06/26,999,1000,997,1000,20000,1000,1
2009/06/29,1000,1000,1000,1000,4500,1000,1
2009/07/01,1000,1000,1000,1000,6900,1000,1
2009/07/02,1000,1000,1000,1000,2500,1000,1
2009/07/03,1000,1000,1000,1000,3300,1000,1
2009/07/06,1000,1000,1000,1000,1000,1000,1
2009/07/07,1000,1000,1000,1000,1000,1000,1
2009/07/08,1000,1001,1000,1001,5500,1001,1
2009/07/09,1005,1005,1005,1005,2400,1005,1
2009/07/10,1005,1020,1005,1020,800,1020,1
2009/07/13,1002,1020,1002,1020,1100,1020,1
2009/07/14,1010,1010,1010,1010,500,1010,1
2009/07/15,1014,1014,1014,1014,100,1014,1
2009/07/16,1010,1010,1010,1010,1100,1010,1
2009/07/17,1010,1010,1010,1010,100,1010,1
2009/07/21,1012,1012,1012,1012,200,1012,1
2009/07/22,1030,1030,1030,1030,100,1030,1
2009/07/23,1040,1100,1040,1099,9200,1099,1
2009/07/24,1140,1140,1140,1140,17300,1140,1
2009/07/27,1150,1150,1140,1150,7800,1150,1
2009/07/28,1180,1200,1140,1200,16200,1200,1
2009/07/29,1200,1200,1200,1200,10100,1200,1
2009/07/30,1200,1200,1200,1200,7400,1200,1
2009/07/31,1200,1200,1200,1200,2700,1200,1
2009/08/03,1102,1200,1102,1200,3200,1200,1
2009/08/04,1140,1200,1140,1160,7200,1160,1
2009/08/05,1200,1210,1200,1210,1300,1210,1
2009/08/06,1210,1210,1175,1180,1200,1180,1
2009/08/07,1200,1200,1200,1200,500,1200,1
2009/08/10,1180,1210,1180,1210,1600,1210,1
2009/08/11,1110,1200,1110,1200,2500,1200,1
2009/08/13,1200,1390,1200,1390,13100,1390,1
2009/08/14,1370,1370,1271,1300,2200,1300,1
2009/08/17,1300,1400,1300,1400,12900,1400,1
2009/08/18,1400,1400,1400,1400,1200,1400,1
2009/08/19,1400,1400,1400,1400,1200,1400,1
2009/08/20,1300,1400,1300,1400,4200,1400,1
2009/08/21,1400,1400,1380,1400,2900,1400,1
2009/08/24,1400,1480,1400,1480,18000,1480,1
2009/08/25,1470,1470,1330,1450,9100,1450,1
2009/08/26,1490,1500,1490,1500,18600,1500,1
2009/08/27,1450,1450,1430,1430,800,1430,1
2009/08/28,1490,1500,1431,1431,10100,1431,1
2009/08/31,1411,1430,1400,1400,1400,1400,1
2009/09/01,1400,1420,1400,1420,300,1420,1
2009/09/02,1449,1460,1449,1460,600,1460,1
2009/09/04,1500,1500,1500,1500,4400,1500,1
2009/09/07,1500,1500,1500,1500,100,1500,1
2009/09/08,1500,1540,1480,1490,7000,1490,1
2009/09/10,1490,1490,1490,1490,200,1490,1
2009/09/11,1491,1500,1491,1500,7100,1500,1
2009/09/14,1500,1500,1500,1500,1100,1500,1
2009/09/15,1500,1500,1500,1500,11500,1500,1
2009/09/16,1500,1500,1500,1500,300,1500,1
2009/09/17,1499,1500,1499,1500,1100,1500,1
2009/09/18,1502,1550,1502,1540,4100,1540,1
2009/09/24,1600,1600,1532,1535,2900,1535,1
2009/09/25,1500,1530,1500,1500,4400,1500,1
2009/09/28,1450,1490,1450,1480,1200,1480,1
2009/09/29,1500,1500,1500,1500,1900,1500,1
2009/09/30,1500,1500,1480,1480,700,1480,1
2009/10/02,1405,1405,1405,1405,300,1405,1
2009/10/05,1360,1360,1360,1360,800,1360,1
2009/10/06,1380,1380,1380,1380,100,1380,1
2009/10/07,1400,1400,1400,1400,3100,1400,1
2009/10/09,1450,1450,1450,1450,100,1450,1
2009/10/13,1450,1500,1450,1500,4300,1500,1
2009/10/14,1500,1549,1500,1549,900,1549,1
2009/10/15,1578,1578,1490,1490,300,1490,1
2009/10/16,1529,1530,1529,1530,400,1530,1
2009/10/20,1530,1530,1530,1530,100,1530,1
2009/10/21,1530,1530,1530,1530,400,1530,1
2009/10/22,1530,1601,1530,1600,14700,1600,1
2009/10/23,1650,1650,1650,1650,3700,1650,1
2009/10/26,1600,1600,1600,1600,300,1600,1
2009/10/27,1530,1530,1520,1520,1200,1520,1
2009/10/28,1599,1599,1520,1520,2100,1520,1
2009/10/30,1550,1600,1550,1600,17200,1600,1
2009/11/02,1580,1580,1580,1580,900,1580,1
2009/11/04,1580,1580,1580,1580,800,1580,1
2009/11/05,1550,1550,1550,1550,2200,1550,1
2009/11/06,1470,1550,1470,1550,1500,1550,1
2009/11/09,1500,1500,1500,1500,800,1500,1
2009/11/10,1590,1590,1590,1590,200,1590,1
2009/11/11,1500,1500,1500,1500,1000,1500,1
2009/11/12,1450,1530,1450,1530,200,1530,1
2009/11/18,1410,1430,1410,1430,600,1430,1
2009/11/19,1401,1430,1401,1410,800,1410,1
2009/11/20,1400,1402,1400,1402,1400,1402,1
2009/11/24,1410,1435,1410,1435,1400,1435,1
2009/11/25,1500,1500,1500,1500,4000,1500,1
2009/11/27,1460,1460,1460,1460,100,1460,1
2009/11/30,1460,1460,1450,1450,500,1450,1
2009/12/01,1420,1420,1410,1410,1100,1410,1
2009/12/02,1400,1400,1400,1400,700,1400,1
2009/12/03,1340,1345,1330,1345,5800,1345,1
2009/12/04,1340,1340,1340,1340,1800,1340,1
2009/12/07,1333,1349,1310,1345,2100,1345,1
2009/12/08,1373,1373,1373,1373,6600,1373,1
2009/12/09,1372,1372,1350,1350,200,1350,1
2009/12/10,1350,1350,1350,1350,1400,1350,1
2009/12/11,1340,1340,1340,1340,100,1340,1
2009/12/17,1320,1320,1320,1320,100,1320,1
2009/12/21,1322,1322,1321,1321,600,1321,1
2009/12/22,1333,1373,1333,1370,1300,1370,1
2009/12/24,1375,1420,1375,1420,2400,1420,1
2009/12/25,1450,1450,1330,1330,7900,1330,1
2009/12/28,1360,1360,1360,1360,200,1360,1
2010/01/04,1360,1360,1360,1360,500,1360,1
2010/01/05,1330,1330,1330,1330,100,1330,1
2010/01/06,1320,1336,1320,1336,200,1336,1
2010/01/07,1350,1400,1350,1400,400,1400,1
2010/01/12,1280,1280,1280,1280,4400,1280,1
2010/01/13,1280,1315,1280,1315,1000,1315,1
2010/01/14,1200,1230,1200,1200,6500,1200,1
2010/01/18,1200,1200,1160,1160,600,1160,1
2010/01/19,1166,1166,1166,1166,300,1166,1
2010/01/20,1174,1204,1174,1204,400,1204,1
2010/01/21,1200,1215,1200,1215,800,1215,1
2010/01/22,1275,1275,1201,1230,1500,1230,1
2010/01/25,1200,1200,1200,1200,5100,1200,1
2010/01/26,1200,1200,1200,1200,200,1200,1
2010/01/28,1200,1200,1180,1180,3100,1180,1
2010/02/02,1180,1180,1180,1180,1100,1180,1
2010/02/03,1180,1180,1150,1180,900,1180,1
2010/02/04,1150,1180,1150,1151,700,1151,1
2010/02/05,1150,1150,1150,1150,300,1150,1
2010/02/09,1112,1112,1112,1112,500,1112,1
2010/02/10,1114,1114,1110,1110,600,1110,1
2010/02/12,1150,1150,1120,1120,1100,1120,1
2010/02/17,1121,1121,1121,1121,900,1121,1
2010/02/22,1179,1180,1179,1180,200,1180,1
2010/02/23,1180,1180,1171,1180,1400,1180,1
2010/02/24,1120,1179,1120,1179,2900,1179,1
2010/02/25,1120,1120,1110,1110,3300,1110,1
2010/02/26,1180,1180,1180,1180,1700,1180,1
2010/03/01,1200,1200,1199,1199,1800,1199,1
2010/03/02,1190,1190,1120,1150,500,1150,1
2010/03/03,1111,1111,1110,1110,1200,1110,1
2010/03/04,1120,1120,1120,1120,900,1120,1
2010/03/08,1120,1120,1120,1120,300,1120,1
2010/03/10,1120,1141,1120,1141,400,1141,1
2010/03/11,1135,1135,1135,1135,100,1135,1
2010/03/12,1127,1127,1127,1127,1600,1127,1
2010/03/15,1122,1122,1113,1113,2700,1113,1
2010/03/16,1120,1120,1120,1120,200,1120,1
2010/03/17,1200,1200,1126,1126,1200,1126,1
2010/03/18,1126,1126,1122,1122,1000,1122,1
2010/03/19,1124,1148,1124,1148,600,1148,1
2010/03/23,1140,1150,1140,1150,800,1150,1
2010/03/24,1200,1200,1160,1188,3200,1188,1
2010/03/25,1155,1199,1155,1199,2700,1199,1
2010/03/26,1190,1190,1190,1190,1700,1190,1
2010/03/31,1199,1200,1199,1200,3000,1200,1
2010/04/02,1185,1185,1185,1185,100,1185,1
2010/04/05,1180,1180,1120,1120,300,1120,1
2010/04/06,1140,1150,1140,1150,3400,1150,1
2010/04/09,1130,1130,1130,1130,300,1130,1
2010/04/12,1140,1158,1139,1158,1800,1158,1
2010/04/13,1169,1170,1169,1170,400,1170,1
2010/04/15,1200,1200,1200,1200,1200,1200,1
2010/04/16,1200,1200,1200,1200,1200,1200,1
2010/04/19,1200,1200,1200,1200,1000,1200,1
2010/04/20,1180,1180,1180,1180,100,1180,1
2010/04/22,1200,1249,1200,1247,1800,1247,1
2010/04/23,1247,1249,1247,1249,1700,1249,1
2010/04/26,1469,1469,1400,1400,1900,1400,1
2010/04/27,1400,1400,1350,1350,1800,1350,1
2010/04/28,1200,1250,1190,1220,1400,1220,1
2010/04/30,1230,1230,1230,1230,200,1230,1
2010/05/06,1220,1260,1220,1260,800,1260,1
2010/05/07,1220,1220,1215,1215,900,1215,1
2010/05/10,1202,1259,1202,1259,1600,1259,1
2010/05/11,1202,1202,1202,1202,500,1202,1
2010/05/12,1202,1202,1202,1202,600,1202,1
2010/05/13,1200,1230,1200,1230,400,1230,1
2010/05/14,1210,1254,1210,1254,1900,1254,1
2010/05/17,1238,1238,1230,1230,300,1230,1
2010/05/18,1220,1220,1220,1220,300,1220,1
2010/05/19,1210,1250,1195,1250,1500,1250,1
2010/05/20,1210,1215,1210,1215,200,1215,1
2010/05/21,1207,1207,1180,1180,700,1180,1
2010/05/24,1182,1220,1182,1220,7300,1220,1
2010/05/25,1280,1280,1220,1220,2600,1220,1
2010/05/26,1280,1280,1190,1190,2200,1190,1
2010/05/27,1250,1250,1250,1250,1500,1250,1
2010/05/31,1190,1190,1190,1190,100,1190,1
2010/06/01,1190,1190,1190,1190,100,1190,1
2010/06/02,1200,1200,1200,1200,100,1200,1
2010/06/03,1200,1200,1200,1200,100,1200,1
2010/06/11,1210,1210,1210,1210,100,1210,1
2010/06/16,1226,1226,1226,1226,300,1226,1
2010/06/21,1225,1238,1225,1238,1700,1238,1
2010/06/22,1236,1236,1236,1236,1000,1236,1
2010/06/23,1237,1270,1237,1270,1700,1270,1
2010/06/24,1240,1329,1240,1329,3000,1329,1
2010/06/25,1222,1222,1200,1200,3200,1200,1
2010/06/28,1352,1352,1350,1350,4300,1350,1
2010/06/29,1400,1400,1350,1350,4300,1350,1
2010/06/30,1350,1350,1350,1350,2400,1350,1
2010/07/08,1220,1220,1211,1211,1500,1211,1
2010/07/12,1181,1181,1181,1181,300,1181,1
2010/07/13,1200,1299,1196,1209,2800,1209,1
2010/07/14,1208,1209,1208,1209,1800,1209,1
2010/07/16,1239,1239,1222,1222,200,1222,1
2010/07/20,1224,1240,1224,1240,200,1240,1
2010/07/21,1249,1269,1249,1269,800,1269,1
2010/07/22,1277,1277,1267,1270,4700,1270,1
2010/07/23,1239,1239,1225,1230,4600,1230,1
2010/07/26,1260,1260,1230,1230,3600,1230,1
2010/07/27,1290,1290,1232,1232,3700,1232,1
2010/07/28,1230,1230,1230,1230,100,1230,1
2010/08/03,1230,1230,1230,1230,1800,1230,1
2010/08/04,1220,1220,1200,1200,1300,1200,1
2010/08/05,1220,1280,1220,1280,3100,1280,1
2010/08/06,1220,1220,1220,1220,1000,1220,1
2010/08/10,1229,1229,1229,1229,200,1229,1
2010/08/18,1234,1238,1234,1238,1000,1238,1
2010/08/19,1238,1238,1238,1238,100,1238,1
2010/08/20,1249,1249,1249,1249,100,1249,1
2010/08/23,1245,1280,1245,1280,1500,1280,1
2010/08/24,1244,1278,1244,1278,2400,1278,1
2010/08/25,1230,1254,1230,1252,2600,1252,1
2010/08/26,1259,1271,1259,1269,2100,1269,1
2010/08/27,1299,1299,1240,1270,2400,1270,1
2010/08/30,1270,1270,1270,1270,200,1270,1
2010/08/31,1270,1270,1200,1240,1200,1240,1
2010/09/01,1232,1232,1232,1232,100,1232,1
2010/09/06,1208,1208,1208,1208,1100,1208,1
2010/09/07,1210,1210,1201,1201,400,1201,1
2010/09/08,1215,1267,1215,1267,300,1267,1
2010/09/09,1220,1220,1212,1212,700,1212,1
2010/09/15,1230,1230,1230,1230,200,1230,1
2010/09/16,1231,1231,1230,1230,400,1230,1
2010/09/21,1235,1236,1235,1236,200,1236,1
2010/09/22,1269,1278,1218,1270,4200,1270,1
2010/09/24,1280,1280,1280,1280,1800,1280,1
2010/09/27,1290,1290,1290,1290,2300,1290,1
2010/09/28,1285,1290,1285,1290,200,1290,1
2010/09/30,1231,1231,1231,1231,100,1231,1
2010/10/04,1210,1220,1205,1205,3400,1205,1
2010/10/12,1200,1246,1200,1246,1500,1246,1
2010/10/13,1246,1246,1246,1246,200,1246,1
2010/10/20,1249,1249,1249,1249,200,1249,1
2010/10/21,1225,1225,1225,1225,700,1225,1
2010/10/22,1245,1250,1245,1250,600,1250,1
2010/10/25,1248,1248,1240,1240,2000,1240,1
2010/10/26,1210,1210,1210,1210,3000,1210,1
2010/10/27,1240,1240,1240,1240,2000,1240,1
2010/10/28,1210,1230,1205,1205,400,1205,1
2010/10/29,1205,1205,1205,1205,100,1205,1
2010/11/04,1200,1200,1183,1183,500,1183,1
2010/11/05,1180,1180,1180,1180,700,1180,1
2010/11/12,1183,1183,1183,1183,1000,1183,1
2010/11/15,1219,1219,1219,1219,100,1219,1
2010/11/16,1240,1240,1238,1240,300,1240,1
2010/11/18,1221,1221,1221,1221,300,1221,1
2010/11/19,1220,1220,1220,1220,300,1220,1
2010/11/22,1200,1200,1199,1199,700,1199,1
2010/11/24,1210,1220,1210,1220,1200,1220,1
2010/11/25,1207,1207,1200,1200,2500,1200,1
2010/11/26,1219,1219,1219,1219,2200,1219,1
2010/11/29,1217,1217,1193,1195,2600,1195,1
2010/11/30,1195,1215,1195,1215,300,1215,1
2010/12/02,1219,1219,1219,1219,400,1219,1
2010/12/03,1219,1219,1218,1218,200,1218,1
2010/12/06,1221,1232,1221,1232,4300,1232,1
2010/12/07,1230,1260,1230,1260,3400,1260,1
2010/12/08,1212,1214,1190,1193,9900,1193,1
2010/12/09,1218,1218,1218,1218,2700,1218,1
2010/12/10,1218,1218,1218,1218,2700,1218,1
2010/12/13,1215,1215,1215,1215,100,1215,1
2010/12/14,1199,1199,1199,1199,200,1199,1
2010/12/16,1200,1200,1200,1200,900,1200,1
2010/12/17,1217,1217,1217,1217,200,1217,1
2010/12/20,1240,1240,1213,1213,5000,1213,1
2010/12/21,1212,1219,1206,1219,900,1219,1
2010/12/22,1219,1244,1219,1243,3600,1243,1
2010/12/24,1214,1241,1213,1241,4800,1241,1
2010/12/27,1211,1238,1211,1238,4900,1238,1
2010/12/28,1298,1298,1298,1298,3700,1298,1
2010/12/29,1294,1294,1291,1291,200,1291,1
2010/12/30,1285,1293,1285,1293,200,1293,1
2011/01/06,1263,1263,1235,1235,300,1235,1
2011/01/11,1233,1233,1233,1233,300,1233,1
2011/01/12,1235,1235,1232,1232,500,1232,1
2011/01/13,1245,1245,1231,1244,500,1244,1
2011/01/14,1236,1236,1235,1235,300,1235,1
2011/01/18,1236,1289,1236,1289,1400,1289,1
2011/01/19,1250,1250,1242,1242,400,1242,1
2011/01/20,1272,1272,1272,1272,100,1272,1
2011/01/21,1249,1260,1247,1247,1800,1247,1
2011/01/24,1255,1277,1255,1277,1300,1277,1
2011/01/25,1280,1280,1279,1280,2400,1280,1
2011/01/26,1290,1294,1290,1294,1900,1294,1
2011/01/27,1295,1299,1294,1299,2300,1299,1
2011/01/28,1299,1299,1258,1258,400,1258,1
2011/01/31,1255,1300,1255,1300,300,1300,1
2011/02/02,1286,1286,1286,1286,200,1286,1
2011/02/03,1310,1310,1310,1310,100,1310,1
2011/02/04,1301,1301,1300,1300,400,1300,1
2011/02/07,1330,1330,1330,1330,100,1330,1
2011/02/08,1300,1300,1285,1285,400,1285,1
2011/02/09,1292,1292,1286,1286,300,1286,1
2011/02/10,1300,1300,1300,1300,200,1300,1
2011/02/16,1300,1300,1300,1300,1100,1300,1
2011/02/17,1300,1300,1300,1300,700,1300,1
2011/02/21,1300,1300,1300,1300,500,1300,1
2011/02/22,1293,1294,1293,1294,1100,1294,1
2011/02/23,1295,1312,1295,1312,700,1312,1
2011/02/24,1315,1315,1300,1306,1000,1306,1
2011/02/25,1295,1305,1295,1305,1800,1305,1
2011/02/28,1319,1319,1285,1318,2600,1318,1
2011/03/01,1330,1330,1330,1330,1800,1330,1
2011/03/02,1330,1330,1292,1293,1300,1293,1
2011/03/04,1330,1330,1330,1330,1000,1330,1
2011/03/09,1300,1300,1295,1295,1000,1295,1
2011/03/10,1325,1330,1325,1330,200,1330,1
2011/03/11,1301,1301,1301,1301,200,1301,1
2011/03/14,1300,1300,1290,1290,300,1290,1
2011/03/15,1287,1287,1200,1200,1100,1200,1
2011/03/16,1150,1160,1150,1150,700,1150,1
2011/03/18,1180,1222,1180,1222,200,1222,1
2011/03/22,1247,1372,1247,1350,900,1350,1
2011/03/23,1336,1336,1336,1336,100,1336,1
2011/03/24,1375,1395,1375,1395,2100,1395,1
2011/03/25,1399,1399,1390,1390,3200,1390,1
2011/03/28,1450,1450,1450,1450,2400,1450,1
2011/03/29,1300,1300,1300,1300,100,1300,1
2011/03/30,1320,1320,1320,1320,100,1320,1
2011/03/31,1350,1500,1350,1450,700,1450,1
2011/04/04,1310,1310,1310,1310,300,1310,1
2011/04/05,1340,1340,1340,1340,100,1340,1
2011/04/06,1320,1320,1320,1320,100,1320,1
2011/04/11,1320,1320,1320,1320,200,1320,1
2011/04/12,1343,1343,1330,1330,400,1330,1
2011/04/13,1340,1341,1340,1341,200,1341,1
2011/04/14,1340,1340,1340,1340,100,1340,1
2011/04/15,1340,1340,1320,1320,500,1320,1
2011/04/18,1343,1343,1343,1343,1100,1343,1
2011/04/19,1333,1340,1331,1340,700,1340,1
2011/04/20,1336,1340,1336,1340,1300,1340,1
2011/04/21,1340,1370,1340,1370,500,1370,1
2011/04/22,1350,1372,1350,1372,1400,1372,1
2011/04/25,1355,1365,1355,1355,2600,1355,1
2011/04/26,1384,1384,1376,1379,2100,1379,1
2011/04/27,1350,1350,1350,1350,3600,1350,1
2011/04/28,1341,1341,1341,1341,200,1341,1
2011/05/02,1330,1550,1330,1550,6200,1550,1
2011/05/06,1400,1400,1365,1365,1100,1365,1
2011/05/09,1365,1500,1365,1430,4300,1430,1
2011/05/10,1417,1430,1395,1430,600,1430,1
2011/05/11,1430,1700,1430,1619,19000,1619,1
2011/05/12,1549,1550,1547,1550,700,1550,1
2011/05/13,1520,1549,1520,1520,1700,1520,1
2011/05/16,1549,1600,1549,1600,2500,1600,1
2011/05/17,1560,1560,1540,1540,600,1540,1
2011/05/18,1540,1550,1540,1550,500,1550,1
2011/05/19,1541,1550,1541,1550,200,1550,1
2011/05/20,1500,1500,1498,1500,1200,1500,1
2011/05/23,1500,1600,1500,1600,7800,1600,1
2011/05/24,1620,1620,1615,1620,1300,1620,1
2011/05/25,1629,1629,1629,1629,1500,1629,1
2011/05/26,1620,1650,1620,1650,7400,1650,1
2011/05/27,1679,1679,1679,1679,1900,1679,1
2011/05/30,1599,1678,1599,1678,200,1678,1
2011/05/31,1628,1700,1628,1700,700,1700,1
2011/06/03,1679,1700,1620,1620,3500,1620,1
2011/06/06,1550,1650,1545,1650,1500,1650,1
2011/06/07,1621,1621,1570,1587,300,1587,1
2011/06/08,1562,1690,1562,1690,1800,1690,1
2011/06/09,1700,1700,1700,1700,100,1700,1
2011/06/10,1700,1700,1700,1700,1600,1700,1
2011/06/13,1620,1700,1620,1700,3800,1700,1
2011/06/14,1710,1730,1710,1730,700,1730,1
2011/06/15,1730,1730,1730,1730,900,1730,1
2011/06/17,1720,1720,1720,1720,100,1720,1
2011/06/20,1730,1740,1730,1740,1500,1740,1
2011/06/21,1730,1730,1715,1715,1000,1715,1
2011/06/22,1720,1720,1720,1720,1000,1720,1
2011/06/23,1723,1798,1723,1798,1300,1798,1
2011/06/24,1798,1799,1723,1763,2000,1763,1
2011/06/27,1803,1820,1800,1820,1600,1820,1
2011/06/28,1820,1830,1820,1830,3000,1830,1
2011/06/29,1843,1843,1820,1840,2800,1840,1
2011/06/30,1850,1850,1800,1850,5600,1850,1
2011/07/01,2000,2000,1950,1950,2000,1950,1
2011/07/04,1928,1928,1928,1928,800,1928,1
2011/07/07,1950,1950,1950,1950,1200,1950,1
2011/07/08,1950,1950,1950,1950,200,1950,1
2011/07/11,1900,1900,1900,1900,100,1900,1
2011/07/12,1950,1950,1950,1950,1000,1950,1
2011/07/13,1910,1910,1910,1910,500,1910,1
2011/07/14,1885,1895,1860,1860,500,1860,1
2011/07/15,1850,1900,1850,1850,700,1850,1
2011/07/19,1860,1861,1840,1850,600,1850,1
2011/07/20,1854,1881,1854,1881,700,1881,1
2011/07/21,1881,1893,1881,1893,500,1893,1
2011/07/22,1911,1970,1906,1970,1000,1970,1
2011/07/25,2000,2000,1900,2000,3400,2000,1
2011/07/26,2100,2100,1950,1980,3600,1980,1
2011/07/27,2000,2050,2000,2050,2800,2050,1
2011/07/28,1910,1910,1900,1900,1400,1900,1
2011/07/29,1900,1900,1900,1900,100,1900,1
2011/08/01,1900,1900,1900,1900,500,1900,1
2011/08/02,1900,1900,1900,1900,800,1900,1
2011/08/03,1820,1900,1820,1900,1000,1900,1
2011/08/04,1900,1900,1900,1900,300,1900,1
2011/08/05,1950,1950,1950,1950,100,1950,1
2011/08/08,1891,1900,1880,1880,600,1880,1
2011/08/09,1870,1870,1850,1860,800,1860,1
2011/08/10,1900,1900,1899,1899,200,1899,1
2011/08/11,1861,1900,1861,1900,700,1900,1
2011/08/17,1850,1850,1850,1850,1000,1850,1
2011/08/18,1900,1900,1900,1900,400,1900,1
2011/08/22,1900,1900,1900,1900,200,1900,1
2011/08/23,1900,1900,1900,1900,1200,1900,1
2011/08/24,1900,1930,1900,1930,1500,1930,1
2011/08/25,1930,1930,1930,1930,2400,1930,1
2011/08/26,1949,1949,1876,1881,1900,1881,1
2011/08/29,1880,1880,1880,1880,1700,1880,1
2011/08/30,1826,1850,1820,1820,500,1820,1
2011/08/31,1806,1820,1806,1820,300,1820,1
2011/09/01,1860,1860,1860,1860,100,1860,1
2011/09/05,1820,1820,1805,1805,200,1805,1
2011/09/06,1770,1820,1770,1820,300,1820,1
2011/09/09,1820,1820,1780,1780,1100,1780,1
2011/09/12,1740,1740,1740,1740,100,1740,1
2011/09/13,1780,1800,1780,1800,800,1800,1
2011/09/15,1790,1790,1790,1790,200,1790,1
2011/09/16,1800,1800,1792,1792,300,1792,1
2011/09/21,1805,1840,1800,1826,1400,1826,1
2011/09/22,1866,1866,1866,1866,1200,1866,1
2011/09/26,1840,1840,1840,1840,1800,1840,1
2011/09/27,1960,1960,1960,1960,1300,1960,1
2011/10/03,1900,1900,1900,1900,100,1900,1
2011/10/04,1800,1800,1799,1800,400,1800,1
2011/10/07,1760,1760,1760,1760,1000,1760,1
2011/10/11,1780,1780,1780,1780,200,1780,1
2011/10/14,1800,1800,1785,1785,200,1785,1
2011/10/18,1800,1800,1800,1800,100,1800,1
2011/10/19,1800,1800,1800,1800,1500,1800,1
2011/10/20,1800,1800,1800,1800,600,1800,1
2011/10/21,1800,1800,1735,1790,1500,1790,1
2011/10/24,1800,1810,1800,1810,1000,1810,1
2011/10/25,1800,1809,1800,1809,1500,1809,1
2011/10/26,1809,1809,1808,1809,1600,1809,1
2011/10/27,1810,1810,1730,1809,3700,1809,1
2011/11/01,1780,1800,1780,1800,200,1800,1
2011/11/04,1780,1780,1780,1780,400,1780,1
2011/11/07,1770,1770,1770,1770,500,1770,1
2011/11/14,1780,1780,1780,1780,400,1780,1
2011/11/16,1755,1780,1755,1780,700,1780,1
2011/11/17,1780,1820,1780,1820,4000,1820,1
2011/11/18,1806,1810,1806,1810,200,1810,1
2011/11/21,1810,1810,1807,1807,700,1807,1
2011/11/24,1810,1810,1810,1810,500,1810,1
2011/11/25,1840,1840,1810,1825,2900,1825,1
2011/11/28,1815,1815,1800,1810,1800,1810,1
2011/11/29,1810,1810,1810,1810,1400,1810,1
2011/11/30,1781,1781,1781,1781,100,1781,1
2011/12/02,1825,1825,1825,1825,200,1825,1
2011/12/05,1838,1840,1838,1840,400,1840,1
2011/12/06,1862,1862,1862,1862,100,1862,1
2011/12/07,1900,1910,1900,1910,2000,1910,1
2011/12/08,1960,1960,1880,1880,3000,1880,1
2011/12/09,1960,1960,1907,1907,2600,1907,1
2011/12/12,1987,1987,1987,1987,1900,1987,1
2011/12/15,1955,1955,1955,1955,500,1955,1
2011/12/16,1967,1967,1967,1967,300,1967,1
2011/12/20,1980,1980,1971,1971,900,1971,1
2011/12/21,1990,1990,1975,1975,1300,1975,1
2011/12/22,1989,1995,1989,1990,3800,1990,1
2011/12/26,1989,1989,1903,1903,3400,1903,1
2011/12/27,1942,1942,1940,1940,2800,1940,1
2011/12/29,1900,1900,1900,1900,100,1900,1
2012/01/05,1950,1950,1950,1950,100,1950,1
2012/01/10,1910,1910,1910,1910,100,1910,1
2012/01/11,1910,1920,1910,1920,200,1920,1
2012/01/12,1920,1920,1920,1920,200,1920,1
2012/01/13,1922,1922,1922,1922,100,1922,1
2012/01/16,1921,1921,1921,1921,100,1921,1
2012/01/17,1923,1923,1900,1900,1100,1900,1
2012/01/18,1925,1925,1925,1925,100,1925,1
2012/01/20,1913,1922,1913,1922,300,1922,1
2012/01/23,1924,1940,1924,1940,900,1940,1
2012/01/24,1960,1960,1955,1955,400,1955,1
2012/01/25,1940,1974,1936,1974,1800,1974,1
2012/01/26,1998,1998,1978,1978,1300,1978,1
2012/01/27,1996,2000,1996,2000,2200,2000,1
2012/01/30,1990,1990,1990,1990,200,1990,1
2012/01/31,1995,2000,1995,2000,500,2000,1
2012/02/10,1974,1974,1974,1974,100,1974,1
2012/02/14,1999,1999,1999,1999,100,1999,1
2012/02/15,2000,2000,2000,2000,200,2000,1
2012/02/17,1950,1950,1950,1950,1500,1950,1
2012/02/20,1975,1975,1975,1975,100,1975,1
2012/02/21,1999,2000,1999,2000,500,2000,1
2012/02/22,2000,2000,2000,2000,2500,2000,1
2012/02/23,2017,2099,2017,2099,300,2099,1
2012/02/24,2099,2099,2099,2099,1500,2099,1
2012/02/27,2049,2075,2049,2071,1500,2071,1
2012/02/28,2050,2050,2050,2050,2200,2050,1
2012/02/29,2020,2020,2020,2020,200,2020,1
2012/03/01,1985,1985,1985,1985,100,1985,1
2012/03/02,1985,1985,1985,1985,100,1985,1
2012/03/06,2025,2025,2025,2025,200,2025,1
2012/03/07,2002,2002,2002,2002,200,2002,1
2012/03/08,2000,2000,2000,2000,200,2000,1
2012/03/09,2011,2011,2011,2011,100,2011,1
2012/03/12,2011,2011,2011,2011,200,2011,1
2012/03/13,2020,2020,2015,2015,300,2015,1
2012/03/14,2010,2010,2000,2000,500,2000,1
2012/03/15,2000,2000,2000,2000,600,2000,1
2012/03/19,2001,2001,2001,2001,100,2001,1
2012/03/21,2000,2000,1999,2000,1100,2000,1
2012/03/22,2040,2040,2023,2023,200,2023,1
2012/03/23,2069,2069,2046,2046,1500,2046,1
2012/03/26,2072,2072,2027,2027,1900,2027,1
2012/03/27,2050,2100,2049,2100,2100,2100,1
2012/03/28,1942,1942,1942,1942,100,1942,1
2012/04/02,1970,1970,1970,1970,100,1970,1
2012/04/06,2005,2005,2005,2005,200,2005,1
2012/04/13,2018,2020,2018,2020,600,2020,1
2012/04/16,2040,2050,2040,2050,800,2050,1
2012/04/17,2030,2050,2030,2050,400,2050,1
2012/04/19,2080,2080,2080,2080,200,2080,1
2012/04/20,2056,2056,2056,2056,100,2056,1
2012/04/23,2090,2090,2090,2090,200,2090,1
2012/04/24,2090,2092,2081,2092,1400,2092,1
2012/04/25,2089,2089,2086,2089,1600,2089,1
2012/04/26,2099,2099,2099,2099,1100,2099,1
2012/04/27,2099,2100,2094,2100,1600,2100,1
2012/05/09,2050,2050,2050,2050,500,2050,1
2012/05/14,2062,2062,2062,2062,300,2062,1
2012/05/16,2064,2064,2050,2060,900,2060,1
2012/05/17,2060,2060,2060,2060,100,2060,1
2012/05/21,2060,2060,2060,2060,200,2060,1
2012/05/22,2066,2090,2066,2090,600,2090,1
2012/05/23,2089,2089,2089,2089,100,2089,1
2012/05/24,2086,2090,2086,2090,800,2090,1
2012/05/25,2099,2099,2099,2099,1400,2099,1
2012/05/28,2099,2099,2099,2099,1100,2099,1
2012/05/29,2099,2099,2099,2099,1100,2099,1
2012/06/05,2080,2090,2069,2090,300,2090,1
2012/06/13,2098,2099,2098,2099,700,2099,1
2012/06/15,2075,2075,2075,2075,1000,2075,1
2012/06/18,2090,2090,2090,2090,500,2090,1
2012/06/19,2087,2087,2087,2087,200,2087,1
2012/06/20,2090,2090,2090,2090,1000,2090,1
2012/06/22,2090,2099,2090,2099,1700,2099,1
2012/06/25,2099,2100,2099,2100,3300,2100,1
2012/06/26,2106,2106,2100,2100,1500,2100,1
2012/06/27,2092,2092,2089,2089,1500,2089,1
2012/06/28,2099,2099,2099,2099,1700,2099,1
2012/06/29,2098,2098,2098,2098,1700,2098,1
2012/07/02,2200,2200,2200,2200,1700,2200,1
2012/07/03,2085,2085,2050,2050,900,2050,1
2012/07/04,2050,2090,2050,2090,500,2090,1
2012/07/06,2082,2082,2082,2082,100,2082,1
2012/07/13,2100,2100,2100,2100,1500,2100,1
2012/07/17,2101,2102,2101,2102,300,2102,1
2012/07/18,2090,2090,2090,2090,1000,2090,1
2012/07/20,2122,2122,2122,2122,100,2122,1
2012/07/24,2106,2150,2106,2150,2200,2150,1
2012/07/25,2150,2160,2150,2160,2400,2160,1
2012/07/26,2190,2199,2190,2199,2400,2199,1
2012/07/27,2198,2198,2096,2096,2500,2096,1
2012/07/31,2059,2059,2059,2059,100,2059,1
2012/08/03,2050,2051,2050,2051,1100,2051,1
2012/08/07,2050,2050,2050,2050,100,2050,1
2012/08/10,2011,2011,2011,2011,200,2011,1
2012/08/17,2099,2099,2065,2065,300,2065,1
2012/08/20,2073,2073,2073,2073,100,2073,1
2012/08/21,2081,2081,2081,2081,500,2081,1
2012/08/24,2149,2149,2102,2102,1200,2102,1
2012/08/27,2150,2150,2150,2150,1200,2150,1
2012/08/28,2112,2112,2080,2080,1300,2080,1
2012/08/30,2080,2080,2080,2080,600,2080,1
2012/08/31,2140,2140,2140,2140,100,2140,1
2012/09/07,2085,2085,2085,2085,500,2085,1
2012/09/11,2085,2101,2085,2101,200,2101,1
2012/09/19,2130,2130,2091,2091,1200,2091,1
2012/09/21,2140,2140,2130,2140,2600,2140,1
2012/09/24,2140,2140,2130,2139,2000,2139,1
2012/09/25,2100,2139,2100,2139,1500,2139,1
2012/09/26,2114,2117,2114,2117,300,2117,1
2012/09/27,2087,2090,2086,2086,400,2086,1
2012/09/28,2083,2083,2081,2081,300,2081,1
2012/10/01,2081,2081,2080,2080,300,2080,1
2012/10/02,2065,2080,2065,2080,800,2080,1
2012/10/10,2080,2090,2080,2090,300,2090,1
2012/10/11,2080,2080,2080,2080,300,2080,1
2012/10/17,2090,2090,2090,2090,100,2090,1
2012/10/23,2100,2100,2100,2100,100,2100,1
2012/10/24,2119,2120,2119,2120,200,2120,1
2012/10/25,2129,2129,2114,2114,1700,2114,1
2012/10/26,2113,2114,2113,2114,1600,2114,1
2012/10/29,2130,2130,2101,2101,1200,2101,1
2012/10/31,2100,2114,2100,2114,1800,2114,1
2012/11/01,2100,2100,2090,2090,1000,2090,1
2012/11/02,2090,2090,2090,2090,100,2090,1
2012/11/05,2080,2080,2080,2080,900,2080,1
2012/11/15,2100,2100,2100,2100,100,2100,1
2012/11/19,2130,2134,2130,2134,300,2134,1
2012/11/21,2150,2150,2150,2150,100,2150,1
2012/11/22,2149,2160,2149,2160,2000,2160,1
2012/11/26,2197,2197,2170,2170,1800,2170,1
2012/11/27,2220,2220,2220,2220,1100,2220,1
2012/12/03,2200,2200,2200,2200,1000,2200,1
2012/12/04,2200,2200,2200,2200,500,2200,1
2012/12/06,2250,2250,2220,2220,2500,2220,1
2012/12/07,2288,2288,2288,2288,1600,2288,1
2012/12/10,2438,2438,2438,2438,1500,2438,1
2012/12/11,2241,2241,2241,2241,300,2241,1
2012/12/13,2281,2281,2281,2281,100,2281,1
2012/12/14,2285,2285,2285,2285,700,2285,1
2012/12/18,2300,2311,2300,2311,500,2311,1
2012/12/19,2398,2600,2225,2287,4900,2287,1
2012/12/20,2249,2249,2249,2249,100,2249,1
2012/12/21,2256,2290,2256,2290,4300,2290,1
2012/12/25,2296,2299,2296,2299,2400,2299,1
2012/12/26,2300,2300,2300,2300,3200,2300,1
2012/12/27,2340,2340,2340,2340,2100,2340,1
2013/01/10,2300,2300,2300,2300,100,2300,1
2013/01/11,2340,2340,2340,2340,100,2340,1
2013/01/15,2304,2304,2300,2300,600,2300,1
2013/01/16,2271,2290,2271,2290,200,2290,1
2013/01/17,2300,2300,2300,2300,700,2300,1
2013/01/21,2250,2280,2250,2280,600,2280,1
2013/01/22,2280,2280,2280,2280,200,2280,1
2013/01/24,2310,2350,2310,2350,200,2350,1
2013/01/25,2370,2372,2370,2372,1100,2372,1
2013/01/28,2500,2500,2500,2500,800,2500,1
2013/01/29,2600,2600,2600,2600,1000,2600,1
2013/02/04,2400,2500,2400,2500,300,2500,1
2013/02/05,2500,2550,2500,2500,1200,2500,1
2013/02/06,2600,2650,2600,2650,400,2650,1
2013/02/13,2600,2600,2560,2560,200,2560,1
2013/02/18,2649,2649,2599,2599,200,2599,1
2013/02/19,2513,2549,2513,2549,200,2549,1
2013/02/21,2599,2599,2599,2599,100,2599,1
2013/02/22,2599,2649,2599,2649,400,2649,1
2013/02/25,2650,2650,2650,2650,1800,2650,1
2013/02/26,2750,2750,2740,2740,1300,2740,1
2013/02/27,2690,2695,2563,2563,1500,2563,1
2013/03/01,2562,2562,2562,2562,100,2562,1
2013/03/04,2800,2800,2600,2600,800,2600,1
2013/03/06,2750,2850,2750,2850,200,2850,1
2013/03/07,3070,3300,2930,3300,800,3300,1
2013/03/08,3300,3300,3090,3090,700,3090,1
2013/03/11,3020,3195,2950,3195,1500,3195,1
2013/03/12,3055,3055,3055,3055,100,3055,1
2013/03/14,3125,3125,3125,3125,200,3125,1
2013/03/15,3195,3300,3195,3300,700,3300,1
2013/03/18,3300,3300,3300,3300,100,3300,1
2013/03/19,3280,3300,3280,3300,1200,3300,1
2013/03/21,3300,3300,3300,3300,600,3300,1
2013/03/22,3300,3300,3280,3300,1600,3300,1
2013/03/25,3300,3300,3300,3300,700,3300,1
2013/03/26,3300,3300,3290,3290,900,3290,1
2013/03/29,3075,3075,3075,3075,100,3075,1
2013/04/01,2965,2965,2920,2920,300,2920,1
2013/04/03,2921,2921,2921,2921,100,2921,1
2013/04/05,2950,3000,2950,3000,1000,3000,1
2013/04/08,2995,3000,2995,3000,900,3000,1
2013/04/09,3000,3000,3000,3000,600,3000,1
2013/04/10,2999,2999,2800,2930,3000,2930,1
2013/04/11,2900,2900,2900,2900,100,2900,1
2013/04/12,2750,2751,2750,2750,2200,2750,1
2013/04/15,2760,2775,2760,2775,200,2775,1
2013/04/16,2625,2775,2625,2775,1100,2775,1
2013/04/17,2770,2770,2770,2770,100,2770,1
2013/04/18,2780,2780,2778,2778,200,2778,1
2013/04/19,2778,2780,2778,2780,700,2780,1
2013/04/22,2751,2795,2750,2751,700,2751,1
2013/04/23,2798,2810,2797,2805,1200,2805,1
2013/04/24,2845,2899,2845,2899,600,2899,1
2013/04/25,2899,2899,2899,2899,900,2899,1
2013/04/26,2899,2899,2860,2860,1100,2860,1
2013/04/30,2899,2899,2855,2855,1000,2855,1
2013/05/01,2890,2900,2890,2900,700,2900,1
2013/05/02,2900,2900,2900,2900,1200,2900,1
2013/05/07,2900,2951,2900,2951,900,2951,1
2013/05/08,2990,2990,2940,2940,800,2940,1
2013/05/09,2990,2990,2940,2940,1200,2940,1
2013/05/10,2917,2917,2917,2917,100,2917,1
2013/05/13,3000,3000,2705,2705,5400,2705,1
2013/05/14,2733,2790,2733,2789,1700,2789,1
2013/05/15,2792,2792,2712,2712,500,2712,1
2013/05/16,2713,2790,2655,2655,1300,2655,1
2013/05/17,2705,2705,2705,2705,100,2705,1
2013/05/20,2755,2805,2755,2805,300,2805,1
2013/05/22,2800,2800,2700,2750,400,2750,1
2013/05/23,2800,2800,2725,2750,500,2750,1
2013/05/24,2750,2751,2750,2751,900,2751,1
2013/05/27,2801,2801,2751,2751,1100,2751,1
2013/05/28,2799,2799,2640,2640,1100,2640,1
2013/05/29,2541,2630,2541,2580,2600,2580,1
2013/06/07,2450,2450,2350,2450,600,2450,1
2013/06/10,2450,2450,2400,2400,1100,2400,1
2013/06/14,2400,2400,2249,2299,2300,2299,1
2013/06/17,2320,2320,2320,2320,100,2320,1
2013/06/18,2311,2311,2311,2311,200,2311,1
2013/06/19,2311,2311,2311,2311,1500,2311,1
2013/06/21,2335,2340,2335,2339,1200,2339,1
2013/06/24,2380,2400,2380,2400,500,2400,1
2013/06/25,2355,2370,2355,2370,1200,2370,1
2013/06/26,2388,2388,2388,2388,1300,2388,1
2013/06/27,2388,2450,2388,2450,1700,2450,1
2013/06/28,2448,2448,2429,2429,200,2429,1
2013/07/01,2379,2379,2355,2355,1800,2355,1
2013/07/02,2379,2379,2379,2379,1500,2379,1
2013/07/03,2394,2394,2325,2325,1700,2325,1
2013/07/04,2350,2350,2350,2350,300,2350,1
2013/07/05,2301,2311,2301,2311,600,2311,1
2013/07/08,2311,2316,2311,2312,1000,2312,1
2013/07/09,2311,2313,2311,2313,700,2313,1
2013/07/10,2313,2320,2275,2302,2200,2302,1
2013/07/12,2401,2401,2401,2401,100,2401,1
2013/07/16,2317,2352,2317,2352,400,2352,1
2013/07/18,2361,2361,2360,2360,600,2360,1
2013/07/19,2363,2402,2363,2402,600,2402,1
2013/07/22,2399,2399,2399,2399,300,2399,1
2013/07/23,2396,2396,2396,2396,100,2396,1
2013/07/24,2401,2401,2386,2398,1000,2398,1
2013/07/25,2400,2400,2400,2400,2100,2400,1
2013/07/26,2400,2400,2321,2321,3600,2321,1
2013/07/29,2370,2370,2370,2370,2200,2370,1
2013/08/05,2350,2350,2350,2350,100,2350,1
2013/08/08,2350,2350,2350,2350,100,2350,1
2013/08/15,2349,2349,2349,2349,200,2349,1
2013/08/19,2349,2349,2349,2349,500,2349,1
2013/08/20,2350,2350,2350,2350,100,2350,1
2013/08/21,2350,2350,2350,2350,300,2350,1
2013/08/22,2380,2400,2380,2400,500,2400,1
2013/08/23,2449,2449,2430,2430,1000,2430,1
2013/08/26,2530,2530,2500,2500,1000,2500,1
2013/08/27,2646,2646,2374,2395,2700,2395,1
2013/08/28,2395,2395,2395,2395,100,2395,1
2013/08/29,2391,2391,2391,2391,200,2391,1
2013/09/03,2395,2395,2395,2395,100,2395,1
2013/09/05,2410,2410,2410,2410,100,2410,1
2013/09/09,2360,2405,2360,2380,6400,2380,1
2013/09/10,2380,2380,2380,2380,500,2380,1
2013/09/12,2375,2396,2330,2390,800,2390,1
2013/09/18,2395,2395,2395,2395,100,2395,1
2013/09/19,2394,2400,2388,2400,2100,2400,1
2013/09/20,2420,2420,2320,2405,2300,2405,1
2013/09/24,2433,2433,2433,2433,1400,2433,1
2013/09/25,2418,2418,2400,2400,1500,2400,1
2013/09/27,2399,2399,2399,2399,100,2399,1
2013/09/30,2380,2380,2320,2320,1300,2320,1
2013/10/01,2320,2330,2320,2330,200,2330,1
2013/10/02,2320,2320,2240,2240,2100,2240,1
2013/10/03,2251,2251,2251,2251,200,2251,1
2013/10/04,2270,2270,2270,2270,400,2270,1
2013/10/07,2270,2280,2256,2280,500,2280,1
2013/10/08,2260,2260,2260,2260,500,2260,1
2013/10/10,2254,2280,2250,2250,1600,2250,1
2013/10/11,2240,2240,2240,2240,300,2240,1
2013/10/16,2240,2240,2227,2227,1300,2227,1
2013/10/17,2228,2228,2222,2225,1000,2225,1
2013/10/18,2226,2226,2226,2226,300,2226,1
2013/10/22,2226,2226,2225,2225,200,2225,1
2013/10/23,2226,2280,2226,2280,1900,2280,1
2013/10/24,2260,2260,2231,2258,1000,2258,1
2013/10/25,2249,2249,2248,2248,1100,2248,1
2013/10/28,2248,2248,2248,2248,1100,2248,1
2013/10/29,2245,2245,2225,2225,1400,2225,1
2013/10/30,2235,2235,2235,2235,100,2235,1
2013/10/31,2229,2229,2229,2229,100,2229,1
2013/11/01,2228,2228,2228,2228,800,2228,1
2013/11/05,2180,2196,2180,2180,2700,2180,1
2013/11/06,2181,2186,2181,2186,500,2186,1
2013/11/07,2186,2186,2186,2186,100,2186,1
2013/11/08,2190,2225,2190,2225,400,2225,1
2013/11/11,2224,2224,2224,2224,100,2224,1
2013/11/12,2201,2201,2201,2201,500,2201,1
2013/11/13,2222,2222,2200,2200,500,2200,1
2013/11/18,2203,2210,2200,2200,1000,2200,1
2013/11/19,2182,2225,2181,2181,2100,2181,1
2013/11/20,2181,2226,2181,2226,1900,2226,1
2013/11/21,2185,2185,2181,2185,1500,2185,1
2013/11/22,2185,2185,2180,2185,1100,2185,1
2013/11/25,2185,2185,2180,2185,1200,2185,1
2013/11/26,2194,2194,2185,2185,1600,2185,1
2013/11/27,2185,2185,2150,2170,4500,2170,1
2013/11/28,2150,2160,2150,2150,1100,2150,1
2013/11/29,2150,2150,2148,2150,1300,2150,1
2013/12/02,2150,2150,2140,2149,900,2149,1
2013/12/03,2151,2151,2130,2131,1600,2131,1
2013/12/04,2130,2131,2130,2130,1400,2130,1
2013/12/05,2130,2135,2100,2135,1600,2135,1
2013/12/06,2150,2220,2150,2220,5500,2220,1
2013/12/09,2230,2280,2229,2280,3300,2280,1
2013/12/10,2299,2299,2250,2251,4400,2251,1
2013/12/11,2250,2250,2222,2222,2000,2222,1
2013/12/12,2250,2284,2181,2283,2300,2283,1
2013/12/13,2240,2240,2217,2220,1700,2220,1
2013/12/16,2280,2283,2215,2216,5800,2216,1
2013/12/18,2220,2220,2220,2220,800,2220,1
2013/12/19,2250,2250,2220,2230,4600,2230,1
2013/12/20,2230,2230,2230,2230,1600,2230,1
2013/12/24,2180,2230,2180,2220,3100,2220,1
2013/12/25,2220,2220,2192,2193,59000,2193,1
2013/12/26,2218,2270,2217,2269,3200,2269,1
2013/12/27,2259,2259,2209,2255,3300,2255,1
2013/12/30,2270,2320,2270,2320,1700,2320,1
2014/01/06,2300,2320,2280,2280,7600,2280,1
2014/01/07,2264,2264,2264,2264,100,2264,1
2014/01/09,2290,2290,2289,2289,200,2289,1
2014/01/10,2289,2289,2288,2289,4700,2289,1
2014/01/14,2290,2290,2289,2290,900,2290,1
2014/01/15,2320,2320,2300,2300,400,2300,1
2014/01/16,2300,2399,2300,2390,700,2390,1
2014/01/17,2390,2480,2390,2480,1100,2480,1
2014/01/20,2500,2500,2500,2500,100,2500,1
2014/01/22,2502,2511,2502,2511,300,2511,1
2014/01/23,2540,2540,2540,2540,100,2540,1
2014/01/24,2527,2532,2527,2532,1600,2532,1
2014/01/27,2582,2582,2480,2480,1200,2480,1
2014/01/28,2570,2750,2570,2750,1700,2750,1
2014/01/29,2780,2820,2700,2820,4800,2820,1
2014/02/04,2685,2750,2685,2750,1200,2750,1
2014/02/07,2505,2550,2505,2550,300,2550,1
2014/02/10,2521,2571,2521,2571,200,2571,1
2014/02/12,2599,2600,2599,2600,300,2600,1
2014/02/13,2510,2510,2500,2500,300,2500,1
2014/02/18,2500,2500,2500,2500,1200,2500,1
2014/02/19,2550,2550,2512,2512,1000,2512,1
2014/02/20,2510,2511,2510,2510,400,2510,1
2014/02/24,2520,2520,2520,2520,200,2520,1
2014/02/25,2549,2550,2522,2549,1200,2549,1
2014/02/26,2550,2550,2550,2550,1000,2550,1
2014/02/27,2598,2598,2598,2598,900,2598,1
2014/02/28,2548,2548,2548,2548,100,2548,1
2014/03/03,2550,2550,2550,2550,200,2550,1
2014/03/04,2550,2550,2550,2550,200,2550,1
2014/03/06,2500,2580,2500,2580,1600,2580,1
2014/03/10,2550,2580,2550,2580,600,2580,1
2014/03/12,2521,2521,2521,2521,300,2521,1
2014/03/14,2570,2570,2500,2505,7500,2505,1
2014/03/17,2505,2505,2505,2505,400,2505,1
2014/03/18,2550,2589,2550,2589,900,2589,1
2014/03/19,2580,2590,2580,2590,1300,2590,1
2014/03/20,2590,2590,2381,2425,3100,2425,1
2014/03/24,2475,2475,2466,2466,1300,2466,1
2014/03/25,2499,2516,2499,2516,1000,2516,1
2014/03/26,2566,2566,2516,2545,1200,2545,1
2014/03/31,2470,2470,2470,2470,100,2470,1
2014/04/03,2493,2494,2493,2493,300,2493,1
2014/04/04,2500,2520,2500,2520,400,2520,1
2014/04/07,2520,2520,2520,2520,200,2520,1
2014/04/08,2520,2520,2500,2500,500,2500,1
2014/04/09,2505,2505,2450,2450,1000,2450,1
2014/04/22,2502,2502,2502,2502,100,2502,1
2014/04/23,2502,2502,2502,2502,500,2502,1
2014/04/24,2552,2552,2549,2549,300,2549,1
2014/04/25,2598,2598,2528,2530,1200,2530,1
2014/04/28,2544,2545,2544,2545,900,2545,1
2014/04/30,2550,2550,2548,2548,1000,2548,1
2014/05/07,2512,2512,2512,2512,100,2512,1
2014/05/08,2550,2550,2512,2513,1000,2513,1
2014/05/13,2492,2492,2352,2400,1900,2400,1
2014/05/14,2370,2370,2370,2370,200,2370,1
2014/05/16,2410,2410,2410,2410,100,2410,1
2014/05/20,2425,2425,2425,2425,100,2425,1
2014/05/22,2450,2450,2450,2450,100,2450,1
2014/05/23,2538,2538,2520,2520,1000,2520,1
2014/05/26,2520,2520,2520,2520,1000,2520,1
2014/05/27,2565,2565,2540,2540,1000,2540,1
2014/05/29,2530,2530,2530,2530,100,2530,1
2014/06/02,2540,2540,2530,2540,1100,2540,1
2014/06/03,2540,2540,2540,2540,200,2540,1
2014/06/04,2540,2540,2540,2540,300,2540,1
2014/06/09,2540,2540,2540,2540,200,2540,1
2014/06/10,2504,2540,2504,2540,300,2540,1
2014/06/11,2540,2540,2540,2540,300,2540,1
2014/06/13,2540,2600,2540,2600,700,2600,1
2014/06/18,2600,2600,2600,2600,100,2600,1
2014/06/19,2640,2660,2640,2660,700,2660,1
2014/06/20,2651,2712,2651,2712,700,2712,1
2014/06/23,2712,2750,2712,2750,500,2750,1
2014/06/24,2717,2750,2716,2750,800,2750,1
2014/06/25,2750,2750,2738,2738,1000,2738,1
2014/06/26,2804,2804,2767,2767,1000,2767,1
2014/06/27,2799,2799,2799,2799,800,2799,1
2014/06/30,2750,2750,2750,2750,1200,2750,1
2014/07/01,2770,2800,2750,2750,2000,2750,1
2014/07/02,2776,2776,2776,2776,1200,2776,1
2014/07/03,2775,2775,2775,2775,1200,2775,1
2014/07/04,2775,2775,2775,2775,100,2775,1
2014/07/07,2750,2750,2750,2750,200,2750,1
2014/07/09,2750,2750,2750,2750,1000,2750,1
2014/07/11,2727,2727,2727,2727,100,2727,1
2014/07/15,2705,2705,2705,2705,100,2705,1
2014/07/17,2750,2750,2750,2750,1100,2750,1
2014/07/18,2731,2731,2731,2731,100,2731,1
2014/07/22,2750,2760,2750,2750,1500,2750,1
2014/07/23,2750,2751,2750,2750,1000,2750,1
2014/07/24,2749,2749,2748,2749,300,2749,1
2014/07/25,2744,2744,2735,2744,3000,2744,1
2014/07/28,2744,2745,2744,2745,2100,2745,1
2014/07/29,2750,2750,2745,2745,2800,2745,1
2014/07/30,2695,2695,2695,2695,100,2695,1
2014/08/01,2645,2645,2645,2645,100,2645,1
2014/08/04,2695,2745,2695,2745,400,2745,1
2014/08/05,2665,2665,2645,2645,200,2645,1
2014/08/11,2695,2695,2695,2695,100,2695,1
2014/08/12,2680,2680,2679,2679,200,2679,1
2014/08/14,2650,2650,2650,2650,100,2650,1
2014/08/18,2617,2617,2616,2616,200,2616,1
2014/08/20,2640,2640,2640,2640,100,2640,1
2014/08/21,2641,2641,2641,2641,100,2641,1
2014/08/22,2650,2650,2650,2650,100,2650,1
2014/08/25,2700,2700,2640,2650,1100,2650,1
2014/08/26,2700,2700,2650,2650,900,2650,1
2014/08/27,2699,2699,2600,2600,1100,2600,1
2014/08/28,2650,2650,2650,2650,100,2650,1
2014/08/29,2611,2611,2611,2611,200,2611,1
2014/09/01,2611,2611,2611,2611,400,2611,1
2014/09/02,2620,2620,2620,2620,300,2620,1
2014/09/04,2620,2620,2620,2620,100,2620,1
2014/09/05,2620,2620,2620,2620,100,2620,1
2014/09/08,2640,2640,2640,2640,100,2640,1
2014/09/09,2630,2630,2630,2630,2000,2630,1
2014/09/10,2630,2630,2630,2630,100,2630,1
2014/09/11,2620,2620,2620,2620,200,2620,1
2014/09/16,2620,2620,2611,2611,500,2611,1
2014/09/17,2561,2561,2561,2561,1000,2561,1
2014/09/19,2600,2600,2600,2600,100,2600,1
2014/09/22,2645,2645,2600,2600,900,2600,1
2014/09/24,2650,2650,2650,2650,1300,2650,1
2014/09/25,2750,2750,2700,2700,1100,2700,1
2014/09/30,2625,2625,2625,2625,100,2625,1
2014/10/03,2580,2600,2580,2600,300,2600,1
2014/10/06,2600,2600,2550,2550,1200,2550,1
2014/10/08,2590,2590,2590,2590,200,2590,1
2014/10/10,2550,2550,2550,2550,100,2550,1
2014/10/15,2501,2501,2501,2501,100,2501,1
2014/10/16,2351,2401,2351,2401,600,2401,1
2014/10/20,2520,2520,2520,2520,400,2520,1
2014/10/22,2560,2560,2550,2550,200,2550,1
2014/10/24,2590,2590,2590,2590,1600,2590,1
2014/10/27,2589,2589,2589,2589,1100,2589,1
2014/10/28,2600,2600,2600,2600,1100,2600,1
2014/11/04,2600,2600,2530,2530,600,2530,1
2014/11/05,2530,2580,2530,2580,600,2580,1
2014/11/06,2579,2580,2579,2580,200,2580,1
2014/11/07,2575,2575,2540,2540,800,2540,1
2014/11/13,2580,2580,2580,2580,100,2580,1
2014/11/14,2543,2543,2515,2525,700,2525,1
2014/11/17,2575,2575,2575,2575,100,2575,1
2014/11/18,2555,2580,2555,2555,700,2555,1
2014/11/19,2580,2580,2580,2580,600,2580,1
2014/11/21,2580,2585,2580,2585,600,2585,1
2014/11/25,2590,2595,2575,2595,1500,2595,1
2014/11/26,2595,2620,2595,2620,1400,2620,1
2014/11/27,2670,2700,2650,2650,1200,2650,1
2014/12/01,2690,2690,2650,2650,1000,2650,1
2014/12/02,2690,2699,2690,2699,200,2699,1
2014/12/03,2700,2730,2700,2730,700,2730,1
2014/12/04,2730,2740,2716,2740,1900,2740,1
2014/12/05,2736,2749,2736,2749,2400,2749,1
2014/12/08,2749,2749,2736,2736,1500,2736,1
2014/12/09,2737,2737,2637,2730,2600,2730,1
2014/12/11,2725,2725,2725,2725,400,2725,1
2014/12/16,2740,2740,2740,2740,200,2740,1
2014/12/18,2739,2739,2739,2739,200,2739,1
2014/12/19,2727,2770,2727,2770,3600,2770,1
2014/12/22,2769,2770,2768,2770,1300,2770,1
2014/12/24,2775,2785,2765,2785,700,2785,1
2014/12/25,2785,2785,2782,2782,2200,2782,1
2014/12/26,2779,2779,2774,2778,2300,2778,1
2014/12/29,2785,2785,2735,2735,1900,2735,1
2014/12/30,2784,2785,2735,2785,500,2785,1
2015/01/05,2750,2750,2750,2750,100,2750,1
2015/01/06,2700,2700,2671,2671,200,2671,1
2015/01/07,2680,2680,2680,2680,100,2680,1
2015/01/08,2687,2790,2687,2790,900,2790,1
2015/01/13,2799,2799,2740,2740,400,2740,1
2015/01/14,2790,2799,2790,2799,300,2799,1
2015/01/15,2749,2749,2749,2749,300,2749,1
2015/01/16,2790,2800,2790,2799,400,2799,1
2015/01/21,2778,2779,2778,2779,500,2779,1
2015/01/23,2780,2780,2764,2764,1200,2764,1
2015/01/26,2778,2778,2778,2778,1100,2778,1
2015/01/27,2779,2779,2740,2740,1000,2740,1
2015/01/28,2740,2740,2740,2740,100,2740,1
2015/01/29,2730,2730,2730,2730,100,2730,1
2015/01/30,2780,2780,2780,2780,100,2780,1
2015/02/02,2730,2730,2730,2730,100,2730,1
2015/02/09,2730,2730,2730,2730,400,2730,1
2015/02/10,2770,2779,2770,2779,600,2779,1
2015/02/12,2732,2779,2732,2779,200,2779,1
2015/02/18,2734,2734,2734,2734,100,2734,1
2015/02/20,2700,2700,2700,2700,1000,2700,1
2015/02/23,2750,2750,2750,2750,100,2750,1
2015/02/24,2760,2760,2760,2760,100,2760,1
2015/02/25,2770,2779,2770,2779,900,2779,1
2015/02/26,2779,2780,2779,2780,1400,2780,1
2015/02/27,2784,2784,2784,2784,900,2784,1
2015/03/02,2800,2800,2780,2780,200,2780,1
2015/03/06,2742,2742,2742,2742,100,2742,1
2015/03/09,2735,2750,2735,2750,200,2750,1
2015/03/12,2750,2750,2750,2750,100,2750,1
2015/03/16,2700,2780,2700,2780,2500,2780,1
2015/03/17,2750,2780,2750,2780,900,2780,1
2015/03/18,2779,2800,2779,2800,800,2800,1
2015/03/19,2800,2800,2800,2800,500,2800,1
2015/03/20,2800,2800,2800,2800,700,2800,1
2015/03/23,2800,2800,2800,2800,700,2800,1
2015/03/24,2792,2800,2792,2800,900,2800,1
2015/03/25,2800,2830,2799,2830,6900,2830,1
2015/03/26,2820,2900,2820,2851,2900,2851,1
2015/03/30,2900,2940,2900,2940,1400,2940,1
2015/03/31,2900,2901,2900,2901,400,2901,1
2015/04/01,2900,2940,2900,2940,1100,2940,1
2015/04/02,2900,2949,2900,2949,2800,2949,1
2015/04/03,2950,2950,2900,2900,1600,2900,1
2015/04/06,2907,3000,2907,3000,2600,3000,1
2015/04/07,3000,3000,3000,3000,800,3000,1
2015/04/08,3000,3100,3000,3100,6200,3100,1
2015/04/09,3030,3200,3030,3200,1700,3200,1
2015/04/10,3200,3200,3195,3200,3300,3200,1
2015/04/13,3130,3200,3130,3200,1600,3200,1
2015/04/14,3230,3230,3200,3200,1500,3200,1
2015/04/15,3200,3200,3200,3200,4000,3200,1
2015/04/16,3200,3200,3200,3200,200,3200,1
2015/04/17,3200,3200,3200,3200,3500,3200,1
2015/04/20,3200,3205,3200,3200,4300,3200,1
2015/04/21,3240,3240,3200,3200,400,3200,1
2015/04/23,3240,3285,3240,3285,700,3285,1
2015/04/24,3275,3295,3275,3295,3100,3295,1
2015/04/27,3300,3500,3300,3500,6300,3500,1
2015/04/28,3795,3800,3130,3330,5800,3330,1
2015/04/30,3330,3355,3290,3355,600,3355,1
2015/05/01,3360,3500,3360,3500,1500,3500,1
2015/05/07,3600,3800,3600,3800,3200,3800,1
2015/05/08,3500,3800,3500,3800,10800,3800,1
2015/05/11,3800,3800,3730,3730,500,3730,1
2015/05/12,3760,3800,3760,3800,3100,3800,1
2015/05/13,3800,3850,3730,3800,3300,3800,1
2015/05/14,3750,3770,3700,3770,400,3770,1
2015/05/15,3750,3800,3705,3800,5600,3800,1
2015/05/18,3800,3800,3700,3800,5800,3800,1
2015/05/20,3850,3850,3850,3850,100,3850,1
2015/05/22,3805,3805,3805,3805,100,3805,1
2015/05/25,3850,3850,3850,3850,2500,3850,1
2015/05/26,3850,3850,3850,3850,7500,3850,1
2015/05/27,3850,3850,3800,3850,5900,3850,1
2015/05/28,3850,3860,3800,3850,4400,3850,1
2015/06/05,3840,3840,3840,3840,200,3840,1
2015/06/08,3800,3800,3770,3770,600,3770,1
2015/06/09,3800,3850,3800,3850,400,3850,1
2015/06/10,3800,3800,3740,3740,600,3740,1
2015/06/12,3770,3850,3770,3850,5100,3850,1
2015/06/15,3780,3850,3780,3850,2100,3850,1
2015/06/16,3780,3780,3780,3780,100,3780,1
2015/06/17,3765,3765,3765,3765,100,3765,1
2015/06/18,3780,3780,3780,3780,200,3780,1
2015/06/22,3845,3850,3845,3850,800,3850,1
2015/06/24,3895,3945,3895,3945,900,3945,1
2015/06/25,3980,3980,3980,3980,600,3980,1
2015/06/26,3980,3980,3785,3980,5000,3980,1
2015/06/29,3975,3980,3950,3980,2800,3980,1
2015/06/30,3970,3990,3970,3990,5000,3990,1
2015/07/01,3990,4000,3990,4000,3100,4000,1
2015/07/02,4000,4000,4000,4000,2900,4000,1
2015/07/03,4050,4050,4000,4000,1600,4000,1
2015/07/06,4000,4000,4000,4000,1400,4000,1
2015/07/07,4000,4050,4000,4050,1200,4050,1
2015/07/08,4050,4050,4050,4050,100,4050,1
2015/07/09,4050,4050,4050,4050,400,4050,1
2015/07/13,4010,4010,4010,4010,200,4010,1
2015/07/14,4005,4150,4005,4150,4300,4150,1
2015/07/15,4185,4200,4185,4200,1200,4200,1
2015/07/16,4200,4300,4200,4300,800,4300,1
2015/07/17,4300,4395,4300,4395,700,4395,1
2015/07/23,4440,4465,4440,4465,700,4465,1
2015/07/24,4500,4550,4350,4435,2500,4435,1
2015/07/27,4500,4500,4495,4500,2200,4500,1
2015/07/28,4650,4650,4510,4510,1500,4510,1
2015/07/30,4510,4510,4510,4510,100,4510,1
2015/08/06,4500,4500,4500,4500,200,4500,1
2015/08/07,4500,4500,4465,4465,700,4465,1
2015/08/10,4185,4250,4015,4015,2300,4015,1
2015/08/11,3995,3995,3925,3925,300,3925,1
2015/08/12,3725,3770,3675,3700,2600,3700,1
2015/08/13,3510,3590,3385,3460,3400,3460,1
2015/08/14,3530,3580,3530,3545,600,3545,1
2015/08/17,3545,3600,3545,3600,500,3600,1
2015/08/20,3580,3580,3440,3440,1600,3440,1
2015/08/24,3445,3445,3445,3445,300,3445,1
2015/08/25,3450,3520,3450,3520,700,3520,1
2015/08/26,3590,3590,3590,3590,600,3590,1
2015/08/27,3620,3695,3620,3695,1300,3695,1
2015/08/28,3710,3710,3710,3710,200,3710,1
2015/09/01,3710,3710,3710,3710,200,3710,1
2015/09/03,3620,3620,3620,3620,100,3620,1
2015/09/08,3590,3590,3590,3590,100,3590,1
2015/09/10,3585,3585,3585,3585,100,3585,1
2015/09/14,3560,3585,3560,3585,700,3585,1
2015/09/16,3585,3655,3585,3655,200,3655,1
2015/09/17,3585,3625,3585,3585,400,3585,1
2015/09/18,3645,3655,3645,3655,600,3655,1
2015/09/24,3655,3660,3655,3655,1000,3655,1
2015/09/25,3650,3650,3645,3645,600,3645,1
2015/10/01,3545,3545,3545,3545,100,3545,1
2015/10/05,3545,3545,3470,3470,700,3470,1
2015/10/07,3410,3410,3410,3410,100,3410,1
2015/10/09,3680,3680,3680,3680,100,3680,1
2015/10/13,3530,3530,3530,3530,200,3530,1
2015/10/20,3600,3600,3600,3600,200,3600,1
2015/10/21,3470,3570,3470,3570,900,3570,1
2015/10/22,3635,3900,3635,3725,1800,3725,1
2015/10/23,3720,3720,3655,3675,1300,3675,1
2015/10/26,3675,3675,3615,3635,800,3635,1
2015/10/27,3700,3700,3700,3700,600,3700,1
2015/10/28,3630,3670,3630,3670,200,3670,1
2015/10/30,3610,3610,3610,3610,100,3610,1
2015/11/02,3610,3610,3610,3610,100,3610,1
2015/11/04,3600,3600,3565,3565,200,3565,1
2015/11/06,3535,3560,3535,3555,300,3555,1
2015/11/10,3500,3545,3500,3545,1100,3545,1
2015/11/11,3500,3505,3495,3505,700,3505,1
2015/11/12,3500,3500,3500,3500,500,3500,1
2015/11/16,3500,3500,3500,3500,100,3500,1
2015/11/19,3570,3570,3570,3570,100,3570,1
2015/11/20,3640,3650,3640,3650,200,3650,1
2015/11/24,3720,3720,3660,3695,800,3695,1
2015/11/25,3740,3740,3740,3740,400,3740,1
2015/11/26,3740,3740,3710,3710,1100,3710,1
2015/11/27,3725,3725,3680,3680,1000,3680,1
2015/11/30,3700,3700,3655,3655,1200,3655,1
2015/12/01,3690,3690,3690,3690,100,3690,1
2015/12/02,3750,3750,3715,3715,800,3715,1
2015/12/03,3750,3785,3750,3755,500,3755,1
2015/12/04,3725,3725,3720,3720,400,3720,1
2015/12/07,3790,3850,3790,3825,2300,3825,1
2015/12/08,3755,3755,3755,3755,1000,3755,1
2015/12/09,3775,3780,3775,3780,1000,3780,1
2015/12/10,3710,3710,3710,3710,100,3710,1
2015/12/11,3770,3770,3770,3770,100,3770,1
2015/12/16,3770,3770,3770,3770,100,3770,1
2015/12/17,3800,3800,3795,3795,200,3795,1
2015/12/18,3800,3800,3800,3800,100,3800,1
2015/12/21,3730,3830,3730,3825,600,3825,1
2015/12/22,3825,3825,3825,3825,100,3825,1
2015/12/24,3835,3860,3835,3860,400,3860,1
2015/12/25,3885,3885,3825,3845,2400,3845,1
2015/12/28,3845,3910,3845,3910,1700,3910,1
2015/12/29,3965,3970,3965,3970,1300,3970,1
2016/01/07,3970,3970,3970,3970,200,3970,1
2016/01/12,3760,3765,3755,3765,500,3765,1
2016/01/14,3750,3750,3750,3750,100,3750,1
2016/01/15,3750,3800,3660,3660,500,3660,1
2016/01/18,3660,3840,3650,3650,500,3650,1
2016/01/19,3850,3900,3850,3890,500,3890,1
2016/01/20,3900,3930,3900,3930,200,3930,1
2016/01/21,3910,3910,3910,3910,100,3910,1
2016/01/22,3915,3930,3900,3930,700,3930,1
2016/01/25,3860,3920,3860,3920,900,3920,1
2016/01/26,3920,3920,3900,3910,800,3910,1
2016/01/27,3940,3940,3940,3940,500,3940,1
2016/02/01,3950,3950,3950,3950,100,3950,1
2016/02/02,3950,3950,3905,3905,300,3905,1
2016/02/03,3955,3955,3955,3955,100,3955,1
2016/02/04,3900,3900,3900,3900,600,3900,1
2016/02/10,3830,3830,3700,3700,1200,3700,1
2016/02/12,3740,3795,3700,3795,300,3795,1
2016/02/16,3725,3755,3725,3755,300,3755,1
2016/02/17,3755,3755,3755,3755,100,3755,1
2016/02/24,3800,3800,3800,3800,1100,3800,1
2016/02/25,3785,3790,3785,3790,900,3790,1
2016/02/26,3785,3785,3760,3760,1700,3760,1
2016/02/29,3830,3830,3820,3820,700,3820,1
2016/03/02,3750,3750,3710,3710,300,3710,1
2016/03/04,3710,3710,3710,3710,100,3710,1
2016/03/09,3710,3710,3710,3710,1000,3710,1
2016/03/10,3795,3795,3725,3760,300,3760,1
2016/03/11,3710,3710,3710,3710,100,3710,1
2016/03/14,3770,3770,3765,3765,200,3765,1
2016/03/15,3735,3735,3735,3735,100,3735,1
2016/03/16,3790,3790,3790,3790,100,3790,1
2016/03/17,3750,3750,3750,3750,400,3750,1
2016/03/18,3735,3790,3735,3790,400,3790,1
2016/03/22,3730,3735,3700,3700,900,3700,1
2016/03/23,3705,3710,3700,3710,500,3710,1
2016/03/24,3715,3730,3715,3730,1000,3730,1
2016/03/25,3710,3710,3710,3710,1000,3710,1
2016/03/28,3700,3700,3670,3670,1000,3670,1
2016/03/29,3640,3640,3640,3640,200,3640,1
2016/03/31,3700,3705,3700,3705,300,3705,1
2016/04/01,3700,3700,3700,3700,300,3700,1
2016/04/05,3680,3680,3680,3680,100,3680,1
2016/04/13,3580,3580,3575,3580,500,3580,1
2016/04/15,3600,3600,3600,3600,200,3600,1
2016/04/19,3650,3650,3650,3650,300,3650,1
2016/04/20,3630,3680,3610,3670,1800,3670,1
2016/04/21,3700,3700,3600,3630,1900,3630,1
2016/04/22,3610,3650,3610,3650,700,3650,1
2016/04/25,3610,3610,3610,3610,600,3610,1
2016/04/26,3645,3645,3565,3580,1300,3580,1
2016/04/27,3590,3590,3590,3590,600,3590,1
2016/04/28,3520,3520,3430,3430,800,3430,1
2016/05/02,3430,3495,3415,3415,1600,3415,1
2016/05/06,3415,3420,3415,3420,200,3420,1
2016/05/10,3420,3420,3365,3365,600,3365,1
2016/05/11,3570,3570,3570,3570,100,3570,1
2016/05/12,3450,3450,3355,3355,800,3355,1
2016/05/13,3320,3345,3200,3200,2600,3200,1
2016/05/17,3205,3205,3135,3180,1200,3180,1
2016/05/18,3110,3125,3030,3030,1400,3030,1
2016/05/19,3040,3095,3040,3050,600,3050,1
2016/05/20,3060,3115,3050,3050,3200,3050,1
2016/05/23,3050,3050,3050,3050,500,3050,1
2016/05/24,3100,3220,3100,3220,700,3220,1
2016/05/25,3150,3150,3140,3140,900,3140,1
2016/05/26,3210,3210,3195,3195,900,3195,1
2016/05/27,3250,3250,3225,3225,1100,3225,1
2016/05/30,3155,3155,3155,3155,300,3155,1
2016/05/31,3135,3135,3070,3085,1800,3085,1
2016/06/01,3065,3100,3065,3095,300,3095,1
2016/06/02,3055,3055,3050,3050,900,3050,1
2016/06/03,3050,3060,2988,3060,2700,3060,1
2016/06/06,3060,3095,3060,3095,300,3095,1
2016/06/09,3095,3095,3095,3095,600,3095,1
2016/06/10,3090,3095,3090,3095,200,3095,1
2016/06/13,3120,3120,3120,3120,100,3120,1
2016/06/14,3050,3050,2855,2855,800,2855,1
2016/06/16,3000,3000,3000,3000,100,3000,1
2016/06/17,3000,3000,2980,2981,500,2981,1
2016/06/20,3070,3070,3000,3000,200,3000,1
2016/06/21,3005,3015,3005,3015,200,3015,1
2016/06/22,3020,3020,3020,3020,300,3020,1
2016/06/24,3100,3100,3100,3100,600,3100,1
2016/06/27,3080,3080,3080,3080,600,3080,1
2016/06/28,3110,3110,3095,3100,1300,3100,1
2016/06/29,3100,3100,3100,3100,100,3100,1
2016/06/30,3220,3290,3220,3290,1100,3290,1
2016/07/01,3340,3340,3300,3300,1100,3300,1
2016/07/04,3345,3345,3275,3275,1000,3275,1
2016/07/05,3210,3210,3210,3210,200,3210,1
2016/07/12,3280,3280,3280,3280,100,3280,1
2016/07/15,3280,3335,3280,3335,300,3335,1
2016/07/19,3400,3400,3400,3400,100,3400,1
2016/07/21,3400,3445,3375,3375,1400,3375,1
2016/07/22,3375,3430,3375,3405,600,3405,1
2016/07/25,3300,3300,3260,3260,2300,3260,1
2016/07/26,3320,3330,3320,3330,1800,3330,1
2016/07/27,3300,3300,3230,3230,3000,3230,1
2016/07/28,3160,3200,3160,3200,500,3200,1
2016/07/29,3270,3270,3270,3270,100,3270,1
2016/08/01,3300,3300,3300,3300,100,3300,1
2016/08/10,3230,3230,3230,3230,300,3230,1
2016/08/12,3295,3295,3295,3295,100,3295,1
2016/08/15,3225,3225,3200,3200,300,3200,1
2016/08/16,3185,3185,3185,3185,100,3185,1
2016/08/17,3135,3135,3135,3135,100,3135,1
2016/08/18,3135,3135,3135,3135,200,3135,1
2016/08/19,3135,3135,3135,3135,300,3135,1
2016/08/22,3145,3195,3145,3180,900,3180,1
2016/08/23,3180,3180,3180,3180,100,3180,1
2016/08/24,3185,3185,3185,3185,400,3185,1
2016/08/25,3130,3145,3130,3145,900,3145,1
2016/08/26,3145,3145,3100,3100,1100,3100,1
2016/08/29,3095,3095,2981,3030,1500,3030,1
2016/08/30,2981,3035,2981,3035,200,3035,1
2016/08/31,3035,3035,3010,3010,200,3010,1
2016/09/12,3010,3065,3010,3065,200,3065,1
2016/09/15,3195,3195,3195,3195,100,3195,1
2016/09/16,3085,3090,3070,3070,300,3070,1
2016/09/20,3055,3060,3055,3060,400,3060,1
2016/09/21,3060,3125,3060,3065,1500,3065,1
2016/09/23,3190,3190,3190,3190,800,3190,1
2016/09/26,3180,3180,3180,3180,1000,3180,1
2016/09/27,3170,3170,3170,3170,700,3170,1
2016/09/29,3100,3100,3100,3100,100,3100,1
2016/10/04,3060,3060,3060,3060,100,3060,1
2016/10/05,3040,3060,3040,3060,300,3060,1
2016/10/11,3035,3035,3035,3035,100,3035,1
2016/10/12,3035,3035,3035,3035,100,3035,1
2016/10/13,3040,3040,3040,3040,100,3040,1
2016/10/17,3045,3065,3015,3015,500,3015,1
2016/10/19,3050,3050,3050,3050,100,3050,1
2016/10/20,3065,3065,3065,3065,200,3065,1
2016/10/21,3065,3070,3065,3070,300,3070,1
2016/10/24,3090,3135,3045,3055,2600,3055,1
2016/10/25,3085,3095,3085,3095,700,3095,1
2016/10/26,3050,3055,3050,3055,1100,3055,1
2016/10/27,3085,3085,3085,3085,800,3085,1
2016/10/28,3030,3030,3030,3030,100,3030,1
2016/11/08,3100,3100,3100,3100,100,3100,1
2016/11/09,3090,3090,3060,3060,600,3060,1
2016/11/14,3100,3100,3040,3090,900,3090,1
2016/11/15,3035,3080,3035,3080,500,3080,1
2016/11/16,3080,3080,3080,3080,100,3080,1
2016/11/17,3090,3090,3080,3080,400,3080,1
2016/11/21,3090,3090,3060,3060,1500,3060,1
2016/11/24,3060,3060,3020,3020,800,3020,1
2016/11/25,3020,3020,3020,3020,500,3020,1
2016/11/28,3080,3085,3080,3080,1000,3080,1
2016/11/29,3075,3080,3060,3080,1300,3080,1
2016/11/30,3145,3145,3145,3145,100,3145,1
2016/12/01,3075,3190,3065,3120,1000,3120,1
2016/12/05,3080,3150,3080,3150,1100,3150,1
2016/12/07,3080,3090,3075,3090,1500,3090,1
2016/12/08,3090,3115,3075,3115,1600,3115,1
2016/12/09,3105,3105,3095,3095,1300,3095,1
2016/12/12,3080,3080,3080,3080,1000,3080,1
2016/12/14,3080,3085,3080,3085,200,3085,1
2016/12/16,3090,3095,3090,3090,900,3090,1
2016/12/19,3080,3120,3080,3120,1000,3120,1
2016/12/20,3105,3105,3105,3105,300,3105,1
2016/12/21,3100,3100,3100,3100,200,3100,1
2016/12/22,3100,3100,3095,3100,2100,3100,1
2016/12/26,3095,3100,3095,3100,2400,3100,1
2016/12/27,3135,3135,3070,3070,1900,3070,1
2016/12/28,3085,3085,3085,3085,400,3085,1
2016/12/29,3085,3130,3085,3130,200,3130,1
2016/12/30,3090,3090,3080,3080,200,3080,1
2017/01/04,3075,3130,3075,3125,300,3125,1
2017/01/05,3125,3130,3125,3130,700,3130,1
2017/01/06,3130,3130,3100,3100,400,3100,1
2017/01/10,3075,3100,3075,3100,400,3100,1
2017/01/11,3075,3075,3075,3075,200,3075,1
2017/01/12,3080,3125,3080,3125,200,3125,1
2017/01/18,3080,3080,3080,3080,100,3080,1
2017/01/19,3100,3100,3100,3100,100,3100,1
2017/01/20,3085,3085,3085,3085,300,3085,1
2017/01/24,3100,3100,3100,3100,200,3100,1
2017/01/25,3090,3090,3090,3090,1100,3090,1
2017/01/26,3070,3100,3070,3100,2100,3100,1
2017/01/27,3035,3045,3035,3045,2200,3045,1
2017/01/31,3080,3100,3075,3100,600,3100,1
2017/02/01,3095,3095,3080,3080,400,3080,1
2017/02/02,3055,3090,3055,3090,500,3090,1
2017/02/03,3075,3075,3075,3075,100,3075,1
2017/02/09,3020,3020,3020,3020,500,3020,1
2017/02/13,3025,3025,3025,3025,100,3025,1
2017/02/15,3030,3030,3030,3030,100,3030,1
2017/02/17,3085,3085,3085,3085,200,3085,1
2017/02/20,3095,3095,3085,3085,200,3085,1
2017/02/21,3085,3085,3085,3085,400,3085,1
2017/02/22,3080,3080,3065,3065,400,3065,1
2017/02/23,3090,3090,3085,3085,200,3085,1
2017/02/24,3065,3065,3065,3065,2500,3065,1
2017/02/27,3065,3065,3065,3065,600,3065,1
2017/02/28,3085,3085,3085,3085,800,3085,1
2017/03/06,3085,3180,3065,3125,9400,3125,1
2017/03/07,3100,3115,3075,3075,3800,3075,1
2017/03/08,3090,3090,3090,3090,400,3090,1
2017/03/09,3095,3100,3095,3095,900,3095,1
2017/03/10,3095,3100,3095,3100,700,3100,1
2017/03/13,3100,3100,3085,3100,800,3100,1
2017/03/15,3100,3120,3100,3120,2500,3120,1
2017/03/17,3120,3130,3120,3130,400,3130,1
2017/03/21,3160,3170,3160,3170,400,3170,1
2017/03/22,3140,3170,3130,3130,1200,3130,1
2017/03/23,3150,3170,3150,3170,200,3170,1
2017/03/24,3170,3170,3170,3170,900,3170,1
2017/03/27,3190,3190,3050,3120,3400,3120,1
2017/03/28,3185,3185,3110,3150,1900,3150,1
2017/03/29,3160,3160,3090,3090,400,3090,1
2017/03/30,3075,3090,3075,3090,300,3090,1
2017/03/31,3100,3100,3100,3100,100,3100,1
2017/04/03,3085,3100,3085,3100,300,3100,1
2017/04/05,3080,3090,3080,3090,200,3090,1
2017/04/06,3075,3085,3075,3080,300,3080,1
2017/04/11,3070,3070,3070,3070,100,3070,1
2017/04/12,3095,3095,3045,3050,1300,3050,1
2017/04/13,3015,3015,3005,3005,300,3005,1
2017/04/14,3005,3005,2985,2985,300,2985,1
2017/04/17,2985,2990,2980,2980,500,2980,1
2017/04/19,2990,2990,2990,2990,300,2990,1
2017/04/20,2990,3000,2990,3000,400,3000,1
2017/04/21,3030,3030,3030,3030,100,3030,1
2017/04/24,3030,3030,3005,3015,800,3015,1
2017/04/25,3015,3040,3010,3040,1000,3040,1
2017/04/26,3040,3050,3025,3025,1000,3025,1
2017/04/27,3025,3025,3000,3000,1000,3000,1
2017/05/01,3060,3060,3060,3060,200,3060,1
2017/05/08,3020,3035,3015,3015,400,3015,1
2017/05/09,3050,3105,3050,3100,700,3100,1
2017/05/10,3100,3100,3055,3095,500,3095,1
2017/05/11,3130,3145,3105,3145,500,3145,1
2017/05/15,3125,3125,3125,3125,100,3125,1
2017/05/16,3100,3100,3100,3100,2100,3100,1
2017/05/17,3125,3125,3125,3125,100,3125,1
2017/05/18,3120,3120,3065,3065,300,3065,1
2017/05/19,3095,3140,3095,3140,400,3140,1
2017/05/22,3140,3140,3130,3130,1200,3130,1
2017/05/23,3130,3130,3130,3130,200,3130,1
2017/05/25,3150,3150,3150,3150,800,3150,1
2017/05/26,3150,3150,3150,3150,1000,3150,1
2017/05/29,3140,3150,3140,3150,1900,3150,1
2017/06/01,3150,3150,3150,3150,400,3150,1
2017/06/02,3140,3140,3140,3140,100,3140,1
2017/06/05,3140,3140,3140,3140,100,3140,1
2017/06/06,3150,3150,3120,3125,400,3125,1
2017/06/09,3125,3125,3125,3125,100,3125,1
2017/06/12,3095,3095,3095,3095,800,3095,1
2017/06/13,3125,3125,3125,3125,300,3125,1
2017/06/15,3125,3125,3125,3125,100,3125,1
2017/06/16,3125,3125,3125,3125,500,3125,1
2017/06/19,3105,3105,3085,3085,1200,3085,1
2017/06/20,3085,3085,3085,3085,400,3085,1
2017/06/21,3085,3085,3085,3085,500,3085,1
2017/06/22,3085,3085,3080,3080,800,3080,1
2017/06/23,3095,3095,3095,3095,700,3095,1
2017/06/26,3095,3095,3080,3095,1600,3095,1
2017/06/27,3100,3100,3100,3100,1000,3100,1
2017/06/28,3085,3085,3070,3070,700,3070,1
2017/06/29,3100,3100,3080,3095,1200,3095,1
2017/06/30,3100,3100,3070,3095,1500,3095,1
2017/07/03,3100,3100,3100,3100,1100,3100,1
2017/07/04,3100,3100,3100,3100,100,3100,1
2017/07/05,3075,3075,3075,3075,100,3075,1
2017/07/07,3125,3125,3065,3065,400,3065,1
2017/07/10,3090,3090,3075,3075,700,3075,1
2017/07/11,3075,3075,3065,3065,700,3065,1
2017/07/12,3070,3070,3070,3070,100,3070,1
2017/07/13,3070,3070,3060,3060,600,3060,1
2017/07/18,3060,3065,3055,3060,800,3060,1
2017/07/19,3100,3100,3100,3100,100,3100,1
2017/07/20,3115,3115,3115,3115,300,3115,1
2017/07/21,3110,3110,3110,3110,200,3110,1
2017/07/24,3115,3125,3110,3125,900,3125,1
2017/07/25,3125,3170,3120,3170,4400,3170,1
2017/07/26,3185,3225,3170,3225,3000,3225,1
2017/07/27,3300,3350,3300,3320,3500,3320,1
2017/07/28,3250,3250,3155,3155,700,3155,1
2017/07/31,3250,3300,3250,3300,1500,3300,1
2017/08/01,3300,3300,3300,3300,100,3300,1
2017/08/02,3300,3300,3230,3230,200,3230,1
2017/08/03,3215,3215,3215,3215,100,3215,1
2017/08/04,3210,3235,3210,3235,200,3235,1
2017/08/07,3300,3300,3240,3300,400,3300,1
2017/08/09,3300,3300,3250,3300,400,3300,1
2017/08/10,3290,3290,3090,3175,4000,3175,1
2017/08/16,3105,3110,3105,3110,300,3110,1
2017/08/17,3110,3120,3110,3120,200,3120,1
2017/08/18,3110,3110,3100,3105,400,3105,1
2017/08/21,3165,3165,3165,3165,100,3165,1
2017/08/22,3120,3160,3120,3155,400,3155,1
2017/08/23,3150,3150,3150,3150,100,3150,1
2017/08/24,3150,3150,3145,3145,200,3145,1
2017/08/25,3145,3145,3120,3120,600,3120,1
2017/08/28,3145,3145,3145,3145,600,3145,1
2017/08/29,3125,3125,3090,3090,1200,3090,1
2017/08/30,3150,3150,3100,3100,200,3100,1
2017/08/31,3100,3100,3100,3100,400,3100,1
2017/09/01,3100,3150,3100,3150,200,3150,1
2017/09/05,3085,3085,3085,3085,200,3085,1
2017/09/06,3085,3085,3085,3085,200,3085,1
2017/09/07,3080,3080,3080,3080,100,3080,1
2017/09/08,3080,3080,3080,3080,100,3080,1
2017/09/11,3100,3100,3100,3100,600,3100,1
2017/09/14,3095,3100,3080,3080,400,3080,1
2017/09/19,3100,3105,3100,3105,300,3105,1
2017/09/20,3105,3105,3035,3055,2800,3055,1
2017/09/21,3055,3055,3055,3055,100,3055,1
2017/09/22,3105,3110,3105,3105,800,3105,1
2017/09/25,3135,3135,3115,3115,1700,3115,1
2017/09/26,3085,3110,3085,3110,1000,3110,1
2017/09/27,3035,3095,3035,3095,700,3095,1
2017/09/28,3095,3095,3075,3090,300,3090,1
2017/09/29,3090,3090,3090,3090,100,3090,1
2017/10/02,3055,3055,3055,3055,700,3055,1
2017/10/03,3045,3045,3045,3045,100,3045,1
2017/10/04,3075,3075,3050,3050,300,3050,1
2017/10/05,3055,3055,3055,3055,100,3055,1
2017/10/06,3090,3090,3090,3090,100,3090,1
2017/10/10,3055,3055,3055,3055,100,3055,1
2017/10/11,3100,3100,3060,3060,1000,3060,1
2017/10/12,3095,3095,3095,3095,200,3095,1
2017/10/13,3105,3105,3105,3105,100,3105,1
2017/10/16,3085,3085,3055,3055,3200,3055,1
2017/10/17,3105,3105,3105,3105,100,3105,1
2017/10/19,3060,3060,3060,3060,1000,3060,1
2017/10/20,3055,3055,3055,3055,500,3055,1
2017/10/23,3115,3115,3115,3115,500,3115,1
2017/10/24,3100,3100,3100,3100,900,3100,1
2017/10/25,3100,3115,3100,3115,800,3115,1
2017/10/26,3085,3100,3085,3100,1100,3100,1
2017/10/27,3085,3085,3080,3080,700,3080,1
2017/10/30,3080,3080,3080,3080,200,3080,1
2017/10/31,3110,3110,3080,3080,600,3080,1
2017/11/01,3120,3120,3100,3100,300,3100,1
2017/11/02,3095,3100,3085,3085,600,3085,1
2017/11/06,3100,3100,3100,3100,200,3100,1
2017/11/07,3085,3085,3085,3085,100,3085,1
2017/11/08,3100,3100,3080,3080,1400,3080,1
2017/11/10,3115,3115,3115,3115,100,3115,1
2017/11/13,3100,3100,3070,3070,1000,3070,1
2017/11/15,3070,3070,3070,3070,100,3070,1
2017/11/16,3070,3070,3070,3070,200,3070,1
2017/11/17,3095,3095,3090,3090,400,3090,1
2017/11/20,3090,3090,3090,3090,200,3090,1
2017/11/21,3090,3090,3090,3090,200,3090,1
2017/11/22,3090,3095,3090,3095,200,3095,1
2017/11/24,3115,3115,3105,3110,1100,3110,1
2017/11/27,3110,3110,3110,3110,1000,3110,1
2017/11/28,3140,3140,3090,3090,1100,3090,1
2017/11/29,3100,3100,3100,3100,500,3100,1
2017/11/30,3100,3100,3100,3100,100,3100,1
2017/12/04,3100,3100,3100,3100,200,3100,1
2017/12/05,3100,3100,3090,3090,200,3090,1
2017/12/06,3120,3120,3120,3120,100,3120,1
2017/12/07,3120,3135,3120,3135,700,3135,1
2017/12/08,3130,3140,3130,3140,1500,3140,1
2017/12/11,3150,3150,3150,3150,1000,3150,1
2017/12/12,3150,3150,3110,3125,1300,3125,1
2017/12/15,3130,3130,3130,3130,100,3130,1
2017/12/18,3160,3260,3160,3255,1500,3255,1
2017/12/20,3220,3220,3200,3215,400,3215,1
2017/12/21,3240,3255,3240,3255,1000,3255,1
2017/12/22,3255,3255,3215,3215,700,3215,1
2017/12/25,3260,3275,3245,3275,2000,3275,1
2017/12/26,3280,3280,3225,3235,1800,3235,1
2017/12/27,3300,3300,3300,3300,1500,3300,1
2018/01/04,3230,3230,3200,3205,300,3205,1
2018/01/05,3205,3230,3190,3230,700,3230,1
2018/01/09,3185,3225,3185,3225,400,3225,1
2018/01/10,3190,3190,3190,3190,100,3190,1
2018/01/11,3175,3200,3175,3200,700,3200,1
2018/01/12,3200,3200,3195,3195,300,3195,1
2018/01/15,3200,3230,3200,3230,400,3230,1
2018/01/16,3230,3230,3190,3190,700,3190,1
2018/01/17,3225,3225,3225,3225,400,3225,1
2018/01/18,3225,3225,3225,3225,100,3225,1
2018/01/19,3205,3205,3200,3200,700,3200,1
2018/01/22,3230,3230,3230,3230,100,3230,1
2018/01/23,3235,3250,3235,3250,800,3250,1
2018/01/24,3250,3250,3240,3240,400,3240,1
2018/01/25,3275,3275,3275,3275,500,3275,1
2018/01/26,3280,3300,3280,3290,1200,3290,1
2018/01/29,3335,3335,3335,3335,600,3335,1
2018/01/31,3280,3280,3280,3280,100,3280,1
2018/02/01,3245,3245,3245,3245,100,3245,1
2018/02/02,3240,3240,3240,3240,100,3240,1
2018/02/05,3240,3250,3240,3250,300,3250,1
2018/02/06,3215,3215,3145,3145,1300,3145,1
2018/02/07,3195,3195,3195,3195,100,3195,1
2018/02/09,3125,3125,3085,3085,400,3085,1
2018/02/13,3080,3080,3080,3080,200,3080,1
2018/02/14,3150,3150,3150,3150,100,3150,1
2018/02/16,3150,3150,3150,3150,300,3150,1
2018/02/19,3200,3200,3170,3170,300,3170,1
2018/02/20,3160,3160,3130,3150,600,3150,1
2018/02/21,3150,3150,3150,3150,100,3150,1
2018/02/22,3155,3160,3155,3160,400,3160,1
2018/02/23,3160,3160,3160,3160,600,3160,1
2018/02/26,3210,3210,3180,3195,700,3195,1
2018/02/27,3240,3240,3200,3200,700,3200,1
2018/02/28,3155,3155,3155,3155,100,3155,1
2018/03/02,3155,3195,3115,3190,400,3190,1
2018/03/05,3190,3190,3120,3120,400,3120,1
2018/03/06,3130,3130,3130,3130,100,3130,1
2018/03/08,3120,3120,3100,3100,200,3100,1
2018/03/13,3145,3145,3110,3110,300,3110,1
2018/03/14,3110,3140,3110,3140,200,3140,1
2018/03/15,3115,3115,3115,3115,100,3115,1
2018/03/16,3110,3110,3110,3110,100,3110,1
2018/03/19,3130,3130,3100,3100,600,3100,1
2018/03/22,3100,3105,3100,3100,1100,3100,1
2018/03/23,3140,3140,3135,3135,700,3135,1
2018/03/26,3125,3150,3105,3150,1500,3150,1
2018/03/27,3150,3165,3120,3150,1800,3150,1
2018/03/28,3050,3085,3050,3085,200,3085,1
2018/03/29,3025,3025,3025,3025,100,3025,1
2018/03/30,3045,3045,3010,3010,200,3010,1
2018/04/02,3065,3065,3065,3065,100,3065,1
2018/04/03,3060,3060,3060,3060,100,3060,1
2018/04/05,3000,3010,2999,3010,900,3010,1
2018/04/06,3020,3020,3020,3020,100,3020,1
2018/04/09,3015,3015,2993,2993,200,2993,1
2018/04/10,3005,3010,3000,3010,300,3010,1
2018/04/11,3000,3005,3000,3000,500,3000,1
2018/04/13,3000,3000,3000,3000,100,3000,1
2018/04/16,3020,3020,3020,3020,100,3020,1
2018/04/17,3000,3000,3000,3000,100,3000,1
2018/04/18,3000,3000,2961,2990,900,2990,1
2018/04/19,2990,2990,2990,2990,100,2990,1
2018/04/20,3000,3000,3000,3000,100,3000,1
2018/04/23,3040,3040,3010,3010,300,3010,1
2018/04/25,3040,3045,3040,3045,800,3045,1
2018/04/26,3045,3045,3030,3030,800,3030,1
2018/04/27,3070,3085,3070,3075,1200,3075,1
2018/05/01,3060,3060,3060,3060,100,3060,1
2018/05/07,3000,3000,2995,3000,1100,3000,1
2018/05/08,3005,3005,3005,3005,100,3005,1
2018/05/09,3020,3020,3020,3020,100,3020,1
2018/05/10,3050,3050,3050,3050,300,3050,1
2018/05/11,3010,3010,3010,3010,1000,3010,1
2018/05/14,2996,2996,2996,2996,700,2996,1
2018/05/15,3010,3010,3010,3010,100,3010,1
2018/05/16,2997,3010,2993,2993,400,2993,1
2018/05/21,2993,2993,2993,2993,100,2993,1
2018/05/22,2995,2996,2995,2995,500,2995,1
2018/05/23,3010,3020,3010,3020,400,3020,1
2018/05/24,3020,3030,3020,3030,200,3030,1
2018/05/25,3035,3040,3035,3040,1100,3040,1
2018/05/28,3040,3040,3040,3040,1300,3040,1
2018/05/29,3100,3100,3100,3100,600,3100,1
2018/05/30,3050,3050,3050,3050,100,3050,1
2018/05/31,3035,3035,3035,3035,100,3035,1
2018/06/04,3035,3035,3010,3030,600,3030,1
2018/06/05,2960,2980,2960,2980,1300,2980,1
2018/06/06,2990,3010,2990,3010,300,3010,1
2018/06/07,3015,3030,3015,3030,300,3030,1
2018/06/11,3030,3030,3030,3030,300,3030,1
2018/06/12,3020,3020,3020,3020,300,3020,1
2018/06/13,3040,3040,3040,3040,100,3040,1
2018/06/14,3040,3040,3040,3040,300,3040,1
2018/06/15,3025,3025,3025,3025,200,3025,1
2018/06/18,3030,3030,3030,3030,200,3030,1
2018/06/19,3030,3030,3030,3030,100,3030,1
2018/06/20,3035,3035,3030,3035,300,3035,1
2018/06/21,3030,3030,3025,3025,300,3025,1
2018/06/22,3030,3030,3030,3030,100,3030,1
2018/06/25,3030,3030,3030,3030,700,3030,1
2018/06/26,3035,3035,3015,3015,900,3015,1
2018/06/27,3085,3085,3040,3040,900,3040,1
2018/06/28,3045,3045,3045,3045,400,3045,1
2018/06/29,3060,3060,3035,3050,1400,3050,1
2018/07/02,3050,3050,3025,3025,1400,3025,1
2018/07/03,3095,3095,3095,3095,1000,3095,1
2018/07/09,3100,3100,3100,3100,1100,3100,1
2018/07/10,3110,3110,3100,3100,200,3100,1
2018/07/12,3120,3120,3120,3120,200,3120,1
2018/07/17,3130,3130,3130,3130,300,3130,1
2018/07/18,3130,3180,3095,3180,800,3180,1
2018/07/20,3190,3210,3185,3210,600,3210,1
2018/07/23,3190,3200,3190,3200,300,3200,1
2018/07/24,3220,3220,3220,3220,300,3220,1
2018/07/25,3220,3240,3220,3240,1500,3240,1
2018/07/26,3240,3250,3240,3250,1800,3250,1
2018/07/27,3295,3295,3295,3295,1500,3295,1
2018/07/30,3295,3295,3295,3295,200,3295,1
2018/08/03,3115,3120,3115,3115,900,3115,1
2018/08/06,3105,3105,3105,3105,200,3105,1
2018/08/07,3110,3110,3095,3095,400,3095,1
2018/08/08,3095,3095,3085,3085,300,3085,1
2018/08/09,3050,3050,2982,2982,1100,2982,1
2018/08/10,3000,3050,3000,3050,400,3050,1
