2007/01/04,724,724,724,724,1000,724,1
2007/01/11,713,723,713,723,10000,723,1
2007/01/12,719,719,700,714,22000,714,1
2007/01/15,704,714,661,700,25000,700,1
2007/01/16,690,690,690,690,2000,690,1
2007/01/17,700,700,700,700,1000,700,1
2007/01/18,690,690,600,600,45000,600,1
2007/01/19,570,570,528,544,150000,544,1
2007/01/22,574,600,574,600,66000,600,1
2007/01/23,600,610,579,610,50000,610,1
2007/01/24,600,605,590,605,19000,605,1
2007/01/25,606,607,597,607,21000,607,1
2007/01/26,607,612,607,612,14000,612,1
2007/01/29,612,623,612,623,14000,623,1
2007/01/30,622,627,622,627,5000,627,1
2007/01/31,626,630,625,630,15000,630,1
2007/02/01,619,629,619,629,3000,629,1
2007/02/02,630,645,630,645,14000,645,1
2007/02/05,647,660,647,658,13000,658,1
2007/02/06,660,680,660,675,17000,675,1
2007/02/07,680,697,680,697,11000,697,1
2007/02/08,685,690,680,690,9000,690,1
2007/02/09,688,700,683,697,46000,697,1
2007/02/13,700,705,700,700,30000,700,1
2007/02/14,700,704,700,704,15000,704,1
2007/02/15,700,710,700,705,38000,705,1
2007/02/19,700,705,700,705,2000,705,1
2007/02/20,700,705,700,705,14000,705,1
2007/02/23,708,708,708,708,1000,708,1
2007/02/27,705,709,705,709,6000,709,1
2007/02/28,700,707,700,707,7000,707,1
2007/03/01,703,706,700,705,9000,705,1
2007/03/02,700,704,700,704,2000,704,1
2007/03/05,699,704,699,704,10000,704,1
2007/03/06,700,708,700,708,118000,708,1
2007/03/07,709,710,703,710,8000,710,1
2007/03/08,702,702,702,702,1000,702,1
2007/03/09,708,708,706,706,2000,706,1
2007/03/12,702,705,700,705,4000,705,1
2007/03/13,700,706,700,706,2000,706,1
2007/03/14,706,706,706,706,1000,706,1
2007/03/15,706,706,700,700,13000,700,1
2007/03/19,700,705,698,705,14000,705,1
2007/03/20,700,700,693,700,4000,700,1
2007/03/22,699,700,699,700,19000,700,1
2007/03/26,696,703,694,703,7000,703,1
2007/03/27,696,697,652,679,42000,679,1
2007/03/28,680,689,680,689,2000,689,1
2007/04/06,678,688,678,688,4000,688,1
2007/04/09,694,695,685,694,41000,694,1
2007/04/11,693,693,693,693,1000,693,1
2007/04/12,684,693,684,693,6000,693,1
2007/04/13,684,684,684,684,1000,684,1
2007/04/16,684,695,678,695,12000,695,1
2007/04/18,690,695,690,690,97000,690,1
2007/04/19,681,694,681,693,7000,693,1
2007/04/23,684,684,684,684,1000,684,1
2007/04/24,689,689,689,689,2000,689,1
2007/04/25,689,689,689,689,1000,689,1
2007/05/01,680,680,680,680,1000,680,1
2007/05/02,680,685,672,685,211000,685,1
2007/05/07,675,685,675,684,18000,684,1
2007/05/10,675,680,670,675,14000,675,1
2007/05/15,670,670,669,670,32000,670,1
2007/05/16,658,665,648,665,10000,665,1
2007/05/21,652,655,635,655,27000,655,1
2007/05/22,650,650,640,649,7000,649,1
2007/05/23,649,649,645,645,3000,645,1
2007/05/24,635,640,620,637,23000,637,1
2007/05/25,623,634,623,634,5000,634,1
2007/05/28,634,660,627,660,16000,660,1
2007/05/29,670,675,669,675,9000,675,1
2007/05/30,676,700,676,700,5000,700,1
2007/06/01,690,719,690,719,24000,719,1
2007/06/04,710,725,710,725,9000,725,1
2007/06/06,729,740,729,740,19000,740,1
2007/06/07,740,750,740,750,11000,750,1
2007/06/08,750,750,750,750,9000,750,1
2007/06/13,747,747,747,747,1000,747,1
2007/06/14,740,748,738,748,15000,748,1
2007/06/18,738,748,738,748,9000,748,1
2007/06/19,747,747,737,747,29000,747,1
2007/06/21,730,730,730,730,1000,730,1
2007/06/22,739,739,739,739,1000,739,1
2007/06/25,739,739,739,739,5000,739,1
2007/06/28,738,739,730,730,3000,730,1
2007/06/29,710,711,710,711,6000,711,1
2007/07/02,710,710,710,710,2000,710,1
2007/07/17,698,698,698,698,1000,698,1
2007/07/18,690,690,690,690,1000,690,1
2007/07/19,685,685,685,685,1000,685,1
2007/07/20,684,684,684,684,1000,684,1
2007/07/23,643,643,610,619,13000,619,1
2007/07/24,609,609,580,580,4000,580,1
2007/07/25,590,605,585,605,18000,605,1
2007/07/26,595,596,595,596,4000,596,1
2007/07/27,568,586,568,586,4000,586,1
2007/07/30,584,584,583,583,3000,583,1
2007/08/01,582,582,582,582,1000,582,1
2007/08/02,582,585,582,584,6000,584,1
2007/08/09,562,581,562,581,6000,581,1
2007/08/14,568,584,568,584,7000,584,1
2007/08/15,564,582,564,582,8000,582,1
2007/08/31,575,581,575,581,7000,581,1
2007/09/04,581,582,581,582,10000,582,1
2007/09/06,581,581,571,580,56000,580,1
2007/09/07,570,580,570,580,3000,580,1
2007/09/14,580,580,580,580,1000,580,1
2007/09/18,579,579,549,579,10000,579,1
2007/09/19,549,579,549,579,21000,579,1
2007/09/20,579,579,579,579,2000,579,1
2007/09/28,578,578,578,578,3000,578,1
2007/10/02,559,585,559,585,16000,585,1
2007/10/05,573,583,573,583,3000,583,1
2007/10/15,563,588,563,588,15000,588,1
2007/10/24,580,589,570,589,56000,589,1
2007/10/25,579,584,579,584,2000,584,1
2007/11/02,584,584,584,584,1000,584,1
2007/11/09,583,583,573,579,4000,579,1
2007/11/26,575,575,575,575,10000,575,1
2007/12/05,570,570,570,570,1000,570,1
2007/12/06,567,567,567,567,2000,567,1
2007/12/07,567,568,567,568,2000,568,1
2007/12/10,568,568,568,568,1000,568,1
2007/12/14,563,563,563,563,1000,563,1
2007/12/26,552,559,552,559,2000,559,1
2007/12/27,540,560,540,560,5000,560,1
2007/12/28,555,570,555,570,14000,570,1
2008/01/04,560,560,560,560,2000,560,1
2008/01/07,540,560,540,560,18000,560,1
2008/01/10,560,560,560,560,2000,560,1
2008/01/17,554,554,554,554,1000,554,1
2008/01/21,559,559,559,559,13000,559,1
2008/01/23,556,556,556,556,2000,556,1
2008/01/25,554,554,554,554,1000,554,1
2008/01/31,543,552,539,552,14000,552,1
2008/02/25,562,562,562,562,3000,562,1
2008/02/29,570,570,570,570,2000,570,1
2008/03/03,560,560,560,560,3000,560,1
2008/03/14,562,562,562,562,1000,562,1
2008/03/19,560,560,560,560,4000,560,1
2008/03/24,559,559,559,559,2000,559,1
2008/03/25,559,559,559,559,1000,559,1
2008/03/28,559,559,559,559,1000,559,1
2008/04/02,549,550,500,550,14000,550,1
2008/04/10,540,560,540,560,3000,560,1
2008/04/18,550,560,550,560,4000,560,1
2008/04/22,560,560,560,560,1000,560,1
2008/05/01,557,557,557,557,1000,557,1
2008/05/02,556,556,556,556,1000,556,1
2008/05/07,545,554,545,554,5000,554,1
2008/05/08,545,551,541,551,6000,551,1
2008/05/13,541,554,541,554,3000,554,1
2008/05/23,551,553,545,553,6000,553,1
2008/05/26,550,550,550,550,1000,550,1
2008/06/20,544,544,544,544,1000,544,1
2008/07/07,530,549,530,549,10000,549,1
2008/07/09,548,548,548,548,1000,548,1
2008/07/10,549,550,549,549,5000,549,1
2008/07/14,550,565,550,565,6000,565,1
2008/07/17,567,567,567,567,7000,567,1
2008/07/23,564,564,559,564,4000,564,1
2008/07/24,554,564,534,561,17000,561,1
2008/07/25,563,563,543,559,5000,559,1
2008/07/30,550,550,540,540,2000,540,1
2008/08/01,548,548,548,548,1000,548,1
2008/08/04,551,551,551,551,1000,551,1
2008/08/11,550,550,550,550,1000,550,1
2008/08/12,540,565,540,565,7000,565,1
2008/08/18,567,580,567,580,7000,580,1
2008/09/01,550,567,549,567,4000,567,1
2008/09/04,556,563,555,563,3000,563,1
2008/09/12,560,563,560,563,3000,563,1
2008/09/16,550,560,550,560,4000,560,1
2008/09/17,550,565,550,559,7000,559,1
2008/09/18,550,550,550,550,1000,550,1
2008/09/24,548,552,548,552,4000,552,1
2008/09/25,553,553,553,553,1000,553,1
2008/10/01,545,545,545,545,1000,545,1
2008/10/02,540,549,540,549,3000,549,1
2008/10/06,540,540,540,540,1000,540,1
2008/10/07,535,550,535,550,8000,550,1
2008/10/08,540,540,540,540,1000,540,1
2008/10/10,535,548,535,548,6000,548,1
2008/10/15,536,536,536,536,1000,536,1
2008/10/21,525,535,525,535,2000,535,1
2008/10/27,525,535,525,535,2000,535,1
2008/11/07,534,534,534,534,1000,534,1
2008/11/14,520,530,520,530,3000,530,1
2008/11/20,529,534,529,534,4000,534,1
2008/11/25,534,550,534,550,7000,550,1
2008/11/26,550,555,550,555,3000,555,1
2008/11/28,554,560,554,560,10000,560,1
2008/12/12,560,565,560,565,10000,565,1
2008/12/15,567,568,567,568,6000,568,1
2008/12/19,560,560,560,560,1000,560,1
2008/12/25,568,568,568,568,1000,568,1
2008/12/30,567,567,567,567,3000,567,1
2009/01/08,550,559,550,559,3000,559,1
2009/01/13,567,568,567,568,16000,568,1
2009/01/19,560,560,560,560,1000,560,1
2009/02/18,549,549,549,549,2000,549,1
2009/02/24,540,564,540,564,7000,564,1
2009/02/25,568,568,568,568,4000,568,1
2009/03/05,559,559,559,559,4000,559,1
2009/03/17,540,559,540,559,3000,559,1
2009/03/24,542,552,532,552,6000,552,1
2009/03/31,530,551,530,551,14000,551,1
2009/04/07,548,548,548,548,10000,548,1
2009/04/20,549,555,549,555,8000,555,1
2009/04/21,540,552,540,552,6000,552,1
2009/04/27,546,546,546,546,1000,546,1
2009/05/07,539,540,539,540,13000,540,1
2009/05/13,535,555,535,555,36000,555,1
2009/05/14,555,557,555,557,6000,557,1
2009/05/21,557,557,557,557,10000,557,1
2009/05/25,558,568,558,568,10000,568,1
2009/05/27,580,580,580,580,1000,580,1
2009/06/01,580,590,578,590,8000,590,1
2009/06/02,590,600,590,600,2000,600,1
2009/06/05,590,590,590,590,1000,590,1
2009/06/08,600,600,600,600,1000,600,1
2009/06/10,580,600,580,600,8000,600,1
2009/06/18,570,600,570,600,20000,600,1
2009/06/23,600,620,600,620,24000,620,1
2009/07/15,610,630,610,630,12000,630,1
2009/07/22,630,630,630,630,1000,630,1
2009/07/23,610,635,610,635,13000,635,1
2009/07/30,625,650,625,650,13000,650,1
2009/08/03,650,650,650,650,1000,650,1
2009/08/04,630,640,630,640,2000,640,1
2009/08/06,620,635,620,635,17000,635,1
2009/08/07,645,645,645,645,2000,645,1
2009/08/10,650,650,650,650,2000,650,1
2009/08/25,649,649,649,649,1000,649,1
2009/09/08,630,640,630,640,2000,640,1
2009/09/10,645,645,645,645,1000,645,1
2009/09/16,635,644,625,644,5000,644,1
2009/09/24,644,649,644,649,6000,649,1
2009/09/28,629,649,629,649,8000,649,1
2009/10/01,635,645,635,645,2000,645,1
2009/10/05,645,649,645,649,2000,649,1
2009/10/15,649,649,649,649,5000,649,1
2009/10/21,647,648,647,648,5000,648,1
2009/10/26,646,646,646,646,1000,646,1
2009/10/30,643,643,643,643,2000,643,1
2009/11/02,640,643,640,643,2000,643,1
2009/11/05,631,643,631,643,12000,643,1
2009/11/12,640,643,640,643,6000,643,1
2009/11/13,641,641,641,641,1000,641,1
2009/11/16,640,640,640,640,2000,640,1
2009/11/25,635,639,625,639,5000,639,1
2009/12/01,635,635,635,635,1000,635,1
2009/12/03,640,640,640,640,3000,640,1
2009/12/10,630,635,630,635,2000,635,1
2009/12/18,635,635,635,635,1000,635,1
2009/12/25,635,635,635,635,1000,635,1
2010/01/04,640,649,640,649,7000,649,1
2010/01/22,630,634,630,634,2000,634,1
2010/01/25,630,635,630,635,6000,635,1
2010/01/28,625,630,615,620,8000,620,1
2010/01/29,600,600,600,600,2000,600,1
2010/02/01,570,570,570,570,1000,570,1
2010/02/02,550,550,520,520,2000,520,1
2010/02/03,520,520,520,520,4000,520,1
2010/02/04,500,511,490,511,29000,511,1
2010/02/05,490,490,470,470,13000,470,1
2010/02/08,444,455,437,455,15000,455,1
2010/02/09,455,455,440,455,16000,455,1
2010/02/12,455,455,455,455,1000,455,1
2010/02/15,455,455,455,455,1000,455,1
2010/02/16,440,447,440,447,6000,447,1
2010/02/17,431,449,430,449,11000,449,1
2010/02/24,445,455,445,445,4000,445,1
2010/02/25,443,450,443,450,18000,450,1
2010/02/26,450,452,450,452,2000,452,1
2010/03/01,444,450,440,450,3900,450,1
2010/03/02,442,445,442,445,400,445,1
2010/03/04,445,445,445,445,15000,445,1
2010/03/08,444,444,444,444,100,444,1
2010/03/09,444,450,444,450,9000,450,1
2010/03/11,450,460,450,460,6000,460,1
2010/03/12,459,459,459,459,1100,459,1
2010/03/15,459,459,459,459,200,459,1
2010/03/17,459,470,459,465,4400,465,1
2010/03/25,465,465,465,465,1500,465,1
2010/03/26,465,475,465,475,2100,475,1
2010/04/01,468,468,468,468,300,468,1
2010/04/02,468,470,460,470,6000,470,1
2010/04/05,470,470,450,468,9500,468,1
2010/04/06,452,465,450,464,3100,464,1
2010/04/07,450,458,450,458,1100,458,1
2010/04/08,450,464,450,464,4200,464,1
2010/04/09,450,464,450,464,8600,464,1
2010/04/12,450,462,450,462,3900,462,1
2010/04/13,454,465,440,461,57500,461,1
2010/04/14,445,455,435,455,15000,455,1
2010/04/15,447,464,440,463,20700,463,1
2010/04/16,460,465,450,465,9400,465,1
2010/04/19,465,465,465,465,10000,465,1
2010/04/20,464,464,464,464,100,464,1
2010/04/22,464,480,464,480,10500,480,1
2010/04/23,479,479,471,479,6600,479,1
2010/04/26,479,479,471,478,5700,478,1
2010/04/27,477,477,477,477,23000,477,1
2010/04/28,469,480,461,480,3900,480,1
2010/05/06,480,480,472,479,2900,479,1
2010/05/07,477,498,477,498,5600,498,1
2010/05/10,490,498,490,498,19400,498,1
2010/05/11,495,495,490,495,19700,495,1
2010/05/12,490,498,490,495,27000,495,1
2010/05/13,490,520,490,520,10400,520,1
2010/05/14,510,510,500,510,7000,510,1
2010/05/17,500,515,500,515,10000,515,1
2010/05/19,505,520,495,520,7300,520,1
2010/05/20,520,530,451,518,39700,518,1
2010/05/25,514,515,514,515,1600,515,1
2010/05/26,505,514,500,514,1500,514,1
2010/05/27,500,514,500,514,1300,514,1
2010/05/31,518,518,518,518,300,518,1
2010/06/01,510,518,510,518,5800,518,1
2010/06/02,515,515,515,515,3000,515,1
2010/06/03,514,515,514,515,300,515,1
2010/06/04,512,517,502,517,5200,517,1
2010/06/10,512,512,512,512,4500,512,1
2010/06/11,513,513,513,513,200,513,1
2010/06/15,510,520,510,520,14400,520,1
2010/06/18,517,520,516,520,8100,520,1
2010/06/21,518,520,518,520,6600,520,1
2010/06/25,516,516,516,516,800,516,1
2010/06/29,500,517,500,517,7600,517,1
2010/06/30,507,518,507,518,7300,518,1
2010/07/01,518,518,500,518,8900,518,1
2010/07/02,517,525,517,525,11100,525,1
2010/07/05,517,520,517,520,200,520,1
2010/07/12,520,530,520,530,4500,530,1
2010/07/21,529,529,529,529,1000,529,1
2010/07/22,529,529,529,529,3000,529,1
2010/07/23,529,530,529,530,8200,530,1
2010/07/26,530,530,520,530,1100,530,1
2010/07/27,530,535,530,535,6500,535,1
2010/07/29,525,536,525,536,6500,536,1
2010/08/02,530,530,520,530,3300,530,1
2010/08/03,530,540,525,540,19400,540,1
2010/08/04,540,540,540,540,100,540,1
2010/08/05,530,540,530,540,200,540,1
2010/08/11,530,540,529,540,52400,540,1
2010/08/16,540,540,540,540,2400,540,1
2010/08/18,530,540,530,540,1000,540,1
2010/08/20,539,539,539,539,100,539,1
2010/08/23,540,540,539,539,400,539,1
2010/08/24,539,539,539,539,900,539,1
2010/08/25,539,545,539,545,7000,545,1
2010/08/26,545,550,545,550,12300,550,1
2010/08/27,550,550,550,550,300,550,1
2010/08/30,550,550,550,550,200,550,1
2010/08/31,550,550,550,550,200,550,1
2010/09/01,549,549,549,549,400,549,1
2010/09/02,539,549,520,549,5500,549,1
2010/09/03,550,558,548,558,6400,558,1
2010/09/08,540,560,540,560,7700,560,1
2010/09/09,550,565,550,565,24000,565,1
2010/09/10,555,565,555,565,6100,565,1
2010/09/13,540,540,530,540,1500,540,1
2010/09/15,533,556,533,556,9600,556,1
2010/09/16,546,560,546,560,10600,560,1
2010/09/17,540,540,530,530,400,530,1
2010/09/21,540,565,540,565,2300,565,1
2010/09/22,565,575,565,575,13600,575,1
2010/09/24,579,580,579,580,5100,580,1
2010/09/27,580,580,580,580,1300,580,1
2010/09/28,580,585,580,585,14400,585,1
2010/09/29,565,580,565,580,11100,580,1
2010/09/30,560,585,560,585,5600,585,1
2010/10/01,570,570,570,570,600,570,1
2010/10/04,550,570,550,570,6900,570,1
2010/10/05,574,580,574,580,5200,580,1
2010/10/07,575,575,565,565,27500,565,1
2010/10/08,574,575,574,575,500,575,1
2010/10/12,580,580,580,580,300,580,1
2010/10/13,578,590,578,590,12500,590,1
2010/10/18,580,589,580,589,5100,589,1
2010/10/21,570,580,570,580,30200,580,1
2010/10/22,570,589,570,589,5000,589,1
2010/10/25,582,588,582,588,900,588,1
2010/10/26,588,588,578,588,300,588,1
2010/10/27,588,588,588,588,400,588,1
2010/10/28,588,590,588,590,700,590,1
2010/10/29,580,590,580,590,900,590,1
2010/11/01,589,600,589,600,7700,600,1
2010/11/04,580,588,579,584,1000,584,1
2010/11/05,582,594,582,594,3100,594,1
2010/11/08,600,600,599,600,800,600,1
2010/11/09,600,600,600,600,100,600,1
2010/11/10,600,600,600,600,1900,600,1
2010/11/11,600,600,600,600,6300,600,1
2010/11/16,599,600,590,600,6000,600,1
2010/11/17,600,600,600,600,100,600,1
2010/11/18,600,600,600,600,200,600,1
2010/11/19,600,600,600,600,100,600,1
2010/11/22,600,600,600,600,100,600,1
2010/11/24,598,598,598,598,200,598,1
2010/11/25,598,598,580,598,11300,598,1
2010/11/29,598,598,598,598,2000,598,1
2010/12/01,598,598,598,598,200,598,1
2010/12/03,588,598,588,598,900,598,1
2010/12/08,597,597,597,597,200,597,1
2010/12/09,596,596,596,596,100,596,1
2010/12/10,597,597,597,597,5000,597,1
2010/12/13,597,597,587,596,1300,596,1
2010/12/14,590,598,590,598,4200,598,1
2010/12/15,590,597,590,597,2100,597,1
2010/12/16,587,599,587,598,10200,598,1
2010/12/17,597,597,597,597,1300,597,1
2010/12/20,587,587,587,587,200,587,1
2010/12/21,580,590,580,590,3000,590,1
2010/12/22,580,587,580,587,400,587,1
2010/12/24,585,596,585,585,8600,585,1
2010/12/27,592,592,572,582,5100,582,1
2010/12/28,581,581,581,581,300,581,1
2010/12/29,583,583,582,582,1400,582,1
2010/12/30,590,592,580,592,500,592,1
2011/01/04,602,602,602,602,300,602,1
2011/01/05,592,592,592,592,100,592,1
2011/01/06,582,602,572,602,2300,602,1
2011/01/07,591,605,591,605,4200,605,1
2011/01/11,586,598,572,598,5000,598,1
2011/01/12,598,599,588,598,7400,598,1
2011/01/13,589,599,589,599,2600,599,1
2011/01/14,590,590,589,589,600,589,1
2011/01/17,590,590,580,580,300,580,1
2011/01/18,570,589,565,588,1200,588,1
2011/01/19,588,588,588,588,700,588,1
2011/01/20,580,590,580,589,1000,589,1
2011/01/21,582,588,582,588,8600,588,1
2011/01/24,588,588,588,588,1200,588,1
2011/01/25,588,589,588,589,3000,589,1
2011/01/26,588,588,588,588,300,588,1
2011/01/27,588,588,587,588,1400,588,1
2011/01/28,588,588,568,586,700,586,1
2011/01/31,587,588,587,587,1600,587,1
2011/02/01,588,588,588,588,1200,588,1
2011/02/03,586,588,586,588,8000,588,1
2011/02/09,586,586,586,586,4000,586,1
2011/02/14,590,590,590,590,2000,590,1
2011/02/21,589,589,589,589,1500,589,1
2011/02/24,589,589,589,589,1000,589,1
2011/02/25,589,589,589,589,700,589,1
2011/02/28,589,589,589,589,300,589,1
2011/03/01,589,590,585,590,7800,590,1
2011/03/02,589,589,589,589,200,589,1
2011/03/14,590,591,580,588,6600,588,1
2011/03/15,590,590,588,589,2100,589,1
2011/03/16,589,589,588,589,300,589,1
2011/03/17,579,598,569,598,8300,598,1
2011/03/18,588,596,588,596,700,596,1
2011/03/22,596,596,579,589,1500,589,1
2011/03/23,590,597,570,587,31400,587,1
2011/03/24,589,589,578,588,33500,588,1
2011/03/25,590,595,577,588,17300,588,1
2011/03/28,580,588,570,588,5700,588,1
2011/03/29,588,588,588,588,400,588,1
2011/03/30,583,588,577,588,6100,588,1
2011/03/31,580,592,570,592,8100,592,1
2011/04/01,591,592,590,592,1400,592,1
2011/04/04,594,595,590,595,16000,595,1
2011/04/05,594,594,581,594,2800,594,1
2011/04/06,584,595,584,594,24800,594,1
2011/04/07,593,595,585,594,1100,594,1
2011/04/08,590,595,584,595,1300,595,1
2011/04/12,595,595,595,595,400,595,1
2011/04/13,593,596,593,596,4500,596,1
2011/04/14,595,605,591,604,19300,604,1
2011/04/15,604,604,600,600,1300,600,1
2011/04/18,600,604,600,604,800,604,1
2011/04/19,603,603,602,603,1300,603,1
2011/04/20,593,604,593,604,2300,604,1
2011/04/21,604,604,604,604,200,604,1
2011/04/22,594,606,594,606,7600,606,1
2011/04/25,605,605,605,605,900,605,1
2011/04/26,595,604,595,604,2100,604,1
2011/04/27,603,604,603,604,400,604,1
2011/05/02,604,604,604,604,300,604,1
2011/05/06,604,604,595,604,30200,604,1
2011/05/09,606,606,605,605,200,605,1
2011/05/10,600,605,590,605,5700,605,1
2011/05/11,595,600,595,600,400,600,1
2011/05/12,600,600,600,600,200,600,1
2011/05/13,600,600,584,600,1100,600,1
2011/05/16,600,600,600,600,10200,600,1
2011/05/17,602,602,592,600,500,600,1
2011/05/18,590,600,590,600,700,600,1
2011/05/20,590,600,590,600,3000,600,1
2011/05/23,583,600,583,600,3500,600,1
2011/05/24,600,600,600,600,500,600,1
2011/05/25,599,599,599,599,800,599,1
2011/05/26,600,600,600,600,100,600,1
2011/05/27,598,598,598,598,200,598,1
2011/05/30,588,610,588,610,4300,610,1
2011/05/31,600,605,598,605,2900,605,1
2011/06/01,605,605,605,605,200,605,1
2011/06/03,600,603,600,603,1400,603,1
2011/06/06,600,600,600,600,200,600,1
2011/06/07,600,600,600,600,200,600,1
2011/06/08,596,600,596,600,300,600,1
2011/06/14,590,600,590,600,500,600,1
2011/06/16,590,600,590,600,1000,600,1
2011/06/17,604,604,594,604,3600,604,1
2011/06/23,600,600,600,600,200,600,1
2011/06/24,600,600,600,600,200,600,1
2011/06/27,600,615,600,608,12200,608,1
2011/06/28,605,605,605,605,200,605,1
2011/06/29,600,605,600,605,1900,605,1
2011/06/30,604,604,604,604,300,604,1
2011/07/01,605,605,605,605,100,605,1
2011/07/04,604,604,604,604,100,604,1
2011/07/05,595,604,594,594,2800,594,1
2011/07/06,604,605,604,605,300,605,1
2011/07/11,605,605,605,605,300,605,1
2011/07/13,605,605,593,605,1000,605,1
2011/07/14,598,604,590,603,2500,603,1
2011/07/15,605,605,593,603,4500,603,1
2011/07/19,593,597,591,597,1600,597,1
2011/07/20,593,605,592,604,4100,604,1
2011/07/21,595,604,593,604,2500,604,1
2011/07/22,594,602,592,602,2400,602,1
2011/07/25,605,605,594,604,2800,604,1
2011/07/26,595,600,592,593,2200,593,1
2011/07/27,599,599,599,599,100,599,1
2011/07/28,600,605,595,605,6200,605,1
2011/07/29,595,600,594,600,700,600,1
2011/08/01,604,604,594,601,2000,601,1
2011/08/02,593,603,590,603,3500,603,1
2011/08/03,596,604,590,600,4200,600,1
2011/08/04,594,597,588,597,3100,597,1
2011/08/05,596,598,594,594,2100,594,1
2011/08/08,586,595,583,595,2200,595,1
2011/08/09,584,597,574,597,5000,597,1
2011/08/10,603,603,603,603,8000,603,1
2011/08/11,593,603,590,600,1700,600,1
2011/08/12,592,600,592,600,300,600,1
2011/08/16,590,600,590,600,3200,600,1
2011/08/17,600,600,600,600,1000,600,1
2011/08/18,600,600,600,600,100,600,1
2011/08/22,590,600,590,600,15700,600,1
2011/08/23,595,600,590,600,12200,600,1
2011/08/24,591,597,591,597,400,597,1
2011/08/25,597,597,581,590,2900,590,1
2011/08/26,594,595,594,595,200,595,1
2011/08/30,586,596,583,593,2000,593,1
2011/09/01,583,598,583,598,4500,598,1
2011/09/05,588,605,588,605,11100,605,1
2011/09/06,595,602,588,602,1000,602,1
2011/09/26,600,600,600,600,700,600,1
2011/10/03,600,600,600,600,200,600,1
2011/10/12,590,595,590,595,1500,595,1
2011/10/20,586,595,580,595,9600,595,1
2011/10/21,585,595,580,595,3500,595,1
2011/10/25,595,599,586,595,7600,595,1
2011/10/26,596,596,596,596,100,596,1
2011/10/28,596,596,596,596,100,596,1
2011/10/31,586,596,586,596,500,596,1
2011/11/01,596,596,596,596,300,596,1
2011/11/04,587,595,585,595,1300,595,1
2011/11/08,587,597,582,597,6900,597,1
2011/11/09,587,595,585,595,1100,595,1
2011/11/10,586,594,580,581,3500,581,1
2011/11/11,580,590,577,590,3900,590,1
2011/11/16,580,590,574,590,4800,590,1
2011/11/21,580,594,580,594,1900,594,1
2011/11/22,584,594,584,594,2500,594,1
2011/11/25,595,595,595,595,700,595,1
2011/11/29,594,594,594,594,100,594,1
2011/11/30,594,594,594,594,2300,594,1
2011/12/01,595,595,585,594,3600,594,1
2011/12/08,581,591,581,590,2100,590,1
2011/12/09,580,594,580,594,2200,594,1
2011/12/16,594,605,594,600,13700,600,1
2011/12/20,590,596,590,596,1100,596,1
2011/12/26,598,598,598,598,800,598,1
2012/01/04,598,598,598,598,200,598,1
2012/01/05,598,598,598,598,2700,598,1
2012/01/06,588,597,588,597,900,597,1
2012/01/11,598,599,598,599,3700,599,1
2012/01/16,590,594,590,594,400,594,1
2012/01/24,590,590,584,590,2300,590,1
2012/01/25,590,599,590,599,7500,599,1
2012/01/26,589,595,585,595,2400,595,1
2012/01/30,590,590,585,590,1200,590,1
2012/02/01,589,590,585,590,1100,590,1
2012/02/02,590,594,590,594,1200,594,1
2012/02/08,590,603,590,603,4200,603,1
2012/02/10,595,603,595,603,3200,603,1
2012/02/13,593,600,593,600,700,600,1
2012/02/14,595,603,595,603,1000,603,1
2012/02/17,593,600,593,600,1700,600,1
2012/02/23,598,600,598,598,1000,598,1
2012/02/24,600,600,600,600,400,600,1
2012/02/27,600,602,591,602,2300,602,1
2012/02/28,593,600,560,600,29800,600,1
2012/02/29,590,590,590,590,100,590,1
2012/03/01,599,599,599,599,300,599,1
2012/03/02,590,603,590,600,3100,600,1
2012/03/06,598,603,598,603,800,603,1
2012/03/07,603,604,594,603,800,603,1
2012/03/08,604,604,604,604,100,604,1
2012/03/13,594,600,588,600,1600,600,1
2012/03/15,600,605,600,605,11800,605,1
2012/03/16,605,605,605,605,200,605,1
2012/03/19,582,605,582,605,8100,605,1
2012/03/21,585,604,585,604,9000,604,1
2012/03/26,600,609,600,608,53600,608,1
2012/03/27,598,610,598,610,11400,610,1
2012/03/28,603,603,593,603,2300,603,1
2012/04/02,600,600,600,600,200,600,1
2012/04/05,590,610,590,610,1600,610,1
2012/04/06,610,610,610,610,800,610,1
2012/04/12,600,610,600,609,11400,609,1
2012/04/13,600,620,600,620,7000,620,1
2012/04/16,620,625,620,625,4000,625,1
2012/04/17,605,620,605,615,5300,615,1
2012/04/24,605,630,605,630,3800,630,1
2012/04/25,620,628,610,627,3600,627,1
2012/04/26,620,630,620,630,3100,630,1
2012/05/01,627,627,627,627,200,627,1
2012/05/10,630,630,630,630,1000,630,1
2012/05/11,630,630,630,630,2100,630,1
2012/05/14,630,635,630,635,1100,635,1
2012/05/17,635,635,635,635,100,635,1
2012/05/18,625,645,625,645,7300,645,1
2012/05/21,637,640,637,640,300,640,1
2012/05/23,625,644,625,644,3900,644,1
2012/05/25,644,644,644,644,2600,644,1
2012/05/28,644,644,634,644,1100,644,1
2012/06/01,634,644,634,644,2900,644,1
2012/06/04,634,644,634,644,1100,644,1
2012/06/05,635,644,635,644,1900,644,1
2012/06/07,635,644,635,644,1500,644,1
2012/06/18,643,643,630,643,2200,643,1
2012/06/21,633,642,633,642,3600,642,1
2012/06/25,642,642,642,642,700,642,1
2012/06/28,622,640,622,640,1800,640,1
2012/06/29,630,640,630,640,1100,640,1
2012/07/02,638,638,638,638,500,638,1
2012/07/03,638,655,638,655,13700,655,1
2012/07/04,650,650,650,650,100,650,1
2012/07/05,649,649,649,649,200,649,1
2012/07/09,629,649,629,649,700,649,1
2012/07/10,648,649,638,649,2300,649,1
2012/07/17,631,644,631,644,200,644,1
2012/07/19,640,644,640,644,2300,644,1
2012/07/20,644,645,644,645,200,645,1
2012/07/25,645,645,645,645,600,645,1
2012/08/01,645,645,645,645,500,645,1
2012/08/03,644,644,644,644,600,644,1
2012/08/08,634,643,630,643,2900,643,1
2012/08/10,640,640,640,640,100,640,1
2012/08/13,640,648,630,648,1600,648,1
2012/08/14,638,645,638,645,300,645,1
2012/08/15,640,640,640,640,100,640,1
2012/08/16,640,647,640,647,1000,647,1
2012/08/17,645,648,645,648,4200,648,1
2012/08/20,645,655,645,655,2700,655,1
2012/08/22,640,654,635,654,5600,654,1
2012/08/24,645,655,645,655,600,655,1
2012/08/27,655,655,655,655,700,655,1
2012/08/31,640,655,640,655,5200,655,1
2012/09/03,645,658,645,658,6100,658,1
2012/09/06,648,660,648,660,2300,660,1
2012/09/07,662,662,662,662,300,662,1
2012/09/10,662,662,662,662,400,662,1
2012/09/11,662,662,662,662,100,662,1
2012/09/12,652,669,621,669,3700,669,1
2012/09/13,665,670,665,670,300,670,1
2012/09/14,665,670,665,670,200,670,1
2012/09/18,650,665,650,665,29200,665,1
2012/09/19,660,670,660,670,1000,670,1
2012/09/24,660,670,650,670,4800,670,1
2012/09/25,674,674,674,674,600,674,1
2012/09/26,670,675,670,675,4400,675,1
2012/10/01,684,684,684,684,100,684,1
2012/10/05,674,685,674,685,3800,685,1
2012/10/09,675,685,665,685,2000,685,1
2012/10/12,685,685,685,685,2000,685,1
2012/10/22,680,685,680,685,1600,685,1
2012/10/25,684,684,684,684,700,684,1
2012/10/30,680,688,680,685,9300,685,1
2012/10/31,685,689,685,689,400,689,1
2012/11/01,688,689,688,689,2200,689,1
2012/11/12,689,691,689,691,2800,691,1
2012/11/13,691,695,691,695,300,695,1
2012/11/22,675,695,675,695,4900,695,1
2012/11/26,696,696,691,696,900,696,1
2012/11/29,686,695,676,695,1100,695,1
2012/12/03,695,699,695,699,3400,699,1
2012/12/05,680,699,680,699,1000,699,1
2012/12/10,726,726,726,726,4000,726,1
2012/12/13,700,720,700,720,1800,720,1
2012/12/14,720,720,720,720,200,720,1
2012/12/17,729,729,714,729,6600,729,1
2012/12/18,729,730,725,725,1200,725,1
2012/12/19,725,725,711,724,300,724,1
2012/12/20,725,725,725,725,1300,725,1
2012/12/21,725,725,715,725,1000,725,1
2012/12/25,729,730,729,729,4200,729,1
2012/12/26,715,729,710,729,700,729,1
2012/12/27,729,729,695,725,2600,725,1
2012/12/28,711,729,711,729,6300,729,1
2013/01/04,730,730,718,730,3700,730,1
2013/01/07,727,730,720,730,1700,730,1
2013/01/10,720,730,710,730,900,730,1
2013/01/15,733,733,733,733,500,733,1
2013/01/16,720,733,720,733,1200,733,1
2013/01/17,733,733,705,733,900,733,1
2013/01/21,738,738,738,738,100,738,1
2013/01/22,730,730,730,730,300,730,1
2013/01/23,730,738,720,738,3000,738,1
2013/01/25,738,738,738,738,600,738,1
2013/01/29,732,738,732,734,900,734,1
2013/01/31,725,738,725,738,400,738,1
2013/02/01,739,739,730,738,500,738,1
2013/02/04,739,740,728,740,6400,740,1
2013/02/06,739,740,720,739,9100,739,1
2013/02/12,730,730,715,730,13600,730,1
2013/02/13,730,739,730,730,1300,730,1
2013/02/14,737,737,737,737,100,737,1
2013/02/18,723,735,723,735,2100,735,1
2013/02/21,725,739,725,739,1700,739,1
2013/02/22,729,739,729,739,1200,739,1
2013/02/25,738,738,737,737,1400,737,1
2013/02/26,722,739,722,739,2500,739,1
2013/02/27,730,737,728,737,1400,737,1
2013/02/28,730,740,730,731,7200,731,1
2013/03/01,739,739,739,739,200,739,1
2013/03/04,744,750,735,735,12800,735,1
2013/03/05,730,745,730,740,4200,740,1
2013/03/06,745,745,732,739,1900,739,1
2013/03/07,739,739,730,737,1300,737,1
2013/03/08,745,745,745,745,200,745,1
2013/03/11,744,746,744,746,1300,746,1
2013/03/12,746,746,746,746,300,746,1
2013/03/13,746,746,746,746,600,746,1
2013/03/15,745,746,745,745,2300,745,1
2013/03/18,744,744,744,744,100,744,1
2013/03/19,745,745,734,745,400,745,1
2013/03/21,745,745,745,745,100,745,1
2013/03/25,744,744,744,744,700,744,1
2013/03/26,745,745,745,745,200,745,1
2013/03/28,745,745,745,745,100,745,1
2013/03/29,730,744,730,744,300,744,1
2013/04/01,743,743,732,743,2300,743,1
2013/04/03,730,744,720,744,17000,744,1
2013/04/05,744,746,744,746,1300,746,1
2013/04/08,746,747,746,747,2200,747,1
2013/04/12,730,745,730,745,6300,745,1
2013/04/17,740,745,740,745,400,745,1
2013/04/22,735,745,735,745,1900,745,1
2013/04/23,745,745,745,745,400,745,1
2013/04/24,740,744,735,744,1300,744,1
2013/04/25,744,744,742,742,700,742,1
2013/04/26,730,730,730,730,200,730,1
2013/04/30,735,743,705,743,4900,743,1
2013/05/01,743,743,743,743,500,743,1
2013/05/07,743,743,743,743,100,743,1
2013/05/08,740,740,740,740,500,740,1
2013/05/09,730,745,730,745,9000,745,1
2013/05/15,740,740,730,736,2900,736,1
2013/05/16,737,738,720,737,11800,737,1
2013/05/17,739,750,720,745,43800,745,1
2013/05/20,738,738,707,738,14400,738,1
2013/05/21,729,737,729,737,1100,737,1
2013/05/22,730,742,728,742,15200,742,1
2013/05/23,736,740,723,740,1600,740,1
2013/05/24,735,741,728,741,1200,741,1
2013/05/27,739,739,730,738,6800,738,1
2013/05/28,733,737,730,737,800,737,1
2013/05/29,730,738,730,738,7100,738,1
2013/05/30,725,737,725,737,500,737,1
2013/05/31,728,734,724,734,2300,734,1
2013/06/03,731,737,730,737,11400,737,1
2013/06/07,736,737,710,733,8900,733,1
2013/06/10,725,734,725,734,1600,734,1
2013/06/11,730,738,730,738,2000,738,1
2013/06/13,736,736,736,736,500,736,1
2013/06/17,728,735,728,735,300,735,1
2013/06/18,735,735,735,735,400,735,1
2013/06/21,728,745,720,745,15900,745,1
2013/06/24,730,740,727,738,8500,738,1
2013/06/25,733,735,725,735,6100,735,1
2013/06/26,734,740,734,740,5000,740,1
2013/06/27,745,750,745,750,1900,750,1
2013/06/28,750,750,750,750,200,750,1
2013/07/01,750,750,730,746,2400,746,1
2013/07/02,746,750,744,750,4600,750,1
2013/07/03,741,749,737,748,1000,748,1
2013/07/04,748,760,748,760,3500,760,1
2013/07/05,760,760,750,759,4400,759,1
2013/07/08,753,770,751,769,8200,769,1
2013/07/09,754,769,753,760,3100,760,1
2013/07/10,755,765,755,765,600,765,1
2013/07/16,764,764,764,764,300,764,1
2013/07/17,760,780,760,780,4500,780,1
2013/07/24,778,780,778,780,1300,780,1
2013/07/25,785,785,785,785,900,785,1
2013/07/26,774,780,770,780,1700,780,1
2013/07/30,771,779,770,779,6400,779,1
2013/07/31,778,778,778,778,100,778,1
2013/08/01,777,795,766,795,5600,795,1
2013/08/02,794,794,794,794,100,794,1
2013/08/05,781,796,781,795,800,795,1
2013/08/06,797,797,783,795,1500,795,1
2013/08/07,795,795,784,792,1900,792,1
2013/08/09,786,793,780,793,3200,793,1
2013/08/13,791,798,785,788,6800,788,1
2013/08/14,786,795,780,795,5100,795,1
2013/08/15,793,798,790,798,4700,798,1
2013/08/16,795,795,786,791,1400,791,1
2013/08/19,798,800,786,800,4900,800,1
2013/08/20,795,800,795,800,1400,800,1
2013/08/21,790,810,790,810,2700,810,1
2013/08/22,797,797,782,797,3800,797,1
2013/08/23,785,798,777,798,1500,798,1
2013/08/26,797,809,795,800,6700,800,1
2013/08/28,800,800,800,800,100,800,1
2013/08/29,790,790,790,790,700,790,1
2013/08/30,790,799,777,777,2400,777,1
2013/09/02,792,808,792,808,2000,808,1
2013/09/03,793,809,793,809,3000,809,1
2013/09/04,800,807,800,807,800,807,1
2013/09/06,808,808,793,808,3500,808,1
2013/09/09,809,810,797,809,8700,809,1
2013/09/10,810,810,795,810,6800,810,1
2013/09/11,810,810,798,808,5600,808,1
2013/09/12,805,808,792,808,7500,808,1
2013/09/13,808,808,799,807,1100,807,1
2013/09/17,807,810,800,810,6200,810,1
2013/09/18,810,815,802,815,2200,815,1
2013/09/19,814,815,813,813,1200,813,1
2013/09/20,816,816,810,814,5300,814,1
2013/09/24,820,820,815,815,8300,815,1
2013/09/25,815,818,806,810,7100,810,1
2013/09/26,806,806,791,805,700,805,1
2013/09/27,805,805,795,805,1300,805,1
2013/09/30,820,825,810,824,48500,824,1
2013/10/01,825,827,819,827,5700,827,1
2013/10/02,825,825,804,820,10700,820,1
2013/10/03,805,820,800,820,5600,820,1
2013/10/04,805,820,805,813,3700,813,1
2013/10/07,807,818,805,807,5600,807,1
2013/10/08,802,810,754,754,17300,754,1
2013/10/09,755,755,719,735,11900,735,1
2013/10/10,750,750,731,731,14200,731,1
2013/10/11,739,741,720,720,48600,720,1
2013/10/15,750,751,730,742,37900,742,1
2013/10/16,742,750,735,735,19600,735,1
2013/10/17,747,747,718,735,24200,735,1
2013/10/18,740,745,729,745,9100,745,1
2013/10/21,741,750,733,735,16400,735,1
2013/10/22,733,738,727,738,17100,738,1
2013/10/23,735,735,724,725,8700,725,1
2013/10/24,737,737,719,727,13500,727,1
2013/10/25,737,749,724,733,12900,733,1
2013/10/28,740,740,724,738,12000,738,1
2013/10/29,740,751,735,751,8300,751,1
2013/10/30,751,751,730,731,13700,731,1
2013/10/31,731,735,717,720,20700,720,1
2013/11/01,720,720,692,705,16600,705,1
2013/11/05,705,710,690,710,15400,710,1
2013/11/06,715,715,690,707,20700,707,1
2013/11/07,702,706,686,696,24500,696,1
2013/11/08,700,700,689,700,8700,700,1
2013/11/11,695,705,677,705,40500,705,1
2013/11/12,708,719,691,699,93900,699,1
2013/11/13,705,725,697,699,90200,699,1
2013/11/14,709,709,687,688,68500,688,1
2013/11/15,690,718,690,698,43400,698,1
2013/11/18,715,717,696,697,24700,697,1
2013/11/19,697,697,688,694,15800,694,1
2013/11/20,690,697,690,696,11300,696,1
2013/11/21,693,699,691,698,8900,698,1
2013/11/22,698,712,692,711,23500,711,1
2013/11/25,711,711,698,705,8300,705,1
2013/11/26,700,704,694,701,10300,701,1
2013/11/27,699,701,693,693,9400,693,1
2013/11/28,692,696,686,686,17000,686,1
2013/11/29,686,695,684,688,26600,688,1
2013/12/02,685,686,682,685,9600,685,1
2013/12/03,680,692,679,686,29200,686,1
2013/12/04,678,684,669,672,29200,672,1
2013/12/05,673,675,669,670,10600,670,1
2013/12/06,670,685,665,669,15500,669,1
2013/12/09,673,674,651,662,12300,662,1
2013/12/10,665,670,662,664,10300,664,1
2013/12/11,660,667,655,667,9300,667,1
2013/12/12,660,663,657,657,7100,657,1
2013/12/13,658,670,656,656,13100,656,1
2013/12/16,654,654,635,640,12200,640,1
2013/12/17,650,650,638,648,5700,648,1
2013/12/18,638,641,635,641,7100,641,1
2013/12/19,635,642,624,635,12800,635,1
2013/12/20,635,639,630,635,18300,635,1
2013/12/24,630,638,630,633,15800,633,1
2013/12/25,635,640,627,637,17400,637,1
2013/12/26,643,666,643,666,26900,666,1
2013/12/27,651,662,648,657,15700,657,1
2013/12/30,657,672,656,670,39500,670,1
2014/01/06,675,675,653,656,16500,656,1
2014/01/07,656,671,653,670,23800,670,1
2014/01/08,670,672,656,672,11700,672,1
2014/01/09,666,670,654,670,44500,670,1
2014/01/10,667,670,656,660,4800,660,1
2014/01/14,652,659,648,656,11500,656,1
2014/01/15,654,679,652,676,33400,676,1
2014/01/16,676,678,664,675,10400,675,1
2014/01/17,666,694,661,689,46200,689,1
2014/01/20,692,700,686,692,21800,692,1
2014/01/21,690,693,680,693,11100,693,1
2014/01/22,683,687,680,686,14800,686,1
2014/01/23,681,690,680,683,15700,683,1
2014/01/24,680,680,673,675,6800,675,1
2014/01/27,678,678,666,677,15500,677,1
2014/01/28,667,683,667,678,10100,678,1
2014/01/29,672,683,668,683,11700,683,1
2014/01/30,682,682,665,665,8600,665,1
2014/01/31,675,675,656,673,9100,673,1
2014/02/03,673,677,656,675,10900,675,1
2014/02/04,654,675,639,650,21100,650,1
2014/02/05,650,650,640,650,2700,650,1
2014/02/06,650,668,649,668,13700,668,1
2014/02/07,658,675,658,673,20800,673,1
2014/02/10,680,683,675,683,5500,683,1
2014/02/12,683,695,683,694,14000,694,1
2014/02/13,694,700,687,690,35200,690,1
2014/02/14,692,699,678,696,22900,696,1
2014/02/17,696,700,679,694,24700,694,1
2014/02/18,690,698,678,697,9200,697,1
2014/02/19,698,698,687,698,2400,698,1
2014/02/20,690,697,682,695,4200,695,1
2014/02/21,695,699,686,698,8200,698,1
2014/02/24,698,700,679,700,19500,700,1
2014/02/25,695,699,690,699,5800,699,1
2014/02/26,693,699,686,699,9400,699,1
2014/02/27,694,694,694,694,400,694,1
2014/02/28,688,694,688,694,600,694,1
2014/03/03,697,697,685,697,1300,697,1
2014/03/04,688,695,688,695,300,695,1
2014/03/05,696,697,696,697,1000,697,1
2014/03/06,687,697,685,697,6800,697,1
2014/03/07,693,697,689,697,10400,697,1
2014/03/10,690,696,685,696,8500,696,1
2014/03/11,698,700,692,700,19600,700,1
2014/03/12,700,700,695,699,2500,699,1
2014/03/13,691,700,691,700,1600,700,1
2014/03/14,692,700,685,699,4400,699,1
2014/03/18,698,710,697,709,19700,709,1
2014/03/19,705,708,700,707,4600,707,1
2014/03/20,700,705,688,688,7400,688,1
2014/03/24,690,698,689,698,600,698,1
2014/03/25,698,705,690,705,5300,705,1
2014/03/26,690,704,690,704,400,704,1
2014/03/27,684,704,684,702,2300,702,1
2014/03/28,702,702,702,702,100,702,1
2014/03/31,691,704,691,704,3100,704,1
2014/04/01,704,704,699,703,1000,703,1
2014/04/02,702,706,699,700,14300,700,1
2014/04/03,700,700,690,692,4700,692,1
2014/04/04,695,705,686,705,14400,705,1
2014/04/07,705,705,695,705,1600,705,1
2014/04/08,696,709,696,705,7200,705,1
2014/04/09,701,705,691,703,7600,703,1
2014/04/10,703,709,694,703,22400,703,1
2014/04/11,696,702,695,696,3900,696,1
2014/04/15,697,700,697,700,2200,700,1
2014/04/16,690,699,690,699,3300,699,1
2014/04/17,695,698,690,698,4700,698,1
2014/04/18,691,698,691,698,2900,698,1
2014/04/21,692,698,690,698,7000,698,1
2014/04/22,693,698,693,698,2000,698,1
2014/04/23,691,698,691,694,5100,694,1
2014/04/24,697,705,696,704,19900,704,1
2014/04/25,704,704,700,700,1400,700,1
2014/04/28,695,702,695,701,800,701,1
2014/04/30,696,698,692,692,6200,692,1
2014/05/01,698,698,692,696,2200,696,1
2014/05/02,693,700,690,699,6500,699,1
2014/05/07,700,700,693,700,1200,700,1
2014/05/08,700,700,690,697,6100,697,1
2014/05/09,693,696,692,696,1000,696,1
2014/05/12,697,697,691,697,4600,697,1
2014/05/13,695,697,686,695,4500,695,1
2014/05/14,689,695,686,695,14100,695,1
2014/05/15,685,695,680,695,12000,695,1
2014/05/16,694,694,686,694,2400,694,1
2014/05/19,693,693,680,693,1800,693,1
2014/05/20,692,694,684,694,3500,694,1
2014/05/21,684,693,679,693,6200,693,1
2014/05/22,685,694,684,685,2100,685,1
2014/05/23,685,693,685,690,900,690,1
2014/05/26,693,693,682,690,3200,690,1
2014/05/27,694,695,694,695,5100,695,1
2014/05/29,686,695,686,695,1800,695,1
2014/05/30,695,695,687,695,2200,695,1
2014/06/02,690,690,670,680,31300,680,1
2014/06/03,675,693,675,688,6300,688,1
2014/06/04,688,697,680,689,16200,689,1
2014/06/05,681,689,670,689,5700,689,1
2014/06/06,680,690,676,687,15400,687,1
2014/06/09,687,687,680,686,6400,686,1
2014/06/10,680,685,677,680,19100,680,1
2014/06/11,680,680,680,680,1200,680,1
2014/06/12,680,685,680,685,2000,685,1
2014/06/13,685,690,685,690,1700,690,1
2014/06/16,696,696,694,694,4300,694,1
2014/06/17,694,699,691,699,6400,699,1
2014/06/18,698,698,694,694,300,694,1
2014/06/19,704,740,696,696,149400,696,1
2014/06/20,702,702,692,695,14200,695,1
2014/06/23,695,695,689,695,8800,695,1
2014/06/24,698,698,690,690,9700,690,1
2014/06/25,694,695,692,693,2600,693,1
2014/06/26,690,695,690,695,1100,695,1
2014/06/27,695,695,689,695,4500,695,1
2014/06/30,694,694,689,689,3000,689,1
2014/07/01,690,692,687,692,7900,692,1
2014/07/02,685,690,682,689,9400,689,1
2014/07/03,685,695,685,694,14700,694,1
2014/07/04,694,694,694,694,200,694,1
2014/07/07,694,694,685,694,4600,694,1
2014/07/08,694,694,682,683,5100,683,1
2014/07/09,688,693,686,693,1600,693,1
2014/07/10,685,693,680,693,9800,693,1
2014/07/11,685,693,684,693,1900,693,1
2014/07/14,696,709,686,697,115900,697,1
2014/07/15,699,699,680,692,57600,692,1
2014/07/16,686,693,683,690,13400,690,1
2014/07/17,690,694,685,690,5800,690,1
2014/07/18,686,690,684,685,5300,685,1
2014/07/22,686,689,681,688,13900,688,1
2014/07/23,689,695,685,691,16800,691,1
2014/07/24,693,693,680,689,18400,689,1
2014/07/25,689,689,682,689,5700,689,1
2014/07/28,685,694,683,689,13300,689,1
2014/07/29,685,688,685,688,500,688,1
2014/07/30,685,688,680,683,20200,683,1
2014/07/31,680,688,677,680,38600,680,1
2014/08/01,680,684,676,684,5600,684,1
2014/08/04,684,689,676,689,6600,689,1
2014/08/05,684,689,679,688,16400,688,1
2014/08/06,686,686,671,682,12900,682,1
2014/08/07,680,683,673,683,3500,683,1
2014/08/08,680,690,670,685,19100,685,1
2014/08/11,688,688,680,688,3600,688,1
2014/08/12,681,687,680,687,10500,687,1
2014/08/13,687,694,687,694,9800,694,1
2014/08/14,684,695,680,693,41100,693,1
2014/08/15,690,691,681,687,10600,687,1
2014/08/18,684,695,681,685,46600,685,1
2014/08/19,689,689,682,684,18200,684,1
2014/08/20,684,689,682,682,25900,682,1
2014/08/21,685,700,685,700,56400,700,1
2014/08/22,700,700,695,699,17600,699,1
2014/08/25,705,725,705,707,90100,707,1
2014/08/26,710,710,695,701,19100,701,1
2014/08/27,709,720,705,710,75300,710,1
2014/08/28,718,733,700,705,226300,705,1
2014/08/29,706,715,705,715,14700,715,1
2014/09/01,729,733,707,722,385300,722,1
2014/09/02,725,725,709,710,75100,710,1
2014/09/03,705,705,697,698,57300,698,1
2014/09/04,723,723,690,692,80100,692,1
2014/09/05,693,696,675,682,24500,682,1
2014/09/08,682,689,680,685,5000,685,1
2014/09/09,686,694,680,689,25500,689,1
2014/09/10,690,690,660,666,115000,666,1
2014/09/11,673,681,636,668,83500,668,1
2014/09/12,675,685,660,675,52300,675,1
2014/09/16,680,680,660,673,64100,673,1
2014/09/17,668,677,665,671,23000,671,1
2014/09/18,669,674,665,667,12500,667,1
2014/09/19,671,671,667,671,2300,671,1
2014/09/22,671,674,670,674,7300,674,1
2014/09/24,671,684,671,678,7600,678,1
2014/09/25,684,685,679,682,18900,682,1
2014/09/26,677,695,677,690,90200,690,1
2014/09/29,690,693,686,687,32900,687,1
2014/09/30,693,693,681,690,21700,690,1
2014/10/01,684,700,684,685,58200,685,1
2014/10/02,680,690,675,680,98100,680,1
2014/10/03,680,685,677,680,6700,680,1
2014/10/06,680,684,674,681,8000,681,1
2014/10/07,691,692,685,685,11200,685,1
2014/10/08,687,692,680,687,14400,687,1
2014/10/09,687,687,678,680,5900,680,1
2014/10/10,676,683,676,683,18000,683,1
2014/10/14,673,680,671,680,12300,680,1
2014/10/15,680,695,673,690,15400,690,1
2014/10/16,680,695,675,681,20700,681,1
2014/10/17,682,692,670,690,57200,690,1
2014/10/20,689,689,675,689,13500,689,1
2014/10/21,690,695,680,695,11500,695,1
2014/10/22,697,700,696,697,13800,697,1
2014/10/23,700,706,695,695,17100,695,1
2014/10/24,705,705,681,698,8100,698,1
2014/10/27,700,702,688,692,7000,692,1
2014/10/28,693,704,690,693,8100,693,1
2014/10/29,699,702,697,699,1800,699,1
2014/10/30,700,700,693,693,5700,693,1
2014/10/31,701,701,690,700,5200,700,1
2014/11/04,705,707,690,691,13500,691,1
2014/11/05,693,697,689,690,7000,690,1
2014/11/06,690,695,689,690,8200,690,1
2014/11/07,689,695,688,690,3800,690,1
2014/11/10,690,691,688,690,6400,690,1
2014/11/11,689,690,688,689,9100,689,1
2014/11/12,689,704,676,687,61700,687,1
2014/11/13,681,689,677,680,10500,680,1
2014/11/14,680,684,676,677,7400,677,1
2014/11/17,678,692,675,686,14000,686,1
2014/11/18,690,697,690,694,8700,694,1
2014/11/19,697,697,687,689,20300,689,1
2014/11/20,689,696,684,686,15200,686,1
2014/11/21,690,693,685,688,12200,688,1
2014/11/25,693,694,690,690,8800,690,1
2014/11/26,686,692,685,687,9100,687,1
2014/11/27,686,690,686,686,3600,686,1
2014/11/28,690,690,684,690,9100,690,1
2014/12/01,689,692,685,686,16400,686,1
2014/12/02,685,685,679,682,10300,682,1
2014/12/03,685,688,678,683,13200,683,1
2014/12/04,683,684,678,683,8400,683,1
2014/12/05,681,686,681,686,2600,686,1
2014/12/08,681,685,680,682,7200,682,1
2014/12/09,677,682,674,678,6100,678,1
2014/12/10,668,677,668,671,9500,671,1
2014/12/11,670,671,665,669,2900,669,1
2014/12/12,668,672,667,670,5000,670,1
2014/12/15,670,670,670,670,300,670,1
2014/12/16,670,670,660,663,3600,663,1
2014/12/17,660,669,660,669,3100,669,1
2014/12/18,670,670,666,666,5200,666,1
2014/12/19,660,668,660,668,11300,668,1
2014/12/22,668,668,661,662,3900,662,1
2014/12/24,662,665,655,660,5900,660,1
2014/12/25,665,668,660,661,6800,661,1
2014/12/26,667,670,664,670,13200,670,1
2014/12/29,670,670,662,665,12400,665,1
2014/12/30,665,666,663,665,5900,665,1
2015/01/05,665,666,661,664,7600,664,1
2015/01/06,660,661,655,658,5700,658,1
2015/01/07,656,660,656,660,2400,660,1
2015/01/08,660,665,655,665,5000,665,1
2015/01/09,658,663,652,655,20100,655,1
2015/01/13,649,653,645,653,2700,653,1
2015/01/14,651,655,650,655,4900,655,1
2015/01/15,650,654,649,654,4600,654,1
2015/01/16,652,652,648,651,1200,651,1
2015/01/19,651,656,645,656,5200,656,1
2015/01/20,656,660,656,660,1000,660,1
2015/01/21,651,661,650,661,4800,661,1
2015/01/22,664,664,656,656,400,656,1
2015/01/23,662,664,649,664,10600,664,1
2015/01/26,664,667,660,667,3500,667,1
2015/01/27,660,670,659,670,9900,670,1
2015/01/28,666,670,663,669,5300,669,1
2015/01/29,665,668,659,662,4000,662,1
2015/01/30,663,676,663,676,19200,676,1
2015/02/02,676,677,663,670,3500,670,1
2015/02/03,666,669,666,666,1100,666,1
2015/02/04,663,667,663,667,400,667,1
2015/02/05,664,664,660,663,2500,663,1
2015/02/06,664,664,657,662,2200,662,1
2015/02/10,664,665,661,662,900,662,1
2015/02/12,667,670,650,653,10100,653,1
2015/02/13,651,657,630,650,10900,650,1
2015/02/16,660,661,658,658,2200,658,1
2015/02/17,660,660,642,652,17800,652,1
2015/02/18,654,654,645,651,3500,651,1
2015/02/19,651,651,640,640,19200,640,1
2015/02/20,640,650,640,648,7900,648,1
2015/02/23,656,656,638,641,14000,641,1
2015/02/24,643,645,640,642,4800,642,1
2015/02/25,644,644,639,639,9000,639,1
2015/02/26,639,641,638,638,5500,638,1
2015/02/27,641,641,635,638,11000,638,1
2015/03/02,640,641,638,641,3100,641,1
2015/03/03,638,639,635,638,16500,638,1
2015/03/04,638,640,632,640,10000,640,1
2015/03/05,640,640,639,639,3400,639,1
2015/03/06,638,639,635,637,19200,637,1
2015/03/09,637,637,636,637,2300,637,1
2015/03/10,636,639,636,638,4800,638,1
2015/03/11,638,645,638,645,1600,645,1
2015/03/12,643,645,643,644,1500,644,1
2015/03/13,657,657,645,645,5300,645,1
2015/03/16,651,657,648,655,7900,655,1
2015/03/17,655,655,653,655,2400,655,1
2015/03/18,655,655,646,650,9800,650,1
2015/03/19,651,651,641,643,6100,643,1
2015/03/20,647,650,643,648,4400,648,1
2015/03/23,650,650,648,650,2000,650,1
2015/03/24,650,650,641,642,5400,642,1
2015/03/25,645,645,642,642,2000,642,1
2015/03/26,642,642,640,641,5700,641,1
2015/03/27,640,640,605,622,18700,622,1
2015/03/30,622,631,622,630,2600,630,1
2015/03/31,630,631,616,619,16000,619,1
2015/04/01,620,622,614,622,6200,622,1
2015/04/02,624,627,622,622,4600,622,1
2015/04/03,621,625,619,625,1200,625,1
2015/04/06,621,621,619,621,2200,621,1
2015/04/07,623,627,623,627,3500,627,1
2015/04/08,628,631,625,631,7500,631,1
2015/04/09,626,632,620,632,10600,632,1
2015/04/10,627,634,618,628,21200,628,1
2015/04/13,634,635,630,635,8700,635,1
2015/04/14,640,644,637,644,5300,644,1
2015/04/15,644,648,642,648,2600,648,1
2015/04/16,648,648,640,647,6500,647,1
2015/04/17,640,644,638,644,3200,644,1
2015/04/20,641,643,637,637,1900,637,1
2015/04/21,637,637,635,636,1900,636,1
2015/04/22,635,638,635,638,1900,638,1
2015/04/23,634,638,633,638,4300,638,1
2015/04/24,638,638,634,635,1900,635,1
2015/04/27,640,640,638,638,3300,638,1
2015/04/28,634,639,634,638,3700,638,1
2015/04/30,634,634,632,632,1000,632,1
2015/05/01,632,635,628,635,3600,635,1
2015/05/07,635,635,629,635,1400,635,1
2015/05/08,635,635,631,632,3000,632,1
2015/05/11,640,641,632,632,2600,632,1
2015/05/12,629,636,629,635,800,635,1
2015/05/13,631,638,630,635,6700,635,1
2015/05/14,631,634,631,634,1700,634,1
2015/05/15,639,640,636,640,7900,640,1
2015/05/18,640,650,640,648,22400,648,1
2015/05/19,658,675,615,619,154200,619,1
2015/05/20,621,626,620,621,20800,621,1
2015/05/21,621,624,616,620,21000,620,1
2015/05/22,618,621,617,621,7000,621,1
2015/05/25,621,626,618,626,18800,626,1
2015/05/26,626,627,619,627,13800,627,1
2015/05/27,624,627,620,621,4300,621,1
2015/05/28,624,625,622,622,2900,622,1
2015/05/29,620,620,616,618,7200,618,1
2015/06/01,617,618,615,615,13800,615,1
2015/06/02,618,618,614,615,2000,615,1
2015/06/03,615,617,615,616,2000,616,1
2015/06/04,617,627,615,624,12000,624,1
2015/06/05,624,640,624,639,26000,639,1
2015/06/08,631,639,631,638,3200,638,1
2015/06/09,632,639,632,639,4700,639,1
2015/06/11,631,634,628,630,2200,630,1
2015/06/12,628,638,627,635,3300,635,1
2015/06/16,627,634,614,634,3300,634,1
2015/06/17,630,630,618,625,3300,625,1
2015/06/18,622,627,622,627,2400,627,1
2015/06/19,628,633,622,633,7400,633,1
2015/06/22,632,639,630,639,11000,639,1
2015/06/23,635,644,635,640,8300,640,1
2015/06/24,643,643,632,639,14300,639,1
2015/06/25,642,657,642,657,39400,657,1
2015/06/26,648,650,644,649,5300,649,1
2015/06/29,639,645,632,645,4600,645,1
2015/06/30,635,645,635,645,4500,645,1
2015/07/01,647,655,633,653,22500,653,1
2015/07/02,651,651,651,651,300,651,1
2015/07/03,641,650,640,641,1100,641,1
2015/07/06,641,644,640,644,6900,644,1
2015/07/07,641,647,641,647,3300,647,1
2015/07/08,641,641,622,640,2800,640,1
2015/07/09,624,638,624,636,4200,636,1
2015/07/10,628,636,623,626,4700,626,1
2015/07/13,620,636,620,636,7300,636,1
2015/07/14,636,645,636,645,11500,645,1
2015/07/15,646,647,635,647,4700,647,1
2015/07/16,646,648,637,648,2500,648,1
2015/07/17,649,655,649,654,6500,654,1
2015/07/21,654,654,638,653,10900,653,1
2015/07/22,653,653,653,653,200,653,1
2015/07/23,650,653,644,653,1500,653,1
2015/07/24,653,660,645,660,8100,660,1
2015/07/27,660,660,633,658,22600,658,1
2015/07/28,648,655,648,654,2000,654,1
2015/07/29,654,654,654,654,1000,654,1
2015/07/30,650,650,650,650,100,650,1
2015/07/31,650,650,650,650,400,650,1
2015/08/03,649,649,638,645,5500,645,1
2015/08/04,649,649,640,640,200,640,1
2015/08/05,640,648,640,648,4600,648,1
2015/08/06,642,647,642,647,1500,647,1
2015/08/07,646,657,641,654,11900,654,1
2015/08/10,641,651,636,638,8600,638,1
2015/08/11,638,648,628,648,8000,648,1
2015/08/12,638,655,631,655,19000,655,1
2015/08/13,655,655,641,654,9800,654,1
2015/08/14,650,650,646,646,1100,646,1
2015/08/17,640,649,640,649,9900,649,1
2015/08/18,642,653,642,653,700,653,1
2015/08/19,652,655,652,655,4700,655,1
2015/08/20,645,653,642,653,19700,653,1
2015/08/21,643,648,639,639,1200,639,1
2015/08/24,630,645,613,645,10900,645,1
2015/08/25,636,637,626,635,2500,635,1
2015/08/26,636,640,630,637,1400,637,1
2015/08/27,639,654,629,654,16200,654,1
2015/08/28,645,659,640,659,18700,659,1
2015/08/31,659,659,646,655,3300,655,1
2015/09/01,655,655,645,655,4700,655,1
2015/09/03,655,655,655,655,600,655,1
2015/09/04,641,654,641,654,1600,654,1
2015/09/08,645,654,633,654,2300,654,1
2015/09/09,646,654,641,654,2200,654,1
2015/09/10,645,645,645,645,200,645,1
2015/09/11,645,652,635,650,6000,650,1
2015/09/14,650,650,650,650,200,650,1
2015/09/15,650,650,649,649,7300,649,1
2015/09/16,650,650,650,650,500,650,1
2015/09/17,641,649,641,649,2600,649,1
2015/09/18,639,648,639,648,3100,648,1
2015/09/24,642,648,640,648,1200,648,1
2015/09/25,647,647,637,637,800,637,1
2015/09/28,640,646,640,646,3500,646,1
2015/09/29,645,645,644,645,500,645,1
2015/09/30,637,646,637,646,1000,646,1
2015/10/01,643,645,634,640,6500,640,1
2015/10/02,640,643,626,643,7100,643,1
2015/10/05,633,644,633,644,3000,644,1
2015/10/06,644,647,639,647,11200,647,1
2015/10/07,638,638,637,637,800,637,1
2015/10/08,630,637,630,637,600,637,1
2015/10/09,627,647,627,647,22100,647,1
2015/10/13,633,640,633,640,1900,640,1
2015/10/14,638,645,633,637,6800,637,1
2015/10/15,647,647,632,638,4200,638,1
2015/10/16,638,642,638,642,2000,642,1
2015/10/19,634,646,634,646,5000,646,1
2015/10/20,645,655,645,655,35300,655,1
2015/10/21,650,650,650,650,100,650,1
2015/10/22,650,650,641,650,1400,650,1
2015/10/23,643,652,640,652,5700,652,1
2015/10/26,649,660,642,659,27900,659,1
2015/10/27,649,658,649,655,2100,655,1
2015/10/28,645,670,645,663,19400,663,1
2015/10/29,664,664,655,664,2400,664,1
2015/10/30,663,664,655,662,4500,662,1
2015/11/02,662,662,662,662,2200,662,1
2015/11/04,661,670,655,670,8300,670,1
2015/11/05,663,669,660,669,2100,669,1
2015/11/06,669,669,659,669,1400,669,1
2015/11/09,660,667,660,667,1300,667,1
2015/11/10,667,667,650,666,2700,666,1
2015/11/11,665,665,655,663,4200,663,1
2015/11/12,660,660,658,658,1200,658,1
2015/11/13,658,658,658,658,100,658,1
2015/11/16,648,655,648,655,500,655,1
2015/11/17,658,658,649,654,5300,654,1
2015/11/18,647,655,647,655,6000,655,1
2015/11/19,649,653,642,653,10500,653,1
2015/11/20,653,665,653,660,8100,660,1
2015/11/24,652,658,652,657,1600,657,1
2015/11/25,660,660,657,657,1000,657,1
2015/11/26,649,669,649,656,15700,656,1
2015/11/27,651,654,650,654,1300,654,1
2015/11/30,650,654,647,654,3400,654,1
2015/12/01,653,653,648,651,500,651,1
2015/12/02,646,651,646,651,1300,651,1
2015/12/03,646,659,636,657,15700,657,1
2015/12/04,647,654,642,654,2100,654,1
2015/12/07,650,650,644,649,700,649,1
2015/12/08,640,648,640,648,500,648,1
2015/12/09,641,648,640,648,1500,648,1
2015/12/10,647,647,647,647,1300,647,1
2015/12/11,640,646,640,646,800,646,1
2015/12/14,640,645,640,645,900,645,1
2015/12/15,644,644,636,644,5600,644,1
2015/12/16,634,640,634,640,10800,640,1
2015/12/17,638,651,637,649,13700,649,1
2015/12/18,639,640,637,640,5300,640,1
2015/12/21,636,639,636,639,900,639,1
2015/12/22,633,638,630,638,2800,638,1
2015/12/24,630,639,628,639,3100,639,1
2015/12/25,638,659,629,655,13200,655,1
2015/12/28,652,652,638,640,1300,640,1
2015/12/29,640,649,640,649,900,649,1
2015/12/30,651,651,648,648,1600,648,1
2016/01/04,650,650,641,641,300,641,1
2016/01/05,633,646,631,646,18300,646,1
2016/01/06,636,650,634,650,6900,650,1
2016/01/07,647,647,630,639,13900,639,1
2016/01/08,629,638,629,638,5800,638,1
2016/01/12,628,629,620,629,3000,629,1
2016/01/13,621,625,619,625,1200,625,1
2016/01/14,619,619,590,615,7700,615,1
2016/01/15,605,623,605,623,5300,623,1
2016/01/18,620,629,619,627,14300,627,1
2016/01/19,617,626,615,626,7100,626,1
2016/01/20,626,630,605,630,24200,630,1
2016/01/21,627,628,618,628,18000,628,1
2016/01/22,618,623,613,621,3100,621,1
2016/01/25,625,625,623,623,15300,623,1
2016/01/26,613,622,613,622,5800,622,1
2016/01/27,613,624,613,614,1700,614,1
2016/01/28,615,622,613,620,2200,620,1
2016/01/29,620,635,620,630,25200,630,1
2016/02/01,635,636,628,635,2000,635,1
2016/02/02,624,630,613,627,15100,627,1
2016/02/05,617,624,617,624,2300,624,1
2016/02/08,616,624,610,624,7100,624,1
2016/02/09,620,620,604,620,17100,620,1
2016/02/10,615,620,606,612,9100,612,1
2016/02/12,602,606,588,600,13900,600,1
2016/02/15,600,620,600,620,35300,620,1
2016/02/16,610,616,590,616,1000,616,1
2016/02/17,616,616,616,616,200,616,1
2016/02/18,613,618,608,617,10400,617,1
2016/02/19,606,615,603,615,1400,615,1
2016/02/22,613,619,609,614,8200,614,1
2016/02/23,609,614,607,614,1700,614,1
2016/02/24,605,613,605,613,1800,613,1
2016/02/25,612,612,601,612,5500,612,1
2016/02/26,612,620,612,620,3200,620,1
2016/03/01,610,615,610,615,1300,615,1
2016/03/02,610,613,610,613,1100,613,1
2016/03/04,610,610,609,609,400,609,1
2016/03/07,609,609,609,609,6100,609,1
2016/03/08,603,619,603,619,8500,619,1
2016/03/09,602,610,600,610,3700,610,1
2016/03/10,600,607,600,607,9200,607,1
2016/03/11,601,610,600,602,7300,602,1
2016/03/14,610,610,610,610,200,610,1
2016/03/15,610,610,610,610,200,610,1
2016/03/16,610,610,610,610,200,610,1
2016/03/17,610,613,602,610,6000,610,1
2016/03/24,605,610,604,610,500,610,1
2016/03/25,609,609,600,608,4600,608,1
2016/03/28,610,610,610,610,300,610,1
2016/03/29,598,609,598,609,2700,609,1
2016/03/30,602,603,600,602,1100,602,1
2016/03/31,592,608,592,607,4700,607,1
2016/04/01,605,605,605,605,6200,605,1
2016/04/04,598,602,597,602,700,602,1
2016/04/06,598,600,598,600,6500,600,1
2016/04/08,590,590,590,590,100,590,1
2016/04/11,590,590,589,589,500,589,1
2016/04/12,588,590,560,588,21000,588,1
2016/04/13,588,590,580,587,7700,587,1
2016/04/14,588,588,587,587,200,587,1
2016/04/15,589,590,587,587,4200,587,1
2016/04/18,587,605,586,594,32600,594,1
2016/04/19,594,594,580,581,10100,581,1
2016/04/20,584,586,571,581,11400,581,1
2016/04/21,584,585,578,585,3300,585,1
2016/04/22,580,590,575,585,10200,585,1
2016/04/25,585,595,585,585,9300,585,1
2016/04/27,575,589,575,578,12100,578,1
2016/04/28,588,588,569,569,8200,569,1
2016/05/02,563,568,561,568,2100,568,1
2016/05/06,576,576,576,576,500,576,1
2016/05/10,560,582,560,582,3200,582,1
2016/05/11,580,580,580,580,300,580,1
2016/05/13,578,578,569,569,800,569,1
2016/05/16,578,578,575,575,20200,575,1
2016/05/17,574,579,556,579,2300,579,1
2016/05/18,578,578,559,575,7000,575,1
2016/05/19,565,578,565,578,3000,578,1
2016/05/20,577,577,577,577,2500,577,1
2016/05/23,577,577,570,576,1700,576,1
2016/05/24,573,576,570,576,1300,576,1
2016/05/25,576,576,567,576,1300,576,1
2016/05/26,568,575,565,575,2500,575,1
2016/05/27,565,573,564,573,2900,573,1
2016/05/30,573,573,563,570,11500,570,1
2016/05/31,570,573,563,570,16000,570,1
2016/06/01,570,577,570,575,28400,575,1
2016/06/02,575,575,567,575,16000,575,1
2016/06/03,572,575,572,575,2000,575,1
2016/06/06,570,576,570,576,10600,576,1
2016/06/07,575,575,569,570,10200,570,1
2016/06/08,570,570,570,570,3000,570,1
2016/06/09,575,580,570,580,26500,580,1
2016/06/10,580,586,580,585,12100,585,1
2016/06/13,571,580,571,580,2500,580,1
2016/06/14,572,580,566,577,6200,577,1
2016/06/15,570,578,570,574,4200,574,1
2016/06/16,564,571,556,565,12000,565,1
2016/06/17,557,566,557,565,5600,565,1
2016/06/20,569,570,562,570,2400,570,1
2016/06/21,560,568,557,568,5600,568,1
2016/06/22,569,569,555,555,10100,555,1
2016/06/23,556,584,556,584,28600,584,1
2016/06/24,584,600,565,590,56100,590,1
2016/06/27,584,584,577,580,5100,580,1
2016/06/28,580,585,568,579,24600,579,1
2016/06/29,579,579,570,573,2700,573,1
2016/06/30,579,579,569,578,11800,578,1
2016/07/01,583,583,580,580,300,580,1
2016/07/04,580,580,580,580,200,580,1
2016/07/05,570,575,568,568,3300,568,1
2016/07/06,567,575,565,575,1800,575,1
2016/07/11,575,580,575,580,400,580,1
2016/07/12,580,580,575,579,4400,579,1
2016/07/13,580,580,580,580,900,580,1
2016/07/14,572,579,569,576,8800,576,1
2016/07/15,571,576,571,576,600,576,1
2016/07/19,574,574,565,574,2800,574,1
2016/07/20,574,574,574,574,200,574,1
2016/07/21,570,585,570,578,13900,578,1
2016/07/22,569,570,566,567,1300,567,1
2016/07/25,570,584,567,572,22400,572,1
2016/07/26,575,575,570,572,5300,572,1
2016/07/27,574,583,565,577,28500,577,1
2016/07/28,570,581,567,570,16800,570,1
2016/07/29,578,578,568,571,18000,571,1
2016/08/01,575,582,569,571,40300,571,1
2016/08/02,573,577,570,572,17300,572,1
2016/08/03,570,571,564,571,14100,571,1
2016/08/04,571,571,567,570,4400,570,1
2016/08/05,567,570,567,570,1500,570,1
2016/08/08,565,570,561,561,2400,561,1
2016/08/09,561,561,556,557,3700,557,1
2016/08/10,566,566,556,565,5400,565,1
2016/08/12,565,565,553,560,5100,560,1
2016/08/15,560,560,555,560,2700,560,1
2016/08/16,564,565,560,560,5500,560,1
2016/08/17,560,560,554,560,3100,560,1
2016/08/18,555,560,551,560,4800,560,1
2016/08/19,560,563,556,561,7000,561,1
2016/08/22,561,567,559,560,15400,560,1
2016/08/23,560,565,560,565,2000,565,1
2016/08/24,565,568,565,568,600,568,1
2016/08/25,568,576,568,576,10500,576,1
2016/08/26,568,588,568,585,24600,585,1
2016/08/29,584,584,554,580,19600,580,1
2016/08/30,568,590,568,588,44300,588,1
2016/08/31,578,596,576,581,56200,581,1
2016/09/01,581,584,578,578,1600,578,1
2016/09/02,578,580,576,580,2200,580,1
2016/09/05,585,590,570,570,14900,570,1
2016/09/06,572,584,572,580,5900,580,1
2016/09/07,570,579,566,572,21300,572,1
2016/09/08,570,580,558,571,15400,571,1
2016/09/09,567,570,566,570,6300,570,1
2016/09/12,575,575,569,575,8000,575,1
2016/09/13,573,574,573,574,400,574,1
2016/09/14,570,575,567,573,5500,573,1
2016/09/15,570,574,569,574,2600,574,1
2016/09/16,567,574,565,573,2900,573,1
2016/09/20,570,570,545,560,16100,560,1
2016/09/21,560,566,546,559,9300,559,1
2016/09/23,559,559,550,554,7100,554,1
2016/09/26,559,565,557,565,7300,565,1
2016/09/27,560,562,553,558,6000,558,1
2016/09/28,562,574,561,569,8800,569,1
2016/09/29,569,569,559,568,4900,568,1
2016/09/30,561,570,556,570,8700,570,1
2016/10/03,573,574,567,570,6500,570,1
2016/10/04,572,572,568,570,11200,570,1
2016/10/05,571,571,569,570,800,570,1
2016/10/06,570,571,570,571,2000,571,1
2016/10/07,569,569,566,569,4100,569,1
2016/10/11,568,570,553,569,14300,569,1
2016/10/12,570,576,570,576,10600,576,1
2016/10/13,576,584,576,584,21400,584,1
2016/10/14,576,581,576,580,5900,580,1
2016/10/17,584,584,584,584,2100,584,1
2016/10/18,580,588,580,588,6800,588,1
2016/10/19,589,590,589,590,3000,590,1
2016/10/20,590,593,588,591,22700,591,1
2016/10/21,591,595,590,591,14400,591,1
2016/10/24,591,593,590,593,1400,593,1
2016/10/25,596,606,593,603,58800,603,1
2016/10/26,600,606,600,602,17500,602,1
2016/10/27,606,606,603,605,1700,605,1
2016/10/28,602,605,599,605,24800,605,1
2016/10/31,605,605,596,604,2600,604,1
2016/11/01,605,605,605,605,100,605,1
2016/11/02,600,605,591,603,15200,603,1
2016/11/04,603,603,591,593,3200,593,1
2016/11/07,591,600,591,600,4100,600,1
2016/11/08,604,604,595,604,20300,604,1
2016/11/09,601,601,577,585,10600,585,1
2016/11/10,595,610,595,609,6900,609,1
2016/11/11,609,623,604,617,21500,617,1
2016/11/14,625,637,617,627,16200,627,1
2016/11/15,621,630,617,630,13500,630,1
2016/11/16,622,627,616,623,18500,623,1
2016/11/17,625,625,620,621,2300,621,1
2016/11/18,619,628,619,623,15600,623,1
2016/11/21,618,618,618,618,700,618,1
2016/11/22,620,633,612,625,20100,625,1
2016/11/24,625,625,625,625,200,625,1
2016/11/25,624,625,617,625,6000,625,1
2016/11/28,620,630,620,622,17100,622,1
2016/11/29,622,630,622,630,3500,630,1
2016/11/30,629,635,629,635,20600,635,1
2016/12/01,636,637,617,637,12200,637,1
2016/12/02,637,637,625,635,14600,635,1
2016/12/05,625,634,625,634,2000,634,1
2016/12/06,626,630,626,630,900,630,1
2016/12/07,629,633,629,631,16800,631,1
2016/12/08,633,633,633,633,200,633,1
2016/12/09,624,629,616,628,15600,628,1
2016/12/12,624,624,618,618,3800,618,1
2016/12/13,628,642,618,637,98100,637,1
2016/12/14,632,645,632,642,27700,642,1
2016/12/15,647,647,636,636,4300,636,1
2016/12/16,640,642,640,642,3900,642,1
2016/12/19,637,640,630,640,3000,640,1
2016/12/20,637,640,630,640,8100,640,1
2016/12/21,638,647,638,646,45300,646,1
2016/12/22,640,646,628,646,46300,646,1
2016/12/26,645,645,634,644,1500,644,1
2016/12/27,639,647,628,647,17800,647,1
2016/12/28,640,644,630,644,4300,644,1
2016/12/29,640,644,630,644,6500,644,1
2016/12/30,635,650,635,649,18800,649,1
2017/01/04,646,646,639,639,3000,639,1
2017/01/05,639,639,639,639,200,639,1
2017/01/06,639,639,634,639,500,639,1
2017/01/10,638,640,633,640,2800,640,1
2017/01/11,640,640,640,640,3000,640,1
2017/01/12,630,640,597,598,80500,598,1
2017/01/13,606,624,596,622,44600,622,1
2017/01/16,612,625,612,625,2500,625,1
2017/01/17,625,632,625,629,4500,629,1
2017/01/18,621,624,614,622,3500,622,1
2017/01/19,628,628,628,628,100,628,1
2017/01/20,630,635,630,633,13400,633,1
2017/01/23,630,633,630,633,12000,633,1
2017/01/24,630,630,626,628,10800,628,1
2017/01/25,630,634,629,634,14400,634,1
2017/01/26,634,643,634,643,2100,643,1
2017/01/27,643,665,643,665,12400,665,1
2017/01/30,665,665,654,660,7900,660,1
2017/01/31,655,660,651,652,8400,652,1
2017/02/01,655,665,651,660,22200,660,1
2017/02/02,660,668,660,668,5000,668,1
2017/02/03,669,670,666,670,17700,670,1
2017/02/06,670,680,670,680,21200,680,1
2017/02/07,680,686,673,686,25400,686,1
2017/02/08,685,689,684,684,15200,684,1
2017/02/09,685,686,684,684,14700,684,1
2017/02/10,685,686,663,684,12900,684,1
2017/02/13,684,685,677,685,8400,685,1
2017/02/14,680,690,680,690,18900,690,1
2017/02/15,690,692,686,692,3500,692,1
2017/02/16,692,696,692,696,8500,696,1
2017/02/17,691,695,691,695,1100,695,1
2017/02/20,695,696,690,695,6500,695,1
2017/02/21,695,695,695,695,1400,695,1
2017/02/22,694,695,694,694,600,694,1
2017/02/23,684,695,684,695,2200,695,1
2017/02/24,695,696,694,696,8000,696,1
2017/02/27,691,695,690,695,3500,695,1
2017/02/28,693,696,691,696,23600,696,1
2017/03/01,696,697,690,697,4800,697,1
2017/03/02,691,697,691,697,200,697,1
2017/03/03,697,698,695,697,8500,697,1
2017/03/06,698,698,698,698,100,698,1
2017/03/07,697,697,697,697,7900,697,1
2017/03/08,695,698,688,697,12300,697,1
2017/03/09,692,697,692,695,2100,695,1
2017/03/13,691,691,691,691,1100,691,1
2017/03/14,687,698,686,696,3600,696,1
2017/03/15,691,692,691,692,200,692,1
2017/03/16,695,696,691,696,2300,696,1
2017/03/21,699,699,693,699,2000,699,1
2017/03/22,691,699,691,699,1400,699,1
2017/03/23,690,698,680,698,8400,698,1
2017/03/27,695,695,695,695,1700,695,1
2017/03/28,695,695,694,694,2300,694,1
2017/03/29,683,695,683,695,3900,695,1
2017/04/03,695,695,695,695,100,695,1
2017/04/11,685,689,685,689,1500,689,1
2017/04/12,689,690,679,690,1500,690,1
2017/04/13,690,694,680,692,11400,692,1
2017/04/20,682,688,673,688,14300,688,1
2017/04/21,685,692,685,692,27900,692,1
2017/04/25,692,692,692,692,1000,692,1
2017/04/26,692,692,692,692,500,692,1
2017/04/28,682,690,682,690,3400,690,1
2017/05/01,690,690,690,690,100,690,1
2017/05/02,680,680,680,680,1300,680,1
2017/05/08,680,689,680,689,900,689,1
2017/05/09,682,688,682,688,200,688,1
2017/05/10,688,688,688,688,100,688,1
2017/05/15,688,688,681,684,800,684,1
2017/05/16,684,690,664,690,4800,690,1
2017/05/17,688,690,682,690,8900,690,1
2017/05/18,688,688,678,687,5200,687,1
2017/05/19,680,686,666,686,4200,686,1
2017/05/22,676,686,676,686,4900,686,1
2017/05/24,685,685,680,685,600,685,1
2017/05/25,685,685,685,685,700,685,1
2017/05/26,680,687,680,687,3800,687,1
2017/05/29,690,690,690,690,200,690,1
2017/05/30,687,687,687,687,1100,687,1
2017/06/01,686,687,672,687,2700,687,1
2017/06/02,687,688,687,688,4000,688,1
2017/06/07,688,688,688,688,1800,688,1
2017/06/09,682,682,681,681,200,681,1
2017/06/12,682,690,674,690,800,690,1
2017/06/13,681,690,677,690,5100,690,1
2017/06/14,689,689,681,689,4600,689,1
2017/06/16,688,695,679,695,4800,695,1
2017/06/20,690,695,685,686,4300,686,1
2017/06/21,690,690,682,689,2800,689,1
2017/06/22,692,693,685,692,2600,692,1
2017/06/26,688,697,688,697,6600,697,1
2017/06/27,687,693,679,687,12700,687,1
2017/06/28,687,692,687,692,1100,692,1
2017/06/29,690,692,690,692,400,692,1
2017/07/03,692,692,692,692,800,692,1
2017/07/04,691,691,691,691,2000,691,1
2017/07/07,691,691,691,691,400,691,1
2017/07/10,689,694,683,693,13600,693,1
2017/07/13,691,691,691,691,6200,691,1
2017/07/14,684,690,684,690,500,690,1
2017/07/19,689,689,678,689,3200,689,1
2017/07/20,679,689,679,689,2000,689,1
2017/07/21,689,689,689,689,900,689,1
2017/07/24,683,683,683,683,300,683,1
2017/07/25,688,688,680,688,1200,688,1
2017/07/26,688,688,682,688,500,688,1
2017/07/27,678,685,675,685,3800,685,1
2017/07/28,684,688,680,688,6500,688,1
2017/07/31,688,688,688,688,2000,688,1
2017/08/01,688,688,678,688,3200,688,1
2017/08/02,685,685,685,685,6200,685,1
2017/08/03,685,687,680,685,12500,685,1
2017/08/04,678,684,678,684,3700,684,1
2017/08/07,687,695,682,695,8000,695,1
2017/08/08,685,707,685,706,15500,706,1
2017/08/09,706,707,692,707,9300,707,1
2017/08/10,707,716,703,709,26400,709,1
2017/08/14,714,720,699,705,15800,705,1
2017/08/15,700,709,695,705,9400,705,1
2017/08/16,710,710,700,700,10100,700,1
2017/08/17,709,715,709,715,4700,715,1
2017/08/18,706,711,700,710,5700,710,1
2017/08/21,708,712,699,712,7000,712,1
2017/08/22,711,714,704,704,5100,704,1
2017/08/23,705,705,705,705,200,705,1
2017/08/24,705,711,700,705,5000,705,1
2017/08/25,712,712,705,705,1600,705,1
2017/08/28,705,705,705,705,20500,705,1
2017/08/29,704,705,704,705,1000,705,1
2017/08/30,700,706,700,706,5900,706,1
2017/08/31,710,714,698,705,12900,705,1
2017/09/01,705,705,700,700,1500,700,1
2017/09/04,699,700,695,695,2300,695,1
2017/09/05,695,700,695,700,6200,700,1
2017/09/06,686,695,681,694,2900,694,1
2017/09/07,690,704,685,704,35000,704,1
2017/09/08,700,700,690,690,32100,690,1
2017/09/11,695,700,695,700,2900,700,1
2017/09/12,700,717,693,697,15000,697,1
2017/09/13,703,703,692,699,400,699,1
2017/09/14,693,699,693,699,7700,699,1
2017/09/15,698,699,698,699,300,699,1
2017/09/19,699,699,690,691,9000,691,1
2017/09/20,694,697,688,692,34700,692,1
2017/09/21,697,712,697,712,18700,712,1
2017/09/22,705,717,705,716,30000,716,1
2017/09/25,714,720,703,716,31600,716,1
2017/09/26,710,718,708,718,21700,718,1
2017/09/27,714,718,714,718,3000,718,1
2017/09/28,717,725,716,720,14900,720,1
2017/09/29,719,730,719,730,44400,730,1
2017/10/02,730,740,719,735,19900,735,1
2017/10/03,730,740,730,739,26400,739,1
2017/10/04,738,760,738,754,43700,754,1
2017/10/05,750,755,742,743,27600,743,1
2017/10/06,741,749,739,745,15300,745,1
2017/10/10,749,749,746,749,3300,749,1
2017/10/11,746,755,746,755,16700,755,1
2017/10/12,751,760,750,755,8200,755,1
2017/10/13,755,760,745,759,5400,759,1
2017/10/16,749,754,740,745,21100,745,1
2017/10/17,742,749,742,749,4800,749,1
2017/10/18,746,747,740,747,33700,747,1
2017/10/19,747,758,740,758,18700,758,1
2017/10/20,747,748,740,744,10200,744,1
2017/10/23,745,748,732,748,39000,748,1
2017/10/24,743,747,732,743,24500,743,1
2017/10/25,748,748,742,742,900,742,1
2017/10/26,736,743,732,743,4600,743,1
2017/10/27,742,745,742,743,1400,743,1
2017/10/30,743,743,742,743,1900,743,1
2017/10/31,742,743,735,743,7400,743,1
2017/11/01,744,746,736,745,7900,745,1
2017/11/02,749,753,745,752,4000,752,1
2017/11/06,754,755,745,751,10100,751,1
2017/11/07,755,770,755,764,17700,764,1
2017/11/08,760,780,754,770,28200,770,1
2017/11/09,776,776,750,771,25100,771,1
2017/11/10,761,786,705,779,50600,779,1
2017/11/13,778,778,769,770,3300,770,1
2017/11/14,759,770,759,760,8100,760,1
2017/11/15,757,758,722,758,15900,758,1
2017/11/16,744,758,744,758,2100,758,1
2017/11/17,758,765,746,760,5500,760,1
2017/11/20,751,760,749,751,1600,751,1
2017/11/21,755,780,755,766,21100,766,1
2017/11/22,761,770,761,770,4200,770,1
2017/11/24,770,785,770,780,13800,780,1
2017/11/27,780,780,780,780,800,780,1
2017/11/28,783,783,778,782,2400,782,1
2017/11/29,782,782,780,780,3000,780,1
2017/11/30,780,790,778,785,13000,785,1
2017/12/01,785,790,781,790,1500,790,1
2017/12/04,794,795,782,792,4400,792,1
2017/12/05,790,790,775,784,11300,784,1
2017/12/06,780,784,775,780,12800,780,1
2017/12/07,776,779,775,779,800,779,1
2017/12/08,777,784,774,784,4300,784,1
2017/12/11,779,784,775,784,4600,784,1
2017/12/12,784,810,779,784,72900,784,1
2017/12/13,786,800,786,790,36000,790,1
2017/12/14,787,790,779,780,19000,780,1
2017/12/15,778,778,755,774,20700,774,1
2017/12/18,769,769,753,763,11400,763,1
2017/12/19,756,756,741,752,7500,752,1
2017/12/20,752,761,745,755,7900,755,1
2017/12/21,755,756,745,756,1200,756,1
2017/12/22,759,763,754,763,6500,763,1
2017/12/25,775,775,761,768,6700,768,1
2017/12/26,773,773,753,770,3700,770,1
2017/12/27,770,780,756,780,9900,780,1
2017/12/28,778,778,765,778,2200,778,1
2017/12/29,776,780,753,780,6000,780,1
2018/01/04,780,780,751,780,12500,780,1
2018/01/05,779,779,777,777,200,777,1
2018/01/09,770,780,766,780,3000,780,1
2018/01/10,780,780,779,779,7000,779,1
2018/01/11,771,771,762,762,3300,762,1
2018/01/12,770,772,761,762,10600,762,1
2018/01/15,770,770,757,761,5900,761,1
2018/01/16,764,765,750,751,4500,751,1
2018/01/17,751,751,731,747,6500,747,1
2018/01/18,747,747,730,745,6900,745,1
2018/01/19,744,744,740,744,1700,744,1
2018/01/22,747,750,746,750,7300,750,1
2018/01/23,750,757,749,751,5100,751,1
2018/01/24,751,754,748,748,700,748,1
2018/01/25,751,753,746,752,5400,752,1
2018/01/26,756,756,747,753,3600,753,1
2018/01/29,750,754,747,749,3000,749,1
2018/01/30,740,748,738,746,7000,746,1
2018/01/31,746,746,730,744,4700,744,1
2018/02/01,747,750,736,745,16300,745,1
2018/02/02,746,750,721,739,24200,739,1
2018/02/05,728,748,719,748,35800,748,1
2018/02/06,725,730,703,726,18900,726,1
2018/02/07,730,748,728,728,8300,728,1
2018/02/08,722,736,722,731,1400,731,1
2018/02/09,711,730,711,730,5500,730,1
2018/02/13,731,732,716,720,19000,720,1
2018/02/14,720,743,711,741,42900,741,1
2018/02/15,748,755,724,736,11700,736,1
2018/02/16,743,743,731,743,8100,743,1
2018/02/19,744,754,744,751,4700,751,1
2018/02/20,754,759,735,744,7800,744,1
2018/02/21,741,741,728,732,11900,732,1
2018/02/22,730,739,729,730,11000,730,1
2018/02/23,733,733,720,729,21800,729,1
2018/02/26,733,734,732,734,2800,734,1
2018/02/27,736,736,727,729,12600,729,1
2018/02/28,728,729,720,727,6400,727,1
2018/03/01,731,731,724,724,200,724,1
2018/03/02,720,725,720,720,27800,720,1
2018/03/05,720,726,719,720,40400,720,1
2018/03/06,720,720,719,719,700,719,1
2018/03/07,719,720,719,720,9100,720,1
2018/03/08,720,734,720,722,5100,722,1
2018/03/09,726,727,726,727,600,727,1
2018/03/12,727,727,720,720,16400,720,1
2018/03/13,722,728,720,721,16100,721,1
2018/03/14,721,724,721,724,300,724,1
2018/03/15,722,724,722,722,300,722,1
2018/03/16,728,728,725,725,400,725,1
2018/03/19,722,722,721,721,500,721,1
2018/03/20,727,728,721,722,1700,722,1
2018/03/22,722,749,722,748,7900,748,1
2018/03/23,734,735,732,735,1000,735,1
2018/03/26,744,744,732,732,700,732,1
2018/03/27,736,750,736,749,1800,749,1
2018/03/28,739,739,739,739,300,739,1
2018/03/29,739,739,739,739,5600,739,1
2018/03/30,737,740,731,734,3200,734,1
2018/04/02,746,746,746,746,100,746,1
2018/04/04,736,736,736,736,600,736,1
2018/04/05,749,750,749,750,400,750,1
2018/04/06,740,745,740,745,500,745,1
2018/04/09,743,743,742,742,600,742,1
2018/04/10,742,748,738,745,2500,745,1
2018/04/11,747,750,745,749,4400,749,1
2018/04/12,740,740,740,740,2800,740,1
2018/04/13,737,743,736,742,3800,742,1
2018/04/16,742,748,733,735,10200,735,1
2018/04/17,734,736,734,735,1900,735,1
2018/04/18,737,737,735,735,5700,735,1
2018/04/19,735,741,735,741,1600,741,1
2018/04/20,735,741,734,741,4800,741,1
2018/04/24,735,739,732,735,2800,735,1
2018/04/25,733,733,722,722,16600,722,1
2018/04/26,720,725,720,725,1800,725,1
2018/04/27,728,728,720,720,5900,720,1
2018/05/01,720,721,720,721,6600,721,1
2018/05/02,720,721,720,720,1500,720,1
2018/05/07,721,721,721,721,1000,721,1
2018/05/08,728,728,726,726,1100,726,1
2018/05/09,721,722,721,721,3400,721,1
2018/05/10,725,725,721,721,3200,721,1
2018/05/11,724,724,724,724,100,724,1
2018/05/14,721,726,721,726,600,726,1
2018/05/15,726,726,720,720,7000,720,1
2018/05/16,720,724,720,720,3100,720,1
2018/05/17,725,760,720,720,50100,720,1
2018/05/18,720,721,720,720,5800,720,1
2018/05/21,720,720,720,720,2200,720,1
2018/05/22,722,726,720,720,1200,720,1
2018/05/23,720,721,720,721,700,721,1
2018/05/24,720,720,720,720,700,720,1
2018/05/25,720,726,720,726,1600,726,1
2018/05/28,720,720,720,720,5900,720,1
2018/05/29,720,720,720,720,1200,720,1
2018/05/30,721,721,720,720,400,720,1
2018/06/01,720,720,712,712,1200,712,1
2018/06/04,710,710,694,700,3500,700,1
2018/06/05,706,711,706,711,2200,711,1
2018/06/06,701,702,697,697,1000,697,1
2018/06/07,704,706,704,706,600,706,1
2018/06/08,701,706,700,700,1000,700,1
2018/06/11,695,703,695,703,1800,703,1
2018/06/12,696,703,696,703,3000,703,1
2018/06/13,706,719,706,714,5500,714,1
2018/06/15,720,725,718,725,1600,725,1
2018/06/19,725,728,725,728,300,728,1
2018/06/20,726,726,720,721,1900,721,1
2018/06/21,727,730,727,730,9700,730,1
2018/06/22,731,735,730,730,3200,730,1
2018/06/25,738,738,730,730,18200,730,1
2018/06/26,730,730,730,730,3100,730,1
2018/06/27,730,730,730,730,1400,730,1
2018/06/28,733,735,731,735,400,735,1
2018/07/02,726,726,726,726,200,726,1
2018/07/05,712,712,711,711,200,711,1
2018/07/06,726,726,699,716,2700,716,1
2018/07/09,717,726,717,726,2500,726,1
2018/07/10,727,727,710,710,4900,710,1
2018/07/11,710,723,710,723,300,723,1
2018/07/12,723,723,714,718,4500,718,1
2018/07/13,710,718,710,718,1200,718,1
2018/07/17,723,724,710,711,1400,711,1
2018/07/18,715,715,715,715,300,715,1
2018/07/20,711,712,711,712,200,712,1
2018/07/23,706,706,705,705,400,705,1
2018/07/24,715,715,715,715,300,715,1
2018/07/25,706,725,706,725,2300,725,1
2018/07/26,727,727,713,727,1100,727,1
2018/07/27,727,727,727,727,100,727,1
2018/08/01,727,727,727,727,600,727,1
2018/08/07,728,730,728,728,400,728,1
2018/08/08,728,728,725,725,200,725,1
2018/08/09,725,725,725,725,100,725,1
2018/08/10,727,727,712,725,900,725,1
2018/08/14,724,725,709,725,900,725,1
