2007/01/10,361,361,361,361,2000,361,1
2007/01/24,360,360,360,360,2000,360,1
2007/01/26,360,360,360,360,2000,360,1
2007/01/29,350,350,350,350,1000,350,1
2007/01/30,350,350,350,350,1000,350,1
2007/02/01,340,340,340,340,1000,340,1
2007/02/02,340,340,340,340,1000,340,1
2007/02/08,300,331,300,331,12000,331,1
2007/02/09,336,336,320,330,14000,330,1
2007/02/13,330,334,330,334,3000,334,1
2007/02/14,338,338,338,338,1000,338,1
2007/02/15,335,335,335,335,3000,335,1
2007/02/19,330,330,330,330,1000,330,1
2007/02/22,332,332,332,332,4000,332,1
2007/02/26,330,330,330,330,1000,330,1
2007/02/27,355,355,354,354,3000,354,1
2007/03/02,353,353,350,350,2000,350,1
2007/03/09,335,335,326,335,6000,335,1
2007/03/15,321,321,321,321,2000,321,1
2007/03/16,323,323,323,323,1000,323,1
2007/03/20,328,328,328,328,1000,328,1
2007/03/22,331,331,331,331,2000,331,1
2007/03/23,328,328,328,328,1000,328,1
2007/03/26,323,323,323,323,3000,323,1
2007/03/27,334,334,334,334,1000,334,1
2007/04/05,320,320,320,320,1000,320,1
2007/04/10,313,313,312,312,2000,312,1
2007/04/17,325,325,325,325,1000,325,1
2007/04/19,330,330,330,330,1000,330,1
2007/04/24,335,335,335,335,2000,335,1
2007/04/25,313,313,312,312,2000,312,1
2007/05/01,307,307,307,307,3000,307,1
2007/05/02,316,316,316,316,3000,316,1
2007/05/07,330,330,330,330,2000,330,1
2007/05/09,311,311,311,311,2000,311,1
2007/05/23,318,318,318,318,1000,318,1
2007/06/13,320,320,320,320,2000,320,1
2007/06/14,318,325,318,325,4000,325,1
2007/06/18,320,320,320,320,1000,320,1
2007/06/26,320,320,320,320,1000,320,1
2007/07/03,310,310,310,310,1000,310,1
2007/07/04,311,311,311,311,3000,311,1
2007/07/11,311,311,311,311,1000,311,1
2007/07/13,313,313,313,313,1000,313,1
2007/07/17,323,323,323,323,1000,323,1
2007/07/23,323,323,323,323,2000,323,1
2007/07/25,323,323,323,323,1000,323,1
2007/07/30,308,308,308,308,3000,308,1
2007/08/07,310,310,310,310,1000,310,1
2007/08/13,300,300,299,299,3000,299,1
2007/08/14,290,290,290,290,2000,290,1
2007/08/15,290,290,290,290,1000,290,1
2007/08/16,281,281,281,281,1000,281,1
2007/08/17,281,281,280,280,5000,280,1
2007/09/07,265,278,265,278,5000,278,1
2007/09/12,277,277,277,277,2000,277,1
2007/09/25,275,275,275,275,1000,275,1
2007/10/02,275,275,275,275,1000,275,1
2007/10/04,265,265,260,260,4000,260,1
2007/10/10,261,261,261,261,1000,261,1
2007/10/24,280,280,280,280,1000,280,1
2007/10/25,265,267,265,267,6000,267,1
2007/10/30,268,268,268,268,1000,268,1
2007/11/05,261,261,261,261,2000,261,1
2007/11/06,256,256,256,256,2000,256,1
2007/11/29,256,256,256,256,1000,256,1
2007/11/30,255,255,255,255,2000,255,1
2007/12/03,255,255,255,255,4000,255,1
2007/12/04,266,266,266,266,2000,266,1
2007/12/11,260,260,260,260,1000,260,1
2007/12/13,260,260,260,260,3000,260,1
2007/12/17,260,260,235,235,6000,235,1
2007/12/18,245,248,245,248,2000,248,1
2007/12/19,235,235,235,235,1000,235,1
2007/12/21,236,236,236,236,1000,236,1
2007/12/27,244,244,244,244,3000,244,1
2007/12/28,234,234,234,234,1000,234,1
2008/01/16,211,211,211,211,2000,211,1
2008/01/17,211,211,211,211,1000,211,1
2008/01/22,208,208,200,200,4000,200,1
2008/01/23,200,200,200,200,1000,200,1
2008/01/25,200,200,200,200,1000,200,1
2008/01/29,200,200,200,200,1000,200,1
2008/02/04,202,202,202,202,1000,202,1
2008/02/05,205,205,205,205,1000,205,1
2008/02/07,205,205,205,205,1000,205,1
2008/02/08,205,205,205,205,1000,205,1
2008/02/12,205,205,205,205,1000,205,1
2008/02/13,205,205,205,205,1000,205,1
2008/02/15,205,205,200,200,2000,200,1
2008/02/18,200,201,200,201,2000,201,1
2008/02/19,201,205,201,205,2000,205,1
2008/02/21,200,201,200,201,4000,201,1
2008/02/22,200,201,200,201,3000,201,1
2008/02/25,205,205,205,205,2000,205,1
2008/02/29,205,205,205,205,1000,205,1
2008/03/03,200,200,200,200,4000,200,1
2008/03/04,199,199,199,199,1000,199,1
2008/03/05,200,200,196,196,2000,196,1
2008/03/06,200,200,200,200,1000,200,1
2008/03/07,200,200,200,200,1000,200,1
2008/03/10,196,196,195,195,2000,195,1
2008/03/11,195,195,195,195,1000,195,1
2008/03/17,193,193,193,193,1000,193,1
2008/03/19,193,193,193,193,1000,193,1
2008/03/21,194,194,194,194,1000,194,1
2008/03/24,200,200,200,200,1000,200,1
2008/03/25,195,195,193,193,2000,193,1
2008/03/27,195,195,195,195,1000,195,1
2008/03/28,186,186,186,186,1000,186,1
2008/04/01,186,190,186,190,5000,190,1
2008/04/03,190,198,190,198,2000,198,1
2008/04/04,199,199,199,199,2000,199,1
2008/04/08,200,200,200,200,1000,200,1
2008/04/09,198,198,198,198,1000,198,1
2008/04/11,195,195,195,195,1000,195,1
2008/04/14,187,187,187,187,1000,187,1
2008/04/15,190,190,190,190,2000,190,1
2008/04/25,185,198,185,198,4000,198,1
2008/05/07,195,195,195,195,1000,195,1
2008/05/13,191,191,190,190,2000,190,1
2008/05/15,191,191,191,191,1000,191,1
2008/05/19,196,196,196,196,3000,196,1
2008/05/21,198,198,198,198,2000,198,1
2008/05/22,198,200,198,200,3000,200,1
2008/05/23,205,205,205,205,1000,205,1
2008/06/11,201,202,201,201,3000,201,1
2008/06/12,205,205,205,205,1000,205,1
2008/06/17,210,210,210,210,1000,210,1
2008/06/18,214,214,214,214,1000,214,1
2008/06/19,210,210,210,210,1000,210,1
2008/06/20,214,215,214,215,2000,215,1
2008/06/24,215,215,215,215,1000,215,1
2008/06/26,220,220,220,220,1000,220,1
2008/06/30,210,210,210,210,3000,210,1
2008/07/01,211,211,211,211,1000,211,1
2008/07/04,211,211,211,211,1000,211,1
2008/07/07,197,197,197,197,3000,197,1
2008/07/08,197,197,197,197,1000,197,1
2008/07/16,211,211,211,211,5000,211,1
2008/07/18,211,211,211,211,8000,211,1
2008/07/23,211,211,211,211,37000,211,1
2008/07/24,211,211,211,211,1000,211,1
2008/07/25,211,211,211,211,4000,211,1
2008/07/28,211,212,211,211,6000,211,1
2008/07/29,211,211,211,211,7000,211,1
2008/08/01,211,211,211,211,1000,211,1
2008/08/05,211,211,211,211,4000,211,1
2008/08/15,211,211,211,211,2000,211,1
2008/08/18,190,190,190,190,3000,190,1
2008/08/21,190,190,190,190,1000,190,1
2008/08/28,190,190,180,180,2000,180,1
2008/09/02,184,184,183,183,2000,183,1
2008/09/16,181,181,181,181,1000,181,1
2008/10/06,177,177,177,177,4000,177,1
2008/10/07,127,132,127,132,5000,132,1
2008/10/08,132,132,132,132,1000,132,1
2008/10/10,132,132,128,128,3000,128,1
2008/11/21,133,133,133,133,5000,133,1
2008/12/01,169,169,169,169,1000,169,1
2008/12/05,169,169,169,169,1000,169,1
2008/12/09,169,169,169,169,3000,169,1
2008/12/17,167,167,167,167,1000,167,1
2009/02/27,167,167,167,167,10000,167,1
2009/03/06,170,170,170,170,1000,170,1
2009/03/09,170,170,170,170,1000,170,1
2009/03/30,170,170,170,170,1000,170,1
2009/04/02,175,175,175,175,1000,175,1
2009/04/08,210,210,210,210,1000,210,1
2009/04/17,175,175,175,175,1000,175,1
2009/04/22,175,175,175,175,1000,175,1
2009/05/22,179,179,179,179,2000,179,1
2009/06/08,179,179,179,179,7000,179,1
2009/07/29,200,200,200,200,1000,200,1
2009/07/31,200,200,200,200,1000,200,1
2009/09/29,200,200,200,200,3000,200,1
2009/09/30,200,200,175,180,14000,180,1
2009/10/06,181,181,181,181,1000,181,1
2009/11/09,190,190,190,190,1000,190,1
2009/11/16,180,180,180,180,2000,180,1
2009/11/19,165,165,165,165,2000,165,1
2009/11/25,175,175,175,175,1000,175,1
2009/11/27,174,174,174,174,1000,174,1
2009/12/07,174,174,174,174,9000,174,1
2010/01/15,169,169,169,169,2000,169,1
2010/01/19,170,170,170,170,1000,170,1
2010/01/20,169,169,169,169,1000,169,1
2010/01/28,171,171,171,171,2000,171,1
2010/02/08,185,185,185,185,1000,185,1
2010/02/16,190,190,190,190,1000,190,1
2010/02/26,190,190,190,190,6000,190,1
2010/03/05,190,190,190,190,24000,190,1
2010/03/17,181,181,181,181,1000,181,1
2010/04/02,179,179,179,179,1000,179,1
2010/04/05,179,179,179,179,3000,179,1
2010/04/06,179,179,179,179,1000,179,1
2010/04/08,179,179,179,179,7000,179,1
2010/04/22,192,192,192,192,1000,192,1
2010/04/27,192,192,192,192,1000,192,1
2010/05/06,192,192,192,192,3000,192,1
2010/05/07,177,177,177,177,1000,177,1
2010/05/10,190,190,190,190,1000,190,1
2010/05/28,175,175,175,175,1000,175,1
2010/05/31,170,170,170,170,2000,170,1
2010/06/01,172,172,171,171,4000,171,1
2010/06/02,175,175,175,175,3000,175,1
2010/06/03,167,167,163,163,4000,163,1
2010/06/07,164,164,163,164,6000,164,1
2010/06/09,164,164,164,164,2000,164,1
2010/06/14,165,165,164,164,3000,164,1
2010/06/15,164,164,164,164,1000,164,1
2010/06/16,170,170,170,170,2000,170,1
2010/06/17,165,165,165,165,4000,165,1
2010/06/18,164,164,164,164,4000,164,1
2010/06/22,169,169,169,169,1000,169,1
2010/06/23,174,174,174,174,1000,174,1
2010/06/25,174,174,174,174,1000,174,1
2010/06/29,169,169,169,169,1000,169,1
2010/06/30,164,164,164,164,1000,164,1
2010/07/23,193,193,193,193,1000,193,1
2010/07/27,190,190,190,190,4000,190,1
2010/08/05,190,190,190,190,5000,190,1
2010/08/24,185,185,185,185,1000,185,1
2010/08/26,180,180,180,180,1000,180,1
2010/08/27,180,180,180,180,1000,180,1
2010/09/02,170,170,170,170,1000,170,1
2010/09/07,180,180,180,180,1000,180,1
2010/09/14,170,170,170,170,1000,170,1
2010/09/28,170,170,170,170,1000,170,1
2010/10/04,170,170,160,160,2000,160,1
2010/10/05,160,160,160,160,6000,160,1
2010/10/08,155,155,155,155,1000,155,1
2010/10/18,150,150,150,150,1000,150,1
2010/10/22,140,146,140,146,2000,146,1
2010/10/26,155,155,155,155,1000,155,1
2010/11/01,140,140,140,140,4000,140,1
2010/11/02,145,145,145,145,1000,145,1
2010/11/04,140,140,140,140,4000,140,1
2010/11/26,165,165,165,165,1000,165,1
2010/12/06,166,166,165,165,7000,165,1
2010/12/14,160,160,155,155,2000,155,1
2010/12/15,150,150,150,150,2000,150,1
2010/12/16,150,150,150,150,2000,150,1
2010/12/17,150,150,148,148,3000,148,1
2010/12/20,151,153,151,153,6000,153,1
2010/12/21,158,158,157,157,2000,157,1
2010/12/22,148,154,148,149,18000,149,1
2010/12/24,144,145,144,145,13000,145,1
2010/12/27,147,147,147,147,1000,147,1
2010/12/30,151,151,151,151,1000,151,1
2011/01/04,156,156,156,156,1000,156,1
2011/01/05,156,157,156,157,4000,157,1
2011/01/11,160,160,160,160,3000,160,1
2011/01/12,160,160,160,160,1000,160,1
2011/01/13,161,161,161,161,3000,161,1
2011/01/14,161,165,161,165,2000,165,1
2011/01/26,169,169,169,169,1000,169,1
2011/01/27,169,169,169,169,4000,169,1
2011/01/28,177,177,170,170,2000,170,1
2011/01/31,169,169,169,169,3000,169,1
2011/02/02,160,165,160,165,2000,165,1
2011/02/07,165,165,165,165,8000,165,1
2011/02/09,170,170,170,170,2000,170,1
2011/02/14,170,170,170,170,2000,170,1
2011/02/16,170,170,170,170,1000,170,1
2011/02/17,170,170,170,170,2000,170,1
2011/02/25,170,170,170,170,2000,170,1
2011/03/07,170,170,170,170,5000,170,1
2011/03/14,170,170,170,170,1000,170,1
2011/03/22,168,168,168,168,2000,168,1
2011/03/23,168,168,168,168,3000,168,1
2011/03/24,168,170,168,170,6000,170,1
2011/03/25,174,174,170,170,4000,170,1
2011/03/29,168,168,168,168,2000,168,1
2011/03/31,163,163,163,163,1000,163,1
2011/04/05,166,166,166,166,1000,166,1
2011/04/07,163,163,163,163,1000,163,1
2011/04/19,158,158,158,158,3000,158,1
2011/04/22,161,161,161,161,1000,161,1
2011/05/02,170,170,170,170,2000,170,1
2011/05/12,170,172,170,170,12000,170,1
2011/05/13,170,170,170,170,1000,170,1
2011/05/18,175,175,175,175,3000,175,1
2011/05/27,175,175,175,175,4000,175,1
2011/06/24,169,169,169,169,1000,169,1
2011/07/11,169,169,169,169,3000,169,1
2011/07/19,169,169,169,169,1000,169,1
2011/07/21,185,185,185,185,1000,185,1
2011/07/27,185,185,185,185,4000,185,1
2011/07/28,185,186,185,186,2000,186,1
2011/08/02,186,186,186,186,2000,186,1
2011/08/08,186,186,186,186,1000,186,1
2011/08/09,186,186,186,186,9000,186,1
2011/08/23,166,166,166,166,6000,166,1
2011/08/26,170,170,170,170,2000,170,1
2011/08/31,170,170,167,167,4000,167,1
2011/09/05,168,168,168,168,1000,168,1
2011/09/07,168,175,168,175,3000,175,1
2011/09/13,183,183,183,183,1000,183,1
2011/09/14,180,180,180,180,7000,180,1
2011/09/26,180,180,175,175,2000,175,1
2011/09/27,175,175,175,175,4000,175,1
2011/11/16,164,164,164,164,2000,164,1
2011/11/21,170,170,170,170,2000,170,1
2011/11/24,175,175,175,175,1000,175,1
2011/11/25,175,175,175,175,5000,175,1
2011/11/28,175,175,175,175,1000,175,1
2011/12/05,175,175,175,175,8000,175,1
2011/12/15,170,175,170,175,21000,175,1
2011/12/20,175,175,175,175,1000,175,1
2012/01/11,190,190,190,190,3000,190,1
2012/01/17,190,190,190,190,1000,190,1
2012/01/19,190,190,190,190,1000,190,1
2012/01/20,180,180,180,180,1000,180,1
2012/02/27,190,190,190,190,10000,190,1
2012/03/05,190,190,190,190,2000,190,1
2012/03/16,200,200,200,200,5000,200,1
2012/03/22,205,205,205,205,1000,205,1
2012/03/27,208,208,208,208,2000,208,1
2012/03/28,208,208,208,208,2000,208,1
2012/03/29,215,215,215,215,1000,215,1
2012/04/03,218,218,218,218,8000,218,1
2012/04/04,202,202,202,202,2000,202,1
2012/04/10,195,195,195,195,8000,195,1
2012/04/16,200,200,200,200,1000,200,1
2012/04/27,200,200,200,200,10000,200,1
2012/05/14,200,200,200,200,2000,200,1
2012/05/16,196,196,196,196,4000,196,1
2012/05/17,196,196,196,196,4000,196,1
2012/05/21,186,186,186,186,3000,186,1
2012/05/24,190,190,185,185,2000,185,1
2012/05/29,201,201,201,201,1000,201,1
2012/05/31,193,193,193,193,1000,193,1
2012/06/05,193,193,190,190,9000,190,1
2012/06/08,180,180,180,180,10000,180,1
2012/06/14,180,180,177,177,5000,177,1
2012/06/22,180,180,180,180,6000,180,1
2012/06/25,185,185,185,185,3000,185,1
2012/07/02,186,186,181,181,5000,181,1
2012/07/06,185,185,177,178,8000,178,1
2012/07/11,182,182,182,182,3000,182,1
2012/07/20,194,194,194,194,2000,194,1
2012/07/24,220,220,220,220,1000,220,1
2012/07/25,219,219,219,219,1000,219,1
2012/07/26,217,217,217,217,1000,217,1
2012/07/27,215,215,215,215,17000,215,1
2012/07/31,207,207,207,207,1000,207,1
2012/08/24,194,194,194,194,5000,194,1
2012/08/27,198,198,198,198,1000,198,1
2012/09/05,198,198,198,198,2000,198,1
2012/09/10,193,193,193,193,1000,193,1
2012/09/20,193,193,193,193,1000,193,1
2012/09/26,186,186,186,186,3000,186,1
2012/10/04,182,186,182,186,6000,186,1
2012/10/22,195,195,195,195,1000,195,1
2012/10/26,195,195,195,195,6000,195,1
2012/11/05,195,195,195,195,4000,195,1
2012/11/19,202,202,202,202,1000,202,1
2012/11/26,194,194,194,194,2000,194,1
2012/11/27,194,194,194,194,2000,194,1
2012/11/30,197,197,197,197,1000,197,1
2012/12/05,197,197,197,197,1000,197,1
2012/12/11,188,193,188,193,2000,193,1
2012/12/17,188,188,183,183,7000,183,1
2012/12/18,183,183,183,183,1000,183,1
2012/12/19,183,183,183,183,1000,183,1
2012/12/20,183,183,183,183,1000,183,1
2012/12/21,188,188,188,188,1000,188,1
2012/12/26,188,188,188,188,2000,188,1
2012/12/27,188,188,188,188,13000,188,1
2013/01/07,188,188,188,188,2000,188,1
2013/01/08,189,189,189,189,1000,189,1
2013/01/11,189,194,189,194,4000,194,1
2013/01/15,188,188,188,188,9000,188,1
2013/01/24,190,190,190,190,1000,190,1
2013/01/25,191,191,191,191,5000,191,1
2013/01/29,192,192,192,192,3000,192,1
2013/01/31,190,190,190,190,10000,190,1
2013/02/01,190,190,190,190,2000,190,1
2013/02/04,194,194,194,194,2000,194,1
2013/02/05,194,194,194,194,1000,194,1
2013/02/06,194,194,194,194,1000,194,1
2013/02/08,191,191,191,191,1000,191,1
2013/02/14,188,188,188,188,3000,188,1
2013/02/28,189,189,189,189,1000,189,1
2013/03/01,190,190,190,190,1000,190,1
2013/03/04,190,193,190,193,3000,193,1
2013/03/05,193,193,193,193,1000,193,1
2013/03/11,196,196,196,196,8000,196,1
2013/03/14,203,203,203,203,2000,203,1
2013/03/26,193,193,193,193,12000,193,1
2013/03/27,193,193,193,193,6000,193,1
2013/03/29,193,193,193,193,3000,193,1
2013/04/01,193,193,193,193,1000,193,1
2013/04/02,193,193,193,193,2000,193,1
2013/04/05,193,194,193,194,4000,194,1
2013/04/11,194,194,194,194,1000,194,1
2013/04/19,194,194,194,194,5000,194,1
2013/04/22,195,195,195,195,1000,195,1
2013/04/24,195,195,195,195,3000,195,1
2013/04/25,195,195,195,195,2000,195,1
2013/04/26,195,195,195,195,4000,195,1
2013/04/30,190,190,190,190,1000,190,1
2013/05/01,190,193,190,193,8000,193,1
2013/05/07,195,195,193,193,8000,193,1
2013/05/13,195,195,195,195,4000,195,1
2013/05/14,201,201,201,201,4000,201,1
2013/05/15,225,225,225,225,3000,225,1
2013/05/16,233,233,233,233,1000,233,1
2013/05/27,233,233,233,233,2000,233,1
2013/05/31,233,233,233,233,1000,233,1
2013/06/05,232,232,232,232,1000,232,1
2013/06/10,188,196,188,196,5000,196,1
2013/06/11,195,196,195,196,3000,196,1
2013/06/21,198,198,198,198,1000,198,1
2013/06/27,198,198,198,198,2000,198,1
2013/07/02,193,193,193,193,1000,193,1
2013/07/03,193,193,193,193,4000,193,1
2013/07/05,193,193,193,193,2000,193,1
2013/07/09,191,193,191,193,2000,193,1
2013/07/10,191,191,191,191,2000,191,1
2013/07/11,192,192,192,192,3000,192,1
2013/07/18,191,191,191,191,8000,191,1
2013/07/23,198,198,198,198,1000,198,1
2013/07/26,198,198,198,198,6000,198,1
2013/07/29,198,198,198,198,7000,198,1
2013/08/29,198,198,198,198,1000,198,1
2013/09/11,199,199,199,199,2000,199,1
2013/09/20,197,197,195,195,2000,195,1
2013/09/24,215,215,205,205,2000,205,1
2013/09/25,210,210,210,210,2000,210,1
2013/09/26,220,228,220,228,2000,228,1
2013/09/27,228,228,228,228,2000,228,1
2013/10/04,211,211,211,211,1000,211,1
2013/10/07,211,211,211,211,3000,211,1
2013/10/15,201,201,192,195,9000,195,1
2013/10/16,195,195,195,195,1000,195,1
2013/10/17,197,197,197,197,4000,197,1
2013/10/18,200,200,200,200,3000,200,1
2013/10/21,195,195,195,195,2000,195,1
2013/10/23,200,200,200,200,2000,200,1
2013/10/24,200,200,200,200,1000,200,1
2013/10/25,200,200,194,194,3000,194,1
2013/10/28,199,199,199,199,1000,199,1
2013/10/30,199,199,196,196,3000,196,1
2013/10/31,198,198,198,198,4000,198,1
2013/11/08,199,199,199,199,1000,199,1
2013/11/11,200,200,200,200,1000,200,1
2013/11/12,223,223,223,223,1000,223,1
2013/11/15,207,223,207,223,4000,223,1
2013/11/18,223,223,210,210,2000,210,1
2013/11/19,209,210,209,210,2000,210,1
2013/11/20,220,223,220,220,5000,220,1
2013/11/26,220,220,220,220,1000,220,1
2013/12/05,220,220,220,220,3000,220,1
2013/12/10,208,208,208,208,1000,208,1
2013/12/13,215,215,215,215,1000,215,1
2013/12/16,205,208,205,208,3000,208,1
2013/12/20,210,210,210,210,1000,210,1
2013/12/24,210,210,210,210,1000,210,1
2013/12/30,215,215,215,215,2000,215,1
2014/01/06,220,220,220,220,1000,220,1
2014/01/07,212,213,210,213,16000,213,1
2014/01/08,218,218,218,218,3000,218,1
2014/01/10,212,212,212,212,5000,212,1
2014/01/14,214,214,195,206,15000,206,1
2014/01/15,209,210,209,210,3000,210,1
2014/01/17,210,210,210,210,1000,210,1
2014/01/21,214,214,214,214,2000,214,1
2014/02/03,210,210,210,210,1000,210,1
2014/02/04,206,206,201,201,3000,201,1
2014/02/07,203,211,203,211,7000,211,1
2014/02/18,210,210,210,210,1000,210,1
2014/02/25,218,218,218,218,1000,218,1
2014/02/27,218,219,218,218,14000,218,1
2014/03/03,218,220,218,220,2000,220,1
2014/03/04,204,204,204,204,1000,204,1
2014/03/11,211,211,211,211,2000,211,1
2014/03/28,211,211,211,211,3000,211,1
2014/04/07,211,218,202,202,6000,202,1
2014/04/11,202,202,202,202,1000,202,1
2014/04/17,206,206,206,206,1000,206,1
2014/04/18,208,208,208,208,1000,208,1
2014/04/23,200,200,200,200,5000,200,1
2014/04/25,216,216,216,216,9000,216,1
2014/05/16,208,208,208,208,1000,208,1
2014/06/04,207,207,207,207,2000,207,1
2014/06/09,210,210,210,210,2000,210,1
2014/06/13,208,208,208,208,1000,208,1
2014/06/18,213,213,213,213,1000,213,1
2014/06/19,214,214,214,214,1000,214,1
2014/06/25,215,218,215,218,7000,218,1
2014/06/27,218,220,218,218,10000,218,1
2014/06/30,220,220,220,220,5000,220,1
2014/07/02,236,239,236,239,5000,239,1
2014/07/07,239,240,239,240,6000,240,1
2014/07/09,240,240,240,240,1000,240,1
2014/07/10,241,241,241,241,3000,241,1
2014/07/15,245,245,245,245,3000,245,1
2014/07/17,245,245,245,245,6000,245,1
2014/07/22,245,245,245,245,3000,245,1
2014/07/25,245,245,245,245,7000,245,1
2014/07/28,246,255,246,255,17000,255,1
2014/07/30,271,271,271,271,1000,271,1
2014/07/31,260,260,260,260,2000,260,1
2014/08/01,251,251,251,251,3000,251,1
2014/08/05,260,260,260,260,1000,260,1
2014/08/08,268,268,268,268,1000,268,1
2014/08/12,268,272,256,256,4000,256,1
2014/08/14,248,250,248,250,6000,250,1
2014/08/15,250,250,250,250,2000,250,1
2014/08/20,251,251,251,251,2000,251,1
2014/08/22,252,252,252,252,1000,252,1
2014/08/28,252,252,252,252,1000,252,1
2014/08/29,252,252,252,252,3000,252,1
2014/09/03,252,252,252,252,2000,252,1
2014/09/04,271,271,254,254,3000,254,1
2014/09/05,254,254,252,252,5000,252,1
2014/09/11,252,252,252,252,2000,252,1
2014/09/26,255,255,255,255,1000,255,1
2014/10/01,255,255,255,255,1000,255,1
2014/10/06,239,239,239,239,3000,239,1
2014/10/07,236,236,236,236,1000,236,1
2014/10/21,230,230,230,230,2000,230,1
2014/10/28,230,230,230,230,5000,230,1
2014/10/31,230,230,230,230,1000,230,1
2014/11/06,238,245,238,242,3000,242,1
2014/11/07,242,242,242,242,1000,242,1
2014/11/11,255,255,255,255,2000,255,1
2014/11/12,251,251,251,251,1000,251,1
2014/11/25,240,240,240,240,1000,240,1
2014/11/27,240,240,240,240,1000,240,1
2014/12/01,240,240,240,240,2000,240,1
2014/12/04,250,250,250,250,1000,250,1
2014/12/05,255,260,255,260,5000,260,1
2014/12/10,281,281,281,281,1000,281,1
2014/12/11,257,257,257,257,1000,257,1
2014/12/15,260,260,254,254,4000,254,1
2014/12/19,254,254,254,254,3000,254,1
2014/12/22,250,279,250,279,7000,279,1
2014/12/24,279,279,279,279,2000,279,1
2014/12/25,270,270,270,270,3000,270,1
2014/12/29,270,270,270,270,5000,270,1
2014/12/30,270,270,270,270,2000,270,1
2015/01/06,270,270,270,270,5000,270,1
2015/01/07,270,270,270,270,1000,270,1
2015/01/09,270,270,270,270,3000,270,1
2015/01/13,254,259,254,257,8000,257,1
2015/01/16,255,255,255,255,2000,255,1
2015/01/20,257,257,257,257,2000,257,1
2015/02/05,273,273,273,273,1000,273,1
2015/02/09,252,253,252,253,7000,253,1
2015/02/10,261,280,261,280,5000,280,1
2015/02/24,280,280,280,280,2000,280,1
2015/02/27,280,280,280,280,2000,280,1
2015/03/03,280,280,280,280,3000,280,1
2015/03/04,285,285,285,285,1000,285,1
2015/03/05,285,285,285,285,1000,285,1
2015/03/06,285,285,285,285,1000,285,1
2015/03/09,278,278,278,278,2000,278,1
2015/03/10,278,278,278,278,3000,278,1
2015/03/11,278,278,278,278,5000,278,1
2015/03/12,277,277,277,277,1000,277,1
2015/03/13,284,284,284,284,2000,284,1
2015/03/26,284,284,284,284,1000,284,1
2015/03/27,284,284,284,284,3000,284,1
2015/03/31,266,269,262,269,11000,269,1
2015/04/01,264,264,264,264,2000,264,1
2015/04/03,265,265,265,265,3000,265,1
2015/04/06,265,265,265,265,1000,265,1
2015/04/07,266,266,266,266,3000,266,1
2015/04/10,270,270,270,270,2000,270,1
2015/04/13,270,270,270,270,2000,270,1
2015/04/15,265,265,265,265,1000,265,1
2015/04/16,265,265,265,265,1000,265,1
2015/04/17,270,270,270,270,3000,270,1
2015/04/21,270,270,270,270,1000,270,1
2015/04/22,270,270,270,270,2000,270,1
2015/04/23,270,270,270,270,1000,270,1
2015/04/24,266,266,266,266,2000,266,1
2015/04/30,265,265,265,265,3000,265,1
2015/05/08,265,265,265,265,3000,265,1
2015/05/13,265,265,265,265,2000,265,1
2015/05/20,265,265,265,265,1000,265,1
2015/05/22,263,263,263,263,2000,263,1
2015/05/29,264,264,264,264,1000,264,1
2015/06/01,263,263,263,263,1000,263,1
2015/06/03,264,264,264,264,1000,264,1
2015/06/05,264,264,264,264,1000,264,1
2015/06/08,267,270,267,270,3000,270,1
2015/06/09,263,263,263,263,3000,263,1
2015/06/12,260,260,260,260,2000,260,1
2015/06/18,258,258,258,258,1000,258,1
2015/06/19,260,260,260,260,1000,260,1
2015/06/22,261,261,261,261,2000,261,1
2015/06/24,268,268,262,262,5000,262,1
2015/06/25,262,262,261,261,4000,261,1
2015/06/26,261,261,261,261,4000,261,1
2015/06/29,256,256,255,255,5000,255,1
2015/07/01,255,255,255,255,2000,255,1
2015/07/02,255,260,255,260,2000,260,1
2015/07/06,259,259,259,259,2000,259,1
2015/07/07,259,259,259,259,1000,259,1
2015/07/09,255,255,254,254,7000,254,1
2015/07/13,254,254,254,254,4000,254,1
2015/07/16,260,260,260,260,1000,260,1
2015/07/21,261,261,261,261,1000,261,1
2015/07/27,261,261,261,261,7000,261,1
2015/07/28,261,261,261,261,1000,261,1
2015/07/29,261,261,261,261,1000,261,1
2015/07/30,257,257,257,257,1000,257,1
2015/08/03,258,261,258,261,2000,261,1
2015/08/04,261,261,258,258,2000,258,1
2015/08/11,251,251,251,251,2000,251,1
2015/08/12,243,243,243,243,1000,243,1
2015/08/13,229,233,229,233,21000,233,1
2015/08/17,233,233,233,233,1000,233,1
2015/08/18,234,234,234,234,1000,234,1
2015/08/21,233,233,233,233,1000,233,1
2015/08/24,233,233,232,232,2000,232,1
2015/08/25,229,229,229,229,2000,229,1
2015/08/28,237,237,237,237,2000,237,1
2015/09/04,232,232,232,232,1000,232,1
2015/09/07,232,232,224,224,3000,224,1
2015/09/11,225,225,225,225,3000,225,1
2015/09/16,225,225,225,225,1000,225,1
2015/09/17,220,221,220,221,2000,221,1
2015/09/18,221,221,221,221,1000,221,1
2015/09/25,221,226,221,226,2000,226,1
2015/10/01,223,223,213,213,4000,213,1
2015/10/02,217,217,216,216,3000,216,1
2015/10/06,218,218,218,218,1000,218,1
2015/10/14,219,219,219,219,2000,219,1
2015/10/16,219,219,219,219,2000,219,1
2015/10/23,218,219,218,219,2000,219,1
2015/10/26,218,218,218,218,1000,218,1
2015/10/27,219,219,218,218,12000,218,1
2015/10/29,215,219,215,219,3000,219,1
2015/10/30,219,219,219,219,1000,219,1
2015/11/02,219,219,219,219,1000,219,1
2015/11/05,219,219,219,219,12000,219,1
2015/11/06,222,222,222,222,1000,222,1
2015/11/09,227,227,223,223,3000,223,1
2015/11/10,223,223,223,223,1000,223,1
2015/11/11,218,228,218,228,4000,228,1
2015/11/17,220,220,220,220,1000,220,1
2015/11/18,218,218,218,218,1000,218,1
2015/11/19,218,218,218,218,1000,218,1
2015/11/20,218,219,213,219,4000,219,1
2015/11/24,219,219,219,219,1000,219,1
2015/11/25,213,215,212,212,7000,212,1
2015/11/26,212,212,212,212,1000,212,1
2015/11/30,213,213,213,213,1000,213,1
2015/12/01,213,213,213,213,2000,213,1
2015/12/04,213,215,213,215,6000,215,1
2015/12/07,215,215,212,215,10000,215,1
2015/12/08,215,215,214,214,3000,214,1
2015/12/10,213,213,213,213,11000,213,1
2015/12/11,211,211,211,211,2000,211,1
2015/12/14,211,211,211,211,1000,211,1
2015/12/16,211,211,210,210,4000,210,1
2015/12/18,213,213,213,213,1000,213,1
2015/12/22,219,219,219,219,1000,219,1
2015/12/24,218,229,210,215,10000,215,1
2015/12/25,215,219,215,219,10000,219,1
2015/12/28,215,215,215,215,10000,215,1
2016/01/05,215,215,215,215,1000,215,1
2016/01/12,203,203,203,203,4000,203,1
2016/01/14,200,200,200,200,2000,200,1
2016/01/27,200,200,200,200,1000,200,1
2016/01/28,201,201,201,201,1000,201,1
2016/02/02,203,203,203,203,1000,203,1
2016/02/08,203,203,203,203,1000,203,1
2016/02/12,200,200,200,200,5000,200,1
2016/02/29,224,224,224,224,1000,224,1
2016/03/07,224,224,224,224,3000,224,1
2016/03/11,224,224,224,224,2000,224,1
2016/03/25,224,224,224,224,6000,224,1
2016/04/01,210,210,210,210,1000,210,1
2016/04/05,210,210,210,210,3000,210,1
2016/04/11,210,210,210,210,2000,210,1
2016/04/12,192,192,192,192,3000,192,1
2016/04/13,194,194,194,194,1000,194,1
2016/04/15,196,196,196,196,1000,196,1
2016/04/20,199,199,199,199,1000,199,1
2016/04/27,199,199,199,199,1000,199,1
2016/05/06,195,195,195,195,5000,195,1
2016/05/12,200,200,200,200,1000,200,1
2016/05/13,212,212,212,212,1000,212,1
2016/05/18,196,198,196,197,13000,197,1
2016/05/19,197,197,196,196,2000,196,1
2016/05/25,199,199,199,199,1000,199,1
2016/05/27,199,199,199,199,1000,199,1
2016/05/31,199,199,199,199,1000,199,1
2016/06/03,202,202,202,202,1000,202,1
2016/06/06,200,200,200,200,3000,200,1
2016/06/08,195,195,195,195,2000,195,1
2016/06/09,194,194,194,194,1000,194,1
2016/06/13,192,192,192,192,1000,192,1
2016/06/15,197,197,197,197,1000,197,1
2016/06/22,190,190,190,190,1000,190,1
2016/06/24,191,191,176,176,6000,176,1
2016/06/28,176,176,176,176,1000,176,1
2016/07/08,186,186,186,186,1000,186,1
2016/07/19,181,181,181,181,10000,181,1
2016/07/20,186,186,186,186,1000,186,1
2016/07/21,187,187,187,187,1000,187,1
2016/07/27,192,193,192,193,2000,193,1
2016/08/05,193,193,193,193,3000,193,1
2016/08/15,195,195,195,195,1000,195,1
2016/08/16,194,194,194,194,1000,194,1
2016/08/17,189,189,186,186,5000,186,1
2016/08/22,190,190,190,190,1000,190,1
2016/08/24,190,190,190,190,2000,190,1
2016/08/25,191,191,191,191,1000,191,1
2016/08/26,191,191,191,191,2000,191,1
2016/09/05,191,191,191,191,1000,191,1
2016/09/09,195,195,195,195,2000,195,1
2016/09/13,193,193,193,193,2000,193,1
2016/09/21,195,195,195,195,2000,195,1
2016/09/29,195,195,195,195,3000,195,1
2016/09/30,195,195,195,195,1000,195,1
2016/10/04,215,215,215,215,4000,215,1
2016/10/05,215,215,215,215,6000,215,1
2016/10/06,210,210,197,197,7000,197,1
2016/10/07,200,206,200,206,2000,206,1
2016/10/12,206,206,206,206,1000,206,1
2016/10/19,201,201,201,201,1000,201,1
2016/10/25,203,203,203,203,1000,203,1
2016/10/27,206,206,206,206,1000,206,1
2016/10/28,204,204,204,204,1000,204,1
2016/11/02,207,213,207,213,2000,213,1
2016/11/07,213,213,213,213,1000,213,1
2016/11/08,218,218,215,215,5000,215,1
2016/11/09,215,220,215,220,2000,220,1
2016/11/10,224,224,224,224,2000,224,1
2016/11/11,224,231,224,231,6000,231,1
2016/11/14,247,247,216,217,10000,217,1
2016/11/15,228,228,228,228,1000,228,1
2016/11/16,221,221,220,220,2000,220,1
2016/11/21,222,228,222,228,2000,228,1
2016/11/22,228,228,228,228,1000,228,1
2016/11/25,228,230,228,230,3000,230,1
2016/11/28,230,230,230,230,2000,230,1
2016/11/29,230,230,230,230,1000,230,1
2016/12/05,236,245,236,245,3000,245,1
2016/12/09,245,245,245,245,1000,245,1
2016/12/21,245,245,245,245,3000,245,1
2016/12/27,246,246,245,245,16000,245,1
2016/12/29,248,248,248,248,1000,248,1
2016/12/30,246,246,246,246,1000,246,1
2017/01/04,249,249,249,249,14000,249,1
2017/01/05,250,250,250,250,1000,250,1
2017/01/06,250,250,250,250,1000,250,1
2017/01/11,255,255,255,255,1000,255,1
2017/01/13,255,255,251,255,4000,255,1
2017/01/16,259,259,255,255,2000,255,1
2017/01/18,254,254,243,243,6000,243,1
2017/01/19,249,249,249,249,6000,249,1
2017/01/20,257,257,257,257,2000,257,1
2017/01/23,257,257,257,257,2000,257,1
2017/01/26,251,251,251,251,2000,251,1
2017/01/27,255,255,255,255,1000,255,1
2017/02/01,253,253,252,252,2000,252,1
2017/02/02,253,253,253,253,2000,253,1
2017/02/03,259,260,259,260,2000,260,1
2017/02/06,263,265,263,265,4000,265,1
2017/02/07,272,272,260,260,8000,260,1
2017/02/13,268,273,261,273,23000,273,1
2017/02/14,271,271,260,265,9000,265,1
2017/02/15,272,272,264,272,10000,272,1
2017/02/16,271,273,268,268,7000,268,1
2017/02/17,266,266,266,266,1000,266,1
2017/02/20,262,268,262,268,5000,268,1
2017/02/21,261,263,260,263,3000,263,1
2017/02/23,269,270,269,270,2000,270,1
2017/02/24,274,277,269,269,6000,269,1
2017/02/27,275,295,274,285,21000,285,1
2017/02/28,288,293,286,290,10000,290,1
2017/03/01,290,290,270,278,32000,278,1
2017/03/03,278,278,278,278,5000,278,1
2017/03/06,280,285,280,285,4000,285,1
2017/03/07,289,290,289,290,5000,290,1
2017/03/08,290,290,290,290,1000,290,1
2017/03/09,290,292,290,291,3000,291,1
2017/03/13,292,292,292,292,1000,292,1
2017/03/14,290,290,290,290,1000,290,1
2017/03/15,290,290,290,290,3000,290,1
2017/03/16,292,293,292,293,2000,293,1
2017/03/17,292,292,290,290,7000,290,1
2017/03/21,294,294,294,294,2000,294,1
2017/03/22,294,323,294,323,25000,323,1
2017/03/23,315,315,315,315,2000,315,1
2017/03/24,315,315,315,315,1000,315,1
2017/03/27,315,315,299,299,21000,299,1
2017/03/28,305,307,305,307,4000,307,1
2017/03/29,305,307,304,304,6000,304,1
2017/03/31,304,304,304,304,1000,304,1
2017/04/03,304,311,304,307,5000,307,1
2017/04/04,307,307,307,307,5000,307,1
2017/04/05,308,315,308,315,5000,315,1
2017/04/06,319,319,307,307,7000,307,1
2017/04/07,314,322,314,322,9000,322,1
2017/04/10,322,328,322,328,7000,328,1
2017/04/11,328,328,317,317,3000,317,1
2017/04/12,308,315,307,307,8000,307,1
2017/04/13,292,307,280,307,19000,307,1
2017/04/14,310,310,310,310,4000,310,1
2017/04/24,310,310,310,310,3000,310,1
2017/04/27,310,310,310,310,4000,310,1
2017/04/28,310,311,310,311,2000,311,1
2017/05/01,287,287,287,287,2000,287,1
2017/05/02,299,300,295,300,4000,300,1
2017/05/08,300,310,296,296,16000,296,1
2017/05/09,295,295,279,293,32000,293,1
2017/05/10,292,295,280,295,12000,295,1
2017/05/12,291,298,288,295,12000,295,1
2017/05/15,296,314,296,314,26000,314,1
2017/05/16,329,345,329,330,19000,330,1
2017/05/18,325,325,306,306,4000,306,1
2017/05/19,315,315,307,307,2000,307,1
2017/05/22,312,320,312,320,2000,320,1
2017/05/25,312,312,312,312,2000,312,1
2017/05/29,313,313,312,312,4000,312,1
2017/05/30,312,312,312,312,1000,312,1
2017/05/31,312,312,312,312,1000,312,1
2017/06/02,313,313,300,304,12000,304,1
2017/06/05,315,315,315,315,2000,315,1
2017/06/06,307,309,303,307,25000,307,1
2017/06/07,305,305,305,305,1000,305,1
2017/06/13,305,309,305,309,2000,309,1
2017/06/14,311,312,310,310,4000,310,1
2017/06/15,307,307,305,305,2000,305,1
2017/06/19,313,313,312,312,4000,312,1
2017/06/20,312,312,312,312,1000,312,1
2017/06/21,315,315,315,315,4000,315,1
2017/06/22,315,315,315,315,2000,315,1
2017/06/23,320,321,320,320,3000,320,1
2017/06/26,324,324,316,316,6000,316,1
2017/06/27,316,316,316,316,3000,316,1
2017/06/28,316,316,316,316,2000,316,1
2017/06/30,312,316,308,316,5000,316,1
2017/07/03,316,316,316,316,2000,316,1
2017/07/04,319,319,319,319,1000,319,1
2017/07/05,319,319,319,319,2000,319,1
2017/07/07,320,320,320,320,1000,320,1
2017/07/10,321,321,320,320,5000,320,1
2017/07/11,321,322,321,322,4000,322,1
2017/07/12,325,333,320,320,10000,320,1
2017/07/13,325,325,325,325,5000,325,1
2017/07/14,320,323,318,323,9000,323,1
2017/07/18,323,327,323,327,4000,327,1
2017/07/19,319,321,318,318,10000,318,1
2017/07/20,320,320,320,320,1000,320,1
2017/07/21,322,322,320,320,3000,320,1
2017/07/24,322,322,320,320,2000,320,1
2017/07/25,324,330,324,330,3000,330,1
2017/07/26,328,335,325,327,12000,327,1
2017/07/27,334,345,334,345,14000,345,1
2017/07/28,345,355,345,355,14000,355,1
2017/07/31,347,347,330,338,13000,338,1
2017/08/01,340,350,338,338,9000,338,1
2017/08/02,343,343,343,343,1000,343,1
2017/08/03,340,356,340,356,11000,356,1
2017/08/04,356,360,351,351,8000,351,1
2017/08/07,366,366,352,353,8000,353,1
2017/08/08,360,360,360,360,1000,360,1
2017/08/09,360,360,350,356,11000,356,1
2017/08/10,355,355,355,355,1000,355,1
2017/08/14,307,318,307,318,31000,318,1
2017/08/15,318,328,318,328,10000,328,1
2017/08/16,329,329,315,318,9000,318,1
2017/08/17,321,321,321,321,1000,321,1
2017/08/18,318,320,317,320,8000,320,1
2017/08/21,318,318,308,315,8000,315,1
2017/08/22,320,320,320,320,4000,320,1
2017/08/23,320,320,320,320,1000,320,1
2017/08/25,320,320,320,320,10000,320,1
2017/08/28,325,326,325,326,3000,326,1
2017/08/29,325,325,325,325,1000,325,1
2017/08/30,323,325,323,325,3000,325,1
2017/08/31,325,325,325,325,3000,325,1
2017/09/01,327,330,327,330,3000,330,1
2017/09/04,332,359,332,359,12000,359,1
2017/09/05,336,336,326,329,8000,329,1
2017/09/06,329,329,319,319,12000,319,1
2017/09/07,319,319,319,319,2000,319,1
2017/09/11,319,319,319,319,2000,319,1
2017/09/12,326,330,326,330,3000,330,1
2017/09/13,329,333,327,327,13000,327,1
2017/09/14,335,343,335,343,14000,343,1
2017/09/15,340,340,333,340,4000,340,1
2017/09/19,348,348,340,342,10000,342,1
2017/09/20,350,350,350,350,5000,350,1
2017/09/21,350,359,350,355,11000,355,1
2017/09/22,350,350,346,346,13000,346,1
2017/09/25,354,360,354,360,5000,360,1
2017/09/26,362,369,356,356,7000,356,1
2017/09/27,356,356,356,356,7000,356,1
2017/09/28,367,369,355,367,11000,367,1
2017/09/29,372,374,366,372,8000,372,1
2017/10/02,377,384,377,384,6000,384,1
2017/10/03,388,400,388,400,8000,400,1
2017/10/04,388,397,388,397,6000,397,1
2017/10/05,401,405,397,397,4000,397,1
2017/10/20,380,380,380,380,3000,380,1
2017/10/23,380,397,380,397,13000,397,1
2017/10/24,390,399,390,399,7000,399,1
2017/10/25,399,399,396,396,2000,396,1
2017/10/27,396,396,376,385,11000,385,1
2017/10/30,386,387,365,365,31000,365,1
2017/10/31,389,403,381,400,57000,400,1
2017/11/01,403,404,400,400,6000,400,1
2017/11/02,401,401,401,401,1000,401,1
2017/11/06,401,401,400,400,3000,400,1
2017/11/07,398,398,395,395,3000,395,1
2017/11/10,401,430,401,410,52000,410,1
2017/11/13,418,418,405,416,7000,416,1
2017/11/14,417,417,407,407,3000,407,1
2017/11/15,413,413,400,400,4000,400,1
2017/11/17,395,397,395,397,5000,397,1
2017/11/20,405,407,405,407,4000,407,1
2017/11/21,408,408,400,405,8000,405,1
2017/11/22,413,413,400,405,8000,405,1
2017/11/24,405,413,400,404,26000,404,1
2017/11/27,404,404,403,403,2000,403,1
2017/11/28,395,403,390,397,179000,397,1
2017/11/29,396,397,391,393,34000,393,1
2017/11/30,392,397,389,396,20000,396,1
2017/12/01,393,410,393,406,58000,406,1
2017/12/04,410,410,398,405,26000,405,1
2017/12/05,404,404,396,396,5000,396,1
2017/12/06,403,404,395,395,5000,395,1
2017/12/07,393,395,393,395,2000,395,1
2017/12/08,398,400,398,400,4000,400,1
2017/12/11,401,401,399,399,9000,399,1
2017/12/12,407,408,400,403,22000,403,1
2017/12/13,403,407,399,399,17000,399,1
2017/12/14,402,402,395,395,14000,395,1
2017/12/15,397,400,397,400,5000,400,1
2017/12/18,404,416,404,413,33000,413,1
2017/12/19,421,425,413,416,18000,416,1
2017/12/20,424,428,417,420,25000,420,1
2017/12/21,426,428,422,428,12000,428,1
2017/12/22,426,426,420,420,10000,420,1
2017/12/25,414,420,414,417,13000,417,1
2017/12/27,417,420,414,416,20000,416,1
2017/12/28,419,421,417,417,7000,417,1
2017/12/29,421,430,421,430,7000,430,1
2018/01/04,431,444,431,443,12000,443,1
2018/01/05,448,450,448,450,16000,450,1
2018/01/09,453,466,453,456,14000,456,1
2018/01/10,453,455,450,453,11000,453,1
2018/01/11,461,470,460,470,18000,470,1
2018/01/12,475,488,475,484,37000,484,1
2018/01/15,490,500,485,487,24000,487,1
2018/01/16,488,514,488,513,21000,513,1
2018/01/17,512,525,505,505,24000,505,1
2018/01/18,495,495,485,485,36000,485,1
2018/01/19,490,498,486,495,7000,495,1
2018/01/22,513,520,503,504,23000,504,1
2018/01/23,518,519,510,510,12000,510,1
2018/01/24,512,512,510,510,5000,510,1
2018/01/25,509,510,498,498,4000,498,1
2018/01/26,502,510,502,505,6000,505,1
2018/01/29,510,510,506,506,6000,506,1
2018/01/30,505,505,505,505,1000,505,1
2018/02/01,495,495,495,495,3000,495,1
2018/02/02,495,510,494,494,4000,494,1
2018/02/05,493,493,475,475,7000,475,1
2018/02/06,450,450,417,425,27000,425,1
2018/02/07,440,450,440,444,17000,444,1
2018/02/08,444,450,444,448,6000,448,1
2018/02/09,420,430,420,430,16000,430,1
2018/02/13,469,488,465,470,26000,470,1
2018/02/14,470,470,430,438,38000,438,1
2018/02/15,443,444,443,444,2000,444,1
2018/02/16,445,469,445,469,2000,469,1
2018/02/19,467,469,467,469,5000,469,1
2018/02/20,460,467,457,460,6000,460,1
2018/02/21,468,468,468,468,2000,468,1
2018/02/22,460,460,457,460,6000,460,1
2018/02/26,462,465,455,465,8000,465,1
2018/02/27,465,470,462,462,5000,462,1
2018/02/28,454,454,454,454,3000,454,1
2018/03/01,450,524,450,480,78000,480,1
2018/03/02,473,473,461,470,11000,470,1
2018/03/05,480,480,460,467,13000,467,1
2018/03/06,470,490,470,490,8000,490,1
2018/03/07,482,515,482,507,29000,507,1
2018/03/08,520,525,520,525,14000,525,1
2018/03/09,530,540,525,525,27000,525,1
2018/03/12,525,531,525,530,23000,530,1
2018/03/13,532,532,525,525,7000,525,1
2018/03/14,526,538,526,538,8000,538,1
2018/03/15,530,530,530,530,1000,530,1
2018/03/16,545,545,545,545,2000,545,1
2018/03/19,548,550,548,550,4000,550,1
2018/03/20,540,555,540,555,15000,555,1
2018/03/22,560,560,560,560,5000,560,1
2018/03/23,560,560,535,535,7000,535,1
2018/03/26,530,530,502,512,7000,512,1
2018/03/27,515,525,515,525,2000,525,1
2018/03/28,535,535,535,535,1000,535,1
2018/03/29,555,567,555,567,14000,567,1
2018/03/30,551,560,551,560,2000,560,1
2018/04/02,560,579,560,579,7000,579,1
2018/04/05,549,560,543,543,5000,543,1
2018/04/06,543,560,543,560,11000,560,1
2018/04/09,560,560,560,560,2000,560,1
2018/04/10,550,575,550,575,6000,575,1
2018/04/11,580,585,535,575,6000,575,1
2018/04/13,580,580,580,580,4000,580,1
2018/04/16,580,590,560,590,10000,590,1
2018/04/17,590,590,590,590,1000,590,1
2018/04/18,600,600,595,595,14000,595,1
2018/04/19,595,610,595,610,28000,610,1
2018/04/20,590,600,590,600,11000,600,1
2018/04/24,591,591,590,590,4000,590,1
2018/04/25,590,610,590,610,7000,610,1
2018/04/26,610,620,610,620,3000,620,1
2018/04/27,620,620,620,620,1000,620,1
2018/05/02,605,605,605,605,1000,605,1
2018/05/07,605,605,605,605,1000,605,1
2018/05/08,605,605,605,605,1000,605,1
2018/05/09,620,630,591,630,21000,630,1
2018/05/10,640,640,630,630,5000,630,1
2018/05/11,635,688,635,688,20000,688,1
2018/05/14,678,690,671,680,21000,680,1
2018/05/15,690,690,680,680,2000,680,1
2018/05/16,680,700,680,700,7000,700,1
2018/05/17,700,700,700,700,3000,700,1
2018/05/18,682,692,682,692,14000,692,1
2018/05/21,700,700,670,670,12000,670,1
2018/05/22,698,700,670,680,10000,680,1
2018/05/23,680,690,670,680,7000,680,1
2018/05/24,690,690,680,680,3000,680,1
2018/05/25,689,689,689,689,1000,689,1
2018/05/28,689,689,681,681,5000,681,1
2018/05/30,685,685,685,685,1000,685,1
2018/06/04,680,680,671,671,3000,671,1
2018/06/05,671,671,670,670,6000,670,1
2018/06/06,680,680,680,680,1000,680,1
2018/06/07,680,680,670,670,2000,670,1
2018/06/08,660,660,660,660,2000,660,1
2018/06/11,650,650,630,649,13000,649,1
2018/06/12,639,639,639,639,3000,639,1
2018/06/13,648,648,648,648,1000,648,1
2018/06/14,638,638,635,635,2000,635,1
2018/06/15,635,635,630,630,10000,630,1
2018/06/18,627,627,626,626,3000,626,1
2018/06/19,621,621,600,610,13000,610,1
2018/06/20,590,590,590,590,6000,590,1
2018/06/21,580,580,580,580,2000,580,1
2018/06/27,580,580,580,580,1000,580,1
2018/07/02,580,580,580,580,3000,580,1
2018/07/03,580,580,565,565,4000,565,1
2018/07/05,570,570,565,565,3000,565,1
2018/07/06,565,565,565,565,1000,565,1
2018/07/09,570,580,570,580,2000,580,1
2018/07/11,580,580,580,580,2000,580,1
2018/07/18,580,580,580,580,2000,580,1
2018/07/19,580,580,580,580,2000,580,1
2018/07/20,580,580,580,580,2000,580,1
2018/07/23,580,580,580,580,3000,580,1
2018/07/24,580,580,580,580,1000,580,1
2018/07/25,580,580,580,580,2000,580,1
2018/07/27,618,618,618,618,2000,618,1
2018/07/30,618,618,618,618,1000,618,1
2018/08/01,620,630,620,630,7000,630,1
2018/08/03,600,600,600,600,2000,600,1
2018/08/06,620,620,600,600,4000,600,1
2018/08/07,600,600,600,600,5000,600,1
2018/08/08,600,600,600,600,1000,600,1
2018/08/09,600,600,600,600,1000,600,1
2018/08/10,610,650,610,649,12000,649,1
2018/08/13,679,720,670,701,32000,701,1
2018/08/14,720,720,691,700,23000,700,1
