2007/01/05,666,667,666,667,1700,667,1
2007/01/09,666,668,661,661,1000,661,1
2007/01/10,650,650,650,650,300,650,1
2007/01/11,650,655,650,650,900,650,1
2007/01/12,650,650,650,650,1600,650,1
2007/01/15,650,658,650,658,7500,658,1
2007/01/16,657,662,657,658,3600,658,1
2007/01/17,659,660,658,658,8300,658,1
2007/01/18,662,679,658,675,8200,675,1
2007/01/19,675,680,673,679,7800,679,1
2007/01/22,679,690,670,680,6200,680,1
2007/01/23,679,680,671,678,3600,678,1
2007/01/24,672,690,672,676,4800,676,1
2007/01/25,676,676,675,676,15300,676,1
2007/01/26,672,685,670,680,15700,680,1
2007/01/29,690,698,687,687,2100,687,1
2007/01/30,699,699,690,697,3200,697,1
2007/01/31,700,720,697,711,13000,711,1
2007/02/01,720,730,720,725,6100,725,1
2007/02/02,725,735,725,735,10100,735,1
2007/02/05,735,755,735,755,6400,755,1
2007/02/06,754,769,754,769,5900,769,1
2007/02/07,791,810,790,810,4500,810,1
2007/02/08,810,815,801,810,8700,810,1
2007/02/09,809,809,800,800,14700,800,1
2007/02/13,814,838,797,838,3700,838,1
2007/02/14,837,850,800,820,2900,820,1
2007/02/15,829,830,829,829,500,829,1
2007/02/16,830,833,820,820,5000,820,1
2007/02/19,820,840,820,840,16800,840,1
2007/02/20,840,840,837,837,5700,837,1
2007/02/21,827,827,827,827,300,827,1
2007/02/22,829,839,829,839,12600,839,1
2007/02/23,839,843,839,841,1000,841,1
2007/02/26,841,845,840,845,14800,845,1
2007/02/27,846,850,845,850,2200,850,1
2007/02/28,849,861,840,860,14000,860,1
2007/03/01,861,870,859,870,9400,870,1
2007/03/02,860,865,856,856,6900,856,1
2007/03/05,850,851,829,830,5400,830,1
2007/03/06,820,820,813,815,2200,815,1
2007/03/07,800,810,790,790,4000,790,1
2007/03/08,790,801,790,799,12200,799,1
2007/03/09,800,800,795,795,11800,795,1
2007/03/12,799,825,799,825,7600,825,1
2007/03/13,825,825,825,825,3900,825,1
2007/03/14,825,825,820,820,4500,820,1
2007/03/15,820,829,820,825,9100,825,1
2007/03/16,830,850,830,850,14000,850,1
2007/03/19,850,871,850,870,9500,870,1
2007/03/20,870,882,870,881,7200,881,1
2007/03/22,881,891,881,882,4900,882,1
2007/03/23,881,886,880,883,5600,883,1
2007/03/26,883,890,883,890,5700,890,1
2007/03/27,890,892,889,892,5600,892,1
2007/03/28,893,893,892,892,600,892,1
2007/03/29,890,891,890,890,400,890,1
2007/04/02,882,891,880,890,4400,890,1
2007/04/03,891,895,889,889,6400,889,1
2007/04/04,890,895,890,891,11600,891,1
2007/04/05,892,896,891,895,8000,895,1
2007/04/06,891,892,889,890,7500,890,1
2007/04/09,890,890,890,890,200,890,1
2007/04/10,890,890,889,890,5800,890,1
2007/04/12,890,890,890,890,7200,890,1
2007/04/13,890,890,888,890,16300,890,1
2007/04/16,890,890,889,890,12600,890,1
2007/04/17,891,891,885,885,4400,885,1
2007/04/18,885,891,885,890,4100,890,1
2007/04/19,881,882,870,870,5900,870,1
2007/04/20,870,870,861,861,600,861,1
2007/04/23,840,840,836,836,900,836,1
2007/04/25,835,836,831,835,12600,835,1
2007/04/26,836,836,825,831,4400,831,1
2007/04/27,831,840,810,840,17300,840,1
2007/05/01,832,832,830,830,400,830,1
2007/05/02,810,821,804,820,5500,820,1
2007/05/07,805,808,805,806,9600,806,1
2007/05/08,806,806,806,806,100,806,1
2007/05/09,814,830,806,830,4600,830,1
2007/05/10,841,843,840,841,2800,841,1
2007/05/11,828,846,828,841,6400,841,1
2007/05/14,842,850,826,850,10800,850,1
2007/05/15,850,852,850,850,2900,850,1
2007/05/16,851,859,850,859,5500,859,1
2007/05/17,860,865,850,865,6700,865,1
2007/05/18,865,869,865,869,5700,869,1
2007/05/21,870,884,869,884,10300,884,1
2007/05/22,929,1180,929,1030,81000,1030,1
2007/05/23,1029,1051,1011,1012,29500,1012,1
2007/05/24,1010,1011,960,966,6000,966,1
2007/05/25,966,967,960,960,9200,960,1
2007/05/28,960,965,960,965,5400,965,1
2007/05/29,950,991,949,975,11700,975,1
2007/05/30,975,1020,975,1020,62200,1020,1
2007/05/31,1020,1020,990,990,10500,990,1
2007/06/01,991,1010,989,1010,14500,1010,1
2007/06/04,1000,1143,1000,1104,121600,1104,1
2007/06/05,1109,1171,1104,1160,61900,1160,1
2007/06/06,1159,1299,1135,1295,101200,1295,1
2007/06/07,1295,1310,1220,1284,79500,1284,1
2007/06/08,1250,1300,1249,1285,72400,1285,1
2007/06/11,1285,1325,1280,1315,40400,1315,1
2007/06/12,1314,1314,1296,1305,28700,1305,1
2007/06/13,1301,1330,1301,1330,42800,1330,1
2007/06/14,1341,1500,1340,1440,94100,1440,1
2007/06/15,1439,1495,1438,1450,28300,1450,1
2007/06/18,1450,1501,1450,1500,61600,1500,1
2007/06/19,1499,1539,1470,1500,44000,1500,1
2007/06/20,1500,1525,1492,1520,75100,1520,1
2007/06/21,1520,1549,1501,1549,53300,1549,1
2007/06/22,1549,1685,1549,1685,90200,1685,1
2007/06/25,1685,1900,1685,1850,175900,1850,1
2007/06/26,1849,1850,1441,1750,44000,1750,1
2007/06/27,1748,1749,1640,1670,65700,1670,1
2007/06/28,1650,1720,1639,1700,14400,1700,1
2007/06/29,1745,1751,1700,1750,19700,1750,1
2007/07/02,1721,1730,1652,1700,2100,1700,1
2007/07/03,1700,1701,1599,1631,25200,1631,1
2007/07/04,1620,1642,1577,1642,19800,1642,1
2007/07/05,1620,1645,1620,1621,10500,1621,1
2007/07/06,1600,1600,1551,1570,5500,1570,1
2007/07/09,1564,1565,1525,1551,9800,1551,1
2007/07/10,1532,1541,1494,1500,34400,1500,1
2007/07/11,1489,1490,1361,1420,44200,1420,1
2007/07/12,1403,1420,1320,1330,30600,1330,1
2007/07/13,1330,1331,1273,1300,36400,1300,1
2007/07/17,1299,1301,1289,1296,15700,1296,1
2007/07/18,1290,1330,1289,1320,40600,1320,1
2007/07/19,1319,1410,1300,1400,45300,1400,1
2007/07/20,1400,1410,1360,1361,31500,1361,1
2007/07/23,1358,1359,1300,1300,21200,1300,1
2007/07/24,1300,1310,1300,1304,58300,1304,1
2007/07/25,1303,1305,1300,1305,104700,1305,1
2007/07/26,1310,1335,1310,1321,58400,1321,1
2007/07/27,1320,1321,1290,1306,43000,1306,1
2007/07/30,1306,1315,1300,1310,15000,1310,1
2007/07/31,1310,1311,1309,1310,7200,1310,1
2007/08/01,1300,1300,1299,1300,12600,1300,1
2007/08/02,1300,1300,1277,1295,19200,1295,1
2007/08/03,1290,1290,1275,1280,32600,1280,1
2007/08/06,1265,1265,1210,1243,4300,1243,1
2007/08/07,1240,1240,1112,1120,41400,1120,1
2007/08/08,1121,1136,1010,1020,98500,1020,1
2007/08/09,1020,1021,995,1000,17500,1000,1
2007/08/10,999,1000,944,950,19500,950,1
2007/08/13,950,995,950,986,59000,986,1
2007/08/14,985,986,964,973,11300,973,1
2007/08/15,972,973,950,966,12700,966,1
2007/08/16,966,966,940,943,22000,943,1
2007/08/17,949,949,881,890,27500,890,1
2007/08/20,890,901,865,894,22300,894,1
2007/08/21,886,915,885,915,21200,915,1
2007/08/22,911,912,890,890,6200,890,1
2007/08/23,896,896,890,895,17600,895,1
2007/08/24,880,920,871,919,24400,919,1
2007/08/27,931,931,919,920,4700,920,1
2007/08/28,919,929,919,929,8400,929,1
2007/08/29,920,920,910,920,5000,920,1
2007/08/30,921,925,921,923,3400,923,1
2007/08/31,910,912,910,912,1900,912,1
2007/09/03,920,920,889,889,2700,889,1
2007/09/04,885,886,861,884,7700,884,1
2007/09/05,876,876,850,860,16100,860,1
2007/09/06,850,862,850,858,71300,858,1
2007/09/07,859,859,849,850,2700,850,1
2007/09/10,849,850,840,850,9200,850,1
2007/09/11,829,831,829,829,6700,829,1
2007/09/12,829,920,809,825,28000,825,1
2007/09/13,811,814,805,811,9300,811,1
2007/09/14,825,825,800,800,10300,800,1
2007/09/18,800,800,750,770,30800,770,1
2007/09/19,750,781,742,770,59100,770,1
2007/09/20,798,799,739,750,43400,750,1
2007/09/21,767,770,716,742,9000,742,1
2007/09/25,742,742,741,742,10000,742,1
2007/09/26,778,778,778,778,100,778,1
2007/09/27,789,790,768,770,13200,770,1
2007/09/28,776,776,765,765,3200,765,1
2007/10/01,766,780,766,770,5900,770,1
2007/10/02,771,771,740,750,9800,750,1
2007/10/03,750,750,730,739,7800,739,1
2007/10/04,740,740,735,740,14500,740,1
2007/10/05,740,742,733,733,15200,733,1
2007/10/09,738,777,738,760,16800,760,1
2007/10/10,798,800,760,760,18700,760,1
2007/10/11,760,772,760,771,8100,771,1
2007/10/12,771,778,765,773,19500,773,1
2007/10/15,774,775,760,761,21400,761,1
2007/10/16,760,761,737,737,30100,737,1
2007/10/17,737,737,720,728,5400,728,1
2007/10/18,727,728,706,715,9700,715,1
2007/10/19,717,718,679,685,114700,685,1
2007/10/22,680,700,679,690,11700,690,1
2007/10/23,691,695,690,690,9600,690,1
2007/10/24,690,704,690,700,12600,700,1
2007/10/25,700,708,700,703,8800,703,1
2007/10/26,703,704,701,702,5200,702,1
2007/10/29,704,704,684,697,30900,697,1
2007/10/30,696,697,685,685,7500,685,1
2007/10/31,694,710,679,679,87900,679,1
2007/11/01,679,713,679,705,86800,705,1
2007/11/02,704,705,686,690,23700,690,1
2007/11/05,687,688,643,660,30100,660,1
2007/11/06,660,660,625,630,42400,630,1
2007/11/07,630,639,630,634,10400,634,1
2007/11/08,626,630,626,628,2500,628,1
2007/11/09,627,629,620,620,12300,620,1
2007/11/12,619,619,588,589,14000,589,1
2007/11/13,585,586,574,586,5500,586,1
2007/11/14,585,589,585,585,2100,585,1
2007/11/15,585,599,585,587,12400,587,1
2007/11/16,580,587,580,587,2800,587,1
2007/11/19,587,589,580,587,7400,587,1
2007/11/20,586,587,560,580,25100,580,1
2007/11/21,559,583,554,580,21600,580,1
2007/11/22,579,580,545,580,15100,580,1
2007/11/26,579,583,579,580,8300,580,1
2007/11/27,580,582,580,582,2700,582,1
2007/11/28,582,582,582,582,500,582,1
2007/11/29,593,593,593,593,100,593,1
2007/11/30,590,599,585,588,4600,588,1
2007/12/03,587,589,580,587,16300,587,1
2007/12/04,618,629,570,600,28600,600,1
2007/12/05,599,616,591,614,16300,614,1
2007/12/06,614,621,614,614,9300,614,1
2007/12/07,611,614,600,600,7700,600,1
2007/12/10,581,601,572,600,5800,600,1
2007/12/11,600,601,589,600,11400,600,1
2007/12/12,600,600,590,590,2200,590,1
2007/12/13,587,588,582,586,1600,586,1
2007/12/14,595,601,590,590,10200,590,1
2007/12/17,590,590,569,575,8200,575,1
2007/12/18,574,575,570,574,6200,574,1
2007/12/19,571,575,570,575,2800,575,1
2007/12/20,579,580,579,579,1400,579,1
2007/12/21,598,600,589,590,13500,590,1
2007/12/25,598,599,589,589,17200,589,1
2007/12/26,591,591,590,590,1000,590,1
2007/12/27,590,591,590,590,2700,590,1
2007/12/28,590,590,580,588,2900,588,1
2008/01/04,585,585,555,555,1200,555,1
2008/01/07,554,556,547,556,2900,556,1
2008/01/08,550,556,534,540,31300,540,1
2008/01/09,539,540,520,520,21300,520,1
2008/01/10,524,525,520,520,14000,520,1
2008/01/11,521,530,514,520,27000,520,1
2008/01/15,520,520,509,512,3600,512,1
2008/01/16,510,510,498,499,9600,499,1
2008/01/17,489,499,489,495,5700,495,1
2008/01/18,480,535,480,535,6100,535,1
2008/01/21,534,535,529,529,3700,529,1
2008/01/22,515,515,500,500,3600,500,1
2008/01/23,494,501,490,490,2700,490,1
2008/01/24,480,480,470,471,5900,471,1
2008/01/25,480,485,472,480,8200,480,1
2008/01/28,480,490,480,490,2500,490,1
2008/01/29,490,496,489,491,28200,491,1
2008/01/30,490,491,481,491,5200,491,1
2008/01/31,492,492,491,491,700,491,1
2008/02/01,491,492,471,482,13800,482,1
2008/02/04,481,482,469,470,34500,470,1
2008/02/05,469,471,465,470,55600,470,1
2008/02/06,465,469,460,460,12600,460,1
2008/02/07,471,471,460,460,600,460,1
2008/02/08,470,471,470,470,2300,470,1
2008/02/12,466,466,451,460,6500,460,1
2008/02/13,460,461,460,461,46800,461,1
2008/02/14,460,465,460,460,7800,460,1
2008/02/15,450,452,447,451,3300,451,1
2008/02/18,452,452,450,451,23100,451,1
2008/02/19,461,469,460,461,12400,461,1
2008/02/20,466,466,454,460,6000,460,1
2008/02/21,461,469,455,466,11600,466,1
2008/02/22,466,473,465,473,2800,473,1
2008/02/25,473,500,472,500,7800,500,1
2008/02/26,515,523,514,520,3800,520,1
2008/02/27,520,520,502,502,7000,502,1
2008/02/28,519,520,519,519,300,519,1
2008/03/04,505,505,500,500,6000,500,1
2008/03/06,501,501,501,501,800,501,1
2008/03/07,501,501,500,500,2100,500,1
2008/03/10,501,501,460,460,3600,460,1
2008/03/11,458,483,458,483,3200,483,1
2008/03/12,480,481,465,473,7000,473,1
2008/03/13,460,460,459,460,16100,460,1
2008/03/14,451,454,451,452,7800,452,1
2008/03/17,451,451,449,449,16900,449,1
2008/03/18,449,452,448,449,8800,449,1
2008/03/19,448,451,448,450,1600,450,1
2008/03/21,449,450,444,446,5500,446,1
2008/03/24,446,450,446,449,3700,449,1
2008/03/25,451,455,450,450,9500,450,1
2008/03/26,435,440,435,439,3000,439,1
2008/03/27,438,438,411,428,5000,428,1
2008/03/28,429,432,428,432,9900,432,1
2008/03/31,432,432,428,428,1300,428,1
2008/04/01,419,450,419,450,3000,450,1
2008/04/03,450,450,450,450,1100,450,1
2008/04/04,450,450,450,450,600,450,1
2008/04/07,460,460,460,460,100,460,1
2008/04/08,455,455,455,455,100,455,1
2008/04/09,430,450,430,450,1000,450,1
2008/04/10,450,460,450,450,1000,450,1
2008/04/11,440,440,440,440,100,440,1
2008/04/14,450,450,450,450,2400,450,1
2008/04/15,450,450,450,450,800,450,1
2008/04/16,450,450,450,450,1200,450,1
2008/04/17,454,455,450,450,1900,450,1
2008/04/18,450,480,450,480,2000,480,1
2008/04/21,480,480,480,480,3900,480,1
2008/04/22,490,550,487,550,3200,550,1
2008/04/23,570,600,570,590,9200,590,1
2008/04/24,580,580,570,570,1100,570,1
2008/04/25,570,570,530,550,6400,550,1
2008/04/28,512,590,512,590,3300,590,1
2008/04/30,590,590,590,590,300,590,1
2008/05/01,560,560,540,560,2600,560,1
2008/05/02,560,560,559,560,700,560,1
2008/05/07,560,560,550,550,3000,550,1
2008/05/08,520,550,517,550,2300,550,1
2008/05/09,549,549,530,549,700,549,1
2008/05/12,548,548,548,548,100,548,1
2008/05/13,547,550,500,500,3300,500,1
2008/05/14,520,520,520,520,2300,520,1
2008/05/15,520,520,510,510,900,510,1
2008/05/16,510,510,500,500,1100,500,1
2008/05/19,500,510,500,510,5300,510,1
2008/05/20,510,510,510,510,900,510,1
2008/05/21,484,494,484,494,1700,494,1
2008/05/22,480,480,455,466,4800,466,1
2008/05/23,470,470,460,460,1000,460,1
2008/05/26,460,460,460,460,6400,460,1
2008/05/27,460,461,450,450,8400,450,1
2008/05/28,450,450,450,450,2500,450,1
2008/05/29,445,445,445,445,300,445,1
2008/05/30,445,450,445,450,1200,450,1
2008/06/02,451,451,451,451,100,451,1
2008/06/03,455,455,455,455,2200,455,1
2008/06/04,455,455,453,453,300,453,1
2008/06/05,450,450,441,448,2100,448,1
2008/06/06,448,448,448,448,1000,448,1
2008/06/09,435,435,435,435,8800,435,1
2008/06/10,435,435,435,435,200,435,1
2008/06/11,480,480,480,480,500,480,1
2008/06/12,469,469,435,435,900,435,1
2008/06/13,436,436,430,436,3600,436,1
2008/06/16,435,435,435,435,1200,435,1
2008/06/17,435,435,435,435,3300,435,1
2008/06/18,435,435,435,435,2300,435,1
2008/06/19,435,435,435,435,2000,435,1
2008/06/20,435,435,428,429,7100,429,1
2008/06/23,429,430,429,429,1100,429,1
2008/06/24,430,430,420,428,14200,428,1
2008/06/25,430,471,428,471,4100,471,1
2008/06/26,471,471,440,440,5400,440,1
2008/06/27,441,441,441,441,1100,441,1
2008/06/30,440,440,400,405,7200,405,1
2008/07/01,415,415,410,410,300,410,1
2008/07/02,410,411,410,410,500,410,1
2008/07/03,411,415,410,415,300,415,1
2008/07/04,417,470,417,470,2800,470,1
2008/07/07,475,484,470,470,23200,470,1
2008/07/08,470,470,455,470,900,470,1
2008/07/09,469,470,469,469,2100,469,1
2008/07/10,468,468,468,468,1000,468,1
2008/07/11,463,468,463,468,600,468,1
2008/07/15,465,465,460,460,4400,460,1
2008/07/17,455,455,422,422,300,422,1
2008/07/18,429,439,422,422,6700,422,1
2008/07/22,422,435,422,435,15500,435,1
2008/07/24,431,450,430,450,7400,450,1
2008/07/25,449,449,449,449,7000,449,1
2008/07/28,447,447,447,447,500,447,1
2008/07/29,445,445,445,445,500,445,1
2008/07/30,455,455,455,455,100,455,1
2008/07/31,454,455,450,450,1300,450,1
2008/08/01,450,450,450,450,400,450,1
2008/08/04,450,450,450,450,100,450,1
2008/08/06,460,460,425,440,1300,440,1
2008/08/11,450,450,450,450,100,450,1
2008/08/12,445,445,440,440,600,440,1
2008/08/13,440,440,440,440,400,440,1
2008/08/14,435,435,435,435,800,435,1
2008/08/15,435,435,415,420,3700,420,1
2008/08/18,421,436,420,436,5500,436,1
2008/08/19,434,434,434,434,2600,434,1
2008/08/20,434,435,434,435,1000,435,1
2008/08/21,435,435,435,435,1300,435,1
2008/08/22,430,434,430,434,700,434,1
2008/08/25,435,435,434,434,7700,434,1
2008/08/26,434,434,432,432,1500,432,1
2008/08/27,430,430,430,430,2100,430,1
2008/08/28,425,425,425,425,1000,425,1
2008/08/29,425,436,425,436,2000,436,1
2008/09/01,430,430,430,430,500,430,1
2008/09/02,425,425,425,425,100,425,1
2008/09/03,425,425,425,425,500,425,1
2008/09/04,425,425,425,425,700,425,1
2008/09/05,425,425,425,425,2200,425,1
2008/09/08,425,425,425,425,500,425,1
2008/09/09,425,425,425,425,1500,425,1
2008/09/10,425,425,425,425,1000,425,1
2008/09/11,425,425,420,420,900,420,1
2008/09/12,420,420,420,420,1600,420,1
2008/09/16,395,395,395,395,900,395,1
2008/09/17,396,413,396,409,2500,409,1
2008/09/18,409,410,409,410,3300,410,1
2008/09/19,410,410,410,410,1000,410,1
2008/09/22,410,411,410,410,1100,410,1
2008/09/24,410,415,410,410,1300,410,1
2008/09/25,410,410,380,380,7100,380,1
2008/09/26,382,383,380,381,9000,381,1
2008/09/29,383,383,383,383,800,383,1
2008/09/30,382,382,382,382,1800,382,1
2008/10/01,382,382,370,370,3900,370,1
2008/10/02,370,370,370,370,900,370,1
2008/10/03,370,370,370,370,700,370,1
2008/10/06,340,340,330,330,1600,330,1
2008/10/07,250,286,250,286,4400,286,1
2008/10/08,270,270,251,254,8200,254,1
2008/10/09,250,279,250,260,7700,260,1
2008/10/10,255,265,255,265,7400,265,1
2008/10/14,266,275,266,275,7900,275,1
2008/10/15,285,285,266,266,1000,266,1
2008/10/16,260,260,250,250,8500,250,1
2008/10/17,255,255,251,251,1300,251,1
2008/10/21,320,320,320,320,600,320,1
2008/10/22,320,320,320,320,5600,320,1
2008/10/23,320,320,320,320,400,320,1
2008/10/24,300,300,300,300,1600,300,1
2008/10/27,300,300,300,300,100,300,1
2008/10/28,302,302,299,299,10500,299,1
2008/10/29,299,300,299,300,900,300,1
2008/10/30,300,300,300,300,3000,300,1
2008/10/31,285,285,285,285,10700,285,1
2008/11/05,300,305,298,299,2800,299,1
2008/11/06,296,297,296,297,400,297,1
2008/11/07,300,300,300,300,1600,300,1
2008/11/10,300,300,300,300,600,300,1
2008/11/11,300,300,300,300,3100,300,1
2008/11/12,300,300,300,300,1300,300,1
2008/11/13,300,302,294,294,2900,294,1
2008/11/14,300,300,300,300,1200,300,1
2008/11/17,300,300,290,290,6100,290,1
2008/11/18,300,305,300,305,2300,305,1
2008/11/19,304,304,302,302,6100,302,1
2008/11/20,300,300,300,300,2800,300,1
2008/11/21,295,295,295,295,100,295,1
2008/11/25,297,310,295,303,10600,303,1
2008/11/26,303,303,300,300,10000,300,1
2008/11/27,300,300,300,300,1300,300,1
2008/11/28,295,295,295,295,100,295,1
2008/12/01,295,295,295,295,100,295,1
2008/12/02,295,295,295,295,3000,295,1
2008/12/03,295,295,295,295,1100,295,1
2008/12/04,295,295,295,295,500,295,1
2008/12/05,295,295,295,295,900,295,1
2008/12/08,295,295,295,295,500,295,1
2008/12/09,295,295,295,295,500,295,1
2008/12/10,295,295,290,290,600,290,1
2008/12/11,295,295,295,295,500,295,1
2008/12/12,290,290,290,290,2500,290,1
2008/12/15,260,260,260,260,700,260,1
2008/12/16,261,261,261,261,1200,261,1
2008/12/17,272,272,272,272,100,272,1
2008/12/18,290,290,290,290,2000,290,1
2008/12/19,290,292,290,292,1300,292,1
2008/12/22,295,314,295,314,1800,314,1
2008/12/24,309,309,309,309,5100,309,1
2008/12/25,309,309,309,309,8900,309,1
2008/12/26,295,295,295,295,400,295,1
2008/12/29,295,295,295,295,3200,295,1
2008/12/30,295,295,294,294,400,294,1
2009/01/05,290,290,290,290,100,290,1
2009/01/07,290,290,281,281,200,281,1
2009/01/09,282,282,282,282,100,282,1
2009/01/14,283,283,283,283,200,283,1
2009/01/16,263,263,263,263,1100,263,1
2009/01/19,265,280,265,280,5900,280,1
2009/01/20,280,280,255,255,7400,255,1
2009/01/23,260,260,260,260,200,260,1
2009/01/29,270,285,270,285,3100,285,1
2009/01/30,285,285,285,285,5500,285,1
2009/02/03,251,251,251,251,200,251,1
2009/02/06,285,290,285,285,1900,285,1
2009/02/09,260,265,260,265,1100,265,1
2009/02/12,265,265,265,265,100,265,1
2009/02/13,270,270,270,270,1000,270,1
2009/02/17,269,269,269,269,1100,269,1
2009/02/18,282,282,282,282,5400,282,1
2009/02/20,280,280,280,280,1400,280,1
2009/02/23,280,280,280,280,300,280,1
2009/02/25,281,281,281,281,600,281,1
2009/02/26,282,290,282,290,3200,290,1
2009/02/27,290,290,290,290,13600,290,1
2009/03/05,283,283,281,281,200,281,1
2009/03/10,290,295,290,295,800,295,1
2009/03/13,285,290,280,290,1300,290,1
2009/03/16,289,290,289,290,1000,290,1
2009/03/17,290,290,290,290,100,290,1
2009/03/18,290,290,290,290,5400,290,1
2009/03/19,275,275,275,275,200,275,1
2009/03/23,275,275,275,275,100,275,1
2009/03/24,285,290,285,290,1600,290,1
2009/03/25,290,290,290,290,11100,290,1
2009/03/26,290,290,270,271,400,271,1
2009/03/27,286,292,282,282,7400,282,1
2009/03/30,285,285,285,285,100,285,1
2009/03/31,285,285,285,285,100,285,1
2009/04/03,276,276,276,276,1300,276,1
2009/04/06,278,278,278,278,100,278,1
2009/04/09,278,278,278,278,1000,278,1
2009/04/10,278,278,270,278,2200,278,1
2009/04/13,278,278,278,278,800,278,1
2009/04/14,281,281,275,275,2000,275,1
2009/04/15,275,280,275,280,800,280,1
2009/04/16,276,276,276,276,100,276,1
2009/04/17,276,289,276,289,1200,289,1
2009/04/20,289,304,289,304,5900,304,1
2009/04/21,304,304,304,304,600,304,1
2009/04/22,300,300,300,300,1400,300,1
2009/04/23,285,285,285,285,100,285,1
2009/04/24,285,285,285,285,600,285,1
2009/04/27,285,285,285,285,100,285,1
2009/04/30,286,288,286,286,7900,286,1
2009/05/01,290,290,286,290,1600,290,1
2009/05/07,290,290,290,290,2200,290,1
2009/05/08,285,285,285,285,1000,285,1
2009/05/14,275,275,275,275,100,275,1
2009/05/15,288,288,280,280,700,280,1
2009/05/18,280,280,280,280,500,280,1
2009/05/20,280,280,280,280,100,280,1
2009/05/25,289,289,289,289,500,289,1
2009/05/26,289,289,289,289,500,289,1
2009/05/27,290,290,290,290,8900,290,1
2009/05/28,281,281,280,280,200,280,1
2009/05/29,289,289,281,281,300,281,1
2009/06/01,285,285,285,285,500,285,1
2009/06/02,285,285,285,285,200,285,1
2009/06/05,285,285,285,285,1000,285,1
2009/06/08,288,290,288,290,200,290,1
2009/06/09,290,290,288,288,300,288,1
2009/06/10,290,290,290,290,3600,290,1
2009/06/11,290,309,290,309,2500,309,1
2009/06/12,310,310,309,309,1200,309,1
2009/06/17,316,320,316,320,900,320,1
2009/06/18,330,335,330,335,200,335,1
2009/06/19,335,340,320,320,10500,320,1
2009/06/22,326,326,325,325,800,325,1
2009/06/23,325,325,325,325,600,325,1
2009/06/25,325,326,325,326,2200,326,1
2009/07/01,328,344,328,344,800,344,1
2009/07/02,344,345,344,345,3500,345,1
2009/07/03,345,345,345,345,800,345,1
2009/07/06,370,370,370,370,100,370,1
2009/07/07,375,375,375,375,500,375,1
2009/07/08,375,375,375,375,100,375,1
2009/07/09,370,370,345,345,2000,345,1
2009/07/16,345,350,345,350,3100,350,1
2009/07/21,365,365,365,365,4000,365,1
2009/07/22,367,387,367,387,1000,387,1
2009/07/23,395,395,387,387,3600,387,1
2009/07/24,387,387,387,387,100,387,1
2009/07/28,387,387,387,387,100,387,1
2009/07/29,400,410,395,410,3000,410,1
2009/07/30,410,410,410,410,3800,410,1
2009/07/31,410,412,410,412,2500,412,1
2009/08/05,380,380,375,375,900,375,1
2009/08/06,370,370,370,370,500,370,1
2009/08/07,360,360,360,360,300,360,1
2009/08/10,345,345,345,345,100,345,1
2009/08/11,347,347,345,345,1200,345,1
2009/08/12,330,335,330,335,2300,335,1
2009/08/17,345,355,340,355,4100,355,1
2009/08/18,373,380,373,373,14400,373,1
2009/08/19,392,392,392,392,300,392,1
2009/08/20,400,400,400,400,1000,400,1
2009/08/25,399,420,399,420,6400,420,1
2009/08/26,441,455,441,455,19300,455,1
2009/08/27,460,460,415,415,3100,415,1
2009/08/28,405,406,405,406,300,406,1
2009/09/07,396,396,396,396,100,396,1
2009/09/08,396,396,396,396,200,396,1
2009/09/11,396,396,391,391,1200,391,1
2009/09/16,391,405,391,405,300,405,1
2009/09/17,410,420,410,420,200,420,1
2009/09/18,441,441,400,400,3400,400,1
2009/09/25,441,450,441,450,3900,450,1
2009/09/28,473,473,473,473,3000,473,1
2009/09/29,410,410,410,410,100,410,1
2009/09/30,400,400,400,400,600,400,1
2009/10/07,402,410,391,391,1200,391,1
2009/10/08,392,392,392,392,200,392,1
2009/10/09,400,400,400,400,100,400,1
2009/10/14,400,400,400,400,800,400,1
2009/10/15,401,401,401,401,300,401,1
2009/10/19,411,422,406,422,6100,422,1
2009/10/20,437,437,437,437,700,437,1
2009/10/26,457,457,457,457,5300,457,1
2009/10/28,435,435,435,435,500,435,1
2009/10/29,435,435,435,435,400,435,1
2009/11/02,412,412,412,412,100,412,1
2009/11/06,410,410,410,410,100,410,1
2009/11/09,400,400,400,400,1300,400,1
2009/11/11,401,401,401,401,100,401,1
2009/11/17,420,420,420,420,100,420,1
2009/11/18,441,454,405,405,3700,405,1
2009/11/20,450,450,426,426,900,426,1
2009/11/24,426,426,426,426,100,426,1
2009/11/25,448,448,407,407,5600,407,1
2009/11/27,410,410,410,410,100,410,1
2009/12/01,411,411,411,411,100,411,1
2009/12/02,411,411,411,411,100,411,1
2009/12/08,415,415,415,415,100,415,1
2009/12/11,415,415,415,415,1500,415,1
2009/12/14,417,417,417,417,400,417,1
2009/12/15,420,421,420,421,500,421,1
2009/12/16,417,430,417,420,2700,420,1
2009/12/17,450,450,450,450,100,450,1
2009/12/18,450,450,450,450,2400,450,1
2009/12/21,450,450,450,450,5100,450,1
2009/12/22,450,452,450,450,2200,450,1
2009/12/24,440,450,440,450,5500,450,1
2009/12/25,448,448,448,448,4700,448,1
2009/12/28,430,430,430,430,100,430,1
2010/01/08,421,421,421,421,100,421,1
2010/01/13,421,421,421,421,100,421,1
2010/01/14,421,430,420,430,4200,430,1
2010/01/15,421,430,410,430,3800,430,1
2010/01/18,419,419,419,419,3200,419,1
2010/01/19,419,419,419,419,200,419,1
2010/01/20,415,415,402,410,2500,410,1
2010/01/21,410,410,403,410,400,410,1
2010/01/22,410,410,410,410,600,410,1
2010/01/25,417,417,403,403,6500,403,1
2010/01/26,409,409,403,403,300,403,1
2010/01/27,403,403,403,403,300,403,1
2010/01/28,390,390,390,390,400,390,1
2010/01/29,390,390,390,390,100,390,1
2010/02/01,390,390,390,390,200,390,1
2010/02/09,390,408,390,390,4000,390,1
2010/02/12,390,390,390,390,1000,390,1
2010/02/15,390,400,390,400,700,400,1
2010/02/17,390,400,390,400,600,400,1
2010/02/18,398,398,398,398,3400,398,1
2010/02/19,380,385,380,385,1800,385,1
2010/02/22,380,380,370,370,1800,370,1
2010/02/23,370,380,360,380,1400,380,1
2010/02/24,385,399,385,399,600,399,1
2010/02/25,398,398,398,398,5500,398,1
2010/03/02,385,385,385,385,100,385,1
2010/03/08,396,396,396,396,200,396,1
2010/03/10,380,381,372,372,1400,372,1
2010/03/11,373,373,373,373,1000,373,1
2010/03/12,373,373,373,373,100,373,1
2010/03/15,377,377,377,377,100,377,1
2010/03/17,379,395,379,395,700,395,1
2010/03/18,402,402,402,402,3200,402,1
2010/03/19,398,398,394,394,200,394,1
2010/03/23,394,394,394,394,900,394,1
2010/03/24,400,400,392,392,3400,392,1
2010/03/25,412,412,412,412,5500,412,1
2010/04/05,407,407,407,407,800,407,1
2010/04/08,405,405,405,405,100,405,1
2010/04/12,405,405,405,405,100,405,1
2010/04/14,397,405,397,405,800,405,1
2010/04/15,405,408,405,408,4100,408,1
2010/04/19,424,424,424,424,3200,424,1
2010/04/20,420,420,420,420,900,420,1
2010/04/22,418,418,418,418,400,418,1
2010/04/26,434,434,434,434,5100,434,1
2010/04/30,429,429,429,429,100,429,1
2010/05/06,399,409,399,409,600,409,1
2010/05/07,401,405,401,402,1300,402,1
2010/05/11,407,407,407,407,1000,407,1
2010/05/12,400,416,400,412,2900,412,1
2010/05/18,412,412,412,412,5600,412,1
2010/05/20,412,412,412,412,800,412,1
2010/05/24,412,432,412,432,3200,432,1
2010/05/25,427,427,427,427,4900,427,1
2010/05/28,390,390,390,390,1100,390,1
2010/06/04,385,385,385,385,100,385,1
2010/06/07,385,385,385,385,500,385,1
2010/06/09,390,400,390,400,600,400,1
2010/06/16,400,417,400,417,7400,417,1
2010/06/17,408,425,408,425,1100,425,1
2010/06/18,410,410,409,409,4100,409,1
2010/06/21,409,409,409,409,2000,409,1
2010/06/22,401,401,393,401,1300,401,1
2010/06/23,381,401,381,401,1900,401,1
2010/06/24,405,405,405,405,200,405,1
2010/06/25,405,405,405,405,5500,405,1
2010/07/01,421,421,421,421,900,421,1
2010/07/02,420,420,420,420,200,420,1
2010/07/05,419,419,419,419,300,419,1
2010/07/07,440,440,440,440,11400,440,1
2010/07/12,408,410,408,410,2800,410,1
2010/07/13,402,402,402,402,400,402,1
2010/07/16,410,420,410,420,900,420,1
2010/07/20,428,428,428,428,5300,428,1
2010/07/23,428,428,428,428,2300,428,1
2010/07/26,450,450,450,450,4800,450,1
2010/07/27,406,406,406,406,1900,406,1
2010/07/29,409,409,409,409,400,409,1
2010/08/10,425,425,425,425,200,425,1
2010/08/16,420,435,420,435,1300,435,1
2010/08/17,411,428,411,428,1300,428,1
2010/08/18,428,428,428,428,3000,428,1
2010/08/20,422,422,422,422,900,422,1
2010/08/24,423,423,422,422,2400,422,1
2010/08/25,444,444,444,444,5100,444,1
2010/08/26,439,439,439,439,300,439,1
2010/08/27,407,407,407,407,100,407,1
2010/08/30,407,408,407,408,3700,408,1
2010/09/02,408,408,408,408,200,408,1
2010/09/07,409,409,409,409,200,409,1
2010/09/08,409,409,409,409,300,409,1
2010/09/09,410,410,409,409,1700,409,1
2010/09/13,409,409,409,409,600,409,1
2010/09/14,409,409,409,409,100,409,1
2010/09/15,407,407,407,407,100,407,1
2010/09/16,412,422,408,422,3200,422,1
2010/09/17,415,415,415,415,200,415,1
2010/09/21,422,422,422,422,4000,422,1
2010/09/24,420,420,420,420,1000,420,1
2010/09/27,422,422,422,422,5000,422,1
2010/09/28,410,410,410,410,200,410,1
2010/09/29,410,410,410,410,100,410,1
2010/10/01,418,418,418,418,100,418,1
2010/10/04,407,407,407,407,100,407,1
2010/10/07,407,407,407,407,400,407,1
2010/10/13,407,407,407,407,100,407,1
2010/10/15,420,428,420,428,200,428,1
2010/10/18,438,438,438,438,3000,438,1
2010/10/19,412,412,409,409,200,409,1
2010/10/20,427,427,427,427,900,427,1
2010/10/22,424,424,421,421,400,421,1
2010/10/25,428,428,428,428,5200,428,1
2010/10/26,407,407,407,407,100,407,1
2010/11/04,411,411,411,411,200,411,1
2010/11/09,410,410,410,410,200,410,1
2010/11/15,402,408,402,408,1100,408,1
2010/11/17,406,406,406,406,200,406,1
2010/11/18,410,410,410,410,3000,410,1
2010/11/19,402,402,400,400,400,400,1
2010/11/22,408,408,408,408,900,408,1
2010/11/24,408,423,408,423,3400,423,1
2010/11/25,439,439,439,439,5300,439,1
2010/12/02,411,412,411,412,200,412,1
2010/12/06,415,415,415,415,1600,415,1
2010/12/07,414,414,414,414,700,414,1
2010/12/08,415,415,415,415,100,415,1
2010/12/09,415,415,415,415,2000,415,1
2010/12/14,415,415,415,415,2100,415,1
2010/12/15,407,411,403,411,2100,411,1
2010/12/16,412,420,412,420,300,420,1
2010/12/17,412,420,412,420,2100,420,1
2010/12/20,419,419,411,411,5500,411,1
2010/12/21,411,411,411,411,100,411,1
2010/12/22,420,420,420,420,200,420,1
2010/12/24,418,418,413,418,1700,418,1
2010/12/27,418,418,418,418,5100,418,1
2010/12/29,411,411,411,411,1300,411,1
2010/12/30,411,418,411,418,200,418,1
2011/01/07,412,412,412,412,100,412,1
2011/01/13,419,425,419,425,2800,425,1
2011/01/17,428,428,428,428,200,428,1
2011/01/18,424,424,424,424,3100,424,1
2011/01/19,425,425,425,425,1000,425,1
2011/01/20,424,424,424,424,900,424,1
2011/01/21,421,425,418,418,600,418,1
2011/01/24,425,425,425,425,200,425,1
2011/01/25,424,424,424,424,5100,424,1
2011/01/27,402,404,390,403,7400,403,1
2011/01/28,403,407,403,407,400,407,1
2011/01/31,407,414,407,414,1500,414,1
2011/02/03,410,410,410,410,300,410,1
2011/02/08,410,410,410,410,200,410,1
2011/02/10,410,410,410,410,100,410,1
2011/02/15,416,416,416,416,100,416,1
2011/02/18,416,416,416,416,3000,416,1
2011/02/21,416,416,416,416,900,416,1
2011/02/24,412,415,412,415,700,415,1
2011/02/25,436,436,436,436,5500,436,1
2011/03/03,401,409,401,409,3100,409,1
2011/03/10,410,410,410,410,200,410,1
2011/03/14,415,436,415,436,3500,436,1
2011/03/15,436,436,427,436,3700,436,1
2011/03/16,436,436,436,436,100,436,1
2011/03/17,436,436,436,436,1000,436,1
2011/03/18,450,450,450,450,6500,450,1
2011/03/22,473,516,473,473,2900,473,1
2011/03/23,473,480,470,480,2000,480,1
2011/03/24,485,508,485,508,1700,508,1
2011/03/25,534,550,515,515,8800,515,1
2011/03/28,515,515,515,515,200,515,1
2011/03/29,522,522,500,500,700,500,1
2011/03/30,510,540,510,540,600,540,1
2011/03/31,572,572,570,571,700,571,1
2011/04/01,574,580,540,560,4400,560,1
2011/04/04,550,568,520,568,1400,568,1
2011/04/05,565,590,560,578,1500,578,1
2011/04/06,568,568,568,568,300,568,1
2011/04/07,568,568,568,568,500,568,1
2011/04/08,551,551,550,550,800,550,1
2011/04/12,560,590,560,590,700,590,1
2011/04/14,579,579,529,549,1100,549,1
2011/04/15,530,530,500,524,2600,524,1
2011/04/18,544,544,524,525,2800,525,1
2011/04/19,524,524,506,506,2400,506,1
2011/04/20,532,540,520,520,1400,520,1
2011/04/21,520,520,520,520,100,520,1
2011/04/22,530,530,530,530,200,530,1
2011/04/25,550,550,545,545,4000,545,1
2011/05/02,530,530,525,525,1100,525,1
2011/05/06,525,525,525,525,100,525,1
2011/05/10,515,515,515,515,1000,515,1
2011/05/11,515,515,515,515,100,515,1
2011/05/12,510,510,510,510,1100,510,1
2011/05/16,506,506,506,506,1000,506,1
2011/05/17,507,507,500,500,800,500,1
2011/05/18,524,524,505,505,3500,505,1
2011/05/19,507,520,507,520,3300,520,1
2011/05/20,515,515,515,515,600,515,1
2011/05/23,505,505,505,505,1000,505,1
2011/05/24,515,525,515,525,2900,525,1
2011/05/25,540,540,540,540,4100,540,1
2011/05/27,500,500,500,500,2100,500,1
2011/05/31,520,520,520,520,100,520,1
2011/06/01,500,500,500,500,100,500,1
2011/06/02,482,482,482,482,1000,482,1
2011/06/03,480,480,452,477,4000,477,1
2011/06/07,485,485,485,485,100,485,1
2011/06/10,477,477,477,477,100,477,1
2011/06/13,473,474,473,474,400,474,1
2011/06/15,490,501,485,501,8700,501,1
2011/06/16,510,520,485,501,1700,501,1
2011/06/17,491,503,489,503,600,503,1
2011/06/20,503,503,486,499,4800,499,1
2011/06/23,491,498,480,480,1100,480,1
2011/06/24,487,496,480,496,1900,496,1
2011/06/27,495,495,495,495,4100,495,1
2011/06/29,480,480,480,480,200,480,1
2011/06/30,450,460,441,447,6500,447,1
2011/07/01,449,450,447,450,5300,450,1
2011/07/04,454,455,454,455,200,455,1
2011/07/05,457,458,450,458,1100,458,1
2011/07/06,466,470,466,470,400,470,1
2011/07/07,454,454,454,454,100,454,1
2011/07/08,454,454,449,449,200,449,1
2011/07/11,472,472,472,472,6600,472,1
2011/07/13,460,460,460,460,100,460,1
2011/07/14,460,472,460,472,500,472,1
2011/07/15,464,482,464,482,2000,482,1
2011/07/19,488,488,488,488,2300,488,1
2011/07/20,489,490,489,490,2400,490,1
2011/07/22,490,492,490,492,8600,492,1
2011/07/25,495,495,495,495,4000,495,1
2011/08/04,455,455,455,455,200,455,1
2011/08/05,447,472,440,472,1200,472,1
2011/08/08,472,472,472,472,200,472,1
2011/08/09,465,472,465,472,300,472,1
2011/08/10,450,464,440,464,2300,464,1
2011/08/12,465,465,465,465,1000,465,1
2011/08/16,464,481,464,481,2800,481,1
2011/08/18,479,479,479,479,2300,479,1
2011/08/22,477,477,477,477,900,477,1
2011/08/24,469,469,469,469,500,469,1
2011/08/25,477,477,477,477,4400,477,1
2011/08/31,461,461,461,461,200,461,1
2011/09/09,461,461,461,461,3000,461,1
2011/09/12,453,453,453,453,500,453,1
2011/09/13,454,454,454,454,500,454,1
2011/09/14,454,454,454,454,1700,454,1
2011/09/15,451,453,445,453,800,453,1
2011/09/16,460,460,444,452,300,452,1
2011/09/20,444,444,436,444,3400,444,1
2011/09/21,452,452,452,452,100,452,1
2011/09/22,454,462,454,455,500,455,1
2011/09/26,455,455,455,455,4600,455,1
2011/09/29,437,437,437,437,1800,437,1
2011/09/30,428,428,415,423,1400,423,1
2011/10/03,422,422,415,415,300,415,1
2011/10/04,415,415,415,415,100,415,1
2011/10/12,415,415,415,415,600,415,1
2011/10/14,424,424,424,424,100,424,1
2011/10/17,416,432,416,432,2400,432,1
2011/10/18,438,438,430,430,2500,430,1
2011/10/19,425,425,425,425,200,425,1
2011/10/20,432,432,421,421,1100,421,1
2011/10/21,435,435,435,435,100,435,1
2011/10/24,435,441,431,431,1600,431,1
2011/10/25,447,447,447,447,4900,447,1
2011/11/10,420,428,420,428,3900,428,1
2011/11/11,428,428,428,428,200,428,1
2011/11/16,424,438,424,438,3200,438,1
2011/11/18,430,430,422,422,3600,422,1
2011/11/21,432,432,417,426,3000,426,1
2011/11/24,430,430,430,430,600,430,1
2011/11/25,430,430,430,430,4600,430,1
2011/12/13,422,430,420,430,2000,430,1
2011/12/14,429,432,429,432,9600,432,1
2011/12/15,431,431,431,431,300,431,1
2011/12/16,431,431,431,431,100,431,1
2011/12/19,430,430,430,430,3100,430,1
2011/12/20,428,430,423,430,2800,430,1
2011/12/21,422,429,422,429,1200,429,1
2011/12/22,431,431,430,430,2400,430,1
2011/12/26,430,430,430,430,4900,430,1
2012/01/10,425,430,425,430,600,430,1
2012/01/11,425,425,425,425,100,425,1
2012/01/12,410,416,410,415,4600,415,1
2012/01/13,415,415,415,415,100,415,1
2012/01/16,417,417,415,417,1000,417,1
2012/01/17,420,420,410,418,1200,418,1
2012/01/18,418,418,401,401,2900,401,1
2012/01/19,411,411,410,410,300,410,1
2012/01/20,418,423,418,423,1300,423,1
2012/01/23,423,423,420,420,300,420,1
2012/01/24,421,424,421,423,600,423,1
2012/01/25,431,431,431,431,5400,431,1
2012/01/30,450,450,450,450,100,450,1
2012/01/31,449,449,449,449,500,449,1
2012/02/07,432,432,432,432,200,432,1
2012/02/08,427,427,427,427,100,427,1
2012/02/10,430,430,425,425,200,425,1
2012/02/13,420,425,420,425,600,425,1
2012/02/14,426,432,426,432,1500,432,1
2012/02/15,432,436,432,436,1200,436,1
2012/02/16,436,440,436,440,600,440,1
2012/02/17,444,444,444,444,100,444,1
2012/02/20,444,444,439,439,3500,439,1
2012/02/21,450,450,450,450,100,450,1
2012/02/22,450,450,450,450,700,450,1
2012/02/23,453,458,450,458,1600,458,1
2012/02/24,466,474,466,474,2000,474,1
2012/02/27,482,482,482,482,4900,482,1
2012/03/06,443,443,443,443,100,443,1
2012/03/07,444,444,444,444,200,444,1
2012/03/09,444,452,443,447,1600,447,1
2012/03/12,444,444,442,444,300,444,1
2012/03/13,436,436,427,433,5400,433,1
2012/03/14,433,433,433,433,300,433,1
2012/03/15,433,436,430,436,3300,436,1
2012/03/19,442,442,440,440,2400,440,1
2012/03/21,447,447,440,440,1100,440,1
2012/03/22,440,440,440,440,200,440,1
2012/03/23,440,442,437,442,900,442,1
2012/03/26,428,431,425,425,5400,425,1
2012/03/27,435,435,435,435,100,435,1
2012/04/03,424,427,424,427,200,427,1
2012/04/04,430,431,430,430,1000,430,1
2012/04/06,435,435,435,435,100,435,1
2012/04/11,434,434,427,427,1000,427,1
2012/04/12,422,422,422,422,100,422,1
2012/04/13,422,422,422,422,600,422,1
2012/04/16,418,421,415,415,4800,415,1
2012/04/17,423,423,423,423,100,423,1
2012/04/18,415,415,413,413,2600,413,1
2012/04/19,416,416,416,416,200,416,1
2012/04/20,424,424,424,424,800,424,1
2012/04/23,424,424,424,424,500,424,1
2012/04/24,425,430,425,430,1000,430,1
2012/04/25,440,440,437,437,5100,437,1
2012/04/27,437,437,437,437,100,437,1
2012/05/07,423,423,423,423,100,423,1
2012/05/09,427,427,423,423,300,423,1
2012/05/10,423,423,423,423,700,423,1
2012/05/11,423,423,423,423,300,423,1
2012/05/15,417,417,417,417,100,417,1
2012/05/17,435,435,435,435,300,435,1
2012/05/18,457,457,455,455,3100,455,1
2012/05/21,471,471,431,431,800,431,1
2012/05/22,431,431,431,431,500,431,1
2012/05/23,435,435,435,435,200,435,1
2012/05/24,448,453,448,453,300,453,1
2012/05/25,476,476,476,476,3300,476,1
2012/05/28,500,505,500,500,1400,500,1
2012/05/30,480,480,435,435,4500,435,1
2012/05/31,466,486,466,486,2900,486,1
2012/06/01,486,505,486,501,900,501,1
2012/06/04,444,444,444,444,100,444,1
2012/06/07,450,450,450,450,100,450,1
2012/06/08,436,436,436,436,300,436,1
2012/06/11,450,450,450,450,100,450,1
2012/06/13,461,461,461,461,100,461,1
2012/06/14,472,472,472,472,100,472,1
2012/06/15,475,483,475,482,300,482,1
2012/06/18,507,510,507,507,3800,507,1
2012/06/19,500,500,500,500,500,500,1
2012/06/20,514,514,514,514,700,514,1
2012/06/22,513,513,513,513,500,513,1
2012/06/25,514,514,514,514,3900,514,1
2012/06/27,491,491,491,491,900,491,1
2012/07/02,512,512,512,512,800,512,1
2012/07/03,484,485,484,484,1300,484,1
2012/07/05,485,497,485,497,600,497,1
2012/07/06,522,525,522,522,9000,522,1
2012/07/09,513,513,513,513,100,513,1
2012/07/10,503,503,503,503,400,503,1
2012/07/12,503,505,503,505,400,505,1
2012/07/13,506,520,506,520,2500,520,1
2012/07/17,529,534,519,534,1500,534,1
2012/07/18,523,539,518,518,3700,518,1
2012/07/20,527,527,515,515,2100,515,1
2012/07/23,520,520,503,507,2300,507,1
2012/07/24,502,502,502,502,400,502,1
2012/07/25,522,522,512,512,4100,512,1
2012/07/27,502,502,502,502,100,502,1
2012/08/03,502,502,502,502,500,502,1
2012/08/09,495,495,495,495,200,495,1
2012/08/10,505,505,505,505,100,505,1
2012/08/13,505,505,505,505,500,505,1
2012/08/14,500,500,500,500,500,500,1
2012/08/15,495,495,495,495,100,495,1
2012/08/16,510,510,510,510,100,510,1
2012/08/17,504,504,503,503,200,503,1
2012/08/20,515,515,496,496,4200,496,1
2012/08/22,500,500,500,500,1200,500,1
2012/08/24,513,524,513,524,500,524,1
2012/08/27,551,551,505,505,5200,505,1
2012/09/04,506,506,506,506,1200,506,1
2012/09/05,511,520,511,520,800,520,1
2012/09/06,517,517,515,515,300,515,1
2012/09/07,516,516,515,515,1300,515,1
2012/09/10,513,513,513,513,100,513,1
2012/09/11,510,511,510,511,300,511,1
2012/09/13,512,512,512,512,200,512,1
2012/09/14,513,520,513,518,500,518,1
2012/09/18,518,518,517,518,2600,518,1
2012/09/19,513,513,513,513,1000,513,1
2012/09/20,523,523,515,515,800,515,1
2012/09/21,516,516,516,516,100,516,1
2012/09/24,525,525,512,517,1800,517,1
2012/09/25,530,530,530,530,3900,530,1
2012/09/28,530,540,530,540,200,540,1
2012/10/05,526,526,526,526,100,526,1
2012/10/09,535,535,535,535,500,535,1
2012/10/10,535,535,535,535,600,535,1
2012/10/11,525,525,518,518,4300,518,1
2012/10/15,510,512,510,512,200,512,1
2012/10/18,519,519,519,519,1900,519,1
2012/10/22,539,539,503,506,3000,506,1
2012/10/23,510,515,507,511,2200,511,1
2012/10/24,521,521,521,521,100,521,1
2012/10/25,512,512,512,512,3900,512,1
2012/10/30,502,502,502,502,700,502,1
2012/11/02,500,500,500,500,1100,500,1
2012/11/05,466,484,466,484,700,484,1
2012/11/06,487,487,487,487,500,487,1
2012/11/07,486,487,486,487,800,487,1
2012/11/08,480,480,480,480,100,480,1
2012/11/09,476,476,476,476,100,476,1
2012/11/12,476,476,476,476,700,476,1
2012/11/14,480,480,480,480,100,480,1
2012/11/19,520,520,520,520,2100,520,1
2012/11/20,520,520,520,520,600,520,1
2012/11/21,519,519,519,519,300,519,1
2012/11/22,518,518,508,508,700,508,1
2012/11/26,534,534,534,534,4200,534,1
2012/12/06,524,524,524,524,100,524,1
2012/12/10,520,524,518,524,800,524,1
2012/12/12,514,514,514,514,900,514,1
2012/12/13,522,522,522,522,200,522,1
2012/12/14,525,525,525,525,500,525,1
2012/12/17,530,540,530,540,1500,540,1
2012/12/18,540,540,540,540,3200,540,1
2012/12/19,540,540,535,540,900,540,1
2012/12/20,550,550,541,541,1000,541,1
2012/12/21,544,570,544,570,1300,570,1
2012/12/25,579,579,579,579,3500,579,1
2012/12/28,539,539,539,539,100,539,1
2013/01/08,539,549,539,549,600,549,1
2013/01/09,548,549,548,549,600,549,1
2013/01/10,553,553,551,553,1800,553,1
2013/01/11,563,563,563,563,500,563,1
2013/01/15,564,570,564,570,600,570,1
2013/01/16,565,565,565,565,700,565,1
2013/01/17,565,565,565,565,300,565,1
2013/01/18,575,575,575,575,1700,575,1
2013/01/21,575,575,575,575,600,575,1
2013/01/23,570,575,570,570,1700,570,1
2013/01/24,570,570,570,570,900,570,1
2013/01/25,568,570,565,570,4200,570,1
2013/01/28,570,570,550,551,1900,551,1
2013/02/05,554,564,554,556,900,556,1
2013/02/06,556,556,556,556,500,556,1
2013/02/07,556,556,556,556,500,556,1
2013/02/08,556,556,556,556,500,556,1
2013/02/12,556,558,556,558,600,558,1
2013/02/13,558,558,558,558,300,558,1
2013/02/14,555,555,555,555,100,555,1
2013/02/15,558,558,554,558,900,558,1
2013/02/18,552,552,552,552,2000,552,1
2013/02/19,552,552,552,552,600,552,1
2013/02/20,552,552,552,552,800,552,1
2013/02/21,552,552,552,552,500,552,1
2013/02/22,560,565,560,565,1200,565,1
2013/02/25,564,564,563,563,4100,563,1
2013/02/28,553,553,553,553,100,553,1
2013/03/04,552,552,552,552,1000,552,1
2013/03/08,551,551,551,551,1100,551,1
2013/03/11,559,559,559,559,200,559,1
2013/03/12,559,561,559,561,800,561,1
2013/03/15,562,562,558,562,1300,562,1
2013/03/18,560,560,560,560,1700,560,1
2013/03/19,560,560,560,560,100,560,1
2013/03/21,570,570,552,556,1900,556,1
2013/03/22,560,560,551,551,1200,551,1
2013/03/25,579,579,579,579,3900,579,1
2013/03/27,552,552,552,552,800,552,1
2013/04/01,533,533,533,533,1000,533,1
2013/04/02,525,525,525,525,1000,525,1
2013/04/03,550,550,550,550,1100,550,1
2013/04/04,530,530,530,530,1000,530,1
2013/04/05,553,553,533,533,1200,533,1
2013/04/08,550,550,533,533,1100,533,1
2013/04/09,530,530,530,530,1000,530,1
2013/04/10,530,530,520,520,1100,520,1
2013/04/11,533,534,525,525,1400,525,1
2013/04/12,525,525,525,525,1600,525,1
2013/04/15,525,525,519,519,1300,519,1
2013/04/16,519,519,519,519,500,519,1
2013/04/17,519,533,515,530,900,530,1
2013/04/18,520,520,518,518,2400,518,1
2013/04/19,517,518,517,518,700,518,1
2013/04/22,519,519,519,519,900,519,1
2013/04/23,520,520,519,519,500,519,1
2013/04/24,529,529,520,529,800,529,1
2013/04/25,518,519,518,519,4200,519,1
2013/04/26,519,530,519,530,200,530,1
2013/05/01,535,535,535,535,900,535,1
2013/05/02,528,528,528,528,800,528,1
2013/05/07,528,528,528,528,700,528,1
2013/05/08,511,520,511,518,1200,518,1
2013/05/09,518,518,516,516,1000,516,1
2013/05/10,516,516,514,514,1800,514,1
2013/05/13,512,512,511,511,1400,511,1
2013/05/14,511,511,500,503,2700,503,1
2013/05/15,507,507,505,505,1000,505,1
2013/05/16,505,513,505,513,1600,513,1
2013/05/17,506,509,500,509,1700,509,1
2013/05/20,507,507,489,500,5000,500,1
2013/05/21,502,503,495,500,3000,500,1
2013/05/22,500,500,495,495,3100,495,1
2013/05/23,495,495,495,495,2200,495,1
2013/05/24,495,495,495,495,600,495,1
2013/05/27,500,500,500,500,4300,500,1
2013/05/28,500,500,500,500,100,500,1
2013/05/31,500,500,500,500,300,500,1
2013/06/04,482,482,472,472,900,472,1
2013/06/05,474,474,474,474,500,474,1
2013/06/06,474,474,474,474,500,474,1
2013/06/07,474,474,473,473,400,473,1
2013/06/10,441,473,441,473,1500,473,1
2013/06/12,469,469,469,469,100,469,1
2013/06/14,455,457,455,455,2400,455,1
2013/06/18,455,455,455,455,2200,455,1
2013/06/19,455,455,455,455,500,455,1
2013/06/20,463,463,463,463,900,463,1
2013/06/21,450,450,450,450,1300,450,1
2013/06/24,484,484,456,461,1400,461,1
2013/06/25,477,477,461,476,4800,476,1
2013/06/27,461,461,461,461,100,461,1
2013/06/28,457,457,457,457,100,457,1
2013/07/01,472,472,450,460,4000,460,1
2013/07/02,461,461,461,461,100,461,1
2013/07/03,479,482,479,480,2200,480,1
2013/07/04,483,484,483,484,200,484,1
2013/07/05,497,497,497,497,5900,497,1
2013/07/09,473,473,473,473,100,473,1
2013/07/11,465,465,460,460,2000,460,1
2013/07/17,475,478,475,478,300,478,1
2013/07/18,480,480,480,480,1900,480,1
2013/07/19,473,475,473,475,300,475,1
2013/07/22,496,496,496,496,1900,496,1
2013/07/23,480,496,480,496,500,496,1
2013/07/24,495,496,495,496,500,496,1
2013/07/25,499,499,475,485,5100,485,1
2013/07/26,473,473,473,473,500,473,1
2013/07/29,467,467,467,467,300,467,1
2013/08/01,460,460,460,460,400,460,1
2013/08/06,460,460,460,460,500,460,1
2013/08/08,483,487,483,487,1400,487,1
2013/08/09,484,484,455,460,2300,460,1
2013/08/12,460,460,460,460,100,460,1
2013/08/13,452,452,452,452,4200,452,1
2013/08/15,452,452,452,452,1100,452,1
2013/08/19,468,468,468,468,4300,468,1
2013/08/20,491,491,491,491,800,491,1
2013/08/21,475,475,475,475,100,475,1
2013/08/22,475,475,473,475,800,475,1
2013/08/23,480,490,480,490,900,490,1
2013/08/26,498,498,498,498,4300,498,1
2013/08/29,474,475,474,475,1200,475,1
2013/09/02,468,468,467,467,2100,467,1
2013/09/03,467,467,467,467,500,467,1
2013/09/04,467,467,467,467,500,467,1
2013/09/05,467,467,467,467,500,467,1
2013/09/06,467,469,467,469,800,469,1
2013/09/09,490,490,475,483,4900,483,1
2013/09/10,484,484,476,476,1200,476,1
2013/09/11,480,480,480,480,200,480,1
2013/09/13,484,484,475,475,400,475,1
2013/09/17,475,475,473,473,2000,473,1
2013/09/18,473,473,470,470,3600,470,1
2013/09/19,472,474,464,464,5200,464,1
2013/09/20,464,464,460,460,4400,460,1
2013/09/24,467,476,467,476,3100,476,1
2013/09/25,477,477,476,476,4800,476,1
2013/10/02,475,475,467,467,300,467,1
2013/10/03,467,469,467,469,1000,469,1
2013/10/04,469,476,469,469,800,469,1
2013/10/07,469,469,465,466,800,466,1
2013/10/08,466,470,466,470,1400,470,1
2013/10/09,469,469,469,469,100,469,1
2013/10/10,463,467,463,464,400,464,1
2013/10/11,464,464,464,464,800,464,1
2013/10/15,464,464,464,464,400,464,1
2013/10/16,463,464,460,460,2200,460,1
2013/10/17,464,468,464,468,500,468,1
2013/10/18,468,469,468,469,2200,469,1
2013/10/21,469,469,468,468,800,468,1
2013/10/22,468,468,468,468,700,468,1
2013/10/23,468,468,467,467,900,467,1
2013/10/24,467,467,461,467,2200,467,1
2013/10/25,461,461,458,458,6600,458,1
2013/10/29,455,455,455,455,100,455,1
2013/10/31,461,473,461,473,3600,473,1
2013/11/05,463,463,461,461,1500,461,1
2013/11/08,455,455,455,455,100,455,1
2013/11/11,415,446,415,446,6700,446,1
2013/11/12,454,454,436,436,700,436,1
2013/11/13,433,449,433,434,300,434,1
2013/11/15,440,448,440,448,200,448,1
2013/11/18,455,455,454,454,3100,454,1
2013/11/20,454,454,454,454,6600,454,1
2013/11/21,454,460,454,460,1700,460,1
2013/11/22,455,460,449,457,1400,457,1
2013/11/25,456,456,455,455,4900,455,1
2013/11/26,447,447,447,447,100,447,1
2013/11/27,451,451,451,451,100,451,1
2013/11/28,447,475,447,475,2300,475,1
2013/11/29,475,495,474,495,2700,495,1
2013/12/02,485,485,484,485,1500,485,1
2013/12/03,475,480,475,480,500,480,1
2013/12/04,480,480,464,480,1800,480,1
2013/12/05,480,480,472,479,600,479,1
2013/12/06,471,471,471,471,400,471,1
2013/12/09,471,472,471,471,1400,471,1
2013/12/10,471,471,471,471,1800,471,1
2013/12/11,467,467,467,467,100,467,1
2013/12/12,467,469,467,469,700,469,1
2013/12/13,464,464,460,460,1400,460,1
2013/12/16,457,457,457,457,100,457,1
2013/12/17,460,460,460,460,300,460,1
2013/12/18,460,460,460,460,1800,460,1
2013/12/19,460,460,458,458,500,458,1
2013/12/20,460,460,456,456,3500,456,1
2013/12/24,456,464,456,464,1700,464,1
2013/12/25,463,463,436,446,7600,446,1
2013/12/26,446,450,446,446,800,446,1
2013/12/27,447,447,447,447,100,447,1
2013/12/30,455,455,455,455,400,455,1
2014/01/06,452,452,452,452,500,452,1
2014/01/07,460,460,452,459,600,459,1
2014/01/08,459,460,454,454,1300,454,1
2014/01/09,454,454,454,454,600,454,1
2014/01/10,454,454,454,454,600,454,1
2014/01/14,454,460,454,460,600,460,1
2014/01/15,460,460,460,460,1100,460,1
2014/01/16,460,470,460,470,800,470,1
2014/01/17,470,474,470,472,900,472,1
2014/01/20,459,459,455,455,4100,455,1
2014/01/21,469,476,469,470,1200,470,1
2014/01/22,454,457,450,450,5900,450,1
2014/01/23,451,451,445,447,8000,447,1
2014/01/24,447,447,439,447,1700,447,1
2014/01/27,444,444,440,441,5300,441,1
2014/01/28,438,438,436,436,1100,436,1
2014/01/29,436,465,436,456,3000,456,1
2014/02/03,448,455,448,455,500,455,1
2014/02/04,433,455,433,455,2100,455,1
2014/02/05,440,440,440,440,200,440,1
2014/02/07,440,440,436,436,900,436,1
2014/02/10,440,441,436,436,5100,436,1
2014/02/12,436,436,435,436,1100,436,1
2014/02/17,429,436,428,428,4100,428,1
2014/02/18,450,450,450,450,7600,450,1
2014/02/19,450,452,450,452,700,452,1
2014/02/20,452,455,452,455,1800,455,1
2014/02/21,450,455,450,455,1600,455,1
2014/02/24,455,455,455,455,600,455,1
2014/02/25,463,463,455,455,5800,455,1
2014/03/03,455,476,455,476,700,476,1
2014/03/04,470,470,470,470,800,470,1
2014/03/05,470,470,470,470,100,470,1
2014/03/06,469,470,469,470,2500,470,1
2014/03/07,454,461,450,456,2100,456,1
2014/03/10,462,464,462,464,300,464,1
2014/03/12,462,462,462,462,100,462,1
2014/03/13,464,464,464,464,100,464,1
2014/03/14,464,464,464,464,300,464,1
2014/03/17,470,470,469,470,500,470,1
2014/03/18,475,477,475,477,3900,477,1
2014/03/19,477,477,461,466,2700,466,1
2014/03/20,478,478,470,471,1000,471,1
2014/03/24,476,481,476,481,700,481,1
2014/03/25,506,506,506,506,4200,506,1
2014/03/26,505,505,505,505,100,505,1
2014/03/27,460,460,444,460,4100,460,1
2014/03/28,460,460,452,452,600,452,1
2014/04/01,460,460,460,460,300,460,1
2014/04/03,470,471,462,465,2500,465,1
2014/04/09,466,466,465,465,1000,465,1
2014/04/10,465,465,458,458,1400,458,1
2014/04/11,458,458,458,458,400,458,1
2014/04/15,472,476,472,476,300,476,1
2014/04/16,480,480,471,473,5400,473,1
2014/04/17,479,488,479,488,300,488,1
2014/04/18,480,483,480,483,2200,483,1
2014/04/21,483,483,475,475,900,475,1
2014/04/22,475,475,475,475,500,475,1
2014/04/23,477,480,477,480,900,480,1
2014/04/24,486,488,486,488,1500,488,1
2014/04/25,493,493,493,493,4100,493,1
2014/05/01,476,476,476,476,200,476,1
2014/05/02,476,476,476,476,500,476,1
2014/05/08,476,484,454,454,2100,454,1
2014/05/09,455,455,455,455,800,455,1
2014/05/12,455,455,455,455,1500,455,1
2014/05/13,456,456,435,437,2600,437,1
2014/05/15,453,453,451,451,400,451,1
2014/05/16,450,451,450,451,600,451,1
2014/05/19,467,467,461,461,3700,461,1
2014/05/20,469,469,469,469,700,469,1
2014/05/22,469,469,459,460,1200,460,1
2014/05/23,469,474,469,470,2700,470,1
2014/05/26,470,470,470,470,4400,470,1
2014/05/27,462,462,450,450,1400,450,1
2014/05/29,450,450,450,450,1000,450,1
2014/06/02,450,450,450,450,3100,450,1
2014/06/03,450,450,450,450,600,450,1
2014/06/04,450,450,450,450,600,450,1
2014/06/05,450,450,450,450,500,450,1
2014/06/06,450,450,450,450,500,450,1
2014/06/09,450,460,450,460,700,460,1
2014/06/10,452,452,452,452,100,452,1
2014/06/11,456,499,456,499,2500,499,1
2014/06/12,500,570,500,530,22100,530,1
2014/06/13,525,530,485,530,10600,530,1
2014/06/16,500,510,487,487,4400,487,1
2014/06/17,480,485,470,485,2800,485,1
2014/06/18,492,492,486,486,2500,486,1
2014/06/19,486,494,486,494,700,494,1
2014/06/20,496,496,476,477,3300,477,1
2014/06/23,484,490,478,478,1300,478,1
2014/06/24,486,493,483,490,1900,490,1
2014/06/25,500,500,500,500,4300,500,1
2014/06/27,483,483,483,483,200,483,1
2014/07/01,498,498,492,492,900,492,1
2014/07/02,500,501,494,495,3700,495,1
2014/07/03,494,512,494,512,1300,512,1
2014/07/04,492,508,492,505,1800,505,1
2014/07/07,500,500,494,495,2000,495,1
2014/07/09,487,487,472,472,1700,472,1
2014/07/14,475,475,472,472,800,472,1
2014/07/15,488,488,488,488,400,488,1
2014/07/17,481,490,481,490,800,490,1
2014/07/18,490,490,482,482,2000,482,1
2014/07/22,498,498,498,498,2200,498,1
2014/07/23,494,494,494,494,500,494,1
2014/07/24,494,495,494,495,600,495,1
2014/07/25,495,495,495,495,6800,495,1
2014/07/29,495,495,495,495,500,495,1
2014/07/31,487,487,482,482,1000,482,1
2014/08/04,482,482,477,477,600,477,1
2014/08/05,477,480,477,480,600,480,1
2014/08/06,480,480,480,480,500,480,1
2014/08/08,470,470,470,470,300,470,1
2014/08/11,470,470,470,470,600,470,1
2014/08/12,475,476,475,475,2400,475,1
2014/08/15,483,494,483,494,400,494,1
2014/08/18,494,494,494,494,1800,494,1
2014/08/19,493,493,493,493,100,493,1
2014/08/20,493,493,493,493,700,493,1
2014/08/21,493,493,493,493,500,493,1
2014/08/22,493,495,482,490,2300,490,1
2014/08/25,490,490,490,490,4000,490,1
2014/08/26,483,490,482,482,400,482,1
2014/08/27,470,470,470,470,1000,470,1
2014/08/28,478,478,478,478,200,478,1
2014/09/01,480,480,480,480,200,480,1
2014/09/03,480,480,475,475,900,475,1
2014/09/04,474,474,474,474,100,474,1
2014/09/05,474,474,470,470,200,470,1
2014/09/08,470,470,460,460,1900,460,1
2014/09/09,457,457,457,457,100,457,1
2014/09/12,460,460,460,460,400,460,1
2014/09/16,476,476,463,463,500,463,1
2014/09/17,463,468,463,468,600,468,1
2014/09/18,476,476,475,475,4200,475,1
2014/09/19,475,475,475,475,500,475,1
2014/09/22,475,475,472,472,900,472,1
2014/09/24,472,479,471,479,2400,479,1
2014/09/25,500,500,500,500,3800,500,1
2014/09/26,530,530,487,487,500,487,1
2014/10/09,466,466,465,465,1500,465,1
2014/10/14,466,466,466,466,200,466,1
2014/10/15,472,475,472,475,300,475,1
2014/10/17,481,481,480,480,200,480,1
2014/10/20,500,500,499,499,2600,499,1
2014/10/21,475,475,475,475,100,475,1
2014/10/22,475,475,475,475,500,475,1
2014/10/23,480,487,480,487,600,487,1
2014/10/24,488,500,488,500,2300,500,1
2014/10/27,525,526,525,525,3700,525,1
2014/11/10,525,525,525,525,300,525,1
2014/11/11,505,505,491,499,1800,499,1
2014/11/12,491,491,490,490,1000,490,1
2014/11/13,490,490,490,490,300,490,1
2014/11/14,500,500,500,500,400,500,1
2014/11/17,520,520,510,520,900,520,1
2014/11/18,510,510,495,503,2400,503,1
2014/11/19,503,513,503,513,600,513,1
2014/11/20,506,509,486,486,3400,486,1
2014/11/21,490,511,490,511,2500,511,1
2014/11/25,501,501,501,501,3600,501,1
2014/11/26,495,496,495,495,600,495,1
2014/12/01,500,500,500,500,1000,500,1
2014/12/04,493,493,492,492,800,492,1
2014/12/05,492,492,492,492,100,492,1
2014/12/08,485,485,485,485,1000,485,1
2014/12/09,488,488,472,472,2000,472,1
2014/12/10,490,490,480,480,3200,480,1
2014/12/11,476,478,476,478,800,478,1
2014/12/12,476,479,476,478,3200,478,1
2014/12/15,478,479,478,479,1100,479,1
2014/12/16,479,479,477,477,400,477,1
2014/12/17,475,480,475,479,600,479,1
2014/12/18,480,480,480,480,1900,480,1
2014/12/19,476,480,476,480,1800,480,1
2014/12/22,480,495,480,495,7000,495,1
2014/12/24,495,495,490,490,1600,490,1
2014/12/25,490,490,482,482,4200,482,1
2014/12/26,480,480,480,480,100,480,1
2014/12/30,480,490,480,490,1300,490,1
2015/01/06,485,485,485,485,100,485,1
2015/01/07,480,480,480,480,100,480,1
2015/01/08,481,495,480,494,3000,494,1
2015/01/14,490,490,488,490,1000,490,1
2015/01/16,490,490,480,486,2700,486,1
2015/01/19,489,489,480,480,2800,480,1
2015/01/20,487,487,479,479,1000,479,1
2015/01/21,479,479,475,475,1900,475,1
2015/01/22,475,475,475,475,1200,475,1
2015/01/23,475,475,473,474,2000,474,1
2015/01/26,473,473,470,470,5100,470,1
2015/01/27,461,462,456,456,2300,456,1
2015/01/28,457,460,457,460,200,460,1
2015/01/29,452,460,452,460,200,460,1
2015/02/03,452,452,450,450,1100,450,1
2015/02/04,450,450,450,450,500,450,1
2015/02/06,450,450,443,443,500,443,1
2015/02/09,447,447,447,447,500,447,1
2015/02/10,447,448,446,448,700,448,1
2015/02/13,448,448,435,435,3700,435,1
2015/02/16,450,455,448,450,1900,450,1
2015/02/17,454,460,450,460,3000,460,1
2015/02/18,458,460,456,460,3400,460,1
2015/02/19,457,457,457,457,400,457,1
2015/02/20,457,457,457,457,700,457,1
2015/02/23,457,457,457,457,700,457,1
2015/02/24,460,460,460,460,1000,460,1
2015/02/25,464,464,464,464,4600,464,1
2015/03/02,456,456,456,456,2000,456,1
2015/03/04,452,456,452,456,800,456,1
2015/03/05,456,456,456,456,500,456,1
2015/03/06,456,456,448,448,1100,448,1
2015/03/09,450,450,450,450,600,450,1
2015/03/10,450,450,450,450,500,450,1
2015/03/11,460,468,452,452,1300,452,1
2015/03/12,460,460,460,460,100,460,1
2015/03/13,462,462,461,461,200,461,1
2015/03/16,464,465,464,465,500,465,1
2015/03/17,465,465,465,465,1000,465,1
2015/03/18,463,463,458,458,3600,458,1
2015/03/19,461,465,461,465,800,465,1
2015/03/20,481,481,460,460,3600,460,1
2015/03/23,474,474,471,471,400,471,1
2015/03/24,471,472,470,472,3100,472,1
2015/03/25,469,469,469,469,3900,469,1
2015/03/26,461,461,461,461,800,461,1
2015/03/27,463,463,463,463,700,463,1
2015/03/30,468,469,468,469,600,469,1
2015/03/31,469,470,469,470,300,470,1
2015/04/01,462,462,454,454,1100,454,1
2015/04/02,455,459,455,459,1200,459,1
2015/04/03,467,489,456,458,2500,458,1
2015/04/06,451,466,451,466,1200,466,1
2015/04/07,474,474,456,456,800,456,1
2015/04/08,460,460,452,452,400,452,1
2015/04/09,460,468,460,468,600,468,1
2015/04/10,474,474,474,474,100,474,1
2015/04/13,469,469,468,468,200,468,1
2015/04/14,466,466,466,466,100,466,1
2015/04/15,467,474,466,466,500,466,1
2015/04/16,474,474,474,474,100,474,1
2015/04/17,473,473,472,472,200,472,1
2015/04/20,471,471,471,471,2600,471,1
2015/04/21,471,471,471,471,200,471,1
2015/04/22,470,470,469,469,1000,469,1
2015/04/23,469,469,467,467,700,467,1
2015/04/24,470,470,466,470,1500,470,1
2015/04/27,479,479,479,479,3900,479,1
2015/04/30,463,463,463,463,400,463,1
2015/05/01,463,479,463,479,500,479,1
2015/05/07,484,484,484,484,100,484,1
2015/05/12,474,474,474,474,700,474,1
2015/05/14,474,479,474,479,1400,479,1
2015/05/15,476,476,476,476,100,476,1
2015/05/18,483,483,476,476,1800,476,1
2015/05/19,476,476,476,476,600,476,1
2015/05/20,476,476,474,474,700,474,1
2015/05/21,474,474,472,472,700,472,1
2015/05/22,474,474,472,472,1500,472,1
2015/05/25,478,478,478,478,5100,478,1
2015/05/26,473,473,473,473,100,473,1
2015/05/27,472,473,472,473,200,473,1
2015/05/28,483,483,480,481,1200,481,1
2015/06/01,489,489,488,489,400,489,1
2015/06/02,495,495,495,495,200,495,1
2015/06/08,490,490,490,490,100,490,1
2015/06/09,480,485,479,479,1700,479,1
2015/06/12,476,476,476,476,100,476,1
2015/06/16,476,476,476,476,500,476,1
2015/06/17,475,476,475,476,900,476,1
2015/06/18,479,479,471,471,2700,471,1
2015/06/19,470,471,470,471,1500,471,1
2015/06/22,480,480,474,474,2200,474,1
2015/06/23,472,476,472,476,1400,476,1
2015/06/24,476,476,476,476,600,476,1
2015/06/25,479,479,479,479,3900,479,1
2015/06/26,479,479,478,478,400,478,1
2015/06/30,465,470,465,469,3500,469,1
2015/07/01,476,476,474,475,1800,475,1
2015/07/02,474,474,474,474,100,474,1
2015/07/03,470,470,470,470,100,470,1
2015/07/06,475,475,475,475,900,475,1
2015/07/08,475,475,475,475,100,475,1
2015/07/09,473,473,468,468,800,468,1
2015/07/10,467,467,467,467,500,467,1
2015/07/13,473,473,473,473,100,473,1
2015/07/14,473,510,473,507,5600,507,1
2015/07/15,506,506,486,500,3200,500,1
2015/07/16,491,507,491,507,1900,507,1
2015/07/17,498,500,498,500,500,500,1
2015/07/21,510,510,510,510,6800,510,1
2015/07/22,500,500,500,500,1100,500,1
2015/07/23,501,505,501,505,3200,505,1
2015/07/24,498,509,498,509,3500,509,1
2015/07/27,514,514,504,504,8300,504,1
2015/07/28,504,504,504,504,100,504,1
2015/07/29,505,505,505,505,100,505,1
2015/07/31,505,505,505,505,100,505,1
2015/08/03,500,500,500,500,500,500,1
2015/08/05,486,490,486,486,1400,486,1
2015/08/06,486,486,486,486,600,486,1
2015/08/07,486,486,462,472,2100,472,1
2015/08/10,472,472,455,455,4300,455,1
2015/08/11,447,477,447,450,3200,450,1
2015/08/12,445,452,445,445,2700,445,1
2015/08/14,469,469,469,469,100,469,1
2015/08/17,469,493,469,483,1000,483,1
2015/08/18,483,483,469,469,4500,469,1
2015/08/19,470,470,470,470,500,470,1
2015/08/20,470,470,462,462,1300,462,1
2015/08/21,461,462,458,462,500,462,1
2015/08/24,454,455,444,452,1600,452,1
2015/08/25,475,475,451,453,4500,453,1
2015/08/27,445,445,445,445,100,445,1
2015/09/01,450,450,450,450,600,450,1
2015/09/02,450,450,450,450,500,450,1
2015/09/03,450,450,450,450,500,450,1
2015/09/04,442,442,442,442,300,442,1
2015/09/07,442,442,442,442,500,442,1
2015/09/08,440,440,432,433,400,433,1
2015/09/09,441,441,441,441,400,441,1
2015/09/10,449,449,441,448,1000,448,1
2015/09/15,448,448,440,440,400,440,1
2015/09/16,440,440,440,440,600,440,1
2015/09/17,443,458,443,447,2300,447,1
2015/09/18,461,461,445,450,2200,450,1
2015/09/24,466,468,460,468,1800,468,1
2015/09/25,490,490,488,488,4100,488,1
2015/10/01,554,554,515,520,6000,520,1
2015/10/02,505,505,505,505,2500,505,1
2015/10/06,503,503,493,493,2000,493,1
2015/10/08,493,493,493,493,400,493,1
2015/10/09,493,493,487,487,400,487,1
2015/10/14,482,482,482,482,100,482,1
2015/10/15,480,482,480,482,700,482,1
2015/10/16,482,486,482,486,1300,486,1
2015/10/19,486,486,486,486,1400,486,1
2015/10/20,486,486,480,480,2300,480,1
2015/10/21,472,472,472,472,700,472,1
2015/10/23,479,479,479,479,1000,479,1
2015/10/26,486,490,486,490,3800,490,1
2015/10/27,468,473,468,473,2700,473,1
2015/11/04,478,478,478,478,100,478,1
2015/11/05,472,472,471,471,1200,471,1
2015/11/06,471,471,471,471,500,471,1
2015/11/09,471,471,471,471,600,471,1
2015/11/10,471,471,471,471,600,471,1
2015/11/11,471,471,465,465,1600,465,1
2015/11/12,477,494,472,472,1600,472,1
2015/11/13,480,480,480,480,100,480,1
2015/11/16,476,488,476,480,500,480,1
2015/11/17,476,483,476,483,700,483,1
2015/11/18,482,482,476,476,2300,476,1
2015/11/19,476,476,472,472,1400,472,1
2015/11/20,472,472,472,472,1500,472,1
2015/11/24,472,474,451,473,11400,473,1
2015/11/25,468,468,468,468,4100,468,1
2015/11/30,470,470,470,470,1200,470,1
2015/12/01,471,477,470,471,1900,471,1
2015/12/02,480,480,480,480,100,480,1
2015/12/03,472,472,472,472,100,472,1
2015/12/08,472,472,472,472,100,472,1
2015/12/14,499,506,473,477,5800,477,1
2015/12/15,477,477,474,474,2700,474,1
2015/12/16,479,479,471,471,2300,471,1
2015/12/17,472,475,472,475,600,475,1
2015/12/18,476,476,470,470,2700,470,1
2015/12/21,477,477,469,469,2800,469,1
2015/12/22,470,470,467,467,200,467,1
2015/12/24,464,470,464,470,2500,470,1
2015/12/25,462,462,448,448,5900,448,1
2015/12/28,450,458,450,458,400,458,1
2015/12/29,465,465,465,465,100,465,1
2015/12/30,457,472,457,472,900,472,1
2016/01/07,470,470,470,470,200,470,1
2016/01/08,454,454,454,454,500,454,1
2016/01/12,457,457,456,456,900,456,1
2016/01/13,456,456,456,456,600,456,1
2016/01/18,468,468,467,467,1800,467,1
2016/01/20,466,467,466,467,1300,467,1
2016/01/21,459,459,459,459,100,459,1
2016/01/22,459,459,459,459,300,459,1
2016/01/25,474,474,459,459,5300,459,1
2016/01/28,459,459,459,459,600,459,1
2016/01/29,451,451,451,451,200,451,1
2016/02/03,451,451,451,451,500,451,1
2016/02/05,451,451,451,451,100,451,1
2016/02/08,450,450,450,450,200,450,1
2016/02/09,442,442,430,436,1300,436,1
2016/02/10,450,450,450,450,100,450,1
2016/02/12,442,442,427,438,1500,438,1
2016/02/15,442,442,434,434,400,434,1
2016/02/16,434,442,434,440,1200,440,1
2016/02/17,440,441,440,441,600,441,1
2016/02/18,441,441,436,436,1800,436,1
2016/02/19,435,435,427,427,300,427,1
2016/02/22,443,444,443,444,1600,444,1
2016/02/23,453,453,437,437,1200,437,1
2016/02/24,445,453,437,437,1500,437,1
2016/02/25,459,459,430,430,10600,430,1
2016/02/26,458,466,440,440,400,440,1
2016/03/01,472,472,447,450,600,450,1
2016/03/02,450,450,450,450,200,450,1
2016/03/03,440,441,435,435,5900,435,1
2016/03/04,435,440,434,434,1900,434,1
2016/03/07,434,434,434,434,600,434,1
2016/03/08,434,440,434,439,700,439,1
2016/03/09,438,438,438,438,500,438,1
2016/03/10,438,438,435,438,1200,438,1
2016/03/11,439,439,439,439,100,439,1
2016/03/14,440,440,439,439,200,439,1
2016/03/15,440,441,435,441,1200,441,1
2016/03/17,440,440,438,440,1000,440,1
2016/03/18,440,440,440,440,2000,440,1
2016/03/22,446,446,446,446,1200,446,1
2016/03/23,444,444,440,440,900,440,1
2016/03/24,436,443,435,440,1700,440,1
2016/03/25,439,439,438,438,4600,438,1
2016/03/29,441,441,433,433,200,433,1
2016/03/30,433,433,433,433,100,433,1
2016/04/08,436,437,436,437,1300,437,1
2016/04/11,421,421,421,421,100,421,1
2016/04/13,436,438,436,438,600,438,1
2016/04/15,441,449,441,449,700,449,1
2016/04/18,448,448,440,440,2800,440,1
2016/04/19,440,441,439,440,2400,440,1
2016/04/20,440,440,440,440,1200,440,1
2016/04/21,441,442,440,440,2800,440,1
2016/04/22,440,440,437,439,1100,439,1
2016/04/25,440,440,440,440,4200,440,1
2016/04/26,438,438,435,435,500,435,1
2016/04/28,435,435,435,435,400,435,1
2016/05/02,436,436,432,435,1000,435,1
2016/05/09,437,437,437,437,400,437,1
2016/05/10,435,435,430,430,300,430,1
2016/05/11,422,425,422,423,1100,423,1
2016/05/12,423,423,423,423,500,423,1
2016/05/13,423,424,423,424,600,424,1
2016/05/16,424,424,422,422,1400,422,1
2016/05/17,425,425,423,425,2300,425,1
2016/05/18,425,445,425,438,6400,438,1
2016/05/19,422,425,418,425,4900,425,1
2016/05/20,433,433,423,425,2900,425,1
2016/05/23,425,425,425,425,500,425,1
2016/05/24,425,435,425,434,1600,434,1
2016/05/25,426,426,420,420,4900,420,1
2016/05/26,420,420,420,420,600,420,1
2016/05/30,420,420,418,418,900,418,1
2016/05/31,418,418,418,418,200,418,1
2016/06/01,411,417,411,416,2400,416,1
2016/06/02,416,416,413,413,1800,413,1
2016/06/03,411,411,404,404,1800,404,1
2016/06/06,404,404,404,404,500,404,1
2016/06/07,404,404,403,404,600,404,1
2016/06/08,400,400,399,399,800,399,1
2016/06/09,403,403,403,403,100,403,1
2016/06/13,403,403,403,403,500,403,1
2016/06/14,403,403,403,403,600,403,1
2016/06/15,403,403,395,403,900,403,1
2016/06/16,403,403,400,400,900,400,1
2016/06/17,400,400,400,400,500,400,1
2016/06/20,420,420,420,420,3300,420,1
2016/06/23,420,425,420,425,400,425,1
2016/06/24,426,426,417,421,1600,421,1
2016/06/27,442,442,420,420,4700,420,1
2016/07/01,416,422,411,422,800,422,1
2016/07/05,435,445,435,445,900,445,1
2016/07/06,440,440,440,440,200,440,1
2016/07/07,432,432,432,432,100,432,1
2016/07/12,443,455,443,455,500,455,1
2016/07/13,456,456,444,444,800,444,1
2016/07/15,444,452,431,446,1900,446,1
2016/07/19,446,449,446,449,5300,449,1
2016/07/20,457,457,449,449,5900,449,1
2016/07/21,441,443,435,435,1600,435,1
2016/07/22,443,456,437,456,3200,456,1
2016/07/25,464,464,464,464,9300,464,1
2016/08/01,440,440,433,434,500,434,1
2016/08/03,434,434,434,434,500,434,1
2016/08/05,426,429,426,429,2200,429,1
2016/08/08,429,429,429,429,500,429,1
2016/08/09,429,429,429,429,500,429,1
2016/08/12,448,448,448,448,100,448,1
2016/08/17,443,445,442,445,700,445,1
2016/08/18,441,441,441,441,2200,441,1
2016/08/19,437,441,437,441,600,441,1
2016/08/22,441,441,440,440,1800,440,1
2016/08/23,448,448,448,448,200,448,1
2016/08/24,450,465,450,465,1100,465,1
2016/08/25,480,480,470,470,4700,470,1
2016/08/31,470,470,470,470,100,470,1
2016/09/01,470,470,470,470,100,470,1
2016/09/09,472,472,472,472,300,472,1
2016/09/13,472,472,472,472,100,472,1
2016/09/15,472,472,464,464,600,464,1
2016/09/16,464,464,464,464,800,464,1
2016/09/20,488,488,456,456,6000,456,1
2016/09/21,464,464,464,464,100,464,1
2016/09/23,470,470,460,462,3600,462,1
2016/09/26,459,459,447,447,4400,447,1
2016/09/27,440,440,440,440,100,440,1
2016/09/28,440,440,440,440,900,440,1
2016/10/03,445,445,438,440,1800,440,1
2016/10/04,435,440,435,435,1700,435,1
2016/10/06,440,448,440,448,700,448,1
2016/10/12,440,440,440,440,1100,440,1
2016/10/13,440,448,440,446,800,446,1
2016/10/14,450,450,440,440,700,440,1
2016/10/17,440,462,440,453,1900,453,1
2016/10/18,445,446,443,446,3000,446,1
2016/10/19,446,446,443,443,800,443,1
2016/10/20,443,443,443,443,1400,443,1
2016/10/21,445,455,441,441,3800,441,1
2016/10/24,449,464,449,463,1200,463,1
2016/10/25,455,455,455,455,4100,455,1
2016/10/26,447,447,447,447,100,447,1
2016/10/27,447,447,447,447,100,447,1
2016/10/31,442,442,442,442,300,442,1
2016/11/07,444,450,444,450,700,450,1
2016/11/08,444,444,442,442,4000,442,1
2016/11/09,443,443,438,438,1600,438,1
2016/11/10,438,438,438,438,500,438,1
2016/11/14,442,442,442,442,100,442,1
2016/11/15,442,445,442,445,3000,445,1
2016/11/16,453,453,453,453,100,453,1
2016/11/17,453,456,453,456,700,456,1
2016/11/18,456,456,451,451,2400,451,1
2016/11/21,451,451,451,451,1000,451,1
2016/11/22,451,452,451,452,800,452,1
2016/11/24,452,463,452,463,900,463,1
2016/11/25,468,468,460,460,5100,460,1
2016/12/01,457,457,456,456,1000,456,1
2016/12/02,456,456,454,454,1600,454,1
2016/12/05,454,454,454,454,500,454,1
2016/12/06,454,454,454,454,500,454,1
2016/12/07,448,448,448,448,200,448,1
2016/12/08,448,460,448,453,900,453,1
2016/12/09,449,449,449,449,1000,449,1
2016/12/12,450,450,450,450,1000,450,1
2016/12/14,454,455,454,455,400,455,1
2016/12/15,449,449,449,449,300,449,1
2016/12/16,449,449,448,448,200,448,1
2016/12/19,445,448,441,442,4200,442,1
2016/12/20,448,448,441,441,3000,441,1
2016/12/21,443,447,443,447,300,447,1
2016/12/22,447,447,443,446,2300,446,1
2016/12/26,443,447,440,447,4400,447,1
2016/12/28,449,449,449,449,200,449,1
2016/12/29,450,450,442,442,300,442,1
2016/12/30,443,443,443,443,300,443,1
2017/01/04,451,451,448,449,700,449,1
2017/01/06,449,449,449,449,200,449,1
2017/01/10,445,445,445,445,500,445,1
2017/01/11,445,445,445,445,500,445,1
2017/01/12,445,445,445,445,1800,445,1
2017/01/13,445,448,445,448,600,448,1
2017/01/16,448,448,448,448,100,448,1
2017/01/17,448,448,448,448,200,448,1
2017/01/18,448,449,448,449,2300,449,1
2017/01/19,441,448,441,448,1100,448,1
2017/01/20,446,446,446,446,1200,446,1
2017/01/23,446,446,446,446,100,446,1
2017/01/24,446,450,443,450,2900,450,1
2017/01/25,473,473,454,454,5000,454,1
2017/01/27,448,456,448,455,800,455,1
2017/01/30,452,452,452,452,1000,452,1
2017/01/31,466,466,454,454,200,454,1
2017/02/01,452,454,452,454,700,454,1
2017/02/03,450,450,450,450,1000,450,1
2017/02/06,450,450,450,450,500,450,1
2017/02/08,450,450,450,450,500,450,1
2017/02/10,449,449,449,449,200,449,1
2017/02/13,448,459,448,459,1200,459,1
2017/02/14,454,456,454,456,200,456,1
2017/02/15,455,455,454,454,200,454,1
2017/02/16,454,454,454,454,600,454,1
2017/02/17,454,454,453,454,800,454,1
2017/02/20,458,460,455,456,7100,456,1
2017/02/21,456,465,456,460,1400,460,1
2017/02/22,460,464,460,464,1000,464,1
2017/02/23,465,475,464,474,3600,474,1
2017/02/24,471,478,471,475,1300,475,1
2017/02/27,499,555,499,555,26300,555,1
2017/02/28,655,655,636,655,30500,655,1
2017/03/01,755,755,751,755,49400,755,1
2017/03/02,785,905,785,905,333400,905,1
2017/03/03,1040,1055,870,890,361200,890,1
2017/03/06,815,850,763,770,175500,770,1
2017/03/07,800,920,793,920,429600,920,1
2017/03/08,864,880,813,823,134200,823,1
2017/03/09,808,815,755,756,59800,756,1
2017/03/10,766,774,725,728,40300,728,1
2017/03/13,718,722,705,705,17200,705,1
2017/03/14,705,739,655,701,84700,701,1
2017/03/15,690,693,678,678,22100,678,1
2017/03/16,678,678,656,678,21500,678,1
2017/03/17,665,674,663,669,13600,669,1
2017/03/21,670,714,670,683,27500,683,1
2017/03/22,671,679,671,674,9800,674,1
2017/03/23,694,695,671,676,13800,676,1
2017/03/24,676,676,635,667,18000,667,1
2017/03/27,679,680,645,645,10200,645,1
2017/03/28,639,650,638,645,6700,645,1
2017/03/29,650,650,643,643,2600,643,1
2017/03/30,635,635,601,610,13700,610,1
2017/03/31,614,621,608,610,5900,610,1
2017/04/03,605,615,590,591,11700,591,1
2017/04/04,591,605,572,572,8100,572,1
2017/04/05,602,615,581,581,10300,581,1
2017/04/06,598,600,560,567,8500,567,1
2017/04/07,590,619,571,573,16000,573,1
2017/04/10,575,584,574,574,1000,574,1
2017/04/11,562,562,550,556,6700,556,1
2017/04/12,550,554,532,552,5900,552,1
2017/04/13,542,565,542,551,7100,551,1
2017/04/14,542,552,542,546,2500,546,1
2017/04/17,549,580,549,580,3600,580,1
2017/04/18,580,580,572,573,2400,573,1
2017/04/19,575,580,566,579,5100,579,1
2017/04/20,576,590,575,590,7300,590,1
2017/04/21,588,588,566,578,4900,578,1
2017/04/24,578,588,578,585,1900,585,1
2017/04/25,585,585,576,584,3600,584,1
2017/04/26,574,579,569,569,7800,569,1
2017/04/27,566,572,563,569,2100,569,1
2017/04/28,566,570,562,562,2500,562,1
2017/05/01,571,574,563,569,2800,569,1
2017/05/02,572,572,569,571,700,571,1
2017/05/08,575,577,571,575,3000,575,1
2017/05/09,581,610,578,592,8100,592,1
2017/05/10,590,606,580,597,1800,597,1
2017/05/11,606,606,590,598,1200,598,1
2017/05/12,611,611,596,607,6200,607,1
2017/05/15,607,607,583,591,7800,591,1
2017/05/16,584,592,577,590,7100,590,1
2017/05/17,588,610,588,594,4700,594,1
2017/05/18,600,609,590,591,7900,591,1
2017/05/19,590,590,579,590,7300,590,1
2017/05/22,614,614,581,581,14000,581,1
2017/05/23,582,583,555,567,12400,567,1
2017/05/24,567,571,562,569,8800,569,1
2017/05/25,562,563,557,561,6800,561,1
2017/05/26,557,562,556,562,2100,562,1
2017/05/29,559,559,554,558,3700,558,1
2017/05/30,555,567,555,558,6300,558,1
2017/05/31,553,558,552,558,1800,558,1
2017/06/01,558,558,551,552,4300,552,1
2017/06/02,554,554,549,549,4000,549,1
2017/06/05,556,556,549,549,1800,549,1
2017/06/06,554,554,530,541,7700,541,1
2017/06/07,535,542,535,537,8100,537,1
2017/06/08,540,541,538,538,1800,538,1
2017/06/09,538,539,538,539,900,539,1
2017/06/12,529,539,516,527,8600,527,1
2017/06/13,532,532,522,525,2700,525,1
2017/06/14,520,529,518,523,5400,523,1
2017/06/15,518,525,518,525,1000,525,1
2017/06/16,524,525,519,525,900,525,1
2017/06/19,529,531,526,528,4500,528,1
2017/06/20,528,528,525,527,2300,527,1
2017/06/21,530,530,529,530,3300,530,1
2017/06/22,530,536,530,533,3900,533,1
2017/06/23,533,533,523,533,5200,533,1
2017/06/26,528,538,518,528,8400,528,1
2017/06/27,526,528,523,528,2100,528,1
2017/06/28,524,525,524,525,300,525,1
2017/06/29,522,529,522,524,3000,524,1
2017/06/30,525,529,524,528,1600,528,1
2017/07/03,528,528,522,528,3800,528,1
2017/07/04,526,526,524,524,800,524,1
2017/07/05,524,532,524,527,2200,527,1
2017/07/06,532,532,532,532,200,532,1
2017/07/07,535,537,530,530,3000,530,1
2017/07/10,535,535,528,531,1800,531,1
2017/07/11,539,539,529,535,5400,535,1
2017/07/12,532,537,527,537,5000,537,1
2017/07/13,529,534,528,534,1700,534,1
2017/07/14,528,531,528,530,2000,530,1
2017/07/18,531,532,520,531,10200,531,1
2017/07/19,526,532,526,532,2900,532,1
2017/07/20,532,532,530,532,4700,532,1
2017/07/21,533,535,532,532,1900,532,1
2017/07/24,532,540,532,540,4400,540,1
2017/07/25,538,540,534,539,8900,539,1
2017/07/26,540,540,535,540,700,540,1
2017/07/27,536,542,536,536,6000,536,1
2017/07/28,541,542,531,536,2800,536,1
2017/07/31,529,533,526,527,1400,527,1
2017/08/01,527,532,523,530,3100,530,1
2017/08/02,531,531,530,530,200,530,1
2017/08/03,532,543,528,528,7900,528,1
2017/08/04,528,536,528,536,700,536,1
2017/08/07,536,537,531,537,4000,537,1
2017/08/08,531,540,531,540,3200,540,1
2017/08/09,528,530,523,524,4000,524,1
2017/08/10,524,524,517,518,2900,518,1
2017/08/14,514,514,464,482,21700,482,1
2017/08/15,476,493,476,488,6100,488,1
2017/08/16,485,485,482,483,1100,483,1
2017/08/17,484,488,478,488,2800,488,1
2017/08/18,487,487,479,486,2700,486,1
2017/08/21,488,488,484,485,2200,485,1
2017/08/22,491,492,487,491,1300,491,1
2017/08/23,491,491,487,487,1300,487,1
2017/08/24,491,494,491,491,1200,491,1
2017/08/25,490,492,490,492,3800,492,1
2017/08/28,492,492,490,490,3200,490,1
2017/08/29,488,491,488,488,1700,488,1
2017/08/30,496,496,488,489,800,489,1
2017/08/31,488,488,485,485,4900,485,1
2017/09/01,481,492,481,486,2400,486,1
2017/09/04,486,520,484,490,34000,490,1
2017/09/05,487,520,482,486,23600,486,1
2017/09/06,486,519,480,486,18500,486,1
2017/09/07,488,495,485,487,4100,487,1
2017/09/08,488,496,488,495,1200,495,1
2017/09/11,494,500,490,490,6500,490,1
2017/09/12,498,498,490,492,5600,492,1
2017/09/13,503,505,499,501,5100,501,1
2017/09/14,500,504,494,496,1800,496,1
2017/09/15,494,501,493,496,5600,496,1
2017/09/19,506,506,492,500,5400,500,1
2017/09/20,504,504,497,500,2400,500,1
2017/09/21,498,502,497,502,2400,502,1
2017/09/22,500,505,495,504,3100,504,1
2017/09/25,504,504,496,496,3400,496,1
2017/09/26,497,497,497,497,100,497,1
2017/09/27,505,505,505,505,100,505,1
2017/09/28,505,505,497,497,400,497,1
2017/09/29,495,499,490,499,2900,499,1
2017/10/02,499,499,488,488,3400,488,1
2017/10/03,488,490,488,490,200,490,1
2017/10/04,492,497,488,497,2200,497,1
2017/10/05,498,498,495,495,1000,495,1
2017/10/06,492,575,492,528,196200,528,1
2017/10/10,538,548,515,546,35700,546,1
2017/10/11,540,558,540,548,14100,548,1
2017/10/12,550,552,540,540,10700,540,1
2017/10/13,540,540,525,527,3900,527,1
2017/10/16,530,540,527,535,7100,535,1
2017/10/17,530,535,528,530,1500,530,1
2017/10/18,546,546,527,535,5100,535,1
2017/10/19,545,545,531,533,2500,533,1
2017/10/20,538,538,536,536,1100,536,1
2017/10/23,536,537,534,534,2100,534,1
2017/10/24,534,537,526,536,5500,536,1
2017/10/25,554,554,537,545,5600,545,1
2017/10/26,534,534,501,530,9000,530,1
2017/10/27,525,528,521,526,900,526,1
2017/10/30,528,528,528,528,200,528,1
2017/10/31,519,519,519,519,100,519,1
2017/11/01,520,520,515,519,1900,519,1
2017/11/02,515,516,515,516,1100,516,1
2017/11/06,513,515,510,510,5300,510,1
2017/11/07,519,521,519,521,700,521,1
2017/11/08,515,534,515,531,2600,531,1
2017/11/09,526,526,520,524,1800,524,1
2017/11/10,515,522,504,518,7400,518,1
2017/11/13,512,517,483,517,9800,517,1
2017/11/14,514,514,502,511,1300,511,1
2017/11/15,510,510,504,508,400,508,1
2017/11/16,500,507,496,506,3700,506,1
2017/11/17,504,508,496,496,5700,496,1
2017/11/20,497,505,497,501,4100,501,1
2017/11/21,501,504,496,504,2400,504,1
2017/11/22,500,503,496,503,3000,503,1
2017/11/24,503,503,500,503,1900,503,1
2017/11/27,504,506,504,505,5900,505,1
2017/11/28,505,505,503,503,300,503,1
2017/11/29,500,500,500,500,1500,500,1
2017/11/30,498,499,493,498,1900,498,1
2017/12/01,498,499,497,499,1400,499,1
2017/12/04,496,496,493,493,2100,493,1
2017/12/05,495,495,488,488,2700,488,1
2017/12/06,489,490,487,487,700,487,1
2017/12/07,487,490,480,490,7600,490,1
2017/12/08,490,490,490,490,100,490,1
2017/12/11,494,494,483,488,4500,488,1
2017/12/12,488,488,488,488,700,488,1
2017/12/13,489,490,481,487,7200,487,1
2017/12/14,485,489,485,489,200,489,1
2017/12/15,490,490,486,490,2700,490,1
2017/12/18,489,500,489,497,6000,497,1
2017/12/19,495,495,492,494,2000,494,1
2017/12/20,495,495,486,486,7300,486,1
2017/12/21,494,494,493,493,1000,493,1
2017/12/22,493,495,478,495,7500,495,1
2017/12/25,487,487,472,475,18500,475,1
2017/12/26,474,477,472,476,7300,476,1
2017/12/27,482,489,478,480,2000,480,1
2017/12/28,488,489,481,484,600,484,1
2017/12/29,487,487,484,484,1200,484,1
2018/01/04,489,489,485,486,1000,486,1
2018/01/05,488,488,483,483,1000,483,1
2018/01/09,484,488,484,488,3000,488,1
2018/01/10,488,492,483,492,2200,492,1
2018/01/11,496,498,494,496,1600,496,1
2018/01/12,499,502,497,500,3100,500,1
2018/01/15,502,504,500,504,2600,504,1
2018/01/16,505,508,499,504,4400,504,1
2018/01/17,504,504,496,500,5200,500,1
2018/01/18,500,500,494,494,3100,494,1
2018/01/19,493,502,493,498,2700,498,1
2018/01/22,504,504,500,500,3500,500,1
2018/01/23,501,508,500,507,5700,507,1
2018/01/24,508,513,508,513,2700,513,1
2018/01/25,510,510,510,510,4200,510,1
2018/01/29,515,515,506,506,1600,506,1
2018/01/30,506,506,505,505,600,505,1
2018/01/31,500,500,498,500,900,500,1
2018/02/01,502,502,501,501,1000,501,1
2018/02/02,500,500,500,500,300,500,1
2018/02/05,500,500,500,500,2900,500,1
2018/02/06,470,483,453,470,11800,470,1
2018/02/07,473,483,473,481,2000,481,1
2018/02/08,489,489,488,488,400,488,1
2018/02/09,471,475,471,471,3100,471,1
2018/02/13,473,477,473,474,1000,474,1
2018/02/14,474,474,472,472,1000,472,1
2018/02/15,475,475,475,475,100,475,1
2018/02/16,499,503,483,483,19700,483,1
2018/02/19,489,489,479,487,8300,487,1
2018/02/20,495,495,486,487,3300,487,1
2018/02/21,487,494,487,492,2600,492,1
2018/02/22,492,493,492,493,700,493,1
2018/02/23,496,498,496,498,1300,498,1
2018/02/26,500,500,492,492,5000,492,1
2018/02/27,493,493,491,491,300,491,1
2018/02/28,492,492,492,492,100,492,1
2018/03/01,490,497,489,489,1500,489,1
2018/03/02,489,489,489,489,1600,489,1
2018/03/05,489,491,486,487,2500,487,1
2018/03/06,494,494,489,494,600,494,1
2018/03/09,495,495,487,487,500,487,1
2018/03/12,488,488,488,488,100,488,1
2018/03/13,488,488,488,488,100,488,1
2018/03/14,492,495,492,495,400,495,1
2018/03/16,495,495,493,494,500,494,1
2018/03/19,495,495,490,490,2600,490,1
2018/03/20,496,496,487,487,3800,487,1
2018/03/22,490,492,486,491,2700,491,1
2018/03/23,491,493,487,493,2100,493,1
2018/03/26,493,493,491,491,4100,491,1
2018/03/27,493,493,493,493,200,493,1
2018/03/28,482,490,482,490,2100,490,1
2018/03/29,493,493,493,493,100,493,1
2018/03/30,493,493,483,483,1200,483,1
2018/04/02,486,487,486,487,500,487,1
2018/04/03,485,485,485,485,200,485,1
2018/04/04,489,489,489,489,100,489,1
2018/04/06,485,485,483,484,3100,484,1
2018/04/11,485,488,485,485,500,485,1
2018/04/12,484,487,484,487,200,487,1
2018/04/13,487,487,472,486,2400,486,1
2018/04/16,488,488,483,483,400,483,1
2018/04/17,485,487,485,487,900,487,1
2018/04/18,486,486,481,482,2200,482,1
2018/04/19,487,487,485,487,1400,487,1
2018/04/20,490,490,490,490,1000,490,1
2018/04/23,490,490,486,486,500,486,1
2018/04/24,490,490,490,490,3100,490,1
2018/04/25,491,492,490,490,5300,490,1
2018/04/26,489,489,489,489,100,489,1
2018/04/27,493,493,493,493,1900,493,1
2018/05/01,493,493,493,493,200,493,1
2018/05/02,488,493,488,493,200,493,1
2018/05/07,498,498,488,490,2000,490,1
2018/05/08,489,489,489,489,200,489,1
2018/05/09,489,489,489,489,1200,489,1
2018/05/10,491,492,491,492,1900,492,1
2018/05/11,495,495,490,490,900,490,1
2018/05/14,486,490,475,479,2600,479,1
2018/05/15,479,479,472,477,2500,477,1
2018/05/16,480,496,480,490,2900,490,1
2018/05/17,486,495,486,495,1300,495,1
2018/05/18,496,507,486,492,9300,492,1
2018/05/21,568,572,553,572,49200,572,1
2018/05/22,652,672,649,672,151600,672,1
2018/05/23,692,760,618,628,340900,628,1
2018/05/24,614,614,590,600,67400,600,1
2018/05/25,610,648,581,594,135000,594,1
2018/05/28,588,594,575,582,13800,582,1
2018/05/29,581,581,544,555,24000,555,1
2018/05/30,535,561,523,558,30700,558,1
2018/05/31,558,575,544,563,31600,563,1
2018/06/01,558,569,536,536,13000,536,1
2018/06/04,526,534,517,534,7900,534,1
2018/06/05,524,528,516,528,6300,528,1
2018/06/06,527,535,514,530,11000,530,1
2018/06/07,534,541,527,533,8500,533,1
2018/06/08,530,543,521,537,6800,537,1
2018/06/11,535,539,532,539,3100,539,1
2018/06/12,539,565,538,540,9900,540,1
2018/06/13,538,555,533,548,5400,548,1
2018/06/14,545,559,532,539,5100,539,1
2018/06/15,536,536,522,534,5500,534,1
2018/06/18,534,534,525,528,3400,528,1
2018/06/19,528,534,528,534,2200,534,1
2018/06/20,529,531,528,531,2500,531,1
2018/06/21,527,537,527,537,3600,537,1
2018/06/22,536,538,530,535,2500,535,1
2018/06/25,528,528,487,507,12600,507,1
2018/06/26,501,509,501,506,500,506,1
2018/06/27,511,511,496,500,3700,500,1
2018/06/28,500,505,493,495,4000,495,1
2018/06/29,490,498,490,494,1700,494,1
2018/07/02,491,491,459,481,11700,481,1
2018/07/03,481,481,470,473,2400,473,1
2018/07/04,470,471,466,471,1800,471,1
2018/07/05,465,470,460,460,4100,460,1
2018/07/06,462,473,462,473,1200,473,1
2018/07/09,469,492,455,476,5900,476,1
2018/07/10,483,499,483,484,4800,484,1
2018/07/11,483,492,470,492,1900,492,1
2018/07/12,493,494,490,494,1400,494,1
2018/07/13,495,496,488,491,6600,491,1
2018/07/17,491,503,491,500,2000,500,1
2018/07/18,491,492,477,492,7000,492,1
2018/07/19,492,500,491,496,2400,496,1
2018/07/20,504,505,500,505,7400,505,1
2018/07/23,510,510,497,497,1500,497,1
2018/07/24,501,514,501,512,4300,512,1
2018/07/25,522,522,519,519,10400,519,1
2018/07/26,506,506,492,497,2800,497,1
2018/07/27,497,498,497,498,400,498,1
2018/07/30,497,497,495,496,4900,496,1
2018/07/31,496,496,494,494,800,494,1
2018/08/01,499,499,494,494,300,494,1
2018/08/02,493,493,490,490,1000,490,1
2018/08/03,489,489,489,489,100,489,1
2018/08/06,493,493,488,492,700,492,1
2018/08/08,493,510,493,505,2100,505,1
2018/08/09,487,489,482,482,2800,482,1
2018/08/10,490,508,488,488,1600,488,1
2018/08/13,488,488,482,482,3500,482,1
2018/08/14,477,478,477,478,300,478,1
