2015/02/12,790.0,831.25,739.25,746.5,2128400,746.5,4.0
2015/02/13,721.5,746.25,667.25,742.5,271600,742.5,4.0
2015/02/16,750.0,750.0,680.25,687.5,99600,687.5,4.0
2015/02/17,675.25,699.75,625.75,695.75,112400,695.75,4.0
2015/02/18,708.25,713.75,687.5,712.0,48700,712,4.0
2015/02/19,718.5,720.75,700.5,706.75,25400,706.75,4.0
2015/02/20,704.5,704.5,696.5,700.75,20500,700.75,4.0
2015/02/23,699.5,699.5,675.25,675.25,25400,675.25,4.0
2015/02/24,675.0,685.0,663.0,675.0,19900,675,4.0
2015/02/25,676.25,677.75,667.5,670.0,15400,670,4.0
2015/02/26,670.0,675.0,666.0,674.5,8900,674.5,4.0
2015/02/27,674.75,675.0,666.0,668.0,10700,668,4.0
2015/03/02,665.5,665.5,651.5,657.5,8900,657.5,4.0
2015/03/03,653.25,653.25,645.75,648.5,12500,648.5,4.0
2015/03/04,642.5,671.0,640.0,670.5,16200,670.5,4.0
2015/03/05,672.25,672.25,650.25,662.25,8400,662.25,4.0
2015/03/06,650.0,654.25,645.25,652.5,7900,652.5,4.0
2015/03/09,647.75,652.5,638.0,643.25,6500,643.25,4.0
2015/03/10,643.25,647.75,630.5,643.5,8400,643.5,4.0
2015/03/11,631.0,643.75,630.5,639.75,3700,639.75,4.0
2015/03/12,646.25,651.0,646.25,649.75,4600,649.75,4.0
2015/03/13,650.0,650.0,635.5,639.0,3900,639,4.0
2015/03/16,640.0,647.5,635.0,645.0,2000,645,4.0
2015/03/17,638.5,652.0,638.5,650.75,5100,650.75,4.0
2015/03/18,649.5,652.25,640.25,643.5,4500,643.5,4.0
2015/03/19,649.75,649.75,643.5,648.5,6800,648.5,4.0
2015/03/20,651.0,673.0,645.0,673.0,12700,673,4.0
2015/03/23,685.0,690.0,653.0,653.25,23200,653.25,4.0
2015/03/24,662.25,673.75,657.5,673.25,5700,673.25,4.0
2015/03/25,673.25,673.25,657.5,664.75,4200,664.75,4.0
2015/03/26,654.75,662.25,654.5,656.75,2600,656.75,4.0
2015/03/27,655.0,662.25,647.75,648.75,4200,648.75,4.0
2015/03/30,654.75,667.0,654.75,659.5,4100,659.5,4.0
2015/03/31,656.0,656.25,653.0,653.0,1200,653,4.0
2015/04/01,662.0,662.0,627.75,649.75,9600,649.75,4.0
2015/04/02,643.75,644.75,635.25,644.5,5300,644.5,4.0
2015/04/03,650.0,651.0,641.75,644.75,20100,644.75,4.0
2015/04/06,650.0,678.25,649.0,664.5,58900,664.5,4.0
2015/04/07,666.75,667.0,661.75,665.25,7800,665.25,4.0
2015/04/08,662.25,662.25,655.25,662.25,2600,662.25,4.0
2015/04/09,662.25,662.25,653.5,659.5,2300,659.5,4.0
2015/04/10,654.75,658.75,653.25,658.0,1700,658,4.0
2015/04/13,657.5,660.0,653.0,658.25,7800,658.25,4.0
2015/04/14,659.75,659.75,650.25,657.0,4700,657,4.0
2015/04/15,651.25,655.0,651.0,655.0,2700,655,4.0
2015/04/16,650.75,651.0,647.75,647.75,4500,647.75,4.0
2015/04/17,650.0,652.25,647.5,651.25,12600,651.25,4.0
2015/04/20,647.75,648.75,640.25,640.25,8400,640.25,4.0
2015/04/21,645.0,647.0,638.0,640.0,6700,640,4.0
2015/04/22,640.25,647.25,640.25,642.75,18000,642.75,4.0
2015/04/23,642.75,646.75,641.5,646.75,6200,646.75,4.0
2015/04/24,647.0,650.5,645.75,650.5,13400,650.5,4.0
2015/04/27,651.0,651.0,645.0,645.0,4600,645,4.0
2015/04/28,645.0,647.5,643.5,643.5,6400,643.5,4.0
2015/04/30,643.5,645.0,636.75,638.25,9500,638.25,4.0
2015/05/01,650.75,675.0,637.75,649.0,34400,649,4.0
2015/05/07,647.5,657.5,643.75,655.25,18800,655.25,4.0
2015/05/08,652.5,657.75,645.25,657.0,22300,657,4.0
2015/05/11,657.0,659.75,655.25,659.75,21000,659.75,4.0
2015/05/12,642.75,645.5,627.25,637.0,38600,637,4.0
2015/05/13,632.5,633.25,628.0,632.5,5900,632.5,4.0
2015/05/14,632.75,649.5,632.75,649.5,7500,649.5,4.0
2015/05/15,652.25,652.75,644.0,646.25,8000,646.25,4.0
2015/05/18,650.0,655.75,645.5,648.75,12100,648.75,4.0
2015/05/19,650.0,654.75,648.75,654.75,8300,654.75,4.0
2015/05/20,657.5,657.75,648.0,650.75,15500,650.75,4.0
2015/05/21,654.75,654.75,651.25,654.5,4100,654.5,4.0
2015/05/22,659.25,659.5,656.25,658.75,5700,658.75,4.0
2015/05/25,659.75,690.0,659.75,690.0,38900,690,4.0
2015/05/26,698.75,700.0,680.25,680.25,19700,680.25,4.0
2015/05/27,690.0,691.75,684.5,687.75,8500,687.75,4.0
2015/05/28,694.75,712.25,687.5,691.0,15800,691,4.0
2015/05/29,691.0,707.25,688.0,707.25,8100,707.25,4.0
2015/06/01,712.5,713.75,707.75,711.75,6400,711.75,4.0
2015/06/02,715.0,729.0,715.0,728.75,15200,728.75,4.0
2015/06/03,749.5,781.25,742.5,743.75,34800,743.75,4.0
2015/06/04,747.5,765.0,722.25,724.75,20700,724.75,4.0
2015/06/05,720.75,723.0,713.5,719.0,7000,719,4.0
2015/06/08,726.25,734.75,688.75,717.25,9700,717.25,4.0
2015/06/09,700.5,714.75,688.75,714.75,9400,714.75,4.0
2015/06/10,705.0,709.75,702.0,702.75,3500,702.75,4.0
2015/06/11,699.5,709.0,698.5,699.5,3600,699.5,4.0
2015/06/12,699.5,703.75,697.75,700.75,2700,700.75,4.0
2015/06/15,696.25,705.0,696.25,701.25,5200,701.25,4.0
2015/06/16,701.75,742.25,701.75,721.25,13800,721.25,4.0
2015/06/17,721.25,721.25,708.0,712.25,3200,712.25,4.0
2015/06/18,717.25,718.75,705.25,710.25,5300,710.25,4.0
2015/06/19,705.0,707.75,675.25,679.0,18400,679,4.0
2015/06/22,691.5,691.5,681.0,688.5,3900,688.5,4.0
2015/06/23,692.25,692.25,682.5,692.25,5300,692.25,4.0
2015/06/24,692.5,693.25,682.75,689.25,4900,689.25,4.0
2015/06/25,689.25,690.75,675.0,681.5,21000,681.5,4.0
2015/06/26,675.0,675.0,666.25,668.0,10100,668,4.0
2015/06/29,652.75,665.25,645.5,649.25,9200,649.25,4.0
2015/06/30,649.25,654.5,649.25,651.75,6500,651.75,4.0
2015/07/01,650.25,657.25,640.25,650.25,5900,650.25,4.0
2015/07/02,653.75,655.5,640.75,641.25,9500,641.25,4.0
2015/07/03,642.5,642.5,632.5,633.75,9400,633.75,4.0
2015/07/06,631.5,632.75,614.5,622.5,12000,622.5,4.0
2015/07/07,623.0,630.0,622.25,622.75,8500,622.75,4.0
2015/07/08,622.75,625.25,608.75,611.75,11100,611.75,4.0
2015/07/09,582.75,591.25,566.25,584.25,15100,584.25,4.0
2015/07/10,580.0,589.5,566.5,570.75,13300,570.75,4.0
2015/07/13,570.75,575.0,547.5,547.5,27000,547.5,4.0
2015/07/14,550.0,550.0,531.5,545.75,37600,545.75,4.0
2015/07/15,558.25,563.0,552.5,556.75,14100,556.75,4.0
2015/07/16,568.75,568.75,557.0,564.5,13500,564.5,4.0
2015/07/17,572.0,572.5,557.75,560.0,10900,560,4.0
2015/07/21,565.25,569.5,560.0,564.5,10100,564.5,4.0
2015/07/22,567.25,567.25,552.5,552.5,15700,552.5,4.0
2015/07/23,553.75,554.25,550.75,552.25,10000,552.25,4.0
2015/07/24,557.25,557.25,537.5,543.25,11400,543.25,4.0
2015/07/27,543.25,548.75,532.5,532.5,9700,532.5,4.0
2015/07/28,520.0,537.0,518.75,537.0,15000,537,4.0
2015/07/29,555.5,594.5,555.5,580.75,32400,580.75,4.0
2015/07/30,576.5,587.5,575.0,578.5,12900,578.5,4.0
2015/07/31,575.0,575.0,550.0,574.75,11000,574.75,4.0
2015/08/03,574.5,594.25,565.75,578.25,21700,578.25,4.0
2015/08/04,593.75,623.75,588.75,605.0,31400,605,4.0
2015/08/05,612.75,650.25,612.75,649.0,39000,649,4.0
2015/08/06,649.0,655.25,628.0,631.0,16400,631,4.0
2015/08/07,625.0,629.25,614.25,614.25,16000,614.25,4.0
2015/08/10,639.25,657.0,617.5,643.25,49700,643.25,4.0
2015/08/11,643.25,646.0,631.25,632.5,18100,632.5,4.0
2015/08/12,662.5,677.25,657.75,673.75,40400,673.75,4.0
2015/08/13,642.25,661.0,630.5,635.5,32100,635.5,4.0
2015/08/14,635.5,635.5,597.75,607.25,31400,607.25,4.0
2015/08/17,605.0,609.5,587.75,604.0,11800,604,4.0
2015/08/18,604.0,612.25,601.5,605.25,7500,605.25,4.0
2015/08/19,605.25,605.75,596.75,597.5,9800,597.5,4.0
2015/08/20,610.0,626.5,600.0,612.5,20200,612.5,4.0
2015/08/21,586.5,597.5,577.5,581.25,27300,581.25,4.0
2015/08/24,576.25,594.25,552.0,555.5,22900,555.5,4.0
2015/08/25,518.0,598.75,518.0,559.25,30600,559.25,4.0
2015/08/26,579.25,583.75,567.75,583.0,8700,583,4.0
2015/08/27,583.0,598.5,583.0,590.5,5900,590.5,4.0
2015/08/28,593.0,610.75,593.0,601.0,2600,601,4.0
2015/08/31,601.0,610.5,600.0,603.25,3000,603.25,4.0
2015/09/01,605.0,624.75,605.0,622.5,10900,622.5,4.0
2015/09/02,622.5,639.75,610.5,638.75,12000,638.75,4.0
2015/09/03,650.0,654.75,628.0,647.5,15100,647.5,4.0
2015/09/04,649.5,649.5,611.75,621.25,12600,621.25,4.0
2015/09/07,622.5,622.5,596.5,596.75,7400,596.75,4.0
2015/09/08,588.25,600.5,579.5,583.75,4800,583.75,4.0
2015/09/09,612.75,624.75,612.75,617.0,3800,617,4.0
2015/09/10,617.5,622.0,606.25,621.25,5000,621.25,4.0
2015/09/11,633.75,642.25,610.25,637.75,6300,637.75,4.0
2015/09/14,635.0,638.0,625.0,638.0,2700,638,4.0
2015/09/15,625.5,642.5,621.5,640.0,3300,640,4.0
2015/09/16,628.25,630.0,627.5,627.5,2000,627.5,4.0
2015/09/17,625.0,634.25,614.0,634.25,7200,634.25,4.0
2015/09/18,638.5,638.5,625.25,627.5,2700,627.5,4.0
2015/09/24,625.0,625.0,612.5,613.75,1200,613.75,4.0
2015/09/25,613.75,620.0,606.25,606.25,3100,606.25,4.0
2015/09/28,621.5,622.5,601.0,622.5,7600,622.5,2.0
2015/09/29,625.0,630.0,622.5,624.5,2000,624.5,2.0
2015/09/30,624.5,652.0,624.5,648.5,6300,648.5,2.0
2015/10/01,657.5,675.0,652.5,675.0,14600,675,2.0
2015/10/02,689.0,698.5,688.5,691.0,27800,691,2.0
2015/10/05,700.0,709.5,699.0,704.0,11400,704,2.0
2015/10/06,705.0,710.0,700.0,700.0,10200,700,2.0
2015/10/07,691.5,701.0,688.0,699.5,7000,699.5,2.0
2015/10/08,699.0,699.0,673.5,686.0,15500,686,2.0
2015/10/09,676.5,687.5,675.0,687.5,7900,687.5,2.0
2015/10/13,689.5,724.5,689.5,716.5,14200,716.5,2.0
2015/10/14,725.0,726.5,704.0,717.0,9600,717,2.0
2015/10/15,715.5,715.5,706.5,706.5,900,706.5,2.0
2015/10/16,703.5,703.5,680.5,683.0,6200,683,2.0
2015/10/19,698.0,727.5,686.5,725.0,10800,725,2.0
2015/10/20,734.5,742.0,725.0,734.5,10900,734.5,2.0
2015/10/21,725.0,725.0,690.5,705.5,16400,705.5,2.0
2015/10/22,705.0,719.0,705.0,715.0,4800,715,2.0
2015/10/23,715.0,721.5,714.5,721.5,1700,721.5,2.0
2015/10/26,725.5,732.5,721.5,728.5,7200,728.5,2.0
2015/10/27,742.0,742.0,732.5,736.0,7400,736,2.0
2015/10/28,742.0,771.5,742.0,764.0,24400,764,2.0
2015/10/29,750.5,771.0,750.5,757.5,9900,757.5,2.0
2015/10/30,757.5,779.0,757.5,776.0,14800,776,2.0
2015/11/02,782.0,817.5,778.5,793.5,41100,793.5,2.0
2015/11/04,800.5,822.5,788.0,803.5,27700,803.5,2.0
2015/11/05,807.5,807.5,759.5,759.5,19600,759.5,2.0
2015/11/06,751.0,767.0,750.5,765.0,10900,765,2.0
2015/11/09,756.5,777.5,756.0,771.5,11600,771.5,2.0
2015/11/10,757.5,757.5,676.5,707.0,54800,707,2.0
2015/11/11,725.0,727.5,700.5,700.5,10500,700.5,2.0
2015/11/12,700.0,708.0,699.0,704.0,13800,704,2.0
2015/11/13,698.5,704.5,689.0,691.5,11700,691.5,2.0
2015/11/16,690.0,715.0,686.0,703.5,13900,703.5,2.0
2015/11/17,701.0,730.0,701.0,722.5,10800,722.5,2.0
2015/11/18,749.5,764.5,725.5,764.5,20400,764.5,2.0
2015/11/19,790.0,792.0,770.0,786.5,20200,786.5,2.0
2015/11/20,786.5,797.0,765.0,787.5,20700,787.5,2.0
2015/11/24,800.0,807.0,788.5,801.0,16700,801,2.0
2015/11/25,807.0,823.5,801.0,823.5,25300,823.5,2.0
2015/11/26,820.0,823.5,809.0,818.0,8300,818,2.0
2015/11/27,818.0,818.0,780.0,789.5,12600,789.5,2.0
2015/11/30,790.0,815.0,765.0,805.0,14000,805,2.0
2015/12/01,815.0,817.0,795.0,795.0,20700,795,2.0
2015/12/02,795.0,804.5,780.5,792.5,14600,792.5,2.0
2015/12/03,800.0,800.0,760.0,777.5,17200,777.5,2.0
2015/12/04,758.5,795.0,754.5,761.0,10700,761,2.0
2015/12/07,776.0,776.0,758.5,762.5,10000,762.5,2.0
2015/12/08,764.5,764.5,751.0,759.0,8400,759,2.0
2015/12/09,759.0,790.0,759.0,790.0,9600,790,2.0
2015/12/10,795.0,800.5,775.5,800.5,14900,800.5,2.0
2015/12/11,820.5,821.0,790.0,812.0,17200,812,2.0
2015/12/14,812.0,812.0,792.5,806.5,20800,806.5,2.0
2015/12/15,800.0,804.5,770.5,770.5,6900,770.5,2.0
2015/12/16,770.5,775.5,746.0,747.0,22800,747,2.0
2015/12/17,750.0,760.0,720.0,734.0,17900,734,2.0
2015/12/18,735.5,742.5,726.0,729.0,9800,729,2.0
2015/12/21,725.0,727.5,700.0,709.0,24500,709,2.0
2015/12/22,721.0,738.5,710.0,731.0,13800,731,2.0
2015/12/24,746.0,748.0,701.0,701.0,13900,701,2.0
2015/12/25,715.5,730.0,710.0,730.0,8200,730,2.0
2015/12/28,750.0,750.0,732.0,742.0,4500,742,2.0
2015/12/29,748.5,779.0,748.5,778.5,14000,778.5,2.0
2015/12/30,777.5,777.5,765.0,767.5,5000,767.5,2.0
2016/01/04,775.0,794.0,774.5,793.0,26300,793,2.0
2016/01/05,799.0,813.5,795.0,805.0,20600,805,2.0
2016/01/06,811.5,811.5,750.5,781.5,26200,781.5,2.0
2016/01/07,801.5,805.0,776.0,780.0,17700,780,2.0
2016/01/08,770.0,779.0,755.5,756.5,26500,756.5,2.0
2016/01/12,755.0,757.0,683.5,709.5,49800,709.5,2.0
2016/01/13,709.5,717.5,691.0,707.0,35600,707,2.0
2016/01/14,700.0,700.0,661.5,679.5,31800,679.5,2.0
2016/01/15,689.5,694.5,678.0,682.5,14500,682.5,2.0
2016/01/18,668.5,675.0,650.0,662.5,31500,662.5,2.0
2016/01/19,662.5,678.0,662.5,677.5,12300,677.5,2.0
2016/01/20,680.0,680.0,630.0,642.5,26400,642.5,2.0
2016/01/21,646.5,650.0,631.5,639.0,12400,639,2.0
2016/01/22,645.0,674.0,645.0,674.0,11700,674,2.0
2016/01/25,689.5,716.5,683.5,716.5,15200,716.5,2.0
2016/01/26,715.0,715.0,695.5,701.5,9800,701.5,2.0
2016/01/27,716.5,717.0,687.0,708.0,11500,708,2.0
2016/01/28,749.5,754.0,730.5,730.5,27500,730.5,2.0
2016/01/29,716.5,740.0,716.5,740.0,10200,740,2.0
2016/02/01,755.0,764.5,740.5,764.5,16500,764.5,2.0
2016/02/02,755.0,765.0,742.5,762.0,6300,762,2.0
2016/02/03,762.0,762.5,743.0,750.5,14900,750.5,2.0
2016/02/04,755.0,777.5,750.0,772.5,13100,772.5,2.0
2016/02/05,750.0,774.0,749.0,767.0,15300,767,2.0
2016/02/08,750.0,788.0,738.0,774.5,17900,774.5,2.0
2016/02/09,764.5,770.0,746.0,754.5,11300,754.5,2.0
2016/02/10,755.0,780.0,735.0,767.0,12300,767,2.0
2016/02/12,717.0,758.5,712.0,745.5,14700,745.5,2.0
2016/02/15,754.0,768.5,750.5,758.0,14500,758,2.0
2016/02/16,758.0,774.5,757.5,766.0,5600,766,2.0
2016/02/17,774.0,774.5,756.5,760.0,3500,760,2.0
2016/02/18,774.0,782.5,770.0,770.0,7000,770,2.0
2016/02/19,758.0,777.0,725.0,765.0,14600,765,2.0
2016/02/22,772.5,772.5,734.5,769.5,6500,769.5,2.0
2016/02/23,750.0,772.5,750.0,763.5,3100,763.5,2.0
2016/02/24,747.0,763.5,747.0,762.0,5800,762,2.0
2016/02/25,771.0,788.5,741.5,780.5,41000,780.5,2.0
2016/02/26,780.5,795.5,780.0,795.0,11600,795,2.0
2016/02/29,800.0,895.0,800.0,872.5,55500,872.5,2.0
2016/03/01,872.5,872.5,843.5,855.0,24800,855,2.0
2016/03/02,850.0,874.5,845.0,869.0,29000,869,2.0
2016/03/03,871.0,916.0,871.0,916.0,44100,916,2.0
2016/03/04,945.0,987.5,900.0,948.5,50000,948.5,2.0
2016/03/07,908.5,935.0,870.5,922.5,36000,922.5,2.0
2016/03/08,942.5,950.0,891.5,933.0,44800,933,2.0
2016/03/09,914.5,924.5,890.5,893.5,21600,893.5,2.0
2016/03/10,893.5,907.5,892.5,892.5,10100,892.5,2.0
2016/03/11,889.5,910.0,889.5,902.0,9000,902,2.0
2016/03/14,899.5,911.5,895.0,895.0,15900,895,2.0
2016/03/15,896.0,911.5,895.0,902.5,8700,902.5,2.0
2016/03/16,895.0,944.5,895.0,942.5,21700,942.5,2.0
2016/03/17,940.0,940.0,908.0,908.0,27200,908,2.0
2016/03/18,894.5,894.5,862.5,881.5,60000,881.5,2.0
2016/03/22,884.5,889.5,850.0,872.5,37700,872.5,2.0
2016/03/23,864.5,899.0,864.5,888.5,29000,888.5,2.0
2016/03/24,886.0,905.5,886.0,901.5,44500,901.5,2.0
2016/03/25,900.5,901.5,886.0,886.0,29300,886,2.0
2016/03/28,885.5,899.5,856.0,898.0,22900,898,2.0
2016/03/29,898.0,899.0,885.0,891.0,11900,891,2.0
2016/03/30,885.0,899.0,883.0,899.0,17900,899,2.0
2016/03/31,900.0,910.5,892.5,903.5,54500,903.5,2.0
2016/04/01,900.0,900.0,860.5,860.5,28700,860.5,2.0
2016/04/04,855.0,897.5,855.0,897.5,23400,897.5,2.0
2016/04/05,897.5,897.5,877.5,897.0,23000,897,2.0
2016/04/06,892.0,897.5,883.0,896.0,11000,896,2.0
2016/04/07,891.0,908.0,885.5,890.0,26900,890,2.0
2016/04/08,875.0,902.0,875.0,880.5,28000,880.5,2.0
2016/04/11,900.0,905.0,884.5,905.0,40000,905,2.0
2016/04/12,905.0,905.0,887.5,893.5,18700,893.5,2.0
2016/04/13,898.5,922.5,890.5,919.0,43800,919,2.0
2016/04/14,920.0,920.0,900.5,906.5,26600,906.5,2.0
2016/04/15,906.5,914.5,900.0,901.5,13800,901.5,2.0
2016/04/18,895.0,899.5,881.0,881.0,25500,881,2.0
2016/04/19,887.5,900.0,885.0,891.0,15100,891,2.0
2016/04/20,892.5,914.0,892.5,909.5,27800,909.5,2.0
2016/04/21,905.0,909.5,895.0,909.5,19900,909.5,2.0
2016/04/22,909.5,910.5,897.5,902.5,22900,902.5,2.0
2016/04/25,913.5,913.5,895.0,897.5,17300,897.5,2.0
2016/04/26,902.5,904.5,885.5,896.0,21300,896,2.0
2016/04/27,900.0,1008.0,896.0,992.0,206400,992,2.0
2016/04/28,955.0,973.0,908.0,908.5,75400,908.5,2.0
2016/05/02,903.0,925.0,901.5,920.0,20900,920,2.0
2016/05/06,922.0,947.0,922.0,947.0,18700,947,2.0
2016/05/09,951.0,967.0,949.5,954.5,22500,954.5,2.0
2016/05/10,955.0,983.0,955.0,974.0,26600,974,2.0
2016/05/11,988.5,990.0,965.0,978.5,31000,978.5,2.0
2016/05/12,898.5,974.0,875.5,974.0,66600,974,2.0
2016/05/13,950.0,959.0,930.5,945.5,16500,945.5,2.0
2016/05/16,927.5,940.0,891.0,892.5,30200,892.5,2.0
2016/05/17,891.0,912.5,891.0,899.5,18600,899.5,2.0
2016/05/18,895.5,902.0,878.0,888.5,23200,888.5,2.0
2016/05/19,888.5,906.5,888.5,904.0,7400,904,2.0
2016/05/20,891.0,903.0,880.0,881.5,40600,881.5,2.0
2016/05/23,885.0,885.0,870.5,871.5,31000,871.5,2.0
2016/05/24,865.5,867.0,855.0,857.5,26200,857.5,2.0
2016/05/25,860.0,865.5,857.5,862.5,19600,862.5,2.0
2016/05/26,865.0,865.0,850.5,850.5,14500,850.5,2.0
2016/05/27,843.0,851.0,825.5,848.0,27300,848,2.0
2016/05/30,850.0,854.5,844.0,846.5,23200,846.5,2.0
2016/05/31,850.0,871.5,849.5,864.0,18900,864,2.0
2016/06/01,860.0,860.0,839.0,841.5,46200,841.5,2.0
2016/06/02,839.0,839.5,804.5,807.0,51600,807,2.0
2016/06/03,807.0,811.0,759.0,777.0,88200,777,2.0
2016/06/06,777.0,777.5,761.0,775.0,28700,775,2.0
2016/06/07,775.5,796.0,775.5,791.5,31000,791.5,2.0
2016/06/08,796.5,796.5,785.5,790.5,19000,790.5,2.0
2016/06/09,797.5,799.5,786.5,788.0,12300,788,2.0
2016/06/10,786.0,786.5,768.0,771.5,27800,771.5,2.0
2016/06/13,775.0,775.0,750.5,752.0,35000,752,2.0
2016/06/14,745.5,748.5,723.0,725.0,39900,725,2.0
2016/06/15,725.0,740.5,725.0,735.0,21100,735,2.0
2016/06/16,746.5,750.0,709.5,711.0,34500,711,2.0
2016/06/17,715.0,747.5,715.0,741.0,16200,741,2.0
2016/06/20,742.5,781.5,742.5,776.5,16600,776.5,2.0
2016/06/21,775.0,776.0,761.0,775.0,12200,775,2.0
2016/06/22,790.0,809.0,782.5,803.5,62200,803.5,2.0
2016/06/23,800.0,810.0,796.0,802.5,34400,802.5,2.0
2016/06/24,818.5,818.5,744.5,759.5,52900,759.5,2.0
2016/06/27,790.5,804.5,771.0,804.0,34900,804,2.0
2016/06/28,762.5,791.5,761.0,779.0,39300,779,2.0
2016/06/29,798.0,798.0,782.0,786.0,16000,786,2.0
2016/06/30,793.5,793.5,771.5,776.5,11900,776.5,2.0
2016/07/01,780.0,781.5,770.0,777.5,15200,777.5,2.0
2016/07/04,785.0,789.5,777.5,783.0,15200,783,2.0
2016/07/05,785.0,785.0,775.0,783.5,16100,783.5,2.0
2016/07/06,775.0,780.5,768.0,772.0,6900,772,2.0
2016/07/07,765.0,770.0,759.0,766.0,6300,766,2.0
2016/07/08,758.5,764.0,750.5,750.5,9400,750.5,2.0
2016/07/11,788.0,788.0,761.0,767.0,10100,767,2.0
2016/07/12,784.5,784.5,769.0,775.5,6200,775.5,2.0
2016/07/13,776.5,788.0,776.0,778.5,11500,778.5,2.0
2016/07/14,782.5,782.5,758.0,761.5,9400,761.5,2.0
2016/07/15,760.0,762.0,755.5,757.5,9000,757.5,2.0
2016/07/19,757.5,769.0,757.5,761.0,9600,761,2.0
2016/07/20,758.0,760.0,743.0,752.0,15800,752,2.0
2016/07/21,752.0,756.5,748.5,752.5,4800,752.5,2.0
2016/07/22,760.0,760.5,744.5,749.0,9900,749,2.0
2016/07/25,750.0,756.5,747.5,751.5,7400,751.5,2.0
2016/07/26,751.5,751.5,738.5,739.0,12100,739,2.0
2016/07/27,741.5,744.0,727.5,740.0,9900,740,2.0
2016/07/28,735.0,742.0,725.0,731.5,26400,731.5,2.0
2016/07/29,725.0,736.5,708.0,727.0,19700,727,2.0
2016/08/01,715.0,721.0,711.0,714.0,12600,714,2.0
2016/08/02,750.0,753.5,731.5,739.5,33100,739.5,2.0
2016/08/03,750.0,753.5,742.5,751.5,20700,751.5,2.0
2016/08/04,750.0,767.0,750.0,750.5,10200,750.5,2.0
2016/08/05,764.5,764.5,750.0,750.5,13000,750.5,2.0
2016/08/08,757.0,759.5,750.0,750.0,14100,750,2.0
2016/08/09,756.5,759.5,749.5,753.0,10800,753,2.0
2016/08/10,758.0,758.0,742.5,755.5,15600,755.5,2.0
2016/08/12,765.0,776.0,745.5,758.0,19800,758,2.0
2016/08/15,754.5,758.5,747.5,751.0,7100,751,2.0
2016/08/16,751.0,752.5,749.5,750.0,7300,750,2.0
2016/08/17,750.0,751.0,741.0,743.5,13000,743.5,2.0
2016/08/18,740.5,756.0,724.0,745.0,9700,745,2.0
2016/08/19,745.0,745.0,738.5,740.5,6100,740.5,2.0
2016/08/22,750.0,755.5,750.0,753.0,7800,753,2.0
2016/08/23,757.0,757.0,739.0,745.0,11900,745,2.0
2016/08/24,745.0,747.0,741.5,746.0,4700,746,2.0
2016/08/25,746.0,751.0,739.0,739.0,14300,739,2.0
2016/08/26,738.0,740.5,732.0,734.0,6900,734,2.0
2016/08/29,734.0,737.0,726.5,730.0,8900,730,2.0
2016/08/30,732.0,737.0,715.0,717.0,8900,717,2.0
2016/08/31,730.0,737.0,715.0,733.5,13500,733.5,2.0
2016/09/01,724.5,725.0,719.5,721.5,6500,721.5,2.0
2016/09/02,717.5,718.5,714.0,715.0,12400,715,2.0
2016/09/05,715.5,715.5,698.0,702.5,14300,702.5,2.0
2016/09/06,696.5,707.0,695.0,696.0,12100,696,2.0
2016/09/07,704.5,711.0,695.5,705.5,11800,705.5,2.0
2016/09/08,720.0,720.0,702.5,706.5,11700,706.5,2.0
2016/09/09,713.0,716.5,704.0,708.0,6900,708,2.0
2016/09/12,701.0,701.0,682.0,685.0,25700,685,2.0
2016/09/13,685.0,693.0,684.5,684.5,12200,684.5,2.0
2016/09/14,677.5,687.0,676.5,680.5,10300,680.5,2.0
2016/09/15,695.5,697.5,681.5,690.5,9200,690.5,2.0
2016/09/16,695.0,697.0,680.0,684.0,8900,684,2.0
2016/09/20,680.5,686.5,677.5,679.0,9000,679,2.0
2016/09/21,678.0,692.0,674.0,686.5,14700,686.5,2.0
2016/09/23,686.5,701.0,686.5,697.5,30500,697.5,2.0
2016/09/26,700.0,723.0,700.0,720.0,18700,720,2.0
2016/09/27,720.0,720.5,709.0,720.5,11200,720.5,2.0
2016/09/28,724.5,724.5,706.0,709.0,5400,709,2.0
2016/09/29,708.0,731.5,707.5,729.5,19500,729.5,2.0
2016/09/30,719.5,731.0,715.5,719.5,10900,719.5,2.0
2016/10/03,732.5,732.5,720.0,726.5,17500,726.5,2.0
2016/10/04,726.5,733.5,721.5,732.0,10400,732,2.0
2016/10/05,739.5,745.0,732.0,740.0,12700,740,2.0
2016/10/06,747.0,747.0,734.5,735.5,7500,735.5,2.0
2016/10/07,750.0,754.0,743.5,751.0,20100,751,2.0
2016/10/11,742.5,757.5,742.5,754.5,9900,754.5,2.0
2016/10/12,754.5,761.5,754.0,754.0,7400,754,2.0
2016/10/13,760.0,765.5,757.0,764.0,11700,764,2.0
2016/10/14,764.0,770.5,761.5,767.5,7200,767.5,2.0
2016/10/17,775.0,775.0,762.5,768.5,11400,768.5,2.0
2016/10/18,768.5,801.0,768.5,799.5,23000,799.5,2.0
2016/10/19,799.5,810.0,779.5,782.5,13000,782.5,2.0
2016/10/20,783.0,792.0,770.0,792.0,13400,792,2.0
2016/10/21,792.0,792.0,776.0,777.0,7000,777,2.0
2016/10/24,776.0,784.0,753.0,782.0,17000,782,2.0
2016/10/25,782.5,827.0,782.0,816.5,30400,816.5,2.0
2016/10/26,816.5,824.0,812.5,815.5,8800,815.5,2.0
2016/10/27,809.5,822.5,808.5,819.0,8600,819,2.0
2016/10/28,818.5,829.5,812.5,823.5,19600,823.5,2.0
2016/10/31,825.0,832.0,793.5,796.0,19200,796,2.0
2016/11/01,791.0,807.0,785.0,790.0,16700,790,2.0
2016/11/02,774.5,779.5,750.0,756.5,26000,756.5,2.0
2016/11/04,750.0,754.0,736.5,752.5,16900,752.5,2.0
2016/11/07,752.0,762.5,750.0,751.0,9800,751,2.0
2016/11/08,750.5,753.0,743.0,743.0,7300,743,2.0
2016/11/09,742.5,749.5,709.5,718.5,16100,718.5,2.0
2016/11/10,734.5,749.0,731.0,733.0,10800,733,2.0
2016/11/11,753.5,764.0,752.5,755.0,16500,755,2.0
2016/11/14,754.5,768.0,754.5,759.5,4700,759.5,2.0
2016/11/15,756.0,761.0,756.0,756.0,2800,756,2.0
2016/11/16,760.0,763.0,754.5,761.5,5900,761.5,2.0
2016/11/17,760.5,760.5,750.0,759.5,4200,759.5,2.0
2016/11/18,760.5,768.0,760.5,763.0,10100,763,2.0
2016/11/21,797.0,805.0,785.0,797.0,32300,797,2.0
2016/11/22,800.0,812.0,799.0,811.5,7600,811.5,2.0
2016/11/24,814.0,815.0,805.5,809.5,11700,809.5,2.0
2016/11/25,809.5,825.0,809.5,824.5,12700,824.5,2.0
2016/11/28,825.0,844.0,822.0,844.0,18600,844,2.0
2016/11/29,844.5,861.5,841.5,856.5,32100,856.5,2.0
2016/11/30,857.5,870.0,815.5,867.5,24400,867.5,2.0
2016/12/01,849.5,867.5,835.0,840.5,12000,840.5,2.0
2016/12/02,840.0,864.5,840.0,861.0,14900,861,2.0
2016/12/05,856.0,860.5,840.5,847.5,6700,847.5,2.0
2016/12/06,857.0,872.0,852.0,864.5,12000,864.5,2.0
2016/12/07,867.5,875.0,844.0,863.0,8300,863,2.0
2016/12/08,857.0,865.0,852.0,852.5,8500,852.5,2.0
2016/12/09,854.0,869.5,854.0,865.5,23700,865.5,2.0
2016/12/12,865.0,881.0,865.0,876.0,17400,876,2.0
2016/12/13,875.5,880.0,834.0,874.0,30800,874,2.0
2016/12/14,872.5,885.0,866.0,880.5,14900,880.5,2.0
2016/12/15,881.0,897.5,876.0,895.0,20700,895,2.0
2016/12/16,899.0,905.0,895.0,905.0,26400,905,2.0
2016/12/19,894.5,920.0,875.0,915.5,25200,915.5,2.0
2016/12/20,915.5,941.5,899.5,933.5,31700,933.5,2.0
2016/12/21,930.0,930.0,894.5,897.5,20300,897.5,2.0
2016/12/22,897.5,940.0,897.5,937.5,26900,937.5,2.0
2016/12/26,940.0,963.5,940.0,957.5,23700,957.5,2.0
2016/12/27,954.5,966.0,950.0,959.0,24600,959,2.0
2016/12/28,951.5,951.5,933.0,935.5,9800,935.5,2.0
2016/12/29,935.5,935.5,896.0,908.0,13800,908,2.0
2016/12/30,902.5,918.5,895.0,915.5,7200,915.5,2.0
2017/01/04,920.0,944.5,920.0,942.0,8700,942,2.0
2017/01/05,949.0,962.0,942.0,946.0,27000,946,2.0
2017/01/06,946.5,950.0,920.0,933.0,18900,933,2.0
2017/01/10,935.5,942.0,911.0,935.5,13400,935.5,2.0
2017/01/11,931.5,931.5,914.0,915.5,4000,915.5,2.0
2017/01/12,925.5,925.5,903.0,905.5,11800,905.5,2.0
2017/01/13,914.0,931.0,910.5,927.0,13300,927,2.0
2017/01/16,927.0,927.0,902.5,907.5,7300,907.5,2.0
2017/01/17,901.5,901.5,889.5,892.5,7600,892.5,2.0
2017/01/18,885.5,919.0,875.5,914.0,15100,914,2.0
2017/01/19,910.0,950.0,906.0,942.5,20400,942.5,2.0
2017/01/20,948.0,969.5,938.0,967.5,23700,967.5,2.0
2017/01/23,969.0,974.0,948.5,956.5,11500,956.5,2.0
2017/01/24,955.0,958.0,930.0,947.0,14100,947,2.0
2017/01/25,952.0,981.0,952.0,980.5,19500,980.5,2.0
2017/01/26,981.5,1000.0,965.5,995.0,26100,995,2.0
2017/01/27,999.0,1050.0,989.0,1025.5,40400,1025.5,2.0
2017/01/30,1005.0,1030.0,974.5,974.5,31900,974.5,2.0
2017/01/31,974.5,1000.5,965.5,967.5,25500,967.5,2.0
2017/02/01,957.0,963.0,922.5,958.0,33800,958,2.0
2017/02/02,958.0,995.5,950.0,993.0,31000,993,2.0
2017/02/03,993.0,997.5,990.0,993.5,10400,993.5,2.0
2017/02/06,1000.0,1013.0,993.5,1002.5,10100,1002.5,2.0
2017/02/07,995.0,995.0,969.5,969.5,7400,969.5,2.0
2017/02/08,974.0,982.5,962.0,977.0,9000,977,2.0
2017/02/09,991.0,1008.5,973.0,995.5,15800,995.5,2.0
2017/02/10,1008.5,1034.0,995.5,1011.5,19200,1011.5,2.0
2017/02/13,986.5,1026.0,980.5,1001.5,17500,1001.5,2.0
2017/02/14,999.0,1059.0,999.0,1047.0,26500,1047,2.0
2017/02/15,1055.0,1092.5,1048.5,1052.0,25800,1052,2.0
2017/02/16,1052.0,1064.5,1011.5,1029.0,33300,1029,2.0
2017/02/17,1044.0,1073.5,1042.0,1068.5,17100,1068.5,2.0
2017/02/20,1068.5,1085.0,1055.0,1077.5,14600,1077.5,2.0
2017/02/21,1088.0,1089.5,1050.0,1065.0,17300,1065,2.0
2017/02/22,1065.5,1078.5,1050.5,1072.5,16400,1072.5,2.0
2017/02/23,1067.5,1086.0,1034.0,1056.5,14300,1056.5,2.0
2017/02/24,1056.5,1081.0,1055.5,1072.0,12300,1072,2.0
2017/02/27,1072.0,1075.5,1030.0,1041.5,22500,1041.5,2.0
2017/02/28,1057.5,1066.0,1030.5,1054.5,14500,1054.5,2.0
2017/03/01,1047.0,1065.0,1030.0,1065.0,15800,1065,2.0
2017/03/02,1075.5,1123.0,1050.0,1071.0,74700,1071,2.0
2017/03/03,1069.5,1075.0,1026.5,1042.5,48700,1042.5,2.0
2017/03/06,1047.0,1087.5,1042.5,1084.0,33700,1084,2.0
2017/03/07,1090.0,1120.0,1064.5,1066.0,40400,1066,2.0
2017/03/08,1060.0,1060.0,1015.5,1022.0,36000,1022,2.0
2017/03/09,1032.0,1041.0,1019.5,1034.5,22300,1034.5,2.0
2017/03/10,1039.0,1039.0,1016.5,1018.0,27200,1018,2.0
2017/03/13,1019.5,1043.5,968.0,992.5,40100,992.5,2.0
2017/03/14,986.0,1013.0,983.0,1010.0,13800,1010,2.0
2017/03/15,1020.0,1032.0,987.0,990.0,21800,990,2.0
2017/03/16,999.5,999.5,952.5,963.0,31300,963,2.0
2017/03/17,960.0,982.0,944.0,950.0,23100,950,2.0
2017/03/21,943.0,965.5,943.0,962.0,14200,962,2.0
2017/03/22,954.0,967.5,948.5,965.0,12000,965,2.0
2017/03/23,970.0,972.5,950.5,953.5,9400,953.5,2.0
2017/03/24,953.5,963.5,949.0,954.0,5700,954,2.0
2017/03/27,954.0,955.0,945.0,954.5,8500,954.5,2.0
2017/03/28,954.5,967.5,953.0,966.0,11700,966,2.0
2017/03/29,969.5,985.0,965.0,984.0,6700,984,2.0
2017/03/30,988.5,1007.0,988.5,1004.5,11900,1004.5,2.0
2017/03/31,1023.5,1050.0,1005.0,1005.5,22300,1005.5,2.0
2017/04/03,1007.5,1017.5,1007.5,1008.5,7700,1008.5,2.0
2017/04/04,1023.0,1024.5,964.5,981.0,26500,981,2.0
2017/04/05,981.0,990.0,973.0,987.5,13600,987.5,2.0
2017/04/06,981.0,981.0,959.0,970.5,19700,970.5,2.0
2017/04/07,984.0,984.0,932.5,937.5,18500,937.5,2.0
2017/04/10,938.0,949.0,900.0,911.5,37500,911.5,2.0
2017/04/11,913.5,922.0,899.0,906.5,14800,906.5,2.0
2017/04/12,901.0,902.5,878.0,881.0,18400,881,2.0
2017/04/13,867.5,889.5,865.0,874.5,19300,874.5,2.0
2017/04/14,874.5,890.5,871.0,883.0,7200,883,2.0
2017/04/17,883.0,896.5,880.0,895.5,6500,895.5,2.0
2017/04/18,908.0,917.5,908.0,917.5,8900,917.5,2.0
2017/04/19,912.5,924.0,910.0,915.0,7900,915,2.0
2017/04/20,921.0,922.5,914.0,915.5,6900,915.5,2.0
2017/04/21,920.0,923.5,911.5,919.5,8500,919.5,2.0
2017/04/24,922.5,928.0,912.5,920.0,9600,920,2.0
2017/04/25,921.5,932.5,921.0,921.5,12400,921.5,2.0
2017/04/26,932.5,934.0,922.5,923.0,14700,923,2.0
2017/04/27,924.0,939.5,917.0,922.5,27900,922.5,2.0
2017/04/28,927.0,934.0,923.0,929.5,18100,929.5,2.0
2017/05/01,930.0,937.0,924.5,936.5,15400,936.5,2.0
2017/05/02,955.0,962.0,949.5,951.5,21700,951.5,2.0
2017/05/08,963.5,977.0,963.5,974.5,22000,974.5,2.0
2017/05/09,983.5,998.5,977.0,986.5,17000,986.5,2.0
2017/05/10,994.5,994.5,979.5,993.0,17000,993,2.0
2017/05/11,1030.5,1063.5,1004.0,1060.0,61300,1060,2.0
2017/05/12,1049.5,1059.0,1026.5,1056.0,22300,1056,2.0
2017/05/15,1056.0,1068.5,1039.5,1068.5,17300,1068.5,2.0
2017/05/16,1065.5,1080.0,1062.5,1077.0,23200,1077,2.0
2017/05/17,1075.0,1075.0,1056.0,1066.0,14100,1066,2.0
2017/05/18,1038.0,1100.0,1038.0,1099.5,34500,1099.5,2.0
2017/05/19,1100.0,1180.5,1098.5,1177.5,85200,1177.5,2.0
2017/05/22,1249.5,1249.5,1186.0,1226.0,71000,1226,2.0
2017/05/23,1227.5,1270.0,1213.0,1237.5,52700,1237.5,2.0
2017/05/24,1244.0,1264.0,1234.0,1241.0,27900,1241,2.0
2017/05/25,1241.0,1250.0,1200.0,1206.5,30600,1206.5,2.0
2017/05/26,1221.5,1225.0,1172.0,1177.5,37100,1177.5,2.0
2017/05/29,1177.5,1210.5,1160.0,1202.5,34800,1202.5,2.0
2017/05/30,1209.5,1226.0,1189.0,1215.5,33200,1215.5,2.0
2017/05/31,1215.5,1221.0,1205.0,1216.5,31600,1216.5,2.0
2017/06/01,1216.5,1222.0,1212.0,1215.0,10800,1215,2.0
2017/06/02,1234.5,1236.0,1200.5,1206.5,34300,1206.5,2.0
2017/06/05,1220.0,1263.0,1206.0,1257.0,49600,1257,2.0
2017/06/06,1280.0,1340.0,1275.5,1319.5,64900,1319.5,2.0
2017/06/07,1325.0,1334.0,1276.0,1321.5,54200,1321.5,2.0
2017/06/08,1328.0,1375.5,1327.5,1358.5,62100,1358.5,2.0
2017/06/09,1365.0,1365.0,1305.0,1333.0,86000,1333,2.0
2017/06/12,1349.0,1349.0,1295.0,1317.5,30800,1317.5,2.0
2017/06/13,1319.5,1382.5,1313.5,1372.5,37700,1372.5,2.0
2017/06/14,1484.5,1498.5,1381.0,1435.5,143400,1435.5,2.0
2017/06/15,1430.0,1550.0,1416.5,1482.5,88800,1482.5,2.0
2017/06/16,1502.5,1550.0,1461.5,1466.5,87800,1466.5,2.0
2017/06/19,1491.5,1491.5,1429.0,1472.0,52000,1472,2.0
2017/06/20,1496.0,1496.0,1458.5,1458.5,37300,1458.5,2.0
2017/06/21,1465.0,1484.0,1440.0,1441.5,29800,1441.5,2.0
2017/06/22,1436.0,1445.0,1405.0,1412.5,48900,1412.5,2.0
2017/06/23,1415.5,1445.0,1398.5,1411.0,59900,1411,2.0
2017/06/26,1411.0,1420.5,1391.5,1406.5,40400,1406.5,2.0
2017/06/27,1405.0,1435.0,1402.0,1406.0,65800,1406,2.0
2017/06/28,1350,1396,1304,1386,246500,1386,1
2017/06/29,1363,1373,1326,1354,88700,1354,1
2017/06/30,1342,1345,1311,1336,68300,1336,1
2017/07/03,1317,1330,1284,1305,120800,1305,1
2017/07/04,1305,1310,1250,1271,136000,1271,1
2017/07/05,1271,1308,1253,1303,80000,1303,1
2017/07/06,1303,1303,1265,1274,52600,1274,1
2017/07/07,1267,1300,1267,1294,30600,1294,1
2017/07/10,1367,1372,1320,1332,65900,1332,1
2017/07/11,1332,1385,1327,1382,56900,1382,1
2017/07/12,1395,1397,1373,1386,45500,1386,1
2017/07/13,1397,1397,1316,1323,60400,1323,1
2017/07/14,1346,1346,1297,1304,65000,1304,1
2017/07/18,1297,1323,1290,1317,33000,1317,1
2017/07/19,1317,1340,1317,1330,33900,1330,1
2017/07/20,1343,1345,1310,1312,36300,1312,1
2017/07/21,1309,1323,1293,1316,26700,1316,1
2017/07/24,1320,1373,1317,1373,55800,1373,1
2017/07/25,1379,1380,1345,1359,38600,1359,1
2017/07/26,1362,1362,1325,1331,18900,1331,1
2017/07/27,1331,1334,1315,1322,14000,1322,1
2017/07/28,1328,1331,1298,1320,25900,1320,1
2017/07/31,1324,1324,1285,1318,39500,1318,1
2017/08/01,1312,1317,1280,1312,39000,1312,1
2017/08/02,1283,1295,1242,1262,75700,1262,1
2017/08/03,1261,1269,1246,1265,19700,1265,1
2017/08/04,1260,1272,1254,1271,11900,1271,1
2017/08/07,1272,1277,1262,1269,14400,1269,1
2017/08/08,1269,1282,1265,1281,15600,1281,1
2017/08/09,1290,1290,1240,1253,36600,1253,1
2017/08/10,1270,1270,1235,1250,27900,1250,1
2017/08/14,1250,1265,1234,1252,28000,1252,1
2017/08/15,1268,1295,1258,1283,32700,1283,1
2017/08/16,1292,1313,1273,1300,24300,1300,1
2017/08/17,1320,1364,1302,1354,47000,1354,1
2017/08/18,1355,1362,1329,1360,38100,1360,1
2017/08/21,1375,1398,1341,1362,75400,1362,1
2017/08/22,1378,1391,1362,1380,57900,1380,1
2017/08/23,1390,1391,1363,1375,29200,1375,1
2017/08/24,1376,1376,1341,1348,24400,1348,1
2017/08/25,1348,1348,1307,1307,35300,1307,1
2017/08/28,1296,1344,1295,1335,39100,1335,1
2017/08/29,1326,1328,1310,1314,22000,1314,1
2017/08/30,1322,1328,1307,1316,16000,1316,1
2017/08/31,1316,1324,1306,1310,10700,1310,1
2017/09/01,1331,1357,1317,1357,43300,1357,1
2017/09/04,1355,1356,1315,1351,40400,1351,1
2017/09/05,1350,1350,1280,1295,60100,1295,1
2017/09/06,1267,1299,1267,1284,39000,1284,1
2017/09/07,1292,1312,1289,1306,25400,1306,1
2017/09/08,1300,1305,1285,1287,17400,1287,1
2017/09/11,1305,1323,1301,1319,21000,1319,1
2017/09/12,1330,1338,1319,1338,18000,1338,1
2017/09/13,1346,1364,1327,1355,30800,1355,1
2017/09/14,1361,1364,1306,1326,28800,1326,1
2017/09/15,1310,1329,1304,1325,8400,1325,1
2017/09/19,1348,1348,1335,1346,13000,1346,1
2017/09/20,1347,1347,1334,1346,13200,1346,1
2017/09/21,1337,1344,1318,1320,14400,1320,1
2017/09/22,1312,1320,1298,1308,20200,1308,1
2017/09/25,1311,1327,1304,1310,12500,1310,1
2017/09/26,1300,1307,1291,1295,21500,1295,1
2017/09/27,1309,1346,1298,1340,28000,1340,1
2017/09/28,1345,1380,1342,1377,35500,1377,1
2017/09/29,1380,1380,1335,1342,17800,1342,1
2017/10/02,1379,1430,1367,1422,147200,1422,1
2017/10/03,1426,1426,1341,1380,105200,1380,1
2017/10/04,1375,1387,1355,1359,47200,1359,1
2017/10/05,1353,1360,1334,1339,25200,1339,1
2017/10/06,1340,1346,1312,1320,54400,1320,1
2017/10/10,1333,1375,1328,1367,40400,1367,1
2017/10/11,1373,1373,1343,1349,37000,1349,1
2017/10/12,1344,1355,1333,1338,16200,1338,1
2017/10/13,1336,1343,1321,1333,17100,1333,1
2017/10/16,1332,1343,1321,1321,13700,1321,1
2017/10/17,1315,1322,1305,1309,38400,1309,1
2017/10/18,1309,1309,1292,1296,37800,1296,1
2017/10/19,1293,1297,1290,1294,19100,1294,1
2017/10/20,1294,1309,1293,1307,14900,1307,1
2017/10/23,1304,1310,1300,1310,12900,1310,1
2017/10/24,1316,1340,1316,1335,24800,1335,1
2017/10/25,1340,1350,1323,1330,22700,1330,1
2017/10/26,1341,1364,1341,1357,27000,1357,1
2017/10/27,1357,1364,1341,1346,20500,1346,1
2017/10/30,1346,1357,1332,1338,25600,1338,1
2017/10/31,1340,1372,1320,1361,38000,1361,1
2017/11/01,1361,1402,1346,1354,54600,1354,1
2017/11/02,1380,1380,1330,1362,20400,1362,1
2017/11/06,1379,1399,1372,1374,27700,1374,1
2017/11/07,1374,1393,1374,1381,16800,1381,1
2017/11/08,1381,1383,1367,1370,16500,1370,1
2017/11/09,1372,1395,1348,1361,29200,1361,1
2017/11/10,1374,1385,1353,1377,31000,1377,1
2017/11/13,1230,1305,1230,1274,115500,1274,1
2017/11/14,1265,1272,1235,1254,42700,1254,1
2017/11/15,1233,1241,1195,1195,71800,1195,1
2017/11/16,1184,1194,1153,1158,79800,1158,1
2017/11/17,1170,1221,1170,1184,95400,1184,1
2017/11/20,1185,1200,1176,1186,33900,1186,1
2017/11/21,1200,1204,1163,1170,56700,1170,1
2017/11/22,1179,1179,1157,1159,61000,1159,1
2017/11/24,1170,1170,1135,1158,94400,1158,1
2017/11/27,1164,1164,1137,1139,41600,1139,1
2017/11/28,1142,1157,1137,1151,31200,1151,1
2017/11/29,1151,1170,1148,1153,28100,1153,1
2017/11/30,1175,1241,1164,1211,134800,1211,1
2017/12/01,1241,1247,1212,1226,114000,1226,1
2017/12/04,1250,1276,1225,1232,101000,1232,1
2017/12/05,1234,1268,1234,1252,71100,1252,1
2017/12/06,1265,1265,1193,1198,57600,1198,1
2017/12/07,1215,1238,1198,1203,22600,1203,1
2017/12/08,1195,1223,1195,1216,28400,1216,1
2017/12/11,1246,1287,1240,1270,73500,1270,1
2017/12/12,1284,1320,1278,1315,67100,1315,1
2017/12/13,1325,1362,1313,1342,84200,1342,1
2017/12/14,1347,1373,1316,1319,67900,1319,1
2017/12/15,1316,1343,1297,1336,50000,1336,1
2017/12/18,1324,1333,1302,1302,19500,1302,1
2017/12/19,1332,1332,1303,1306,22200,1306,1
2017/12/20,1302,1345,1302,1332,39900,1332,1
2017/12/21,1350,1363,1335,1352,54400,1352,1
2017/12/22,1350,1368,1347,1353,42800,1353,1
2017/12/25,1353,1362,1340,1341,17900,1341,1
2017/12/26,1350,1365,1344,1356,41200,1356,1
2017/12/27,1352,1364,1350,1364,26600,1364,1
2017/12/28,1370,1408,1370,1404,118900,1404,1
2017/12/29,1430,1468,1424,1455,106800,1455,1
2018/01/04,1451,1491,1429,1488,60000,1488,1
2018/01/05,1498,1508,1491,1501,49500,1501,1
2018/01/09,1506,1506,1470,1501,59500,1501,1
2018/01/10,1498,1519,1488,1507,45800,1507,1
2018/01/11,1501,1501,1445,1469,39500,1469,1
2018/01/12,1457,1496,1457,1483,30500,1483,1
2018/01/15,1484,1485,1455,1458,21700,1458,1
2018/01/16,1456,1456,1432,1436,19100,1436,1
2018/01/17,1431,1457,1423,1457,43300,1457,1
2018/01/18,1456,1478,1446,1447,27800,1447,1
2018/01/19,1447,1448,1421,1425,15100,1425,1
2018/01/22,1425,1426,1405,1410,35200,1410,1
2018/01/23,1412,1419,1407,1414,15200,1414,1
2018/01/24,1422,1428,1403,1408,23400,1408,1
2018/01/25,1420,1484,1418,1475,64400,1475,1
2018/01/26,1500,1604,1499,1565,121800,1565,1
2018/01/29,1562,1581,1507,1509,40700,1509,1
2018/01/30,1522,1531,1468,1486,50200,1486,1
2018/01/31,1494,1520,1483,1501,35300,1501,1
2018/02/01,1490,1490,1426,1442,57300,1442,1
2018/02/02,1438,1438,1369,1397,49700,1397,1
2018/02/05,1383,1383,1326,1344,55400,1344,1
2018/02/06,1284,1291,1229,1269,94900,1269,1
2018/02/07,1322,1323,1253,1254,69400,1254,1
2018/02/08,1254,1282,1253,1272,31700,1272,1
2018/02/09,1238,1263,1220,1258,36400,1258,1
2018/02/13,1287,1292,1220,1221,50600,1221,1
2018/02/14,1201,1259,1152,1245,109300,1245,1
2018/02/15,1215,1230,1168,1212,92400,1212,1
2018/02/16,1239,1369,1236,1310,134000,1310,1
2018/02/19,1319,1430,1314,1391,70800,1391,1
2018/02/20,1390,1412,1367,1403,28200,1403,1
2018/02/21,1397,1424,1382,1383,29300,1383,1
2018/02/22,1390,1390,1355,1366,21500,1366,1
2018/02/23,1386,1386,1328,1338,21300,1338,1
2018/02/26,1360,1369,1338,1363,24400,1363,1
2018/02/27,1400,1400,1351,1368,19200,1368,1
2018/02/28,1360,1376,1336,1340,24400,1340,1
2018/03/01,1349,1349,1303,1318,18300,1318,1
2018/03/02,1299,1333,1291,1331,13900,1331,1
2018/03/05,1330,1330,1270,1297,18900,1297,1
2018/03/06,1324,1344,1305,1330,12300,1330,1
2018/03/07,1343,1344,1312,1325,8900,1325,1
2018/03/08,1300,1328,1295,1305,18600,1305,1
2018/03/09,1315,1326,1295,1299,14900,1299,1
2018/03/12,1310,1316,1269,1295,16900,1295,1
2018/03/13,1297,1318,1280,1310,22000,1310,1
2018/03/14,1339,1339,1301,1311,23100,1311,1
2018/03/15,1322,1322,1287,1294,15700,1294,1
2018/03/16,1306,1306,1274,1282,18700,1282,1
2018/03/19,1272,1278,1242,1263,21200,1263,1
2018/03/20,1244,1254,1235,1244,17900,1244,1
2018/03/22,1255,1267,1239,1251,26800,1251,1
2018/03/23,1210,1224,1170,1202,64200,1202,1
2018/03/26,1250,1285,1222,1285,53000,1285,1
2018/03/27,1298,1325,1291,1322,24500,1322,1
2018/03/28,1327,1329,1297,1325,21900,1325,1
2018/03/29,1334,1347,1321,1346,20600,1346,1
2018/03/30,1351,1351,1325,1326,18400,1326,1
2018/04/02,1332,1385,1329,1376,20800,1376,1
2018/04/03,1360,1370,1327,1329,28500,1329,1
2018/04/04,1337,1368,1335,1348,25200,1348,1
2018/04/05,1355,1355,1328,1339,20300,1339,1
2018/04/06,1356,1356,1334,1339,10800,1339,1
2018/04/09,1348,1360,1340,1355,15700,1355,1
2018/04/10,1360,1423,1360,1415,53000,1415,1
2018/04/11,1425,1425,1358,1361,24700,1361,1
2018/04/12,1366,1387,1366,1376,8200,1376,1
2018/04/13,1379,1395,1379,1391,6100,1391,1
2018/04/16,1410,1416,1369,1378,16800,1378,1
2018/04/17,1392,1393,1339,1350,16600,1350,1
2018/04/18,1351,1371,1351,1366,6500,1366,1
2018/04/19,1366,1379,1356,1372,7400,1372,1
2018/04/20,1372,1396,1372,1391,5600,1391,1
2018/04/23,1362,1372,1347,1349,30700,1349,1
2018/04/24,1352,1366,1350,1365,12400,1365,1
2018/04/25,1365,1386,1365,1385,6700,1385,1
2018/04/26,1395,1420,1385,1417,19900,1417,1
2018/04/27,1363,1421,1363,1402,39000,1402,1
2018/05/01,1400,1436,1384,1435,19500,1435,1
2018/05/02,1450,1473,1428,1468,30000,1468,1
2018/05/07,1470,1497,1470,1490,28000,1490,1
2018/05/08,1504,1528,1497,1508,34200,1508,1
2018/05/09,1508,1508,1475,1485,25700,1485,1
2018/05/10,1471,1472,1430,1435,30600,1435,1
2018/05/11,1375,1386,1291,1305,133600,1305,1
2018/05/14,1327,1344,1315,1343,26700,1343,1
2018/05/15,1355,1373,1350,1362,18900,1362,1
2018/05/16,1362,1367,1336,1357,18700,1357,1
2018/05/17,1363,1363,1322,1339,25900,1339,1
2018/05/18,1352,1366,1338,1363,17900,1363,1
2018/05/21,1370,1394,1370,1393,13900,1393,1
2018/05/22,1393,1446,1387,1432,28800,1432,1
2018/05/23,1428,1441,1407,1440,23200,1440,1
2018/05/24,1310,1339,1290,1323,148100,1323,1
2018/05/25,1324,1349,1323,1341,29800,1341,1
2018/05/28,1350,1365,1316,1328,30200,1328,1
2018/05/29,1333,1338,1312,1330,17700,1330,1
2018/05/30,1321,1334,1316,1325,14900,1325,1
2018/05/31,1330,1339,1319,1327,23000,1327,1
2018/06/01,1338,1360,1299,1315,63500,1315,1
2018/06/04,1324,1326,1287,1311,64900,1311,1
2018/06/05,1308,1311,1290,1297,41100,1297,1
2018/06/06,1295,1302,1289,1302,41900,1302,1
2018/06/07,1312,1339,1311,1339,27500,1339,1
2018/06/08,1331,1343,1326,1342,25400,1342,1
2018/06/11,1349,1360,1344,1354,29400,1354,1
2018/06/12,1364,1374,1357,1368,31800,1368,1
2018/06/13,1370,1371,1347,1357,29700,1357,1
2018/06/14,1350,1360,1337,1349,33800,1349,1
2018/06/15,1345,1365,1339,1365,32600,1365,1
2018/06/18,1365,1365,1343,1356,24500,1356,1
2018/06/19,1356,1370,1340,1344,20900,1344,1
2018/06/20,1339,1348,1322,1340,29300,1340,1
2018/06/21,1347,1361,1328,1329,43700,1329,1
2018/06/22,1329,1340,1324,1335,21200,1335,1
2018/06/25,1342,1347,1313,1320,53700,1320,1
2018/06/26,1320,1351,1311,1339,80600,1339,1
2018/06/27,1282,1286,1224,1232,115700,1232,1
2018/06/28,1232,1234,1198,1210,35900,1210,1
2018/06/29,1198,1206,1194,1205,18200,1205,1
2018/07/02,1205,1230,1196,1210,32100,1210,1
2018/07/03,1203,1215,1179,1184,27400,1184,1
2018/07/04,1173,1177,1160,1162,20000,1162,1
2018/07/05,1171,1171,1117,1120,28000,1120,1
2018/07/06,1120,1166,1120,1166,15200,1166,1
2018/07/09,1166,1171,1156,1167,11700,1167,1
2018/07/10,1170,1189,1170,1178,11100,1178,1
2018/07/11,1195,1195,1154,1156,11200,1156,1
2018/07/12,1155,1163,1148,1149,6700,1149,1
2018/07/13,1148,1164,1141,1161,8900,1161,1
2018/07/17,1160,1179,1160,1171,6600,1171,1
2018/07/18,1184,1184,1175,1182,4200,1182,1
2018/07/19,1183,1189,1166,1168,7200,1168,1
2018/07/20,1160,1161,1143,1157,13400,1157,1
2018/07/23,1157,1170,1155,1158,6700,1158,1
2018/07/24,1177,1186,1174,1183,7300,1183,1
2018/07/25,1197,1221,1193,1203,22500,1203,1
2018/07/26,1218,1218,1195,1200,16200,1200,1
2018/07/27,1220,1220,1196,1206,7800,1206,1
2018/07/30,1208,1214,1198,1207,8700,1207,1
2018/07/31,1214,1214,1200,1205,7900,1205,1
2018/08/01,1218,1233,1206,1215,14500,1215,1
2018/08/02,1225,1234,1205,1215,15600,1215,1
2018/08/03,1206,1207,1191,1192,10800,1192,1
2018/08/06,1192,1192,1174,1176,10500,1176,1
2018/08/07,1175,1184,1175,1178,5400,1178,1
2018/08/08,1207,1233,1195,1222,20000,1222,1
2018/08/09,1222,1243,1210,1241,16400,1241,1
2018/08/10,1220,1223,1205,1223,14600,1223,1
2018/08/13,1220,1220,1162,1167,29000,1167,1
2018/08/14,1168,1177,1162,1174,7200,1174,1
