2015/04/24,893.33,1036.67,883.33,916.33,2466902,916.33,3.0
2015/04/27,866.33,898.67,840.67,850.33,424200,850.33,3.0
2015/04/28,841.33,843.0,773.67,785.0,285400,785,3.0
2015/04/30,770.0,805.0,752.0,796.0,146800,796,3.0
2015/05/01,783.33,783.33,741.0,753.33,86100,753.33,3.0
2015/05/07,770.0,771.33,716.67,731.67,56700,731.67,3.0
2015/05/08,740.0,788.0,723.67,760.0,61100,760,3.0
2015/05/11,760.0,760.33,727.67,736.67,35400,736.67,3.0
2015/05/12,748.67,800.0,740.0,776.33,69700,776.33,3.0
2015/05/13,783.33,783.67,759.0,783.67,37300,783.67,3.0
2015/05/14,776.67,780.0,743.33,744.0,31500,744,3.0
2015/05/15,760.67,766.67,746.33,753.33,24100,753.33,3.0
2015/05/18,800.0,800.0,759.33,771.67,74400,771.67,3.0
2015/05/19,766.33,770.67,753.67,766.67,26700,766.67,3.0
2015/05/20,766.67,766.67,715.67,722.67,84400,722.67,3.0
2015/05/21,716.67,716.67,686.67,697.67,51500,697.67,3.0
2015/05/22,700.33,708.67,691.67,692.0,23600,692,3.0
2015/05/25,700.0,716.67,693.33,699.33,24600,699.33,3.0
2015/05/26,704.67,749.67,693.33,749.67,52500,749.67,3.0
2015/05/27,760.0,762.33,737.33,742.33,49000,742.33,3.0
2015/05/28,781.67,783.33,745.0,756.67,87600,756.67,3.0
2015/05/29,746.67,747.33,713.67,720.67,39400,720.67,3.0
2015/06/01,723.33,750.33,723.0,749.0,21500,749,3.0
2015/06/02,761.67,776.33,744.0,765.33,31500,765.33,3.0
2015/06/03,766.67,766.67,750.0,751.67,13100,751.67,3.0
2015/06/04,750.33,773.33,744.0,753.33,23900,753.33,3.0
2015/06/05,753.33,809.33,753.33,809.33,147700,809.33,3.0
2015/06/08,842.67,848.67,794.33,800.0,193600,800,3.0
2015/06/09,783.33,796.67,730.67,737.67,71100,737.67,3.0
2015/06/10,736.67,756.0,726.67,734.0,25000,734,3.0
2015/06/11,749.33,756.33,737.0,750.33,11500,750.33,3.0
2015/06/12,753.67,778.33,753.67,778.33,23300,778.33,3.0
2015/06/15,785.0,798.0,785.0,786.67,23000,786.67,3.0
2015/06/16,800.0,802.0,771.33,778.33,23900,778.33,3.0
2015/06/17,771.67,775.67,755.67,765.67,9200,765.67,3.0
2015/06/18,768.33,773.67,754.33,754.67,8800,754.67,3.0
2015/06/19,766.0,766.0,741.67,750.0,11600,750,3.0
2015/06/22,750.0,764.67,735.67,755.0,11200,755,3.0
2015/06/23,784.0,831.67,784.0,815.0,140900,815,3.0
2015/06/24,839.67,853.33,805.0,812.0,122900,812,3.0
2015/06/25,828.67,833.33,810.67,830.0,71400,830,3.0
2015/06/26,853.33,975.67,853.33,965.67,278300,965.67,3.0
2015/06/29,933.33,1070.0,916.67,1028.33,482300,1028.33,3.0
2015/06/30,1033.33,1110.0,950.0,993.67,285000,993.67,3.0
2015/07/01,1010.0,1161.67,979.33,1145.0,196900,1145,3.0
2015/07/02,1156.67,1266.67,1066.67,1200.0,295600,1200,3.0
2015/07/03,1173.33,1190.0,1088.33,1105.0,99700,1105,3.0
2015/07/06,1058.33,1086.67,995.0,1086.67,171900,1086.67,3.0
2015/07/07,1150.0,1201.67,1113.33,1140.0,121400,1140,3.0
2015/07/08,1116.67,1128.33,1026.67,1051.67,121500,1051.67,3.0
2015/07/09,995.0,1070.0,893.33,1028.33,227000,1028.33,3.0
2015/07/10,1011.67,1101.67,972.67,993.0,87500,993,3.0
2015/07/13,1010.0,1033.33,994.0,1008.33,50700,1008.33,3.0
2015/07/14,1030.0,1075.0,1026.67,1046.67,65100,1046.67,3.0
2015/07/15,1053.33,1116.67,1038.33,1111.67,62300,1111.67,3.0
2015/07/16,1158.33,1276.67,1113.33,1266.67,191400,1266.67,3.0
2015/07/17,1300.0,1326.67,1233.33,1326.67,162300,1326.67,3.0
2015/07/21,1353.33,1423.33,1268.33,1341.67,203300,1341.67,3.0
2015/07/22,1373.33,1575.0,1333.33,1566.67,439400,1566.67,3.0
2015/07/23,1496.67,1510.0,1333.33,1333.33,389000,1333.33,3.0
2015/07/24,1310.0,1400.0,1268.33,1308.33,177800,1308.33,3.0
2015/07/27,1331.67,1458.33,1300.0,1393.33,143800,1393.33,3.0
2015/07/28,1323.33,1430.0,1303.33,1383.33,98600,1383.33,3.0
2015/07/29,1406.67,1406.67,1335.0,1381.67,47600,1381.67,3.0
2015/07/30,1383.33,1498.33,1383.33,1498.33,148700,1498.33,3.0
2015/07/31,1500.0,1555.0,1420.0,1455.0,135200,1455,3.0
2015/08/03,1463.33,1463.33,1366.67,1381.67,60300,1381.67,3.0
2015/08/04,1366.67,1383.33,1310.0,1343.33,51100,1343.33,3.0
2015/08/05,1336.67,1443.33,1316.67,1425.0,64000,1425,3.0
2015/08/06,1450.0,1480.0,1395.0,1405.0,51400,1405,3.0
2015/08/07,1393.33,1395.0,1338.33,1373.33,28800,1373.33,3.0
2015/08/10,1353.33,1403.33,1353.33,1373.33,17000,1373.33,3.0
2015/08/11,1386.67,1431.67,1373.33,1421.67,35800,1421.67,3.0
2015/08/12,1463.33,1511.67,1356.67,1388.33,134100,1388.33,3.0
2015/08/13,1400.0,1425.0,1360.0,1373.33,32900,1373.33,3.0
2015/08/14,1383.33,1410.0,1296.67,1311.67,90200,1311.67,3.0
2015/08/17,1188.33,1248.33,1110.0,1181.67,256400,1181.67,3.0
2015/08/18,1160.0,1226.67,1160.0,1193.33,50000,1193.33,3.0
2015/08/19,1216.67,1263.33,1160.0,1170.0,91100,1170,3.0
2015/08/20,1170.0,1226.67,1170.0,1205.0,62600,1205,3.0
2015/08/21,1131.67,1171.67,1106.67,1125.0,61300,1125,3.0
2015/08/24,1030.0,1046.67,891.67,913.33,275800,913.33,3.0
2015/08/25,896.67,963.0,766.67,798.33,242000,798.33,3.0
2015/08/26,848.33,923.33,822.0,895.33,136000,895.33,3.0
2015/08/27,912.0,955.67,895.33,898.33,103800,898.33,3.0
2015/08/28,943.67,975.0,943.33,961.67,104100,961.67,3.0
2015/08/31,955.33,993.33,941.0,944.67,77900,944.67,3.0
2015/09/01,944.67,946.67,853.33,891.67,66200,891.67,3.0
2015/09/02,841.67,932.33,839.0,906.67,45500,906.67,3.0
2015/09/03,923.33,931.67,860.67,860.67,34100,860.67,3.0
2015/09/04,849.67,853.33,733.33,783.33,103300,783.33,3.0
2015/09/07,783.33,793.33,741.67,756.33,51400,756.33,3.0
2015/09/08,796.0,800.0,710.67,720.67,73400,720.67,3.0
2015/09/09,786.67,833.67,753.33,833.33,77800,833.33,3.0
2015/09/10,793.33,831.67,783.67,824.0,40200,824,3.0
2015/09/11,832.67,906.67,826.67,888.33,47900,888.33,3.0
2015/09/14,940.0,978.33,917.0,934.67,99200,934.67,3.0
2015/09/15,940.0,944.33,866.67,888.33,50200,888.33,3.0
2015/09/16,910.0,916.67,838.33,855.33,36500,855.33,3.0
2015/09/17,866.67,906.67,866.67,906.67,15700,906.67,3.0
2015/09/18,890.0,941.67,885.67,930.0,24500,930,3.0
2015/09/24,914.67,942.33,893.33,941.67,19300,941.67,3.0
2015/09/25,925.0,946.67,900.0,920.0,24900,920,3.0
2015/09/28,940,950,911,950,24000,950,1
2015/09/29,942,942,845,868,61000,868,1
2015/09/30,875,919,870,902,25800,902,1
2015/10/01,901,922,880,908,24400,908,1
2015/10/02,900,934,885,928,25300,928,1
2015/10/05,936,964,925,931,63100,931,1
2015/10/06,932,937,876,887,63700,887,1
2015/10/07,875,900,859,885,34300,885,1
2015/10/08,884,909,872,878,33200,878,1
2015/10/09,902,998,889,934,122200,934,1
2015/10/13,942,993,942,982,97100,982,1
2015/10/14,981,1074,948,1060,174300,1060,1
2015/10/15,1023,1050,1013,1032,101300,1032,1
2015/10/16,1060,1098,1028,1036,105800,1036,1
2015/10/19,1037,1060,1002,1016,89700,1016,1
2015/10/20,1003,1024,962,999,72100,999,1
2015/10/21,998,1000,971,971,38200,971,1
2015/10/22,990,1121,982,1109,414200,1109,1
2015/10/23,1118,1150,1048,1090,231900,1090,1
2015/10/26,1030,1061,1011,1028,100400,1028,1
2015/10/27,1032,1080,992,1019,91600,1019,1
2015/10/28,1029,1035,985,985,65200,985,1
2015/10/29,1030,1040,990,1019,72400,1019,1
2015/10/30,1006,1020,996,1008,50900,1008,1
2015/11/02,1000,1046,998,1010,35000,1010,1
2015/11/04,1027,1040,985,985,65000,985,1
2015/11/05,967,967,888,899,158000,899,1
2015/11/06,899,935,866,921,57900,921,1
2015/11/09,920,923,882,891,105800,891,1
2015/11/10,897,935,888,890,47300,890,1
2015/11/11,892,943,892,940,65000,940,1
2015/11/12,925,925,871,884,92800,884,1
2015/11/13,866,880,827,842,95100,842,1
2015/11/16,820,842,811,836,35900,836,1
2015/11/17,848,882,842,853,39800,853,1
2015/11/18,868,880,850,850,94400,850,1
2015/11/19,857,868,845,850,43500,850,1
2015/11/20,838,857,835,845,38400,845,1
2015/11/24,851,888,851,878,75100,878,1
2015/11/25,902,940,895,937,99900,937,1
2015/11/26,907,946,907,931,107900,931,1
2015/11/27,946,986,890,911,322000,911,1
2015/11/30,923,925,902,905,60100,905,1
2015/12/01,905,907,880,890,70100,890,1
2015/12/02,891,920,891,915,65200,915,1
2015/12/03,919,921,905,912,29100,912,1
2015/12/04,895,920,890,917,65800,917,1
2015/12/07,928,929,893,912,64200,912,1
2015/12/08,906,913,893,896,48600,896,1
2015/12/09,892,893,858,867,74800,867,1
2015/12/10,852,863,845,848,53600,848,1
2015/12/11,863,865,851,858,36100,858,1
2015/12/14,843,850,821,835,67600,835,1
2015/12/15,843,843,804,813,55100,813,1
2015/12/16,824,838,814,827,31000,827,1
2015/12/17,830,850,826,845,45500,845,1
2015/12/18,843,845,832,835,21400,835,1
2015/12/21,844,845,831,843,32400,843,1
2015/12/22,858,858,782,802,79900,802,1
2015/12/24,805,805,742,761,170600,761,1
2015/12/25,731,760,731,757,145000,757,1
2015/12/28,758,791,758,787,33200,787,1
2015/12/29,792,815,782,815,46400,815,1
2015/12/30,816,820,801,808,27400,808,1
2016/01/04,800,800,758,767,75700,767,1
2016/01/05,757,762,742,750,77000,750,1
2016/01/06,765,765,745,758,54700,758,1
2016/01/07,750,769,745,758,43100,758,1
2016/01/08,745,750,712,735,100400,735,1
2016/01/12,725,729,658,674,109800,674,1
2016/01/13,690,717,690,708,52100,708,1
2016/01/14,677,679,656,669,72600,669,1
2016/01/15,682,698,663,677,76000,677,1
2016/01/18,647,650,620,642,85400,642,1
2016/01/19,642,669,635,668,39400,668,1
2016/01/20,667,667,611,617,65000,617,1
2016/01/21,607,636,583,598,73500,598,1
2016/01/22,638,654,620,654,43100,654,1
2016/01/25,671,690,660,684,34600,684,1
2016/01/26,678,725,670,720,79000,720,1
2016/01/27,738,765,706,713,59500,713,1
2016/01/28,716,730,683,709,49600,709,1
2016/01/29,709,719,685,719,37500,719,1
2016/02/01,749,749,727,737,35100,737,1
2016/02/02,737,745,728,742,15200,742,1
2016/02/03,731,732,709,710,15600,710,1
2016/02/04,703,715,685,689,22100,689,1
2016/02/05,672,695,651,663,32400,663,1
2016/02/08,649,690,649,673,28600,673,1
2016/02/09,643,666,625,642,80400,642,1
2016/02/10,629,645,580,599,107300,599,1
2016/02/12,560,568,515,521,140400,521,1
2016/02/15,566,572,520,532,131700,532,1
2016/02/16,530,550,527,542,45600,542,1
2016/02/17,542,566,527,528,38000,528,1
2016/02/18,541,609,541,572,91200,572,1
2016/02/19,571,617,560,613,84500,613,1
2016/02/22,605,676,605,661,103300,661,1
2016/02/23,701,713,656,674,122900,674,1
2016/02/24,649,698,649,682,61000,682,1
2016/02/25,690,729,690,720,59800,720,1
2016/02/26,740,745,720,724,60500,724,1
2016/02/29,726,735,707,711,36000,711,1
2016/03/01,701,711,680,691,35500,691,1
2016/03/02,710,710,679,682,33600,682,1
2016/03/03,700,700,675,682,27900,682,1
2016/03/04,673,725,672,723,36700,723,1
2016/03/07,738,738,712,712,12400,712,1
2016/03/08,703,714,693,695,22600,695,1
2016/03/09,691,702,686,688,11200,688,1
2016/03/10,715,736,688,695,115100,695,1
2016/03/11,695,696,680,681,32400,681,1
2016/03/14,700,703,685,691,34000,691,1
2016/03/15,701,709,695,703,27000,703,1
2016/03/16,703,711,688,695,42600,695,1
2016/03/17,701,720,701,718,28800,718,1
2016/03/18,720,721,691,701,37700,701,1
2016/03/22,716,767,706,758,118800,758,1
2016/03/23,788,805,735,735,165800,735,1
2016/03/24,725,781,717,772,96500,772,1
2016/03/25,780,828,764,828,300500,828,1
2016/03/28,826,874,789,874,208600,874,1
2016/03/29,873,915,841,853,147300,853,1
2016/03/30,853,865,811,828,88800,828,1
2016/03/31,821,884,821,851,83200,851,1
2016/04/01,856,860,781,814,105900,814,1
2016/04/04,799,808,777,794,43300,794,1
2016/04/05,784,806,722,761,84800,761,1
2016/04/06,746,813,728,807,56100,807,1
2016/04/07,816,860,781,858,112300,858,1
2016/04/08,828,865,814,854,72900,854,1
2016/04/11,869,869,816,835,67500,835,1
2016/04/12,847,847,803,817,34000,817,1
2016/04/13,818,846,818,837,35100,837,1
2016/04/14,850,928,845,923,169100,923,1
2016/04/15,908,956,884,945,124800,945,1
2016/04/18,915,938,882,900,103700,900,1
2016/04/19,915,1010,905,962,292600,962,1
2016/04/20,960,986,900,919,140400,919,1
2016/04/21,928,955,921,926,79100,926,1
2016/04/22,926,927,870,880,119200,880,1
2016/04/25,895,960,887,950,103600,950,1
2016/04/26,959,959,865,905,111200,905,1
2016/04/27,900,932,860,924,55300,924,1
2016/04/28,923,923,860,882,39300,882,1
2016/05/02,840,869,830,852,46600,852,1
2016/05/06,861,889,835,864,38100,864,1
2016/05/09,897,935,882,922,97600,922,1
2016/05/10,930,934,900,900,48900,900,1
2016/05/11,915,924,894,920,34600,920,1
2016/05/12,909,935,900,905,45200,905,1
2016/05/13,901,922,872,875,95100,875,1
2016/05/16,890,890,779,780,199600,780,1
2016/05/17,806,850,797,845,96100,845,1
2016/05/18,837,844,780,783,105000,783,1
2016/05/19,790,802,781,785,30300,785,1
2016/05/20,787,801,783,785,21700,785,1
2016/05/23,794,825,791,822,31000,822,1
2016/05/24,840,840,775,780,105100,780,1
2016/05/25,790,800,778,779,47600,779,1
2016/05/26,780,786,740,752,81600,752,1
2016/05/27,750,752,734,746,59800,746,1
2016/05/30,743,782,743,777,41300,777,1
2016/05/31,791,808,780,784,51900,784,1
2016/06/01,785,789,767,771,37200,771,1
2016/06/02,786,786,757,773,28700,773,1
2016/06/03,781,803,781,794,66300,794,1
2016/06/06,790,805,772,798,49000,798,1
2016/06/07,803,830,803,815,100000,815,1
2016/06/08,822,831,810,816,64800,816,1
2016/06/09,808,815,789,807,48600,807,1
2016/06/10,801,809,793,793,21600,793,1
2016/06/13,785,790,734,750,73000,750,1
2016/06/14,738,745,690,705,89000,705,1
2016/06/15,702,737,702,732,25100,732,1
2016/06/16,717,723,681,689,79500,689,1
2016/06/17,701,718,672,686,55100,686,1
2016/06/20,696,734,692,734,32200,734,1
2016/06/21,719,733,710,710,68400,710,1
2016/06/22,725,725,696,699,64300,699,1
2016/06/23,695,715,679,708,65500,708,1
2016/06/24,711,720,600,639,217600,639,1
2016/06/27,645,676,644,656,72700,656,1
2016/06/28,650,685,644,671,57300,671,1
2016/06/29,679,705,677,695,43800,695,1
2016/06/30,702,718,698,699,54300,699,1
2016/07/01,711,715,697,704,27300,704,1
2016/07/04,714,714,696,700,58200,700,1
2016/07/05,700,700,668,683,36000,683,1
2016/07/06,670,670,647,656,62800,656,1
2016/07/07,666,672,650,654,34300,654,1
2016/07/08,664,664,635,641,32700,641,1
2016/07/11,651,675,646,660,41600,660,1
2016/07/12,676,695,671,685,46200,685,1
2016/07/13,698,698,674,684,45200,684,1
2016/07/14,680,686,660,663,45000,663,1
2016/07/15,660,679,653,658,39200,658,1
2016/07/19,650,670,640,644,57200,644,1
2016/07/20,644,658,640,648,29300,648,1
2016/07/21,659,668,650,662,24700,662,1
2016/07/22,652,659,637,652,26600,652,1
2016/07/25,670,690,670,674,93200,674,1
2016/07/26,681,697,670,675,53700,675,1
2016/07/27,678,693,670,672,29600,672,1
2016/07/28,676,676,652,660,32300,660,1
2016/07/29,651,681,644,677,53600,677,1
2016/08/01,678,688,671,677,48300,677,1
2016/08/02,684,684,665,674,27800,674,1
2016/08/03,664,673,654,655,34700,655,1
2016/08/04,655,664,647,658,27800,658,1
2016/08/05,660,677,660,675,34400,675,1
2016/08/08,685,690,675,682,41600,682,1
2016/08/09,682,720,682,718,86200,718,1
2016/08/10,720,745,701,712,98300,712,1
2016/08/12,683,683,656,656,190500,656,1
2016/08/15,657,660,637,641,87100,641,1
2016/08/16,641,642,610,618,79100,618,1
2016/08/17,618,619,600,602,87400,602,1
2016/08/18,601,606,585,587,76900,587,1
2016/08/19,589,599,583,588,41500,588,1
2016/08/22,591,595,586,587,26200,587,1
2016/08/23,593,601,556,596,220900,596,1
2016/08/24,604,609,563,576,102800,576,1
2016/08/25,580,581,570,580,54500,580,1
2016/08/26,585,585,566,572,86000,572,1
2016/08/29,575,581,564,571,41700,571,1
2016/08/30,572,579,572,574,36600,574,1
2016/08/31,579,586,576,584,49700,584,1
2016/09/01,585,596,582,590,45700,590,1
2016/09/02,593,603,581,581,58700,581,1
2016/09/05,603,612,589,599,90600,599,1
2016/09/06,604,606,596,601,48500,601,1
2016/09/07,602,623,597,615,76300,615,1
2016/09/08,613,617,605,610,55300,610,1
2016/09/09,610,631,608,626,51000,626,1
2016/09/12,620,624,610,613,43500,613,1
2016/09/13,620,629,618,626,26700,626,1
2016/09/14,627,635,603,607,51000,607,1
2016/09/15,601,602,585,589,47600,589,1
2016/09/16,586,603,586,601,20800,601,1
2016/09/20,600,609,600,600,31700,600,1
2016/09/21,608,615,603,614,19700,614,1
2016/09/23,616,629,615,628,40800,628,1
2016/09/26,650,674,640,642,211500,642,1
2016/09/27,642,676,634,675,72000,675,1
2016/09/28,671,710,665,699,107900,699,1
2016/09/29,698,713,685,707,98400,707,1
2016/09/30,700,724,685,717,68900,717,1
2016/10/03,721,722,683,709,84500,709,1
2016/10/04,709,709,696,696,27800,696,1
2016/10/05,698,699,680,684,48400,684,1
2016/10/06,690,697,682,693,37200,693,1
2016/10/07,697,697,686,687,19900,687,1
2016/10/11,698,699,688,692,22400,692,1
2016/10/12,692,699,689,694,30400,694,1
2016/10/13,699,706,694,704,55600,704,1
2016/10/14,701,743,701,738,124700,738,1
2016/10/17,742,748,718,726,61400,726,1
2016/10/18,723,748,723,743,40400,743,1
2016/10/19,745,775,744,761,74900,761,1
2016/10/20,760,860,756,808,273000,808,1
2016/10/21,820,820,800,805,84600,805,1
2016/10/24,804,827,799,800,58900,800,1
2016/10/25,802,803,770,784,78600,784,1
2016/10/26,782,793,762,788,33300,788,1
2016/10/27,790,793,785,789,29400,789,1
2016/10/28,792,796,774,784,21000,784,1
2016/10/31,792,810,786,788,42100,788,1
2016/11/01,782,785,720,755,103700,755,1
2016/11/02,740,742,699,707,109000,707,1
2016/11/04,692,707,680,695,63200,695,1
2016/11/07,705,724,705,716,54300,716,1
2016/11/08,730,730,713,713,33500,713,1
2016/11/09,715,725,627,675,220500,675,1
2016/11/10,720,720,685,706,55100,706,1
2016/11/11,704,706,690,699,45100,699,1
2016/11/14,669,685,660,670,81100,670,1
2016/11/15,671,675,648,653,74300,653,1
2016/11/16,654,678,651,666,52800,666,1
2016/11/17,669,707,669,703,48600,703,1
2016/11/18,706,710,680,691,54600,691,1
2016/11/21,686,697,670,674,65500,674,1
2016/11/22,699,715,685,700,125100,700,1
2016/11/24,701,737,701,727,95100,727,1
2016/11/25,727,750,714,727,173900,727,1
2016/11/28,735,735,716,723,32300,723,1
2016/11/29,720,723,710,718,38900,718,1
2016/11/30,714,735,714,727,35000,727,1
2016/12/01,732,733,719,720,27200,720,1
2016/12/02,716,720,701,701,32000,701,1
2016/12/05,702,708,700,702,19700,702,1
2016/12/06,703,704,675,687,44500,687,1
2016/12/07,691,694,683,688,24400,688,1
2016/12/08,698,704,687,691,29800,691,1
2016/12/09,686,696,680,689,42400,689,1
2016/12/12,685,699,685,697,34300,697,1
2016/12/13,695,710,692,704,28400,704,1
2016/12/14,712,712,699,703,40600,703,1
2016/12/15,704,708,697,699,12500,699,1
2016/12/16,704,710,702,704,31200,704,1
2016/12/19,707,712,702,709,21600,709,1
2016/12/20,709,709,694,703,29100,703,1
2016/12/21,708,708,694,698,20800,698,1
2016/12/22,698,698,685,685,43500,685,1
2016/12/26,686,692,685,692,37500,692,1
2016/12/27,690,693,684,692,49200,692,1
2016/12/28,694,704,694,699,29800,699,1
2016/12/29,700,700,681,687,45600,687,1
2016/12/30,685,696,685,690,26600,690,1
2017/01/04,700,722,700,720,66800,720,1
2017/01/05,724,729,720,722,39800,722,1
2017/01/06,718,724,716,722,29900,722,1
2017/01/10,727,735,718,726,40700,726,1
2017/01/11,729,736,720,720,36900,720,1
2017/01/12,717,728,715,717,34300,717,1
2017/01/13,717,723,716,719,39300,719,1
2017/01/16,719,747,718,746,102700,746,1
2017/01/17,754,755,725,734,63700,734,1
2017/01/18,744,744,721,737,30900,737,1
2017/01/19,742,742,726,727,31400,727,1
2017/01/20,731,735,720,723,34000,723,1
2017/01/23,724,755,724,750,57700,750,1
2017/01/24,735,748,726,738,61700,738,1
2017/01/25,743,768,730,761,121800,761,1
2017/01/26,768,773,761,761,64900,761,1
2017/01/27,768,768,750,751,63000,751,1
2017/01/30,744,744,721,728,91300,728,1
2017/01/31,723,728,703,710,73600,710,1
2017/02/01,702,717,700,711,45600,711,1
2017/02/02,708,720,708,711,32300,711,1
2017/02/03,710,716,707,711,43400,711,1
2017/02/06,713,721,710,712,39100,712,1
2017/02/07,710,712,705,706,42100,706,1
2017/02/08,709,714,708,710,16500,710,1
2017/02/09,711,711,701,703,46600,703,1
2017/02/10,706,718,706,712,31400,712,1
2017/02/13,713,718,676,694,183200,694,1
2017/02/14,700,718,698,711,73300,711,1
2017/02/15,718,733,717,723,100600,723,1
2017/02/16,729,729,709,725,66400,725,1
2017/02/17,727,732,718,728,39100,728,1
2017/02/20,738,746,734,742,126500,742,1
2017/02/21,759,778,757,771,200900,771,1
2017/02/22,790,831,768,782,369200,782,1
2017/02/23,780,817,762,812,160600,812,1
2017/02/24,820,823,790,805,87000,805,1
2017/02/27,805,805,775,791,84300,791,1
2017/02/28,792,800,785,785,56300,785,1
2017/03/01,785,788,763,787,74300,787,1
2017/03/02,788,794,777,783,44200,783,1
2017/03/03,788,824,788,812,160500,812,1
2017/03/06,850,923,834,897,623100,897,1
2017/03/07,910,910,861,883,266300,883,1
2017/03/08,880,888,863,866,87100,866,1
2017/03/09,868,906,868,888,117100,888,1
2017/03/10,917,942,903,938,283100,938,1
2017/03/13,960,980,912,913,341100,913,1
2017/03/14,915,939,912,914,131300,914,1
2017/03/15,909,909,843,852,187200,852,1
2017/03/16,853,940,853,920,246800,920,1
2017/03/17,920,930,895,921,133400,921,1
2017/03/21,935,1010,924,1010,304800,1010,1
2017/03/22,986,1150,977,1100,879100,1100,1
2017/03/23,1110,1130,1066,1121,323100,1121,1
2017/03/24,1150,1169,1080,1118,305400,1118,1
2017/03/27,1180,1195,1134,1134,333000,1134,1
2017/03/28,1104,1140,1061,1072,253500,1072,1
2017/03/29,1057,1160,1050,1145,219700,1145,1
2017/03/30,1149,1168,1082,1103,164700,1103,1
2017/03/31,1105,1132,1060,1082,182300,1082,1
2017/04/03,1061,1070,987,1027,247800,1027,1
2017/04/04,1020,1037,930,951,315100,951,1
2017/04/05,961,1004,931,978,211700,978,1
2017/04/06,963,967,925,932,174700,932,1
2017/04/07,945,982,932,946,145000,946,1
2017/04/10,950,1029,950,986,187100,986,1
2017/04/11,974,978,921,930,126800,930,1
2017/04/12,886,900,849,873,210500,873,1
2017/04/13,859,940,856,924,161000,924,1
2017/04/14,909,945,881,895,128000,895,1
2017/04/17,903,940,901,919,121800,919,1
2017/04/18,944,960,913,922,92900,922,1
2017/04/19,925,970,924,964,131600,964,1
2017/04/20,975,1043,975,1026,297000,1026,1
2017/04/21,1070,1070,985,1004,342600,1004,1
2017/04/24,1040,1043,1000,1010,188300,1010,1
2017/04/25,1010,1052,1005,1038,224400,1038,1
2017/04/26,1060,1064,1025,1041,162500,1041,1
2017/04/27,1039,1050,1023,1031,130300,1031,1
2017/04/28,1037,1038,985,1003,156000,1003,1
2017/05/01,1019,1025,995,1025,71100,1025,1
2017/05/02,1036,1082,1025,1058,193200,1058,1
2017/05/08,1088,1124,1070,1093,260100,1093,1
2017/05/09,1075,1097,1065,1070,104700,1070,1
2017/05/10,1090,1110,1073,1106,99500,1106,1
2017/05/11,1106,1120,1065,1073,113000,1073,1
2017/05/12,1066,1074,992,1035,164600,1035,1
2017/05/15,967,1025,966,1012,140800,1012,1
2017/05/16,1016,1060,1011,1052,124100,1052,1
2017/05/17,1041,1050,1010,1025,77500,1025,1
2017/05/18,1000,1046,994,1046,116400,1046,1
2017/05/19,1037,1059,1014,1028,102800,1028,1
2017/05/22,1049,1095,1045,1095,226300,1095,1
2017/05/23,1081,1121,1051,1054,212100,1054,1
2017/05/24,1071,1075,1032,1055,115200,1055,1
2017/05/25,1074,1120,1060,1102,390700,1102,1
2017/05/26,1120,1120,1080,1090,195000,1090,1
2017/05/29,1091,1180,1091,1180,444900,1180,1
2017/05/30,1240,1257,1180,1202,544200,1202,1
2017/05/31,1221,1221,1189,1202,205900,1202,1
2017/06/01,1199,1207,1154,1190,229400,1190,1
2017/06/02,1202,1252,1175,1190,291500,1190,1
2017/06/05,1206,1318,1205,1310,415300,1310,1
2017/06/06,1370,1389,1296,1318,657400,1318,1
2017/06/07,1302,1360,1270,1298,297900,1298,1
2017/06/08,1345,1384,1321,1332,345600,1332,1
2017/06/09,1332,1449,1331,1446,509100,1446,1
2017/06/12,1420,1456,1372,1397,397500,1397,1
2017/06/13,1412,1429,1361,1368,259500,1368,1
2017/06/14,1378,1380,1256,1325,285500,1325,1
2017/06/15,1336,1368,1290,1309,150100,1309,1
2017/06/16,1299,1328,1248,1278,274700,1278,1
2017/06/19,1290,1347,1276,1280,176400,1280,1
2017/06/20,1292,1298,1220,1237,269800,1237,1
2017/06/21,1220,1265,1220,1230,179600,1230,1
2017/06/22,1242,1272,1182,1198,246900,1198,1
2017/06/23,1202,1220,1162,1173,209200,1173,1
2017/06/26,1174,1222,1174,1210,132100,1210,1
2017/06/27,1227,1227,1185,1197,126100,1197,1
2017/06/28,1185,1203,1150,1155,194900,1155,1
2017/06/29,1167,1200,1152,1171,102600,1171,1
2017/06/30,1141,1158,1120,1136,154800,1136,1
2017/07/03,1134,1168,1112,1161,121400,1161,1
2017/07/04,1188,1188,1119,1124,168900,1124,1
2017/07/05,1117,1145,1109,1140,101600,1140,1
2017/07/06,1155,1155,1110,1115,98800,1115,1
2017/07/07,1117,1132,1091,1123,71300,1123,1
2017/07/10,1138,1165,1128,1154,74500,1154,1
2017/07/11,1178,1214,1166,1174,219400,1174,1
2017/07/12,1174,1219,1174,1200,136700,1200,1
2017/07/13,1203,1205,1155,1156,133700,1156,1
2017/07/14,1156,1178,1156,1157,48300,1157,1
2017/07/18,1158,1167,1104,1110,149100,1110,1
2017/07/19,1101,1125,1063,1113,186800,1113,1
2017/07/20,1116,1144,1110,1131,66700,1131,1
2017/07/21,1132,1160,1126,1157,93600,1157,1
2017/07/24,1174,1174,1143,1164,81800,1164,1
2017/07/25,1136,1138,1082,1083,260100,1083,1
2017/07/26,1083,1104,1076,1078,82800,1078,1
2017/07/27,1076,1079,1035,1042,159000,1042,1
2017/07/28,1025,1034,1010,1010,131100,1010,1
2017/07/31,989,1024,980,1001,121900,1001,1
2017/08/01,996,997,946,960,179100,960,1
2017/08/02,974,1020,972,1011,140500,1011,1
2017/08/03,1013,1020,977,983,82000,983,1
2017/08/04,975,1009,973,993,38900,993,1
2017/08/07,1002,1025,1001,1012,65100,1012,1
2017/08/08,1017,1030,1005,1011,62000,1011,1
2017/08/09,1002,1007,981,983,69000,983,1
2017/08/10,983,997,953,965,81600,965,1
2017/08/14,860,950,856,926,140100,926,1
2017/08/15,925,940,910,910,85500,910,1
2017/08/16,910,952,906,948,87500,948,1
2017/08/17,960,984,953,956,83100,956,1
2017/08/18,940,940,901,911,151500,911,1
2017/08/21,902,917,885,888,83200,888,1
2017/08/22,901,954,900,937,132800,937,1
2017/08/23,971,977,920,935,102000,935,1
2017/08/24,930,965,923,962,58400,962,1
2017/08/25,957,966,932,948,66100,948,1
2017/08/28,960,974,952,964,48000,964,1
2017/08/29,950,962,943,952,36700,952,1
2017/08/30,960,978,943,944,68900,944,1
2017/08/31,954,954,924,930,55900,930,1
2017/09/01,930,958,930,956,43500,956,1
2017/09/04,956,959,918,927,62100,927,1
2017/09/05,925,930,870,877,178700,877,1
2017/09/06,847,895,840,881,84100,881,1
2017/09/07,900,900,869,875,35000,875,1
2017/09/08,875,886,862,864,40400,864,1
2017/09/11,888,898,882,892,46000,892,1
2017/09/12,900,936,900,936,58600,936,1
2017/09/13,935,937,906,908,55000,908,1
2017/09/14,904,923,900,900,47000,900,1
2017/09/15,900,913,900,910,34200,910,1
2017/09/19,931,989,931,985,149300,985,1
2017/09/20,1041,1076,1022,1075,421700,1075,1
2017/09/21,1085,1090,1037,1075,213600,1075,1
2017/09/22,1054,1062,1035,1042,120800,1042,1
2017/09/25,1060,1120,1050,1119,134100,1119,1
2017/09/26,1107,1125,1079,1101,237800,1101,1
2017/09/27,1120,1140,1105,1129,132000,1129,1
2017/09/28,1127,1128,1093,1097,93000,1097,1
2017/09/29,1100,1111,1082,1100,62900,1100,1
2017/10/02,1100,1106,1085,1089,44700,1089,1
2017/10/03,1096,1097,1063,1085,85300,1085,1
2017/10/04,1096,1120,1082,1082,111700,1082,1
2017/10/05,1082,1102,1040,1052,84800,1052,1
2017/10/06,1024,1069,1024,1047,84000,1047,1
2017/10/10,1053,1067,1047,1047,49400,1047,1
2017/10/11,1047,1051,1014,1027,69000,1027,1
2017/10/12,1020,1036,1019,1032,30200,1032,1
2017/10/13,1015,1036,1013,1030,39900,1030,1
2017/10/16,1030,1068,1023,1049,67700,1049,1
2017/10/17,1046,1067,1016,1023,58300,1023,1
2017/10/18,1035,1040,1015,1015,64600,1015,1
2017/10/19,1018,1023,1008,1010,36700,1010,1
2017/10/20,1009,1032,1009,1030,50100,1030,1
2017/10/23,1046,1059,1036,1059,52500,1059,1
2017/10/24,1072,1077,1032,1046,114900,1046,1
2017/10/25,1062,1071,1038,1041,64700,1041,1
2017/10/26,1035,1047,1027,1032,38200,1032,1
2017/10/27,1038,1047,1018,1039,41800,1039,1
2017/10/30,1060,1074,1034,1040,53600,1040,1
2017/10/31,1037,1044,1021,1030,59800,1030,1
2017/11/01,1036,1036,1015,1034,32900,1034,1
2017/11/02,1025,1040,1017,1024,38300,1024,1
2017/11/06,1029,1029,1002,1004,60500,1004,1
2017/11/07,1007,1024,992,998,73800,998,1
2017/11/08,1000,1011,992,998,34100,998,1
2017/11/09,1000,1011,991,998,53500,998,1
2017/11/10,990,1014,980,1005,65200,1005,1
2017/11/13,926,946,912,933,188300,933,1
2017/11/14,932,932,880,882,162600,882,1
2017/11/15,884,895,864,883,94800,883,1
2017/11/16,882,891,866,883,57300,883,1
2017/11/17,889,912,886,899,50700,899,1
2017/11/20,899,926,895,914,69000,914,1
2017/11/21,911,911,884,885,118300,885,1
2017/11/22,887,905,885,891,56200,891,1
2017/11/24,898,906,891,901,51500,901,1
2017/11/27,902,919,898,906,56800,906,1
2017/11/28,906,906,879,880,73600,880,1
2017/11/29,884,892,866,869,85900,869,1
2017/11/30,870,886,867,884,41000,884,1
2017/12/01,896,897,877,884,50400,884,1
2017/12/04,888,888,872,872,44600,872,1
2017/12/05,869,878,851,870,71400,870,1
2017/12/06,868,879,844,848,111300,848,1
2017/12/07,850,865,834,840,139000,840,1
2017/12/08,839,858,835,858,60100,858,1
2017/12/11,854,878,851,875,64100,875,1
2017/12/12,877,899,874,876,71600,876,1
2017/12/13,885,890,867,874,42000,874,1
2017/12/14,877,886,876,881,39800,881,1
2017/12/15,868,875,855,863,64700,863,1
2017/12/18,878,881,866,878,45000,878,1
2017/12/19,884,892,877,892,67000,892,1
2017/12/20,885,893,881,881,63600,881,1
2017/12/21,883,897,881,895,68400,895,1
2017/12/22,895,923,895,920,129000,920,1
2017/12/25,935,935,898,905,85700,905,1
2017/12/26,896,909,879,887,114900,887,1
2017/12/27,890,921,883,920,62900,920,1
2017/12/28,918,921,897,900,58800,900,1
2017/12/29,900,921,897,902,97000,902,1
2018/01/04,917,925,909,922,48100,922,1
2018/01/05,920,926,907,918,49200,918,1
2018/01/09,930,945,926,943,91700,943,1
2018/01/10,943,944,920,940,60000,940,1
2018/01/11,940,967,931,961,99600,961,1
2018/01/12,972,988,951,955,115200,955,1
2018/01/15,985,1022,968,1019,173600,1019,1
2018/01/16,1039,1046,1016,1029,168200,1029,1
2018/01/17,1026,1026,1003,1019,81900,1019,1
2018/01/18,1021,1037,990,990,98400,990,1
2018/01/19,983,989,965,985,72800,985,1
2018/01/22,985,1031,985,1013,102500,1013,1
2018/01/23,1021,1027,994,1002,85400,1002,1
2018/01/24,1019,1019,990,998,74400,998,1
2018/01/25,991,998,982,996,46900,996,1
2018/01/26,1002,1010,999,1001,48000,1001,1
2018/01/29,1013,1015,996,1001,58500,1001,1
2018/01/30,995,1005,974,974,87800,974,1
2018/01/31,968,1000,961,981,53400,981,1
2018/02/01,995,1022,982,1022,83400,1022,1
2018/02/02,1028,1028,995,1008,50800,1008,1
2018/02/05,978,999,975,989,80500,989,1
2018/02/06,931,939,840,886,277400,886,1
2018/02/07,941,941,888,888,119300,888,1
2018/02/08,903,941,897,936,66500,936,1
2018/02/09,874,913,874,905,80600,905,1
2018/02/13,755,787,755,755,244700,755,1
2018/02/14,732,732,680,696,322300,696,1
2018/02/15,716,716,680,688,135700,688,1
2018/02/16,710,730,697,727,102400,727,1
2018/02/19,737,742,690,722,139000,722,1
2018/02/20,715,715,693,703,137000,703,1
2018/02/21,702,730,701,724,91600,724,1
2018/02/22,723,730,706,713,69200,713,1
2018/02/23,719,738,719,737,55600,737,1
2018/02/26,744,753,729,732,91400,732,1
2018/02/27,739,740,712,712,80200,712,1
2018/02/28,711,727,710,720,48200,720,1
2018/03/01,725,726,710,717,45800,717,1
2018/03/02,703,709,696,703,90100,703,1
2018/03/05,700,701,675,680,127300,680,1
2018/03/06,696,704,687,701,52100,701,1
2018/03/07,705,709,691,691,43300,691,1
2018/03/08,696,722,696,717,67000,717,1
2018/03/09,718,729,716,721,67300,721,1
2018/03/12,721,734,720,726,51200,726,1
2018/03/13,726,772,726,768,131800,768,1
2018/03/14,760,768,752,760,38600,760,1
2018/03/15,760,768,749,768,51500,768,1
2018/03/16,768,771,740,747,66900,747,1
2018/03/19,734,743,712,721,47000,721,1
2018/03/20,713,743,713,739,55300,739,1
2018/03/22,744,745,732,741,23400,741,1
2018/03/23,699,720,699,706,86500,706,1
2018/03/26,700,710,682,702,64100,702,1
2018/03/27,711,727,710,722,36200,722,1
2018/03/28,704,754,704,736,68800,736,1
2018/03/29,744,744,732,738,17200,738,1
2018/03/30,744,758,740,749,40000,749,1
2018/04/02,749,752,716,720,77300,720,1
2018/04/03,713,717,708,713,25700,713,1
2018/04/04,716,718,707,710,23900,710,1
2018/04/05,715,737,709,729,44000,729,1
2018/04/06,728,737,713,713,29400,713,1
2018/04/09,711,727,711,722,25600,722,1
2018/04/10,726,727,720,725,13000,725,1
2018/04/11,725,725,710,712,28600,712,1
2018/04/12,712,719,711,713,24000,713,1
2018/04/13,713,715,701,709,28400,709,1
2018/04/16,705,711,700,708,42200,708,1
2018/04/17,698,707,686,702,58900,702,1
2018/04/18,702,710,685,709,26400,709,1
2018/04/19,710,719,700,718,33300,718,1
2018/04/20,713,723,713,722,18800,722,1
2018/04/23,724,749,724,742,42700,742,1
2018/04/24,731,735,717,719,38600,719,1
2018/04/25,719,727,712,715,17000,715,1
2018/04/26,718,718,699,700,39500,700,1
2018/04/27,706,708,696,698,33300,698,1
2018/05/01,690,705,690,699,31500,699,1
2018/05/02,699,709,697,708,12100,708,1
2018/05/07,708,713,700,712,18600,712,1
2018/05/08,708,718,708,717,15400,717,1
2018/05/09,715,721,710,721,11000,721,1
2018/05/10,720,721,710,711,12900,711,1
2018/05/11,711,722,700,707,37000,707,1
2018/05/14,711,722,698,701,83400,701,1
2018/05/15,699,712,699,710,29500,710,1
2018/05/16,706,708,698,701,20900,701,1
2018/05/17,705,708,698,698,12500,698,1
2018/05/18,699,700,686,692,45900,692,1
2018/05/21,696,706,691,697,33900,697,1
2018/05/22,699,700,690,691,18300,691,1
2018/05/23,691,691,680,686,63300,686,1
2018/05/24,682,690,678,683,35000,683,1
2018/05/25,682,684,679,679,11600,679,1
2018/05/28,678,685,666,667,38500,667,1
2018/05/29,666,667,654,655,54500,655,1
2018/05/30,652,664,651,664,31300,664,1
2018/05/31,666,685,664,680,33600,680,1
2018/06/01,683,684,669,674,22000,674,1
2018/06/04,680,680,664,665,24400,665,1
2018/06/05,672,673,660,667,30400,667,1
2018/06/06,667,678,663,670,22000,670,1
2018/06/07,668,687,668,680,35700,680,1
2018/06/08,684,694,680,694,22400,694,1
2018/06/11,687,694,685,692,13100,692,1
2018/06/12,690,693,689,691,5300,691,1
2018/06/13,696,713,696,702,65700,702,1
2018/06/14,703,721,703,721,44200,721,1
2018/06/15,718,724,709,717,23900,717,1
2018/06/18,721,740,718,729,42100,729,1
2018/06/19,774,815,753,780,524800,780,1
2018/06/20,770,803,708,713,189000,713,1
2018/06/21,748,801,741,799,322800,799,1
2018/06/22,788,790,757,780,130100,780,1
2018/06/25,790,800,770,790,89900,790,1
2018/06/26,785,793,775,780,63900,780,1
2018/06/27,780,780,742,746,97100,746,1
2018/06/28,750,761,735,740,41000,740,1
2018/06/29,747,754,739,750,27600,750,1
2018/07/02,754,768,723,727,49800,727,1
2018/07/03,730,741,712,716,55900,716,1
2018/07/04,711,728,693,724,42200,724,1
2018/07/05,723,744,702,711,51400,711,1
2018/07/06,717,735,700,731,49200,731,1
2018/07/09,735,788,735,778,118800,778,1
2018/07/10,778,803,774,787,117600,787,1
2018/07/11,780,780,744,770,88100,770,1
2018/07/12,770,796,764,780,26500,780,1
2018/07/13,782,790,759,759,66800,759,1
2018/07/17,766,776,749,771,24100,771,1
2018/07/18,767,780,761,767,22200,767,1
2018/07/19,762,762,732,737,43800,737,1
2018/07/20,739,745,725,740,29700,740,1
2018/07/23,750,778,739,778,60700,778,1
2018/07/24,808,870,800,869,304300,869,1
2018/07/25,884,891,837,849,145600,849,1
2018/07/26,860,891,836,854,169300,854,1
2018/07/27,845,856,831,831,63500,831,1
2018/07/30,831,844,790,795,101300,795,1
2018/07/31,796,823,793,823,46400,823,1
2018/08/01,848,850,823,839,73000,839,1
2018/08/02,838,847,820,828,42800,828,1
2018/08/03,828,840,809,826,58600,826,1
2018/08/06,818,824,808,813,24100,813,1
2018/08/07,812,814,805,811,22400,811,1
2018/08/08,816,833,816,828,41900,828,1
2018/08/09,833,842,822,827,40100,827,1
2018/08/10,829,838,803,831,67800,831,1
2018/08/13,806,827,765,770,190400,770,1
2018/08/14,769,799,751,784,97700,784,1
