2011/12/07,225.0,275.0,223.5,275.0,2266600,275,8.0
2011/12/08,300.0,317.0,276.25,276.38,1403800,276.38,8.0
2011/12/09,297.5,301.75,279.75,287.5,547100,287.5,8.0
2011/12/12,287.75,295.63,261.63,264.38,301100,264.38,8.0
2011/12/13,251.88,260.63,244.5,257.38,227800,257.38,8.0
2011/12/14,251.63,303.75,246.25,303.75,388400,303.75,8.0
2011/12/15,304.5,337.5,290.25,296.13,933500,296.13,8.0
2011/12/16,304.25,325.0,297.5,322.63,508700,322.63,8.0
2011/12/19,323.75,340.88,312.5,328.75,433400,328.75,8.0
2011/12/20,335.0,377.5,326.25,374.25,603300,374.25,8.0
2011/12/21,380.63,409.38,378.75,388.75,714600,388.75,8.0
2011/12/22,381.25,401.25,353.88,364.38,306100,364.38,8.0
2011/12/26,370.13,372.5,326.25,330.88,275400,330.88,8.0
2011/12/27,327.38,355.88,326.25,341.63,263600,341.63,8.0
2011/12/28,366.63,373.88,353.13,370.0,250600,370,8.0
2011/12/29,370.0,385.0,364.5,369.88,232500,369.88,8.0
2011/12/30,365.38,381.25,365.38,372.38,108300,372.38,8.0
2012/01/04,378.75,385.0,356.25,364.38,171000,364.38,8.0
2012/01/05,365.0,368.63,351.25,353.75,67400,353.75,8.0
2012/01/06,348.75,360.0,341.25,345.13,89200,345.13,8.0
2012/01/10,345.0,353.5,328.75,335.25,43100,335.25,8.0
2012/01/11,340.0,340.0,309.25,316.88,69500,316.88,8.0
2012/01/12,341.88,341.88,321.0,327.5,56500,327.5,8.0
2012/01/13,321.88,327.5,313.13,316.88,51800,316.88,8.0
2012/01/16,315.0,315.0,285.63,299.38,110700,299.38,8.0
2012/01/17,298.13,299.38,287.5,289.25,49000,289.25,8.0
2012/01/18,278.0,292.38,274.75,284.0,83000,284,8.0
2012/01/19,287.38,287.5,272.13,272.5,53100,272.5,8.0
2012/01/20,275.0,294.38,273.75,291.5,71000,291.5,8.0
2012/01/23,289.38,291.5,282.5,286.25,27900,286.25,8.0
2012/01/24,281.63,304.88,281.63,283.63,71700,283.63,8.0
2012/01/25,287.5,295.13,284.5,289.13,31300,289.13,8.0
2012/01/26,291.5,294.38,286.25,288.63,27000,288.63,8.0
2012/01/27,291.0,317.5,283.75,312.38,119700,312.38,8.0
2012/01/30,316.25,329.5,303.75,323.38,91100,323.38,8.0
2012/01/31,331.13,333.75,325.0,329.0,47600,329,8.0
2012/02/01,332.5,332.88,320.0,322.13,47200,322.13,8.0
2012/02/02,323.75,331.25,304.13,305.0,63600,305,8.0
2012/02/03,307.13,308.0,298.25,299.13,37900,299.13,8.0
2012/02/06,302.5,303.75,288.75,297.38,50900,297.38,8.0
2012/02/07,301.5,301.5,294.0,295.63,11300,295.63,8.0
2012/02/08,295.63,303.75,295.63,299.63,23100,299.63,8.0
2012/02/09,297.63,306.63,297.5,306.25,25100,306.25,8.0
2012/02/10,308.75,312.5,303.75,304.75,35500,304.75,8.0
2012/02/13,307.5,325.0,305.0,323.75,92300,323.75,8.0
2012/02/14,330.0,331.0,308.75,319.5,97900,319.5,8.0
2012/02/15,320.63,321.25,310.13,311.38,55100,311.38,8.0
2012/02/16,306.25,318.75,306.25,309.25,30800,309.25,8.0
2012/02/17,315.0,315.0,306.75,309.75,20500,309.75,8.0
2012/02/20,311.13,311.13,306.25,306.38,28500,306.38,8.0
2012/02/21,306.25,315.38,306.25,309.38,34700,309.38,8.0
2012/02/22,311.25,312.5,306.75,311.25,19000,311.25,8.0
2012/02/23,311.88,321.25,311.38,319.88,33700,319.88,8.0
2012/02/24,318.75,325.38,318.75,324.75,40300,324.75,8.0
2012/02/27,327.25,327.5,314.5,316.63,36600,316.63,8.0
2012/02/28,312.75,320.88,312.5,320.0,22900,320,8.0
2012/02/29,323.75,328.5,320.0,320.0,45900,320,8.0
2012/03/01,326.25,326.25,315.63,324.13,22000,324.13,8.0
2012/03/02,319.38,324.13,319.13,320.0,13700,320,8.0
2012/03/05,323.63,337.5,321.63,337.5,67600,337.5,8.0
2012/03/06,343.75,363.75,341.63,345.63,180700,345.63,8.0
2012/03/07,341.88,356.5,337.5,346.0,56300,346,8.0
2012/03/08,353.75,362.38,347.5,357.5,57400,357.5,8.0
2012/03/09,360.0,360.0,348.13,352.0,30600,352,8.0
2012/03/12,360.0,360.0,347.5,349.63,24500,349.63,8.0
2012/03/13,351.75,356.13,350.0,355.63,25200,355.63,8.0
2012/03/14,356.13,357.5,348.88,354.88,37100,354.88,8.0
2012/03/15,353.75,353.75,337.5,338.75,48200,338.75,8.0
2012/03/16,336.25,345.13,336.25,344.88,18400,344.88,8.0
2012/03/19,350.0,350.0,343.0,343.0,15300,343,8.0
2012/03/21,343.0,344.88,340.63,342.5,6700,342.5,8.0
2012/03/22,340.0,343.75,336.25,342.5,13800,342.5,8.0
2012/03/23,338.75,339.38,336.25,337.0,4400,337,8.0
2012/03/26,337.0,337.0,315.25,320.63,27400,320.63,8.0
2012/03/27,301.88,316.25,301.88,312.5,24300,312.5,8.0
2012/03/28,318.75,326.25,315.63,322.63,18400,322.63,8.0
2012/03/29,322.88,329.5,320.0,323.75,16200,323.75,8.0
2012/03/30,328.13,329.88,324.13,326.25,4900,326.25,8.0
2012/04/02,326.25,331.25,325.0,325.13,9100,325.13,8.0
2012/04/03,325.13,328.75,315.0,315.0,10300,315,8.0
2012/04/04,312.63,316.25,302.5,306.13,24700,306.13,8.0
2012/04/05,290.25,306.13,290.13,297.75,27900,297.75,8.0
2012/04/06,296.25,306.25,296.25,303.75,13000,303.75,8.0
2012/04/09,303.75,304.38,297.5,300.13,6100,300.13,8.0
2012/04/10,297.88,300.63,292.88,293.0,12000,293,8.0
2012/04/11,290.13,292.5,285.88,286.25,18900,286.25,8.0
2012/04/12,291.88,298.25,287.5,290.0,11700,290,8.0
2012/04/13,299.38,301.13,291.25,299.75,11100,299.75,8.0
2012/04/16,300.0,304.38,298.25,298.5,13200,298.5,8.0
2012/04/17,297.5,300.0,295.0,298.5,8400,298.5,8.0
2012/04/18,299.88,305.0,299.0,299.13,7000,299.13,8.0
2012/04/19,302.38,302.88,299.0,300.63,6600,300.63,8.0
2012/04/20,297.5,301.25,296.88,301.25,4700,301.25,8.0
2012/04/23,303.75,305.0,299.0,301.88,3500,301.88,8.0
2012/04/24,300.0,302.38,300.0,300.13,4200,300.13,8.0
2012/04/25,300.13,303.75,298.75,298.75,3900,298.75,8.0
2012/04/26,301.25,301.25,296.13,296.25,4600,296.25,8.0
2012/04/27,296.25,301.25,288.75,300.0,11200,300,8.0
2012/05/01,302.5,310.0,299.5,307.5,15700,307.5,8.0
2012/05/02,326.25,342.5,316.25,331.25,106600,331.25,8.0
2012/05/07,343.75,348.13,334.13,339.38,52600,339.38,8.0
2012/05/08,337.5,352.5,335.0,351.88,49800,351.88,8.0
2012/05/09,349.75,351.25,325.38,338.75,31200,338.75,8.0
2012/05/10,338.75,346.25,338.75,343.75,17900,343.75,8.0
2012/05/11,346.38,350.0,334.0,340.5,20800,340.5,8.0
2012/05/14,375.0,400.0,357.5,367.13,258200,367.13,8.0
2012/05/15,352.5,357.25,335.0,349.5,77800,349.5,8.0
2012/05/16,349.5,372.5,339.38,369.63,60800,369.63,8.0
2012/05/17,375.0,387.5,371.25,387.5,72100,387.5,8.0
2012/05/18,375.0,398.75,373.13,394.38,84600,394.38,8.0
2012/05/21,393.13,436.88,390.0,425.0,176700,425,8.0
2012/05/22,437.5,453.13,413.13,418.13,135700,418.13,8.0
2012/05/23,425.0,428.13,396.88,412.5,60200,412.5,8.0
2012/05/24,421.25,450.0,400.0,400.0,190300,400,8.0
2012/05/25,400.0,415.63,391.25,399.38,55700,399.38,8.0
2012/05/28,392.5,415.0,392.5,403.75,36300,403.75,8.0
2012/05/29,407.5,437.5,406.25,436.88,80400,436.88,8.0
2012/05/30,450.0,468.13,441.25,463.75,110800,463.75,8.0
2012/05/31,462.5,473.75,452.5,467.5,80300,467.5,8.0
2012/06/01,476.25,476.88,456.88,457.5,38400,457.5,8.0
2012/06/04,431.25,446.25,425.0,437.5,43700,437.5,8.0
2012/06/05,443.75,453.13,435.0,441.25,36200,441.25,8.0
2012/06/06,443.13,453.13,423.75,432.5,42700,432.5,8.0
2012/06/07,437.5,437.5,424.38,431.88,31600,431.88,8.0
2012/06/08,436.88,439.38,423.13,423.13,26500,423.13,8.0
2012/06/11,425.0,433.75,425.0,425.63,11300,425.63,8.0
2012/06/12,423.75,428.75,413.13,418.75,17800,418.75,8.0
2012/06/13,427.5,477.5,427.5,468.75,103400,468.75,8.0
2012/06/14,469.38,472.5,450.0,453.75,62000,453.75,8.0
2012/06/15,462.5,467.5,443.75,448.75,34300,448.75,8.0
2012/06/18,457.5,466.25,451.88,463.75,37300,463.75,8.0
2012/06/19,473.75,486.25,467.5,468.75,51000,468.75,8.0
2012/06/20,477.5,508.75,474.38,508.75,73400,508.75,8.0
2012/06/21,517.5,570.0,516.25,549.38,105300,549.38,8.0
2012/06/22,558.75,635.0,550.0,600.0,156800,600,8.0
2012/06/25,606.25,625.0,578.75,605.0,83700,605,8.0
2012/06/26,625.0,638.75,605.0,625.0,53800,625,8.0
2012/06/27,650.0,662.0,610.0,649.75,117000,649.75,4.0
2012/06/28,662.75,750.0,662.75,750.0,207600,750,4.0
2012/06/29,720.0,877.5,710.75,735.0,547400,735,4.0
2012/07/02,725.0,787.5,703.25,703.25,160200,703.25,4.0
2012/07/03,682.5,703.0,627.75,662.5,280500,662.5,4.0
2012/07/04,650.0,681.25,642.75,656.5,129000,656.5,4.0
2012/07/05,625.0,642.25,599.75,602.5,267100,602.5,4.0
2012/07/06,618.75,678.75,617.75,667.5,291400,667.5,4.0
2012/07/09,660.0,733.5,657.75,719.75,280500,719.75,4.0
2012/07/10,737.5,755.0,682.75,702.75,250400,702.75,4.0
2012/07/11,690.25,712.25,672.5,672.5,107800,672.5,4.0
2012/07/12,681.25,682.5,652.5,660.0,58400,660,4.0
2012/07/13,652.5,663.25,628.75,642.5,64000,642.5,4.0
2012/07/17,661.75,697.5,653.0,694.75,111600,694.75,4.0
2012/07/18,701.0,712.5,655.0,660.5,126300,660.5,4.0
2012/07/19,672.5,678.75,642.5,655.25,59600,655.25,4.0
2012/07/20,705.25,708.75,667.75,692.25,170400,692.25,4.0
2012/07/23,672.75,690.5,666.5,666.5,65600,666.5,4.0
2012/07/24,650.0,659.75,630.25,655.5,69200,655.5,4.0
2012/07/25,645.25,659.5,636.25,646.0,55600,646,4.0
2012/07/26,652.5,657.5,645.0,649.0,22900,649,4.0
2012/07/27,653.5,655.0,647.0,647.75,22500,647.75,4.0
2012/07/30,647.0,647.0,620.0,627.5,40500,627.5,4.0
2012/07/31,615.0,624.5,602.75,619.25,31200,619.25,4.0
2012/08/01,605.75,617.5,602.75,604.5,38000,604.5,4.0
2012/08/02,604.5,643.75,604.5,632.0,52900,632,4.0
2012/08/03,632.5,648.25,624.0,637.5,44800,637.5,4.0
2012/08/06,645.0,645.0,631.25,631.25,17200,631.25,4.0
2012/08/07,625.0,642.5,620.5,631.5,24300,631.5,4.0
2012/08/08,627.5,646.25,627.25,633.75,22800,633.75,4.0
2012/08/09,633.75,653.75,632.5,634.25,42000,634.25,4.0
2012/08/10,646.0,670.5,638.5,669.5,59700,669.5,4.0
2012/08/13,671.5,693.75,656.75,681.5,85400,681.5,4.0
2012/08/14,700.75,712.5,694.75,712.0,142300,712,4.0
2012/08/15,737.0,739.5,712.5,736.75,235800,736.75,4.0
2012/08/16,724.25,734.25,716.25,717.5,69100,717.5,4.0
2012/08/17,730.0,737.5,685.0,694.0,102600,694,4.0
2012/08/20,695.75,718.75,686.0,717.5,71500,717.5,4.0
2012/08/21,717.25,728.75,713.25,723.75,43000,723.75,4.0
2012/08/22,725.0,786.25,725.0,777.5,249000,777.5,4.0
2012/08/23,777.5,795.0,738.75,745.25,154800,745.25,4.0
2012/08/24,762.5,781.25,755.0,775.0,74900,775,4.0
2012/08/27,787.5,830.0,786.25,825.0,204000,825,4.0
2012/08/28,831.25,833.75,800.0,822.5,117800,822.5,4.0
2012/08/29,828.75,830.0,770.0,798.75,123100,798.75,4.0
2012/08/30,785.0,817.5,763.75,770.0,80300,770,4.0
2012/08/31,750.0,783.75,747.5,762.5,63300,762.5,4.0
2012/09/03,795.0,815.0,787.5,815.0,93100,815,4.0
2012/09/04,813.75,818.75,802.5,810.0,51000,810,4.0
2012/09/05,817.5,818.75,777.5,795.0,43700,795,4.0
2012/09/06,808.75,811.25,787.5,807.5,25300,807.5,4.0
2012/09/07,815.0,866.25,813.75,863.75,179500,863.75,4.0
2012/09/10,856.25,857.5,817.5,831.25,169600,831.25,4.0
2012/09/11,831.25,842.5,790.0,795.0,102500,795,4.0
2012/09/12,806.25,858.75,800.0,833.75,109000,833.75,4.0
2012/09/13,852.5,863.75,843.75,862.5,109500,862.5,4.0
2012/09/14,890.0,912.5,877.5,912.5,215900,912.5,4.0
2012/09/18,930.0,998.75,918.75,976.25,196400,976.25,4.0
2012/09/19,988.75,1116.25,980.0,1110.0,464200,1110,4.0
2012/09/20,1075.0,1172.5,1050.0,1081.25,303300,1081.25,4.0
2012/09/21,1080.0,1112.5,1015.0,1046.25,142700,1046.25,4.0
2012/09/24,1046.25,1132.5,1045.0,1128.75,200700,1128.75,4.0
2012/09/25,1175.0,1246.25,1165.0,1225.0,339800,1225,4.0
2012/09/26,1222.5,1248.75,1177.5,1240.0,214900,1240,4.0
2012/09/27,1255.0,1257.5,1201.25,1201.25,106500,1201.25,4.0
2012/09/28,1150.0,1180.0,1060.0,1092.5,306400,1092.5,4.0
2012/10/01,1018.75,1061.25,1016.25,1060.0,521600,1060,4.0
2012/10/02,1058.75,1092.5,1011.25,1016.25,257200,1016.25,4.0
2012/10/03,1042.5,1075.0,1020.0,1055.0,173900,1055,4.0
2012/10/04,1075.0,1170.0,1075.0,1168.75,399100,1168.75,4.0
2012/10/05,1182.5,1185.0,1130.0,1156.25,375000,1156.25,4.0
2012/10/09,1147.5,1171.25,1110.0,1130.0,130900,1130,4.0
2012/10/10,1112.5,1122.5,1077.5,1115.0,129500,1115,4.0
2012/10/11,1097.5,1100.0,1075.0,1075.0,95500,1075,4.0
2012/10/12,1090.0,1145.0,1080.0,1123.75,141600,1123.75,4.0
2012/10/15,1110.0,1120.0,1077.5,1080.0,82300,1080,4.0
2012/10/16,1076.25,1096.25,1075.0,1080.0,60100,1080,4.0
2012/10/17,1082.5,1091.25,1052.5,1066.25,85600,1066.25,4.0
2012/10/18,1066.25,1067.5,1040.0,1048.75,92600,1048.75,4.0
2012/10/19,1038.75,1043.75,1017.5,1023.75,109100,1023.75,4.0
2012/10/22,1062.5,1120.0,1042.5,1113.75,190000,1113.75,4.0
2012/10/23,1145.0,1147.5,1077.5,1106.25,142000,1106.25,4.0
2012/10/24,1088.75,1117.5,1076.25,1110.0,77100,1110,4.0
2012/10/25,1112.5,1125.0,1090.0,1090.0,56300,1090,4.0
2012/10/26,1107.5,1108.75,1075.0,1078.75,53600,1078.75,4.0
2012/10/29,1087.5,1102.5,1065.0,1080.0,33300,1080,4.0
2012/10/30,1077.5,1086.25,1047.5,1056.25,52100,1056.25,4.0
2012/10/31,1045.0,1062.5,1040.0,1050.0,52300,1050,4.0
2012/11/01,1066.25,1091.25,1060.0,1085.0,54000,1085,4.0
2012/11/02,1092.5,1096.25,1070.0,1075.0,44100,1075,4.0
2012/11/05,1078.75,1085.0,1053.75,1067.5,37200,1067.5,4.0
2012/11/06,1073.75,1082.5,1055.0,1076.25,31000,1076.25,4.0
2012/11/07,1072.5,1100.0,1067.5,1095.0,59000,1095,4.0
2012/11/08,1105.0,1161.25,1102.5,1160.0,229400,1160,4.0
2012/11/09,1161.25,1182.5,1128.75,1141.25,206100,1141.25,4.0
2012/11/12,1162.5,1170.0,1115.0,1125.0,102800,1125,4.0
2012/11/13,1101.25,1111.25,1057.5,1081.25,97000,1081.25,4.0
2012/11/14,1050.0,1050.0,953.75,993.75,325400,993.75,4.0
2012/11/15,998.75,1022.5,947.5,948.75,188900,948.75,4.0
2012/11/16,952.5,972.5,887.5,888.75,242100,888.75,4.0
2012/11/19,903.75,950.0,890.0,942.5,183600,942.5,4.0
2012/11/20,975.0,1007.5,957.5,960.0,220000,960,4.0
2012/11/21,965.0,980.0,936.25,953.75,105400,953.75,4.0
2012/11/22,968.75,968.75,925.0,937.5,104500,937.5,4.0
2012/11/26,955.0,981.25,945.0,981.25,108700,981.25,4.0
2012/11/27,985.0,998.75,962.5,975.0,127800,975,4.0
2012/11/28,987.5,992.5,971.25,980.0,90000,980,4.0
2012/11/29,980.0,1002.5,976.25,1002.5,185100,1002.5,4.0
2012/11/30,1011.25,1012.5,995.0,1010.0,133400,1010,4.0
2012/12/03,988.75,998.75,945.0,946.25,141200,946.25,4.0
2012/12/04,876.25,937.5,875.0,920.0,199300,920,4.0
2012/12/05,918.75,937.5,912.5,922.5,55000,922.5,4.0
2012/12/06,916.25,921.25,887.5,893.75,94900,893.75,4.0
2012/12/07,911.25,923.75,892.5,920.0,73700,920,4.0
2012/12/10,937.5,938.75,925.0,930.0,51000,930,4.0
2012/12/11,941.25,941.25,930.0,938.75,43600,938.75,4.0
2012/12/12,942.5,943.75,932.5,937.5,45500,937.5,4.0
2012/12/13,937.5,948.75,936.25,948.75,79400,948.75,4.0
2012/12/14,966.25,966.25,935.0,940.0,113100,940,4.0
2012/12/17,950.0,950.0,897.5,911.25,93700,911.25,4.0
2012/12/18,900.0,901.25,867.5,871.25,158300,871.25,4.0
2012/12/19,846.25,855.0,791.25,827.5,224800,827.5,4.0
2012/12/20,845.0,917.5,840.0,882.5,225700,882.5,4.0
2012/12/21,887.5,906.25,870.0,877.5,99600,877.5,4.0
2012/12/25,885.0,890.0,852.5,856.25,79000,856.25,4.0
2012/12/26,850.0,851.25,820.0,840.0,58000,840,4.0
2012/12/27,840.0,847.5,825.0,825.0,55800,825,4.0
2012/12/28,825.0,832.5,791.25,825.0,84300,825,4.0
2013/01/04,828.75,847.5,822.5,842.5,67400,842.5,4.0
2013/01/07,858.75,858.75,833.75,847.5,74600,847.5,4.0
2013/01/08,852.5,858.75,847.5,853.75,52800,853.75,4.0
2013/01/09,855.0,861.25,851.25,856.25,53500,856.25,4.0
2013/01/10,862.5,906.25,862.5,902.5,131500,902.5,4.0
2013/01/11,922.5,927.5,893.75,916.25,117400,916.25,4.0
2013/01/15,921.25,947.5,915.0,947.5,118500,947.5,4.0
2013/01/16,962.5,966.25,937.5,961.25,152200,961.25,4.0
2013/01/17,967.5,997.5,966.25,995.0,146300,995,4.0
2013/01/18,1000.0,1032.5,1000.0,1002.5,194300,1002.5,4.0
2013/01/21,1001.25,1002.5,952.5,971.25,117500,971.25,4.0
2013/01/22,951.25,963.75,925.0,936.25,117500,936.25,4.0
2013/01/23,920.0,958.75,915.0,942.5,64200,942.5,4.0
2013/01/24,940.0,957.5,928.75,948.75,48500,948.75,4.0
2013/01/25,962.5,986.25,955.0,976.25,85300,976.25,4.0
2013/01/28,990.0,997.5,955.0,957.5,92400,957.5,4.0
2013/01/29,957.5,981.25,957.5,960.0,54400,960,4.0
2013/01/30,961.25,978.75,961.25,972.5,51300,972.5,4.0
2013/01/31,985.0,985.0,957.5,970.0,43100,970,4.0
2013/02/01,963.75,971.25,957.5,960.0,36700,960,4.0
2013/02/04,972.5,972.5,955.0,957.5,43300,957.5,4.0
2013/02/05,950.0,955.0,938.75,940.0,39600,940,4.0
2013/02/06,940.0,948.75,937.5,938.75,36900,938.75,4.0
2013/02/07,933.75,941.25,905.0,912.5,73700,912.5,4.0
2013/02/08,906.25,912.5,887.5,892.5,74500,892.5,4.0
2013/02/12,892.5,911.25,892.5,905.0,56300,905,4.0
2013/02/13,906.25,906.25,875.0,876.25,70500,876.25,4.0
2013/02/14,870.0,916.25,862.5,893.75,97700,893.75,4.0
2013/02/15,866.25,886.25,848.75,883.75,128400,883.75,4.0
2013/02/18,900.0,935.0,898.75,928.75,107600,928.75,4.0
2013/02/19,937.5,947.5,928.75,943.75,58000,943.75,4.0
2013/02/20,942.5,962.5,942.5,962.5,57100,962.5,4.0
2013/02/21,950.0,961.25,941.25,951.25,34400,951.25,4.0
2013/02/22,945.0,945.0,917.5,926.25,51100,926.25,4.0
2013/02/25,938.75,940.0,912.5,916.25,33500,916.25,4.0
2013/02/26,900.0,910.0,895.0,903.75,35400,903.75,4.0
2013/02/27,903.75,907.5,890.0,892.5,28100,892.5,4.0
2013/02/28,906.25,906.25,892.5,895.0,16600,895,4.0
2013/03/01,888.75,895.0,881.25,885.0,45300,885,4.0
2013/03/04,875.0,897.5,875.0,878.75,57000,878.75,4.0
2013/03/05,881.25,897.5,876.25,895.0,41400,895,4.0
2013/03/06,900.0,917.5,895.0,910.0,49700,910,4.0
2013/03/07,912.5,917.5,890.0,893.75,45700,893.75,4.0
2013/03/08,898.75,925.0,893.75,903.75,79300,903.75,4.0
2013/03/11,920.0,921.25,898.75,907.5,67700,907.5,4.0
2013/03/12,912.5,917.5,907.5,913.75,48600,913.75,4.0
2013/03/13,916.25,937.5,912.5,935.0,113600,935,4.0
2013/03/14,946.25,975.0,943.75,966.25,152000,966.25,4.0
2013/03/15,970.0,982.5,962.5,976.25,106200,976.25,4.0
2013/03/18,981.25,981.25,957.5,971.25,54100,971.25,4.0
2013/03/19,970.0,990.0,962.5,990.0,90200,990,4.0
2013/03/21,997.5,1026.25,995.0,1023.75,138400,1023.75,4.0
2013/03/22,1030.0,1133.75,1027.5,1107.5,352400,1107.5,4.0
2013/03/25,1091.25,1103.75,1045.0,1090.0,172000,1090,4.0
2013/03/26,1090.0,1097.5,1052.5,1083.75,79400,1083.75,4.0
2013/03/27,1072.5,1078.75,1017.5,1051.25,67600,1051.25,4.0
2013/03/28,1100.0,1102.5,1082.5,1098.75,86000,1098.75,4.0
2013/03/29,1077.5,1093.75,1050.0,1062.5,49500,1062.5,4.0
2013/04/01,1080.0,1080.0,1000.0,1000.0,56500,1000,4.0
2013/04/02,993.75,1031.25,961.25,1011.25,50400,1011.25,4.0
2013/04/03,1037.5,1045.0,1025.0,1028.75,44300,1028.75,4.0
2013/04/04,1015.0,1037.5,1012.5,1037.5,39700,1037.5,4.0
2013/04/05,1047.5,1075.0,1020.0,1073.75,90100,1073.75,4.0
2013/04/08,1087.5,1110.0,1078.75,1107.5,83900,1107.5,4.0
2013/04/09,1107.5,1112.5,1068.75,1097.5,47700,1097.5,4.0
2013/04/10,1097.5,1106.25,1081.25,1096.25,38900,1096.25,4.0
2013/04/11,1083.75,1093.75,1075.0,1080.0,27200,1080,4.0
2013/04/12,1097.5,1097.5,1063.75,1088.75,48400,1088.75,4.0
2013/04/15,1080.0,1105.0,1075.0,1080.0,43300,1080,4.0
2013/04/16,1062.5,1082.5,1050.0,1062.5,35500,1062.5,4.0
2013/04/17,1080.0,1150.0,1078.75,1147.5,153800,1147.5,4.0
2013/04/18,1155.0,1322.5,1143.75,1231.25,418700,1231.25,4.0
2013/04/19,1310.0,1387.5,1292.5,1322.5,276400,1322.5,4.0
2013/04/22,1355.0,1410.0,1302.5,1397.5,152100,1397.5,4.0
2013/04/23,1375.0,1647.5,1355.0,1560.0,350700,1560,4.0
2013/04/24,1625.0,1810.0,1625.0,1810.0,307700,1810,4.0
2013/04/25,1750.0,1847.5,1560.0,1615.0,377500,1615,4.0
2013/04/26,1667.5,1700.0,1610.0,1642.5,180500,1642.5,4.0
2013/04/30,1617.5,1692.5,1602.5,1645.0,90400,1645,4.0
2013/05/01,1637.5,1665.0,1607.5,1617.5,80700,1617.5,4.0
2013/05/02,1602.5,1647.5,1590.0,1625.0,46800,1625,4.0
2013/05/07,1650.0,1875.0,1625.0,1875.0,298700,1875,4.0
2013/05/08,1852.5,2000.0,1767.5,1827.5,234500,1827.5,4.0
2013/05/09,1852.5,1927.5,1812.5,1827.5,88900,1827.5,4.0
2013/05/10,1850.0,1962.5,1812.5,1872.5,140700,1872.5,4.0
2013/05/13,1910.0,2247.5,1897.5,2235.0,330000,2235,4.0
2013/05/14,2122.5,2197.5,2037.5,2095.0,227900,2095,4.0
2013/05/15,2162.5,2452.5,1877.5,2075.0,657900,2075,4.0
2013/05/16,1970.0,2110.0,1715.0,2025.0,304100,2025,4.0
2013/05/17,2050.0,2050.0,1900.0,1972.5,146200,1972.5,4.0
2013/05/20,2000.0,2097.5,1990.0,2080.0,141200,2080,4.0
2013/05/21,2092.5,2150.0,2002.5,2050.0,101800,2050,4.0
2013/05/22,2032.5,2050.0,1945.0,1967.5,57500,1967.5,4.0
2013/05/23,1952.5,2060.0,1747.5,1750.0,166300,1750,4.0
2013/05/24,1750.0,1900.0,1725.0,1835.0,197900,1835,4.0
2013/05/27,1752.5,1937.5,1712.5,1897.5,131900,1897.5,4.0
2013/05/28,1912.5,1985.0,1852.5,1977.5,105000,1977.5,4.0
2013/05/29,2050.0,2092.5,1977.5,2057.5,164900,2057.5,4.0
2013/05/30,2000.0,2037.5,1860.0,1910.0,87800,1910,4.0
2013/05/31,1970.0,1987.5,1892.5,1947.5,48200,1947.5,4.0
2013/06/03,1887.5,1970.0,1865.0,1877.5,41400,1877.5,4.0
2013/06/04,1807.5,1937.5,1800.0,1927.5,71200,1927.5,4.0
2013/06/05,1900.0,1962.5,1837.5,1842.5,62100,1842.5,4.0
2013/06/06,1777.5,1837.5,1680.0,1715.0,89100,1715,4.0
2013/06/07,1615.0,1632.5,1465.0,1620.0,143100,1620,4.0
2013/06/10,1807.5,1817.5,1687.5,1797.5,56600,1797.5,4.0
2013/06/11,1760.0,1805.0,1725.0,1762.5,39400,1762.5,4.0
2013/06/12,1675.0,1817.5,1670.0,1785.0,28000,1785,4.0
2013/06/13,1700.0,1735.0,1665.0,1687.5,38400,1687.5,4.0
2013/06/14,1935.0,1937.5,1850.0,1867.5,198800,1867.5,4.0
2013/06/17,1902.5,1995.0,1885.0,1960.0,77200,1960,4.0
2013/06/18,1980.0,2020.0,1907.5,1937.5,62300,1937.5,4.0
2013/06/19,2000.0,2000.0,1920.0,1952.5,31000,1952.5,4.0
2013/06/20,1952.5,2020.0,1945.0,1985.0,74900,1985,4.0
2013/06/21,1927.5,2035.0,1912.5,2027.5,71000,2027.5,4.0
2013/06/24,2062.5,2360.0,2047.5,2322.5,308600,2322.5,4.0
2013/06/25,2252.5,2260.0,2000.0,2200.0,161600,2200,4.0
2013/06/26,2225.0,2250.0,1980.0,2080.0,191800,2080,2.0
2013/06/27,2185.0,2422.5,2127.5,2375.0,355200,2375,2.0
2013/06/28,2520.0,2670.0,2500.0,2560.0,392300,2560,2.0
2013/07/01,2650.0,2870.0,2457.5,2870.0,373300,2870,2.0
2013/07/02,2870.0,3255.0,2870.0,2980.0,404200,2980,2.0
2013/07/03,3015.0,3035.0,2815.0,3000.0,180500,3000,2.0
2013/07/04,3050.0,3195.0,3005.0,3025.0,193200,3025,2.0
2013/07/05,3015.0,3095.0,2910.0,2955.0,193800,2955,2.0
2013/07/08,2955.0,2985.0,2825.0,2845.0,199000,2845,2.0
2013/07/09,2830.0,2890.0,2725.0,2775.0,153600,2775,2.0
2013/07/10,2750.0,2765.0,2650.0,2680.0,126500,2680,2.0
2013/07/11,2670.0,2700.0,2600.0,2670.0,87200,2670,2.0
2013/07/12,3070.0,3070.0,2700.0,2765.0,515400,2765,2.0
2013/07/16,2700.0,2745.0,2605.0,2625.0,184400,2625,2.0
2013/07/17,2645.0,2815.0,2630.0,2760.0,225500,2760,2.0
2013/07/18,2830.0,2870.0,2705.0,2715.0,264400,2715,2.0
2013/07/19,2725.0,2755.0,2630.0,2700.0,157100,2700,2.0
2013/07/22,2745.0,2745.0,2655.0,2730.0,63400,2730,2.0
2013/07/23,2740.0,2740.0,2670.0,2695.0,66000,2695,2.0
2013/07/24,2685.0,2715.0,2660.0,2685.0,59100,2685,2.0
2013/07/25,2665.0,2690.0,2402.5,2442.5,572300,2442.5,2.0
2013/07/26,2372.5,2472.5,2332.5,2340.0,401200,2340,2.0
2013/07/29,2337.5,2457.5,2290.0,2405.0,266200,2405,2.0
2013/07/30,2342.5,2405.0,2335.0,2355.0,202200,2355,2.0
2013/07/31,2390.0,2392.5,2302.5,2332.5,123900,2332.5,2.0
2013/08/01,2325.0,2397.5,2142.5,2367.5,435000,2367.5,2.0
2013/08/02,2332.5,2357.5,2280.0,2322.5,86700,2322.5,2.0
2013/08/05,2307.5,2420.0,2287.5,2335.0,114700,2335,2.0
2013/08/06,2390.0,2595.0,2382.5,2555.0,441400,2555,2.0
2013/08/07,2505.0,2510.0,2357.5,2392.5,239300,2392.5,2.0
2013/08/08,2382.5,2447.5,2317.5,2357.5,198100,2357.5,2.0
2013/08/09,2357.5,2415.0,2275.0,2330.0,67000,2330,2.0
2013/08/12,2275.0,2292.5,2145.0,2150.0,131100,2150,2.0
2013/08/13,2152.5,2260.0,2152.5,2235.0,94700,2235,2.0
2013/08/14,2255.0,2390.0,2250.0,2352.5,147900,2352.5,2.0
2013/08/15,2275.0,2330.0,2225.0,2325.0,173300,2325,2.0
2013/08/16,2255.0,2270.0,2202.5,2205.0,169300,2205,2.0
2013/08/19,2177.5,2255.0,2160.0,2177.5,77600,2177.5,2.0
2013/08/20,2157.5,2187.5,2100.0,2107.5,129200,2107.5,2.0
2013/08/21,2115.0,2222.5,2115.0,2205.0,119000,2205,2.0
2013/08/22,2192.5,2192.5,2115.0,2127.5,76800,2127.5,2.0
2013/08/23,2152.5,2157.5,2082.5,2100.0,69700,2100,2.0
2013/08/26,2105.0,2185.0,2100.0,2172.5,83500,2172.5,2.0
2013/08/27,2137.5,2185.0,2137.5,2142.5,48000,2142.5,2.0
2013/08/28,2095.0,2120.0,2085.0,2100.0,56200,2100,2.0
2013/08/29,2107.5,2215.0,2107.5,2200.0,102200,2200,2.0
2013/08/30,2250.0,2287.5,2207.5,2287.5,132200,2287.5,2.0
2013/09/02,2305.0,2375.0,2257.5,2375.0,132700,2375,2.0
2013/09/03,2427.5,2470.0,2412.5,2430.0,120200,2430,2.0
2013/09/04,2450.0,2450.0,2377.5,2442.5,72300,2442.5,2.0
2013/09/05,2447.5,2447.5,2295.0,2302.5,117100,2302.5,2.0
2013/09/06,2307.5,2312.5,2197.5,2245.0,231600,2245,2.0
2013/09/09,2355.0,2450.0,2307.5,2417.5,129400,2417.5,2.0
2013/09/10,2442.5,2462.5,2352.5,2377.5,71400,2377.5,2.0
2013/09/11,2380.0,2440.0,2370.0,2385.0,44600,2385,2.0
2013/09/12,2402.5,2410.0,2322.5,2327.5,37000,2327.5,2.0
2013/09/13,2402.5,2450.0,2372.5,2447.5,135600,2447.5,2.0
2013/09/17,2500.0,2585.0,2440.0,2442.5,107400,2442.5,2.0
2013/09/18,2510.0,2510.0,2455.0,2475.0,57700,2475,2.0
2013/09/19,2475.0,2575.0,2465.0,2575.0,97000,2575,2.0
2013/09/20,2595.0,2700.0,2560.0,2690.0,170700,2690,2.0
2013/09/24,2720.0,2770.0,2700.0,2760.0,146500,2760,2.0
2013/09/25,2760.0,2760.0,2590.0,2665.0,142300,2665,2.0
2013/09/26,2645.0,2700.0,2555.0,2695.0,107600,2695,2.0
2013/09/27,2725.0,2725.0,2600.0,2640.0,92300,2640,2.0
2013/09/30,2615.0,2625.0,2545.0,2575.0,75300,2575,2.0
2013/10/01,2530.0,2620.0,2505.0,2550.0,57500,2550,2.0
2013/10/02,2520.0,2575.0,2515.0,2535.0,45600,2535,2.0
2013/10/03,2515.0,2545.0,2450.0,2472.5,67500,2472.5,2.0
2013/10/04,2442.5,2467.5,2332.5,2377.5,79300,2377.5,2.0
2013/10/07,2357.5,2400.0,2310.0,2310.0,50400,2310,2.0
2013/10/08,2260.0,2410.0,2260.0,2382.5,45500,2382.5,2.0
2013/10/09,2385.0,2395.0,2307.5,2365.0,65800,2365,2.0
2013/10/10,2397.5,2400.0,2345.0,2360.0,34500,2360,2.0
2013/10/11,2497.5,2497.5,2407.5,2435.0,66300,2435,2.0
2013/10/15,2435.0,2475.0,2425.0,2470.0,37400,2470,2.0
2013/10/16,2470.0,2510.0,2402.5,2415.0,103400,2415,2.0
2013/10/17,2457.5,2510.0,2437.5,2460.0,35800,2460,2.0
2013/10/18,2485.0,2492.5,2435.0,2435.0,27700,2435,2.0
2013/10/21,2435.0,2455.0,2350.0,2387.5,92200,2387.5,2.0
2013/10/22,2362.5,2425.0,2362.5,2400.0,68400,2400,2.0
2013/10/23,2425.0,2530.0,2420.0,2435.0,167900,2435,2.0
2013/10/24,2425.0,2505.0,2410.0,2495.0,56000,2495,2.0
2013/10/25,2525.0,2695.0,2500.0,2585.0,443500,2585,2.0
2013/10/28,2625.0,2645.0,2540.0,2595.0,135800,2595,2.0
2013/10/29,2595.0,2595.0,2490.0,2510.0,69800,2510,2.0
2013/10/30,2540.0,2555.0,2430.0,2460.0,79900,2460,2.0
2013/10/31,2460.0,2497.5,2417.5,2422.5,56200,2422.5,2.0
2013/11/01,2420.0,2465.0,2345.0,2415.0,89400,2415,2.0
2013/11/05,2435.0,2495.0,2417.5,2482.5,51900,2482.5,2.0
2013/11/06,2497.5,2497.5,2402.5,2442.5,46500,2442.5,2.0
2013/11/07,2407.5,2450.0,2395.0,2402.5,40000,2402.5,2.0
2013/11/08,2402.5,2417.5,2352.5,2400.0,39900,2400,2.0
2013/11/11,2400.0,2452.5,2390.0,2427.5,63500,2427.5,2.0
2013/11/12,2430.0,2487.5,2425.0,2465.0,60100,2465,2.0
2013/11/13,2477.5,2545.0,2460.0,2540.0,90800,2540,2.0
2013/11/14,2350.0,2482.5,2340.0,2375.0,266900,2375,2.0
2013/11/15,2285.0,2335.0,2257.5,2307.5,300400,2307.5,2.0
2013/11/18,2290.0,2305.0,2242.5,2260.0,190900,2260,2.0
2013/11/19,2245.0,2255.0,2180.0,2202.5,202900,2202.5,2.0
2013/11/20,2177.5,2337.5,2175.0,2290.0,292800,2290,2.0
2013/11/21,2312.5,2365.0,2312.5,2350.0,142700,2350,2.0
2013/11/22,2377.5,2390.0,2277.5,2307.5,134200,2307.5,2.0
2013/11/25,2310.0,2310.0,2247.5,2265.0,106900,2265,2.0
2013/11/26,2225.0,2262.5,2210.0,2242.5,92300,2242.5,2.0
2013/11/27,2235.0,2240.0,2195.0,2200.0,96800,2200,2.0
2013/11/28,2195.0,2212.5,2190.0,2205.0,64300,2205,2.0
2013/11/29,2215.0,2225.0,2187.5,2195.0,56300,2195,2.0
2013/12/02,2202.5,2245.0,2202.5,2230.0,85500,2230,2.0
2013/12/03,2255.0,2280.0,2230.0,2235.0,94200,2235,2.0
2013/12/04,2245.0,2245.0,2187.5,2205.0,71500,2205,2.0
2013/12/05,2215.0,2220.0,2132.5,2150.0,165500,2150,2.0
2013/12/06,2130.0,2145.0,2100.0,2145.0,87600,2145,2.0
2013/12/09,2180.0,2180.0,2137.5,2157.5,69300,2157.5,2.0
2013/12/10,2162.5,2255.0,2160.0,2217.5,145100,2217.5,2.0
2013/12/11,2230.0,2245.0,2197.5,2227.5,93000,2227.5,2.0
2013/12/12,2235.0,2235.0,2182.5,2192.5,52300,2192.5,2.0
2013/12/13,2250.0,2285.0,2202.5,2240.0,299700,2240,2.0
2013/12/16,2290.0,2290.0,2235.0,2245.0,147900,2245,2.0
2013/12/17,2272.5,2295.0,2260.0,2272.5,91700,2272.5,2.0
2013/12/18,2277.5,2285.0,2252.5,2262.5,102500,2262.5,2.0
2013/12/19,2292.5,2295.0,2262.5,2275.0,72300,2275,2.0
2013/12/20,2275.0,2290.0,2237.5,2270.0,112700,2270,2.0
2013/12/24,2245.0,2285.0,2242.5,2275.0,137300,2275,2.0
2013/12/25,2275.0,2390.0,2272.5,2352.5,222800,2352.5,2.0
2013/12/26,2470,2470,2400,2417,189100,2417,1
2013/12/27,2432,2582,2432,2546,440600,2546,1
2013/12/30,2580,2593,2547,2587,285800,2587,1
2014/01/06,2550,2586,2485,2520,227700,2520,1
2014/01/07,2495,2530,2400,2431,252300,2431,1
2014/01/08,2477,2538,2450,2468,185700,2468,1
2014/01/09,2460,2468,2389,2405,162700,2405,1
2014/01/10,2383,2456,2383,2447,184900,2447,1
2014/01/14,2400,2491,2387,2491,204600,2491,1
2014/01/15,2498,2499,2425,2446,151500,2446,1
2014/01/16,2446,2450,2407,2418,189800,2418,1
2014/01/17,2401,2420,2376,2396,181300,2396,1
2014/01/20,2387,2442,2371,2441,127100,2441,1
2014/01/21,2440,2441,2385,2413,150500,2413,1
2014/01/22,2417,2433,2381,2405,101500,2405,1
2014/01/23,2396,2430,2371,2378,139300,2378,1
2014/01/24,2350,2377,2324,2348,99800,2348,1
2014/01/27,2300,2320,2260,2267,173700,2267,1
2014/01/28,2280,2353,2239,2242,114600,2242,1
2014/01/29,2252,2376,2252,2355,118900,2355,1
2014/01/30,2278,2305,2225,2262,151600,2262,1
2014/01/31,2277,2297,2202,2216,128300,2216,1
2014/02/03,2200,2216,2120,2157,222900,2157,1
2014/02/04,2000,2050,1843,1864,517700,1864,1
2014/02/05,1945,1999,1823,1893,314300,1893,1
2014/02/06,1900,2033,1900,1985,227900,1985,1
2014/02/07,2062,2066,1930,1976,165800,1976,1
2014/02/10,1996,2008,1959,1970,153600,1970,1
2014/02/12,1998,2028,1972,2023,163800,2023,1
2014/02/13,2010,2019,1943,1962,177200,1962,1
2014/02/14,1943,1975,1901,1910,107600,1910,1
2014/02/17,1790,1810,1682,1698,591000,1698,1
2014/02/18,1701,1739,1638,1673,559500,1673,1
2014/02/19,1675,1718,1642,1669,431300,1669,1
2014/02/20,1680,1684,1600,1618,356200,1618,1
2014/02/21,1630,1665,1625,1654,240700,1654,1
2014/02/24,1653,1719,1634,1702,303900,1702,1
2014/02/25,1717,1741,1654,1666,368500,1666,1
2014/02/26,1658,1670,1600,1601,572700,1601,1
2014/02/27,1608,1643,1560,1580,429500,1580,1
2014/02/28,1562,1615,1532,1575,457200,1575,1
2014/03/03,1564,1572,1468,1482,558500,1482,1
2014/03/04,1455,1515,1434,1470,484700,1470,1
2014/03/05,1505,1519,1444,1452,449000,1452,1
2014/03/06,1445,1640,1434,1602,972500,1602,1
2014/03/07,1653,1727,1604,1634,1266000,1634,1
2014/03/10,1612,1663,1580,1583,445400,1583,1
2014/03/11,1597,1628,1560,1599,521900,1599,1
2014/03/12,1567,1570,1502,1505,531000,1505,1
2014/03/13,1495,1500,1458,1461,419400,1461,1
2014/03/14,1401,1431,1342,1353,622600,1353,1
2014/03/17,1339,1350,1213,1235,901400,1235,1
2014/03/18,1272,1285,1240,1253,488800,1253,1
2014/03/19,1222,1225,1130,1162,992800,1162,1
2014/03/20,1190,1250,1145,1189,929800,1189,1
2014/03/24,1160,1306,1150,1236,685100,1236,1
2014/03/25,1201,1219,1110,1138,582700,1138,1
2014/03/26,1138,1227,1138,1171,507600,1171,1
2014/03/27,1145,1195,1130,1190,358500,1190,1
2014/03/28,1202,1274,1181,1263,487200,1263,1
2014/03/31,1279,1318,1217,1241,482500,1241,1
2014/04/01,1240,1250,1192,1212,345800,1212,1
2014/04/02,1212,1312,1212,1284,489700,1284,1
2014/04/03,1288,1336,1270,1277,470100,1277,1
2014/04/04,1252,1310,1252,1264,294500,1264,1
2014/04/07,1244,1250,1191,1200,398200,1200,1
2014/04/08,1167,1214,1160,1182,308400,1182,1
2014/04/09,1161,1186,1140,1168,360600,1168,1
2014/04/10,1175,1206,1112,1117,381400,1117,1
2014/04/11,1065,1108,1030,1077,390200,1077,1
2014/04/14,1058,1145,1058,1075,244200,1075,1
2014/04/15,1090,1096,1048,1051,202700,1051,1
2014/04/16,1059,1090,1051,1060,336500,1060,1
2014/04/17,1075,1125,1066,1082,413800,1082,1
2014/04/18,1080,1085,1036,1052,459100,1052,1
2014/04/21,1055,1077,1042,1053,289200,1053,1
2014/04/22,1053,1092,1043,1047,366800,1047,1
2014/04/23,1047,1070,1047,1055,174000,1055,1
2014/04/24,1059,1150,1051,1094,461000,1094,1
2014/04/25,1085,1085,1039,1048,435700,1048,1
2014/04/28,1040,1043,1001,1006,300900,1006,1
2014/04/30,1012,1022,940,949,587800,949,1
2014/05/01,944,974,934,964,303100,964,1
2014/05/02,969,990,960,977,212800,977,1
2014/05/07,951,968,935,935,246900,935,1
2014/05/08,940,949,904,911,278000,911,1
2014/05/09,904,927,890,895,324000,895,1
2014/05/12,895,914,892,901,186000,901,1
2014/05/13,905,980,903,943,530500,943,1
2014/05/14,929,979,911,966,314700,966,1
2014/05/15,952,957,928,936,261400,936,1
2014/05/16,786,786,786,786,69500,786,1
2014/05/19,726,758,642,648,3131300,648,1
2014/05/20,678,689,658,660,1184100,660,1
2014/05/21,652,664,633,661,725400,661,1
2014/05/22,673,698,667,682,692700,682,1
2014/05/23,673,688,670,676,452400,676,1
2014/05/26,700,776,700,776,1652800,776,1
2014/05/27,880,899,822,837,4584800,837,1
2014/05/28,835,863,807,830,1697900,830,1
2014/05/29,818,852,809,846,786400,846,1
2014/05/30,861,868,828,836,734400,836,1
2014/06/02,862,884,852,873,1014200,873,1
2014/06/03,880,1023,880,1023,8205400,1023,1
2014/06/04,1069,1310,1042,1250,24984700,1250,1
2014/06/05,1260,1298,1181,1211,9330700,1211,1
2014/06/06,1241,1288,1185,1265,6654800,1265,1
2014/06/09,1295,1337,1273,1280,6054600,1280,1
2014/06/10,1254,1261,1178,1181,3640400,1181,1
2014/06/11,1181,1200,1133,1163,2191300,1163,1
2014/06/12,1134,1176,1130,1149,1239300,1149,1
2014/06/13,1180,1240,1180,1219,3153700,1219,1
2014/06/16,1221,1229,1151,1172,1288900,1172,1
2014/06/17,1176,1184,1142,1145,702800,1145,1
2014/06/18,1140,1171,1133,1145,866400,1145,1
2014/06/19,1158,1162,1124,1129,644600,1129,1
2014/06/20,1120,1121,1060,1069,881600,1069,1
2014/06/23,1071,1099,1057,1072,630700,1072,1
2014/06/24,1071,1139,1058,1113,860700,1113,1
2014/06/25,1083,1139,1083,1089,641600,1089,1
2014/06/26,1100,1102,1071,1078,332100,1078,1
2014/06/27,1070,1085,1027,1065,647300,1065,1
2014/06/30,1040,1081,1034,1078,442600,1078,1
2014/07/01,1075,1128,1051,1108,597200,1108,1
2014/07/02,1135,1169,1115,1127,634600,1127,1
2014/07/03,1119,1128,1090,1096,300300,1096,1
2014/07/04,1148,1214,1115,1189,2666600,1189,1
2014/07/07,1230,1293,1202,1216,4551500,1216,1
2014/07/08,1203,1214,1170,1178,1180700,1178,1
2014/07/09,1140,1155,1104,1105,958000,1105,1
2014/07/10,1111,1131,1095,1099,618300,1099,1
2014/07/11,1070,1124,1060,1103,570500,1103,1
2014/07/14,1100,1100,1075,1081,259300,1081,1
2014/07/15,1108,1140,1093,1137,537700,1137,1
2014/07/16,1155,1161,1100,1107,566500,1107,1
2014/07/17,1100,1107,1074,1083,388200,1083,1
2014/07/18,1050,1068,1031,1057,453600,1057,1
2014/07/22,1038,1055,1025,1039,315800,1039,1
2014/07/23,1038,1045,1032,1038,203000,1038,1
2014/07/24,1025,1035,997,1006,555700,1006,1
2014/07/25,1008,1040,1007,1040,306100,1040,1
2014/07/28,1018,1055,1007,1047,347000,1047,1
2014/07/29,1041,1068,1041,1055,273700,1055,1
2014/07/30,1056,1060,1020,1036,234200,1036,1
2014/07/31,1026,1032,1016,1017,224500,1017,1
2014/08/01,989,1011,982,998,308000,998,1
2014/08/04,988,997,981,984,266900,984,1
2014/08/05,981,996,928,930,480900,930,1
2014/08/06,919,919,887,899,480400,899,1
2014/08/07,881,910,870,898,328200,898,1
2014/08/08,891,900,850,868,492500,868,1
2014/08/11,872,917,864,878,791700,878,1
2014/08/12,877,915,869,876,558300,876,1
2014/08/13,861,868,811,820,921800,820,1
2014/08/14,745,840,744,797,2219000,797,1
2014/08/15,783,797,757,778,897000,778,1
2014/08/18,800,892,800,845,2015300,845,1
2014/08/19,840,861,800,822,902300,822,1
2014/08/20,819,824,781,786,516300,786,1
2014/08/21,790,806,785,798,440600,798,1
2014/08/22,805,828,798,822,457700,822,1
2014/08/25,850,928,850,899,1886200,899,1
2014/08/26,890,965,889,911,1451900,911,1
2014/08/27,915,975,915,963,911000,963,1
2014/08/28,985,1012,936,959,1253800,959,1
2014/08/29,951,967,916,940,452800,940,1
2014/09/01,935,985,907,951,678700,951,1
2014/09/02,974,1053,962,1004,2661800,1004,1
2014/09/03,1064,1086,1013,1043,1751100,1043,1
2014/09/04,1027,1040,981,991,753300,991,1
2014/09/05,1020,1036,995,1015,596700,1015,1
2014/09/08,1015,1085,1012,1029,567800,1029,1
2014/09/09,1011,1018,985,998,549400,998,1
2014/09/10,971,976,929,931,659000,931,1
2014/09/11,921,949,916,939,410900,939,1
2014/09/12,922,939,901,911,445500,911,1
2014/09/16,886,898,882,887,388800,887,1
2014/09/17,880,881,861,868,502700,868,1
2014/09/18,868,900,865,889,413900,889,1
2014/09/19,884,918,871,878,413600,878,1
2014/09/22,862,867,854,856,274300,856,1
2014/09/24,842,855,836,848,272400,848,1
2014/09/25,848,867,847,858,206400,858,1
2014/09/26,850,890,849,879,327700,879,1
2014/09/29,887,894,862,866,200600,866,1
2014/09/30,860,885,853,879,309800,879,1
2014/10/01,886,887,823,827,439600,827,1
2014/10/02,805,827,802,807,285200,807,1
2014/10/03,816,850,815,842,513200,842,1
2014/10/06,850,856,829,840,200000,840,1
2014/10/07,825,838,810,815,238400,815,1
2014/10/08,805,810,791,804,284600,804,1
2014/10/09,813,817,775,785,229300,785,1
2014/10/10,775,790,760,772,345000,772,1
2014/10/14,755,772,748,770,225400,770,1
2014/10/15,770,795,770,788,128500,788,1
2014/10/16,758,775,755,755,171100,755,1
2014/10/17,751,768,740,741,263500,741,1
2014/10/20,767,792,758,786,188400,786,1
2014/10/21,791,791,773,777,126400,777,1
2014/10/22,792,820,786,818,216000,818,1
2014/10/23,814,849,795,843,221000,843,1
2014/10/24,846,849,816,816,141200,816,1
2014/10/27,816,822,791,791,119800,791,1
2014/10/28,783,802,780,795,110000,795,1
2014/10/29,791,806,791,794,75300,794,1
2014/10/30,785,797,772,786,174600,786,1
2014/10/31,787,810,778,805,160400,805,1
2014/11/04,846,846,809,813,213300,813,1
2014/11/05,806,815,795,813,157900,813,1
2014/11/06,807,815,795,796,171300,796,1
2014/11/07,788,793,772,781,166300,781,1
2014/11/10,772,785,771,782,103300,782,1
2014/11/11,789,863,786,844,716700,844,1
2014/11/12,832,840,824,825,218300,825,1
2014/11/13,825,829,798,803,209100,803,1
2014/11/14,810,825,799,813,164200,813,1
2014/11/17,815,873,815,829,532900,829,1
2014/11/18,832,889,832,883,685500,883,1
2014/11/19,900,918,861,883,497000,883,1
2014/11/20,868,887,851,852,237900,852,1
2014/11/21,855,891,850,891,330400,891,1
2014/11/25,907,922,881,885,556300,885,1
2014/11/26,892,898,865,865,238100,865,1
2014/11/27,857,861,850,850,222600,850,1
2014/11/28,848,865,840,860,181800,860,1
2014/12/01,856,859,831,835,665600,835,1
2014/12/02,823,843,822,837,188000,837,1
2014/12/03,833,840,830,830,145100,830,1
2014/12/04,822,825,800,808,289500,808,1
2014/12/05,800,820,798,812,213400,812,1
2014/12/08,812,814,797,803,199800,803,1
2014/12/09,800,800,780,780,224600,780,1
2014/12/10,780,790,780,781,129900,781,1
2014/12/11,777,788,775,781,152400,781,1
2014/12/12,781,797,780,780,132400,780,1
2014/12/15,780,803,776,780,173700,780,1
2014/12/16,780,784,766,772,160400,772,1
2014/12/17,760,772,760,760,151200,760,1
2014/12/18,771,777,758,760,187900,760,1
2014/12/19,760,766,758,758,161600,758,1
2014/12/22,752,755,740,744,287200,744,1
2014/12/24,740,741,708,711,592200,711,1
2014/12/25,700,705,690,690,378800,690,1
2014/12/26,692,723,692,720,251200,720,1
2014/12/29,721,729,701,711,214800,711,1
2014/12/30,702,710,702,705,153000,705,1
2015/01/05,715,755,712,746,357900,746,1
2015/01/06,732,744,728,730,186200,730,1
2015/01/07,714,727,706,706,254700,706,1
2015/01/08,706,716,706,709,144600,709,1
2015/01/09,711,715,706,711,103400,711,1
2015/01/13,710,727,707,724,127700,724,1
2015/01/14,724,740,707,708,137400,708,1
2015/01/15,709,715,705,705,80800,705,1
2015/01/16,703,709,700,708,122100,708,1
2015/01/19,705,716,705,710,73900,710,1
2015/01/20,711,732,711,717,113600,717,1
2015/01/21,716,719,708,708,95100,708,1
2015/01/22,710,720,707,711,67500,711,1
2015/01/23,711,714,707,709,50600,709,1
2015/01/26,715,723,709,715,75500,715,1
2015/01/27,725,726,710,714,86900,714,1
2015/01/28,708,715,701,712,101600,712,1
2015/01/29,712,724,712,715,92400,715,1
2015/01/30,724,733,719,721,141900,721,1
2015/02/02,722,726,715,715,70600,715,1
2015/02/03,716,724,716,716,70300,716,1
2015/02/04,718,725,717,720,87200,720,1
2015/02/05,717,747,717,746,217500,746,1
2015/02/06,750,763,742,762,207300,762,1
2015/02/09,765,775,748,764,146900,764,1
2015/02/10,755,791,754,788,266400,788,1
2015/02/12,795,804,790,792,229900,792,1
2015/02/13,785,788,757,771,204700,771,1
2015/02/16,696,720,692,699,628400,699,1
2015/02/17,694,694,675,680,405300,680,1
2015/02/18,679,680,665,670,347900,670,1
2015/02/19,665,687,665,677,187400,677,1
2015/02/20,674,685,674,677,123400,677,1
2015/02/23,680,683,667,669,169200,669,1
2015/02/24,669,672,652,655,307700,655,1
2015/02/25,652,662,651,651,186600,651,1
2015/02/26,650,658,648,653,130500,653,1
2015/02/27,651,655,645,647,156100,647,1
2015/03/02,650,654,645,650,107300,650,1
2015/03/03,649,649,635,637,187000,637,1
2015/03/04,633,654,630,650,242100,650,1
2015/03/05,646,653,644,646,133900,646,1
2015/03/06,646,648,635,638,95700,638,1
2015/03/09,630,633,624,630,163000,630,1
2015/03/10,626,628,617,618,249900,618,1
2015/03/11,611,617,611,614,88600,614,1
2015/03/12,611,654,611,647,425600,647,1
2015/03/13,649,653,621,623,313600,623,1
2015/03/16,620,623,615,616,135300,616,1
2015/03/17,613,618,610,611,122000,611,1
2015/03/18,611,620,611,614,125400,614,1
2015/03/19,611,620,611,613,105400,613,1
2015/03/20,615,618,612,615,109000,615,1
2015/03/23,613,618,610,610,140100,610,1
2015/03/24,610,613,606,609,100600,609,1
2015/03/25,609,610,602,604,152800,604,1
2015/03/26,617,642,617,625,709600,625,1
2015/03/27,631,637,607,611,247600,611,1
2015/03/30,611,620,611,615,86400,615,1
2015/03/31,619,628,614,614,130800,614,1
2015/04/01,610,625,608,612,116700,612,1
2015/04/02,613,618,608,609,74300,609,1
2015/04/03,609,615,608,611,77200,611,1
2015/04/06,614,615,609,611,48200,611,1
2015/04/07,612,613,609,610,63900,610,1
2015/04/08,614,618,609,612,152200,612,1
2015/04/09,615,626,614,619,225100,619,1
2015/04/10,628,630,620,627,133000,627,1
2015/04/13,628,640,628,637,107000,637,1
2015/04/14,639,642,623,628,136300,628,1
2015/04/15,626,629,616,616,122400,616,1
2015/04/16,616,625,616,620,104300,620,1
2015/04/17,623,632,620,620,86300,620,1
2015/04/20,621,632,617,617,132800,617,1
2015/04/21,616,625,612,618,92200,618,1
2015/04/22,620,624,618,622,81900,622,1
2015/04/23,622,622,616,619,68600,619,1
2015/04/24,618,620,613,615,50500,615,1
2015/04/27,613,617,610,611,68600,611,1
2015/04/28,615,616,610,610,44100,610,1
2015/04/30,610,611,607,608,82000,608,1
2015/05/01,606,608,605,606,58700,606,1
2015/05/07,606,612,605,607,61900,607,1
2015/05/08,610,616,609,613,83400,613,1
2015/05/11,616,622,610,611,79200,611,1
2015/05/12,611,615,609,609,30700,609,1
2015/05/13,614,625,612,620,119200,620,1
2015/05/14,620,623,610,611,69600,611,1
2015/05/15,615,616,609,613,85500,613,1
2015/05/18,601,602,584,587,310500,587,1
2015/05/19,587,612,586,609,197000,609,1
2015/05/20,604,608,600,602,103900,602,1
2015/05/21,606,606,598,598,59600,598,1
2015/05/22,598,599,593,597,45300,597,1
2015/05/25,594,599,593,595,48500,595,1
2015/05/26,591,596,591,596,36000,596,1
2015/05/27,592,598,592,594,30100,594,1
2015/05/28,594,597,592,597,70500,597,1
2015/05/29,595,600,593,597,72500,597,1
2015/06/01,592,607,592,604,102700,604,1
2015/06/02,605,606,600,604,37900,604,1
2015/06/03,600,601,595,601,66900,601,1
2015/06/04,598,617,598,610,140700,610,1
2015/06/05,610,613,605,607,42900,607,1
2015/06/08,604,610,603,604,45600,604,1
2015/06/09,602,607,600,600,47100,600,1
2015/06/10,600,610,600,603,47600,603,1
2015/06/11,602,606,601,605,29800,605,1
2015/06/12,605,606,602,604,43100,604,1
2015/06/15,601,605,600,603,52000,603,1
2015/06/16,600,610,599,604,50500,604,1
2015/06/17,602,606,600,600,51400,600,1
2015/06/18,600,602,596,596,52000,596,1
2015/06/19,596,602,593,602,63100,602,1
2015/06/22,602,604,598,603,42500,603,1
2015/06/23,604,605,599,604,97700,604,1
2015/06/24,601,604,599,600,66600,600,1
2015/06/25,597,609,597,603,74200,603,1
2015/06/26,609,653,602,640,496000,640,1
2015/06/29,623,730,611,677,1746500,677,1
2015/06/30,677,690,625,634,712700,634,1
2015/07/01,634,649,612,625,364400,625,1
2015/07/02,635,635,617,620,134800,620,1
2015/07/03,625,635,614,623,179600,623,1
2015/07/06,613,629,612,615,124200,615,1
2015/07/07,617,627,613,615,64700,615,1
2015/07/08,615,616,580,584,268300,584,1
2015/07/09,570,580,530,574,242100,574,1
2015/07/10,579,579,561,572,67900,572,1
2015/07/13,571,579,571,575,127500,575,1
2015/07/14,577,588,573,581,117500,581,1
2015/07/15,583,609,583,600,120100,600,1
2015/07/16,599,612,594,611,77100,611,1
2015/07/17,614,619,605,614,109000,614,1
2015/07/21,620,624,613,617,92000,617,1
2015/07/22,614,614,600,600,101600,600,1
2015/07/23,600,602,593,596,54500,596,1
2015/07/24,592,599,592,596,32100,596,1
2015/07/27,595,596,588,589,36900,589,1
2015/07/28,588,595,586,590,42400,590,1
2015/07/29,590,590,572,575,81400,575,1
2015/07/30,570,583,568,583,139800,583,1
2015/07/31,580,582,577,578,43900,578,1
2015/08/03,583,583,570,571,43600,571,1
2015/08/04,571,572,567,570,36000,570,1
2015/08/05,567,576,565,571,37400,571,1
2015/08/06,571,572,565,565,57600,565,1
2015/08/07,562,566,561,562,52700,562,1
2015/08/10,565,572,558,569,100200,569,1
2015/08/11,568,569,558,560,68800,560,1
2015/08/12,558,562,552,552,79500,552,1
2015/08/13,550,562,545,545,188700,545,1
2015/08/14,530,542,521,528,245500,528,1
2015/08/17,527,537,525,529,176800,529,1
2015/08/18,527,533,527,529,35500,529,1
2015/08/19,527,531,521,521,88600,521,1
2015/08/20,522,526,507,508,104700,508,1
2015/08/21,500,504,486,487,174500,487,1
2015/08/24,465,486,437,441,199400,441,1
2015/08/25,377,460,377,414,250900,414,1
2015/08/26,406,449,406,438,124000,438,1
2015/08/27,433,460,433,446,121000,446,1
2015/08/28,452,494,450,474,205700,474,1
2015/08/31,487,496,473,480,81300,480,1
2015/09/01,483,483,451,458,66000,458,1
2015/09/02,444,463,442,446,55600,446,1
2015/09/03,447,463,441,441,65700,441,1
2015/09/04,434,438,405,406,108300,406,1
2015/09/07,398,410,396,403,84200,403,1
2015/09/08,402,421,397,400,66500,400,1
2015/09/09,425,428,413,428,97600,428,1
2015/09/10,416,425,414,421,78800,421,1
2015/09/11,413,441,413,436,78300,436,1
2015/09/14,440,444,425,426,85300,426,1
2015/09/15,432,444,428,436,142500,436,1
2015/09/16,440,448,424,427,140600,427,1
2015/09/17,433,433,423,427,26500,427,1
2015/09/18,423,425,418,424,58300,424,1
2015/09/24,413,423,413,421,54800,421,1
2015/09/25,419,427,419,426,59400,426,1
2015/09/28,426,440,425,437,47000,437,1
2015/09/29,430,430,414,417,77400,417,1
2015/09/30,421,433,421,431,61700,431,1
2015/10/01,433,440,430,438,43000,438,1
2015/10/02,434,439,425,426,62700,426,1
2015/10/05,431,435,430,430,31200,430,1
2015/10/06,435,435,430,432,57900,432,1
2015/10/07,432,444,429,441,74000,441,1
2015/10/08,441,441,435,438,70100,438,1
2015/10/09,443,467,443,464,166900,464,1
2015/10/13,465,470,458,466,59500,466,1
2015/10/14,460,462,440,442,78800,442,1
2015/10/15,448,453,444,450,51100,450,1
2015/10/16,454,458,441,444,89400,444,1
2015/10/19,444,453,440,450,99300,450,1
2015/10/20,450,450,440,441,35400,441,1
2015/10/21,444,447,433,445,51900,445,1
2015/10/22,440,446,440,440,29200,440,1
2015/10/23,441,449,441,442,39300,442,1
2015/10/26,446,456,446,452,58200,452,1
2015/10/27,455,461,449,449,65700,449,1
2015/10/28,451,452,438,440,60000,440,1
2015/10/29,443,450,443,447,39800,447,1
2015/10/30,449,452,438,444,44700,444,1
2015/11/02,444,444,431,433,53900,433,1
2015/11/04,433,440,424,424,45900,424,1
2015/11/05,421,432,415,415,50400,415,1
2015/11/06,416,425,416,419,41000,419,1
2015/11/09,412,420,411,412,89600,412,1
2015/11/10,407,412,399,410,240100,410,1
2015/11/11,410,433,409,429,127800,429,1
2015/11/12,424,427,420,420,89900,420,1
2015/11/13,415,418,399,399,140100,399,1
2015/11/16,395,427,380,424,298300,424,1
2015/11/17,429,429,421,424,55000,424,1
2015/11/18,422,448,422,447,163700,447,1
2015/11/19,450,461,449,454,169200,454,1
2015/11/20,454,459,444,455,101300,455,1
2015/11/24,460,478,448,469,200400,469,1
2015/11/25,474,474,451,453,106300,453,1
2015/11/26,454,458,444,444,81200,444,1
2015/11/27,444,457,444,451,94100,451,1
2015/11/30,450,454,444,445,73800,445,1
2015/12/01,445,454,445,450,59400,450,1
2015/12/02,445,447,442,444,74100,444,1
2015/12/03,443,443,432,437,90700,437,1
2015/12/04,426,437,426,432,60500,432,1
2015/12/07,435,445,435,439,59300,439,1
2015/12/08,440,445,437,438,80000,438,1
2015/12/09,439,439,432,436,66900,436,1
2015/12/10,433,434,423,425,59000,425,1
2015/12/11,426,431,425,426,50100,426,1
2015/12/14,416,418,409,411,91000,411,1
2015/12/15,407,410,397,399,100300,399,1
2015/12/16,403,407,397,400,50000,400,1
2015/12/17,403,406,400,402,69000,402,1
2015/12/18,401,402,378,380,202300,380,1
2015/12/21,381,385,364,368,186100,368,1
2015/12/22,365,372,359,359,219400,359,1
2015/12/24,364,364,349,350,174300,350,1
2015/12/25,348,348,321,325,353100,325,1
2015/12/28,332,362,332,353,237500,353,1
2015/12/29,354,360,345,355,148000,355,1
2015/12/30,360,360,351,353,78600,353,1
2016/01/04,353,367,346,350,167000,350,1
2016/01/05,353,362,345,353,106800,353,1
2016/01/06,353,357,339,340,77900,340,1
2016/01/07,350,351,338,338,104500,338,1
2016/01/08,345,345,323,325,179000,325,1
2016/01/12,323,324,300,301,182400,301,1
2016/01/13,314,319,291,306,128000,306,1
2016/01/14,293,299,287,297,120900,297,1
2016/01/15,300,306,294,294,88400,294,1
2016/01/18,284,286,281,285,129000,285,1
2016/01/19,286,295,278,286,120800,286,1
2016/01/20,287,288,275,275,112800,275,1
2016/01/21,266,272,258,259,254700,259,1
2016/01/22,267,284,259,282,148400,282,1
2016/01/25,287,310,280,309,126200,309,1
2016/01/26,293,308,293,301,98800,301,1
2016/01/27,306,317,301,313,98300,313,1
2016/01/28,312,323,310,310,86100,310,1
2016/01/29,310,322,301,315,117300,315,1
2016/02/01,317,320,315,319,72500,319,1
2016/02/02,313,319,313,313,41500,313,1
2016/02/03,305,309,300,303,74600,303,1
2016/02/04,301,311,299,302,55000,302,1
2016/02/05,298,301,285,289,65300,289,1
2016/02/08,281,311,276,302,109100,302,1
2016/02/09,297,297,282,282,71300,282,1
2016/02/10,287,290,272,273,88800,273,1
2016/02/12,255,264,237,245,182400,245,1
2016/02/15,300,325,275,325,1037000,325,1
2016/02/16,339,405,339,384,10266400,384,1
2016/02/17,416,430,367,386,2949200,386,1
2016/02/18,402,404,375,389,583100,389,1
2016/02/19,385,385,354,375,367900,375,1
2016/02/22,378,394,364,389,264600,389,1
2016/02/23,390,395,370,381,174600,381,1
2016/02/24,373,396,373,396,271400,396,1
2016/02/25,399,466,398,460,1408300,460,1
2016/02/26,466,480,427,434,576900,434,1
2016/02/29,450,450,405,413,377900,413,1
2016/03/01,405,415,393,403,314600,403,1
2016/03/02,411,411,397,400,220800,400,1
2016/03/03,400,407,394,404,138200,404,1
2016/03/04,404,411,401,409,168600,409,1
2016/03/07,415,452,415,446,470500,446,1
2016/03/08,444,444,410,418,326000,418,1
2016/03/09,410,411,401,402,136300,402,1
2016/03/10,410,422,402,422,163700,422,1
2016/03/11,423,437,418,420,209900,420,1
2016/03/14,435,439,427,438,189800,438,1
2016/03/15,438,448,434,437,149000,437,1
2016/03/16,445,445,436,442,115900,442,1
2016/03/17,441,446,429,435,194300,435,1
2016/03/18,431,446,429,437,319800,437,1
2016/03/22,448,457,435,452,223200,452,1
2016/03/23,451,455,446,449,138800,449,1
2016/03/24,447,464,446,456,151300,456,1
2016/03/25,455,466,451,452,119500,452,1
2016/03/28,454,466,454,466,125000,466,1
2016/03/29,466,499,460,498,303700,498,1
2016/03/30,500,547,500,525,772300,525,1
2016/03/31,520,530,505,509,268200,509,1
2016/04/01,516,516,466,470,341400,470,1
2016/04/04,456,470,445,456,279200,456,1
2016/04/05,455,455,413,421,215600,421,1
2016/04/06,415,426,411,416,139300,416,1
2016/04/07,415,440,415,425,121400,425,1
2016/04/08,413,446,413,439,133300,439,1
2016/04/11,431,443,428,443,86400,443,1
2016/04/12,449,468,446,447,176900,447,1
2016/04/13,445,459,442,447,140000,447,1
2016/04/14,447,458,447,450,108700,450,1
2016/04/15,446,456,446,453,95100,453,1
2016/04/18,438,443,423,432,122500,432,1
2016/04/19,448,453,442,451,76300,451,1
2016/04/20,453,468,451,468,117400,468,1
2016/04/21,468,480,468,475,163500,475,1
2016/04/22,469,471,456,468,87700,468,1
2016/04/25,472,486,469,480,114400,480,1
2016/04/26,476,477,455,456,103700,456,1
2016/04/27,457,478,456,475,138800,475,1
2016/04/28,473,478,455,455,159900,455,1
2016/05/02,447,459,438,451,140300,451,1
2016/05/06,455,466,452,465,81800,465,1
2016/05/09,497,507,491,505,349900,505,1
2016/05/10,500,502,491,497,114000,497,1
2016/05/11,506,530,500,527,335100,527,1
2016/05/12,523,533,519,530,184500,530,1
2016/05/13,531,563,511,562,569600,562,1
2016/05/16,562,564,462,462,1513000,462,1
2016/05/17,451,471,447,465,381500,465,1
2016/05/18,471,480,452,456,251300,456,1
2016/05/19,456,470,455,466,229400,466,1
2016/05/20,471,471,453,456,122700,456,1
2016/05/23,456,470,456,467,114700,467,1
2016/05/24,465,467,448,453,152600,453,1
2016/05/25,462,462,454,460,84700,460,1
2016/05/26,465,470,454,465,116600,465,1
2016/05/27,469,479,469,476,93900,476,1
2016/05/30,476,508,476,505,268600,505,1
2016/05/31,507,518,507,515,154100,515,1
2016/06/01,516,519,491,500,100000,500,1
2016/06/02,493,507,485,488,129200,488,1
2016/06/03,483,497,483,491,76900,491,1
2016/06/06,487,487,462,471,158400,471,1
2016/06/07,478,488,473,485,72000,485,1
2016/06/08,488,493,475,492,93000,492,1
2016/06/09,495,509,492,499,140200,499,1
2016/06/10,495,495,480,490,76400,490,1
2016/06/13,478,479,456,458,122600,458,1
2016/06/14,455,458,432,442,178800,442,1
2016/06/15,434,454,434,441,77500,441,1
2016/06/16,438,443,432,432,153100,432,1
2016/06/17,432,441,423,426,59500,426,1
2016/06/20,433,480,433,447,97000,447,1
2016/06/21,452,464,447,458,64000,458,1
2016/06/22,459,459,433,440,92400,440,1
2016/06/23,436,449,434,448,58700,448,1
2016/06/24,455,463,405,418,243600,418,1
2016/06/27,412,423,404,408,190200,408,1
2016/06/28,408,417,392,408,140800,408,1
2016/06/29,421,446,414,443,174600,443,1
2016/06/30,450,450,429,435,108300,435,1
2016/07/01,435,448,428,434,109000,434,1
2016/07/04,435,448,432,445,62600,445,1
2016/07/05,446,450,440,445,53900,445,1
2016/07/06,440,440,427,427,77100,427,1
2016/07/07,428,430,418,420,79700,420,1
2016/07/08,421,423,407,407,109700,407,1
2016/07/11,430,430,417,428,99300,428,1
2016/07/12,438,449,432,434,87100,434,1
2016/07/13,442,442,428,430,70300,430,1
2016/07/14,424,435,421,423,47400,423,1
2016/07/15,425,429,418,424,62200,424,1
2016/07/19,424,424,415,418,49300,418,1
2016/07/20,413,422,413,420,41600,420,1
2016/07/21,425,430,422,429,48500,429,1
2016/07/22,424,427,415,416,32700,416,1
2016/07/25,418,424,411,414,34300,414,1
2016/07/26,413,414,402,411,67100,411,1
2016/07/27,412,415,406,414,34700,414,1
2016/07/28,413,413,406,406,57200,406,1
2016/07/29,407,413,403,411,77300,411,1
2016/08/01,408,414,406,411,19500,411,1
2016/08/02,409,414,409,412,22900,412,1
2016/08/03,411,411,400,404,83600,404,1
2016/08/04,408,412,404,409,46700,409,1
2016/08/05,407,411,404,405,29400,405,1
2016/08/08,410,411,404,409,22900,409,1
2016/08/09,407,409,403,408,33200,408,1
2016/08/10,405,410,405,408,33900,408,1
2016/08/12,408,442,408,441,169600,441,1
2016/08/15,430,441,417,431,218000,431,1
2016/08/16,455,494,441,474,801000,474,1
2016/08/17,471,471,451,452,160200,452,1
2016/08/18,457,459,421,429,234900,429,1
2016/08/19,429,437,422,432,59500,432,1
2016/08/22,435,448,434,444,90100,444,1
2016/08/23,443,452,440,451,50300,451,1
2016/08/24,453,454,443,444,51400,444,1
2016/08/25,449,451,442,451,46100,451,1
2016/08/26,453,459,448,455,102700,455,1
2016/08/29,459,476,459,473,84300,473,1
2016/08/30,476,476,466,473,41400,473,1
2016/08/31,473,473,454,462,71400,462,1
2016/09/01,462,472,455,472,63200,472,1
2016/09/02,475,481,474,479,42300,479,1
2016/09/05,480,481,475,480,29700,480,1
2016/09/06,478,484,478,484,28800,484,1
2016/09/07,483,488,476,486,35400,486,1
2016/09/08,487,488,481,485,28900,485,1
2016/09/09,488,489,480,488,101600,488,1
2016/09/12,475,482,475,479,49100,479,1
2016/09/13,478,481,473,475,30200,475,1
2016/09/14,472,472,455,460,58000,460,1
2016/09/15,455,459,452,454,42300,454,1
2016/09/16,458,460,454,458,34500,458,1
2016/09/20,459,469,451,454,52000,454,1
2016/09/21,455,464,453,464,29700,464,1
2016/09/23,467,468,455,462,39700,462,1
2016/09/26,456,464,456,461,27900,461,1
2016/09/27,457,466,453,466,36500,466,1
2016/09/28,466,466,455,462,31800,462,1
2016/09/29,459,460,455,459,46700,459,1
2016/09/30,455,455,449,449,75200,449,1
2016/10/03,447,453,446,449,44500,449,1
2016/10/04,448,450,445,447,51700,447,1
2016/10/05,449,453,445,453,41600,453,1
2016/10/06,460,460,454,455,26300,455,1
2016/10/07,453,457,453,455,31800,455,1
2016/10/11,454,458,452,454,21300,454,1
2016/10/12,453,455,448,448,41800,448,1
2016/10/13,448,450,442,443,50000,443,1
2016/10/14,443,447,441,443,38700,443,1
2016/10/17,445,448,443,445,21000,445,1
2016/10/18,446,453,445,449,26000,449,1
2016/10/19,454,454,449,452,27700,452,1
2016/10/20,453,456,452,454,26800,454,1
2016/10/21,454,456,449,455,37900,455,1
2016/10/24,457,458,452,453,23700,453,1
2016/10/25,448,454,446,450,70800,450,1
2016/10/26,448,454,444,452,37000,452,1
2016/10/27,453,459,448,459,40600,459,1
2016/10/28,459,460,451,458,45200,458,1
2016/10/31,458,461,453,459,29900,459,1
2016/11/01,460,460,452,453,49500,453,1
2016/11/02,450,450,445,446,37700,446,1
2016/11/04,442,443,432,436,49500,436,1
2016/11/07,435,445,435,439,29100,439,1
2016/11/08,440,445,439,441,88900,441,1
2016/11/09,443,443,416,421,114100,421,1
2016/11/10,435,440,433,436,46300,436,1
2016/11/11,427,440,427,433,98900,433,1
2016/11/14,440,460,439,457,90300,457,1
2016/11/15,457,462,425,431,199200,431,1
2016/11/16,431,450,430,444,48300,444,1
2016/11/17,438,444,435,441,25000,441,1
2016/11/18,441,452,435,443,64000,443,1
2016/11/21,448,454,446,450,27800,450,1
2016/11/22,450,455,445,451,38000,451,1
2016/11/24,449,455,447,453,59300,453,1
2016/11/25,453,455,445,450,47000,450,1
2016/11/28,451,455,447,455,56400,455,1
2016/11/29,455,485,455,480,183700,480,1
2016/11/30,483,485,472,473,88000,473,1
2016/12/01,478,480,466,466,52900,466,1
2016/12/02,464,469,456,459,58900,459,1
2016/12/05,459,459,454,454,33800,454,1
2016/12/06,450,455,449,449,70900,449,1
2016/12/07,450,454,448,453,56200,453,1
2016/12/08,457,460,448,452,69700,452,1
2016/12/09,450,451,435,439,141000,439,1
2016/12/12,439,445,435,444,53700,444,1
2016/12/13,444,448,442,445,43600,445,1
2016/12/14,448,449,445,447,35600,447,1
2016/12/15,448,450,445,447,36000,447,1
2016/12/16,446,448,440,442,63300,442,1
2016/12/19,440,441,436,438,40300,438,1
2016/12/20,435,442,435,441,43600,441,1
2016/12/21,442,443,436,441,55800,441,1
2016/12/22,435,441,435,437,58200,437,1
2016/12/26,435,512,435,446,521200,446,1
2016/12/27,439,445,434,434,158200,434,1
2016/12/28,437,442,434,440,56900,440,1
2016/12/29,436,439,435,436,52000,436,1
2016/12/30,435,443,433,442,52500,442,1
2017/01/04,444,455,444,449,68900,449,1
2017/01/05,450,462,446,461,81400,461,1
2017/01/06,469,470,450,465,76900,465,1
2017/01/10,464,477,464,471,101500,471,1
2017/01/11,475,475,452,452,92100,452,1
2017/01/12,454,458,451,453,45200,453,1
2017/01/13,453,455,451,453,60200,453,1
2017/01/16,452,453,445,447,47100,447,1
2017/01/17,446,449,441,442,31300,442,1
2017/01/18,441,444,438,443,48000,443,1
2017/01/19,443,453,443,446,35400,446,1
2017/01/20,445,449,441,445,40400,445,1
2017/01/23,445,445,439,445,36200,445,1
2017/01/24,449,454,446,450,34500,450,1
2017/01/25,450,452,447,448,55700,448,1
2017/01/26,456,456,443,451,41500,451,1
2017/01/27,458,458,440,449,41500,449,1
2017/01/30,451,453,446,452,36400,452,1
2017/01/31,448,453,447,448,33800,448,1
2017/02/01,448,452,445,451,39800,451,1
2017/02/02,453,455,445,445,60400,445,1
2017/02/03,445,449,441,444,57500,444,1
2017/02/06,444,452,444,447,40600,447,1
2017/02/07,447,454,446,452,28800,452,1
2017/02/08,453,453,445,445,50400,445,1
2017/02/09,446,452,446,452,37100,452,1
2017/02/10,453,457,453,455,79200,455,1
2017/02/13,460,477,457,474,130800,474,1
2017/02/14,445,456,440,444,243200,444,1
2017/02/15,451,451,444,447,75100,447,1
2017/02/16,448,448,437,439,136700,439,1
2017/02/17,441,445,436,443,66500,443,1
2017/02/20,442,442,439,441,20000,441,1
2017/02/21,440,443,438,442,60300,442,1
2017/02/22,443,465,443,451,210700,451,1
2017/02/23,456,456,451,456,53400,456,1
2017/02/24,459,460,454,455,73700,455,1
2017/02/27,456,456,447,452,32700,452,1
2017/02/28,450,458,449,454,60800,454,1
2017/03/01,454,454,445,450,31100,450,1
2017/03/02,452,455,447,453,45400,453,1
2017/03/03,453,463,453,460,94600,460,1
2017/03/06,459,472,459,467,105000,467,1
2017/03/07,469,485,466,482,222400,482,1
2017/03/08,486,503,486,503,275900,503,1
2017/03/09,503,510,498,507,188200,507,1
2017/03/10,507,507,493,500,141600,500,1
2017/03/13,495,510,495,503,101000,503,1
2017/03/14,504,525,495,525,198300,525,1
2017/03/15,525,542,520,537,238500,537,1
2017/03/16,537,550,535,543,142300,543,1
2017/03/17,540,540,524,531,104900,531,1
2017/03/21,531,538,528,534,103300,534,1
2017/03/22,524,529,521,521,60200,521,1
2017/03/23,521,524,502,512,91400,512,1
2017/03/24,512,520,509,514,49600,514,1
2017/03/27,510,519,507,510,34800,510,1
2017/03/28,512,516,510,516,47200,516,1
2017/03/29,519,531,519,527,66100,527,1
2017/03/30,530,534,526,530,43900,530,1
2017/03/31,535,536,524,524,72800,524,1
2017/04/03,524,534,519,531,56800,531,1
2017/04/04,534,534,508,508,55300,508,1
2017/04/05,509,517,498,499,64100,499,1
2017/04/06,496,500,482,488,49100,488,1
2017/04/07,489,500,480,492,68400,492,1
2017/04/10,489,489,479,484,49700,484,1
2017/04/11,484,491,481,481,48900,481,1
2017/04/12,480,483,471,474,42900,474,1
2017/04/13,466,474,463,469,56800,469,1
2017/04/14,466,473,458,468,63500,468,1
2017/04/17,464,483,464,477,37800,477,1
2017/04/18,490,498,482,496,46100,496,1
2017/04/19,500,505,492,494,38800,494,1
2017/04/20,497,497,486,489,21600,489,1
2017/04/21,490,492,471,484,34800,484,1
2017/04/24,486,490,480,480,19500,480,1
2017/04/25,480,486,480,481,19300,481,1
2017/04/26,485,489,483,488,29200,488,1
2017/04/27,488,493,481,489,34700,489,1
2017/04/28,494,494,486,488,29500,488,1
2017/05/01,483,494,481,494,28500,494,1
2017/05/02,493,495,491,495,25900,495,1
2017/05/08,500,512,500,505,76900,505,1
2017/05/09,510,512,508,511,37000,511,1
2017/05/10,513,524,510,524,61100,524,1
2017/05/11,525,527,512,512,72600,512,1
2017/05/12,513,513,501,505,43900,505,1
2017/05/15,496,511,496,507,55200,507,1
2017/05/16,508,513,494,501,67500,501,1
2017/05/17,500,503,494,494,31000,494,1
2017/05/18,489,500,485,500,36700,500,1
2017/05/19,505,525,504,522,119900,522,1
2017/05/22,525,535,524,535,135000,535,1
2017/05/23,535,554,530,549,189500,549,1
2017/05/24,555,557,537,541,101000,541,1
2017/05/25,545,574,539,574,206600,574,1
2017/05/26,580,580,545,551,158000,551,1
2017/05/29,554,570,554,565,71500,565,1
2017/05/30,567,596,565,594,279400,594,1
2017/05/31,591,610,575,576,183100,576,1
2017/06/01,577,608,577,600,109500,600,1
2017/06/02,605,605,588,591,100200,591,1
2017/06/05,593,599,585,591,86100,591,1
2017/06/06,587,588,556,558,143700,558,1
2017/06/07,555,585,553,580,156200,580,1
2017/06/08,576,596,576,585,68000,585,1
2017/06/09,584,594,580,587,97600,587,1
2017/06/12,591,607,580,606,178600,606,1
2017/06/13,608,643,597,640,311200,640,1
2017/06/14,640,659,618,654,291900,654,1
2017/06/15,650,660,629,630,141700,630,1
2017/06/16,635,643,611,620,119300,620,1
2017/06/19,621,655,621,651,145500,651,1
2017/06/20,662,712,660,691,476300,691,1
2017/06/21,690,703,674,700,199200,700,1
2017/06/22,696,696,669,672,167800,672,1
2017/06/23,675,681,638,644,206400,644,1
2017/06/26,654,657,633,649,138800,649,1
2017/06/27,659,728,658,705,823700,705,1
2017/06/28,705,715,675,680,188300,680,1
2017/06/29,681,701,680,693,134300,693,1
2017/06/30,687,693,679,693,138400,693,1
2017/07/03,688,688,663,669,176100,669,1
2017/07/04,676,676,632,634,197200,634,1
2017/07/05,632,645,618,628,174200,628,1
2017/07/06,628,634,613,619,90800,619,1
2017/07/07,613,634,613,625,106900,625,1
2017/07/10,627,630,616,620,65700,620,1
2017/07/11,619,629,617,623,51300,623,1
2017/07/12,620,627,616,619,68200,619,1
2017/07/13,625,627,618,618,46800,618,1
2017/07/14,620,663,619,655,255600,655,1
2017/07/18,650,653,619,627,157100,627,1
2017/07/19,620,636,619,631,94800,631,1
2017/07/20,630,645,624,628,95100,628,1
2017/07/21,627,632,616,618,92900,618,1
2017/07/24,618,624,608,622,85000,622,1
2017/07/25,625,664,625,659,242800,659,1
2017/07/26,665,665,640,642,87400,642,1
2017/07/27,641,643,625,629,64700,629,1
2017/07/28,634,678,634,666,320200,666,1
2017/07/31,666,666,631,634,121900,634,1
2017/08/01,640,640,613,617,100900,617,1
2017/08/02,614,632,614,625,65200,625,1
2017/08/03,622,626,614,622,45600,622,1
2017/08/04,622,642,622,639,68700,639,1
2017/08/07,646,662,635,653,161300,653,1
2017/08/08,652,655,634,644,66500,644,1
2017/08/09,646,646,617,626,167200,626,1
2017/08/10,629,645,629,637,83100,637,1
2017/08/14,621,637,619,627,106600,627,1
2017/08/15,638,638,582,586,254800,586,1
2017/08/16,592,638,588,637,219100,637,1
2017/08/17,636,651,626,651,120500,651,1
2017/08/18,638,686,636,680,404600,680,1
2017/08/21,676,680,632,639,190500,639,1
2017/08/22,632,635,610,615,201200,615,1
2017/08/23,619,623,596,598,264100,598,1
2017/08/24,606,640,600,628,243400,628,1
2017/08/25,629,636,600,602,207100,602,1
2017/08/28,615,615,593,600,143000,600,1
2017/08/29,604,614,600,610,97200,610,1
2017/08/30,610,611,602,611,62800,611,1
2017/08/31,612,615,602,602,65600,602,1
2017/09/01,608,611,598,605,111200,605,1
2017/09/04,605,605,578,589,102100,589,1
2017/09/05,585,589,561,565,120200,565,1
2017/09/06,549,573,548,568,153500,568,1
2017/09/07,578,582,568,573,67600,573,1
2017/09/08,566,572,554,559,121600,559,1
2017/09/11,561,576,561,569,65800,569,1
2017/09/12,575,583,568,583,67400,583,1
2017/09/13,580,590,576,583,50900,583,1
2017/09/14,580,582,564,565,73400,565,1
2017/09/15,565,577,565,574,41200,574,1
2017/09/19,578,582,571,572,92300,572,1
2017/09/20,577,578,567,569,35200,569,1
2017/09/21,572,577,565,574,93700,574,1
2017/09/22,569,570,553,560,98600,560,1
2017/09/25,556,567,554,558,81200,558,1
2017/09/26,560,560,548,559,82600,559,1
2017/09/27,560,565,556,559,35300,559,1
2017/09/28,561,565,556,561,49600,561,1
2017/09/29,561,563,553,557,37900,557,1
2017/10/02,556,568,555,566,86200,566,1
2017/10/03,565,568,560,567,59800,567,1
2017/10/04,568,568,558,561,63300,561,1
2017/10/05,564,566,552,555,57300,555,1
2017/10/06,555,556,535,536,151100,536,1
2017/10/10,540,543,537,542,42400,542,1
2017/10/11,544,544,534,539,60800,539,1
2017/10/12,536,542,535,537,67400,537,1
2017/10/13,536,536,520,524,107100,524,1
2017/10/16,524,532,520,526,54900,526,1
2017/10/17,525,526,520,522,35800,522,1
2017/10/18,523,529,519,526,48400,526,1
2017/10/19,524,530,522,528,51500,528,1
2017/10/20,529,536,527,533,67000,533,1
2017/10/23,539,558,536,550,140300,550,1
2017/10/24,552,555,545,552,56800,552,1
2017/10/25,559,559,534,534,103900,534,1
2017/10/26,534,543,533,533,55100,533,1
2017/10/27,533,543,533,537,46000,537,1
2017/10/30,543,548,542,542,49500,542,1
2017/10/31,548,554,543,552,31700,552,1
2017/11/01,552,555,547,548,54800,548,1
2017/11/02,549,553,546,547,37800,547,1
2017/11/06,553,558,550,554,45500,554,1
2017/11/07,555,561,550,552,64300,552,1
2017/11/08,550,554,543,552,54600,552,1
2017/11/09,556,566,546,557,90000,557,1
2017/11/10,551,578,547,576,127400,576,1
2017/11/13,580,580,555,557,69100,557,1
2017/11/14,564,571,558,570,84400,570,1
2017/11/15,550,555,506,509,232500,509,1
2017/11/16,500,519,499,511,106600,511,1
2017/11/17,514,515,498,511,108400,511,1
2017/11/20,510,517,506,509,53600,509,1
2017/11/21,507,514,499,511,109200,511,1
2017/11/22,513,515,502,506,79100,506,1
2017/11/24,505,506,500,502,50200,502,1
2017/11/27,505,510,501,507,41900,507,1
2017/11/28,511,512,503,503,38200,503,1
2017/11/29,504,509,502,505,34800,505,1
2017/11/30,513,513,504,508,47000,508,1
2017/12/01,510,510,502,507,37000,507,1
2017/12/04,507,513,501,506,50100,506,1
2017/12/05,504,504,498,500,63100,500,1
2017/12/06,500,506,490,491,66500,491,1
2017/12/07,492,502,491,496,83800,496,1
2017/12/08,492,498,487,488,78200,488,1
2017/12/11,487,500,487,499,56600,499,1
2017/12/12,503,506,495,502,57700,502,1
2017/12/13,505,517,503,504,128600,504,1
2017/12/14,512,512,496,500,85100,500,1
2017/12/15,500,500,488,494,69600,494,1
2017/12/18,498,500,494,498,60800,498,1
2017/12/19,497,503,495,503,78100,503,1
2017/12/20,504,504,497,497,60100,497,1
2017/12/21,496,496,492,494,57300,494,1
2017/12/22,492,495,488,492,64100,492,1
2017/12/25,490,490,480,481,74100,481,1
2017/12/26,482,489,478,480,80000,480,1
2017/12/27,478,495,478,495,44200,495,1
2017/12/28,500,543,497,535,372800,535,1
2017/12/29,535,539,525,532,142300,532,1
2018/01/04,532,542,527,540,105400,540,1
2018/01/05,545,549,534,535,78600,535,1
2018/01/09,540,559,533,557,119600,557,1
2018/01/10,567,568,555,561,177700,561,1
2018/01/11,560,567,555,559,50000,559,1
2018/01/12,562,565,546,548,81900,548,1
2018/01/15,556,556,547,547,34000,547,1
2018/01/16,546,551,544,544,45600,544,1
2018/01/17,543,545,533,534,72700,534,1
2018/01/18,536,549,536,543,61900,543,1
2018/01/19,544,547,533,534,53200,534,1
2018/01/22,574,634,569,626,1647800,626,1
2018/01/23,617,618,584,584,657000,584,1
2018/01/24,590,607,586,592,320000,592,1
2018/01/25,589,601,589,589,173700,589,1
2018/01/26,594,600,585,586,111100,586,1
2018/01/29,595,595,580,583,70500,583,1
2018/01/30,582,582,558,563,106400,563,1
2018/01/31,556,571,554,557,98300,557,1
2018/02/01,565,569,559,565,45800,565,1
2018/02/02,570,570,554,560,75100,560,1
2018/02/05,543,552,537,545,120300,545,1
2018/02/06,516,516,493,510,245100,510,1
2018/02/07,530,544,505,506,151300,506,1
2018/02/08,512,543,512,536,148700,536,1
2018/02/09,509,562,509,562,192100,562,1
2018/02/13,577,579,555,568,103500,568,1
2018/02/14,571,592,566,573,195200,573,1
2018/02/15,553,556,504,505,296700,505,1
2018/02/16,505,515,505,515,114700,515,1
2018/02/19,521,548,520,547,129300,547,1
2018/02/20,545,557,541,548,56600,548,1
2018/02/21,552,555,548,552,53500,552,1
2018/02/22,547,554,524,529,60100,529,1
2018/02/23,532,533,521,531,55800,531,1
2018/02/26,533,563,533,553,119600,553,1
2018/02/27,560,562,551,556,52300,556,1
2018/02/28,546,567,546,562,64300,562,1
2018/03/01,555,555,546,551,41700,551,1
2018/03/02,532,544,528,534,51900,534,1
2018/03/05,534,544,515,516,62100,516,1
2018/03/06,519,536,517,525,34100,525,1
2018/03/07,517,532,515,526,43900,526,1
2018/03/08,530,547,530,537,39700,537,1
2018/03/09,549,549,528,531,43900,531,1
2018/03/12,534,536,528,534,69400,534,1
2018/03/13,527,540,527,538,33100,538,1
2018/03/14,530,545,530,540,25300,540,1
2018/03/15,538,549,538,547,25300,547,1
2018/03/16,546,546,530,531,40500,531,1
2018/03/19,530,537,516,521,47200,521,1
2018/03/20,516,534,513,533,32500,533,1
2018/03/22,530,541,530,540,41600,540,1
2018/03/23,530,536,514,514,57800,514,1
2018/03/26,508,519,495,519,65600,519,1
2018/03/27,517,523,512,515,33400,515,1
2018/03/28,515,526,510,516,26200,516,1
2018/03/29,522,541,516,535,60700,535,1
2018/03/30,536,546,536,545,48300,545,1
2018/04/02,543,554,526,532,78900,532,1
2018/04/03,526,530,511,522,81600,522,1
2018/04/04,526,528,516,526,41100,526,1
2018/04/05,525,544,519,540,59500,540,1
2018/04/06,536,539,522,522,58700,522,1
2018/04/09,520,529,515,525,47400,525,1
2018/04/10,528,528,521,521,16500,521,1
2018/04/11,521,521,502,509,55600,509,1
2018/04/12,512,515,505,507,32200,507,1
2018/04/13,505,512,504,508,33300,508,1
2018/04/16,512,512,497,508,94700,508,1
2018/04/17,502,507,486,503,143100,503,1
2018/04/18,505,507,499,503,38500,503,1
2018/04/19,503,503,489,493,87400,493,1
2018/04/20,494,503,491,495,73200,495,1
2018/04/23,493,497,490,495,40600,495,1
2018/04/24,496,498,490,495,47000,495,1
2018/04/25,492,497,488,490,89700,490,1
2018/04/26,492,492,481,483,119700,483,1
2018/04/27,483,484,476,477,106100,477,1
2018/05/01,477,483,477,478,52100,478,1
2018/05/02,478,488,478,486,83300,486,1
2018/05/07,490,493,483,490,95100,490,1
2018/05/08,490,499,487,495,61600,495,1
2018/05/09,498,498,488,493,52800,493,1
2018/05/10,493,496,486,490,47600,490,1
2018/05/11,490,494,487,489,49800,489,1
2018/05/14,488,488,484,486,41400,486,1
2018/05/15,484,491,483,488,66600,488,1
2018/05/16,513,543,511,535,390700,535,1
2018/05/17,543,565,530,556,320600,556,1
2018/05/18,556,572,541,556,172600,556,1
2018/05/21,551,553,541,549,75800,549,1
2018/05/22,550,551,538,545,81700,545,1
2018/05/23,545,559,543,552,49900,552,1
2018/05/24,550,552,540,545,46300,545,1
2018/05/25,542,545,531,532,47400,532,1
2018/05/28,533,539,531,531,23900,531,1
2018/05/29,535,539,523,535,37400,535,1
2018/05/30,526,549,525,546,62300,546,1
2018/05/31,550,564,543,559,84100,559,1
2018/06/01,557,564,549,554,84800,554,1
2018/06/04,554,570,554,566,65100,566,1
2018/06/05,567,567,541,545,61800,545,1
2018/06/06,538,558,537,547,54300,547,1
2018/06/07,554,567,551,564,50600,564,1
2018/06/08,563,569,558,569,43200,569,1
2018/06/11,568,568,550,561,74600,561,1
2018/06/12,556,567,554,562,35000,562,1
2018/06/13,560,562,552,557,38000,557,1
2018/06/14,557,567,552,567,30700,567,1
2018/06/15,566,566,541,543,118000,543,1
2018/06/18,551,563,538,561,125400,561,1
2018/06/19,561,561,544,551,59800,551,1
2018/06/20,545,555,527,553,71900,553,1
2018/06/21,559,581,554,568,130000,568,1
2018/06/22,565,584,552,583,142000,583,1
2018/06/25,586,601,564,565,96800,565,1
2018/06/26,555,555,545,551,56600,551,1
2018/06/27,547,556,541,552,24700,552,1
2018/06/28,550,550,524,532,121300,532,1
2018/06/29,527,532,515,528,40900,528,1
2018/07/02,530,530,513,514,68800,514,1
2018/07/03,514,521,491,493,80500,493,1
2018/07/04,495,502,491,502,66200,502,1
2018/07/05,497,501,481,486,95300,486,1
2018/07/06,486,488,450,481,220200,481,1
2018/07/09,481,495,475,483,118500,483,1
2018/07/10,490,494,477,479,58200,479,1
2018/07/11,477,499,476,490,73100,490,1
2018/07/12,494,500,489,497,41400,497,1
2018/07/13,491,500,491,498,17400,498,1
2018/07/17,502,512,494,499,78100,499,1
2018/07/18,502,503,496,500,37900,500,1
2018/07/19,502,502,492,495,45000,495,1
2018/07/20,490,496,485,491,34000,491,1
2018/07/23,487,490,484,484,51000,484,1
2018/07/24,486,490,481,487,56800,487,1
2018/07/25,490,491,482,484,41000,484,1
2018/07/26,486,491,485,487,49600,487,1
2018/07/27,487,489,482,485,30300,485,1
2018/07/30,490,494,485,492,123900,492,1
2018/07/31,493,493,477,480,91200,480,1
2018/08/01,485,488,481,488,34600,488,1
2018/08/02,488,492,479,480,59600,480,1
2018/08/03,480,480,458,462,129800,462,1
2018/08/06,462,471,459,461,40900,461,1
2018/08/07,460,463,456,460,29100,460,1
2018/08/08,460,472,460,469,39800,469,1
2018/08/09,469,469,461,464,21700,464,1
2018/08/10,468,472,463,468,35500,468,1
2018/08/13,463,465,452,452,70200,452,1
2018/08/14,453,481,453,481,121200,481,1
