2013/04/24,1775.0,1775.0,1600.0,1600.0,2900,1600,2.0
2013/04/25,1433.0,1450.0,1330.0,1387.5,3300,1387.5,2.0
2013/04/26,1387.5,1387.5,1275.5,1280.5,23500,1280.5,2.0
2013/04/30,1305.5,1370.0,1292.5,1341.5,19900,1341.5,2.0
2013/05/01,1330.5,1466.5,1330.5,1445.0,26700,1445,2.0
2013/05/02,1470.0,1695.0,1455.5,1695.0,84100,1695,2.0
2013/05/07,1800.0,1905.0,1700.0,1775.0,78500,1775,2.0
2013/05/08,1762.5,1800.0,1580.0,1602.5,37500,1602.5,2.0
2013/05/09,1602.5,1667.5,1484.5,1499.5,32000,1499.5,2.0
2013/05/10,1550.0,1665.0,1500.0,1600.0,32900,1600,2.0
2013/05/13,1600.0,1600.0,1487.5,1487.5,43000,1487.5,2.0
2013/05/14,1500.0,1500.0,1375.0,1424.0,56800,1424,2.0
2013/05/15,1474.0,1474.0,1325.0,1370.0,74700,1370,2.0
2013/05/16,1395.0,1410.0,1250.0,1329.5,70100,1329.5,2.0
2013/05/17,1395.0,1550.0,1395.0,1550.0,163200,1550,2.0
2013/05/20,1580.0,1620.0,1470.0,1497.5,110700,1497.5,2.0
2013/05/21,1600.0,1615.0,1500.0,1517.5,87100,1517.5,2.0
2013/05/22,1517.5,1520.0,1425.0,1426.5,57700,1426.5,2.0
2013/05/23,1420.0,1429.5,1275.0,1296.0,93000,1296,2.0
2013/05/24,1327.5,1400.0,1125.5,1260.0,99500,1260,2.0
2013/05/27,1155.0,1200.0,1135.0,1157.5,55700,1157.5,2.0
2013/05/28,1170.0,1289.0,1160.0,1190.0,41600,1190,2.0
2013/05/29,1244.5,1285.0,1230.0,1285.0,34700,1285,2.0
2013/05/30,1240.0,1289.5,1226.5,1287.5,16900,1287.5,2.0
2013/05/31,1314.0,1328.0,1253.5,1280.0,20000,1280,2.0
2013/06/03,1250.0,1280.0,1235.0,1235.0,13900,1235,2.0
2013/06/04,1274.5,1285.0,1200.0,1210.5,22600,1210.5,2.0
2013/06/05,1230.0,1284.5,1195.0,1210.0,36400,1210,2.0
2013/06/06,1150.0,1180.0,960.0,1050.0,79800,1050,2.0
2013/06/07,915.0,915.5,811.5,890.0,97600,890,2.0
2013/06/10,970.0,975.0,935.0,951.0,33700,951,2.0
2013/06/11,1036.0,1039.5,902.5,932.5,47400,932.5,2.0
2013/06/12,900.0,957.5,900.0,940.5,25100,940.5,2.0
2013/06/13,939.5,940.5,890.5,940.0,25500,940,2.0
2013/06/14,960.0,965.0,935.0,952.0,32400,952,2.0
2013/06/17,942.5,949.5,905.5,907.5,30800,907.5,2.0
2013/06/18,909.0,920.0,883.5,894.5,41600,894.5,2.0
2013/06/19,904.0,915.0,889.5,899.5,20700,899.5,2.0
2013/06/20,886.0,899.5,878.0,888.0,29700,888,2.0
2013/06/21,878.5,897.5,855.0,885.0,28500,885,2.0
2013/06/24,905.0,944.0,905.0,940.0,35400,940,2.0
2013/06/25,930.0,980.0,917.5,920.0,46700,920,2.0
2013/06/26,925.0,956.0,861.5,863.0,21000,863,2.0
2013/06/27,843.0,882.5,830.0,860.0,23800,860,2.0
2013/06/28,880.0,909.0,870.0,900.0,11600,900,2.0
2013/07/01,910.0,975.0,907.5,967.5,25200,967.5,2.0
2013/07/02,985.0,1005.0,957.5,995.0,34100,995,2.0
2013/07/03,1040.0,1150.0,1020.0,1119.0,105200,1119,2.0
2013/07/04,1082.5,1135.0,1082.5,1104.5,30500,1104.5,2.0
2013/07/05,1115.0,1170.0,1085.0,1165.5,36500,1165.5,2.0
2013/07/08,1240.0,1272.5,1197.5,1225.0,72900,1225,2.0
2013/07/09,1250.0,1250.0,1195.0,1211.5,25500,1211.5,2.0
2013/07/10,1210.5,1210.5,1116.5,1149.5,31800,1149.5,2.0
2013/07/11,1075.0,1125.0,1075.0,1119.5,20700,1119.5,2.0
2013/07/12,1149.5,1149.5,1120.0,1122.5,14700,1122.5,2.0
2013/07/16,1150.0,1156.5,1122.5,1137.0,11900,1137,2.0
2013/07/17,1129.5,1129.5,1115.5,1115.5,11200,1115.5,2.0
2013/07/18,1100.0,1100.0,1060.0,1100.0,19500,1100,2.0
2013/07/19,1114.5,1114.5,1050.0,1075.0,43600,1075,2.0
2013/07/22,1119.5,1124.5,1080.0,1099.0,26000,1099,2.0
2013/07/23,1100.5,1120.0,1100.0,1114.5,28600,1114.5,2.0
2013/07/24,1123.5,1123.5,1095.0,1100.5,10200,1100.5,2.0
2013/07/25,1112.5,1144.0,1105.0,1105.0,31100,1105,2.0
2013/07/26,1122.0,1122.0,1085.5,1110.0,19000,1110,2.0
2013/07/29,1065.5,1075.0,1005.0,1018.0,26000,1018,2.0
2013/07/30,999.5,1044.0,985.0,1000.0,45100,1000,2.0
2013/07/31,1000.0,1017.5,990.0,1007.5,10200,1007.5,2.0
2013/08/01,997.5,998.0,957.5,987.5,20500,987.5,2.0
2013/08/02,999.5,1015.0,985.0,998.5,19500,998.5,2.0
2013/08/05,985.5,1000.0,985.5,997.5,5900,997.5,2.0
2013/08/06,1005.0,1007.5,988.0,988.0,7000,988,2.0
2013/08/07,988.0,990.0,975.5,981.0,8200,981,2.0
2013/08/08,972.0,986.5,970.0,972.0,7200,972,2.0
2013/08/09,975.5,984.0,960.0,960.5,8400,960.5,2.0
2013/08/12,952.5,952.5,921.0,931.5,12000,931.5,2.0
2013/08/13,930.0,931.5,917.5,917.5,11100,917.5,2.0
2013/08/14,926.0,932.5,914.5,914.5,6500,914.5,2.0
2013/08/15,894.5,914.5,894.5,898.5,12500,898.5,2.0
2013/08/16,880.0,910.0,880.0,897.5,6100,897.5,2.0
2013/08/19,884.0,899.5,875.0,890.0,10300,890,2.0
2013/08/20,891.5,896.0,885.0,885.0,6400,885,2.0
2013/08/21,870.5,887.5,870.5,882.5,11300,882.5,2.0
2013/08/22,871.0,873.0,849.0,849.0,26300,849,2.0
2013/08/23,855.0,858.0,845.0,846.5,13500,846.5,2.0
2013/08/26,886.5,897.5,868.0,892.5,10800,892.5,2.0
2013/08/27,903.0,907.5,890.0,892.5,8800,892.5,2.0
2013/08/28,858.5,889.5,858.5,862.5,7100,862.5,2.0
2013/08/29,863.5,876.5,863.5,863.5,2400,863.5,2.0
2013/08/30,866.0,879.5,862.5,864.0,4800,864,2.0
2013/09/02,855.5,875.0,849.5,875.0,8600,875,2.0
2013/09/03,870.0,910.0,870.0,909.0,8500,909,2.0
2013/09/04,899.5,910.0,892.5,910.0,6100,910,2.0
2013/09/05,921.5,934.0,897.5,905.0,6700,905,2.0
2013/09/06,900.0,908.0,890.0,891.5,4900,891.5,2.0
2013/09/09,871.5,899.5,865.0,870.0,11400,870,2.0
2013/09/10,867.5,870.5,850.5,851.5,17300,851.5,2.0
2013/09/11,855.0,874.0,853.0,856.5,14500,856.5,2.0
2013/09/12,858.0,869.5,857.5,859.0,6800,859,2.0
2013/09/13,866.0,879.0,865.0,871.0,11300,871,2.0
2013/09/17,900.0,929.0,900.0,929.0,17300,929,2.0
2013/09/18,1005.0,1044.0,984.5,1044.0,57200,1044,2.0
2013/09/19,1060.0,1060.0,977.0,977.5,40400,977.5,2.0
2013/09/20,997.5,997.5,975.0,979.5,13400,979.5,2.0
2013/09/24,980.0,1019.0,970.0,986.0,15600,986,2.0
2013/09/25,985.0,1004.5,965.5,982.5,11800,982.5,2.0
2013/09/26,996.0,996.0,973.0,980.0,2500,980,2.0
2013/09/27,995.0,1002.0,992.0,1002.0,9500,1002,2.0
2013/09/30,997.5,997.5,980.0,980.0,7300,980,2.0
2013/10/01,985.0,993.0,976.0,982.0,7000,982,2.0
2013/10/02,990.0,990.0,945.0,956.5,10300,956.5,2.0
2013/10/03,941.5,950.0,932.5,935.0,7200,935,2.0
2013/10/04,930.0,930.0,895.0,900.5,13000,900.5,2.0
2013/10/07,906.0,920.0,870.5,885.5,10400,885.5,2.0
2013/10/08,870.0,940.0,870.0,935.0,7700,935,2.0
2013/10/09,895.0,936.5,895.0,920.0,8200,920,2.0
2013/10/10,915.0,950.0,915.0,920.0,7700,920,2.0
2013/10/11,926.0,932.0,919.0,920.0,9400,920,2.0
2013/10/15,916.0,931.5,903.0,905.0,8900,905,2.0
2013/10/16,905.5,912.0,903.5,908.0,7500,908,2.0
2013/10/17,911.0,927.5,911.0,919.0,7000,919,2.0
2013/10/18,922.5,922.5,910.0,920.0,3800,920,2.0
2013/10/21,929.5,945.0,928.0,937.5,23000,937.5,2.0
2013/10/22,940.0,970.0,937.5,970.0,12700,970,2.0
2013/10/23,970.5,970.5,946.0,954.5,10500,954.5,2.0
2013/10/24,950.0,950.0,930.5,936.0,7600,936,2.0
2013/10/25,941.0,959.5,935.5,950.5,11800,950.5,2.0
2013/10/28,949.5,949.5,928.0,940.0,10900,940,2.0
2013/10/29,947.5,947.5,926.0,927.0,3900,927,2.0
2013/10/30,933.0,933.5,922.0,922.0,6400,922,2.0
2013/10/31,922.5,940.5,922.5,938.5,8100,938.5,2.0
2013/11/01,925.0,932.5,904.0,930.0,13600,930,2.0
2013/11/05,940.5,940.5,915.0,927.5,12000,927.5,2.0
2013/11/06,922.5,929.0,919.0,924.5,9900,924.5,2.0
2013/11/07,910.5,920.0,908.5,911.5,16600,911.5,2.0
2013/11/08,917.5,924.5,910.5,917.5,19400,917.5,2.0
2013/11/11,910.5,923.0,905.0,915.5,19500,915.5,2.0
2013/11/12,915.5,917.5,904.0,910.5,16800,910.5,2.0
2013/11/13,906.0,918.0,906.0,913.5,5800,913.5,2.0
2013/11/14,918.5,959.0,918.0,952.5,22000,952.5,2.0
2013/11/15,955.0,970.0,945.0,969.5,28200,969.5,2.0
2013/11/18,982.0,994.0,972.5,982.5,22900,982.5,2.0
2013/11/19,972.5,980.0,965.5,975.0,11500,975,2.0
2013/11/20,969.0,984.5,963.0,968.0,15100,968,2.0
2013/11/21,962.5,975.0,962.5,975.0,12000,975,2.0
2013/11/22,967.0,976.5,960.5,968.0,13600,968,2.0
2013/11/25,960.0,963.5,929.5,950.0,10500,950,2.0
2013/11/26,947.5,986.0,943.0,960.0,12300,960,2.0
2013/11/27,952.0,976.5,952.0,969.5,17600,969.5,2.0
2013/11/28,957.5,969.5,957.5,964.5,12000,964.5,2.0
2013/11/29,964.5,971.0,955.5,967.5,8200,967.5,2.0
2013/12/02,947.5,977.5,947.5,969.5,8000,969.5,2.0
2013/12/03,970.0,975.0,963.5,974.0,8500,974,2.0
2013/12/04,955.5,972.0,955.0,964.0,8700,964,2.0
2013/12/05,953.0,967.5,953.0,957.5,10100,957.5,2.0
2013/12/06,975.0,1002.5,970.5,1002.5,59900,1002.5,2.0
2013/12/09,1005.0,1015.0,997.5,1007.0,33500,1007,2.0
2013/12/10,1007.0,1013.0,1002.5,1007.0,20000,1007,2.0
2013/12/11,997.5,1007.0,997.5,1000.0,20900,1000,2.0
2013/12/12,997.5,1001.5,997.5,1000.0,8200,1000,2.0
2013/12/13,999.0,999.0,982.5,995.0,7500,995,2.0
2013/12/16,959.5,980.0,931.0,934.5,24700,934.5,2.0
2013/12/17,950.0,953.0,925.0,932.5,11300,932.5,2.0
2013/12/18,920.0,934.0,915.0,920.5,10600,920.5,2.0
2013/12/19,925.5,948.0,923.0,931.0,4800,931,2.0
2013/12/20,932.5,932.5,916.0,920.0,5800,920,2.0
2013/12/24,920.0,925.0,899.0,903.0,15900,903,2.0
2013/12/25,895.5,915.0,893.0,913.5,15400,913.5,2.0
2013/12/26,927.5,934.5,916.5,922.0,6700,922,2.0
2013/12/27,922.0,934.5,920.5,933.0,9300,933,2.0
2013/12/30,935.0,945.0,935.0,941.5,6300,941.5,2.0
2014/01/06,945.0,959.5,941.5,958.5,8600,958.5,2.0
2014/01/07,958.5,959.5,933.5,933.5,9200,933.5,2.0
2014/01/08,951.5,951.5,939.0,950.0,6100,950,2.0
2014/01/09,940.5,949.0,935.0,938.0,10600,938,2.0
2014/01/10,936.0,953.0,936.0,950.0,6100,950,2.0
2014/01/14,952.5,999.0,939.0,990.0,21000,990,2.0
2014/01/15,990.0,990.0,976.0,989.5,7700,989.5,2.0
2014/01/16,1025.0,1034.5,1005.0,1007.5,33900,1007.5,2.0
2014/01/17,1007.5,1011.0,1001.0,1003.0,8700,1003,2.0
2014/01/20,1017.5,1017.5,1003.0,1003.0,13800,1003,2.0
2014/01/21,1021.5,1021.5,977.0,977.5,18000,977.5,2.0
2014/01/22,960.0,997.0,958.5,969.0,24300,969,2.0
2014/01/23,972.5,981.0,951.5,952.0,18500,952,2.0
2014/01/24,947.5,967.0,936.5,951.5,16300,951.5,2.0
2014/01/27,939.0,959.5,937.5,950.5,16800,950.5,2.0
2014/01/28,950.0,959.5,945.5,955.5,14400,955.5,2.0
2014/01/29,957.5,982.0,957.5,976.0,16900,976,2.0
2014/01/30,976.0,976.0,951.0,972.5,12300,972.5,2.0
2014/01/31,972.5,977.5,970.0,972.5,12900,972.5,2.0
2014/02/03,970.0,970.0,918.5,935.0,17900,935,2.0
2014/02/04,855.0,887.0,855.0,875.0,39300,875,2.0
2014/02/05,875.0,895.5,860.5,864.0,15800,864,2.0
2014/02/06,864.0,875.0,862.0,865.5,8500,865.5,2.0
2014/02/07,905.5,957.5,897.5,957.5,18300,957.5,2.0
2014/02/10,990.5,994.5,925.5,945.0,22800,945,2.0
2014/02/12,937.5,943.5,906.0,912.0,15300,912,2.0
2014/02/13,915.0,922.5,885.5,898.0,10600,898,2.0
2014/02/14,886.0,898.0,880.5,885.5,6800,885.5,2.0
2014/02/17,887.5,900.0,879.5,880.5,5300,880.5,2.0
2014/02/18,917.5,917.5,881.5,908.0,6700,908,2.0
2014/02/19,914.5,914.5,899.5,900.0,2900,900,2.0
2014/02/20,900.0,910.5,886.0,904.5,4500,904.5,2.0
2014/02/21,911.0,911.0,889.5,910.0,7400,910,2.0
2014/02/24,895.0,910.0,894.0,895.0,5700,895,2.0
2014/02/25,895.5,908.5,895.5,900.5,7600,900.5,2.0
2014/02/26,909.5,921.5,907.5,911.0,6600,911,2.0
2014/02/27,897.5,910.5,897.5,909.5,5100,909.5,2.0
2014/02/28,909.5,913.5,899.5,900.0,5000,900,2.0
2014/03/03,900.0,905.0,897.5,902.0,4900,902,2.0
2014/03/04,895.0,901.5,892.5,899.5,6800,899.5,2.0
2014/03/05,893.5,906.5,893.5,906.5,2700,906.5,2.0
2014/03/06,910.0,915.0,909.0,912.5,3300,912.5,2.0
2014/03/07,910.0,914.0,905.5,912.0,7800,912,2.0
2014/03/10,914.5,914.5,909.0,909.5,2300,909.5,2.0
2014/03/11,904.0,907.5,901.5,903.5,3200,903.5,2.0
2014/03/12,903.5,903.5,895.0,902.0,6300,902,2.0
2014/03/13,908.0,908.0,892.0,898.0,3600,898,2.0
2014/03/14,885.0,888.5,875.0,875.0,11000,875,2.0
2014/03/17,860.5,864.5,859.5,859.5,5000,859.5,2.0
2014/03/18,870.0,879.5,860.5,861.0,3900,861,2.0
2014/03/19,860.0,860.0,850.0,850.5,5800,850.5,2.0
2014/03/20,863.5,863.5,817.5,817.5,13800,817.5,2.0
2014/03/24,820.0,828.0,818.0,826.5,6200,826.5,2.0
2014/03/25,825.5,835.0,823.5,825.0,4800,825,2.0
2014/03/26,840.0,840.0,824.5,828.0,3000,828,2.0
2014/03/27,829.5,837.5,825.5,836.0,2300,836,2.0
2014/03/28,835.0,859.5,830.5,847.5,4800,847.5,2.0
2014/03/31,855.5,855.5,851.0,855.5,5500,855.5,2.0
2014/04/01,855.0,855.0,845.0,847.5,4700,847.5,2.0
2014/04/02,848.0,850.5,840.0,847.5,10800,847.5,2.0
2014/04/03,850.0,850.0,840.5,849.0,18200,849,2.0
2014/04/04,846.5,854.5,841.0,850.0,9300,850,2.0
2014/04/07,853.5,860.0,845.0,860.0,7700,860,2.0
2014/04/08,852.5,859.5,850.0,850.5,4300,850.5,2.0
2014/04/09,852.5,858.0,851.5,852.5,4300,852.5,2.0
2014/04/10,854.5,855.5,842.5,845.5,7500,845.5,2.0
2014/04/11,830.0,850.0,827.5,850.0,10500,850,2.0
2014/04/14,842.5,860.0,831.0,832.0,9600,832,2.0
2014/04/15,835.5,849.0,835.0,835.5,4900,835.5,2.0
2014/04/16,847.5,858.0,836.0,857.5,6200,857.5,2.0
2014/04/17,857.5,860.5,855.0,857.5,8800,857.5,2.0
2014/04/18,937.5,937.5,896.0,905.0,77000,905,2.0
2014/04/21,914.0,914.0,895.0,899.0,14900,899,2.0
2014/04/22,893.5,893.5,873.0,875.0,25300,875,2.0
2014/04/23,875.0,875.5,863.5,864.5,15700,864.5,2.0
2014/04/24,872.5,886.5,863.5,880.5,21600,880.5,2.0
2014/04/25,880.5,885.5,866.5,870.5,14800,870.5,2.0
2014/04/28,866.0,866.0,856.0,857.5,12300,857.5,2.0
2014/04/30,865.5,873.0,860.0,873.0,7700,873,2.0
2014/05/01,883.0,906.0,881.5,903.0,25300,903,2.0
2014/05/02,904.5,904.5,880.5,899.5,16000,899.5,2.0
2014/05/07,899.5,909.0,890.0,909.0,24600,909,2.0
2014/05/08,912.5,912.5,877.5,904.5,16400,904.5,2.0
2014/05/09,903.0,908.0,890.0,908.0,12800,908,2.0
2014/05/12,867.5,875.0,857.5,860.0,34300,860,2.0
2014/05/13,880.0,880.0,862.0,866.5,11400,866.5,2.0
2014/05/14,881.0,883.0,864.5,872.5,9700,872.5,2.0
2014/05/15,868.0,876.5,861.5,861.5,9100,861.5,2.0
2014/05/16,879.0,879.0,860.0,860.0,11100,860,2.0
2014/05/19,865.0,869.0,839.0,855.0,12400,855,2.0
2014/05/20,870.0,870.0,847.5,847.5,23500,847.5,2.0
2014/05/21,845.0,846.5,830.0,834.0,13200,834,2.0
2014/05/22,835.0,858.5,835.0,850.0,4000,850,2.0
2014/05/23,859.0,868.5,855.0,868.5,18800,868.5,2.0
2014/05/26,868.5,869.5,850.5,862.5,11900,862.5,2.0
2014/05/27,879.5,879.5,845.5,850.5,27200,850.5,2.0
2014/05/28,856.5,867.0,848.5,850.0,31400,850,2.0
2014/05/29,838.0,856.5,815.5,815.5,120100,815.5,2.0
2014/05/30,824.0,826.0,813.0,818.0,58800,818,2.0
2014/06/02,818.0,829.5,817.0,823.5,35900,823.5,2.0
2014/06/03,825.0,843.5,825.0,840.5,16800,840.5,2.0
2014/06/04,843.5,844.0,830.0,835.0,19000,835,2.0
2014/06/05,831.0,854.5,825.0,841.5,26400,841.5,2.0
2014/06/06,855.0,857.5,843.0,856.5,10300,856.5,2.0
2014/06/09,848.0,862.0,844.0,857.0,10200,857,2.0
2014/06/10,862.0,862.0,833.5,839.0,13500,839,2.0
2014/06/11,835.0,851.5,833.5,847.0,6000,847,2.0
2014/06/12,844.0,850.0,831.0,845.0,6700,845,2.0
2014/06/13,853.5,853.5,840.0,852.5,10100,852.5,2.0
2014/06/16,855.0,855.0,837.5,842.5,7400,842.5,2.0
2014/06/17,850.0,854.0,840.0,849.0,13000,849,2.0
2014/06/18,849.0,850.0,830.0,839.5,37400,839.5,2.0
2014/06/19,840.0,840.0,824.0,830.0,46100,830,2.0
2014/06/20,830.0,835.0,825.0,831.5,9900,831.5,2.0
2014/06/23,832.0,836.5,826.5,833.0,13100,833,2.0
2014/06/24,835.0,839.5,830.0,837.5,11900,837.5,2.0
2014/06/25,831.5,849.0,831.5,846.5,20500,846.5,2.0
2014/06/26,848.5,849.0,829.5,837.5,8800,837.5,2.0
2014/06/27,845.0,845.0,826.5,835.0,8500,835,2.0
2014/06/30,827.5,848.5,827.5,845.0,11900,845,2.0
2014/07/01,845.0,845.0,834.5,839.5,10300,839.5,2.0
2014/07/02,834.5,835.5,819.0,823.5,35400,823.5,2.0
2014/07/03,823.5,831.0,820.0,829.0,8700,829,2.0
2014/07/04,832.5,833.0,826.0,828.0,9900,828,2.0
2014/07/07,830.0,830.0,822.5,826.5,4800,826.5,2.0
2014/07/08,829.5,837.5,825.0,834.0,11300,834,2.0
2014/07/09,831.5,834.0,825.0,827.5,5600,827.5,2.0
2014/07/10,824.0,837.0,824.0,825.5,6200,825.5,2.0
2014/07/11,824.0,830.5,823.0,824.5,3800,824.5,2.0
2014/07/14,825.0,831.5,823.5,826.0,8000,826,2.0
2014/07/15,822.5,830.0,822.5,825.5,4000,825.5,2.0
2014/07/16,822.5,824.5,820.5,822.0,6900,822,2.0
2014/07/17,819.0,822.5,819.0,821.0,5800,821,2.0
2014/07/18,819.0,821.0,816.0,821.0,5600,821,2.0
2014/07/22,821.0,826.0,820.5,823.0,6400,823,2.0
2014/07/23,820.5,825.0,820.0,820.0,4500,820,2.0
2014/07/24,820.0,825.0,817.5,821.5,3400,821.5,2.0
2014/07/25,828.5,829.5,820.5,821.5,4300,821.5,2.0
2014/07/28,829.0,829.0,824.0,825.0,2900,825,2.0
2014/07/29,831.5,837.5,831.0,835.5,12300,835.5,2.0
2014/07/30,838.5,847.0,835.0,841.0,21700,841,2.0
2014/07/31,845.0,846.0,841.5,843.5,10400,843.5,2.0
2014/08/01,841.5,842.5,829.0,829.0,13300,829,2.0
2014/08/04,827.5,838.5,827.5,831.5,5300,831.5,2.0
2014/08/05,830.0,832.5,828.5,828.5,6000,828.5,2.0
2014/08/06,829.0,832.5,825.0,828.0,4400,828,2.0
2014/08/07,825.0,837.5,825.0,837.5,6800,837.5,2.0
2014/08/08,826.0,839.0,821.0,828.5,8000,828.5,2.0
2014/08/11,825.0,837.5,822.5,836.5,6000,836.5,2.0
2014/08/12,831.0,849.5,830.0,846.0,13600,846,2.0
2014/08/13,830.0,845.0,827.5,827.5,8800,827.5,2.0
2014/08/14,842.5,844.5,830.0,842.0,7300,842,2.0
2014/08/15,842.5,854.0,840.5,851.5,18700,851.5,2.0
2014/08/18,854.0,854.0,846.5,849.0,4000,849,2.0
2014/08/19,845.0,847.0,817.5,819.0,20400,819,2.0
2014/08/20,833.5,840.0,825.0,833.0,13100,833,2.0
2014/08/21,826.0,839.5,825.5,835.5,4400,835.5,2.0
2014/08/22,830.0,840.0,825.0,831.5,10300,831.5,2.0
2014/08/25,825.0,835.0,820.5,821.0,13700,821,2.0
2014/08/26,822.5,823.0,813.5,815.0,18800,815,2.0
2014/08/27,818.0,820.0,815.0,816.5,5900,816.5,2.0
2014/08/28,819.5,819.5,811.5,815.0,14100,815,2.0
2014/08/29,814.5,817.5,811.5,815.0,11500,815,2.0
2014/09/01,815.0,817.0,813.0,815.5,9700,815.5,2.0
2014/09/02,817.5,824.0,817.5,821.5,7800,821.5,2.0
2014/09/03,825.0,830.5,821.0,830.5,8900,830.5,2.0
2014/09/04,825.0,832.5,820.0,822.0,10100,822,2.0
2014/09/05,822.0,829.5,821.0,825.5,8800,825.5,2.0
2014/09/08,825.0,826.5,820.0,820.0,5500,820,2.0
2014/09/09,818.5,822.5,812.5,818.5,8000,818.5,2.0
2014/09/10,813.0,824.0,812.5,816.5,8400,816.5,2.0
2014/09/11,822.0,825.5,819.0,825.5,4200,825.5,2.0
2014/09/12,831.0,831.0,824.5,825.0,6000,825,2.0
2014/09/16,825.0,825.0,811.5,813.0,18000,813,2.0
2014/09/17,813.0,813.5,799.0,801.0,29200,801,2.0
2014/09/18,801.5,803.5,793.0,796.5,18500,796.5,2.0
2014/09/19,796.0,807.0,796.0,796.5,11500,796.5,2.0
2014/09/22,797.5,806.5,792.5,795.5,14500,795.5,2.0
2014/09/24,797.5,802.0,793.0,794.5,10100,794.5,2.0
2014/09/25,794.0,799.0,794.0,797.0,4200,797,2.0
2014/09/26,804.5,804.5,797.0,799.0,4800,799,2.0
2014/09/29,799.0,803.0,792.0,796.0,33600,796,2.0
2014/09/30,796.0,796.0,756.5,774.0,21500,774,2.0
2014/10/01,781.0,781.0,754.5,755.5,28900,755.5,2.0
2014/10/02,750.0,752.5,730.0,732.5,29200,732.5,2.0
2014/10/03,740.0,740.0,725.5,732.0,12200,732,2.0
2014/10/06,740.0,744.0,735.5,740.0,14500,740,2.0
2014/10/07,736.5,740.0,735.0,735.0,6500,735,2.0
2014/10/08,727.0,728.5,724.0,727.0,7300,727,2.0
2014/10/09,731.0,731.0,724.5,724.5,6900,724.5,2.0
2014/10/10,710.0,710.0,675.5,685.0,28700,685,2.0
2014/10/14,675.0,675.5,657.0,659.0,19700,659,2.0
2014/10/15,662.0,662.0,657.5,661.5,13400,661.5,2.0
2014/10/16,659.0,668.5,653.5,653.5,16000,653.5,2.0
2014/10/17,664.5,667.0,650.0,651.0,21600,651,2.0
2014/10/20,651.0,661.0,650.0,654.0,26600,654,2.0
2014/10/21,669.0,669.0,642.0,648.0,22900,648,2.0
2014/10/22,651.0,662.5,651.0,660.0,15900,660,2.0
2014/10/23,659.5,659.5,647.0,648.5,4200,648.5,2.0
2014/10/24,663.5,663.5,647.5,648.5,5200,648.5,2.0
2014/10/27,656.5,656.5,648.5,648.5,10600,648.5,2.0
2014/10/28,649.0,654.5,645.0,646.0,6100,646,2.0
2014/10/29,646.5,650.0,645.5,649.5,7000,649.5,2.0
2014/10/30,652.0,655.0,644.5,645.0,9400,645,2.0
2014/10/31,647.5,650.0,643.5,646.5,20600,646.5,2.0
2014/11/04,651.5,665.5,651.5,657.0,12800,657,2.0
2014/11/05,659.0,660.0,653.0,657.5,10500,657.5,2.0
2014/11/06,657.5,660.0,652.5,653.0,8700,653,2.0
2014/11/07,653.5,657.0,650.0,650.5,11400,650.5,2.0
2014/11/10,645.0,660.0,640.0,647.5,29400,647.5,2.0
2014/11/11,645.5,647.5,642.5,645.0,14100,645,2.0
2014/11/12,644.5,660.0,644.5,656.0,42500,656,2.0
2014/11/13,656.0,665.0,656.0,663.0,19200,663,2.0
2014/11/14,665.0,676.5,642.0,650.5,64100,650.5,2.0
2014/11/17,645.5,656.5,635.0,635.5,46300,635.5,2.0
2014/11/18,639.5,644.5,635.5,640.5,19400,640.5,2.0
2014/11/19,648.5,648.5,636.0,636.5,19700,636.5,2.0
2014/11/20,645.0,645.0,635.5,637.5,10800,637.5,2.0
2014/11/21,636.0,637.0,630.0,632.0,32500,632,2.0
2014/11/25,631.0,650.0,631.0,647.0,20300,647,2.0
2014/11/26,651.0,657.5,643.0,655.5,20500,655.5,2.0
2014/11/27,657.5,663.5,654.5,657.0,12900,657,2.0
2014/11/28,660.0,675.0,658.5,672.0,29100,672,2.0
2014/12/01,675.0,677.0,665.5,675.5,14800,675.5,2.0
2014/12/02,677.5,700.0,667.5,695.0,21400,695,2.0
2014/12/03,695.0,695.0,667.0,667.0,38300,667,2.0
2014/12/04,667.0,686.0,665.0,681.0,19300,681,2.0
2014/12/05,680.5,701.0,679.0,699.0,17200,699,2.0
2014/12/08,707.0,735.5,704.0,721.5,33600,721.5,2.0
2014/12/09,725.0,725.0,700.0,703.5,13400,703.5,2.0
2014/12/10,700.0,718.0,700.0,703.0,14300,703,2.0
2014/12/11,700.0,704.0,698.0,700.5,8300,700.5,2.0
2014/12/12,697.5,704.5,674.0,676.5,21000,676.5,2.0
2014/12/15,676.0,676.0,655.5,659.5,9300,659.5,2.0
2014/12/16,659.5,661.0,645.0,648.0,12900,648,2.0
2014/12/17,643.0,649.5,643.0,646.0,6400,646,2.0
2014/12/18,645.5,656.0,645.5,650.0,6900,650,2.0
2014/12/19,650.5,662.0,650.5,654.5,6900,654.5,2.0
2014/12/22,659.5,659.5,650.5,652.0,11800,652,2.0
2014/12/24,653.5,705.0,651.0,671.0,69000,671,2.0
2014/12/25,661.5,662.5,643.0,647.5,27700,647.5,2.0
2014/12/26,650.0,656.0,645.0,650.0,8800,650,2.0
2014/12/29,660.0,660.5,645.0,653.5,6100,653.5,2.0
2014/12/30,647.0,655.0,647.0,653.5,3600,653.5,2.0
2015/01/05,653.5,664.5,650.0,659.0,4800,659,2.0
2015/01/06,657.5,657.5,647.0,648.0,7000,648,2.0
2015/01/07,649.0,659.5,648.0,651.0,4400,651,2.0
2015/01/08,651.0,652.0,649.5,649.5,2000,649.5,2.0
2015/01/09,649.5,651.5,649.5,650.5,1900,650.5,2.0
2015/01/13,649.5,649.5,645.5,647.5,3700,647.5,2.0
2015/01/14,645.0,647.0,635.0,641.5,6300,641.5,2.0
2015/01/15,634.5,644.0,634.5,638.0,4900,638,2.0
2015/01/16,635.0,637.5,625.0,633.0,6300,633,2.0
2015/01/19,633.0,634.5,626.5,627.5,2700,627.5,2.0
2015/01/20,626.0,632.5,623.0,628.0,10600,628,2.0
2015/01/21,629.5,629.5,621.5,623.5,3900,623.5,2.0
2015/01/22,623.5,625.0,617.0,620.0,8100,620,2.0
2015/01/23,624.0,624.0,617.0,617.5,3100,617.5,2.0
2015/01/26,624.0,624.5,620.0,620.0,4100,620,2.0
2015/01/27,624.5,624.5,618.0,620.5,2100,620.5,2.0
2015/01/28,621.0,624.5,621.0,623.5,2500,623.5,2.0
2015/01/29,625.0,629.5,625.0,626.0,5100,626,2.0
2015/01/30,632.5,634.5,628.0,632.5,4900,632.5,2.0
2015/02/02,632.5,637.5,628.0,628.0,4100,628,2.0
2015/02/03,633.5,633.5,620.0,620.0,8800,620,2.0
2015/02/04,631.0,631.0,621.0,625.5,7300,625.5,2.0
2015/02/05,630.0,630.0,620.0,622.5,3300,622.5,2.0
2015/02/06,620.5,623.0,620.5,622.0,1600,622,2.0
2015/02/09,623.5,632.5,620.5,622.5,2600,622.5,2.0
2015/02/10,630.5,630.5,616.5,619.5,8000,619.5,2.0
2015/02/12,616.5,623.0,607.0,610.0,23600,610,2.0
2015/02/13,607.5,609.0,600.0,601.5,19000,601.5,2.0
2015/02/16,600.5,607.5,600.0,604.5,16100,604.5,2.0
2015/02/17,604.5,605.0,595.0,596.0,20100,596,2.0
2015/02/18,594.0,601.0,594.0,598.5,19300,598.5,2.0
2015/02/19,601.0,603.0,594.0,595.0,23900,595,2.0
2015/02/20,596.0,607.0,596.0,603.0,21900,603,2.0
2015/02/23,610.0,613.5,604.0,605.0,10700,605,2.0
2015/02/24,603.5,608.0,600.5,604.5,16000,604.5,2.0
2015/02/25,600.0,615.0,600.0,613.5,9900,613.5,2.0
2015/02/26,616.0,628.0,614.0,621.5,18400,621.5,2.0
2015/02/27,629.5,630.0,620.0,625.0,18700,625,2.0
2015/03/02,625.0,632.5,619.0,623.0,18900,623,2.0
2015/03/03,616.5,630.0,611.0,613.5,18200,613.5,2.0
2015/03/04,609.0,625.0,608.5,618.5,13100,618.5,2.0
2015/03/05,629.0,634.0,620.0,621.0,7700,621,2.0
2015/03/06,633.5,633.5,615.0,624.0,9000,624,2.0
2015/03/09,624.5,631.0,624.5,627.5,3100,627.5,2.0
2015/03/10,632.0,632.0,626.0,630.0,2200,630,2.0
2015/03/11,625.0,633.5,625.0,627.0,7900,627,2.0
2015/03/12,632.5,635.0,625.0,627.0,6700,627,2.0
2015/03/13,625.0,636.5,624.5,630.5,10200,630.5,2.0
2015/03/16,625.0,625.5,615.5,621.0,12600,621,2.0
2015/03/17,616.5,627.0,616.5,620.5,5900,620.5,2.0
2015/03/18,622.0,622.0,607.5,611.0,11200,611,2.0
2015/03/19,610.5,611.0,592.5,608.0,20000,608,2.0
2015/03/20,606.5,612.5,600.0,601.5,18700,601.5,2.0
2015/03/23,601.5,606.5,601.0,602.5,13400,602.5,2.0
2015/03/24,602.0,607.0,601.0,604.5,6400,604.5,2.0
2015/03/25,607.5,609.0,605.5,608.5,7200,608.5,2.0
2015/03/26,605.0,611.5,604.5,604.5,9800,604.5,2.0
2015/03/27,592.5,603.0,592.5,601.5,12900,601.5,2.0
2015/03/30,603.0,607.5,603.0,605.0,3900,605,2.0
2015/03/31,609.0,613.5,587.5,589.5,36600,589.5,2.0
2015/04/01,596.5,602.0,589.5,592.5,13900,592.5,2.0
2015/04/02,592.5,604.5,592.5,595.0,11100,595,2.0
2015/04/03,602.5,606.0,602.5,606.0,7200,606,2.0
2015/04/06,597.0,612.5,597.0,611.0,4700,611,2.0
2015/04/07,601.0,617.5,601.0,615.5,10700,615.5,2.0
2015/04/08,616.0,635.0,601.0,616.0,19000,616,2.0
2015/04/09,616.0,617.5,605.5,617.0,10500,617,2.0
2015/04/10,617.0,617.0,601.5,603.0,5500,603,2.0
2015/04/13,601.5,605.5,593.0,595.0,14000,595,2.0
2015/04/14,594.5,599.0,594.0,595.5,6900,595.5,2.0
2015/04/15,595.0,598.5,593.0,595.0,12200,595,2.0
2015/04/16,595.0,600.0,595.0,596.0,3600,596,2.0
2015/04/17,596.0,600.0,595.0,596.0,9900,596,2.0
2015/04/20,596.0,596.0,590.5,592.0,10900,592,2.0
2015/04/21,592.5,594.5,590.0,591.5,5800,591.5,2.0
2015/04/22,595.0,601.0,594.0,594.5,21400,594.5,2.0
2015/04/23,594.5,609.5,594.5,597.0,14100,597,2.0
2015/04/24,609.5,609.5,595.0,595.5,11900,595.5,2.0
2015/04/27,597.5,597.5,592.0,593.0,6700,593,2.0
2015/04/28,595.0,599.0,590.0,595.5,31500,595.5,2.0
2015/04/30,595.5,609.0,592.5,597.5,14900,597.5,2.0
2015/05/01,604.0,604.0,597.0,599.5,5900,599.5,2.0
2015/05/07,598.0,600.0,597.0,597.0,3600,597,2.0
2015/05/08,597.0,603.0,595.5,600.5,5700,600.5,2.0
2015/05/11,597.5,602.0,597.5,599.0,5700,599,2.0
2015/05/12,598.0,598.5,591.0,596.0,14300,596,2.0
2015/05/13,595.0,598.0,591.0,594.0,6200,594,2.0
2015/05/14,591.5,594.0,590.0,590.0,8600,590,2.0
2015/05/15,590.0,594.5,589.0,590.0,7800,590,2.0
2015/05/18,586.5,592.5,583.0,589.0,8900,589,2.0
2015/05/19,589.5,593.0,589.0,591.0,5100,591,2.0
2015/05/20,591.0,595.5,586.5,590.0,7800,590,2.0
2015/05/21,588.0,593.0,588.0,590.5,2400,590.5,2.0
2015/05/22,591.5,594.0,591.0,592.0,4100,592,2.0
2015/05/25,597.5,599.0,597.0,598.5,8100,598.5,2.0
2015/05/26,600.0,602.5,595.5,595.5,11300,595.5,2.0
2015/05/27,595.5,598.0,593.5,594.0,2400,594,2.0
2015/05/28,597.0,600.0,593.0,594.5,4000,594.5,2.0
2015/05/29,594.5,599.0,592.0,597.5,8600,597.5,2.0
2015/06/01,747.5,747.5,747.5,747.5,12500,747.5,2.0
2015/06/02,775.0,814.5,761.0,761.0,213600,761,2.0
2015/06/03,762.0,762.0,749.5,751.0,52100,751,2.0
2015/06/04,748.0,749.5,740.0,740.0,41500,740,2.0
2015/06/05,738.0,747.5,732.5,744.0,18800,744,2.0
2015/06/08,744.5,745.5,740.0,741.0,16400,741,2.0
2015/06/09,740.0,741.0,736.0,736.0,23000,736,2.0
2015/06/10,737.0,739.0,737.0,738.0,12800,738,2.0
2015/06/11,738.5,742.5,736.5,738.0,17000,738,2.0
2015/06/12,740.5,740.5,738.0,739.5,17100,739.5,2.0
2015/06/15,740.0,752.5,740.0,746.5,23600,746.5,2.0
2015/06/16,746.0,754.5,746.0,750.5,19900,750.5,2.0
2015/06/17,754.5,754.5,750.0,751.5,10300,751.5,2.0
2015/06/18,750.5,755.0,750.0,750.0,19100,750,2.0
2015/06/19,751.0,752.5,751.0,751.5,14600,751.5,2.0
2015/06/22,757.5,762.0,751.0,761.0,33800,761,2.0
2015/06/23,767.0,770.0,759.5,764.5,23100,764.5,2.0
2015/06/24,755.0,759.5,753.5,756.0,65400,756,2.0
2015/06/25,753.0,753.0,705.0,706.0,25700,706,2.0
2015/06/26,700.0,700.0,677.5,679.5,9900,679.5,2.0
2015/06/29,649.5,655.0,624.0,633.5,25800,633.5,2.0
2015/06/30,635.0,674.5,634.0,674.5,12500,674.5,2.0
2015/07/01,629.5,660.5,628.5,645.0,73600,645,2.0
2015/07/02,645.0,653.5,642.5,646.5,10700,646.5,2.0
2015/07/03,647.0,664.5,647.0,655.5,25000,655.5,2.0
2015/07/06,642.0,659.0,635.0,651.0,14300,651,2.0
2015/07/07,647.5,655.5,642.0,648.0,6400,648,2.0
2015/07/08,639.5,640.5,630.5,632.0,6200,632,2.0
2015/07/09,625.5,625.5,600.5,613.0,8700,613,2.0
2015/07/10,611.0,627.0,609.5,616.0,6300,616,2.0
2015/07/13,631.0,635.0,618.0,624.5,3900,624.5,2.0
2015/07/14,630.5,639.5,624.5,635.0,7600,635,2.0
2015/07/15,625.0,637.5,625.0,629.0,6300,629,2.0
2015/07/16,629.0,636.5,625.5,630.5,2200,630.5,2.0
2015/07/17,629.0,629.0,621.5,623.0,2400,623,2.0
2015/07/21,622.5,632.5,622.5,624.0,3100,624,2.0
2015/07/22,622.5,626.5,620.5,626.5,2300,626.5,2.0
2015/07/23,627.0,630.0,626.5,628.0,4100,628,2.0
2015/07/24,634.5,634.5,626.0,631.0,4100,631,2.0
2015/07/27,631.0,631.0,612.5,613.5,7800,613.5,2.0
2015/07/28,613.0,629.0,608.0,618.5,3600,618.5,2.0
2015/07/29,616.0,627.5,606.5,622.5,4500,622.5,2.0
2015/07/30,622.5,622.5,607.0,607.0,3800,607,2.0
2015/07/31,600.0,610.5,595.0,604.5,10800,604.5,2.0
2015/08/03,602.5,602.5,590.5,590.5,4800,590.5,2.0
2015/08/04,590.5,595.5,590.5,595.5,1800,595.5,2.0
2015/08/05,592.5,596.0,592.5,593.5,2700,593.5,2.0
2015/08/06,597.5,602.5,593.0,595.5,10000,595.5,2.0
2015/08/07,600.5,601.0,593.0,597.0,6200,597,2.0
2015/08/10,610.0,675.0,603.0,672.0,54300,672,2.0
2015/08/11,685.0,685.0,654.0,654.0,15700,654,2.0
2015/08/12,640.0,644.0,633.0,638.0,7600,638,2.0
2015/08/13,639.0,645.0,625.5,632.5,7600,632.5,2.0
2015/08/14,649.5,649.5,630.0,633.5,2500,633.5,2.0
2015/08/17,635.0,640.0,635.0,635.5,2200,635.5,2.0
2015/08/18,635.0,635.5,622.0,631.0,6600,631,2.0
2015/08/19,627.5,630.0,617.5,621.5,3600,621.5,2.0
2015/08/20,607.5,615.0,607.5,608.0,4200,608,2.0
2015/08/21,600.0,606.0,572.5,595.5,19400,595.5,2.0
2015/08/24,571.0,580.0,550.0,575.0,21900,575,2.0
2015/08/25,539.5,569.5,530.5,550.0,8500,550,2.0
2015/08/26,561.0,570.5,537.0,559.5,9900,559.5,2.0
2015/08/27,565.0,574.0,560.0,571.5,4100,571.5,2.0
2015/08/28,571.5,582.0,571.5,578.0,4400,578,2.0
2015/08/31,582.5,593.5,574.5,592.0,5900,592,2.0
2015/09/01,595.0,605.0,585.5,600.0,11100,600,2.0
2015/09/02,600.0,600.0,585.0,600.0,6100,600,2.0
2015/09/03,586.0,599.0,569.0,594.5,7000,594.5,2.0
2015/09/04,594.0,595.0,579.5,584.5,4500,584.5,2.0
2015/09/07,555.5,594.0,555.5,590.0,2500,590,2.0
2015/09/08,575.0,587.0,575.0,580.5,2500,580.5,2.0
2015/09/09,577.0,590.5,569.5,587.5,9200,587.5,2.0
2015/09/10,572.5,594.0,569.0,592.0,3000,592,2.0
2015/09/11,597.5,599.0,595.5,598.0,5800,598,2.0
2015/09/14,600.0,605.0,600.0,600.0,2500,600,2.0
2015/09/15,600.0,600.0,594.5,595.0,1800,595,2.0
2015/09/16,600.0,602.5,597.5,600.0,5100,600,2.0
2015/09/17,590.0,602.5,590.0,602.5,1300,602.5,2.0
2015/09/18,607.5,607.5,603.5,604.5,1700,604.5,2.0
2015/09/24,587.0,601.5,585.0,601.5,2800,601.5,2.0
2015/09/25,646.5,646.5,607.0,632.0,12300,632,2.0
2015/09/28,645.5,671.0,640.0,658.5,10400,658.5,2.0
2015/09/29,655.0,655.0,628.0,633.5,3200,633.5,2.0
2015/09/30,633.5,647.5,620.0,645.0,2800,645,2.0
2015/10/01,621.0,647.5,620.0,634.0,5600,634,2.0
2015/10/02,634.0,647.0,632.5,645.0,3000,645,2.0
2015/10/05,645.5,655.0,634.5,641.5,5700,641.5,2.0
2015/10/06,655.0,655.0,640.5,646.5,3400,646.5,2.0
2015/10/07,653.0,661.0,649.0,660.0,5400,660,2.0
2015/10/08,660.0,661.5,650.5,654.0,3900,654,2.0
2015/10/09,654.0,654.0,645.5,653.0,900,653,2.0
2015/10/13,640.5,664.5,640.5,653.0,5600,653,2.0
2015/10/14,649.0,672.5,645.0,672.0,9000,672,2.0
2015/10/15,645.0,674.5,640.0,651.0,6400,651,2.0
2015/10/16,641.5,660.0,641.5,660.0,3000,660,2.0
2015/10/19,660.0,660.0,645.0,646.5,1600,646.5,2.0
2015/10/20,647.0,650.0,644.0,644.0,2200,644,2.0
2015/10/21,642.0,665.0,641.5,664.5,6100,664.5,2.0
2015/10/22,665.0,665.0,643.0,645.5,3500,645.5,2.0
2015/10/23,653.0,669.0,643.0,664.5,2500,664.5,2.0
2015/10/26,664.5,664.5,625.0,652.5,17100,652.5,2.0
2015/10/27,652.5,664.5,652.5,655.0,4300,655,2.0
2015/10/28,664.5,664.5,652.0,658.5,2600,658.5,2.0
2015/10/29,658.5,664.5,654.0,654.0,1800,654,2.0
2015/10/30,645.0,655.0,645.0,646.0,2900,646,2.0
2015/11/02,655.0,663.5,655.0,660.0,5300,660,2.0
2015/11/04,669.5,670.0,655.0,655.0,4800,655,2.0
2015/11/05,655.0,660.0,647.5,649.5,2000,649.5,2.0
2015/11/06,647.5,656.5,645.5,656.5,3100,656.5,2.0
2015/11/09,657.5,664.5,647.5,653.0,5000,653,2.0
2015/11/10,664.5,664.5,646.0,652.0,3400,652,2.0
2015/11/11,650.0,662.0,650.0,657.5,5400,657.5,2.0
2015/11/12,651.0,669.5,651.0,663.0,9400,663,2.0
2015/11/13,669.0,671.0,664.0,666.5,5700,666.5,2.0
2015/11/16,667.0,667.5,657.0,664.0,2600,664,2.0
2015/11/17,659.5,665.0,655.5,659.5,5000,659.5,2.0
2015/11/18,669.0,669.0,665.0,668.0,6700,668,2.0
2015/11/19,669.0,679.5,669.0,675.5,5500,675.5,2.0
2015/11/20,676.0,705.0,676.0,704.5,22800,704.5,2.0
2015/11/24,724.0,732.5,722.5,732.0,13800,732,2.0
2015/11/25,739.0,742.5,727.5,729.5,13000,729.5,2.0
2015/11/26,737.0,747.5,727.5,740.0,12800,740,2.0
2015/11/27,747.0,769.5,737.5,766.0,20800,766,2.0
2015/11/30,756.0,764.0,720.0,730.0,10600,730,2.0
2015/12/01,720.5,720.5,704.0,710.0,10000,710,2.0
2015/12/02,700.5,710.0,692.5,692.5,13900,692.5,2.0
2015/12/03,703.0,720.0,687.0,713.0,8500,713,2.0
2015/12/04,713.0,730.0,690.5,713.5,7500,713.5,2.0
2015/12/07,714.0,729.0,714.0,726.0,3200,726,2.0
2015/12/08,730.0,730.0,707.5,719.0,3600,719,2.0
2015/12/09,725.0,725.0,718.5,725.0,1200,725,2.0
2015/12/10,725.0,725.0,706.0,713.5,3000,713.5,2.0
2015/12/11,699.0,729.0,699.0,712.0,5700,712,2.0
2015/12/14,712.0,712.0,700.5,701.0,1600,701,2.0
2015/12/15,712.0,712.0,679.0,685.0,2900,685,2.0
2015/12/16,685.0,700.5,682.5,691.5,5400,691.5,2.0
2015/12/17,715.0,716.0,705.0,710.0,8200,710,2.0
2015/12/18,710.0,718.0,688.5,689.0,9000,689,2.0
2015/12/21,730.0,730.0,686.0,696.0,8100,696,2.0
2015/12/22,687.0,695.0,686.0,686.0,8900,686,2.0
2015/12/24,686.0,691.5,683.0,685.0,8000,685,2.0
2015/12/25,700.0,700.0,680.0,684.5,7600,684.5,2.0
2015/12/28,675.5,676.0,652.5,674.0,9500,674,2.0
2015/12/29,682.5,689.0,682.5,683.0,2900,683,2.0
2015/12/30,683.0,683.0,675.5,679.5,2500,679.5,2.0
2016/01/04,694.5,696.5,665.5,685.5,4700,685.5,2.0
2016/01/05,677.5,695.0,660.0,660.0,7200,660,2.0
2016/01/06,663.0,670.0,663.0,663.5,5100,663.5,2.0
2016/01/07,661.0,669.0,661.0,663.0,1500,663,2.0
2016/01/08,663.0,663.5,660.5,663.0,1100,663,2.0
2016/01/12,661.0,663.0,650.5,652.0,5600,652,2.0
2016/01/13,657.5,672.0,656.5,658.5,3100,658.5,2.0
2016/01/14,650.0,665.0,650.0,662.5,4300,662.5,2.0
2016/01/15,660.0,664.0,649.0,657.0,3500,657,2.0
2016/01/18,643.5,662.5,635.5,640.0,3100,640,2.0
2016/01/19,640.0,658.5,637.5,654.5,1600,654.5,2.0
2016/01/20,654.5,654.5,632.0,649.5,2200,649.5,2.0
2016/01/21,643.5,652.0,634.5,634.5,1900,634.5,2.0
2016/01/22,640.0,651.0,632.5,649.0,1900,649,2.0
2016/01/25,647.5,650.0,636.5,645.0,3100,645,2.0
2016/01/26,650.0,659.5,635.0,636.5,4500,636.5,2.0
2016/01/27,636.5,639.5,636.5,639.5,200,639.5,2.0
2016/01/28,639.5,639.5,636.5,636.5,900,636.5,2.0
2016/01/29,648.0,651.5,602.5,651.5,3900,651.5,2.0
2016/02/01,652.5,665.0,651.5,665.0,2400,665,2.0
2016/02/02,665.5,669.0,656.0,656.0,1700,656,2.0
2016/02/03,655.0,655.0,624.5,637.0,6400,637,2.0
2016/02/04,644.5,644.5,628.5,629.0,1000,629,2.0
2016/02/05,625.0,626.0,610.0,620.5,5300,620.5,2.0
2016/02/08,610.0,637.5,610.0,634.5,800,634.5,2.0
2016/02/09,627.5,637.0,589.0,595.5,14300,595.5,2.0
2016/02/10,595.5,600.0,591.5,599.5,2000,599.5,2.0
2016/02/12,554.5,575.0,517.5,523.5,10600,523.5,2.0
2016/02/15,527.5,565.0,527.5,557.0,4300,557,2.0
2016/02/16,544.5,547.0,508.5,536.5,6100,536.5,2.0
2016/02/17,521.5,550.0,521.5,529.0,2100,529,2.0
2016/02/18,529.0,549.5,515.5,548.5,3000,548.5,2.0
2016/02/19,548.5,548.5,537.0,537.0,1100,537,2.0
2016/02/22,550.0,554.5,532.5,539.0,1600,539,2.0
2016/02/23,549.0,560.0,532.0,560.0,3900,560,2.0
2016/02/24,560.0,564.5,550.0,564.0,2500,564,2.0
2016/02/25,564.0,564.0,558.0,558.0,2300,558,2.0
2016/02/26,569.5,570.0,558.0,560.0,1100,560,2.0
2016/02/29,560.0,560.0,536.5,536.5,500,536.5,2.0
2016/03/01,550.0,550.5,525.0,542.0,2300,542,2.0
2016/03/02,550.0,569.5,544.0,561.5,2100,561.5,2.0
2016/03/03,550.0,566.5,545.5,566.5,2400,566.5,2.0
2016/03/04,567.5,567.5,555.0,561.0,700,561,2.0
2016/03/07,565.0,566.5,563.5,565.5,2700,565.5,2.0
2016/03/08,565.5,572.0,565.0,567.0,2800,567,2.0
2016/03/09,567.5,602.5,567.0,599.5,7900,599.5,2.0
2016/03/10,584.5,650.5,584.5,632.5,16300,632.5,2.0
2016/03/11,645.0,663.5,615.0,641.5,8600,641.5,2.0
2016/03/14,662.5,710.0,651.0,652.5,18700,652.5,2.0
2016/03/15,674.0,674.0,646.0,653.0,4500,653,2.0
2016/03/16,650.0,698.5,648.0,683.5,10400,683.5,2.0
2016/03/17,698.5,701.5,665.5,665.5,9500,665.5,2.0
2016/03/18,665.5,700.0,665.0,676.5,6300,676.5,2.0
2016/03/22,680.0,694.5,668.5,675.5,5100,675.5,2.0
2016/03/23,690.0,690.0,655.5,657.5,4100,657.5,2.0
2016/03/24,651.5,654.5,622.0,647.0,4000,647,2.0
2016/03/25,680.0,699.5,666.5,691.0,22300,691,2.0
2016/03/28,724.5,739.5,715.0,723.5,59800,723.5,2.0
2016/03/29,724.0,762.5,700.5,739.5,79200,739.5,2.0
2016/03/30,755.0,755.0,727.0,729.5,64900,729.5,2.0
2016/03/31,751.0,751.5,717.5,734.0,35700,734,2.0
2016/04/01,741.5,741.5,708.0,730.0,23000,730,2.0
2016/04/04,740.0,754.0,708.0,730.5,23500,730.5,2.0
2016/04/05,745.0,750.0,731.0,750.0,21800,750,2.0
2016/04/06,735.0,735.0,685.0,729.5,19500,729.5,2.0
2016/04/07,728.0,728.0,693.5,702.0,10000,702,2.0
2016/04/08,687.0,711.5,687.0,702.5,7900,702.5,2.0
2016/04/11,702.5,719.0,698.5,712.0,7000,712,2.0
2016/04/12,726.0,738.5,705.5,706.0,13400,706,2.0
2016/04/13,720.0,720.0,690.0,697.5,10800,697.5,2.0
2016/04/14,709.5,709.5,694.5,698.5,4400,698.5,2.0
2016/04/15,677.5,700.5,677.5,686.5,11100,686.5,2.0
2016/04/18,680.0,682.0,644.0,669.5,18800,669.5,2.0
2016/04/19,683.0,740.0,680.0,736.0,28500,736,2.0
2016/04/20,775.0,785.0,755.0,778.0,46400,778,2.0
2016/04/21,780.0,780.0,735.0,744.5,22800,744.5,2.0
2016/04/22,762.5,762.5,745.5,755.0,7800,755,2.0
2016/04/25,772.5,772.5,756.0,760.5,8800,760.5,2.0
2016/04/26,760.0,768.5,747.0,768.5,16700,768.5,2.0
2016/04/27,775.0,792.0,763.0,766.0,29700,766,2.0
2016/04/28,775.0,790.5,730.0,757.5,26200,757.5,2.0
2016/05/02,753.0,757.5,730.5,757.5,10100,757.5,2.0
2016/05/06,775.0,775.0,750.0,772.5,7400,772.5,2.0
2016/05/09,772.5,772.5,749.0,752.0,6200,752,2.0
2016/05/10,755.0,775.0,751.5,766.0,9400,766,2.0
2016/05/11,758.0,772.0,750.0,750.0,3800,750,2.0
2016/05/12,743.5,743.5,721.5,723.0,6600,723,2.0
2016/05/13,723.0,723.0,707.5,712.5,6300,712.5,2.0
2016/05/16,722.5,722.5,698.5,700.0,4100,700,2.0
2016/05/17,715.0,719.5,698.0,700.0,9600,700,2.0
2016/05/18,700.0,700.0,665.5,677.5,12600,677.5,2.0
2016/05/19,688.0,688.0,655.0,659.0,11400,659,2.0
2016/05/20,659.5,674.0,659.5,662.5,11400,662.5,2.0
2016/05/23,655.0,659.5,639.0,641.5,10100,641.5,2.0
2016/05/24,650.0,650.0,620.0,622.0,25000,622,2.0
2016/05/25,622.0,631.5,616.0,620.5,8600,620.5,2.0
2016/05/26,616.5,622.5,610.5,615.0,16900,615,2.0
2016/05/27,615.0,645.0,615.0,643.0,10300,643,2.0
2016/05/30,654.5,666.0,645.0,664.0,6900,664,2.0
2016/05/31,660.0,663.0,655.0,656.0,4600,656,2.0
2016/06/01,657.0,660.0,652.5,653.5,4900,653.5,2.0
2016/06/02,652.5,660.0,637.5,638.5,9700,638.5,2.0
2016/06/03,653.5,653.5,638.5,644.5,3300,644.5,2.0
2016/06/06,647.5,650.0,640.0,643.0,3100,643,2.0
2016/06/07,649.0,660.0,645.5,654.5,5300,654.5,2.0
2016/06/08,668.5,668.5,651.0,657.0,4800,657,2.0
2016/06/09,662.5,666.5,633.0,643.5,8300,643.5,2.0
2016/06/10,662.5,662.5,651.0,660.0,3600,660,2.0
2016/06/13,642.5,644.0,629.0,629.0,8100,629,2.0
2016/06/14,629.0,630.0,580.5,599.0,14000,599,2.0
2016/06/15,650.0,665.0,647.0,664.5,31900,664.5,2.0
2016/06/16,670.0,693.5,610.0,622.5,17800,622.5,2.0
2016/06/17,650.0,650.0,627.5,634.0,9800,634,2.0
2016/06/20,634.0,644.0,630.0,635.5,1800,635.5,2.0
2016/06/21,640.0,642.0,632.0,640.0,2900,640,2.0
2016/06/22,635.0,635.0,613.0,619.0,6700,619,2.0
2016/06/23,634.0,634.0,616.5,624.5,6900,624.5,2.0
2016/06/24,639.5,639.5,572.5,600.5,12400,600.5,2.0
2016/06/27,600.0,611.0,586.5,595.0,5200,595,2.0
2016/06/28,595.0,595.0,587.5,588.5,6000,588.5,2.0
2016/06/29,588.5,623.5,588.5,619.0,5900,619,2.0
2016/06/30,630.0,630.0,606.5,617.5,2900,617.5,2.0
2016/07/01,613.5,618.0,600.5,600.5,4500,600.5,2.0
2016/07/04,594.0,604.5,594.0,600.5,6500,600.5,2.0
2016/07/05,605.0,605.5,598.5,600.5,3700,600.5,2.0
2016/07/06,596.5,597.0,583.5,588.5,6900,588.5,2.0
2016/07/07,588.0,594.0,580.0,581.5,4500,581.5,2.0
2016/07/08,581.5,586.0,580.0,583.5,2000,583.5,2.0
2016/07/11,595.0,630.0,592.5,617.5,9900,617.5,2.0
2016/07/12,640.0,662.5,632.5,636.0,20800,636,2.0
2016/07/13,637.5,695.0,637.5,687.5,16000,687.5,2.0
2016/07/14,687.5,687.5,650.5,652.5,13300,652.5,2.0
2016/07/15,658.0,671.5,632.5,632.5,4900,632.5,2.0
2016/07/19,637.5,652.5,637.5,652.5,2400,652.5,2.0
2016/07/20,652.5,652.5,626.5,635.0,6200,635,2.0
2016/07/21,665.0,665.0,635.5,639.0,8200,639,2.0
2016/07/22,644.5,657.0,629.5,657.0,6400,657,2.0
2016/07/25,657.0,657.0,635.0,655.0,7400,655,2.0
2016/07/26,655.0,655.0,642.5,642.5,5700,642.5,2.0
2016/07/27,640.0,662.5,639.5,654.0,6900,654,2.0
2016/07/28,642.5,654.5,629.0,639.0,26300,639,2.0
2016/07/29,638.5,638.5,615.5,625.0,6200,625,2.0
2016/08/01,630.0,649.5,616.0,649.5,6600,649.5,2.0
2016/08/02,655.0,675.0,640.0,652.5,12800,652.5,2.0
2016/08/03,650.0,650.0,616.5,633.0,13900,633,2.0
2016/08/04,645.0,645.0,621.0,626.5,1800,626.5,2.0
2016/08/05,639.5,639.5,612.5,623.5,5800,623.5,2.0
2016/08/08,638.5,638.5,601.5,605.5,5600,605.5,2.0
2016/08/09,593.5,613.5,593.5,608.0,2900,608,2.0
2016/08/10,608.0,627.5,604.0,614.0,5100,614,2.0
2016/08/12,629.0,629.0,607.5,607.5,2300,607.5,2.0
2016/08/15,613.5,613.5,610.0,611.0,700,611,2.0
2016/08/16,610.0,611.5,600.0,600.0,1400,600,2.0
2016/08/17,595.5,601.5,595.5,600.5,2800,600.5,2.0
2016/08/18,600.0,600.0,587.5,587.5,2400,587.5,2.0
2016/08/19,586.5,609.5,586.5,608.5,6000,608.5,2.0
2016/08/22,593.5,594.5,591.0,593.0,2500,593,2.0
2016/08/23,607.5,607.5,593.0,593.0,3400,593,2.0
2016/08/24,590.0,596.0,578.5,581.0,12400,581,2.0
2016/08/25,581.0,581.0,572.0,577.5,11200,577.5,2.0
2016/08/26,587.0,587.0,570.5,571.0,3600,571,2.0
2016/08/29,571.0,575.0,570.0,570.5,2800,570.5,2.0
2016/08/30,570.0,574.5,561.5,563.0,3600,563,2.0
2016/08/31,561.0,584.5,560.5,581.5,8100,581.5,2.0
2016/09/01,581.5,581.5,567.5,570.0,5000,570,2.0
2016/09/02,567.5,575.0,567.5,572.0,6100,572,2.0
2016/09/05,572.0,572.0,562.5,565.0,8100,565,2.0
2016/09/06,565.5,571.5,565.0,567.5,2600,567.5,2.0
2016/09/07,575.0,577.5,565.5,572.0,6300,572,2.0
2016/09/08,572.0,572.0,559.0,561.5,23900,561.5,2.0
2016/09/09,575.0,586.0,565.0,582.0,43200,582,2.0
2016/09/12,575.0,576.5,571.0,576.5,10100,576.5,2.0
2016/09/13,577.5,593.5,576.0,593.5,18300,593.5,2.0
2016/09/14,565.5,581.0,560.0,567.5,20500,567.5,2.0
2016/09/15,567.5,572.0,561.5,572.0,7100,572,2.0
2016/09/16,572.0,579.5,568.5,579.5,3600,579.5,2.0
2016/09/20,590.0,592.0,581.0,583.5,5700,583.5,2.0
2016/09/21,584.5,587.5,580.0,587.0,6200,587,2.0
2016/09/23,585.0,594.5,580.0,594.5,5900,594.5,2.0
2016/09/26,594.0,594.0,581.5,594.0,5100,594,2.0
2016/09/27,586.5,591.5,585.0,590.0,7100,590,2.0
2016/09/28,590.5,605.0,585.5,605.0,5300,605,2.0
2016/09/29,605.5,607.5,601.5,607.0,5700,607,2.0
2016/09/30,602.5,602.5,590.0,592.5,5600,592.5,2.0
2016/10/03,600.0,600.0,593.0,593.5,2700,593.5,2.0
2016/10/04,591.5,601.0,587.5,600.5,6600,600.5,2.0
2016/10/05,601.5,605.0,600.0,605.0,3800,605,2.0
2016/10/06,601.5,604.0,600.0,600.5,5200,600.5,2.0
2016/10/07,601.0,606.0,600.5,604.5,4400,604.5,2.0
2016/10/11,607.5,610.5,601.5,606.0,4800,606,2.0
2016/10/12,606.0,610.5,601.0,602.5,4000,602.5,2.0
2016/10/13,603.5,610.5,603.5,608.0,6600,608,2.0
2016/10/14,604.5,608.5,601.5,606.5,5400,606.5,2.0
2016/10/17,600.0,612.5,588.5,601.0,30800,601,2.0
2016/10/18,595.0,597.5,589.0,590.0,16100,590,2.0
2016/10/19,594.0,612.0,592.5,609.0,16800,609,2.0
2016/10/20,615.0,640.0,610.5,622.5,30500,622.5,2.0
2016/10/21,627.5,640.0,627.5,634.5,14800,634.5,2.0
2016/10/24,630.0,633.5,612.0,613.0,32900,613,2.0
2016/10/25,615.5,623.0,607.5,608.0,16800,608,2.0
2016/10/26,608.0,611.5,592.5,596.5,38900,596.5,2.0
2016/10/27,598.0,613.5,592.5,598.0,23500,598,2.0
2016/10/28,599.0,607.5,599.0,604.5,7800,604.5,2.0
2016/10/31,604.5,606.0,595.0,596.5,12600,596.5,2.0
2016/11/01,595.5,601.5,595.0,599.0,4100,599,2.0
2016/11/02,600.0,604.0,591.5,592.5,11300,592.5,2.0
2016/11/04,592.5,592.5,585.5,586.0,7300,586,2.0
2016/11/07,594.0,599.0,594.0,595.0,9000,595,2.0
2016/11/08,595.0,603.0,595.0,600.5,3400,600.5,2.0
2016/11/09,601.5,601.5,575.5,579.5,12400,579.5,2.0
2016/11/10,592.0,593.0,575.5,587.0,13100,587,2.0
2016/11/11,587.0,592.5,584.5,588.5,7400,588.5,2.0
2016/11/14,593.0,601.0,593.0,599.5,10400,599.5,2.0
2016/11/15,597.5,600.5,595.5,598.0,4300,598,2.0
2016/11/16,598.5,602.5,593.0,595.5,11500,595.5,2.0
2016/11/17,592.5,600.0,590.0,592.0,29100,592,2.0
2016/11/18,591.0,594.0,580.0,581.0,32500,581,2.0
2016/11/21,586.5,590.5,580.0,580.5,21400,580.5,2.0
2016/11/22,585.5,592.5,581.0,582.0,10800,582,2.0
2016/11/24,581.0,583.5,575.0,582.5,36800,582.5,2.0
2016/11/25,580.0,582.5,576.0,579.0,17400,579,2.0
2016/11/28,579.0,580.0,575.0,575.0,18400,575,2.0
2016/11/29,567.5,570.0,562.5,563.5,39400,563.5,2.0
2016/11/30,568.0,576.0,568.0,575.0,18700,575,2.0
2016/12/01,576.5,582.0,575.5,576.0,13300,576,2.0
2016/12/02,580.0,580.0,575.0,575.5,9100,575.5,2.0
2016/12/05,572.5,581.0,572.5,576.5,12600,576.5,2.0
2016/12/06,577.0,590.0,577.0,588.5,18000,588.5,2.0
2016/12/07,592.0,604.0,592.0,598.0,16500,598,2.0
2016/12/08,600.5,604.0,598.0,601.0,21400,601,2.0
2016/12/09,600.0,601.0,599.0,600.5,16300,600.5,2.0
2016/12/12,601.0,608.0,600.0,603.5,12400,603.5,2.0
2016/12/13,599.0,603.0,587.0,602.5,24700,602.5,2.0
2016/12/14,601.0,603.5,585.0,598.5,26300,598.5,2.0
2016/12/15,597.5,602.5,592.5,598.0,9100,598,2.0
2016/12/16,598.0,602.0,598.0,600.5,7900,600.5,2.0
2016/12/19,602.5,602.5,596.5,597.0,7800,597,2.0
2016/12/20,600.0,603.0,599.0,602.0,7500,602,2.0
2016/12/21,597.5,603.5,597.5,599.0,11100,599,2.0
2016/12/22,599.0,603.0,598.0,599.5,6900,599.5,2.0
2016/12/26,603.0,605.0,601.5,601.5,12300,601.5,2.0
2016/12/27,604.0,605.5,601.0,604.0,10800,604,2.0
2016/12/28,608.0,617.0,604.5,611.5,9800,611.5,2.0
2016/12/29,602.5,606.0,598.0,601.0,18600,601,2.0
2016/12/30,612.5,625.0,608.0,625.0,16800,625,2.0
2017/01/04,624.5,624.5,609.0,611.5,41000,611.5,2.0
2017/01/05,626.5,643.5,612.0,642.5,27900,642.5,2.0
2017/01/06,648.0,661.0,634.0,644.5,24100,644.5,2.0
2017/01/10,644.5,644.5,606.0,613.0,51700,613,2.0
2017/01/11,617.5,632.5,617.0,622.5,33600,622.5,2.0
2017/01/12,629.0,629.0,610.0,611.5,31000,611.5,2.0
2017/01/13,606.5,611.5,600.5,601.0,31600,601,2.0
2017/01/16,600.0,609.0,597.5,600.5,41700,600.5,2.0
2017/01/17,605.0,606.5,597.5,601.5,38600,601.5,2.0
2017/01/18,600.0,642.5,600.0,633.5,69400,633.5,2.0
2017/01/19,644.5,740.0,643.5,714.5,215100,714.5,2.0
2017/01/20,700.0,704.0,664.0,683.0,106500,683,2.0
2017/01/23,668.0,687.5,666.0,678.0,53700,678,2.0
2017/01/24,675.0,712.0,675.0,677.0,94600,677,2.0
2017/01/25,675.5,709.5,670.0,699.5,85300,699.5,2.0
2017/01/26,700.0,713.5,680.0,686.5,78600,686.5,2.0
2017/01/27,689.0,693.0,681.5,689.5,42200,689.5,2.0
2017/01/30,694.0,703.0,668.0,680.5,53600,680.5,2.0
2017/01/31,675.0,710.0,658.5,700.0,69800,700,2.0
2017/02/01,686.0,715.0,681.5,715.0,61900,715,2.0
2017/02/02,715.0,715.0,669.0,697.5,70800,697.5,2.0
2017/02/03,708.5,709.5,684.5,702.0,25800,702,2.0
2017/02/06,703.0,714.5,692.0,707.5,28300,707.5,2.0
2017/02/07,707.5,707.5,686.0,704.0,19700,704,2.0
2017/02/08,696.5,704.5,690.0,702.0,15700,702,2.0
2017/02/09,702.0,705.0,695.5,699.5,15900,699.5,2.0
2017/02/10,698.5,700.0,650.0,675.0,45600,675,2.0
2017/02/13,669.0,681.5,660.0,667.5,40300,667.5,2.0
2017/02/14,660.5,675.5,647.0,661.0,64400,661,2.0
2017/02/15,660.5,671.5,658.5,663.0,41000,663,2.0
2017/02/16,656.5,667.0,652.5,659.0,34900,659,2.0
2017/02/17,665.0,670.5,661.0,663.0,21800,663,2.0
2017/02/20,671.0,691.5,669.0,690.5,18400,690.5,2.0
2017/02/21,690.5,692.5,672.5,674.0,25400,674,2.0
2017/02/22,685.0,685.0,674.0,682.5,10200,682.5,2.0
2017/02/23,680.5,680.5,670.0,671.5,11100,671.5,2.0
2017/02/24,686.5,688.5,670.5,684.0,9700,684,2.0
2017/02/27,675.0,684.0,672.5,681.0,9800,681,2.0
2017/02/28,681.0,717.5,681.0,714.0,22300,714,2.0
2017/03/01,706.5,706.5,673.5,683.0,48000,683,2.0
2017/03/02,682.5,687.0,671.0,674.5,39900,674.5,2.0
2017/03/03,674.5,674.5,656.0,661.0,32600,661,2.0
2017/03/06,663.0,670.0,663.0,667.5,22600,667.5,2.0
2017/03/07,668.0,687.5,668.0,682.5,17400,682.5,2.0
2017/03/08,682.5,685.0,673.5,676.5,10700,676.5,2.0
2017/03/09,676.0,676.0,665.5,665.5,13300,665.5,2.0
2017/03/10,666.5,680.0,666.5,670.5,13700,670.5,2.0
2017/03/13,677.0,697.0,677.0,693.5,29400,693.5,2.0
2017/03/14,693.5,695.0,679.0,687.0,12400,687,2.0
2017/03/15,680.5,688.5,677.5,677.5,7300,677.5,2.0
2017/03/16,677.5,690.5,675.5,686.5,4000,686.5,2.0
2017/03/17,686.0,686.0,673.0,680.0,5200,680,2.0
2017/03/21,680.0,688.5,678.0,682.0,12900,682,2.0
2017/03/22,675.0,682.5,672.5,676.5,16700,676.5,2.0
2017/03/23,676.5,685.0,671.0,676.0,9600,676,2.0
2017/03/24,684.0,687.5,676.5,682.0,10300,682,2.0
2017/03/27,690.0,693.0,683.5,689.0,14900,689,2.0
2017/03/28,693.0,693.0,682.5,683.0,9300,683,2.0
2017/03/29,687.0,689.0,680.0,689.0,6300,689,2.0
2017/03/30,697.5,699.0,690.5,697.5,14100,697.5,2.0
2017/03/31,694.5,715.0,681.5,704.5,16500,704.5,2.0
2017/04/03,709.5,728.0,709.0,717.5,32400,717.5,2.0
2017/04/04,717.5,717.5,677.0,682.0,29600,682,2.0
2017/04/05,687.5,717.5,679.0,716.5,26000,716.5,2.0
2017/04/06,720.0,767.0,716.5,745.0,68300,745,2.0
2017/04/07,750.0,762.5,736.0,760.5,50800,760.5,2.0
2017/04/10,760.0,760.0,732.5,732.5,16100,732.5,2.0
2017/04/11,749.0,770.0,739.5,761.0,39300,761,2.0
2017/04/12,760.0,760.0,743.0,744.0,9700,744,2.0
2017/04/13,725.0,762.5,705.5,755.0,27400,755,2.0
2017/04/14,755.0,755.0,741.5,751.5,8900,751.5,2.0
2017/04/17,750.0,787.0,750.0,787.0,35200,787,2.0
2017/04/18,792.5,797.5,784.0,790.5,28300,790.5,2.0
2017/04/19,778.5,795.0,773.5,775.0,13500,775,2.0
2017/04/20,770.0,784.0,759.5,780.0,18700,780,2.0
2017/04/21,772.0,774.5,744.5,764.0,23300,764,2.0
2017/04/24,765.5,772.5,747.5,761.5,13600,761.5,2.0
2017/04/25,761.5,783.0,747.5,776.0,26200,776,2.0
2017/04/26,771.0,771.0,749.5,755.0,19600,755,2.0
2017/04/27,764.5,774.0,760.0,766.0,13000,766,2.0
2017/04/28,760.5,805.0,760.5,801.0,38800,801,2.0
2017/05/01,809.0,809.0,775.0,800.5,10600,800.5,2.0
2017/05/02,790.5,793.0,780.5,784.0,9200,784,2.0
2017/05/08,792.0,792.5,771.0,780.0,17500,780,2.0
2017/05/09,772.0,775.5,753.0,756.5,16000,756.5,2.0
2017/05/10,753.5,808.0,751.5,778.5,33600,778.5,2.0
2017/05/11,775.5,776.0,736.5,756.5,21500,756.5,2.0
2017/05/12,765.0,779.0,763.5,773.0,21400,773,2.0
2017/05/15,773.5,775.0,750.0,767.5,11000,767.5,2.0
2017/05/16,767.5,824.0,764.5,806.5,25600,806.5,2.0
2017/05/17,812.5,812.5,768.0,776.0,19600,776,2.0
2017/05/18,796.0,796.0,775.5,780.0,8000,780,2.0
2017/05/19,771.5,772.5,753.0,758.0,13600,758,2.0
2017/05/22,770.0,770.0,757.0,760.5,5200,760.5,2.0
2017/05/23,760.5,761.5,747.5,749.0,12700,749,2.0
2017/05/24,763.5,763.5,745.5,748.5,7300,748.5,2.0
2017/05/25,759.5,759.5,746.5,748.0,6100,748,2.0
2017/05/26,753.0,757.0,729.0,730.0,16500,730,2.0
2017/05/29,725.5,733.5,722.0,733.5,8600,733.5,2.0
2017/05/30,736.0,757.0,735.0,738.5,15800,738.5,2.0
2017/05/31,750.5,757.0,745.5,753.5,12900,753.5,2.0
2017/06/01,759.0,772.0,759.0,765.5,9500,765.5,2.0
2017/06/02,782.0,783.0,768.5,778.0,15900,778,2.0
2017/06/05,780.0,780.0,765.0,765.0,4600,765,2.0
2017/06/06,764.5,764.5,744.5,744.5,10600,744.5,2.0
2017/06/07,737.5,740.0,733.0,734.5,6400,734.5,2.0
2017/06/08,736.5,745.5,734.5,735.0,5900,735,2.0
2017/06/09,735.5,738.5,724.5,727.0,7700,727,2.0
2017/06/12,712.0,720.5,707.5,707.5,19900,707.5,2.0
2017/06/13,709.0,724.5,708.0,708.5,15800,708.5,2.0
2017/06/14,732.0,765.0,712.5,741.5,23500,741.5,2.0
2017/06/15,700.0,762.5,690.0,758.0,63000,758,2.0
2017/06/16,767.0,788.0,761.5,780.5,36800,780.5,2.0
2017/06/19,785.0,792.0,771.5,774.0,29500,774,2.0
2017/06/20,797.5,797.5,778.0,781.0,17500,781,2.0
2017/06/21,785.0,799.0,778.0,784.0,18800,784,2.0
2017/06/22,800.0,819.0,800.0,805.5,27500,805.5,2.0
2017/06/23,815.5,818.5,811.5,814.5,14900,814.5,2.0
2017/06/26,806.0,826.5,806.0,820.5,26400,820.5,2.0
2017/06/27,820.5,824.0,812.5,814.0,5100,814,2.0
2017/06/28,814.0,822.0,802.5,805.5,10600,805.5,2.0
2017/06/29,803.0,821.0,792.0,805.0,11500,805,2.0
2017/06/30,796.0,807.0,752.5,803.0,18200,803,2.0
2017/07/03,812.5,849.5,809.5,848.0,33000,848,2.0
2017/07/04,848.0,848.0,824.5,825.0,15400,825,2.0
2017/07/05,824.5,825.5,810.5,819.5,6900,819.5,2.0
2017/07/06,812.0,817.5,806.5,813.0,12300,813,2.0
2017/07/07,824.5,824.5,804.0,808.5,6800,808.5,2.0
2017/07/10,809.5,821.5,809.5,813.5,4800,813.5,2.0
2017/07/11,824.0,850.0,822.0,845.0,18500,845,2.0
2017/07/12,849.0,864.5,840.0,854.0,29400,854,2.0
2017/07/13,860.5,860.5,826.0,848.0,9400,848,2.0
2017/07/14,853.5,853.5,833.5,841.5,3000,841.5,2.0
2017/07/18,839.5,839.5,774.5,803.5,22600,803.5,2.0
2017/07/19,800.5,830.0,800.5,825.0,11300,825,2.0
2017/07/20,825.5,831.5,813.0,823.5,15600,823.5,2.0
2017/07/21,816.0,824.0,811.0,818.5,5000,818.5,2.0
2017/07/24,828.0,829.0,824.0,824.5,7300,824.5,2.0
2017/07/25,824.5,838.0,824.5,834.0,3500,834,2.0
2017/07/26,849.5,849.5,829.0,833.0,7300,833,2.0
2017/07/27,833.0,833.5,805.5,813.5,14200,813.5,2.0
2017/07/28,817.5,819.5,809.0,810.0,6800,810,2.0
2017/07/31,809.5,815.0,799.0,808.0,8700,808,2.0
2017/08/01,825.0,830.0,805.0,830.0,11800,830,2.0
2017/08/02,823.5,850.0,823.5,845.5,6900,845.5,2.0
2017/08/03,847.5,847.5,832.0,833.0,2000,833,2.0
2017/08/04,828.0,835.0,825.5,825.5,1700,825.5,2.0
2017/08/07,826.0,826.0,815.5,821.0,2800,821,2.0
2017/08/08,821.0,830.0,806.5,809.5,6200,809.5,2.0
2017/08/09,812.5,812.5,798.5,803.0,3500,803,2.0
2017/08/10,800.0,805.0,797.5,800.5,3800,800.5,2.0
2017/08/14,788.5,800.5,776.0,789.0,25300,789,2.0
2017/08/15,800.5,825.5,800.5,808.5,9400,808.5,2.0
2017/08/16,811.5,831.5,811.5,820.5,6800,820.5,2.0
2017/08/17,834.0,834.0,820.0,822.0,3500,822,2.0
2017/08/18,825.0,828.0,812.5,812.5,1700,812.5,2.0
2017/08/21,830.0,830.0,806.0,810.0,4700,810,2.0
2017/08/22,814.0,840.0,804.5,830.0,8300,830,2.0
2017/08/23,829.0,845.0,829.0,830.5,5100,830.5,2.0
2017/08/24,833.5,841.5,833.0,838.0,5000,838,2.0
2017/08/25,845.5,845.5,827.5,834.5,2700,834.5,2.0
2017/08/28,834.5,850.0,825.0,830.5,5100,830.5,2.0
2017/08/29,833.0,833.0,827.5,830.0,1300,830,2.0
2017/08/30,838.5,838.5,825.0,832.5,1500,832.5,2.0
2017/08/31,837.5,840.0,833.0,834.0,1500,834,2.0
2017/09/01,839.0,849.0,839.0,846.0,4200,846,2.0
2017/09/04,846.0,847.0,820.5,835.5,5500,835.5,2.0
2017/09/05,832.5,833.5,821.0,822.0,7700,822,2.0
2017/09/06,812.0,814.0,806.5,813.5,5700,813.5,2.0
2017/09/07,816.0,822.5,806.5,806.5,7300,806.5,2.0
2017/09/08,808.0,815.0,805.5,808.0,7700,808,2.0
2017/09/11,834.0,837.5,825.5,836.5,5800,836.5,2.0
2017/09/12,1036.5,1036.5,1000.0,1036.5,161600,1036.5,2.0
2017/09/13,1111.5,1249.5,1080.0,1100.0,668500,1100,2.0
2017/09/14,1155.0,1190.0,1086.5,1154.5,173200,1154.5,2.0
2017/09/15,1129.5,1211.0,1122.5,1194.0,85800,1194,2.0
2017/09/19,1285.0,1340.0,1196.0,1225.0,223100,1225,2.0
2017/09/20,1211.0,1257.5,1176.0,1177.0,90300,1177,2.0
2017/09/21,1200.0,1211.0,1186.0,1189.5,39500,1189.5,2.0
2017/09/22,1166.5,1170.0,1121.0,1147.5,104300,1147.5,2.0
2017/09/25,1150.0,1350.0,1146.5,1284.0,416200,1284,2.0
2017/09/26,1259.0,1298.5,1190.5,1198.0,222500,1198,2.0
2017/09/27,1195.5,1252.5,1179.0,1186.0,113800,1186,2.0
2017/09/28,1211.0,1211.0,1149.5,1171.5,43600,1171.5,2.0
2017/09/29,1184.5,1249.5,1181.5,1210.0,75700,1210,2.0
2017/10/02,1245.0,1245.0,1204.0,1206.5,61300,1206.5,2.0
2017/10/03,1207.0,1210.0,1176.0,1195.5,41200,1195.5,2.0
2017/10/04,1195.5,1204.0,1162.5,1165.5,55800,1165.5,2.0
2017/10/05,1157.5,1199.5,1125.0,1153.0,100400,1153,2.0
2017/10/06,1142.5,1167.0,1129.5,1161.5,65900,1161.5,2.0
2017/10/10,1161.5,1169.0,1140.5,1165.0,60700,1165,2.0
2017/10/11,1187.5,1187.5,1129.0,1139.5,118100,1139.5,2.0
2017/10/12,1150.5,1173.0,1140.0,1148.5,94800,1148.5,2.0
2017/10/13,1172.5,1207.5,1151.0,1204.5,136100,1204.5,2.0
2017/10/16,1225.0,1231.0,1182.0,1216.0,77300,1216,2.0
2017/10/17,1222.5,1223.0,1180.0,1193.5,51900,1193.5,2.0
2017/10/18,1190.0,1193.5,1141.0,1187.0,70400,1187,2.0
2017/10/19,1212.0,1239.5,1167.5,1177.0,72000,1177,2.0
2017/10/20,1164.0,1205.0,1153.0,1196.5,39300,1196.5,2.0
2017/10/23,1225.0,1235.0,1165.0,1165.5,141000,1165.5,2.0
2017/10/24,1160.0,1160.0,1109.0,1109.0,158900,1109,2.0
2017/10/25,1094.5,1131.0,1065.0,1108.5,75800,1108.5,2.0
2017/10/26,1130.0,1149.5,1112.5,1124.0,28100,1124,2.0
2017/10/27,1115.5,1141.5,1086.0,1140.0,46800,1140,2.0
2017/10/30,1140.0,1140.5,1100.0,1131.5,72000,1131.5,2.0
2017/10/31,1134.5,1158.0,1125.0,1152.0,39300,1152,2.0
2017/11/01,1158.0,1182.5,1151.0,1160.0,50600,1160,2.0
2017/11/02,1178.0,1185.0,1130.0,1150.0,52300,1150,2.0
2017/11/06,1146.0,1150.0,1109.5,1141.0,48000,1141,2.0
2017/11/07,1151.5,1184.0,1129.5,1133.5,42500,1133.5,2.0
2017/11/08,1130.0,1151.0,1121.0,1129.5,34300,1129.5,2.0
2017/11/09,1135.0,1150.0,1110.0,1120.0,45300,1120,2.0
2017/11/10,1100.0,1139.5,1100.0,1138.5,35700,1138.5,2.0
2017/11/13,1138.5,1140.0,1107.0,1122.0,30900,1122,2.0
2017/11/14,1122.0,1140.0,1100.0,1101.0,73700,1101,2.0
2017/11/15,1078.5,1095.0,1051.5,1069.5,66000,1069.5,2.0
2017/11/16,1058.5,1085.0,1058.5,1064.0,45800,1064,2.0
2017/11/17,1070.5,1076.0,1034.5,1075.5,147500,1075.5,2.0
2017/11/20,1096.0,1135.0,1086.0,1134.5,69600,1134.5,2.0
2017/11/21,1140.0,1171.0,1134.0,1148.5,78200,1148.5,2.0
2017/11/22,1153.5,1162.5,1136.5,1160.5,41600,1160.5,2.0
2017/11/24,1150.0,1225.0,1146.0,1206.0,79800,1206,2.0
2017/11/27,1240.0,1240.0,1160.5,1223.0,82300,1223,2.0
2017/11/28,1234.5,1234.5,1177.5,1199.0,74300,1199,2.0
2017/11/29,1194.5,1391.0,1194.5,1339.5,355600,1339.5,2.0
2017/11/30,1372.5,1372.5,1289.0,1350.0,115200,1350,2.0
2017/12/01,1325.0,1425.0,1317.0,1389.5,140000,1389.5,2.0
2017/12/04,1375.0,1376.5,1336.0,1348.5,116600,1348.5,2.0
2017/12/05,1340.0,1367.5,1304.0,1341.0,55700,1341,2.0
2017/12/06,1330.0,1390.0,1317.5,1348.0,62800,1348,2.0
2017/12/07,1356.0,1375.0,1330.5,1358.0,48400,1358,2.0
2017/12/08,1360.5,1395.0,1332.5,1346.0,81600,1346,2.0
2017/12/11,1355.0,1356.0,1260.0,1350.5,108500,1350.5,2.0
2017/12/12,1375.5,1387.0,1240.5,1271.0,332400,1271,2.0
2017/12/13,1255.5,1260.5,1226.5,1253.0,103300,1253,2.0
2017/12/14,1243.0,1280.5,1230.5,1273.0,77900,1273,2.0
2017/12/15,1266.0,1266.0,1156.0,1171.0,191900,1171,2.0
2017/12/18,1175.5,1200.0,1168.0,1190.5,66200,1190.5,2.0
2017/12/19,1190.5,1195.5,1145.5,1184.0,61700,1184,2.0
2017/12/20,1196.0,1230.5,1179.0,1190.0,55600,1190,2.0
2017/12/21,1199.5,1238.5,1175.0,1230.5,54900,1230.5,2.0
2017/12/22,1222.5,1239.5,1185.0,1185.5,44000,1185.5,2.0
2017/12/25,1188.0,1190.5,1150.0,1161.5,58100,1161.5,2.0
2017/12/26,1160.0,1204.0,1160.0,1176.5,66400,1176.5,2.0
2017/12/27,1177.0,1214.0,1174.5,1200.0,29100,1200,2.0
2017/12/28,1219.0,1219.0,1175.5,1186.5,34700,1186.5,2.0
2017/12/29,1205.0,1205.0,1157.0,1171.0,51000,1171,2.0
2018/01/04,1178.5,1184.5,1150.5,1158.0,97200,1158,2.0
2018/01/05,1164.5,1181.0,1132.5,1175.5,50600,1175.5,2.0
2018/01/09,1170.5,1171.0,1150.5,1153.5,45500,1153.5,2.0
2018/01/10,1154.0,1154.5,1118.0,1118.5,151700,1118.5,2.0
2018/01/11,1112.5,1128.5,1112.5,1118.0,27400,1118,2.0
2018/01/12,1102.0,1104.0,1081.5,1085.5,80600,1085.5,2.0
2018/01/15,1082.0,1088.5,1075.0,1083.5,66100,1083.5,2.0
2018/01/16,1089.0,1110.5,1076.5,1106.5,57400,1106.5,2.0
2018/01/17,1090.5,1095.0,1076.0,1078.0,67200,1078,2.0
2018/01/18,1085.5,1091.5,1071.0,1073.5,45300,1073.5,2.0
2018/01/19,1073.0,1099.5,1073.0,1099.5,30300,1099.5,2.0
2018/01/22,1099.5,1120.0,1073.0,1080.0,50900,1080,2.0
2018/01/23,1084.0,1125.0,1080.0,1115.0,57400,1115,2.0
2018/01/24,1130.0,1169.0,1127.5,1167.5,111800,1167.5,2.0
2018/01/25,1170.5,1170.5,1138.0,1142.5,74700,1142.5,2.0
2018/01/26,1151.5,1227.0,1151.5,1218.5,130800,1218.5,2.0
2018/01/29,1225.0,1239.5,1180.0,1193.0,117900,1193,2.0
2018/01/30,1195.0,1199.5,1122.5,1142.5,113800,1142.5,2.0
2018/01/31,1125.5,1138.5,1115.0,1115.0,55400,1115,2.0
2018/02/01,1124.0,1124.0,1102.5,1106.0,51700,1106,2.0
2018/02/02,1106.0,1109.5,1096.5,1097.5,51300,1097.5,2.0
2018/02/05,1061.5,1067.0,1047.5,1060.0,69500,1060,2.0
2018/02/06,925.0,981.0,920.0,969.0,148700,969,2.0
2018/02/07,1009.0,1029.0,947.0,951.0,47900,951,2.0
2018/02/08,958.5,980.5,947.5,967.0,53500,967,2.0
2018/02/09,917.0,952.5,916.5,948.0,44300,948,2.0
2018/02/13,960.5,964.0,923.0,927.5,55600,927.5,2.0
2018/02/14,927.0,937.0,882.5,905.0,74200,905,2.0
2018/02/15,910.5,933.0,903.0,926.5,50000,926.5,2.0
2018/02/16,930.0,970.0,921.0,962.0,51300,962,2.0
2018/02/19,1000.0,1017.5,983.0,1002.5,36300,1002.5,2.0
2018/02/20,995.0,1010.0,984.5,1002.0,25600,1002,2.0
2018/02/21,1000.0,1019.0,992.5,1009.5,21600,1009.5,2.0
2018/02/22,995.0,995.0,966.5,974.0,28600,974,2.0
2018/02/23,974.5,978.0,958.0,965.5,30800,965.5,2.0
2018/02/26,995.0,995.0,976.0,979.0,15100,979,2.0
2018/02/27,990.5,995.0,975.0,979.0,28300,979,2.0
2018/02/28,976.0,1001.0,975.0,989.0,18800,989,2.0
2018/03/01,989.0,989.0,967.0,980.5,31100,980.5,2.0
2018/03/02,954.0,966.5,951.0,963.5,19900,963.5,2.0
2018/03/05,955.5,960.5,922.5,925.0,59900,925,2.0
2018/03/06,956.0,966.5,946.0,954.0,28600,954,2.0
2018/03/07,953.5,975.5,946.0,950.5,61400,950.5,2.0
2018/03/08,950.0,959.0,938.5,955.0,19000,955,2.0
2018/03/09,955.0,959.0,945.0,955.5,64000,955.5,2.0
2018/03/12,968.5,982.0,945.0,981.5,129300,981.5,2.0
2018/03/13,1125.0,1181.5,1117.5,1181.5,286900,1181.5,2.0
2018/03/14,1206.5,1265.0,1155.0,1198.5,841800,1198.5,2.0
2018/03/15,1198.5,1215.5,1165.0,1172.5,117500,1172.5,2.0
2018/03/16,1181.0,1191.0,1136.5,1155.5,80400,1155.5,2.0
2018/03/19,1140.5,1174.0,1112.5,1166.5,71600,1166.5,2.0
2018/03/20,1158.0,1202.5,1127.5,1198.0,97200,1198,2.0
2018/03/22,1195.5,1199.0,1168.0,1194.0,44100,1194,2.0
2018/03/23,1127.5,1168.5,1127.5,1145.5,57400,1145.5,2.0
2018/03/26,1135.0,1149.0,1086.0,1146.0,38200,1146,2.0
2018/03/27,1165.0,1195.0,1148.5,1176.0,43400,1176,2.0
2018/03/28,1164,1188,1122,1147,44900,1147,1
2018/03/29,1160,1170,1127,1139,47000,1139,1
2018/03/30,1182,1184,1153,1180,76400,1180,1
2018/04/02,1183,1214,1142,1146,69800,1146,1
2018/04/03,1125,1150,1123,1131,35800,1131,1
2018/04/04,1143,1143,1094,1099,53500,1099,1
2018/04/05,1106,1112,1054,1057,75400,1057,1
2018/04/06,1065,1077,1036,1045,56000,1045,1
2018/04/09,1049,1057,1020,1049,43700,1049,1
2018/04/10,1054,1055,1015,1024,103600,1024,1
2018/04/11,1025,1025,991,995,94200,995,1
2018/04/12,990,1029,990,1005,59000,1005,1
2018/04/13,1011,1012,991,1001,39300,1001,1
2018/04/16,1009,1022,995,1000,79400,1000,1
2018/04/17,1001,1001,980,983,49400,983,1
2018/04/18,985,1011,980,1004,52600,1004,1
2018/04/19,1000,1000,982,993,74700,993,1
2018/04/20,993,1021,987,1015,34700,1015,1
2018/04/23,1010,1014,993,1014,25500,1014,1
2018/04/24,1008,1014,1004,1010,22300,1010,1
2018/04/25,1004,1012,995,1010,46900,1010,1
2018/04/26,1007,1008,994,1008,30000,1008,1
2018/04/27,1005,1005,995,999,21400,999,1
2018/05/01,996,1006,989,1000,90100,1000,1
2018/05/02,1000,1004,993,1001,65800,1001,1
2018/05/07,1002,1014,997,1013,39400,1013,1
2018/05/08,1020,1066,1016,1055,101600,1055,1
2018/05/09,1055,1059,1025,1040,52600,1040,1
2018/05/10,1040,1049,1018,1030,97600,1030,1
2018/05/11,1031,1045,1007,1033,33200,1033,1
2018/05/14,1051,1081,1034,1068,63200,1068,1
2018/05/15,1095,1108,1062,1065,69800,1065,1
2018/05/16,1083,1090,1063,1078,47600,1078,1
2018/05/17,1087,1137,1085,1126,73800,1126,1
2018/05/18,1128,1128,1105,1120,27300,1120,1
2018/05/21,1131,1131,1084,1106,74000,1106,1
2018/05/22,1102,1106,1069,1073,58800,1073,1
2018/05/23,1073,1106,1067,1078,36300,1078,1
2018/05/24,1078,1089,1067,1075,22800,1075,1
2018/05/25,1085,1094,1071,1092,34500,1092,1
2018/05/28,1122,1139,1104,1135,56100,1135,1
2018/05/29,1143,1143,1104,1120,38800,1120,1
2018/05/30,1109,1171,1109,1166,117100,1166,1
2018/05/31,1155,1165,1116,1129,79100,1129,1
2018/06/01,1141,1141,1108,1133,50400,1133,1
2018/06/04,1147,1149,1111,1114,42900,1114,1
2018/06/05,1118,1118,1087,1091,35400,1091,1
2018/06/06,1091,1110,1076,1109,32700,1109,1
2018/06/07,1117,1138,1092,1138,51900,1138,1
2018/06/08,1131,1134,1107,1117,35900,1117,1
2018/06/11,1120,1178,1119,1172,126300,1172,1
2018/06/12,1174,1199,1156,1169,138000,1169,1
2018/06/13,1175,1217,1168,1215,200000,1215,1
2018/06/14,1203,1204,1125,1155,309900,1155,1
2018/06/15,1250,1420,1200,1400,929000,1400,1
2018/06/18,1396,1430,1333,1390,494900,1390,1
2018/06/19,1383,1428,1338,1375,155300,1375,1
2018/06/20,1379,1466,1359,1410,424900,1410,1
2018/06/21,1424,1491,1424,1447,318200,1447,1
2018/06/22,1418,1490,1401,1458,221900,1458,1
2018/06/25,1430,1485,1379,1380,231700,1380,1
2018/06/26,1350,1360,1309,1320,157300,1320,1
2018/06/27,1319,1392,1318,1366,112900,1366,1
2018/06/28,1410,1438,1352,1431,132800,1431,1
2018/06/29,1405,1422,1365,1366,120000,1366,1
2018/07/02,1369,1430,1330,1376,191000,1376,1
2018/07/03,1389,1409,1314,1336,105300,1336,1
2018/07/04,1334,1342,1282,1316,93600,1316,1
2018/07/05,1333,1353,1269,1298,126700,1298,1
2018/07/06,1299,1344,1291,1331,64800,1331,1
2018/07/09,1335,1340,1280,1332,76700,1332,1
2018/07/10,1360,1393,1324,1337,69300,1337,1
2018/07/11,1315,1430,1285,1381,121500,1381,1
2018/07/12,1400,1400,1334,1358,80700,1358,1
2018/07/13,1370,1380,1307,1311,70700,1311,1
2018/07/17,1292,1316,1252,1258,98000,1258,1
2018/07/18,1256,1287,1247,1254,76900,1254,1
2018/07/19,1262,1300,1231,1280,116400,1280,1
2018/07/20,1280,1289,1221,1271,73800,1271,1
2018/07/23,1260,1280,1225,1251,71400,1251,1
2018/07/24,1260,1269,1205,1211,79500,1211,1
2018/07/25,1234,1266,1211,1231,112600,1231,1
2018/07/26,1240,1242,1211,1231,37800,1231,1
2018/07/27,1231,1259,1230,1255,31900,1255,1
2018/07/30,1241,1250,1220,1235,39200,1235,1
2018/07/31,1223,1227,1200,1212,38000,1212,1
2018/08/01,1212,1226,1185,1223,46400,1223,1
2018/08/02,1215,1252,1205,1236,46000,1236,1
2018/08/03,1243,1243,1202,1203,34300,1203,1
2018/08/06,1203,1218,1183,1214,40200,1214,1
2018/08/07,1218,1226,1203,1210,23200,1210,1
2018/08/08,1210,1255,1205,1237,41800,1237,1
2018/08/09,1251,1251,1213,1214,26100,1214,1
2018/08/10,1210,1258,1197,1249,47300,1249,1
2018/08/13,1264,1276,1200,1205,47400,1205,1
2018/08/14,1224,1261,1212,1258,48500,1258,1
