2013/08/29,310.0,380.0,307.5,380.0,1076800,380,10.0
2013/08/30,422.0,442.5,346.0,346.0,1248500,346,10.0
2013/09/02,342.0,362.0,311.0,313.5,128600,313.5,10.0
2013/09/03,314.5,326.5,295.2,307.0,89400,307,10.0
2013/09/04,310.0,321.5,305.0,318.0,37500,318,10.0
2013/09/05,334.5,388.0,334.5,388.0,245200,388,10.0
2013/09/06,458.0,458.0,458.0,458.0,32300,458,10.0
2013/09/09,493.0,528.0,450.5,527.0,378400,527,10.0
2013/09/10,507.0,627.0,491.5,565.0,628200,565,10.0
2013/09/11,571.0,595.0,505.0,505.0,201100,505,10.0
2013/09/12,509.0,535.0,462.0,490.0,136400,490,10.0
2013/09/13,503.0,545.0,471.0,479.0,128800,479,10.0
2013/09/17,460.0,470.5,414.0,436.5,102300,436.5,10.0
2013/09/18,429.5,507.0,417.5,507.0,132500,507,10.0
2013/09/19,572.0,607.0,520.0,563.0,525400,563,10.0
2013/09/20,583.0,663.0,539.0,663.0,351800,663,10.0
2013/09/24,733.0,763.0,730.0,763.0,62800,763,10.0
2013/09/25,808.0,848.0,672.0,696.0,571500,696,10.0
2013/09/26,736.0,796.0,701.0,796.0,237000,796,10.0
2013/09/27,875.0,946.0,862.0,946.0,209500,946,10.0
2013/09/30,976.0,1096.0,906.0,1075.0,810600,1075,10.0
2013/10/01,991.0,1206.0,880.0,942.0,676100,942,10.0
2013/10/02,992.0,1097.0,960.0,1090.0,470700,1090,10.0
2013/10/03,1090.0,1190.0,1035.0,1090.0,578100,1090,10.0
2013/10/04,1091.0,1096.0,983.0,1007.0,220900,1007,10.0
2013/10/07,917.0,1040.0,822.0,980.0,306700,980,10.0
2013/10/08,935.0,1000.0,880.0,895.0,110800,895,10.0
2013/10/09,865.0,961.0,860.0,909.0,80100,909,10.0
2013/10/10,917.0,1015.0,911.0,942.0,147400,942,10.0
2013/10/11,957.0,981.0,881.0,904.0,70700,904,10.0
2013/10/15,888.0,900.0,842.0,858.0,109900,858,10.0
2013/10/16,873.0,928.0,836.0,863.0,111600,863,10.0
2013/10/17,895.0,1013.0,884.0,990.0,319300,990,10.0
2013/10/18,964.0,1110.0,939.0,1078.0,263300,1078,10.0
2013/10/21,1130.0,1164.0,1040.0,1040.0,143900,1040,10.0
2013/10/22,1030.0,1036.0,982.0,982.0,78000,982,10.0
2013/10/23,980.0,1017.0,966.0,990.0,42300,990,10.0
2013/10/24,977.0,1027.0,977.0,1010.0,54000,1010,10.0
2013/10/25,1014.0,1025.0,974.0,993.0,37800,993,10.0
2013/10/28,999.0,1016.0,956.0,1016.0,39100,1016,10.0
2013/10/29,1039.0,1064.0,986.0,1063.0,117900,1063,10.0
2013/10/30,1080.0,1095.0,996.0,1028.0,72200,1028,10.0
2013/10/31,1010.0,1091.0,1000.0,1085.0,66500,1085,10.0
2013/11/01,1072.0,1385.0,1072.0,1370.0,514600,1370,10.0
2013/11/05,1400.0,1522.0,1203.0,1220.0,658500,1220,10.0
2013/11/06,1227.0,1295.0,1159.0,1200.0,219700,1200,10.0
2013/11/07,1197.0,1247.0,1174.0,1207.0,98300,1207,10.0
2013/11/08,1220.0,1384.0,1208.0,1289.0,419200,1289,10.0
2013/11/11,1290.0,1359.0,1087.0,1123.0,310400,1123,10.0
2013/11/12,1088.0,1166.0,1045.0,1098.0,145800,1098,10.0
2013/11/13,1120.0,1130.0,1008.0,1050.0,99200,1050,10.0
2013/11/14,1055.0,1055.0,995.0,1050.0,95100,1050,10.0
2013/11/15,1007.0,1019.0,901.0,918.0,268900,918,10.0
2013/11/18,933.0,937.0,885.0,900.0,81100,900,10.0
2013/11/19,945.0,1050.0,916.0,1036.0,374400,1036,10.0
2013/11/20,1034.0,1076.0,991.0,1011.0,167200,1011,10.0
2013/11/21,1028.0,1028.0,981.0,1001.0,43900,1001,10.0
2013/11/22,997.0,1017.0,938.0,972.0,41500,972,10.0
2013/11/25,957.0,977.0,930.0,950.0,24500,950,10.0
2013/11/26,950.0,950.0,896.0,914.0,47700,914,10.0
2013/11/27,940.0,940.0,905.0,920.0,15000,920,10.0
2013/11/28,905.0,927.0,893.0,915.0,13600,915,10.0
2013/11/29,900.0,924.0,899.0,912.0,13300,912,10.0
2013/12/02,892.0,900.0,841.0,888.0,38500,888,10.0
2013/12/03,858.0,871.0,840.0,850.0,30800,850,10.0
2013/12/04,838.0,840.0,806.0,811.0,25600,811,10.0
2013/12/05,826.0,886.0,816.0,857.0,61900,857,10.0
2013/12/06,782.0,857.0,780.0,838.0,90800,838,10.0
2013/12/09,859.0,907.0,848.0,867.0,63800,867,10.0
2013/12/10,852.0,855.0,830.0,836.0,23600,836,10.0
2013/12/11,833.0,847.0,800.0,824.0,22000,824,10.0
2013/12/12,809.0,830.0,805.0,810.0,14500,810,10.0
2013/12/13,825.0,825.0,800.0,803.0,16000,803,10.0
2013/12/16,797.0,799.0,780.0,786.0,15100,786,10.0
2013/12/17,771.0,836.0,766.0,798.0,40400,798,10.0
2013/12/18,783.0,814.0,777.0,779.0,20700,779,10.0
2013/12/19,796.0,850.0,793.0,830.0,45300,830,10.0
2013/12/20,815.0,862.0,810.0,862.0,26200,862,10.0
2013/12/24,874.0,961.0,860.0,915.0,111700,915,10.0
2013/12/25,900.0,945.0,899.0,918.0,35200,918,10.0
2013/12/26,950.0,1050.0,935.0,1000.0,104000,1000,10.0
2013/12/27,978.0,1013.0,949.0,1000.0,55500,1000,10.0
2013/12/30,1015.0,1035.0,961.0,973.0,75700,973,10.0
2014/01/06,1020.0,1060.0,990.0,1015.0,64800,1015,10.0
2014/01/07,1022.0,1047.0,964.0,973.0,30600,973,10.0
2014/01/08,988.0,1070.0,973.0,1064.0,49800,1064,10.0
2014/01/09,1042.0,1054.0,1000.0,1036.0,31700,1036,10.0
2014/01/10,1050.0,1053.0,1038.0,1039.0,7800,1039,10.0
2014/01/14,1029.0,1029.0,1001.0,1011.0,7200,1011,10.0
2014/01/15,1050.0,1145.0,1049.0,1119.0,87800,1119,10.0
2014/01/16,1110.0,1210.0,1098.0,1117.0,88300,1117,10.0
2014/01/17,1089.0,1111.0,1060.0,1085.0,27000,1085,10.0
2014/01/20,1070.0,1159.0,1020.0,1141.0,61400,1141,10.0
2014/01/21,1190.0,1439.0,1175.0,1375.0,184600,1375,10.0
2014/01/22,1405.0,1539.0,1270.0,1475.0,214600,1475,10.0
2014/01/23,1417.0,1530.0,1342.0,1364.0,99000,1364,10.0
2014/01/24,1345.0,1595.0,1316.0,1484.0,218600,1484,10.0
2014/01/27,1440.0,1464.0,1313.0,1348.0,80300,1348,10.0
2014/01/28,1348.0,1462.0,1270.0,1299.0,59300,1299,10.0
2014/01/29,1360.0,1372.0,1300.0,1317.0,23400,1317,10.0
2014/01/30,1317.0,1317.0,1211.0,1233.0,36100,1233,10.0
2014/01/31,1330.0,1374.0,1250.0,1267.0,43500,1267,10.0
2014/02/03,1290.0,1336.0,1200.0,1220.0,31100,1220,10.0
2014/02/04,1187.0,1261.0,1175.0,1185.0,42500,1185,10.0
2014/02/05,1222.0,1310.0,1211.0,1300.0,55400,1300,10.0
2014/02/06,1300.0,1390.0,1300.0,1360.0,57100,1360,10.0
2014/02/07,1371.0,1388.0,1272.0,1318.0,51600,1318,10.0
2014/02/10,1300.0,1400.0,1219.0,1381.0,59000,1381,10.0
2014/02/12,1411.0,1530.0,1395.0,1499.0,89100,1499,10.0
2014/02/13,1513.0,1521.0,1408.0,1420.0,35100,1420,10.0
2014/02/14,1425.0,1473.0,1312.0,1372.0,42400,1372,10.0
2014/02/17,1342.0,1411.0,1270.0,1391.0,36200,1391,10.0
2014/02/18,1400.0,1485.0,1400.0,1465.0,24900,1465,10.0
2014/02/19,1409.0,1462.0,1377.0,1385.0,42400,1385,10.0
2014/02/20,1387.0,1409.0,1345.0,1396.0,12400,1396,10.0
2014/02/21,1373.0,1400.0,1350.0,1351.0,11600,1351,10.0
2014/02/24,1365.0,1407.0,1351.0,1360.0,10800,1360,10.0
2014/02/25,1370.0,1387.0,1341.0,1370.0,14100,1370,10.0
2014/02/26,1351.0,1351.0,1300.0,1327.0,13500,1327,10.0
2014/02/27,1303.0,1334.0,1252.0,1275.0,16000,1275,10.0
2014/02/28,1299.0,1317.0,1258.0,1279.0,8700,1279,10.0
2014/03/03,1300.0,1317.0,1251.0,1305.0,8500,1305,10.0
2014/03/04,1395.0,1605.0,1385.0,1605.0,142600,1605,10.0
2014/03/05,1765.0,1940.0,1725.0,1778.0,500700,1778,10.0
2014/03/06,1778.0,1950.0,1687.0,1708.0,312100,1708,10.0
2014/03/07,1735.0,1870.0,1693.0,1870.0,141300,1870,10.0
2014/03/10,1822.0,1900.0,1766.0,1860.0,93500,1860,10.0
2014/03/11,1850.0,1988.0,1811.0,1835.0,236000,1835,10.0
2014/03/12,1795.0,1945.0,1782.0,1902.0,98600,1902,10.0
2014/03/13,1920.0,2018.0,1850.0,1883.0,155800,1883,10.0
2014/03/14,1879.0,1918.0,1810.0,1831.0,42800,1831,10.0
2014/03/17,1791.0,1915.0,1787.0,1801.0,41700,1801,10.0
2014/03/18,1881.0,1914.0,1852.0,1910.0,40300,1910,10.0
2014/03/19,1930.0,2262.0,1920.0,2130.0,246000,2130,10.0
2014/03/20,2080.0,2157.0,1970.0,2001.0,195200,2001,10.0
2014/03/24,2009.0,2080.0,1887.0,1921.0,61200,1921,10.0
2014/03/25,1919.0,1944.0,1821.0,1894.0,49200,1894,10.0
2014/03/26,1854.0,1989.0,1854.0,1920.0,25700,1920,10.0
2014/03/27,1882.0,1889.0,1784.0,1818.0,29300,1818,10.0
2014/03/28,1850.0,1860.0,1798.0,1830.0,17400,1830,10.0
2014/03/31,1865.0,1880.0,1750.0,1780.0,31800,1780,10.0
2014/04/01,1740.0,1815.0,1663.0,1679.0,59400,1679,10.0
2014/04/02,1669.0,1732.0,1659.0,1688.0,37000,1688,10.0
2014/04/03,1696.0,1716.0,1640.0,1653.0,22900,1653,10.0
2014/04/04,1813.0,1898.0,1700.0,1706.0,187000,1706,10.0
2014/04/07,1680.0,1682.0,1631.0,1682.0,27500,1682,10.0
2014/04/08,1653.0,1735.0,1649.0,1684.0,23600,1684,10.0
2014/04/09,1719.0,1837.0,1697.0,1800.0,53800,1800,10.0
2014/04/10,1810.0,1840.0,1734.0,1770.0,39100,1770,10.0
2014/04/11,1700.0,1790.0,1665.0,1765.0,15500,1765,10.0
2014/04/14,1790.0,1857.0,1740.0,1750.0,37900,1750,10.0
2014/04/15,1800.0,1853.0,1780.0,1815.0,31800,1815,10.0
2014/04/16,1849.0,1849.0,1808.0,1842.0,25200,1842,10.0
2014/04/17,1850.0,1877.0,1780.0,1803.0,29300,1803,10.0
2014/04/18,1797.0,1928.0,1795.0,1870.0,55600,1870,10.0
2014/04/21,1890.0,1934.0,1883.0,1934.0,29200,1934,10.0
2014/04/22,1965.0,2022.0,1945.0,1979.0,56500,1979,10.0
2014/04/23,1949.0,1979.0,1884.0,1942.0,24300,1942,10.0
2014/04/24,1931.0,1968.0,1854.0,1920.0,18500,1920,10.0
2014/04/25,1930.0,1930.0,1800.0,1915.0,73100,1915,2.0
2014/04/28,1880.0,1917.5,1800.0,1840.0,49900,1840,2.0
2014/04/30,1865.0,1875.0,1705.0,1790.0,68200,1790,2.0
2014/05/01,1790.0,1790.0,1675.0,1725.0,92000,1725,2.0
2014/05/02,1760.0,1807.5,1712.5,1797.5,47200,1797.5,2.0
2014/05/07,1740.0,1775.0,1692.5,1710.0,42700,1710,2.0
2014/05/08,1785.0,1785.0,1720.0,1747.5,30000,1747.5,2.0
2014/05/09,1712.5,1852.5,1712.5,1845.0,81300,1845,2.0
2014/05/12,1815.0,1815.0,1615.0,1675.0,154000,1675,2.0
2014/05/13,1640.0,1640.0,1467.5,1494.5,182700,1494.5,2.0
2014/05/14,1500.0,1632.5,1494.5,1515.0,118700,1515,2.0
2014/05/15,1455.0,1525.0,1450.5,1520.0,73800,1520,2.0
2014/05/16,1453.5,1488.5,1450.0,1476.5,44700,1476.5,2.0
2014/05/19,1430.0,1440.0,1300.0,1307.5,92100,1307.5,2.0
2014/05/20,1350.5,1359.5,1320.5,1344.0,69000,1344,2.0
2014/05/21,1302.5,1354.5,1256.5,1340.0,69100,1340,2.0
2014/05/22,1316.0,1425.0,1311.5,1425.0,78300,1425,2.0
2014/05/23,1394.0,1435.0,1362.0,1420.0,63900,1420,2.0
2014/05/26,1435.0,1450.0,1390.5,1450.0,56700,1450,2.0
2014/05/27,1595.0,1615.0,1487.5,1510.0,128500,1510,2.0
2014/05/28,1495.0,1532.5,1475.0,1532.5,37100,1532.5,2.0
2014/05/29,1497.5,1595.0,1497.5,1557.5,70200,1557.5,2.0
2014/05/30,1557.5,1560.0,1495.0,1525.0,42800,1525,2.0
2014/06/02,1550.0,1560.0,1490.0,1550.0,45400,1550,2.0
2014/06/03,1550.0,1587.5,1547.5,1562.5,59400,1562.5,2.0
2014/06/04,1562.5,1745.0,1542.5,1670.0,141800,1670,2.0
2014/06/05,1675.0,1715.0,1630.0,1672.5,66000,1672.5,2.0
2014/06/06,1700.0,1820.0,1650.0,1820.0,109600,1820,2.0
2014/06/09,1855.0,2010.0,1855.0,1925.0,285400,1925,2.0
2014/06/10,1960.0,2005.0,1835.0,1885.0,156600,1885,2.0
2014/06/11,1900.0,2010.0,1865.0,1977.5,238200,1977.5,2.0
2014/06/12,1917.5,1975.0,1910.0,1925.0,72300,1925,2.0
2014/06/13,1890.0,1957.5,1877.5,1957.5,55800,1957.5,2.0
2014/06/16,1992.5,2025.0,1880.0,1940.0,106700,1940,2.0
2014/06/17,1915.0,1932.5,1892.5,1920.0,39600,1920,2.0
2014/06/18,1892.5,1915.0,1867.5,1887.5,55900,1887.5,2.0
2014/06/19,1940.0,1940.0,1867.5,1915.0,60500,1915,2.0
2014/06/20,1935.0,1965.0,1882.5,1892.5,53700,1892.5,2.0
2014/06/23,1875.0,1875.0,1775.0,1792.5,96100,1792.5,2.0
2014/06/24,1772.5,1840.0,1765.0,1827.5,58800,1827.5,2.0
2014/06/25,1785.0,1815.0,1742.5,1757.5,47700,1757.5,2.0
2014/06/26,1737.5,1752.5,1675.0,1750.0,47700,1750,2.0
2014/06/27,1712.5,1722.5,1660.0,1700.0,38800,1700,2.0
2014/06/30,1735.0,1735.0,1670.0,1680.0,27400,1680,2.0
2014/07/01,1680.0,1960.0,1667.5,1880.0,382800,1880,2.0
2014/07/02,2000.0,2020.0,1865.0,1875.0,400400,1875,2.0
2014/07/03,1900.0,1942.5,1777.5,1802.5,235800,1802.5,2.0
2014/07/04,1805.0,1877.5,1790.0,1800.0,112900,1800,2.0
2014/07/07,1800.0,1817.5,1740.0,1745.0,106800,1745,2.0
2014/07/08,1730.0,1797.5,1690.0,1750.0,122000,1750,2.0
2014/07/09,1750.0,1750.0,1499.0,1547.5,385300,1547.5,2.0
2014/07/10,1512.5,1540.0,1442.5,1479.0,278200,1479,2.0
2014/07/11,1480.5,1625.0,1449.0,1517.5,233200,1517.5,2.0
2014/07/14,1476.0,1512.5,1452.5,1497.0,92700,1497,2.0
2014/07/15,1522.5,1545.0,1475.0,1532.5,73600,1532.5,2.0
2014/07/16,1532.5,1607.5,1515.0,1600.0,106300,1600,2.0
2014/07/17,1565.0,1590.0,1532.5,1540.0,52800,1540,2.0
2014/07/18,1495.0,1597.5,1479.0,1577.5,75600,1577.5,2.0
2014/07/22,1552.5,1567.5,1535.0,1550.0,38400,1550,2.0
2014/07/23,1575.0,1575.0,1530.0,1542.5,47000,1542.5,2.0
2014/07/24,1550.0,1580.0,1545.0,1562.5,43700,1562.5,2.0
2014/07/25,1580.0,1592.5,1552.5,1592.5,47300,1592.5,2.0
2014/07/28,1587.5,1695.0,1585.0,1637.5,104100,1637.5,2.0
2014/07/29,1632.5,1685.0,1602.5,1665.0,71200,1665,2.0
2014/07/30,1750.0,1825.0,1700.0,1805.0,360700,1805,2.0
2014/07/31,1810.0,1815.0,1757.5,1775.0,131600,1775,2.0
2014/08/01,1800.0,1887.5,1755.0,1862.5,250100,1862.5,2.0
2014/08/04,1862.5,1912.5,1830.0,1880.0,132600,1880,2.0
2014/08/05,1890.0,1920.0,1805.0,1822.5,121700,1822.5,2.0
2014/08/06,1790.0,1792.5,1705.0,1722.5,85600,1722.5,2.0
2014/08/07,1757.5,1840.0,1750.0,1802.5,122800,1802.5,2.0
2014/08/08,1825.0,1850.0,1720.0,1797.5,125800,1797.5,2.0
2014/08/11,1880.0,1970.0,1847.5,1915.0,331000,1915,2.0
2014/08/12,1955.0,1957.5,1902.5,1940.0,149200,1940,2.0
2014/08/13,1950.0,2062.5,1930.0,2025.0,384900,2025,2.0
2014/08/14,2075.0,2140.0,1992.5,2100.0,378600,2100,2.0
2014/08/15,2125.0,2135.0,2065.0,2082.5,221100,2082.5,2.0
2014/08/18,2135.0,2240.0,2107.5,2215.0,414700,2215,2.0
2014/08/19,2180.0,2317.5,2125.0,2272.5,380200,2272.5,2.0
2014/08/20,2247.5,2360.0,2175.0,2210.0,337600,2210,2.0
2014/08/21,2187.5,2250.0,2155.0,2197.5,119300,2197.5,2.0
2014/08/22,2205.0,2215.0,2050.0,2140.0,181300,2140,2.0
2014/08/25,2165.0,2277.5,2137.5,2257.5,212900,2257.5,2.0
2014/08/26,2232.5,2255.0,2187.5,2200.0,111500,2200,2.0
2014/08/27,2175.0,2255.0,2175.0,2235.0,87800,2235,2.0
2014/08/28,2235.0,2240.0,2187.5,2187.5,83400,2187.5,2.0
2014/08/29,2180.0,2200.0,2142.5,2190.0,75300,2190,2.0
2014/09/01,2182.5,2182.5,2005.0,2130.0,227700,2130,2.0
2014/09/02,2095.0,2125.0,2035.0,2065.0,148200,2065,2.0
2014/09/03,2065.0,2135.0,2035.0,2130.0,118700,2130,2.0
2014/09/04,2095.0,2115.0,2055.0,2075.0,53100,2075,2.0
2014/09/05,2095.0,2095.0,1917.5,1920.0,199600,1920,2.0
2014/09/08,1897.5,1995.0,1897.5,1995.0,107700,1995,2.0
2014/09/09,2000.0,2010.0,1925.0,1950.0,61400,1950,2.0
2014/09/10,1907.5,1910.0,1825.0,1860.0,80800,1860,2.0
2014/09/11,1862.5,1875.0,1830.0,1855.0,68400,1855,2.0
2014/09/12,1877.5,1960.0,1875.0,1920.0,97900,1920,2.0
2014/09/16,1917.5,1950.0,1900.0,1907.5,44000,1907.5,2.0
2014/09/17,1925.0,1927.5,1875.0,1880.0,55600,1880,2.0
2014/09/18,1907.5,1907.5,1865.0,1875.0,27900,1875,2.0
2014/09/19,1875.0,1897.5,1850.0,1875.0,33600,1875,2.0
2014/09/22,1892.5,1995.0,1885.0,1970.0,98800,1970,2.0
2014/09/24,1970.0,1970.0,1915.0,1927.5,43800,1927.5,2.0
2014/09/25,1935.0,1972.5,1925.0,1930.0,67200,1930,2.0
2014/09/26,1965.0,2065.0,1950.0,2045.0,253700,2045,2.0
2014/09/29,2075.0,2087.5,2025.0,2040.0,101200,2040,2.0
2014/09/30,2027.5,2027.5,1935.0,1980.0,88900,1980,2.0
2014/10/01,1945.0,1975.0,1880.0,1880.0,85600,1880,2.0
2014/10/02,1830.0,1907.5,1800.0,1817.5,56500,1817.5,2.0
2014/10/03,1837.5,1907.5,1832.5,1905.0,41500,1905,2.0
2014/10/06,1900.0,1925.0,1870.0,1910.0,31000,1910,2.0
2014/10/07,1925.0,1925.0,1855.0,1860.0,31500,1860,2.0
2014/10/08,1805.0,1895.0,1800.0,1877.5,40200,1877.5,2.0
2014/10/09,1867.5,1895.0,1800.0,1802.5,47500,1802.5,2.0
2014/10/10,1775.0,1827.5,1750.0,1772.5,59100,1772.5,2.0
2014/10/14,1750.0,1812.5,1700.0,1800.0,40700,1800,2.0
2014/10/15,1765.0,1840.0,1765.0,1810.0,30100,1810,2.0
2014/10/16,1812.5,1905.0,1787.5,1840.0,59000,1840,2.0
2014/10/17,1855.0,1932.5,1855.0,1915.0,89100,1915,2.0
2014/10/20,1975.0,1975.0,1900.0,1920.0,80700,1920,2.0
2014/10/21,1921,2020,1881,1941,169700,1941,1
2014/10/22,1949,1960,1800,1920,111100,1920,1
2014/10/23,1881,1938,1881,1926,48300,1926,1
2014/10/24,1926,1926,1810,1874,80200,1874,1
2014/10/27,1870,1890,1825,1827,45700,1827,1
2014/10/28,1813,1815,1755,1794,91300,1794,1
2014/10/29,1766,1865,1764,1832,59300,1832,1
2014/10/30,1849,1849,1766,1780,38200,1780,1
2014/10/31,1773,1800,1752,1773,71400,1773,1
2014/11/04,1800,1853,1779,1849,109400,1849,1
2014/11/05,1850,1860,1833,1842,53300,1842,1
2014/11/06,1861,2000,1857,1903,175500,1903,1
2014/11/07,1904,1913,1842,1846,100700,1846,1
2014/11/10,1900,1946,1865,1918,123900,1918,1
2014/11/11,1950,1952,1853,1864,155600,1864,1
2014/11/12,1899,1899,1827,1827,80800,1827,1
2014/11/13,1831,1850,1803,1808,61900,1808,1
2014/11/14,1848,1848,1805,1815,49800,1815,1
2014/11/17,1815,1839,1764,1767,75000,1767,1
2014/11/18,1767,1870,1767,1865,75400,1865,1
2014/11/19,1899,1899,1845,1859,41200,1859,1
2014/11/20,1846,1870,1802,1812,50400,1812,1
2014/11/21,1800,1839,1773,1828,82100,1828,1
2014/11/25,1853,1855,1793,1848,50600,1848,1
2014/11/26,1850,1900,1846,1894,128500,1894,1
2014/11/27,1866,1904,1861,1861,45200,1861,1
2014/11/28,1864,1864,1825,1829,39400,1829,1
2014/12/01,1838,1859,1820,1840,37300,1840,1
2014/12/02,1855,1855,1821,1829,30500,1829,1
2014/12/03,1821,1836,1804,1810,44600,1810,1
2014/12/04,1805,1813,1800,1803,34300,1803,1
2014/12/05,1801,1833,1795,1830,45000,1830,1
2014/12/08,1806,1810,1765,1767,107000,1767,1
2014/12/09,1769,1770,1699,1733,115900,1733,1
2014/12/10,1693,1723,1685,1695,49400,1695,1
2014/12/11,1683,1708,1662,1705,34800,1705,1
2014/12/12,1709,1735,1694,1733,36500,1733,1
2014/12/15,1735,1772,1732,1769,29600,1769,1
2014/12/16,1722,1738,1716,1716,69900,1716,1
2014/12/17,1715,1718,1715,1715,62200,1715,1
2014/12/18,1710,1727,1695,1708,32300,1708,1
2014/12/19,1691,1718,1691,1710,25100,1710,1
2014/12/22,1710,1717,1665,1665,72200,1665,1
2014/12/24,1665,1675,1602,1619,113800,1619,1
2014/12/25,1636,1654,1616,1643,73600,1643,1
2014/12/26,1630,1729,1630,1729,71200,1729,1
2014/12/29,1740,1748,1700,1710,44300,1710,1
2014/12/30,1700,1709,1682,1705,34200,1705,1
2015/01/05,1705,1720,1705,1719,19300,1719,1
2015/01/06,1692,1710,1647,1649,49600,1649,1
2015/01/07,1633,1655,1607,1613,77800,1613,1
2015/01/08,1647,1647,1609,1611,39700,1611,1
2015/01/09,1610,1634,1605,1609,27900,1609,1
2015/01/13,1609,1635,1601,1614,19100,1614,1
2015/01/14,1603,1628,1591,1599,13600,1599,1
2015/01/15,1570,1588,1560,1570,25500,1570,1
2015/01/16,1570,1580,1520,1544,31900,1544,1
2015/01/19,1540,1544,1497,1499,51000,1499,1
2015/01/20,1481,1481,1381,1401,203600,1401,1
2015/01/21,1403,1405,1384,1386,75100,1386,1
2015/01/22,1390,1400,1341,1360,88300,1360,1
2015/01/23,1356,1398,1354,1375,54000,1375,1
2015/01/26,1399,1475,1399,1465,68500,1465,1
2015/01/27,1474,1588,1461,1587,119900,1587,1
2015/01/28,1547,1573,1531,1555,65100,1555,1
2015/01/29,1540,1609,1526,1560,72300,1560,1
2015/01/30,1530,1604,1530,1600,50200,1600,1
2015/02/02,1600,1627,1524,1627,62700,1627,1
2015/02/03,1624,1645,1558,1594,79200,1594,1
2015/02/04,1604,1604,1475,1515,147200,1515,1
2015/02/05,1486,1560,1468,1547,81100,1547,1
2015/02/06,1546,1553,1514,1521,36500,1521,1
2015/02/09,1530,1537,1490,1511,28700,1511,1
2015/02/10,1505,1513,1482,1489,29900,1489,1
2015/02/12,1469,1500,1462,1462,34500,1462,1
2015/02/13,1450,1460,1413,1431,30000,1431,1
2015/02/16,1420,1431,1412,1418,46100,1418,1
2015/02/17,1418,1424,1403,1424,40600,1424,1
2015/02/18,1420,1428,1416,1426,35700,1426,1
2015/02/19,1426,1500,1411,1500,97300,1500,1
2015/02/20,1499,1519,1460,1510,45600,1510,1
2015/02/23,1503,1535,1496,1505,53300,1505,1
2015/02/24,1505,1520,1498,1509,41700,1509,1
2015/02/25,1470,1505,1470,1500,41100,1500,1
2015/02/26,1483,1492,1461,1471,37100,1471,1
2015/02/27,1450,1468,1438,1450,46300,1450,1
2015/03/02,1450,1465,1428,1430,35600,1430,1
2015/03/03,1430,1451,1369,1375,73100,1375,1
2015/03/04,1390,1390,1355,1366,45100,1366,1
2015/03/05,1370,1394,1361,1375,32200,1375,1
2015/03/06,1379,1402,1375,1386,16500,1386,1
2015/03/09,1386,1424,1386,1416,23500,1416,1
2015/03/10,1419,1428,1391,1396,35900,1396,1
2015/03/11,1396,1485,1396,1485,46000,1485,1
2015/03/12,1475,1525,1464,1466,51400,1466,1
2015/03/13,1470,1483,1468,1482,25100,1482,1
2015/03/16,1482,1520,1465,1487,31300,1487,1
2015/03/17,1509,1509,1473,1490,25700,1490,1
2015/03/18,1490,1509,1460,1490,31300,1490,1
2015/03/19,1461,1489,1427,1431,40300,1431,1
2015/03/20,1415,1450,1400,1428,79500,1428,1
2015/03/23,1422,1430,1394,1415,53700,1415,1
2015/03/24,1410,1416,1400,1404,19700,1404,1
2015/03/25,1402,1446,1402,1446,48400,1446,1
2015/03/26,1416,1648,1416,1525,195200,1525,1
2015/03/27,1520,1567,1502,1530,74800,1530,1
2015/03/30,1560,1623,1560,1607,113900,1607,1
2015/03/31,1640,1673,1618,1659,172600,1659,1
2015/04/01,1650,1658,1620,1645,85200,1645,1
2015/04/02,1661,1719,1660,1686,120300,1686,1
2015/04/03,1708,1798,1707,1787,235400,1787,1
2015/04/06,1800,1850,1788,1850,212900,1850,1
2015/04/07,1861,1875,1809,1835,156900,1835,1
2015/04/08,1820,1823,1751,1819,135300,1819,1
2015/04/09,1800,1869,1800,1837,105100,1837,1
2015/04/10,1812,1892,1806,1883,157000,1883,1
2015/04/13,1995,2036,1929,1936,349400,1936,1
2015/04/14,1946,1949,1876,1918,135300,1918,1
2015/04/15,1916,1920,1900,1915,73200,1915,1
2015/04/16,1883,1950,1883,1940,92000,1940,1
2015/04/17,1949,1950,1913,1933,83200,1933,1
2015/04/20,1853,1890,1809,1809,82600,1809,1
2015/04/21,1808,1840,1801,1808,41800,1808,1
2015/04/22,1810,1821,1782,1787,50800,1787,1
2015/04/23,1810,1879,1808,1855,68700,1855,1
2015/04/24,1870,1870,1815,1830,32000,1830,1
2015/04/27,1838,1838,1785,1805,34600,1805,1
2015/04/28,1805,1838,1785,1825,47500,1825,1
2015/04/30,1830,1833,1785,1808,55000,1808,1
2015/05/01,1792,1798,1734,1761,60400,1761,1
2015/05/07,1800,1800,1761,1797,69400,1797,1
2015/05/08,1677,1832,1666,1785,205900,1785,1
2015/05/11,1802,1817,1760,1786,57900,1786,1
2015/05/12,1751,1767,1723,1750,49000,1750,1
2015/05/13,1720,1810,1712,1807,81900,1807,1
2015/05/14,1805,1834,1793,1828,46200,1828,1
2015/05/15,1835,1873,1813,1870,84200,1870,1
2015/05/18,1870,1889,1857,1889,63200,1889,1
2015/05/19,1889,1889,1862,1872,31400,1872,1
2015/05/20,1876,1879,1844,1865,50900,1865,1
2015/05/21,1854,1863,1791,1796,92200,1796,1
2015/05/22,1800,1850,1788,1834,73200,1834,1
2015/05/25,1834,1846,1815,1840,72100,1840,1
2015/05/26,1841,1849,1840,1848,52500,1848,1
2015/05/27,1808,1830,1800,1800,90600,1800,1
2015/05/28,1790,1833,1766,1812,418200,1812,1
2015/05/29,1800,1849,1796,1841,218400,1841,1
2015/06/01,1805,1849,1803,1814,61500,1814,1
2015/06/02,1800,1839,1795,1821,62100,1821,1
2015/06/03,1803,1850,1803,1818,42000,1818,1
2015/06/04,1835,1844,1816,1835,51000,1835,1
2015/06/05,1843,1867,1827,1862,67700,1862,1
2015/06/08,1869,1889,1820,1877,102000,1877,1
2015/06/09,1860,1902,1840,1891,93200,1891,1
2015/06/10,1895,1935,1874,1886,128600,1886,1
2015/06/11,1935,1976,1890,1973,269500,1973,1
2015/06/12,1980,2003,1955,2003,216300,2003,1
2015/06/15,2023,2109,1971,2109,260900,2109,1
2015/06/16,2090,2109,1983,1994,113900,1994,1
2015/06/17,2020,2021,1912,1922,94300,1922,1
2015/06/18,1905,1948,1902,1920,46000,1920,1
2015/06/19,1974,2017,1946,2000,62000,2000,1
2015/06/22,2009,2072,2000,2050,79900,2050,1
2015/06/23,2050,2070,2006,2036,66400,2036,1
2015/06/24,2030,2030,2001,2014,47000,2014,1
2015/06/25,2008,2016,1956,1960,68300,1960,1
2015/06/26,1950,1990,1946,1951,85200,1951,1
2015/06/29,1903,1955,1903,1926,55400,1926,1
2015/06/30,1905,1935,1850,1927,58100,1927,1
2015/07/01,1949,1960,1872,1887,164000,1887,1
2015/07/02,1896,1913,1852,1878,117200,1878,1
2015/07/03,1850,1861,1805,1828,161000,1828,1
2015/07/06,1828,1884,1813,1834,71900,1834,1
2015/07/07,1850,1884,1804,1827,90700,1827,1
2015/07/08,1874,1898,1796,1799,114600,1799,1
2015/07/09,1710,1798,1530,1792,98900,1792,1
2015/07/10,1794,1813,1732,1751,48400,1751,1
2015/07/13,1761,1778,1740,1760,46700,1760,1
2015/07/14,1830,1830,1743,1756,76700,1756,1
2015/07/15,1756,1785,1747,1784,55100,1784,1
2015/07/16,1786,1840,1769,1811,47200,1811,1
2015/07/17,1812,1857,1792,1850,42500,1850,1
2015/07/21,1848,1862,1836,1841,34300,1841,1
2015/07/22,1836,1836,1803,1818,29400,1818,1
2015/07/23,1828,1831,1810,1821,27500,1821,1
2015/07/24,1821,1830,1772,1787,48400,1787,1
2015/07/27,1770,1800,1718,1734,48600,1734,1
2015/07/28,1700,1718,1686,1697,47100,1697,1
2015/07/29,1717,1729,1695,1716,35100,1716,1
2015/07/30,1700,1873,1691,1845,149500,1845,1
2015/07/31,1829,1832,1756,1773,50700,1773,1
2015/08/03,1743,1749,1703,1714,38900,1714,1
2015/08/04,1721,1734,1691,1734,41800,1734,1
2015/08/05,1735,1774,1711,1769,25500,1769,1
2015/08/06,1797,1797,1744,1753,30100,1753,1
2015/08/07,1758,1760,1712,1733,18900,1733,1
2015/08/10,1690,1715,1672,1702,54700,1702,1
2015/08/11,1730,1730,1675,1698,19100,1698,1
2015/08/12,1698,1724,1677,1697,15400,1697,1
2015/08/13,1686,1690,1670,1690,21500,1690,1
2015/08/14,1661,1686,1660,1662,19700,1662,1
2015/08/17,1653,1663,1641,1650,19600,1650,1
2015/08/18,1630,1674,1630,1666,22500,1666,1
2015/08/19,1666,1666,1630,1653,27800,1653,1
2015/08/20,1655,1697,1655,1683,16000,1683,1
2015/08/21,1643,1666,1632,1633,34100,1633,1
2015/08/24,1598,1645,1535,1542,48700,1542,1
2015/08/25,1432,1693,1432,1549,48500,1549,1
2015/08/26,1576,1666,1550,1618,29500,1618,1
2015/08/27,1694,1714,1655,1694,48100,1694,1
2015/08/28,1700,1750,1700,1746,33800,1746,1
2015/08/31,1733,1744,1702,1727,11400,1727,1
2015/09/01,1701,1735,1695,1705,51600,1705,1
2015/09/02,1665,1691,1660,1673,24500,1673,1
2015/09/03,1675,1700,1665,1685,21300,1685,1
2015/09/04,1695,1695,1581,1596,34000,1596,1
2015/09/07,1550,1598,1550,1574,30500,1574,1
2015/09/08,1580,1580,1540,1542,30600,1542,1
2015/09/09,1580,1622,1576,1592,43600,1592,1
2015/09/10,1593,1593,1527,1551,18200,1551,1
2015/09/11,1511,1587,1511,1522,39500,1522,1
2015/09/14,1550,1560,1525,1527,15800,1527,1
2015/09/15,1510,1520,1486,1487,18900,1487,1
2015/09/16,1497,1498,1470,1475,15300,1475,1
2015/09/17,1462,1488,1462,1477,16000,1477,1
2015/09/18,1475,1485,1470,1475,14000,1475,1
2015/09/24,1470,1471,1444,1444,19200,1444,1
2015/09/25,1450,1452,1410,1443,32500,1443,1
2015/09/28,1473,1530,1473,1505,21500,1505,1
2015/09/29,1497,1500,1458,1480,21400,1480,1
2015/09/30,1497,1538,1497,1508,9800,1508,1
2015/10/01,1520,1534,1465,1484,30100,1484,1
2015/10/02,1471,1518,1471,1507,24800,1507,1
2015/10/05,1500,1514,1490,1505,17400,1505,1
2015/10/06,1545,1545,1515,1522,16700,1522,1
2015/10/07,1559,1559,1503,1511,15200,1511,1
2015/10/08,1511,1531,1506,1519,7000,1519,1
2015/10/09,1519,1532,1513,1520,11600,1520,1
2015/10/13,1520,1539,1511,1521,6600,1521,1
2015/10/14,1510,1511,1482,1482,11900,1482,1
2015/10/15,1512,1519,1489,1512,10300,1512,1
2015/10/16,1540,1540,1524,1538,19400,1538,1
2015/10/19,1520,1568,1520,1550,34900,1550,1
2015/10/20,1550,1585,1550,1580,37100,1580,1
2015/10/21,1570,1584,1570,1578,14200,1578,1
2015/10/22,1590,1592,1570,1570,10300,1570,1
2015/10/23,1570,1575,1542,1551,23700,1551,1
2015/10/26,1567,1569,1545,1551,10900,1551,1
2015/10/27,1526,1535,1487,1489,35000,1489,1
2015/10/28,1478,1492,1469,1473,21500,1473,1
2015/10/29,1478,1493,1462,1475,41300,1475,1
2015/10/30,1497,1510,1487,1500,66000,1500,1
2015/11/02,1501,1526,1479,1486,27500,1486,1
2015/11/04,1486,1504,1457,1458,31900,1458,1
2015/11/05,1479,1483,1427,1427,37800,1427,1
2015/11/06,1420,1451,1412,1412,40500,1412,1
2015/11/09,1412,1430,1373,1418,94900,1418,1
2015/11/10,1399,1414,1371,1372,66200,1372,1
2015/11/11,1390,1405,1381,1392,24900,1392,1
2015/11/12,1391,1391,1362,1368,43100,1368,1
2015/11/13,1341,1369,1340,1354,38700,1354,1
2015/11/16,1350,1352,1334,1337,41500,1337,1
2015/11/17,1335,1363,1335,1360,21600,1360,1
2015/11/18,1364,1393,1351,1370,17500,1370,1
2015/11/19,1397,1397,1377,1384,16900,1384,1
2015/11/20,1390,1423,1390,1417,75500,1417,1
2015/11/24,1435,1473,1432,1472,55000,1472,1
2015/11/25,1474,1476,1430,1454,49900,1454,1
2015/11/26,1442,1475,1442,1457,26000,1457,1
2015/11/27,1460,1478,1443,1454,37200,1454,1
2015/11/30,1453,1484,1453,1469,25200,1469,1
2015/12/01,1460,1460,1443,1446,37900,1446,1
2015/12/02,1450,1455,1441,1450,22500,1450,1
2015/12/03,1470,1520,1467,1515,96700,1515,1
2015/12/04,1494,1558,1491,1540,100100,1540,1
2015/12/07,1555,1561,1520,1520,51100,1520,1
2015/12/08,1520,1535,1475,1477,60200,1477,1
2015/12/09,1452,1462,1430,1430,92400,1430,1
2015/12/10,1422,1422,1396,1403,63500,1403,1
2015/12/11,1395,1425,1395,1408,48700,1408,1
2015/12/14,1376,1398,1375,1392,40500,1392,1
2015/12/15,1392,1396,1352,1353,65300,1353,1
2015/12/16,1405,1405,1375,1381,50500,1381,1
2015/12/17,1410,1426,1391,1391,67200,1391,1
2015/12/18,1390,1426,1390,1392,66900,1392,1
2015/12/21,1392,1392,1357,1366,56400,1366,1
2015/12/22,1361,1373,1358,1359,53600,1359,1
2015/12/24,1360,1368,1350,1359,83000,1359,1
2015/12/25,1350,1355,1331,1341,238400,1341,1
2015/12/28,1302,1324,1300,1303,107200,1303,1
2015/12/29,1302,1309,1265,1282,102000,1282,1
2015/12/30,1288,1306,1285,1289,68600,1289,1
2016/01/04,1282,1285,1217,1220,124700,1220,1
2016/01/05,1193,1200,1142,1150,244700,1150,1
2016/01/06,1200,1207,1091,1108,346100,1108,1
2016/01/07,1138,1215,1125,1204,385800,1204,1
2016/01/08,1144,1170,1100,1138,181500,1138,1
2016/01/12,1120,1150,1095,1102,92100,1102,1
2016/01/13,1105,1125,1062,1079,89800,1079,1
2016/01/14,1052,1059,1001,1017,125400,1017,1
2016/01/15,1077,1077,1004,1013,69100,1013,1
2016/01/18,953,977,944,969,105100,969,1
2016/01/19,961,1018,960,1006,105800,1006,1
2016/01/20,1000,1009,950,954,102300,954,1
2016/01/21,954,960,879,882,102300,882,1
2016/01/22,942,970,912,962,98000,962,1
2016/01/25,976,1112,969,1112,177800,1112,1
2016/01/26,1050,1088,1020,1034,136300,1034,1
2016/01/27,1046,1077,1036,1065,86100,1065,1
2016/01/28,1053,1063,1028,1034,41100,1034,1
2016/01/29,1036,1050,1004,1048,47500,1048,1
2016/02/01,1069,1070,1043,1056,46100,1056,1
2016/02/02,1066,1075,1050,1054,43400,1054,1
2016/02/03,1032,1032,1003,1007,34000,1007,1
2016/02/04,989,1019,978,1000,38800,1000,1
2016/02/05,978,990,918,949,44000,949,1
2016/02/08,922,984,922,972,47600,972,1
2016/02/09,970,1027,910,931,280900,931,1
2016/02/10,920,931,821,836,209200,836,1
2016/02/12,761,804,760,780,113900,780,1
2016/02/15,813,850,789,844,115700,844,1
2016/02/16,842,846,801,827,187200,827,1
2016/02/17,828,841,800,807,155100,807,1
2016/02/18,837,920,837,907,242200,907,1
2016/02/19,907,1056,899,1037,511700,1037,1
2016/02/22,1047,1110,1043,1098,416700,1098,1
2016/02/23,1098,1120,1068,1093,215700,1093,1
2016/02/24,1102,1168,1070,1141,313400,1141,1
2016/02/25,1132,1141,1117,1128,153600,1128,1
2016/02/26,1135,1136,1085,1118,117200,1118,1
2016/02/29,1129,1176,1124,1169,162700,1169,1
2016/03/01,1160,1190,1153,1180,190200,1180,1
2016/03/02,1174,1194,1157,1164,141400,1164,1
2016/03/03,1184,1184,1161,1171,51500,1171,1
2016/03/04,1170,1188,1161,1168,100900,1168,1
2016/03/07,1190,1190,1174,1185,103000,1185,1
2016/03/08,1189,1279,1187,1273,453900,1273,1
2016/03/09,1250,1257,1163,1170,278300,1170,1
2016/03/10,1162,1227,1149,1215,158500,1215,1
2016/03/11,1220,1303,1218,1298,237000,1298,1
2016/03/14,1305,1362,1305,1347,196200,1347,1
2016/03/15,1347,1396,1344,1378,162300,1378,1
2016/03/16,1370,1395,1352,1376,125700,1376,1
2016/03/17,1376,1396,1327,1356,98600,1356,1
2016/03/18,1331,1357,1314,1341,93200,1341,1
2016/03/22,1349,1424,1349,1410,140400,1410,1
2016/03/23,1409,1496,1407,1496,197900,1496,1
2016/03/24,1474,1515,1466,1504,127800,1504,1
2016/03/25,1497,1527,1477,1494,124000,1494,1
2016/03/28,1480,1485,1440,1456,112600,1456,1
2016/03/29,1466,1525,1464,1520,113900,1520,1
2016/03/30,1525,1626,1525,1603,311200,1603,1
2016/03/31,1597,1713,1597,1699,273600,1699,1
2016/04/01,1672,1725,1599,1611,274200,1611,1
2016/04/04,1600,1693,1600,1691,172400,1691,1
2016/04/05,1699,1733,1652,1686,290500,1686,1
2016/04/06,1641,1649,1585,1608,132900,1608,1
2016/04/07,1635,1674,1543,1572,125900,1572,1
2016/04/08,1570,1682,1530,1656,170600,1656,1
2016/04/11,1699,1775,1681,1757,350000,1757,1
2016/04/12,1774,1837,1720,1775,365500,1775,1
2016/04/13,1780,1910,1780,1875,333700,1875,1
2016/04/14,1891,1895,1800,1840,282700,1840,1
2016/04/15,1812,1839,1769,1775,176200,1775,1
2016/04/18,1780,1879,1745,1831,178700,1831,1
2016/04/19,1860,1875,1800,1823,137700,1823,1
2016/04/20,1840,1965,1840,1930,412600,1930,1
2016/04/21,1950,1959,1889,1919,236700,1919,1
2016/04/22,1900,1913,1851,1905,189100,1905,1
2016/04/25,1895,1935,1865,1933,108200,1933,1
2016/04/26,1930,1930,1750,1833,258700,1833,1
2016/04/27,1873,1898,1810,1867,240100,1867,1
2016/04/28,1889,1889,1756,1854,178600,1854,1
2016/05/02,1801,1910,1801,1886,176800,1886,1
2016/05/06,1866,1919,1860,1901,117300,1901,1
2016/05/09,1901,1946,1859,1930,155000,1930,1
2016/05/10,1948,2050,1900,1909,384700,1909,1
2016/05/11,1890,1910,1842,1905,195500,1905,1
2016/05/12,1875,1885,1817,1839,191200,1839,1
2016/05/13,1800,1805,1722,1781,190600,1781,1
2016/05/16,1702,1737,1597,1606,288200,1606,1
2016/05/17,1594,1701,1588,1689,148000,1689,1
2016/05/18,1650,1665,1520,1572,204900,1572,1
2016/05/19,1573,1600,1540,1574,155900,1574,1
2016/05/20,1571,1650,1560,1635,154100,1635,1
2016/05/23,1600,1641,1580,1598,157700,1598,1
2016/05/24,1595,1604,1549,1586,126200,1586,1
2016/05/25,1606,1620,1584,1596,112500,1596,1
2016/05/26,1621,1699,1592,1694,162200,1694,1
2016/05/27,1692,1692,1599,1603,178800,1603,1
2016/05/30,1600,1624,1555,1613,126200,1613,1
2016/05/31,1607,1665,1601,1655,130200,1655,1
2016/06/01,1655,1749,1644,1708,233700,1708,1
2016/06/02,1670,1687,1610,1621,153100,1621,1
2016/06/03,1625,1674,1625,1654,95300,1654,1
2016/06/06,1634,1678,1614,1635,74300,1635,1
2016/06/07,1649,1672,1632,1663,74700,1663,1
2016/06/08,1650,1698,1630,1687,100800,1687,1
2016/06/09,1700,1792,1700,1783,292200,1783,1
2016/06/10,1863,1869,1793,1829,407400,1829,1
2016/06/13,1789,1909,1764,1845,495400,1845,1
2016/06/14,1801,1848,1700,1761,314400,1761,1
2016/06/15,1735,1867,1734,1853,196200,1853,1
2016/06/16,1829,1844,1726,1746,241200,1746,1
2016/06/17,1801,1828,1730,1748,156700,1748,1
2016/06/20,1750,1860,1750,1840,145500,1840,1
2016/06/21,1849,1885,1780,1812,211600,1812,1
2016/06/22,1800,1800,1650,1684,251100,1684,1
2016/06/23,1684,1712,1657,1709,101800,1709,1
2016/06/24,1718,1748,1456,1616,234300,1616,1
2016/06/27,1604,1731,1600,1705,85800,1705,1
2016/06/28,1671,1819,1645,1795,175400,1795,1
2016/06/29,1850,1888,1780,1808,239700,1808,1
2016/06/30,1845,1868,1757,1775,119500,1775,1
2016/07/01,1830,1865,1798,1849,144600,1849,1
2016/07/04,1850,1923,1842,1905,251100,1905,1
2016/07/05,1891,1905,1850,1865,115100,1865,1
2016/07/06,1848,1867,1815,1862,79600,1862,1
2016/07/07,1840,1854,1784,1828,200500,1828,1
2016/07/08,1823,1847,1780,1812,134000,1812,1
2016/07/11,1830,1838,1727,1750,209500,1750,1
2016/07/12,1766,1819,1754,1792,111000,1792,1
2016/07/13,1800,1855,1770,1795,118900,1795,1
2016/07/14,1790,1848,1762,1783,100500,1783,1
2016/07/15,1776,1780,1671,1685,142500,1685,1
2016/07/19,1666,1699,1616,1640,134400,1640,1
2016/07/20,1638,1676,1616,1644,143700,1644,1
2016/07/21,1669,1684,1600,1663,97100,1663,1
2016/07/22,1643,1672,1640,1663,41400,1663,1
2016/07/25,1663,1715,1648,1703,94800,1703,1
2016/07/26,1703,1735,1665,1693,78500,1693,1
2016/07/27,1700,1713,1652,1665,69000,1665,1
2016/07/28,1659,1683,1588,1610,70800,1610,1
2016/07/29,1610,1656,1571,1652,67700,1652,1
2016/08/01,1692,1745,1668,1737,108800,1737,1
2016/08/02,1700,1709,1647,1647,100400,1647,1
2016/08/03,1650,1650,1606,1630,48500,1630,1
2016/08/04,1630,1647,1569,1575,81600,1575,1
2016/08/05,1544,1577,1475,1495,151600,1495,1
2016/08/08,1507,1530,1459,1480,71700,1480,1
2016/08/09,1450,1463,1403,1454,181300,1454,1
2016/08/10,1450,1537,1450,1524,86900,1524,1
2016/08/12,1506,1512,1475,1501,109300,1501,1
2016/08/15,1500,1520,1483,1505,41800,1505,1
2016/08/16,1485,1532,1483,1518,61800,1518,1
2016/08/17,1515,1516,1455,1462,77800,1462,1
2016/08/18,1462,1520,1459,1499,72400,1499,1
2016/08/19,1469,1489,1432,1486,85000,1486,1
2016/08/22,1495,1598,1486,1567,182000,1567,1
2016/08/23,1542,1621,1535,1616,122800,1616,1
2016/08/24,1600,1648,1580,1632,118300,1632,1
2016/08/25,1616,1625,1580,1604,47300,1604,1
2016/08/26,1610,1642,1564,1634,79500,1634,1
2016/08/29,1640,1653,1589,1617,77500,1617,1
2016/08/30,1627,1671,1606,1657,88600,1657,1
2016/08/31,1640,1698,1636,1694,70000,1694,1
2016/09/01,1660,1660,1568,1578,99500,1578,1
2016/09/02,1571,1626,1557,1622,60000,1622,1
2016/09/05,1622,1624,1573,1597,43700,1597,1
2016/09/06,1583,1618,1583,1605,53600,1605,1
2016/09/07,1606,1693,1606,1687,133200,1687,1
2016/09/08,1680,1736,1660,1722,115300,1722,1
2016/09/09,1715,1739,1688,1714,76100,1714,1
2016/09/12,1683,1710,1633,1647,54900,1647,1
2016/09/13,1617,1671,1595,1644,128200,1644,1
2016/09/14,1615,1641,1536,1553,126200,1553,1
2016/09/15,1545,1626,1537,1605,159800,1605,1
2016/09/16,1600,1600,1542,1554,98400,1554,1
2016/09/20,1555,1575,1541,1557,51000,1557,1
2016/09/21,1557,1618,1523,1617,95500,1617,1
2016/09/23,1617,1626,1583,1619,47000,1619,1
2016/09/26,1624,1624,1599,1600,34300,1600,1
2016/09/27,1573,1618,1560,1616,81400,1616,1
2016/09/28,1632,1649,1563,1586,105400,1586,1
2016/09/29,1586,1601,1562,1581,134200,1581,1
2016/09/30,1557,1577,1540,1546,80800,1546,1
2016/10/03,1560,1560,1536,1548,81900,1548,1
2016/10/04,1555,1556,1486,1515,139400,1515,1
2016/10/05,1510,1516,1485,1496,162000,1496,1
2016/10/06,1507,1507,1457,1486,160500,1486,1
2016/10/07,1487,1495,1450,1460,111000,1460,1
2016/10/11,1460,1472,1429,1435,104800,1435,1
2016/10/12,1429,1429,1390,1395,183700,1395,1
2016/10/13,1410,1428,1392,1416,166300,1416,1
2016/10/14,1424,1443,1405,1429,89800,1429,1
2016/10/17,1450,1517,1450,1514,159100,1514,1
2016/10/18,1514,1514,1475,1497,99700,1497,1
2016/10/19,1510,1521,1490,1495,73500,1495,1
2016/10/20,1495,1513,1486,1495,81700,1495,1
2016/10/21,1491,1491,1466,1481,82200,1481,1
2016/10/24,1461,1514,1461,1503,139000,1503,1
2016/10/25,1503,1547,1499,1538,131300,1538,1
2016/10/26,1538,1569,1536,1560,99300,1560,1
2016/10/27,1555,1570,1542,1562,79700,1562,1
2016/10/28,1570,1571,1518,1544,76600,1544,1
2016/10/31,1544,1550,1500,1501,63600,1501,1
2016/11/01,1506,1506,1474,1486,64400,1486,1
2016/11/02,1470,1472,1418,1429,122400,1429,1
2016/11/04,1410,1423,1401,1410,100300,1410,1
2016/11/07,1110,1128,1110,1110,359300,1110,1
2016/11/08,1102,1278,1080,1151,746000,1151,1
2016/11/09,1155,1273,1150,1221,374800,1221,1
2016/11/10,1250,1269,1223,1233,209600,1233,1
2016/11/11,1235,1258,1235,1249,74500,1249,1
2016/11/14,1235,1240,1178,1180,148600,1180,1
2016/11/15,1190,1192,1160,1176,119500,1176,1
2016/11/16,1181,1218,1180,1214,80000,1214,1
2016/11/17,1250,1356,1250,1302,298000,1302,1
2016/11/18,1344,1467,1344,1418,432200,1418,1
2016/11/21,1428,1467,1412,1467,136300,1467,1
2016/11/22,1467,1469,1396,1427,146900,1427,1
2016/11/24,1439,1450,1398,1431,117200,1431,1
2016/11/25,1400,1405,1358,1369,206200,1369,1
2016/11/28,1369,1403,1369,1370,116000,1370,1
2016/11/29,1370,1380,1339,1370,135700,1370,1
2016/11/30,1361,1367,1326,1326,123500,1326,1
2016/12/01,1334,1334,1287,1312,112600,1312,1
2016/12/02,1313,1327,1295,1309,149800,1309,1
2016/12/05,1327,1350,1279,1321,149000,1321,1
2016/12/06,1313,1345,1313,1325,96900,1325,1
2016/12/07,1314,1320,1270,1277,176200,1277,1
2016/12/08,1275,1275,1232,1239,173500,1239,1
2016/12/09,1230,1259,1224,1241,92700,1241,1
2016/12/12,1250,1288,1250,1285,78800,1285,1
2016/12/13,1287,1356,1284,1350,92700,1350,1
2016/12/14,1368,1368,1312,1354,105700,1354,1
2016/12/15,1360,1366,1340,1365,64800,1365,1
2016/12/16,1365,1367,1343,1357,48600,1357,1
2016/12/19,1360,1399,1360,1399,101500,1399,1
2016/12/20,1400,1407,1390,1399,63700,1399,1
2016/12/21,1392,1403,1373,1381,92500,1381,1
2016/12/22,1374,1391,1372,1389,60900,1389,1
2016/12/26,1380,1412,1367,1406,108500,1406,1
2016/12/27,1412,1426,1390,1413,173700,1413,1
2016/12/28,1378,1399,1362,1388,130800,1388,1
2016/12/29,1388,1429,1376,1378,97000,1378,1
2016/12/30,1371,1380,1350,1357,71100,1357,1
2017/01/04,1392,1412,1370,1398,103900,1398,1
2017/01/05,1405,1479,1394,1461,155800,1461,1
2017/01/06,1469,1520,1463,1511,176700,1511,1
2017/01/10,1520,1538,1484,1496,111500,1496,1
2017/01/11,1495,1495,1429,1432,86000,1432,1
2017/01/12,1430,1442,1391,1402,73800,1402,1
2017/01/13,1382,1422,1381,1398,69200,1398,1
2017/01/16,1400,1448,1400,1436,54500,1436,1
2017/01/17,1436,1443,1399,1399,34100,1399,1
2017/01/18,1400,1433,1400,1428,52700,1428,1
2017/01/19,1441,1458,1411,1415,59200,1415,1
2017/01/20,1434,1438,1406,1406,37000,1406,1
2017/01/23,1423,1431,1408,1414,30800,1414,1
2017/01/24,1414,1437,1400,1426,33500,1426,1
2017/01/25,1450,1467,1438,1445,55200,1445,1
2017/01/26,1447,1468,1419,1455,94000,1455,1
2017/01/27,1455,1460,1427,1441,43200,1441,1
2017/01/30,1441,1474,1439,1456,37400,1456,1
2017/01/31,1450,1470,1439,1453,51100,1453,1
2017/02/01,1444,1450,1421,1432,54600,1432,1
2017/02/02,1423,1491,1422,1460,96100,1460,1
2017/02/03,1471,1513,1471,1488,98500,1488,1
2017/02/06,1490,1516,1481,1505,68700,1505,1
2017/02/07,1500,1632,1430,1454,174900,1454,1
2017/02/08,1520,1520,1314,1380,529500,1380,1
2017/02/09,1393,1430,1362,1366,298400,1366,1
2017/02/10,1368,1378,1330,1368,168900,1368,1
2017/02/13,1375,1434,1367,1420,212200,1420,1
2017/02/14,1429,1429,1387,1393,89500,1393,1
2017/02/15,1393,1405,1385,1388,60700,1388,1
2017/02/16,1377,1381,1363,1369,73600,1369,1
2017/02/17,1370,1375,1360,1363,23100,1363,1
2017/02/20,1365,1477,1365,1471,164100,1471,1
2017/02/21,1464,1464,1422,1452,103200,1452,1
2017/02/22,1444,1507,1440,1492,186300,1492,1
2017/02/23,1500,1509,1477,1490,111700,1490,1
2017/02/24,1481,1494,1458,1474,77600,1474,1
2017/02/27,1466,1479,1445,1445,39700,1445,1
2017/02/28,1458,1470,1431,1445,55700,1445,1
2017/03/01,1445,1458,1416,1451,78200,1451,1
2017/03/02,1422,1454,1415,1428,72600,1428,1
2017/03/03,1436,1462,1423,1455,66100,1455,1
2017/03/06,1455,1462,1435,1462,30400,1462,1
2017/03/07,1462,1462,1431,1442,63500,1442,1
2017/03/08,1442,1444,1416,1425,53000,1425,1
2017/03/09,1425,1451,1418,1430,45800,1430,1
2017/03/10,1450,1465,1430,1462,79600,1462,1
2017/03/13,1457,1462,1420,1433,47600,1433,1
2017/03/14,1430,1450,1422,1440,29800,1440,1
2017/03/15,1430,1431,1390,1397,84300,1397,1
2017/03/16,1396,1398,1371,1381,89900,1381,1
2017/03/17,1372,1374,1345,1365,79700,1365,1
2017/03/21,1356,1414,1355,1414,67400,1414,1
2017/03/22,1413,1429,1393,1395,53400,1395,1
2017/03/23,1425,1428,1394,1418,73200,1418,1
2017/03/24,1411,1427,1408,1416,39300,1416,1
2017/03/27,1417,1430,1402,1422,48100,1422,1
2017/03/28,1425,1459,1425,1459,74900,1459,1
2017/03/29,1463,1479,1439,1446,64000,1446,1
2017/03/30,1440,1449,1399,1403,90600,1403,1
2017/03/31,1413,1424,1391,1391,64600,1391,1
2017/04/03,1400,1400,1368,1384,70300,1384,1
2017/04/04,1379,1385,1338,1350,101000,1350,1
2017/04/05,1351,1377,1326,1346,84300,1346,1
2017/04/06,1322,1323,1276,1299,180900,1299,1
2017/04/07,1306,1313,1252,1303,141800,1303,1
2017/04/10,1313,1356,1313,1352,84800,1352,1
2017/04/11,1365,1368,1308,1313,100800,1313,1
2017/04/12,1295,1313,1256,1269,105800,1269,1
2017/04/13,1250,1274,1215,1262,141100,1262,1
2017/04/14,1257,1257,1210,1215,125100,1215,1
2017/04/17,1210,1279,1210,1279,79000,1279,1
2017/04/18,1299,1307,1275,1295,83100,1295,1
2017/04/19,1279,1307,1247,1254,120300,1254,1
2017/04/20,1259,1267,1234,1252,85200,1252,1
2017/04/21,1255,1273,1250,1271,65700,1271,1
2017/04/24,1290,1291,1263,1263,37900,1263,1
2017/04/25,1270,1285,1260,1274,46900,1274,1
2017/04/26,1289,1307,1274,1298,94700,1298,1
2017/04/27,1312,1359,1293,1342,128700,1342,1
2017/04/28,1369,1375,1335,1337,112500,1337,1
2017/05/01,1352,1352,1310,1318,39500,1318,1
2017/05/02,1312,1323,1307,1313,43700,1313,1
2017/05/08,1341,1364,1330,1359,95800,1359,1
2017/05/09,1365,1365,1322,1337,115700,1337,1
2017/05/10,1360,1368,1331,1346,190300,1346,1
2017/05/11,1349,1361,1338,1351,69500,1351,1
2017/05/12,1353,1391,1347,1379,154500,1379,1
2017/05/15,1379,1394,1363,1384,57400,1384,1
2017/05/16,1384,1389,1361,1374,89200,1374,1
2017/05/17,1369,1470,1367,1461,334300,1461,1
2017/05/18,1401,1446,1401,1429,90100,1429,1
2017/05/19,1431,1442,1426,1430,60500,1430,1
2017/05/22,1440,1473,1427,1465,97800,1465,1
2017/05/23,1480,1520,1472,1492,182900,1492,1
2017/05/24,1488,1506,1471,1506,134400,1506,1
2017/05/25,1496,1500,1471,1471,64100,1471,1
2017/05/26,1476,1476,1425,1432,92700,1432,1
2017/05/29,1432,1435,1409,1409,37700,1409,1
2017/05/30,1409,1434,1390,1401,45900,1401,1
2017/05/31,1400,1433,1400,1424,72400,1424,1
2017/06/01,1424,1452,1415,1448,75700,1448,1
2017/06/02,1457,1461,1437,1453,63700,1453,1
2017/06/05,1455,1469,1447,1461,57800,1461,1
2017/06/06,1463,1463,1415,1417,68300,1417,1
2017/06/07,1416,1427,1388,1416,59900,1416,1
2017/06/08,1416,1437,1412,1419,50100,1419,1
2017/06/09,1421,1448,1404,1412,71300,1412,1
2017/06/12,1405,1408,1378,1387,78500,1387,1
2017/06/13,1388,1410,1385,1393,41300,1393,1
2017/06/14,1393,1393,1361,1386,105800,1386,1
2017/06/15,1379,1400,1354,1361,71500,1361,1
2017/06/16,1376,1388,1360,1386,37000,1386,1
2017/06/19,1398,1411,1393,1402,38800,1402,1
2017/06/20,1410,1413,1387,1394,38000,1394,1
2017/06/21,1401,1418,1385,1398,53400,1398,1
2017/06/22,1412,1412,1382,1400,42700,1400,1
2017/06/23,1402,1411,1390,1405,43700,1405,1
2017/06/26,1412,1425,1405,1409,44700,1409,1
2017/06/27,1419,1460,1417,1458,153200,1458,1
2017/06/28,1470,1470,1432,1438,93400,1438,1
2017/06/29,1438,1459,1419,1445,67400,1445,1
2017/06/30,1445,1462,1425,1448,82100,1448,1
2017/07/03,1465,1467,1430,1439,50000,1439,1
2017/07/04,1453,1456,1422,1430,70700,1430,1
2017/07/05,1426,1458,1426,1449,74100,1449,1
2017/07/06,1449,1464,1443,1460,60300,1460,1
2017/07/07,1460,1474,1446,1448,79400,1448,1
2017/07/10,1460,1486,1448,1480,86200,1480,1
2017/07/11,1498,1524,1485,1498,163300,1498,1
2017/07/12,1486,1515,1478,1506,62300,1506,1
2017/07/13,1517,1525,1483,1509,85200,1509,1
2017/07/14,1515,1566,1511,1523,166800,1523,1
2017/07/18,1516,1544,1467,1472,156100,1472,1
2017/07/19,1474,1514,1474,1494,107800,1494,1
2017/07/20,1495,1511,1485,1496,66700,1496,1
2017/07/21,1500,1505,1490,1496,48200,1496,1
2017/07/24,1492,1550,1492,1538,118400,1538,1
2017/07/25,1561,1578,1531,1565,172400,1565,1
2017/07/26,1565,1582,1548,1578,84900,1578,1
2017/07/27,1585,1603,1580,1592,92400,1592,1
2017/07/28,1573,1580,1530,1536,99200,1536,1
2017/07/31,1522,1542,1514,1519,44700,1519,1
2017/08/01,1559,1616,1539,1539,203800,1539,1
2017/08/02,1560,1610,1474,1480,349100,1480,1
2017/08/03,1488,1492,1377,1404,276100,1404,1
2017/08/04,1405,1409,1362,1376,191200,1376,1
2017/08/07,1390,1393,1351,1367,110900,1367,1
2017/08/08,1381,1407,1376,1398,114400,1398,1
2017/08/09,1322,1333,1260,1324,380700,1324,1
2017/08/10,1339,1339,1300,1319,148300,1319,1
2017/08/14,1300,1345,1295,1330,108700,1330,1
2017/08/15,1337,1342,1312,1334,105300,1334,1
2017/08/16,1325,1354,1308,1348,89200,1348,1
2017/08/17,1335,1346,1315,1345,109200,1345,1
2017/08/18,1326,1375,1316,1357,196000,1357,1
2017/08/21,1338,1355,1314,1321,185700,1321,1
2017/08/22,1317,1320,1287,1316,167300,1316,1
2017/08/23,1325,1325,1293,1309,149000,1309,1
2017/08/24,1300,1318,1291,1313,128400,1313,1
2017/08/25,1310,1327,1298,1315,98000,1315,1
2017/08/28,1320,1344,1316,1333,141400,1333,1
2017/08/29,1320,1344,1311,1322,127700,1322,1
2017/08/30,1328,1334,1297,1307,176500,1307,1
2017/08/31,1310,1310,1262,1268,305300,1268,1
2017/09/01,1280,1299,1271,1291,137000,1291,1
2017/09/04,1282,1287,1251,1259,187400,1259,1
2017/09/05,1259,1260,1203,1216,220600,1216,1
2017/09/06,1200,1230,1192,1204,229400,1204,1
2017/09/07,1223,1225,1200,1218,129200,1218,1
2017/09/08,1338,1518,1301,1518,3031300,1518,1
2017/09/11,1598,1649,1501,1516,2532100,1516,1
2017/09/12,1498,1620,1470,1598,1167600,1598,1
2017/09/13,1592,1723,1567,1635,1402000,1635,1
2017/09/14,1635,1655,1595,1626,377400,1626,1
2017/09/15,1607,1695,1605,1693,360800,1693,1
2017/09/19,1700,1700,1627,1645,352500,1645,1
2017/09/20,1640,1676,1602,1605,224600,1605,1
2017/09/21,1650,1685,1621,1630,232500,1630,1
2017/09/22,1630,1639,1590,1626,270300,1626,1
2017/09/25,1644,1660,1575,1648,387300,1648,1
2017/09/26,1660,1723,1628,1685,459800,1685,1
2017/09/27,1686,1719,1652,1672,318100,1672,1
2017/09/28,1685,1708,1661,1693,217000,1693,1
2017/09/29,1697,1793,1693,1774,696500,1774,1
2017/10/02,1799,1812,1753,1775,353200,1775,1
2017/10/03,1779,1869,1777,1830,543600,1830,1
2017/10/04,1831,1837,1773,1789,337000,1789,1
2017/10/05,1775,1777,1728,1736,248400,1736,1
2017/10/06,1710,1772,1710,1740,181100,1740,1
2017/10/10,1735,1753,1710,1733,159700,1733,1
2017/10/11,1733,1783,1731,1761,155300,1761,1
2017/10/12,1780,1851,1777,1843,351500,1843,1
2017/10/13,1849,1935,1835,1935,734200,1935,1
2017/10/16,1930,1947,1906,1942,307600,1942,1
2017/10/17,1925,1946,1925,1938,204700,1938,1
2017/10/18,1938,1959,1922,1931,242400,1931,1
2017/10/19,1960,2079,1952,2066,738300,2066,1
2017/10/20,2049,2085,2026,2076,526300,2076,1
2017/10/23,2100,2107,2006,2043,577800,2043,1
2017/10/24,2050,2128,2041,2111,605300,2111,1
2017/10/25,2108,2118,2051,2072,403900,2072,1
2017/10/26,2071,2100,2032,2064,297300,2064,1
2017/10/27,2083,2148,2081,2116,329600,2116,1
2017/10/30,2111,2135,2070,2127,354300,2127,1
2017/10/31,2110,2130,2083,2098,230400,2098,1
2017/11/01,2118,2160,2090,2116,292300,2116,1
2017/11/02,2081,2087,1961,1981,472200,1981,1
2017/11/06,1975,2048,1937,1937,251200,1937,1
2017/11/07,1937,1980,1931,1932,156900,1932,1
2017/11/08,1918,1927,1856,1919,414400,1919,1
2017/11/09,1601,1696,1548,1601,1652900,1601,1
2017/11/10,1545,1550,1473,1538,994900,1538,1
2017/11/13,1548,1556,1477,1508,507600,1508,1
2017/11/14,1540,1542,1465,1497,616100,1497,1
2017/11/15,1486,1510,1437,1450,443600,1450,1
2017/11/16,1442,1467,1414,1461,260600,1461,1
2017/11/17,1468,1495,1468,1473,188300,1473,1
2017/11/20,1451,1465,1436,1459,173500,1459,1
2017/11/21,1475,1492,1447,1474,193700,1474,1
2017/11/22,1469,1489,1448,1482,296900,1482,1
2017/11/24,1465,1467,1428,1464,258700,1464,1
2017/11/27,1471,1500,1450,1470,258000,1470,1
2017/11/28,1463,1474,1426,1439,337100,1439,1
2017/11/29,1458,1465,1440,1456,216400,1456,1
2017/11/30,1456,1488,1448,1480,212900,1480,1
2017/12/01,1475,1487,1460,1477,136900,1477,1
2017/12/04,1487,1508,1469,1469,180300,1469,1
2017/12/05,1460,1466,1433,1439,207200,1439,1
2017/12/06,1439,1468,1433,1440,167500,1440,1
2017/12/07,1443,1475,1443,1452,172300,1452,1
2017/12/08,1443,1465,1438,1459,212700,1459,1
2017/12/11,1463,1491,1463,1478,143800,1478,1
2017/12/12,1480,1525,1480,1494,207100,1494,1
2017/12/13,1502,1540,1494,1527,258400,1527,1
2017/12/14,1540,1591,1536,1541,314000,1541,1
2017/12/15,1560,1630,1558,1602,455500,1602,1
2017/12/18,1610,1625,1593,1600,243500,1600,1
2017/12/19,1602,1614,1546,1606,348100,1606,1
2017/12/20,1611,1617,1565,1572,169300,1572,1
2017/12/21,1571,1580,1544,1574,140500,1574,1
2017/12/22,1574,1620,1567,1590,150500,1590,1
2017/12/25,1595,1600,1556,1557,161900,1557,1
2017/12/26,1557,1569,1530,1535,326100,1535,1
2017/12/27,1508,1558,1504,1551,228200,1551,1
2017/12/28,1559,1567,1529,1546,115500,1546,1
2017/12/29,1537,1568,1533,1536,72600,1536,1
2018/01/04,1550,1559,1525,1531,112300,1531,1
2018/01/05,1523,1525,1485,1503,229700,1503,1
2018/01/09,1491,1525,1457,1513,218900,1513,1
2018/01/10,1502,1578,1502,1549,195000,1549,1
2018/01/11,1560,1574,1542,1558,84600,1558,1
2018/01/12,1570,1599,1565,1569,151000,1569,1
2018/01/15,1586,1609,1559,1566,131900,1566,1
2018/01/16,1569,1570,1536,1561,116400,1561,1
2018/01/17,1560,1565,1537,1560,100400,1560,1
2018/01/18,1560,1577,1547,1548,92100,1548,1
2018/01/19,1570,1610,1567,1581,136100,1581,1
2018/01/22,1601,1649,1596,1638,242700,1638,1
2018/01/23,1640,1645,1613,1629,143600,1629,1
2018/01/24,1642,1664,1616,1641,176800,1641,1
2018/01/25,1641,1659,1608,1611,169000,1611,1
2018/01/26,1641,1694,1638,1653,301300,1653,1
2018/01/29,1660,1690,1588,1599,203800,1599,1
2018/01/30,1595,1609,1531,1552,164300,1552,1
2018/01/31,1566,1589,1523,1529,211900,1529,1
2018/02/01,1537,1572,1521,1568,137400,1568,1
2018/02/02,1557,1584,1536,1574,91200,1574,1
2018/02/05,1552,1600,1544,1572,210200,1572,1
2018/02/06,1512,1545,1460,1528,372900,1528,1
2018/02/07,1577,1599,1530,1531,215200,1531,1
2018/02/08,1651,1837,1597,1806,1077000,1806,1
2018/02/09,1726,1868,1725,1867,713900,1867,1
2018/02/13,1869,1942,1802,1894,465600,1894,1
2018/02/14,1894,1954,1833,1902,455400,1902,1
2018/02/15,1905,1953,1868,1931,242000,1931,1
2018/02/16,1925,2044,1903,2020,525500,2020,1
2018/02/19,2042,2135,2033,2101,571400,2101,1
2018/02/20,2125,2259,2116,2205,582800,2205,1
2018/02/21,2193,2193,2060,2104,612000,2104,1
2018/02/22,2110,2151,2087,2132,348400,2132,1
2018/02/23,2140,2158,2067,2097,226100,2097,1
2018/02/26,2093,2098,2006,2016,337400,2016,1
2018/02/27,2000,2002,1893,1907,565400,1907,1
2018/02/28,1917,1934,1889,1902,281200,1902,1
2018/03/01,1899,1900,1848,1855,268700,1855,1
2018/03/02,1823,1886,1805,1862,278800,1862,1
2018/03/05,1862,1879,1796,1808,303900,1808,1
2018/03/06,1816,1886,1811,1871,366700,1871,1
2018/03/07,1851,1912,1822,1903,441100,1903,1
2018/03/08,1929,1938,1865,1910,287400,1910,1
2018/03/09,1900,2009,1888,1997,405400,1997,1
2018/03/12,2005,2027,1830,1849,1010500,1849,1
2018/03/13,1840,1931,1799,1930,377300,1930,1
2018/03/14,1929,2099,1922,2099,576700,2099,1
2018/03/15,2080,2113,1991,2002,395600,2002,1
2018/03/16,1993,2008,1896,1905,286900,1905,1
2018/03/19,1886,1886,1793,1869,351700,1869,1
2018/03/20,1859,1898,1823,1847,175200,1847,1
2018/03/22,1843,1862,1813,1855,122000,1855,1
2018/03/23,1804,1828,1771,1819,210800,1819,1
2018/03/26,1801,1860,1779,1855,137300,1855,1
2018/03/27,1865,1915,1857,1898,188200,1898,1
2018/03/28,1880,1962,1852,1960,142100,1960,1
2018/03/29,1971,1973,1886,1942,171300,1942,1
2018/03/30,1960,2012,1935,1995,173800,1995,1
2018/04/02,2000,2010,1920,1928,111000,1928,1
2018/04/03,1918,1985,1878,1964,131300,1964,1
2018/04/04,1981,2004,1914,1925,89000,1925,1
2018/04/05,1927,1961,1904,1926,74800,1926,1
2018/04/06,1926,1930,1886,1889,101000,1889,1
2018/04/09,1873,1902,1803,1894,159700,1894,1
2018/04/10,1885,1890,1851,1878,72200,1878,1
2018/04/11,1879,1881,1795,1808,228600,1808,1
2018/04/12,1809,1883,1809,1866,102600,1866,1
2018/04/13,1874,1874,1817,1826,97200,1826,1
2018/04/16,1826,1858,1810,1823,91300,1823,1
2018/04/17,1811,1855,1806,1845,99400,1845,1
2018/04/18,1870,2025,1868,1924,369100,1924,1
2018/04/19,1914,1948,1877,1913,86500,1913,1
2018/04/20,1896,2006,1881,1958,158700,1958,1
2018/04/23,1979,2007,1948,1956,75500,1956,1
2018/04/24,1962,2022,1962,1997,105000,1997,1
2018/04/25,1996,2075,1996,2061,172000,2061,1
2018/04/26,2070,2085,2046,2062,153800,2062,1
2018/04/27,2051,2083,2033,2061,99800,2061,1
2018/05/01,2060,2076,2012,2066,82200,2066,1
2018/05/02,2066,2124,2049,2108,157900,2108,1
2018/05/07,2136,2223,2092,2187,286200,2187,1
2018/05/08,2186,2233,2113,2197,236700,2197,1
2018/05/09,2189,2189,2098,2100,197400,2100,1
2018/05/10,1910,1912,1763,1774,713100,1774,1
2018/05/11,1765,1788,1740,1755,229900,1755,1
2018/05/14,1752,1778,1728,1763,128300,1763,1
2018/05/15,1777,1789,1757,1763,106400,1763,1
2018/05/16,1754,1774,1732,1744,95200,1744,1
2018/05/17,1744,1756,1724,1750,147400,1750,1
2018/05/18,1730,1766,1706,1722,230300,1722,1
2018/05/21,1703,1709,1664,1686,263000,1686,1
2018/05/22,1687,1693,1659,1667,215000,1667,1
2018/05/23,1669,1697,1664,1674,114100,1674,1
2018/05/24,1680,1704,1670,1695,147700,1695,1
2018/05/25,1685,1687,1656,1656,134500,1656,1
2018/05/28,1666,1703,1658,1665,102100,1665,1
2018/05/29,1663,1668,1608,1613,168300,1613,1
2018/05/30,1600,1654,1589,1618,114100,1618,1
2018/05/31,1623,1661,1612,1646,101300,1646,1
2018/06/01,1646,1663,1628,1642,78100,1642,1
2018/06/04,1646,1684,1638,1656,108100,1656,1
2018/06/05,1651,1685,1631,1641,123100,1641,1
2018/06/06,1641,1644,1615,1633,65600,1633,1
2018/06/07,1645,1673,1640,1662,79500,1662,1
2018/06/08,1657,1675,1643,1675,68700,1675,1
2018/06/11,1687,1687,1638,1673,82400,1673,1
2018/06/12,1680,1717,1673,1711,116800,1711,1
2018/06/13,1711,1744,1711,1719,96400,1719,1
2018/06/14,1721,1743,1707,1709,87100,1709,1
2018/06/15,1709,1714,1689,1700,50200,1700,1
2018/06/18,1714,1722,1665,1702,65200,1702,1
2018/06/19,1704,1704,1636,1679,102000,1679,1
2018/06/20,1682,1712,1676,1707,112700,1707,1
2018/06/21,1709,1718,1673,1700,64900,1700,1
2018/06/22,1700,1735,1682,1721,97300,1721,1
2018/06/25,1721,1747,1682,1692,76800,1692,1
2018/06/26,1700,1722,1686,1702,64500,1702,1
2018/06/27,1698,1747,1698,1712,67700,1712,1
2018/06/28,1700,1736,1695,1719,97000,1719,1
2018/06/29,1714,1801,1714,1748,201000,1748,1
2018/07/02,1750,1796,1745,1768,154900,1768,1
2018/07/03,1764,1766,1656,1662,180400,1662,1
2018/07/04,1653,1653,1557,1581,156300,1581,1
2018/07/05,1552,1593,1518,1522,102500,1522,1
2018/07/06,1522,1539,1511,1532,64800,1532,1
2018/07/09,1558,1591,1539,1569,106700,1569,1
2018/07/10,1600,1616,1576,1589,94600,1589,1
2018/07/11,1600,1627,1597,1607,62300,1607,1
2018/07/12,1636,1636,1574,1577,94700,1577,1
2018/07/13,1600,1622,1589,1615,64100,1615,1
2018/07/17,1628,1634,1601,1629,57200,1629,1
2018/07/18,1635,1672,1634,1669,47200,1669,1
2018/07/19,1669,1676,1630,1645,37700,1645,1
2018/07/20,1645,1672,1630,1660,49300,1660,1
2018/07/23,1670,1747,1670,1688,141100,1688,1
2018/07/24,1693,1709,1651,1709,92000,1709,1
2018/07/25,1709,1709,1655,1666,72100,1666,1
2018/07/26,1693,1725,1662,1719,115500,1719,1
2018/07/27,1724,1775,1724,1763,106900,1763,1
2018/07/30,1745,1745,1690,1694,158800,1694,1
2018/07/31,1687,1706,1667,1697,80700,1697,1
2018/08/01,1700,1714,1672,1681,67400,1681,1
2018/08/02,1694,1745,1691,1725,99400,1725,1
2018/08/03,1731,1768,1695,1696,67500,1696,1
2018/08/06,1712,1720,1671,1680,64600,1680,1
2018/08/07,1660,1661,1582,1608,127700,1608,1
2018/08/08,1613,1704,1612,1689,114900,1689,1
2018/08/09,1710,1878,1708,1825,590100,1825,1
2018/08/10,1809,1829,1691,1693,229500,1693,1
2018/08/13,1683,1740,1615,1647,176800,1647,1
2018/08/14,1652,1660,1574,1614,171800,1614,1
