2012/12/20,265.0,274.5,259.0,259.0,1124700,259,2.0
2012/12/21,260.0,264.0,259.0,259.0,136400,259,2.0
2012/12/25,264.0,264.0,254.5,256.0,142400,256,2.0
2012/12/26,260.0,261.5,258.0,260.5,56700,260.5,2.0
2012/12/27,261.5,261.5,257.0,258.0,40500,258,2.0
2012/12/28,258.0,259.0,257.5,259.0,53900,259,2.0
2013/01/04,261.0,270.0,260.0,268.0,76200,268,2.0
2013/01/07,268.0,268.0,262.5,264.5,40000,264.5,2.0
2013/01/08,263.5,283.0,263.5,267.5,110200,267.5,2.0
2013/01/09,271.5,271.5,265.5,269.0,29100,269,2.0
2013/01/10,270.0,270.0,260.5,265.0,41700,265,2.0
2013/01/11,263.5,267.5,262.0,267.0,66500,267,2.0
2013/01/15,270.0,271.5,266.5,266.5,31700,266.5,2.0
2013/01/16,267.5,270.0,265.5,268.5,27600,268.5,2.0
2013/01/17,266.0,268.5,264.0,266.0,19300,266,2.0
2013/01/18,268.5,268.5,264.5,266.0,21100,266,2.0
2013/01/21,268.0,270.0,266.5,270.0,43700,270,2.0
2013/01/22,271.5,273.5,268.5,273.5,57800,273.5,2.0
2013/01/23,273.5,274.0,270.0,272.0,36700,272,2.0
2013/01/24,272.5,274.0,270.0,272.0,26200,272,2.0
2013/01/25,272.0,273.5,270.0,272.5,27800,272.5,2.0
2013/01/28,273.5,282.0,273.5,279.5,82600,279.5,2.0
2013/01/29,279.5,282.5,273.5,273.5,60300,273.5,2.0
2013/01/30,274.0,277.0,271.0,274.0,30600,274,2.0
2013/01/31,274.0,275.5,271.5,275.0,12600,275,2.0
2013/02/01,275.0,275.0,270.0,272.5,31300,272.5,2.0
2013/02/04,274.0,278.0,272.0,274.0,40000,274,2.0
2013/02/05,273.5,276.0,272.5,273.0,26200,273,2.0
2013/02/06,274.0,277.5,270.5,276.0,57400,276,2.0
2013/02/07,276.5,276.5,268.5,270.5,47500,270.5,2.0
2013/02/08,270.0,270.0,260.5,262.5,62500,262.5,2.0
2013/02/12,265.5,267.5,262.5,265.5,36600,265.5,2.0
2013/02/13,263.5,264.0,249.5,253.0,79500,253,2.0
2013/02/14,253.0,262.5,253.0,259.5,25000,259.5,2.0
2013/02/15,259.5,259.5,250.0,254.5,28700,254.5,2.0
2013/02/18,254.5,255.5,252.0,254.0,10000,254,2.0
2013/02/19,256.5,259.0,250.5,255.5,20700,255.5,2.0
2013/02/20,260.5,262.5,258.0,259.0,22100,259,2.0
2013/02/21,257.5,262.0,255.5,259.0,22400,259,2.0
2013/02/22,260.0,262.5,258.0,260.0,11700,260,2.0
2013/02/25,267.5,268.5,262.0,265.5,36200,265.5,2.0
2013/02/26,265.0,267.0,262.5,264.5,19800,264.5,2.0
2013/02/27,267.0,268.0,263.0,263.0,14300,263,2.0
2013/02/28,263.5,265.5,262.5,264.5,14800,264.5,2.0
2013/03/01,265.0,265.0,262.5,264.5,20600,264.5,2.0
2013/03/04,265.0,267.0,265.0,265.5,30200,265.5,2.0
2013/03/05,267.5,269.0,267.0,268.5,24500,268.5,2.0
2013/03/06,268.5,269.0,265.0,268.0,37000,268,2.0
2013/03/07,268.0,272.5,266.0,268.0,42400,268,2.0
2013/03/08,269.5,269.5,265.0,266.5,46600,266.5,2.0
2013/03/11,268.0,270.5,266.5,268.5,32300,268.5,2.0
2013/03/12,270.0,270.0,267.0,267.5,16900,267.5,2.0
2013/03/13,268.0,270.0,266.0,270.0,17000,270,2.0
2013/03/14,271.0,271.0,267.5,268.0,23200,268,2.0
2013/03/15,270.0,272.5,268.0,269.0,60000,269,2.0
2013/03/18,273.5,281.5,273.0,275.0,78900,275,2.0
2013/03/19,280.0,280.0,276.0,280.0,28500,280,2.0
2013/03/21,280.0,283.5,278.5,283.0,55300,283,2.0
2013/03/22,283.0,286.0,281.5,283.5,60800,283.5,2.0
2013/03/25,286.5,287.5,283.5,286.5,87200,286.5,2.0
2013/03/26,285.0,286.5,278.0,281.5,68500,281.5,2.0
2013/03/27,266.5,275.0,265.0,271.5,38500,271.5,2.0
2013/03/28,270.0,270.0,265.5,269.5,21600,269.5,2.0
2013/03/29,267.0,267.5,262.5,267.0,24600,267,2.0
2013/04/01,266.0,266.0,251.5,258.0,47000,258,2.0
2013/04/02,254.0,259.0,250.0,258.0,22600,258,2.0
2013/04/03,258.0,258.0,254.0,257.5,8300,257.5,2.0
2013/04/04,256.0,256.0,251.5,256.0,9800,256,2.0
2013/04/05,255.0,264.0,254.0,262.5,60600,262.5,2.0
2013/04/08,263.5,267.0,263.0,266.0,18100,266,2.0
2013/04/09,269.5,269.5,265.0,268.0,19500,268,2.0
2013/04/10,269.5,270.5,265.5,269.0,21500,269,2.0
2013/04/11,270.0,271.5,266.5,268.0,22000,268,2.0
2013/04/12,268.5,269.0,266.0,266.5,9300,266.5,2.0
2013/04/15,266.5,267.0,264.5,266.0,20000,266,2.0
2013/04/16,264.5,264.5,262.5,264.0,12000,264,2.0
2013/04/17,264.5,266.5,264.0,266.0,11300,266,2.0
2013/04/18,266.5,267.5,263.0,266.5,14400,266.5,2.0
2013/04/19,266.0,266.0,264.0,265.0,9200,265,2.0
2013/04/22,266.0,273.0,266.0,269.0,38500,269,2.0
2013/04/23,269.0,272.0,266.5,272.0,21400,272,2.0
2013/04/24,273.5,274.5,270.0,272.5,30100,272.5,2.0
2013/04/25,275.0,275.0,270.0,270.5,27600,270.5,2.0
2013/04/26,272.5,272.5,268.0,269.0,20600,269,2.0
2013/04/30,270.0,275.5,268.5,272.0,41300,272,2.0
2013/05/01,262.0,262.5,255.5,259.0,91000,259,2.0
2013/05/02,257.5,260.5,256.5,260.0,23700,260,2.0
2013/05/07,260.0,261.5,258.5,260.0,37700,260,2.0
2013/05/08,260.0,262.5,260.0,262.5,22200,262.5,2.0
2013/05/09,262.0,265.0,260.5,261.5,32500,261.5,2.0
2013/05/10,264.5,265.5,261.5,263.0,27000,263,2.0
2013/05/13,265.5,272.5,264.5,268.5,59200,268.5,2.0
2013/05/14,267.5,271.5,262.0,263.5,57400,263.5,2.0
2013/05/15,263.0,263.0,257.0,257.5,82300,257.5,2.0
2013/05/16,257.5,260.0,252.5,255.0,30700,255,2.0
2013/05/17,257.5,260.5,255.0,260.0,17900,260,2.0
2013/05/20,262.5,262.5,257.5,260.0,25200,260,2.0
2013/05/21,261.0,263.0,258.5,261.0,27900,261,2.0
2013/05/22,260.5,262.5,259.5,261.0,21800,261,2.0
2013/05/23,261.0,262.5,254.5,254.5,29400,254.5,2.0
2013/05/24,255.0,257.0,254.0,255.0,20900,255,2.0
2013/05/27,252.0,255.0,250.5,254.0,22700,254,2.0
2013/05/28,250.5,255.0,250.5,251.5,4300,251.5,2.0
2013/05/29,254.5,258.0,254.5,257.5,2700,257.5,2.0
2013/05/30,252.5,255.0,250.0,250.0,23600,250,2.0
2013/05/31,251.0,252.5,245.0,248.5,31100,248.5,2.0
2013/06/03,247.5,247.5,244.0,245.0,18700,245,2.0
2013/06/04,243.5,247.0,241.0,247.0,13500,247,2.0
2013/06/05,249.5,252.5,247.0,248.0,12400,248,2.0
2013/06/06,245.5,250.0,241.5,245.0,14100,245,2.0
2013/06/07,240.5,242.0,230.0,236.5,26800,236.5,2.0
2013/06/10,238.0,245.0,238.0,242.0,2900,242,2.0
2013/06/11,234.0,237.5,232.5,234.0,49000,234,2.0
2013/06/12,232.0,233.5,230.5,232.5,10400,232.5,2.0
2013/06/13,234.5,234.5,227.0,227.0,9500,227,2.0
2013/06/14,232.5,232.5,229.5,230.5,5500,230.5,2.0
2013/06/17,227.0,232.0,225.0,232.0,8500,232,2.0
2013/06/18,234.0,240.0,232.5,237.0,3100,237,2.0
2013/06/19,235.0,239.5,235.0,238.0,8700,238,2.0
2013/06/20,238.5,238.5,232.5,233.0,18700,233,2.0
2013/06/21,232.0,233.0,228.5,232.5,6700,232.5,2.0
2013/06/24,233.5,233.5,230.0,231.5,4700,231.5,2.0
2013/06/25,235.5,235.5,229.0,229.0,7200,229,2.0
2013/06/26,228.0,228.5,225.0,225.5,8300,225.5,2.0
2013/06/27,226.0,227.5,225.0,227.5,3600,227.5,2.0
2013/06/28,229.5,232.0,228.0,230.5,3100,230.5,2.0
2013/07/01,238.5,238.5,234.0,236.0,8200,236,2.0
2013/07/02,233.5,236.0,233.5,236.0,6300,236,2.0
2013/07/03,233.0,237.0,233.0,237.0,11500,237,2.0
2013/07/04,236.0,237.0,233.5,237.0,6200,237,2.0
2013/07/05,239.0,242.5,238.0,242.5,13900,242.5,2.0
2013/07/08,245.5,245.5,240.0,242.5,9200,242.5,2.0
2013/07/09,242.5,242.5,236.0,238.0,6500,238,2.0
2013/07/10,239.5,240.0,237.0,237.0,6500,237,2.0
2013/07/11,236.5,236.5,234.5,234.5,5900,234.5,2.0
2013/07/12,237.5,240.5,235.5,240.5,4200,240.5,2.0
2013/07/16,240.5,241.5,237.0,241.0,3000,241,2.0
2013/07/17,238.5,241.5,237.0,240.5,7800,240.5,2.0
2013/07/18,240.5,240.5,235.0,236.5,13400,236.5,2.0
2013/07/19,236.0,238.5,234.5,237.0,12200,237,2.0
2013/07/22,237.0,237.0,233.5,233.5,10800,233.5,2.0
2013/07/23,234.5,235.5,232.5,233.0,7100,233,2.0
2013/07/24,233.5,235.5,232.0,234.5,4700,234.5,2.0
2013/07/25,249.0,249.0,242.5,247.0,48300,247,2.0
2013/07/26,246.0,246.0,241.0,242.5,4300,242.5,2.0
2013/07/29,237.0,240.0,235.5,240.0,5900,240,2.0
2013/07/30,240.5,243.5,237.5,243.5,2500,243.5,2.0
2013/07/31,243.0,243.0,240.0,240.0,800,240,2.0
2013/08/01,239.0,239.5,239.0,239.5,400,239.5,2.0
2013/08/02,237.5,241.5,237.5,241.5,6600,241.5,2.0
2013/08/05,241.5,241.5,237.5,238.5,2800,238.5,2.0
2013/08/06,238.5,244.5,237.0,244.0,8900,244,2.0
2013/08/07,242.5,242.5,237.5,238.5,1400,238.5,2.0
2013/08/08,240.0,241.5,238.0,241.5,5200,241.5,2.0
2013/08/09,239.5,239.5,235.0,235.0,6300,235,2.0
2013/08/12,240.0,253.0,234.0,238.5,31300,238.5,2.0
2013/08/13,238.0,244.0,237.0,242.0,7400,242,2.0
2013/08/14,242.0,247.5,239.0,243.0,3400,243,2.0
2013/08/15,241.5,242.0,239.0,239.0,2400,239,2.0
2013/08/16,238.0,239.5,236.5,237.0,4900,237,2.0
2013/08/19,237.5,240.0,237.0,237.0,2500,237,2.0
2013/08/20,237.0,237.5,235.5,236.0,3000,236,2.0
2013/08/21,235.5,236.0,234.0,235.0,4500,235,2.0
2013/08/22,232.5,235.0,230.0,232.5,4500,232.5,2.0
2013/08/23,239.5,239.5,232.5,232.5,8800,232.5,2.0
2013/08/26,233.5,234.5,232.5,233.5,900,233.5,2.0
2013/08/27,232.5,235.0,231.5,235.0,3700,235,2.0
2013/08/28,231.0,231.0,230.0,230.5,5600,230.5,2.0
2013/08/29,232.5,232.5,229.0,229.0,11200,229,2.0
2013/08/30,232.0,232.0,229.0,229.0,2600,229,2.0
2013/09/02,230.0,232.5,229.5,229.5,2300,229.5,2.0
2013/09/03,229.5,230.5,229.5,230.0,4400,230,2.0
2013/09/04,232.5,232.5,231.0,232.0,700,232,2.0
2013/09/05,232.5,232.5,230.0,232.0,2500,232,2.0
2013/09/06,231.0,232.0,230.0,230.0,1600,230,2.0
2013/09/09,233.0,233.0,231.0,232.5,4000,232.5,2.0
2013/09/10,232.5,234.0,231.0,231.5,3800,231.5,2.0
2013/09/11,232.5,240.0,232.5,239.0,35100,239,2.0
2013/09/12,235.0,240.0,235.0,237.5,7100,237.5,2.0
2013/09/13,237.0,239.0,235.0,237.5,6000,237.5,2.0
2013/09/17,238.0,250.0,238.0,246.0,34000,246,2.0
2013/09/18,250.0,252.5,247.5,249.5,29900,249.5,2.0
2013/09/19,249.5,250.0,246.5,249.5,10300,249.5,2.0
2013/09/20,249.5,251.5,248.0,251.0,6400,251,2.0
2013/09/24,251.0,255.0,248.5,255.0,25000,255,2.0
2013/09/25,256.5,256.5,250.0,250.5,20900,250.5,2.0
2013/09/26,245.0,252.0,245.0,252.0,4100,252,2.0
2013/09/27,252.0,252.5,250.5,252.5,2400,252.5,2.0
2013/09/30,252.5,252.5,245.0,249.0,14500,249,2.0
2013/10/01,247.5,250.0,247.5,249.0,1100,249,2.0
2013/10/02,250.5,250.5,247.5,249.0,6000,249,2.0
2013/10/03,247.5,247.5,245.0,245.0,3500,245,2.0
2013/10/04,244.5,245.0,242.5,244.0,6800,244,2.0
2013/10/07,244.0,245.0,240.5,242.5,7500,242.5,2.0
2013/10/08,240.0,244.5,240.0,243.5,3700,243.5,2.0
2013/10/09,243.5,247.5,240.5,247.5,3900,247.5,2.0
2013/10/10,247.5,248.0,245.0,247.5,2800,247.5,2.0
2013/10/11,247.5,249.5,247.5,249.5,2400,249.5,2.0
2013/10/15,251.5,251.5,249.5,251.0,7500,251,2.0
2013/10/16,251.5,251.5,247.5,247.5,4400,247.5,2.0
2013/10/17,248.5,251.0,248.0,248.0,1000,248,2.0
2013/10/18,250.0,250.0,249.5,249.5,700,249.5,2.0
2013/10/21,251.0,251.0,250.5,251.0,3500,251,2.0
2013/10/22,252.5,256.0,252.5,255.0,12200,255,2.0
2013/10/23,255.5,259.5,251.0,254.0,19200,254,2.0
2013/10/24,257.0,257.0,252.5,256.5,6800,256.5,2.0
2013/10/25,259.5,279.5,255.5,275.0,137800,275,2.0
2013/10/28,277.0,289.0,275.5,283.5,144800,283.5,2.0
2013/10/29,285.5,285.5,275.5,277.5,17900,277.5,2.0
2013/10/30,276.5,279.5,275.0,276.0,24800,276,2.0
2013/10/31,276.5,281.0,275.0,277.0,23000,277,2.0
2013/11/01,277.0,277.0,266.0,274.5,24900,274.5,2.0
2013/11/05,273.5,273.5,263.5,272.5,10600,272.5,2.0
2013/11/06,267.5,272.0,265.5,271.5,7300,271.5,2.0
2013/11/07,270.0,272.0,269.5,270.0,7400,270,2.0
2013/11/08,270.0,272.0,266.5,267.0,12100,267,2.0
2013/11/11,272.0,275.5,268.5,269.5,26000,269.5,2.0
2013/11/12,274.5,275.0,270.0,274.0,29700,274,2.0
2013/11/13,276.0,291.0,276.0,281.5,86100,281.5,2.0
2013/11/14,284.0,285.0,270.0,279.0,56700,279,2.0
2013/11/15,283.5,283.5,277.5,278.0,20400,278,2.0
2013/11/18,276.5,280.0,275.0,280.0,17100,280,2.0
2013/11/19,282.5,283.5,278.5,279.0,17000,279,2.0
2013/11/20,280.0,280.0,276.5,276.5,6200,276.5,2.0
2013/11/21,280.5,312.5,280.5,307.0,223600,307,2.0
2013/11/22,324.0,340.0,308.5,328.5,342300,328.5,2.0
2013/11/25,343.5,344.5,330.0,334.5,153000,334.5,2.0
2013/11/26,333.0,366.5,333.0,359.5,261400,359.5,2.0
2013/11/27,350.0,358.0,346.5,351.5,117900,351.5,2.0
2013/11/28,350.0,375.0,350.0,357.0,174700,357,2.0
2013/11/29,350.0,380.0,350.0,360.0,113300,360,2.0
2013/12/02,364.5,400.0,364.5,393.5,128500,393.5,2.0
2013/12/03,392.5,395.0,380.0,380.5,92100,380.5,2.0
2013/12/04,380.5,380.5,370.5,375.5,72800,375.5,2.0
2013/12/05,390.0,393.5,389.5,391.0,67900,391,2.0
2013/12/06,390.5,397.5,388.5,397.5,66000,397.5,2.0
2013/12/09,400.5,414.0,375.0,390.0,135100,390,2.0
2013/12/10,396.0,396.5,385.0,395.0,35100,395,2.0
2013/12/11,391.5,391.5,378.0,387.5,36000,387.5,2.0
2013/12/12,380.0,380.0,369.0,374.0,33100,374,2.0
2013/12/13,381.5,382.5,367.5,375.0,27600,375,2.0
2013/12/16,376.0,376.0,348.5,353.0,57800,353,2.0
2013/12/17,357.0,367.0,356.5,364.5,29400,364.5,2.0
2013/12/18,360.0,365.0,359.5,361.5,6100,361.5,2.0
2013/12/19,361.5,364.0,353.5,359.5,20600,359.5,2.0
2013/12/20,354.5,361.5,354.5,356.5,90900,356.5,2.0
2013/12/24,356.5,367.5,355.0,366.0,82000,366,2.0
2013/12/25,370.5,384.0,370.0,382.5,95100,382.5,2.0
2013/12/26,390.0,405.0,390.0,400.0,59100,400,2.0
2013/12/27,400.5,410.0,384.0,390.5,45800,390.5,2.0
2013/12/30,390.5,399.0,390.5,392.5,17500,392.5,2.0
2014/01/06,394.5,400.0,394.5,395.0,41500,395,2.0
2014/01/07,400.0,435.0,400.0,417.0,60500,417,2.0
2014/01/08,440.0,448.0,432.5,444.5,70300,444.5,2.0
2014/01/09,447.5,447.5,440.0,441.0,24600,441,2.0
2014/01/10,440.0,477.5,435.5,470.0,50800,470,2.0
2014/01/14,450.5,470.0,448.5,458.0,39100,458,2.0
2014/01/15,475.0,486.5,463.0,474.0,35100,474,2.0
2014/01/16,487.0,535.0,487.0,514.0,130300,514,2.0
2014/01/17,525.0,664.0,525.0,572.5,657600,572.5,2.0
2014/01/20,624.0,700.0,600.0,650.0,379000,650,2.0
2014/01/21,650.0,650.0,577.5,603.5,181100,603.5,2.0
2014/01/22,583.5,584.5,549.5,567.5,97900,567.5,2.0
2014/01/23,564.5,610.0,562.5,583.5,99500,583.5,2.0
2014/01/24,550.0,575.0,544.0,568.5,78000,568.5,2.0
2014/01/27,523.5,565.0,520.5,521.0,60000,521,2.0
2014/01/28,539.0,571.0,535.0,560.5,44500,560.5,2.0
2014/01/29,587.5,587.5,553.0,560.5,31400,560.5,2.0
2014/01/30,542.0,557.5,522.5,557.5,24200,557.5,2.0
2014/01/31,557.5,557.5,525.0,536.5,25600,536.5,2.0
2014/02/03,507.5,519.0,435.0,457.0,79100,457,2.0
2014/02/04,397.0,423.5,390.0,402.5,126600,402.5,2.0
2014/02/05,417.5,420.5,375.0,402.5,82200,402.5,2.0
2014/02/06,402.5,461.0,402.5,453.0,59900,453,2.0
2014/02/07,475.5,517.5,475.0,509.0,79900,509,2.0
2014/02/10,559.5,559.5,516.5,525.5,65000,525.5,2.0
2014/02/12,562.5,582.5,536.0,568.0,118200,568,2.0
2014/02/13,561.5,567.5,538.0,550.0,43100,550,2.0
2014/02/14,550.0,574.5,503.0,536.0,47700,536,2.0
2014/02/17,541.5,575.0,540.0,572.5,54000,572.5,2.0
2014/02/18,562.5,586.5,562.5,577.5,42000,577.5,2.0
2014/02/19,573.5,576.0,543.0,550.0,27800,550,2.0
2014/02/20,540.0,540.0,515.5,525.0,24700,525,2.0
2014/02/21,524.0,547.0,524.0,534.5,21100,534.5,2.0
2014/02/24,564.5,579.5,545.0,559.5,67000,559.5,2.0
2014/02/25,563.5,568.5,550.0,550.0,38900,550,2.0
2014/02/26,531.5,563.0,529.0,559.0,29700,559,2.0
2014/02/27,566.0,566.5,550.0,556.0,17900,556,2.0
2014/02/28,556.0,565.0,543.0,545.5,20500,545.5,2.0
2014/03/03,540.0,551.5,516.5,535.5,25800,535.5,2.0
2014/03/04,535.5,555.0,535.5,543.0,14400,543,2.0
2014/03/05,540.5,556.5,540.5,550.0,18300,550,2.0
2014/03/06,556.5,558.5,550.0,551.0,8400,551,2.0
2014/03/07,536.0,537.5,532.5,535.0,49500,535,2.0
2014/03/10,535.5,538.5,529.5,536.0,51500,536,2.0
2014/03/11,529.0,529.0,516.0,518.5,76000,518.5,2.0
2014/03/12,506.0,511.0,497.5,500.0,58100,500,2.0
2014/03/13,495.0,510.0,493.0,495.0,25100,495,2.0
2014/03/14,480.0,492.5,474.5,485.0,100000,485,2.0
2014/03/17,480.0,487.5,472.5,474.0,51500,474,2.0
2014/03/18,477.5,479.5,471.0,471.0,32400,471,2.0
2014/03/19,475.0,514.5,475.0,493.5,104300,493.5,2.0
2014/03/20,505.0,523.5,493.5,523.0,124200,523,2.0
2014/03/24,523.5,523.5,485.0,498.5,46800,498.5,2.0
2014/03/25,512.5,512.5,481.0,489.5,21300,489.5,2.0
2014/03/26,488.0,489.5,471.5,471.5,27000,471.5,2.0
2014/03/27,471.5,472.5,443.5,454.0,68500,454,2.0
2014/03/28,454.0,500.5,447.0,489.5,73900,489.5,2.0
2014/03/31,497.0,497.0,476.5,489.0,26900,489,2.0
2014/04/01,485.0,485.0,469.5,473.5,50200,473.5,2.0
2014/04/02,474.0,480.5,469.0,472.0,34000,472,2.0
2014/04/03,487.0,487.5,471.0,471.0,24600,471,2.0
2014/04/04,471.0,476.0,463.5,463.5,19100,463.5,2.0
2014/04/07,454.0,461.5,445.0,453.5,47800,453.5,2.0
2014/04/08,450.5,468.5,445.0,462.0,63500,462,2.0
2014/04/09,462.0,462.0,451.0,451.0,33300,451,2.0
2014/04/10,465.0,480.0,460.0,477.5,63800,477.5,2.0
2014/04/11,475.0,485.0,460.0,473.5,68100,473.5,2.0
2014/04/14,462.5,488.5,460.0,486.0,48500,486,2.0
2014/04/15,481.0,487.5,467.5,467.5,20500,467.5,2.0
2014/04/16,475.0,477.0,466.0,469.0,14600,469,2.0
2014/04/17,468.5,471.5,460.0,466.5,25300,466.5,2.0
2014/04/18,466.5,480.0,466.5,478.5,20800,478.5,2.0
2014/04/21,478.5,484.0,469.0,470.0,10600,470,2.0
2014/04/22,471.0,472.5,453.5,456.0,25800,456,2.0
2014/04/23,457.0,467.0,452.5,454.5,15700,454.5,2.0
2014/04/24,462.0,462.0,436.5,440.0,49500,440,2.0
2014/04/25,440.0,440.0,427.5,435.5,60400,435.5,2.0
2014/04/28,435.5,474.5,433.0,468.0,244800,468,2.0
2014/04/30,465.0,474.5,456.5,468.0,65800,468,2.0
2014/05/01,477.0,490.0,468.5,489.5,70500,489.5,2.0
2014/05/02,482.0,489.0,479.0,489.0,20800,489,2.0
2014/05/07,480.0,480.5,466.0,474.0,12900,474,2.0
2014/05/08,472.0,480.5,462.5,473.0,22800,473,2.0
2014/05/09,484.0,484.5,468.0,475.0,45100,475,2.0
2014/05/12,467.5,475.0,465.5,465.5,16300,465.5,2.0
2014/05/13,472.5,475.0,468.5,472.5,26400,472.5,2.0
2014/05/14,475.0,479.5,468.0,479.5,24500,479.5,2.0
2014/05/15,472.5,477.5,469.0,474.0,19000,474,2.0
2014/05/16,466.5,469.0,458.0,464.0,25100,464,2.0
2014/05/19,461.0,468.5,455.5,458.5,11900,458.5,2.0
2014/05/20,456.5,457.0,446.0,448.0,16800,448,2.0
2014/05/21,439.5,441.5,420.0,427.0,40800,427,2.0
2014/05/22,425.5,437.5,414.0,420.5,49800,420.5,2.0
2014/05/23,434.5,455.5,428.5,453.0,54200,453,2.0
2014/05/26,453.5,459.5,444.5,455.0,31600,455,2.0
2014/05/27,454.0,454.0,442.5,444.5,21400,444.5,2.0
2014/05/28,442.5,447.5,442.5,443.5,10700,443.5,2.0
2014/05/29,442.0,447.5,441.5,447.0,20900,447,2.0
2014/05/30,447.5,459.5,443.0,449.5,21500,449.5,2.0
2014/06/02,446.0,467.5,446.0,457.5,29900,457.5,2.0
2014/06/03,458.0,465.0,457.5,462.0,24400,462,2.0
2014/06/04,465.0,465.5,461.5,464.5,18000,464.5,2.0
2014/06/05,465.0,465.0,454.0,458.0,18000,458,2.0
2014/06/06,457.0,461.5,453.0,461.5,25200,461.5,2.0
2014/06/09,461.5,474.0,460.5,468.5,52200,468.5,2.0
2014/06/10,469.0,476.5,468.5,470.5,33000,470.5,2.0
2014/06/11,472.5,482.5,468.5,478.5,36100,478.5,2.0
2014/06/12,481.0,482.5,468.5,478.5,16300,478.5,2.0
2014/06/13,483.5,492.5,471.0,491.0,48700,491,2.0
2014/06/16,496.0,517.5,496.0,508.5,59500,508.5,2.0
2014/06/17,505.0,510.0,497.5,498.5,39600,498.5,2.0
2014/06/18,499.0,517.0,495.0,514.0,39200,514,2.0
2014/06/19,517.0,520.5,506.0,513.0,31200,513,2.0
2014/06/20,511.5,511.5,500.0,504.5,23800,504.5,2.0
2014/06/23,505.0,510.5,500.0,501.5,15300,501.5,2.0
2014/06/24,501.0,510.0,491.5,506.0,23400,506,2.0
2014/06/25,500.0,505.0,495.0,497.0,14800,497,2.0
2014/06/26,497.5,507.0,492.5,503.0,17600,503,2.0
2014/06/27,505.0,505.5,492.5,496.5,18100,496.5,2.0
2014/06/30,494.5,508.5,477.5,506.5,27600,506.5,2.0
2014/07/01,500.0,510.0,498.5,505.0,31200,505,2.0
2014/07/02,504.5,515.0,504.5,508.0,38800,508,2.0
2014/07/03,506.0,509.5,500.0,502.0,23400,502,2.0
2014/07/04,502.5,512.0,500.0,509.5,21700,509.5,2.0
2014/07/07,505.0,509.5,500.5,507.5,18200,507.5,2.0
2014/07/08,507.5,507.5,500.5,505.5,15100,505.5,2.0
2014/07/09,496.0,503.5,494.5,498.0,20300,498,2.0
2014/07/10,509.0,509.0,490.0,491.5,25100,491.5,2.0
2014/07/11,488.0,500.0,484.0,492.0,29400,492,2.0
2014/07/14,489.5,494.5,486.0,494.0,8500,494,2.0
2014/07/15,494.5,495.0,489.5,493.0,9900,493,2.0
2014/07/16,493.0,498.0,488.0,489.0,10900,489,2.0
2014/07/17,489.0,494.5,488.5,488.5,4900,488.5,2.0
2014/07/18,481.0,494.0,479.0,491.5,25900,491.5,2.0
2014/07/22,485.0,496.5,485.0,493.0,8700,493,2.0
2014/07/23,492.5,499.5,492.5,495.5,11700,495.5,2.0
2014/07/24,499.5,505.0,496.5,503.5,19800,503.5,2.0
2014/07/25,502.5,502.5,495.0,496.5,17200,496.5,2.0
2014/07/28,501.5,504.0,496.5,504.0,7900,504,2.0
2014/07/29,505.0,506.5,498.5,500.5,19800,500.5,2.0
2014/07/30,499.0,501.5,496.0,499.5,17200,499.5,2.0
2014/07/31,499.5,502.0,495.5,497.0,15800,497,2.0
2014/08/01,492.5,500.0,492.0,493.0,13900,493,2.0
2014/08/04,492.5,500.0,490.5,494.5,19200,494.5,2.0
2014/08/05,492.0,497.5,488.5,492.0,14700,492,2.0
2014/08/06,494.5,494.5,481.0,484.5,12200,484.5,2.0
2014/08/07,484.5,494.0,480.0,491.0,15100,491,2.0
2014/08/08,493.0,527.0,470.5,519.5,113300,519.5,2.0
2014/08/11,550.0,564.5,534.0,537.5,249600,537.5,2.0
2014/08/12,535.0,547.5,531.0,536.0,77700,536,2.0
2014/08/13,535.0,545.5,532.0,543.0,63500,543,2.0
2014/08/14,545.5,546.5,538.0,542.0,41700,542,2.0
2014/08/15,538.0,545.0,537.5,543.0,42400,543,2.0
2014/08/18,545.0,548.5,539.0,547.5,58700,547.5,2.0
2014/08/19,547.5,550.0,541.0,543.5,44600,543.5,2.0
2014/08/20,543.5,573.0,543.5,565.0,155100,565,2.0
2014/08/21,574.0,576.0,566.5,567.5,83600,567.5,2.0
2014/08/22,574.5,574.5,555.5,559.5,46200,559.5,2.0
2014/08/25,564.0,566.5,552.5,561.5,48100,561.5,2.0
2014/08/26,568.5,575.0,555.0,572.5,72500,572.5,2.0
2014/08/27,577.5,589.0,564.0,571.5,67300,571.5,2.0
2014/08/28,578.5,619.5,573.0,603.5,180000,603.5,2.0
2014/08/29,601.5,614.5,579.0,602.0,105600,602,2.0
2014/09/01,615.0,644.5,614.0,636.5,117300,636.5,2.0
2014/09/02,640.0,650.0,604.0,639.0,110100,639,2.0
2014/09/03,639.0,671.5,637.0,667.0,128500,667,2.0
2014/09/04,669.0,670.0,645.0,648.5,65800,648.5,2.0
2014/09/05,647.0,651.0,615.0,639.5,70600,639.5,2.0
2014/09/08,640.0,663.0,640.0,650.0,63900,650,2.0
2014/09/09,650.0,656.5,644.0,644.5,19900,644.5,2.0
2014/09/10,644.0,653.5,626.0,641.0,56400,641,2.0
2014/09/11,650.0,655.0,645.5,653.5,54800,653.5,2.0
2014/09/12,654.0,665.0,652.0,656.5,52700,656.5,2.0
2014/09/16,655.5,661.5,642.0,660.5,43300,660.5,2.0
2014/09/17,661.5,694.0,642.0,652.5,110900,652.5,2.0
2014/09/18,655.0,661.5,647.5,653.0,48500,653,2.0
2014/09/19,653.5,665.5,650.5,658.0,41900,658,2.0
2014/09/22,666.5,735.0,666.5,710.0,252000,710,2.0
2014/09/24,710.0,722.0,690.5,719.0,106100,719,2.0
2014/09/25,740.0,764.0,731.5,750.0,182800,750,2.0
2014/09/26,725.0,784.5,725.0,762.0,125500,762,2.0
2014/09/29,790.0,825.0,785.0,796.0,171400,796,2.0
2014/09/30,792.5,810.0,767.0,804.0,102600,804,2.0
2014/10/01,814.0,815.0,780.0,782.5,75800,782.5,2.0
2014/10/02,745.0,761.5,725.0,743.0,77700,743,2.0
2014/10/03,750.0,764.0,745.0,753.0,40900,753,2.0
2014/10/06,771.0,793.0,770.5,782.0,56600,782,2.0
2014/10/07,793.0,794.5,752.0,754.0,53200,754,2.0
2014/10/08,740.0,751.5,727.5,747.0,57700,747,2.0
2014/10/09,744.0,755.5,718.0,723.0,49700,723,2.0
2014/10/10,678.0,706.5,676.5,695.5,88000,695.5,2.0
2014/10/14,672.5,695.0,650.0,689.0,75700,689,2.0
2014/10/15,704.0,713.0,679.5,708.5,46400,708.5,2.0
2014/10/16,686.5,717.0,680.0,696.5,42700,696.5,2.0
2014/10/17,721.5,747.0,721.5,731.0,66000,731,2.0
2014/10/20,749.0,799.5,749.0,794.0,111200,794,2.0
2014/10/21,794.0,821.5,775.0,787.0,84900,787,2.0
2014/10/22,811.5,816.5,770.5,776.5,67500,776.5,2.0
2014/10/23,768.5,776.0,745.0,760.0,45900,760,2.0
2014/10/24,773.5,775.0,752.5,761.0,24700,761,2.0
2014/10/27,781.0,781.0,745.0,747.5,33600,747.5,2.0
2014/10/28,750.0,750.0,723.0,729.5,43000,729.5,2.0
2014/10/29,739.5,743.0,730.5,734.0,24200,734,2.0
2014/10/30,734.0,759.0,734.0,755.0,78600,755,2.0
2014/10/31,754.5,765.0,735.5,749.5,70500,749.5,2.0
2014/11/04,779.0,779.0,762.0,765.0,65000,765,2.0
2014/11/05,757.5,765.0,750.0,763.0,27500,763,2.0
2014/11/06,774.5,775.0,750.5,754.5,41000,754.5,2.0
2014/11/07,766.5,774.5,735.0,753.0,64400,753,2.0
2014/11/10,746.0,761.5,724.0,760.0,56000,760,2.0
2014/11/11,765.0,765.0,733.0,738.0,52900,738,2.0
2014/11/12,740.0,740.0,705.0,708.5,89600,708.5,2.0
2014/11/13,702.5,714.5,690.0,711.0,51600,711,2.0
2014/11/14,710.0,710.0,699.0,703.0,26400,703,2.0
2014/11/17,701.5,706.5,690.5,704.5,41300,704.5,2.0
2014/11/18,705.0,745.0,702.5,736.0,59700,736,2.0
2014/11/19,737.5,755.0,737.5,744.5,39300,744.5,2.0
2014/11/20,749.5,752.5,744.5,747.5,19900,747.5,2.0
2014/11/21,752.0,752.0,734.5,741.5,21700,741.5,2.0
2014/11/25,753.5,753.5,743.5,745.0,17800,745,2.0
2014/11/26,753.0,756.0,742.0,751.5,28700,751.5,2.0
2014/11/27,755.0,755.0,740.5,740.5,24300,740.5,2.0
2014/11/28,740.5,741.5,731.0,734.5,21800,734.5,2.0
2014/12/01,745.0,745.0,726.0,729.0,30200,729,2.0
2014/12/02,728.0,730.5,722.5,722.5,24200,722.5,2.0
2014/12/03,722.0,732.5,722.0,730.0,15500,730,2.0
2014/12/04,724.5,727.0,714.5,724.5,32700,724.5,2.0
2014/12/05,716.0,728.5,716.0,727.0,13000,727,2.0
2014/12/08,735.0,735.0,721.0,727.5,28700,727.5,2.0
2014/12/09,726.0,726.5,690.0,708.0,29300,708,2.0
2014/12/10,717.5,717.5,690.5,698.5,21500,698.5,2.0
2014/12/11,690.5,701.0,687.0,697.0,23000,697,2.0
2014/12/12,695.5,712.5,693.0,701.0,30700,701,2.0
2014/12/15,715.5,720.5,700.0,712.0,36200,712,2.0
2014/12/16,705.0,707.0,686.0,686.5,27000,686.5,2.0
2014/12/17,680.0,692.5,676.0,680.5,16700,680.5,2.0
2014/12/18,705.0,705.0,690.5,695.5,21000,695.5,2.0
2014/12/19,707.5,718.5,701.5,715.0,44800,715,2.0
2014/12/22,723.0,723.0,700.0,708.5,29600,708.5,2.0
2014/12/24,722.0,732.5,715.5,722.0,37100,722,2.0
2014/12/25,724.5,729.5,710.0,717.5,25200,717.5,2.0
2014/12/26,732.5,737.5,727.0,728.0,27800,728,2.0
2014/12/29,749.0,749.5,737.0,743.5,26500,743.5,2.0
2014/12/30,750.0,750.0,739.0,741.0,21800,741,2.0
2015/01/05,745.0,746.5,736.0,737.5,22000,737.5,2.0
2015/01/06,725.0,730.5,707.0,707.5,23700,707.5,2.0
2015/01/07,701.0,709.0,697.5,701.0,29400,701,2.0
2015/01/08,704.5,709.5,697.5,704.0,13300,704,2.0
2015/01/09,715.0,715.0,688.0,693.5,21300,693.5,2.0
2015/01/13,680.5,689.5,678.0,685.0,31000,685,2.0
2015/01/14,685.0,695.0,681.5,690.5,18000,690.5,2.0
2015/01/15,696.5,705.0,690.0,701.0,15800,701,2.0
2015/01/16,701.0,701.0,683.5,686.5,14200,686.5,2.0
2015/01/19,690.5,695.0,685.0,691.0,16600,691,2.0
2015/01/20,691.0,704.5,691.0,703.0,15700,703,2.0
2015/01/21,701.5,719.5,699.0,703.0,15600,703,2.0
2015/01/22,718.0,718.0,696.0,704.0,21000,704,2.0
2015/01/23,718.0,718.0,705.0,711.5,8500,711.5,2.0
2015/01/26,711.0,711.5,705.5,711.5,5700,711.5,2.0
2015/01/27,716.5,719.0,712.0,718.5,14200,718.5,2.0
2015/01/28,718.5,724.5,715.0,724.5,10400,724.5,2.0
2015/01/29,721.5,721.5,710.0,713.5,10800,713.5,2.0
2015/01/30,719.5,719.5,706.0,712.5,18900,712.5,2.0
2015/02/02,711.0,711.5,705.0,706.5,16100,706.5,2.0
2015/02/03,706.5,708.0,690.0,690.0,24700,690,2.0
2015/02/04,688.5,718.0,686.0,718.0,38000,718,2.0
2015/02/05,719.0,719.5,714.0,715.5,14300,715.5,2.0
2015/02/06,725.0,748.0,721.5,723.5,68200,723.5,2.0
2015/02/09,746.5,746.5,732.5,736.5,31500,736.5,2.0
2015/02/10,737.5,737.5,717.5,723.5,19700,723.5,2.0
2015/02/12,728.0,728.5,713.0,716.0,17400,716,2.0
2015/02/13,720.0,720.0,695.0,702.0,32500,702,2.0
2015/02/16,707.5,712.0,707.0,711.0,18800,711,2.0
2015/02/17,711.0,711.5,700.5,708.5,23500,708.5,2.0
2015/02/18,712.0,712.0,702.5,704.5,22900,704.5,2.0
2015/02/19,706.5,708.5,697.5,707.5,32300,707.5,2.0
2015/02/20,710.0,714.0,708.0,711.0,21300,711,2.0
2015/02/23,690.5,699.5,687.5,693.5,84400,693.5,2.0
2015/02/24,695.5,702.0,695.0,698.5,31900,698.5,2.0
2015/02/25,705.0,705.0,699.0,700.0,24500,700,2.0
2015/02/26,700.0,702.0,691.0,696.5,18400,696.5,2.0
2015/02/27,694.5,695.0,690.0,693.0,26800,693,2.0
2015/03/02,695.0,698.0,694.0,696.0,12900,696,2.0
2015/03/03,695.5,698.5,688.5,690.5,19700,690.5,2.0
2015/03/04,681.5,687.5,671.5,674.5,73200,674.5,2.0
2015/03/05,673.5,678.0,672.5,674.5,28000,674.5,2.0
2015/03/06,674.5,674.5,670.0,673.5,52300,673.5,2.0
2015/03/09,670.0,672.5,668.5,671.5,40600,671.5,2.0
2015/03/10,671.0,673.5,667.5,667.5,58300,667.5,2.0
2015/03/11,652.5,665.0,651.0,661.0,98100,661,2.0
2015/03/12,665.0,673.0,661.5,667.5,47900,667.5,2.0
2015/03/13,672.5,672.5,663.5,664.5,53000,664.5,2.0
2015/03/16,664.5,669.5,659.5,660.0,51000,660,2.0
2015/03/17,658.5,661.5,655.0,658.5,54300,658.5,2.0
2015/03/18,659.0,661.5,658.5,661.5,24800,661.5,2.0
2015/03/19,662.5,662.5,656.0,659.5,30100,659.5,2.0
2015/03/20,655.0,662.5,655.0,661.5,42800,661.5,2.0
2015/03/23,661.5,661.5,652.0,654.5,84200,654.5,2.0
2015/03/24,652.0,657.5,652.0,654.0,32000,654,2.0
2015/03/25,660.0,660.0,654.5,657.5,25300,657.5,2.0
2015/03/26,651.0,656.5,647.5,655.0,39300,655,2.0
2015/03/27,650.5,654.0,635.5,640.0,63000,640,2.0
2015/03/30,636.0,642.0,630.0,640.5,37600,640.5,2.0
2015/03/31,647.5,659.5,644.5,647.5,39600,647.5,2.0
2015/04/01,650.0,650.0,640.0,645.0,49600,645,2.0
2015/04/02,640.5,645.0,638.0,644.5,29000,644.5,2.0
2015/04/03,644.5,647.5,633.0,645.0,50500,645,2.0
2015/04/06,645.0,645.0,631.0,642.0,47600,642,2.0
2015/04/07,643.0,656.0,643.0,654.0,51000,654,2.0
2015/04/08,656.0,673.0,650.5,664.5,99000,664.5,2.0
2015/04/09,665.0,670.0,655.5,666.5,50200,666.5,2.0
2015/04/10,670.0,670.0,656.0,661.0,36500,661,2.0
2015/04/13,660.0,661.0,655.5,658.0,24200,658,2.0
2015/04/14,660.5,662.0,656.0,659.5,17200,659.5,2.0
2015/04/15,664.5,664.5,653.5,658.0,32000,658,2.0
2015/04/16,654.0,664.0,652.5,663.0,29100,663,2.0
2015/04/17,653.5,662.5,652.5,658.0,36700,658,2.0
2015/04/20,643.0,652.0,640.0,650.0,38700,650,2.0
2015/04/21,650.0,655.0,645.0,647.5,16300,647.5,2.0
2015/04/22,645.5,650.0,639.0,641.0,54800,641,2.0
2015/04/23,641.5,646.5,639.5,641.5,26700,641.5,2.0
2015/04/24,648.0,648.0,637.5,639.0,29900,639,2.0
2015/04/27,641.5,647.0,641.0,642.0,17800,642,2.0
2015/04/28,646.5,646.5,637.0,642.5,118400,642.5,2.0
2015/04/30,642.5,644.5,635.0,639.0,33300,639,2.0
2015/05/01,635.0,639.0,630.5,639.0,37400,639,2.0
2015/05/07,635.5,648.5,631.5,646.0,44600,646,2.0
2015/05/08,652.5,657.5,629.0,637.0,67800,637,2.0
2015/05/11,644.0,644.0,631.0,637.0,52600,637,2.0
2015/05/12,632.5,652.0,632.5,650.5,42900,650.5,2.0
2015/05/13,644.5,652.0,641.5,648.0,32200,648,2.0
2015/05/14,645.0,651.5,644.0,644.0,32600,644,2.0
2015/05/15,639.5,647.5,636.5,637.5,29900,637.5,2.0
2015/05/18,637.5,641.5,635.0,637.0,32000,637,2.0
2015/05/19,636.5,642.5,635.0,637.0,34400,637,2.0
2015/05/20,640.0,641.0,635.0,635.0,35700,635,2.0
2015/05/21,650.0,664.5,640.0,655.0,113800,655,2.0
2015/05/22,657.0,657.0,646.0,652.5,35600,652.5,2.0
2015/05/25,655.0,657.0,647.0,651.5,30100,651.5,2.0
2015/05/26,655.0,659.0,651.5,655.0,39700,655,2.0
2015/05/27,659.5,664.0,655.5,657.0,45000,657,2.0
2015/05/28,660.0,662.5,656.5,658.5,32200,658.5,2.0
2015/05/29,662.0,664.5,657.5,661.0,54100,661,2.0
2015/06/01,665.5,670.0,659.0,664.0,72200,664,2.0
2015/06/02,660.5,661.0,656.0,657.5,39600,657.5,2.0
2015/06/03,655.5,655.5,650.0,650.0,40600,650,2.0
2015/06/04,651.0,665.0,651.0,655.5,38100,655.5,2.0
2015/06/05,652.5,656.0,638.5,646.5,47100,646.5,2.0
2015/06/08,650.0,654.5,647.5,653.5,17600,653.5,2.0
2015/06/09,656.5,656.5,641.5,642.5,33700,642.5,2.0
2015/06/10,642.5,643.5,639.0,640.0,23400,640,2.0
2015/06/11,637.5,642.0,637.5,641.5,21500,641.5,2.0
2015/06/12,645.5,646.0,639.0,644.5,25000,644.5,2.0
2015/06/15,640.5,643.0,640.5,641.5,15200,641.5,2.0
2015/06/16,642.5,644.5,636.0,637.5,30600,637.5,2.0
2015/06/17,637.5,647.5,637.0,644.5,48800,644.5,2.0
2015/06/18,645.0,645.0,636.5,638.0,20100,638,2.0
2015/06/19,646.0,646.0,638.5,641.0,25700,641,2.0
2015/06/22,637.5,641.5,635.5,641.5,32100,641.5,2.0
2015/06/23,641.0,645.0,638.5,642.5,22500,642.5,2.0
2015/06/24,643.0,648.5,638.0,641.5,41200,641.5,2.0
2015/06/25,640.0,641.0,634.0,637.5,36400,637.5,2.0
2015/06/26,636.0,638.5,632.0,632.0,33600,632,2.0
2015/06/29,634.5,670.0,615.0,655.5,212600,655.5,2.0
2015/06/30,664.0,672.5,650.0,657.5,124000,657.5,2.0
2015/07/01,671.0,675.0,666.5,673.5,126200,673.5,2.0
2015/07/02,678.0,683.5,662.5,665.0,137800,665,2.0
2015/07/03,668.5,668.5,651.0,654.5,49000,654.5,2.0
2015/07/06,650.0,651.0,637.5,639.0,45400,639,2.0
2015/07/07,637.0,649.5,637.0,639.0,23700,639,2.0
2015/07/08,639.0,639.0,611.0,611.0,82900,611,2.0
2015/07/09,575.0,599.5,562.5,594.5,91600,594.5,2.0
2015/07/10,585.0,597.5,582.0,584.5,35000,584.5,2.0
2015/07/13,587.0,599.0,585.5,591.0,31700,591,2.0
2015/07/14,598.5,611.5,598.0,606.5,40600,606.5,2.0
2015/07/15,610.0,612.5,599.0,609.0,25300,609,2.0
2015/07/16,613.5,613.5,598.5,606.5,34400,606.5,2.0
2015/07/17,609.0,609.0,593.0,599.0,38100,599,2.0
2015/07/21,601.5,622.0,597.5,613.5,43000,613.5,2.0
2015/07/22,606.0,606.5,596.0,598.5,29900,598.5,2.0
2015/07/23,600.0,600.0,593.0,596.5,21300,596.5,2.0
2015/07/24,605.5,605.5,587.0,590.0,37300,590,2.0
2015/07/27,580.0,580.5,562.0,565.5,71500,565.5,2.0
2015/07/28,560.0,566.5,555.5,562.5,38000,562.5,2.0
2015/07/29,560.0,562.5,546.0,548.0,59300,548,2.0
2015/07/30,543.5,555.0,543.0,552.5,48100,552.5,2.0
2015/07/31,551.0,559.5,547.5,559.0,25700,559,2.0
2015/08/03,575.0,577.0,568.5,573.5,38400,573.5,2.0
2015/08/04,568.5,572.0,564.5,569.5,25000,569.5,2.0
2015/08/05,565.0,570.0,560.5,569.0,30800,569,2.0
2015/08/06,580.0,580.0,566.5,573.5,24300,573.5,2.0
2015/08/07,573.0,588.5,568.0,568.5,51100,568.5,2.0
2015/08/10,568.0,577.0,545.0,569.0,70400,569,2.0
2015/08/11,576.5,577.0,566.0,568.5,37500,568.5,2.0
2015/08/12,568.0,568.0,547.5,552.5,43300,552.5,2.0
2015/08/13,548.5,555.5,548.0,553.0,25800,553,2.0
2015/08/14,553.5,556.0,551.0,554.5,13900,554.5,2.0
2015/08/17,558.0,563.5,553.0,558.0,13800,558,2.0
2015/08/18,564.5,568.0,561.0,567.0,22600,567,2.0
2015/08/19,566.0,574.0,549.5,553.0,29100,553,2.0
2015/08/20,548.0,549.0,535.0,535.5,46700,535.5,2.0
2015/08/21,511.5,518.0,507.5,507.5,70000,507.5,2.0
2015/08/24,479.0,494.5,463.0,463.5,61400,463.5,2.0
2015/08/25,430.5,463.5,420.5,434.5,69100,434.5,2.0
2015/08/26,457.0,457.0,435.5,446.5,54300,446.5,2.0
2015/08/27,459.0,468.5,455.5,456.0,26800,456,2.0
2015/08/28,456.0,480.0,456.0,478.5,33000,478.5,2.0
2015/08/31,483.0,489.0,472.0,476.5,46900,476.5,2.0
2015/09/01,476.0,476.5,456.5,457.5,33500,457.5,2.0
2015/09/02,440.0,462.0,440.0,442.0,31800,442,2.0
2015/09/03,449.5,452.5,442.0,444.5,25000,444.5,2.0
2015/09/04,444.5,449.0,425.0,437.5,47700,437.5,2.0
2015/09/07,432.5,433.5,420.0,430.5,30700,430.5,2.0
2015/09/08,437.0,443.5,425.0,426.5,21700,426.5,2.0
2015/09/09,440.5,445.0,436.5,444.5,22700,444.5,2.0
2015/09/10,440.0,442.5,430.5,439.0,21100,439,2.0
2015/09/11,436.0,448.0,436.0,445.5,35200,445.5,2.0
2015/09/14,448.0,454.0,438.5,439.0,21000,439,2.0
2015/09/15,444.0,452.5,439.5,440.5,27000,440.5,2.0
2015/09/16,442.5,449.5,440.0,441.5,27800,441.5,2.0
2015/09/17,445.0,445.5,440.0,442.5,29700,442.5,2.0
2015/09/18,442.5,442.5,434.5,441.0,34600,441,2.0
2015/09/24,439.5,439.5,429.0,429.5,40000,429.5,2.0
2015/09/25,428.0,432.5,426.0,432.5,41900,432.5,2.0
2015/09/28,430.0,433.5,425.0,427.0,24100,427,2.0
2015/09/29,421.0,421.0,408.5,411.5,44800,411.5,2.0
2015/09/30,419.0,426.0,412.5,420.0,37800,420,2.0
2015/10/01,425.0,429.5,414.5,426.0,35300,426,2.0
2015/10/02,425.0,428.5,421.0,428.5,19300,428.5,2.0
2015/10/05,428.5,444.0,428.5,430.5,20500,430.5,2.0
2015/10/06,432.0,439.0,432.0,437.0,18800,437,2.0
2015/10/07,438.0,443.5,432.5,441.0,28900,441,2.0
2015/10/08,442.5,449.0,439.0,442.0,26900,442,2.0
2015/10/09,449.5,460.0,446.0,460.0,41300,460,2.0
2015/10/13,467.5,481.5,463.5,469.0,59600,469,2.0
2015/10/14,466.5,467.5,446.0,446.5,54900,446.5,2.0
2015/10/15,445.0,457.0,445.0,451.0,19700,451,2.0
2015/10/16,454.0,455.0,445.5,447.0,29300,447,2.0
2015/10/19,451.5,451.5,432.5,433.5,41900,433.5,2.0
2015/10/20,437.5,445.0,437.5,443.5,13900,443.5,2.0
2015/10/21,445.0,458.5,445.0,456.5,30400,456.5,2.0
2015/10/22,457.5,472.5,455.5,463.0,19400,463,2.0
2015/10/23,470.5,477.5,459.0,472.5,38700,472.5,2.0
2015/10/26,476.0,479.0,471.5,473.0,30100,473,2.0
2015/10/27,475.0,475.0,465.0,465.5,17800,465.5,2.0
2015/10/28,472.0,476.0,463.5,474.5,26100,474.5,2.0
2015/10/29,480.0,499.0,477.5,495.0,100100,495,2.0
2015/10/30,496.5,507.5,489.5,501.0,52900,501,2.0
2015/11/02,500.5,514.5,496.0,508.0,43900,508,2.0
2015/11/04,512.5,528.5,512.5,525.5,39700,525.5,2.0
2015/11/05,526.5,533.0,475.0,490.0,59900,490,2.0
2015/11/06,486.0,499.0,485.5,495.0,31700,495,2.0
2015/11/09,501.0,508.5,498.5,501.5,29900,501.5,2.0
2015/11/10,501.0,502.0,493.0,500.5,22000,500.5,2.0
2015/11/11,504.0,506.0,494.5,503.0,23500,503,2.0
2015/11/12,500.0,501.0,496.5,499.0,19100,499,2.0
2015/11/13,497.5,500.0,492.5,499.5,21100,499.5,2.0
2015/11/16,492.0,493.5,490.0,490.5,16400,490.5,2.0
2015/11/17,497.5,503.0,495.0,501.0,21300,501,2.0
2015/11/18,501.0,502.0,494.5,496.5,24400,496.5,2.0
2015/11/19,499.5,501.0,492.5,500.0,22600,500,2.0
2015/11/20,500.0,505.0,496.0,504.5,26100,504.5,2.0
2015/11/24,504.5,520.0,504.5,520.0,43800,520,2.0
2015/11/25,524.0,531.5,516.5,527.0,44500,527,2.0
2015/11/26,525.0,525.0,511.0,513.5,32800,513.5,2.0
2015/11/27,510.5,512.0,499.5,501.0,23600,501,2.0
2015/11/30,503.0,524.0,503.0,524.0,29700,524,2.0
2015/12/01,527.0,534.5,519.5,527.0,50700,527,2.0
2015/12/02,528.0,532.5,516.5,527.0,34900,527,2.0
2015/12/03,528.5,528.5,521.0,522.5,13600,522.5,2.0
2015/12/04,519.0,519.0,503.0,506.0,50500,506,2.0
2015/12/07,506.5,514.5,506.5,510.5,24400,510.5,2.0
2015/12/08,510.5,515.0,501.5,504.0,22100,504,2.0
2015/12/09,497.0,502.0,495.0,501.0,21400,501,2.0
2015/12/10,500.0,500.0,488.0,491.5,29200,491.5,2.0
2015/12/11,485.0,495.0,485.0,490.0,29500,490,2.0
2015/12/14,480.5,488.5,477.5,486.5,18400,486.5,2.0
2015/12/15,479.0,489.0,476.0,476.0,20000,476,2.0
2015/12/16,479.0,485.0,474.5,480.5,24100,480.5,2.0
2015/12/17,476.0,483.5,476.0,478.0,28000,478,2.0
2015/12/18,479.0,483.5,478.0,479.0,28100,479,2.0
2015/12/21,475.0,475.0,463.0,470.0,34900,470,2.0
2015/12/22,470.0,470.0,453.5,456.5,52300,456.5,2.0
2015/12/24,457.5,459.0,438.5,443.0,90500,443,2.0
2015/12/25,449.5,449.5,421.5,424.5,159300,424.5,2.0
2015/12/28,432.0,457.0,431.5,453.5,26300,453.5,2.0
2015/12/29,450.0,464.0,448.0,462.0,21800,462,2.0
2015/12/30,465.0,469.0,457.0,465.0,14000,465,2.0
2016/01/04,461.5,461.5,446.5,450.5,37500,450.5,2.0
2016/01/05,449.0,458.5,444.0,450.5,20500,450.5,2.0
2016/01/06,450.5,454.5,443.0,444.0,10400,444,2.0
2016/01/07,442.5,444.5,433.0,433.0,16300,433,2.0
2016/01/08,425.0,438.5,423.0,429.5,19300,429.5,2.0
2016/01/12,430.0,430.0,414.5,421.5,31100,421.5,2.0
2016/01/13,446.0,446.0,439.5,444.5,36000,444.5,2.0
2016/01/14,431.0,440.0,430.5,435.0,25400,435,2.0
2016/01/15,434.0,443.0,430.0,430.5,11300,430.5,2.0
2016/01/18,425.0,425.5,417.5,424.0,25700,424,2.0
2016/01/19,419.0,428.5,418.0,421.5,9800,421.5,2.0
2016/01/20,420.0,420.0,410.0,411.0,24000,411,2.0
2016/01/21,403.5,410.0,385.0,385.0,31700,385,2.0
2016/01/22,400.5,413.5,391.5,413.5,20300,413.5,2.0
2016/01/25,428.5,428.5,418.5,421.5,11100,421.5,2.0
2016/01/26,410.0,413.0,403.0,405.0,16500,405,2.0
2016/01/27,412.0,425.5,412.0,422.5,15300,422.5,2.0
2016/01/28,419.0,419.0,406.5,406.5,11700,406.5,2.0
2016/01/29,406.5,421.5,403.0,421.5,11800,421.5,2.0
2016/02/01,428.5,440.0,425.5,432.5,15000,432.5,2.0
2016/02/02,423.0,429.5,422.0,422.0,11300,422,2.0
2016/02/03,410.5,412.5,405.0,406.5,12400,406.5,2.0
2016/02/04,399.5,408.0,386.0,397.0,17500,397,2.0
2016/02/05,397.0,397.0,386.5,391.0,18800,391,2.0
2016/02/08,391.0,405.5,389.5,398.5,15400,398.5,2.0
2016/02/09,386.0,393.5,375.5,377.5,19000,377.5,2.0
2016/02/10,367.0,374.0,337.5,345.0,52700,345,2.0
2016/02/12,330.0,330.5,312.0,312.5,60700,312.5,2.0
2016/02/15,322.5,329.5,317.0,325.5,43000,325.5,2.0
2016/02/16,335.0,346.5,326.5,326.5,30200,326.5,2.0
2016/02/17,321.5,350.0,321.5,341.5,27800,341.5,2.0
2016/02/18,340.0,352.5,340.0,348.5,24100,348.5,2.0
2016/02/19,350.0,355.0,345.0,349.0,15500,349,2.0
2016/02/22,345.0,346.5,334.5,345.0,30900,345,2.0
2016/02/23,347.5,354.0,338.5,340.0,13500,340,2.0
2016/02/24,340.0,341.0,332.5,333.0,17400,333,2.0
2016/02/25,342.0,349.0,341.0,348.5,12800,348.5,2.0
2016/02/26,350.5,355.0,350.5,352.5,10000,352.5,2.0
2016/02/29,365.0,365.5,353.0,353.5,17700,353.5,2.0
2016/03/01,353.5,359.0,350.5,352.5,10000,352.5,2.0
2016/03/02,367.0,370.0,359.5,366.0,15600,366,2.0
2016/03/03,364.5,374.0,364.5,372.5,10000,372.5,2.0
2016/03/04,371.0,383.0,370.5,380.0,15800,380,2.0
2016/03/07,381.0,391.5,375.5,387.5,19900,387.5,2.0
2016/03/08,384.5,394.0,376.0,381.5,18300,381.5,2.0
2016/03/09,380.0,386.0,378.0,380.5,15200,380.5,2.0
2016/03/10,380.5,391.5,380.5,388.5,12400,388.5,2.0
2016/03/11,382.5,392.5,382.5,387.0,20100,387,2.0
2016/03/14,389.0,418.0,387.5,410.0,30300,410,2.0
2016/03/15,405.0,415.0,398.0,401.5,20400,401.5,2.0
2016/03/16,404.0,409.5,387.5,398.0,18300,398,2.0
2016/03/17,403.0,405.0,391.0,398.0,13100,398,2.0
2016/03/18,392.0,404.5,388.0,390.5,18500,390.5,2.0
2016/03/22,390.5,405.0,390.5,399.5,16900,399.5,2.0
2016/03/23,402.0,403.5,379.0,391.5,14600,391.5,2.0
2016/03/24,394.5,394.5,389.0,390.0,11300,390,2.0
2016/03/25,394.5,395.0,389.5,394.0,13000,394,2.0
2016/03/28,393.5,396.0,393.0,396.0,12700,396,2.0
2016/03/29,386.5,395.0,383.5,393.0,7700,393,2.0
2016/03/30,386.0,393.5,386.0,386.5,16700,386.5,2.0
2016/03/31,386.5,393.5,382.5,383.5,13900,383.5,2.0
2016/04/01,390.5,390.5,366.5,368.5,16300,368.5,2.0
2016/04/04,363.0,369.5,357.5,364.5,17200,364.5,2.0
2016/04/05,360.5,360.5,351.5,351.5,11200,351.5,2.0
2016/04/06,351.0,359.0,351.0,352.5,10100,352.5,2.0
2016/04/07,350.5,356.0,350.5,352.0,8500,352,2.0
2016/04/08,351.0,370.0,351.0,361.0,17600,361,2.0
2016/04/11,362.0,369.5,353.0,358.5,10100,358.5,2.0
2016/04/12,356.5,369.5,354.0,365.5,9800,365.5,2.0
2016/04/13,370.0,372.0,350.5,371.0,10700,371,2.0
2016/04/14,372.5,385.0,370.5,382.0,15400,382,2.0
2016/04/15,376.0,384.5,375.5,376.5,4500,376.5,2.0
2016/04/18,361.5,374.5,355.5,365.0,7700,365,2.0
2016/04/19,374.0,375.5,365.0,373.5,8600,373.5,2.0
2016/04/20,376.0,380.5,372.0,373.5,6100,373.5,2.0
2016/04/21,383.0,383.5,370.0,382.0,14400,382,2.0
2016/04/22,381.5,382.0,370.0,380.0,11300,380,2.0
2016/04/25,386.5,386.5,376.5,384.5,9500,384.5,2.0
2016/04/26,382.5,382.5,375.0,377.5,5500,377.5,2.0
2016/04/27,375.0,378.0,367.0,370.0,18000,370,2.0
2016/04/28,368.5,384.0,364.0,365.0,17300,365,2.0
2016/05/02,350.5,359.5,350.5,354.0,13700,354,2.0
2016/05/06,351.5,355.0,350.5,353.5,7700,353.5,2.0
2016/05/09,351.5,355.5,351.5,353.0,8500,353,2.0
2016/05/10,353.0,376.5,353.0,363.0,19600,363,2.0
2016/05/11,365.5,415.0,364.0,401.5,34500,401.5,2.0
2016/05/12,424.5,424.5,409.5,423.0,55500,423,2.0
2016/05/13,418.5,420.5,405.0,416.5,21600,416.5,2.0
2016/05/16,416.5,430.0,412.5,424.5,17300,424.5,2.0
2016/05/17,420.5,427.5,416.5,425.5,19400,425.5,2.0
2016/05/18,426.5,426.5,417.5,421.5,11600,421.5,2.0
2016/05/19,426.0,428.0,420.0,426.5,13100,426.5,2.0
2016/05/20,427.5,429.0,423.5,427.5,9000,427.5,2.0
2016/05/23,437.5,437.5,429.5,432.5,23600,432.5,2.0
2016/05/24,431.5,431.5,413.5,425.5,7100,425.5,2.0
2016/05/25,435.0,435.0,428.5,431.5,14700,431.5,2.0
2016/05/26,437.0,438.5,433.5,434.5,14500,434.5,2.0
2016/05/27,436.5,441.0,434.5,435.5,11700,435.5,2.0
2016/05/30,436.0,436.5,418.0,432.5,12600,432.5,2.0
2016/05/31,432.0,434.5,425.0,434.0,14800,434,2.0
2016/06/01,426.0,442.5,426.0,436.5,15600,436.5,2.0
2016/06/02,424.0,432.5,420.5,421.0,22700,421,2.0
2016/06/03,418.0,424.5,413.0,419.0,22100,419,2.0
2016/06/06,410.5,424.0,410.5,418.0,21300,418,2.0
2016/06/07,421.5,427.0,420.0,425.5,15300,425.5,2.0
2016/06/08,428.0,429.0,420.0,428.0,7000,428,2.0
2016/06/09,427.0,428.5,420.5,428.0,13100,428,2.0
2016/06/10,434.0,436.5,427.0,433.0,35600,433,2.0
2016/06/13,423.0,423.5,405.5,406.5,16000,406.5,2.0
2016/06/14,406.0,413.0,402.0,408.5,12000,408.5,2.0
2016/06/15,405.5,407.0,401.0,403.0,9400,403,2.0
2016/06/16,405.5,407.0,388.0,388.0,15500,388,2.0
2016/06/17,391.5,400.0,389.0,394.0,6700,394,2.0
2016/06/20,409.0,409.0,397.5,400.0,12000,400,2.0
2016/06/21,404.5,404.5,400.0,403.5,9700,403.5,2.0
2016/06/22,403.5,404.5,398.0,399.5,17000,399.5,2.0
2016/06/23,400.0,422.5,400.0,422.5,19800,422.5,2.0
2016/06/24,425.0,425.0,369.5,384.5,35600,384.5,2.0
2016/06/27,387.0,389.0,377.5,382.0,19000,382,2.0
2016/06/28,378.5,381.0,372.5,377.5,15100,377.5,2.0
2016/06/29,383.5,390.0,380.0,381.5,12200,381.5,2.0
2016/06/30,387.0,394.0,380.0,382.0,11500,382,2.0
2016/07/01,382.0,389.5,382.0,383.0,9300,383,2.0
2016/07/04,377.0,384.0,377.0,381.5,13600,381.5,2.0
2016/07/05,381.5,384.5,376.5,381.5,8400,381.5,2.0
2016/07/06,377.0,378.5,366.5,371.5,19300,371.5,2.0
2016/07/07,369.0,375.0,362.5,365.5,10700,365.5,2.0
2016/07/08,361.0,375.0,355.0,357.5,12000,357.5,2.0
2016/07/11,365.0,375.0,365.0,368.0,14100,368,2.0
2016/07/12,368.0,382.0,368.0,380.0,13300,380,2.0
2016/07/13,392.5,392.5,382.5,383.5,12100,383.5,2.0
2016/07/14,384.5,401.0,384.5,396.0,15500,396,2.0
2016/07/15,390.5,405.0,390.5,397.0,17600,397,2.0
2016/07/19,398.0,404.5,394.5,404.5,8500,404.5,2.0
2016/07/20,402.0,402.0,391.0,397.0,9700,397,2.0
2016/07/21,400.0,403.5,396.0,400.5,9500,400.5,2.0
2016/07/22,399.5,399.5,375.0,388.5,12600,388.5,2.0
2016/07/25,410.0,413.5,399.5,407.0,36400,407,2.0
2016/07/26,406.5,407.0,400.5,401.0,9400,401,2.0
2016/07/27,400.5,413.5,400.0,407.0,12700,407,2.0
2016/07/28,405.0,405.0,398.0,404.5,11700,404.5,2.0
2016/07/29,399.0,409.0,398.0,403.5,11600,403.5,2.0
2016/08/01,398.5,408.0,387.0,398.0,13700,398,2.0
2016/08/02,392.0,398.5,388.5,393.5,10700,393.5,2.0
2016/08/03,386.0,387.5,378.5,382.5,12500,382.5,2.0
2016/08/04,383.0,391.0,382.5,391.0,7200,391,2.0
2016/08/05,381.0,394.0,381.0,384.0,12200,384,2.0
2016/08/08,389.0,390.5,386.0,387.5,12000,387.5,2.0
2016/08/09,390.5,390.5,359.0,366.5,37200,366.5,2.0
2016/08/10,377.0,378.0,374.0,377.0,22900,377,2.0
2016/08/12,379.0,379.0,370.0,378.0,20400,378,2.0
2016/08/15,375.0,379.0,375.0,378.5,6200,378.5,2.0
2016/08/16,377.5,377.5,369.5,369.5,20800,369.5,2.0
2016/08/17,370.5,372.5,370.5,371.5,11900,371.5,2.0
2016/08/18,370.0,373.0,367.0,367.0,15000,367,2.0
2016/08/19,367.0,375.0,367.0,373.5,6600,373.5,2.0
2016/08/22,375.5,375.5,369.0,370.5,15700,370.5,2.0
2016/08/23,367.5,371.0,367.5,368.5,13100,368.5,2.0
2016/08/24,368.0,372.5,368.0,370.5,9500,370.5,2.0
2016/08/25,373.5,374.0,369.5,370.0,13400,370,2.0
2016/08/26,370.0,372.5,369.0,369.5,11200,369.5,2.0
2016/08/29,375.0,381.5,374.5,379.5,18000,379.5,2.0
2016/08/30,379.5,383.0,377.0,381.0,26000,381,2.0
2016/08/31,381.0,397.5,381.0,395.5,23200,395.5,2.0
2016/09/01,395.5,396.5,393.0,396.0,8800,396,2.0
2016/09/02,396.0,396.0,390.0,394.5,11700,394.5,2.0
2016/09/05,395.5,397.0,387.5,395.0,15200,395,2.0
2016/09/06,395.0,398.0,391.5,396.5,12100,396.5,2.0
2016/09/07,399.5,402.0,396.5,399.5,19800,399.5,2.0
2016/09/08,398.5,402.5,397.5,400.5,9600,400.5,2.0
2016/09/09,396.0,400.5,390.5,400.0,19700,400,2.0
2016/09/12,394.5,398.0,393.0,396.0,7000,396,2.0
2016/09/13,395.0,401.0,395.0,399.5,9900,399.5,2.0
2016/09/14,399.5,399.5,396.5,397.5,8100,397.5,2.0
2016/09/15,397.5,397.5,386.0,388.5,16300,388.5,2.0
2016/09/16,391.0,402.0,391.0,393.5,10000,393.5,2.0
2016/09/20,399.5,399.5,390.0,391.5,11600,391.5,2.0
2016/09/21,395.5,410.0,392.5,410.0,18700,410,2.0
2016/09/23,414.5,418.5,413.0,418.5,28300,418.5,2.0
2016/09/26,423.5,423.5,416.0,419.0,18400,419,2.0
2016/09/27,418.0,433.0,410.5,433.0,31800,433,2.0
2016/09/28,428.5,431.0,423.5,427.5,25300,427.5,2.0
2016/09/29,425.0,453.5,423.0,450.5,78000,450.5,2.0
2016/09/30,446.0,450.0,440.0,447.0,58200,447,2.0
2016/10/03,449.0,465.0,443.0,457.0,205400,457,2.0
2016/10/04,458.5,470.0,458.5,461.5,96000,461.5,2.0
2016/10/05,468.5,469.0,458.5,460.5,50700,460.5,2.0
2016/10/06,458.5,462.5,457.5,457.5,40400,457.5,2.0
2016/10/07,451.5,452.0,436.0,438.5,75200,438.5,2.0
2016/10/11,437.0,447.0,437.0,447.0,33700,447,2.0
2016/10/12,440.0,444.0,433.0,442.0,38300,442,2.0
2016/10/13,439.5,441.5,437.5,440.0,25200,440,2.0
2016/10/14,441.5,454.0,441.5,450.5,31200,450.5,2.0
2016/10/17,452.0,453.5,450.0,452.0,13200,452,2.0
2016/10/18,455.0,455.5,451.0,455.0,11000,455,2.0
2016/10/19,455.5,461.0,452.5,459.5,18200,459.5,2.0
2016/10/20,458.0,468.5,456.0,466.0,39600,466,2.0
2016/10/21,467.5,467.5,459.0,460.0,23800,460,2.0
2016/10/24,456.5,456.5,441.0,454.5,47800,454.5,2.0
2016/10/25,453.5,455.5,439.0,442.0,58400,442,2.0
2016/10/26,443.0,451.0,442.0,450.5,26500,450.5,2.0
2016/10/27,450.0,454.0,446.5,452.5,19500,452.5,2.0
2016/10/28,450.0,453.5,447.0,450.0,51700,450,2.0
2016/10/31,448.5,449.0,444.0,449.0,30600,449,2.0
2016/11/01,446.0,447.5,443.0,444.5,35100,444.5,2.0
2016/11/02,437.5,437.5,428.5,434.0,35400,434,2.0
2016/11/04,428.0,431.0,419.5,429.5,27800,429.5,2.0
2016/11/07,426.0,436.5,424.0,435.0,22900,435,2.0
2016/11/08,439.0,449.0,435.0,448.0,23700,448,2.0
2016/11/09,453.0,453.5,404.0,417.5,34600,417.5,2.0
2016/11/10,448.5,448.5,426.0,437.0,29400,437,2.0
2016/11/11,422.0,434.5,419.5,426.5,54500,426.5,2.0
2016/11/14,434.5,447.5,434.5,441.0,35600,441,2.0
2016/11/15,439.0,440.0,433.5,436.5,19100,436.5,2.0
2016/11/16,436.5,441.5,436.5,441.5,12100,441.5,2.0
2016/11/17,441.5,441.5,437.5,440.5,19500,440.5,2.0
2016/11/18,445.0,445.0,439.0,441.0,15700,441,2.0
2016/11/21,444.5,445.0,435.5,439.0,40500,439,2.0
2016/11/22,441.0,453.5,440.0,449.5,26700,449.5,2.0
2016/11/24,452.5,455.5,449.5,451.5,25600,451.5,2.0
2016/11/25,454.0,454.0,449.5,451.0,24000,451,2.0
2016/11/28,448.0,448.0,440.0,447.0,41000,447,2.0
2016/11/29,447.0,466.0,447.0,466.0,85000,466,2.0
2016/11/30,467.0,468.5,456.5,468.5,34200,468.5,2.0
2016/12/01,470.0,473.0,462.0,464.0,52900,464,2.0
2016/12/02,467.5,471.5,467.0,471.0,42200,471,2.0
2016/12/05,473.0,473.0,462.0,468.5,39400,468.5,2.0
2016/12/06,465.0,467.0,458.5,465.5,44100,465.5,2.0
2016/12/07,467.5,476.0,456.5,476.0,51600,476,2.0
2016/12/08,480.0,483.0,474.5,475.5,34600,475.5,2.0
2016/12/09,466.0,466.5,461.5,462.5,83700,462.5,2.0
2016/12/12,467.0,482.5,465.0,481.5,62500,481.5,2.0
2016/12/13,479.0,481.5,473.0,481.0,32500,481,2.0
2016/12/14,482.5,488.5,478.5,485.5,34800,485.5,2.0
2016/12/15,481.0,482.5,467.5,474.0,76900,474,2.0
2016/12/16,479.0,482.5,474.0,477.0,35800,477,2.0
2016/12/19,470.0,470.5,465.5,469.0,53700,469,2.0
2016/12/20,467.5,479.0,467.5,476.5,40600,476.5,2.0
2016/12/21,475.0,476.5,458.5,461.0,92100,461,2.0
2016/12/22,455.5,456.0,449.5,452.5,81000,452.5,2.0
2016/12/26,459.0,462.0,454.5,457.0,33500,457,2.0
2016/12/27,457.0,457.0,448.0,450.0,54300,450,2.0
2016/12/28,450.0,457.0,450.0,456.0,29500,456,2.0
2016/12/29,451.5,454.0,449.0,452.0,29900,452,2.0
2016/12/30,450.0,450.5,446.5,449.5,24100,449.5,2.0
2017/01/04,454.0,464.0,454.0,463.0,47600,463,2.0
2017/01/05,465.5,470.0,464.5,470.0,33000,470,2.0
2017/01/06,463.0,464.0,454.5,457.0,68400,457,2.0
2017/01/10,451.0,452.5,449.5,450.0,72500,450,2.0
2017/01/11,451.0,454.0,450.0,453.5,19300,453.5,2.0
2017/01/12,454.0,457.0,449.0,450.5,68100,450.5,2.0
2017/01/13,447.5,450.0,446.5,449.5,34700,449.5,2.0
2017/01/16,446.5,449.5,442.5,444.5,45400,444.5,2.0
2017/01/17,441.5,447.0,440.5,441.5,43600,441.5,2.0
2017/01/18,441.5,445.0,438.5,444.0,28200,444,2.0
2017/01/19,447.0,448.5,440.0,444.5,79300,444.5,2.0
2017/01/20,446.0,455.0,445.0,454.0,49700,454,2.0
2017/01/23,452.0,456.0,446.5,455.0,41600,455,2.0
2017/01/24,455.0,455.0,448.0,453.0,15200,453,2.0
2017/01/25,457.5,463.0,456.0,463.0,37000,463,2.0
2017/01/26,462.0,467.0,461.0,464.0,58700,464,2.0
2017/01/27,464.0,477.5,463.5,476.5,98500,476.5,2.0
2017/01/30,477.5,480.5,474.5,478.5,76300,478.5,2.0
2017/01/31,473.0,481.0,473.0,478.0,34400,478,2.0
2017/02/01,478.0,481.0,472.5,479.5,25500,479.5,2.0
2017/02/02,480.0,488.0,475.0,477.0,72700,477,2.0
2017/02/03,477.5,481.5,468.5,471.0,32400,471,2.0
2017/02/06,471.0,475.0,465.0,467.5,52400,467.5,2.0
2017/02/07,465.5,471.0,460.5,470.0,24000,470,2.0
2017/02/08,466.0,474.0,466.0,473.5,20100,473.5,2.0
2017/02/09,475.0,476.5,462.0,473.0,32900,473,2.0
2017/02/10,480.0,498.0,475.5,498.0,77100,498,2.0
2017/02/13,513.0,514.0,497.5,501.0,116600,501,2.0
2017/02/14,505.0,518.5,500.5,509.0,70500,509,2.0
2017/02/15,515.0,519.0,508.0,518.0,70300,518,2.0
2017/02/16,518.0,522.0,513.5,515.5,47000,515.5,2.0
2017/02/17,515.5,517.5,512.0,513.5,34000,513.5,2.0
2017/02/20,511.0,513.0,506.0,511.0,30900,511,2.0
2017/02/21,507.5,510.0,505.0,506.0,35600,506,2.0
2017/02/22,512.5,534.0,512.5,529.5,110800,529.5,2.0
2017/02/23,534.5,569.0,534.5,568.5,223900,568.5,2.0
2017/02/24,577.0,584.5,571.0,575.0,143800,575,2.0
2017/02/27,570.0,590.5,562.5,590.5,144000,590.5,2.0
2017/02/28,590.0,610.0,590.0,610.0,139300,610,2.0
2017/03/01,609.5,613.5,595.5,608.0,100300,608,2.0
2017/03/02,615.0,617.0,608.0,614.5,66400,614.5,2.0
2017/03/03,614.5,618.5,608.5,615.5,63900,615.5,2.0
2017/03/06,615.5,627.5,611.5,621.5,78800,621.5,2.0
2017/03/07,624.5,624.5,604.0,608.0,74700,608,2.0
2017/03/08,604.5,614.0,590.0,608.5,58800,608.5,2.0
2017/03/09,606.0,611.5,591.0,591.0,67100,591,2.0
2017/03/10,598.5,619.0,593.0,618.5,101100,618.5,2.0
2017/03/13,614.5,623.5,597.5,616.5,92900,616.5,2.0
2017/03/14,611.5,618.0,602.5,610.5,48000,610.5,2.0
2017/03/15,610.0,614.0,598.5,601.5,43100,601.5,2.0
2017/03/16,601.5,616.5,601.5,616.5,31700,616.5,2.0
2017/03/17,607.5,609.5,600.0,602.5,54900,602.5,2.0
2017/03/21,603.5,613.5,597.0,610.0,37500,610,2.0
2017/03/22,610.0,610.0,598.5,598.5,48100,598.5,2.0
2017/03/23,599.0,602.5,594.5,601.0,48900,601,2.0
2017/03/24,590.5,594.0,572.5,580.0,134100,580,2.0
2017/03/27,581.5,595.0,581.5,592.0,43600,592,2.0
2017/03/28,592.0,607.5,592.0,606.5,65200,606.5,2.0
2017/03/29,610.5,616.5,596.5,598.5,27200,598.5,2.0
2017/03/30,601.0,602.0,592.0,595.0,26100,595,2.0
2017/03/31,600.0,600.0,579.0,579.0,44100,579,2.0
2017/04/03,580.0,587.5,578.0,580.5,33600,580.5,2.0
2017/04/04,580.0,584.5,537.0,550.5,101800,550.5,2.0
2017/04/05,554.0,560.5,546.5,554.0,48800,554,2.0
2017/04/06,558.5,558.5,525.0,537.5,54800,537.5,2.0
2017/04/07,547.5,554.5,537.0,543.0,35600,543,2.0
2017/04/10,558.0,558.0,546.0,550.5,20100,550.5,2.0
2017/04/11,555.5,555.5,540.0,541.5,22600,541.5,2.0
2017/04/12,535.5,535.5,513.0,514.0,76300,514,2.0
2017/04/13,508.0,515.5,504.0,509.0,44600,509,2.0
2017/04/14,505.5,517.0,503.0,503.0,32800,503,2.0
2017/04/17,502.5,513.5,502.5,511.5,19000,511.5,2.0
2017/04/18,514.5,525.5,514.5,517.0,32900,517,2.0
2017/04/19,515.0,523.0,511.0,516.5,33900,516.5,2.0
2017/04/20,520.0,523.0,515.5,516.0,36700,516,2.0
2017/04/21,519.5,536.5,517.0,525.5,40900,525.5,2.0
2017/04/24,534.0,541.5,524.5,528.5,32000,528.5,2.0
2017/04/25,539.0,552.0,532.5,549.5,61400,549.5,2.0
2017/04/26,554.0,556.5,543.5,547.5,61800,547.5,2.0
2017/04/27,550.0,556.0,540.0,555.5,31500,555.5,2.0
2017/04/28,555.5,555.5,545.5,547.0,29900,547,2.0
2017/05/01,547.0,552.5,542.5,549.0,26500,549,2.0
2017/05/02,556.5,582.5,554.0,574.0,79200,574,2.0
2017/05/08,592.0,592.0,571.0,581.5,56500,581.5,2.0
2017/05/09,578.0,581.0,569.5,579.5,39300,579.5,2.0
2017/05/10,582.5,592.5,576.0,586.0,67900,586,2.0
2017/05/11,585.5,610.0,572.0,586.0,210100,586,2.0
2017/05/12,592.5,598.5,571.5,589.5,116700,589.5,2.0
2017/05/15,590.0,593.5,577.0,578.0,55900,578,2.0
2017/05/16,590.5,590.5,554.0,573.0,69700,573,2.0
2017/05/17,569.0,569.5,556.5,556.5,54500,556.5,2.0
2017/05/18,531.5,545.5,531.5,535.5,62400,535.5,2.0
2017/05/19,543.0,544.5,532.0,541.0,40700,541,2.0
2017/05/22,550.0,565.0,543.5,563.0,64800,563,2.0
2017/05/23,568.0,568.0,553.0,557.5,50400,557.5,2.0
2017/05/24,563.0,579.5,563.0,570.0,72200,570,2.0
2017/05/25,573.0,580.0,563.5,573.0,94500,573,2.0
2017/05/26,573.0,573.0,554.0,561.5,102200,561.5,2.0
2017/05/29,572.0,572.0,560.5,560.5,51100,560.5,2.0
2017/05/30,561.0,570.0,555.5,568.5,45400,568.5,2.0
2017/05/31,568.5,570.0,561.0,568.5,55500,568.5,2.0
2017/06/01,569.5,576.5,566.0,575.5,61700,575.5,2.0
2017/06/02,579.0,590.5,576.5,587.5,110000,587.5,2.0
2017/06/05,588.0,588.5,574.0,586.5,62000,586.5,2.0
2017/06/06,580.0,580.5,563.5,564.0,59400,564,2.0
2017/06/07,563.0,590.0,562.5,588.0,122100,588,2.0
2017/06/08,598.0,610.0,594.0,602.0,218500,602,2.0
2017/06/09,596.5,619.0,595.0,608.0,138300,608,2.0
2017/06/12,607.5,619.0,599.0,614.0,77900,614,2.0
2017/06/13,615.5,623.0,612.5,621.0,100200,621,2.0
2017/06/14,623.0,623.0,530.0,588.0,156200,588,2.0
2017/06/15,585.5,595.5,581.5,589.0,86700,589,2.0
2017/06/16,583.0,590.0,579.5,581.5,59100,581.5,2.0
2017/06/19,579.5,584.5,576.0,576.0,53000,576,2.0
2017/06/20,581.5,587.5,580.5,581.0,44300,581,2.0
2017/06/21,582.5,590.5,579.5,582.0,42900,582,2.0
2017/06/22,578.0,583.0,575.5,576.0,30600,576,2.0
2017/06/23,580.0,581.0,567.5,570.0,44900,570,2.0
2017/06/26,567.0,595.0,567.0,592.0,66600,592,2.0
2017/06/27,597.5,599.0,585.5,599.0,49500,599,2.0
2017/06/28,600.0,612.0,592.0,610.0,112900,610,2.0
2017/06/29,612.5,619.5,608.0,613.5,81500,613.5,2.0
2017/06/30,608.5,609.0,597.5,607.5,55000,607.5,2.0
2017/07/03,615.0,642.5,608.0,637.5,157200,637.5,2.0
2017/07/04,665.5,675.5,656.0,660.5,256400,660.5,2.0
2017/07/05,672.0,672.0,637.0,640.0,129700,640,2.0
2017/07/06,644.5,657.5,630.5,655.0,76200,655,2.0
2017/07/07,657.0,659.5,638.0,639.5,51700,639.5,2.0
2017/07/10,639.5,658.5,637.0,656.5,52200,656.5,2.0
2017/07/11,656.0,662.5,654.5,658.5,32200,658.5,2.0
2017/07/12,657.0,663.0,646.0,659.0,33500,659,2.0
2017/07/13,650.5,657.5,648.0,650.0,42600,650,2.0
2017/07/14,645.5,647.0,640.0,641.0,32700,641,2.0
2017/07/18,643.0,646.0,631.0,636.5,26200,636.5,2.0
2017/07/19,637.0,639.5,631.0,631.0,18100,631,2.0
2017/07/20,628.0,638.5,626.5,635.0,27400,635,2.0
2017/07/21,642.5,652.5,638.5,647.5,64300,647.5,2.0
2017/07/24,645.0,655.0,642.0,652.5,35300,652.5,2.0
2017/07/25,662.5,674.0,659.0,671.0,107400,671,2.0
2017/07/26,674.0,677.0,667.5,675.5,96100,675.5,2.0
2017/07/27,676.0,677.0,670.0,672.0,58500,672,2.0
2017/07/28,674.5,674.5,662.5,663.5,34700,663.5,2.0
2017/07/31,660.5,672.0,652.0,662.0,38400,662,2.0
2017/08/01,662.0,668.0,640.5,643.5,35800,643.5,2.0
2017/08/02,644.0,672.5,644.0,667.5,53700,667.5,2.0
2017/08/03,669.0,671.0,657.0,667.5,28900,667.5,2.0
2017/08/04,658.0,662.0,654.5,657.0,12900,657,2.0
2017/08/07,662.5,670.0,659.5,666.5,25400,666.5,2.0
2017/08/08,666.5,668.5,647.5,652.0,30300,652,2.0
2017/08/09,657.0,692.0,642.0,688.5,265100,688.5,2.0
2017/08/10,694.0,702.5,678.0,693.0,161600,693,2.0
2017/08/14,678.0,717.5,662.5,712.5,238200,712.5,2.0
2017/08/15,727.5,741.5,701.0,719.0,298000,719,2.0
2017/08/16,728.5,744.0,728.5,738.0,188400,738,2.0
2017/08/17,742.0,770.5,740.0,770.0,195800,770,2.0
2017/08/18,750.0,778.5,744.5,749.5,196900,749.5,2.0
2017/08/21,766.5,793.0,766.5,782.5,160900,782.5,2.0
2017/08/22,795.0,807.5,787.5,789.5,222000,789.5,2.0
2017/08/23,791.0,824.5,791.0,821.5,231600,821.5,2.0
2017/08/24,822.5,828.0,805.0,813.0,124300,813,2.0
2017/08/25,812.0,823.5,807.5,816.5,77600,816.5,2.0
2017/08/28,815.0,829.0,815.0,820.5,86700,820.5,2.0
2017/08/29,815.5,825.0,808.5,810.0,92200,810,2.0
2017/08/30,797.5,815.0,771.5,803.5,229200,803.5,2.0
2017/08/31,808.5,816.5,796.0,798.0,98800,798,2.0
2017/09/01,800.0,816.5,797.5,809.0,115300,809,2.0
2017/09/04,809.0,812.5,786.5,807.5,86700,807.5,2.0
2017/09/05,822.0,824.0,795.5,796.5,117400,796.5,2.0
2017/09/06,785.0,798.0,777.5,790.5,86200,790.5,2.0
2017/09/07,797.0,830.0,793.5,827.0,187900,827,2.0
2017/09/08,825.0,859.5,823.0,839.0,190600,839,2.0
2017/09/11,875.0,914.5,865.0,897.5,314100,897.5,2.0
2017/09/12,930.0,942.5,917.5,926.0,230200,926,2.0
2017/09/13,917.0,952.5,908.5,927.0,157100,927,2.0
2017/09/14,944.0,954.0,942.5,953.0,182100,953,2.0
2017/09/15,950.5,954.0,933.5,953.5,166800,953.5,2.0
2017/09/19,969.5,1040.0,969.5,999.5,360500,999.5,2.0
2017/09/20,1007.0,1032.5,1005.0,1021.5,223400,1021.5,2.0
2017/09/21,1030.0,1030.0,980.5,1006.5,158200,1006.5,2.0
2017/09/22,1010.5,1010.5,970.0,983.0,188200,983,2.0
2017/09/25,991.5,1024.0,991.5,1001.5,103900,1001.5,2.0
2017/09/26,1000.0,1003.0,981.5,991.5,71400,991.5,2.0
2017/09/27,985.0,1011.5,985.0,994.5,100700,994.5,2.0
2017/09/28,1000.0,1006.5,987.5,995.5,82200,995.5,2.0
2017/09/29,996.5,1005.0,991.0,992.0,85400,992,2.0
2017/10/02,1000.5,1044.5,1000.5,1035.0,220200,1035,2.0
2017/10/03,1040.0,1048.5,1018.5,1038.0,111100,1038,2.0
2017/10/04,1028.0,1033.0,1006.5,1009.5,105900,1009.5,2.0
2017/10/05,1003.5,1009.5,978.5,984.0,144300,984,2.0
2017/10/06,981.5,1004.5,978.5,980.5,67400,980.5,2.0
2017/10/10,986.0,1000.5,975.0,980.0,73300,980,2.0
2017/10/11,995.0,995.0,965.5,969.5,89200,969.5,2.0
2017/10/12,966.5,981.5,965.5,976.5,73700,976.5,2.0
2017/10/13,979.5,983.5,962.5,979.5,81400,979.5,2.0
2017/10/16,975.0,975.0,954.0,959.0,106900,959,2.0
2017/10/17,959.0,978.0,941.5,969.5,128300,969.5,2.0
2017/10/18,975.5,975.5,955.0,955.5,69100,955.5,2.0
2017/10/19,957.5,958.0,937.5,940.0,83800,940,2.0
2017/10/20,926.5,943.5,926.5,932.5,60200,932.5,2.0
2017/10/23,949.0,967.0,947.0,960.0,81800,960,2.0
2017/10/24,956.0,981.5,942.5,976.5,68400,976.5,2.0
2017/10/25,982.0,1005.0,972.5,977.0,89400,977,2.0
2017/10/26,977.5,1006.5,972.0,1002.5,89500,1002.5,2.0
2017/10/27,1016.0,1031.0,1005.5,1025.0,111900,1025,2.0
2017/10/30,1024.5,1024.5,996.0,1010.0,144900,1010,2.0
2017/10/31,1003.0,1028.0,1001.0,1026.5,71900,1026.5,2.0
2017/11/01,1027.5,1027.5,1005.0,1020.5,94400,1020.5,2.0
2017/11/02,1018.0,1018.0,999.5,999.5,76200,999.5,2.0
2017/11/06,1006.5,1007.5,983.0,984.5,66500,984.5,2.0
2017/11/07,987.0,997.0,981.0,989.5,52300,989.5,2.0
2017/11/08,1000.0,1000.0,978.0,988.5,49900,988.5,2.0
2017/11/09,986.0,1005.0,963.5,986.5,75500,986.5,2.0
2017/11/10,957.5,1077.5,957.5,1067.5,457500,1067.5,2.0
2017/11/13,1100.0,1154.5,1090.5,1135.5,466900,1135.5,2.0
2017/11/14,1150.0,1203.5,1143.5,1149.5,318400,1149.5,2.0
2017/11/15,1220.0,1259.0,1184.0,1239.0,657400,1239,2.0
2017/11/16,1220.5,1288.0,1215.5,1272.5,333000,1272.5,2.0
2017/11/17,1292.5,1360.0,1283.5,1356.0,410900,1356,2.0
2017/11/20,1380.0,1410.0,1257.5,1302.0,480800,1302,2.0
2017/11/21,1290.0,1360.0,1272.0,1325.0,253400,1325,2.0
2017/11/22,1319.0,1355.0,1315.0,1344.0,153000,1344,2.0
2017/11/24,1330.0,1359.5,1325.0,1326.0,121800,1326,2.0
2017/11/27,1330.5,1340.5,1312.5,1322.5,154400,1322.5,2.0
2017/11/28,1322.5,1324.5,1258.0,1258.5,131600,1258.5,2.0
2017/11/29,1265.0,1291.5,1235.0,1242.0,124800,1242,2.0
2017/11/30,1242.5,1257.0,1211.0,1223.0,103800,1223,2.0
2017/12/01,1250.0,1278.0,1234.0,1234.0,78600,1234,2.0
2017/12/04,1231.5,1245.5,1223.0,1230.5,70400,1230.5,2.0
2017/12/05,1222.0,1222.0,1185.0,1192.0,89900,1192,2.0
2017/12/06,1187.0,1228.0,1182.0,1208.0,208900,1208,2.0
2017/12/07,1212.5,1253.5,1212.5,1245.5,121600,1245.5,2.0
2017/12/08,1257.0,1280.0,1221.0,1252.5,131500,1252.5,2.0
2017/12/11,1265.0,1274.0,1222.0,1223.5,120800,1223.5,2.0
2017/12/12,1232.5,1240.0,1203.5,1205.5,96600,1205.5,2.0
2017/12/13,1204.0,1215.0,1188.0,1189.0,106900,1189,2.0
2017/12/14,1182.0,1235.5,1177.5,1228.5,108700,1228.5,2.0
2017/12/15,1225.0,1229.0,1198.5,1203.5,104400,1203.5,2.0
2017/12/18,1278.5,1362.5,1266.5,1344.0,348200,1344,2.0
2017/12/19,1350.5,1417.5,1331.0,1360.0,356800,1360,2.0
2017/12/20,1367.0,1382.5,1331.0,1346.5,133400,1346.5,2.0
2017/12/21,1365.0,1365.0,1330.5,1338.5,78000,1338.5,2.0
2017/12/22,1344.0,1355.0,1314.0,1341.0,82800,1341,2.0
2017/12/25,1345.0,1357.5,1335.0,1340.0,68100,1340,2.0
2017/12/26,1331.5,1347.5,1321.0,1328.0,58300,1328,2.0
2017/12/27,1363,1415,1356,1414,209700,1414,1
2017/12/28,1417,1442,1372,1381,308100,1381,1
2017/12/29,1382,1415,1356,1363,179200,1363,1
2018/01/04,1403,1403,1321,1335,222400,1335,1
2018/01/05,1351,1401,1344,1390,211900,1390,1
2018/01/09,1392,1405,1373,1396,142100,1396,1
2018/01/10,1407,1487,1407,1477,464600,1477,1
2018/01/11,1470,1470,1431,1440,251600,1440,1
2018/01/12,1460,1510,1447,1495,308600,1495,1
2018/01/15,1500,1509,1459,1475,217700,1475,1
2018/01/16,1480,1482,1418,1457,253300,1457,1
2018/01/17,1446,1507,1440,1486,187900,1486,1
2018/01/18,1502,1533,1456,1460,300700,1460,1
2018/01/19,1456,1518,1456,1512,248300,1512,1
2018/01/22,1505,1520,1487,1504,146600,1504,1
2018/01/23,1500,1503,1472,1499,141300,1499,1
2018/01/24,1490,1490,1436,1468,193900,1468,1
2018/01/25,1457,1466,1435,1442,114300,1442,1
2018/01/26,1442,1465,1442,1446,84200,1446,1
2018/01/29,1466,1513,1451,1499,265000,1499,1
2018/01/30,1495,1495,1437,1446,176700,1446,1
2018/01/31,1436,1469,1418,1423,155500,1423,1
2018/02/01,1430,1485,1430,1481,137400,1481,1
2018/02/02,1488,1488,1434,1440,130600,1440,1
2018/02/05,1413,1421,1364,1383,198800,1383,1
2018/02/06,1254,1299,1186,1255,271200,1255,1
2018/02/07,1379,1387,1260,1262,161500,1262,1
2018/02/08,1272,1300,1258,1291,157200,1291,1
2018/02/09,1224,1265,1161,1204,448800,1204,1
2018/02/13,1265,1317,1242,1277,379000,1277,1
2018/02/14,1279,1279,1145,1166,286000,1166,1
2018/02/15,1182,1218,1174,1191,112100,1191,1
2018/02/16,1215,1217,1191,1197,156500,1197,1
2018/02/19,1222,1295,1222,1293,236300,1293,1
2018/02/20,1295,1295,1249,1267,219200,1267,1
2018/02/21,1269,1295,1247,1267,154400,1267,1
2018/02/22,1251,1285,1247,1279,138200,1279,1
2018/02/23,1284,1321,1280,1317,149200,1317,1
2018/02/26,1321,1337,1292,1304,120300,1304,1
2018/02/27,1316,1317,1288,1300,90400,1300,1
2018/02/28,1307,1400,1295,1385,345900,1385,1
2018/03/01,1394,1421,1336,1406,502400,1406,1
2018/03/02,1346,1368,1320,1359,261600,1359,1
2018/03/05,1348,1357,1253,1263,270900,1263,1
2018/03/06,1303,1333,1281,1291,114400,1291,1
2018/03/07,1280,1290,1244,1264,128500,1264,1
2018/03/08,1267,1276,1240,1246,101500,1246,1
2018/03/09,1258,1297,1247,1283,172400,1283,1
2018/03/12,1310,1345,1274,1296,200900,1296,1
2018/03/13,1278,1304,1262,1304,97500,1304,1
2018/03/14,1279,1294,1265,1275,136000,1275,1
2018/03/15,1266,1266,1217,1248,189700,1248,1
2018/03/16,1242,1267,1242,1260,93300,1260,1
2018/03/19,1245,1261,1185,1210,274800,1210,1
2018/03/20,1171,1203,1170,1202,102600,1202,1
2018/03/22,1206,1232,1188,1212,82200,1212,1
2018/03/23,1172,1172,1124,1132,197500,1132,1
2018/03/26,1072,1113,1068,1113,172300,1113,1
2018/03/27,1145,1163,1137,1146,110500,1146,1
2018/03/28,1130,1161,1127,1142,105400,1142,1
2018/03/29,1151,1153,1095,1115,137500,1115,1
2018/03/30,1135,1151,1127,1134,82200,1134,1
2018/04/02,1134,1169,1130,1150,110400,1150,1
2018/04/03,1129,1131,1102,1121,124600,1121,1
2018/04/04,1143,1149,1100,1110,132400,1110,1
2018/04/05,1117,1119,1086,1107,190900,1107,1
2018/04/06,1120,1129,1075,1078,137400,1078,1
2018/04/09,1070,1095,1070,1084,131500,1084,1
2018/04/10,1089,1154,1076,1149,172400,1149,1
2018/04/11,1157,1185,1144,1156,134400,1156,1
2018/04/12,1148,1177,1109,1110,153000,1110,1
2018/04/13,1123,1183,1123,1156,130700,1156,1
2018/04/16,1167,1180,1147,1167,115200,1167,1
2018/04/17,1167,1175,1124,1128,129400,1128,1
2018/04/18,1130,1173,1128,1166,87200,1166,1
2018/04/19,1177,1213,1176,1196,130400,1196,1
2018/04/20,1204,1204,1173,1185,77900,1185,1
2018/04/23,1189,1199,1173,1192,55600,1192,1
2018/04/24,1202,1209,1196,1201,72600,1201,1
2018/04/25,1203,1203,1186,1194,48600,1194,1
2018/04/26,1200,1211,1180,1207,69500,1207,1
2018/04/27,1219,1219,1183,1187,49700,1187,1
2018/05/01,1180,1180,1160,1162,53600,1162,1
2018/05/02,1162,1179,1159,1175,41300,1175,1
2018/05/07,1186,1207,1176,1198,67800,1198,1
2018/05/08,1206,1253,1194,1228,118500,1228,1
2018/05/09,1222,1239,1198,1206,93800,1206,1
2018/05/10,1213,1226,1201,1208,56900,1208,1
2018/05/11,1217,1250,1161,1219,302600,1219,1
2018/05/14,1235,1236,1187,1215,135700,1215,1
2018/05/15,1224,1287,1202,1208,267000,1208,1
2018/05/16,1211,1240,1197,1214,89900,1214,1
2018/05/17,1212,1240,1212,1226,58000,1226,1
2018/05/18,1237,1245,1213,1214,66600,1214,1
2018/05/21,1215,1279,1215,1274,179100,1274,1
2018/05/22,1280,1314,1278,1312,189400,1312,1
2018/05/23,1318,1321,1255,1265,206700,1265,1
2018/05/24,1261,1261,1168,1182,344300,1182,1
2018/05/25,1176,1190,1149,1164,144300,1164,1
2018/05/28,1163,1177,1138,1141,136800,1141,1
2018/05/29,1132,1172,1126,1166,176600,1166,1
2018/05/30,1169,1196,1158,1167,215900,1167,1
2018/05/31,1184,1227,1172,1222,178200,1222,1
2018/06/01,1213,1231,1189,1213,153100,1213,1
2018/06/04,1234,1289,1234,1275,252000,1275,1
2018/06/05,1274,1280,1224,1237,121100,1237,1
2018/06/06,1229,1278,1224,1267,122100,1267,1
2018/06/07,1273,1299,1273,1299,115300,1299,1
2018/06/08,1299,1312,1285,1299,136200,1299,1
2018/06/11,1292,1298,1255,1285,77200,1285,1
2018/06/12,1287,1289,1243,1247,106600,1247,1
2018/06/13,1242,1245,1206,1230,115700,1230,1
2018/06/14,1225,1231,1191,1192,151300,1192,1
2018/06/15,1213,1215,1183,1204,105700,1204,1
2018/06/18,1185,1202,1156,1161,117200,1161,1
2018/06/19,1150,1165,1109,1122,203700,1122,1
2018/06/20,1086,1097,1051,1087,295900,1087,1
2018/06/21,1106,1118,1065,1080,196300,1080,1
2018/06/22,1054,1069,1025,1036,242300,1036,1
2018/06/25,1027,1047,1015,1015,196300,1015,1
2018/06/26,1015,1038,987,1032,182800,1032,1
2018/06/27,1036,1036,1004,1007,126900,1007,1
2018/06/28,1001,1018,993,1006,108900,1006,1
2018/06/29,1002,1027,986,1024,183500,1024,1
2018/07/02,1030,1059,1007,1010,103900,1010,1
2018/07/03,1011,1047,1004,1019,97800,1019,1
2018/07/04,1019,1019,995,1002,78300,1002,1
2018/07/05,999,1017,962,967,151500,967,1
2018/07/06,956,997,941,996,124500,996,1
2018/07/09,991,1018,965,1014,78700,1014,1
2018/07/10,1014,1022,992,1013,89100,1013,1
2018/07/11,1007,1008,981,984,68900,984,1
2018/07/12,984,995,968,982,57100,982,1
2018/07/13,988,1006,982,1004,55100,1004,1
2018/07/17,1010,1014,992,1002,68200,1002,1
2018/07/18,1003,1025,1003,1022,64700,1022,1
2018/07/19,1035,1075,1031,1072,133900,1072,1
2018/07/20,1066,1066,1013,1027,105300,1027,1
2018/07/23,1017,1027,1004,1010,60000,1010,1
2018/07/24,1022,1041,1010,1038,82500,1038,1
2018/07/25,1050,1060,1029,1060,49900,1060,1
2018/07/26,1078,1087,1065,1078,79400,1078,1
2018/07/27,1081,1087,1074,1084,37500,1084,1
2018/07/30,1061,1080,1055,1068,59400,1068,1
2018/07/31,1064,1075,1043,1066,74100,1066,1
2018/08/01,1076,1076,1059,1068,46300,1068,1
2018/08/02,1067,1073,1041,1044,42100,1044,1
2018/08/03,1046,1056,1024,1030,39000,1030,1
2018/08/06,1018,1019,997,1000,99000,1000,1
2018/08/07,994,1023,994,1014,76800,1014,1
2018/08/08,1020,1042,1014,1028,89100,1028,1
2018/08/09,1048,1058,941,944,444100,944,1
2018/08/10,929,929,901,907,312100,907,1
2018/08/13,909,916,864,870,163500,870,1
2018/08/14,885,904,881,901,134400,901,1
