2015/08/26,305.0,320.0,285.0,301.0,777200,301,4.0
2015/08/27,316.0,317.5,306.25,312.75,182500,312.75,4.0
2015/08/28,320.0,387.75,313.0,385.0,961200,385,4.0
2015/08/31,405.0,449.75,385.25,431.25,1822800,431.25,4.0
2015/09/01,425.0,441.25,360.0,365.25,727800,365.25,4.0
2015/09/02,345.0,382.25,335.0,350.0,282500,350,4.0
2015/09/03,363.0,387.5,348.0,350.0,221600,350,4.0
2015/09/04,335.0,340.0,294.25,312.5,287900,312.5,4.0
2015/09/07,308.0,332.25,291.5,317.75,182000,317.75,4.0
2015/09/08,324.75,337.5,305.75,324.5,137100,324.5,4.0
2015/09/09,340.0,361.25,327.25,330.25,254000,330.25,4.0
2015/09/10,322.75,405.25,313.25,385.0,646200,385,4.0
2015/09/11,365.0,382.5,345.0,345.5,314900,345.5,4.0
2015/09/14,353.0,420.0,351.5,412.5,1205500,412.5,4.0
2015/09/15,402.5,444.25,369.5,378.0,1350800,378,4.0
2015/09/16,392.5,422.5,378.75,388.75,380100,388.75,4.0
2015/09/17,402.5,413.75,383.25,386.25,250200,386.25,4.0
2015/09/18,393.0,394.75,363.75,366.75,124400,366.75,4.0
2015/09/24,363.75,363.75,334.75,345.0,77800,345,4.0
2015/09/25,345.25,355.0,331.5,336.25,63900,336.25,4.0
2015/09/28,351.25,354.25,344.25,353.5,40200,353.5,4.0
2015/09/29,349.25,349.25,332.5,332.5,32400,332.5,4.0
2015/09/30,340.0,357.5,337.5,352.25,48200,352.25,4.0
2015/10/01,359.75,362.75,348.75,359.25,44600,359.25,4.0
2015/10/02,359.25,360.0,348.75,350.0,22600,350,4.0
2015/10/05,347.5,363.0,347.5,362.5,35900,362.5,4.0
2015/10/06,362.5,365.0,356.5,356.5,29600,356.5,4.0
2015/10/07,351.25,354.5,345.25,347.5,35100,347.5,4.0
2015/10/08,348.75,350.0,341.0,346.25,15700,346.25,4.0
2015/10/09,346.25,359.25,341.5,347.25,29300,347.25,4.0
2015/10/13,345.5,350.0,342.5,343.25,15600,343.25,4.0
2015/10/14,341.5,402.5,333.25,362.0,418200,362,4.0
2015/10/15,350.0,362.5,343.25,356.25,82400,356.25,4.0
2015/10/16,360.0,388.75,360.0,388.75,257800,388.75,4.0
2015/10/19,408.75,488.75,403.5,482.5,2108400,482.5,4.0
2015/10/20,540.0,582.5,504.5,557.5,4168400,557.5,4.0
2015/10/21,507.5,562.75,485.0,517.5,1296700,517.5,4.0
2015/10/22,518.25,530.25,450.25,450.25,507300,450.25,4.0
2015/10/23,464.25,494.0,452.5,458.5,596700,458.5,4.0
2015/10/26,465.5,541.75,454.0,512.5,1777500,512.5,4.0
2015/10/27,490.5,510.0,457.75,468.75,485500,468.75,4.0
2015/10/28,478.75,478.75,427.5,427.5,198500,427.5,4.0
2015/10/29,447.5,487.5,434.5,450.5,426700,450.5,4.0
2015/10/30,450.5,461.25,435.0,440.0,98500,440,4.0
2015/11/02,438.75,460.0,431.5,444.0,93200,444,4.0
2015/11/04,444.25,448.75,425.75,426.25,69800,426.25,4.0
2015/11/05,425.25,427.5,414.25,415.25,57100,415.25,4.0
2015/11/06,414.75,445.0,414.0,427.5,44100,427.5,4.0
2015/11/09,406.25,420.0,400.5,406.25,88400,406.25,4.0
2015/11/10,412.25,417.5,402.5,409.5,37300,409.5,4.0
2015/11/11,408.0,412.5,403.75,404.5,32600,404.5,4.0
2015/11/12,402.25,409.5,390.0,395.0,55100,395,4.0
2015/11/13,388.75,402.0,387.75,400.75,40500,400.75,4.0
2015/11/16,400.0,400.0,385.0,385.75,25700,385.75,4.0
2015/11/17,382.5,390.75,375.25,375.75,35000,375.75,4.0
2015/11/18,383.25,422.5,383.25,415.75,256900,415.75,4.0
2015/11/19,408.0,425.0,402.25,406.75,118300,406.75,4.0
2015/11/20,406.75,411.5,400.0,402.25,35700,402.25,4.0
2015/11/24,397.75,402.0,392.5,397.5,19400,397.5,4.0
2015/11/25,402.0,402.0,385.75,390.0,21600,390,4.0
2015/11/26,385.75,401.75,379.75,398.25,38500,398.25,4.0
2015/11/27,398.25,398.25,382.5,389.25,10800,389.25,4.0
2015/11/30,389.5,392.75,383.5,392.75,13500,392.75,4.0
2015/12/01,392.75,394.5,387.75,391.25,16900,391.25,4.0
2015/12/02,388.75,402.5,388.75,390.25,26500,390.25,4.0
2015/12/03,389.5,392.25,389.0,392.25,11500,392.25,4.0
2015/12/04,392.25,399.25,387.5,387.5,12300,387.5,4.0
2015/12/07,389.75,392.5,385.0,385.5,14300,385.5,4.0
2015/12/08,386.25,386.5,378.75,379.0,17200,379,4.0
2015/12/09,375.0,386.5,368.5,372.75,17900,372.75,4.0
2015/12/10,365.0,368.25,360.25,362.5,14900,362.5,4.0
2015/12/11,361.75,377.5,358.75,365.0,21900,365,4.0
2015/12/14,356.5,366.5,356.5,362.25,8000,362.25,4.0
2015/12/15,385.0,385.0,362.5,372.25,19700,372.25,4.0
2015/12/16,372.25,375.5,356.0,359.0,21700,359,4.0
2015/12/17,360.0,366.25,356.5,357.5,11000,357.5,4.0
2015/12/18,360.75,369.5,353.75,354.75,9500,354.75,4.0
2015/12/21,350.5,351.5,342.5,345.25,9600,345.25,4.0
2015/12/22,345.5,351.25,340.5,341.25,13500,341.25,4.0
2015/12/24,341.25,347.25,320.5,321.75,31100,321.75,4.0
2015/12/25,323.0,325.25,308.75,312.75,50800,312.75,4.0
2015/12/28,308.75,322.25,307.5,318.75,24300,318.75,4.0
2015/12/29,319.25,335.5,319.25,334.5,18700,334.5,4.0
2015/12/30,340.75,344.5,335.5,341.25,14100,341.25,4.0
2016/01/04,337.5,340.25,327.25,327.75,16500,327.75,4.0
2016/01/05,342.75,356.25,330.5,353.75,48600,353.75,4.0
2016/01/06,340.75,349.25,335.5,335.75,11600,335.75,4.0
2016/01/07,325.0,329.75,320.5,320.5,11400,320.5,4.0
2016/01/08,315.0,325.0,315.0,325.0,9400,325,4.0
2016/01/12,310.0,323.25,302.5,302.5,14800,302.5,4.0
2016/01/13,307.5,317.5,307.5,316.25,6400,316.25,4.0
2016/01/14,305.0,317.25,301.75,302.5,16200,302.5,4.0
2016/01/15,307.5,313.25,299.75,299.75,6100,299.75,4.0
2016/01/18,275.25,287.5,273.25,284.25,20900,284.25,4.0
2016/01/19,285.75,299.5,285.75,291.25,7800,291.25,4.0
2016/01/20,282.5,287.5,257.5,257.5,31900,257.5,4.0
2016/01/21,250.25,265.0,227.5,232.5,27900,232.5,4.0
2016/01/22,266.25,270.0,263.0,270.0,30800,270,4.0
2016/01/25,307.5,307.5,282.75,298.5,55600,298.5,4.0
2016/01/26,290.0,297.0,284.5,294.25,8900,294.25,4.0
2016/01/27,299.5,300.0,290.0,294.0,4700,294,4.0
2016/01/28,290.75,297.75,290.75,294.25,1600,294.25,4.0
2016/01/29,301.0,304.75,287.5,298.25,12000,298.25,4.0
2016/02/01,318.75,318.75,302.75,304.75,10500,304.75,4.0
2016/02/02,302.75,303.0,290.75,293.75,4000,293.75,4.0
2016/02/03,290.0,290.0,276.25,278.0,10600,278,4.0
2016/02/04,278.0,278.75,275.0,276.5,3700,276.5,4.0
2016/02/05,276.5,278.75,251.75,263.75,10800,263.75,4.0
2016/02/08,256.25,293.75,256.25,270.75,1800,270.75,4.0
2016/02/09,293.25,293.25,260.25,260.25,11500,260.25,4.0
2016/02/10,262.5,277.5,249.5,259.25,8400,259.25,4.0
2016/02/12,249.75,249.75,240.0,242.75,13700,242.75,4.0
2016/02/15,262.5,262.5,250.5,257.5,17900,257.5,4.0
2016/02/16,253.75,258.75,247.5,257.5,13000,257.5,4.0
2016/02/17,257.25,257.25,254.5,255.0,4000,255,4.0
2016/02/18,257.5,274.5,257.5,273.5,18000,273.5,4.0
2016/02/19,263.25,273.75,263.0,269.0,6200,269,4.0
2016/02/22,266.75,277.75,266.75,277.75,5400,277.75,4.0
2016/02/23,280.0,282.5,279.0,280.25,4500,280.25,4.0
2016/02/24,280.25,280.25,271.5,274.0,2700,274,4.0
2016/02/25,285.0,285.0,275.25,276.0,3500,276,4.0
2016/02/26,276.0,276.0,265.0,266.0,5200,266,4.0
2016/02/29,286.75,287.0,268.75,274.75,10900,274.75,4.0
2016/03/01,282.25,285.0,267.5,269.0,7000,269,4.0
2016/03/02,273.75,279.75,273.0,276.0,4900,276,4.0
2016/03/03,281.75,281.75,276.25,277.5,4400,277.5,4.0
2016/03/04,270.25,277.75,270.25,277.5,4700,277.5,4.0
2016/03/07,278.0,286.25,278.0,279.0,4800,279,4.0
2016/03/08,280.0,286.25,280.0,282.25,5900,282.25,4.0
2016/03/09,282.25,285.0,281.0,285.0,2500,285,4.0
2016/03/10,285.0,286.25,282.5,286.25,2700,286.25,4.0
2016/03/11,287.0,296.0,283.5,294.75,4400,294.75,4.0
2016/03/14,332.25,341.5,312.75,336.25,68900,336.25,4.0
2016/03/15,326.25,332.5,326.25,326.25,15300,326.25,4.0
2016/03/16,320.0,325.0,320.0,321.5,5600,321.5,4.0
2016/03/17,325.0,325.0,321.25,325.0,8400,325,4.0
2016/03/18,326.25,326.25,320.0,322.5,5700,322.5,4.0
2016/03/22,323.75,326.75,320.0,320.25,8500,320.25,4.0
2016/03/23,319.0,326.25,319.0,326.25,4500,326.25,4.0
2016/03/24,326.25,326.25,319.75,324.25,5000,324.25,4.0
2016/03/25,325.0,325.0,320.25,324.5,7600,324.5,4.0
2016/03/28,324.5,328.5,322.5,322.5,8800,322.5,4.0
2016/03/29,327.5,329.0,317.5,328.5,7900,328.5,2.0
2016/03/30,328.5,328.5,321.0,321.5,8800,321.5,2.0
2016/03/31,320.0,320.5,307.5,307.5,11800,307.5,2.0
2016/04/01,306.5,317.0,306.0,308.0,5800,308,2.0
2016/04/04,310.0,310.5,301.0,309.5,11400,309.5,2.0
2016/04/05,322.5,322.5,307.5,320.0,19100,320,2.0
2016/04/06,310.0,322.0,304.0,322.0,16100,322,2.0
2016/04/07,317.0,321.5,307.5,315.5,9800,315.5,2.0
2016/04/08,310.5,315.0,301.0,310.5,8400,310.5,2.0
2016/04/11,315.0,322.0,304.0,320.0,9500,320,2.0
2016/04/12,317.5,322.0,311.0,320.5,17600,320.5,2.0
2016/04/13,322.5,322.5,307.5,311.0,15800,311,2.0
2016/04/14,311.0,323.5,310.5,322.5,38100,322.5,2.0
2016/04/15,360.0,367.5,331.5,340.0,234500,340,2.0
2016/04/18,390.0,390.0,384.0,390.0,173500,390,2.0
2016/04/19,382.5,382.5,349.5,352.0,258000,352,2.0
2016/04/20,350.0,356.5,334.5,334.5,85800,334.5,2.0
2016/04/21,334.0,344.5,333.5,339.0,40000,339,2.0
2016/04/22,337.0,347.0,336.5,337.5,19000,337.5,2.0
2016/04/25,349.5,350.0,341.0,342.5,28700,342.5,2.0
2016/04/26,340.0,340.5,331.5,331.5,28600,331.5,2.0
2016/04/27,330.5,334.5,330.5,331.5,10100,331.5,2.0
2016/04/28,330.5,345.0,323.5,323.5,33100,323.5,2.0
2016/05/02,317.5,319.0,306.5,315.5,18700,315.5,2.0
2016/05/06,311.0,318.0,307.5,312.5,9000,312.5,2.0
2016/05/09,322.5,322.5,308.5,313.0,4900,313,2.0
2016/05/10,313.0,320.5,310.0,314.0,9100,314,2.0
2016/05/11,313.0,323.0,313.0,323.0,18900,323,2.0
2016/05/12,309.5,313.5,305.5,313.5,18400,313.5,2.0
2016/05/13,315.0,315.5,307.0,315.0,11300,315,2.0
2016/05/16,315.0,319.0,308.5,308.5,11400,308.5,2.0
2016/05/17,306.0,312.0,306.0,307.5,10100,307.5,2.0
2016/05/18,310.0,312.0,306.0,307.5,15000,307.5,2.0
2016/05/19,310.0,311.5,307.5,311.5,3900,311.5,2.0
2016/05/20,309.5,311.0,307.5,310.0,4100,310,2.0
2016/05/23,312.5,312.5,309.5,309.5,5300,309.5,2.0
2016/05/24,309.0,310.5,306.0,307.0,8600,307,2.0
2016/05/25,315.5,315.5,309.0,312.0,6400,312,2.0
2016/05/26,330.5,339.5,327.5,332.0,82800,332,2.0
2016/05/27,332.5,338.0,332.5,338.0,25200,338,2.0
2016/05/30,341.5,347.0,340.0,343.5,23600,343.5,2.0
2016/05/31,343.5,345.5,340.0,343.5,19700,343.5,2.0
2016/06/01,345.0,345.5,340.0,344.5,21500,344.5,2.0
2016/06/02,341.0,342.0,338.5,338.5,16300,338.5,2.0
2016/06/03,338.5,341.0,337.0,337.0,15600,337,2.0
2016/06/06,337.5,337.5,330.5,331.0,20700,331,2.0
2016/06/07,331.0,335.0,331.0,332.0,14700,332,2.0
2016/06/08,335.0,335.0,330.0,331.5,13600,331.5,2.0
2016/06/09,331.5,334.0,328.0,328.5,13800,328.5,2.0
2016/06/10,330.0,337.0,327.5,328.0,20300,328,2.0
2016/06/13,326.5,328.5,320.0,320.5,31200,320.5,2.0
2016/06/14,321.5,322.0,310.0,310.0,18100,310,2.0
2016/06/15,310.5,319.0,309.0,312.5,11600,312.5,2.0
2016/06/16,313.5,338.5,305.5,308.0,33400,308,2.0
2016/06/17,312.5,315.0,310.0,313.0,9500,313,2.0
2016/06/20,324.0,338.0,319.5,338.0,21500,338,2.0
2016/06/21,346.0,346.0,331.0,341.5,19700,341.5,2.0
2016/06/22,340.5,340.5,333.0,334.0,8100,334,2.0
2016/06/23,336.0,337.0,334.0,335.0,6400,335,2.0
2016/06/24,337.5,337.5,303.0,310.0,41400,310,2.0
2016/06/27,315.0,330.0,312.0,330.0,29500,330,2.0
2016/06/28,306.5,310.0,302.5,307.5,26900,307.5,2.0
2016/06/29,312.0,312.0,308.5,310.0,10600,310,2.0
2016/06/30,314.5,314.5,306.5,307.0,10900,307,2.0
2016/07/01,307.0,310.5,305.5,307.5,7800,307.5,2.0
2016/07/04,308.5,310.5,306.5,308.0,4700,308,2.0
2016/07/05,310.0,310.0,305.0,308.5,10400,308.5,2.0
2016/07/06,308.5,353.0,306.0,312.5,124900,312.5,2.0
2016/07/07,311.5,321.5,309.0,309.5,26700,309.5,2.0
2016/07/08,311.5,314.5,302.5,306.5,13900,306.5,2.0
2016/07/11,309.5,323.0,305.0,310.0,30600,310,2.0
2016/07/12,315.0,315.5,306.5,313.5,26300,313.5,2.0
2016/07/13,313.0,324.5,310.0,312.0,20700,312,2.0
2016/07/14,315.0,318.5,311.5,314.5,10100,314.5,2.0
2016/07/15,314.0,316.0,312.0,312.5,9900,312.5,2.0
2016/07/19,330.5,339.0,325.5,338.0,53600,338,2.0
2016/07/20,330.5,335.0,321.0,332.5,19300,332.5,2.0
2016/07/21,337.5,344.0,330.0,330.0,38100,330,2.0
2016/07/22,334.5,336.0,330.0,331.0,9600,331,2.0
2016/07/25,336.0,340.0,330.0,334.0,19100,334,2.0
2016/07/26,338.5,338.5,330.5,332.0,10000,332,2.0
2016/07/27,332.5,335.5,331.0,332.0,6100,332,2.0
2016/07/28,335.0,335.0,331.5,333.5,3300,333.5,2.0
2016/07/29,337.5,347.0,331.0,340.0,35500,340,2.0
2016/08/01,340.0,341.5,338.0,339.0,6500,339,2.0
2016/08/02,343.5,343.5,338.0,341.5,9300,341.5,2.0
2016/08/03,340.0,340.0,332.0,334.0,7600,334,2.0
2016/08/04,335.5,342.5,332.5,337.5,27500,337.5,2.0
2016/08/05,335.0,339.0,333.0,335.5,8000,335.5,2.0
2016/08/08,335.5,339.5,333.5,335.0,5400,335,2.0
2016/08/09,330.0,331.5,325.0,329.0,14500,329,2.0
2016/08/10,329.5,330.0,326.5,327.0,6900,327,2.0
2016/08/12,325.0,328.5,321.5,321.5,14400,321.5,2.0
2016/08/15,322.5,322.5,319.0,319.5,5800,319.5,2.0
2016/08/16,320.0,321.5,317.5,318.5,6600,318.5,2.0
2016/08/17,315.5,321.0,309.5,313.0,26300,313,2.0
2016/08/18,310.0,312.5,309.5,309.5,5700,309.5,2.0
2016/08/19,310.0,314.5,309.5,309.5,6000,309.5,2.0
2016/08/22,309.5,314.0,309.5,311.5,8800,311.5,2.0
2016/08/23,311.0,314.0,309.0,309.0,10800,309,2.0
2016/08/24,312.0,312.0,308.0,309.5,4500,309.5,2.0
2016/08/25,314.5,324.0,309.0,310.5,25800,310.5,2.0
2016/08/26,315.0,319.5,307.5,319.5,20000,319.5,2.0
2016/08/29,318.0,319.0,314.0,318.0,8200,318,2.0
2016/08/30,319.5,323.5,318.0,319.0,10100,319,2.0
2016/08/31,319.5,320.5,312.5,314.0,11400,314,2.0
2016/09/01,312.5,317.0,312.5,314.0,3400,314,2.0
2016/09/02,314.5,335.5,314.5,332.0,61900,332,2.0
2016/09/05,347.0,347.0,336.0,342.5,64900,342.5,2.0
2016/09/06,342.5,345.0,340.5,345.0,20100,345,2.0
2016/09/07,344.0,349.0,343.5,345.5,31700,345.5,2.0
2016/09/08,344.5,354.0,344.5,344.5,73200,344.5,2.0
2016/09/09,348.5,354.0,347.0,352.5,41500,352.5,2.0
2016/09/12,350.5,368.5,350.5,366.0,83700,366,2.0
2016/09/13,370.0,372.0,366.5,368.0,34300,368,2.0
2016/09/14,365.0,370.0,360.0,361.5,28000,361.5,2.0
2016/09/15,361.0,368.0,356.5,359.0,17200,359,2.0
2016/09/16,359.5,369.0,359.0,365.0,17900,365,2.0
2016/09/20,363.0,367.0,360.0,360.0,31000,360,2.0
2016/09/21,363.5,378.5,363.5,377.5,109000,377.5,2.0
2016/09/23,384.0,397.5,380.0,394.0,108600,394,2.0
2016/09/26,395.0,399.0,390.0,397.5,44600,397.5,2.0
2016/09/27,390.0,398.0,383.5,397.5,26800,397.5,2.0
2016/09/28,397.5,397.5,387.5,394.5,187300,394.5,2.0
2016/09/29,392.5,394.0,377.5,384.0,81900,384,2.0
2016/09/30,384.0,391.0,384.0,391.0,30800,391,2.0
2016/10/03,391.0,391.5,380.5,390.0,17600,390,2.0
2016/10/04,386.0,387.0,382.5,386.5,22400,386.5,2.0
2016/10/05,382.0,387.0,382.0,384.0,13700,384,2.0
2016/10/06,384.0,385.5,382.0,385.0,11800,385,2.0
2016/10/07,380.5,384.0,378.0,378.0,16400,378,2.0
2016/10/11,375.5,376.5,370.5,370.5,19400,370.5,2.0
2016/10/12,366.0,376.0,365.0,375.0,20400,375,2.0
2016/10/13,372.0,381.0,369.0,375.0,10600,375,2.0
2016/10/14,379.0,380.0,374.0,375.5,6100,375.5,2.0
2016/10/17,376.0,376.0,372.0,373.0,7700,373,2.0
2016/10/18,374.5,378.5,373.5,376.5,6600,376.5,2.0
2016/10/19,374.5,376.0,372.5,375.5,14600,375.5,2.0
2016/10/20,375.0,375.5,373.5,375.5,12700,375.5,2.0
2016/10/21,379.5,381.0,374.5,377.0,43500,377,2.0
2016/10/24,380.0,381.5,376.0,380.0,20000,380,2.0
2016/10/25,384.5,388.5,382.0,384.5,24600,384.5,2.0
2016/10/26,388.0,388.0,385.0,385.0,14500,385,2.0
2016/10/27,388.5,391.5,385.5,391.5,25900,391.5,2.0
2016/10/28,392.5,405.0,391.5,400.0,69600,400,2.0
2016/10/31,404.5,405.0,394.0,402.5,42600,402.5,2.0
2016/11/01,404.5,404.5,397.5,401.5,23400,401.5,2.0
2016/11/02,400.0,402.0,391.0,392.5,30200,392.5,2.0
2016/11/04,392.5,392.5,375.5,383.0,31700,383,2.0
2016/11/07,381.5,392.5,381.5,391.5,18400,391.5,2.0
2016/11/08,399.0,404.0,389.0,395.0,39200,395,2.0
2016/11/09,395.5,400.0,370.0,378.0,46900,378,2.0
2016/11/10,389.5,395.5,386.0,389.0,22000,389,2.0
2016/11/11,399.5,399.5,391.5,392.5,12900,392.5,2.0
2016/11/14,395.0,399.5,390.0,395.0,15500,395,2.0
2016/11/15,394.5,395.0,387.5,391.0,8600,391,2.0
2016/11/16,391.0,391.0,380.0,385.0,25700,385,2.0
2016/11/17,388.5,389.0,384.0,388.0,9100,388,2.0
2016/11/18,388.0,388.0,383.0,387.0,14700,387,2.0
2016/11/21,387.0,397.5,387.0,397.5,41900,397.5,2.0
2016/11/22,394.0,409.5,385.0,386.5,111100,386.5,2.0
2016/11/24,387.5,392.0,387.5,387.5,18300,387.5,2.0
2016/11/25,387.5,395.5,387.5,391.0,36100,391,2.0
2016/11/28,391.5,395.0,381.0,381.0,59000,381,2.0
2016/11/29,374.5,376.0,367.5,369.0,239700,369,2.0
2016/11/30,369.0,375.5,369.0,370.0,64600,370,2.0
2016/12/01,371.0,383.5,371.0,380.5,51300,380.5,2.0
2016/12/02,376.5,382.5,375.0,379.5,38600,379.5,2.0
2016/12/05,381.5,382.5,379.5,382.5,13700,382.5,2.0
2016/12/06,382.5,388.0,382.5,388.0,22600,388,2.0
2016/12/07,388.0,395.0,388.0,394.0,31300,394,2.0
2016/12/08,397.5,397.5,390.5,394.0,19500,394,2.0
2016/12/09,394.0,394.5,386.0,386.5,29000,386.5,2.0
2016/12/12,389.5,390.5,387.5,388.5,16800,388.5,2.0
2016/12/13,388.5,393.0,387.5,390.5,25000,390.5,2.0
2016/12/14,393.5,395.0,390.0,390.0,21900,390,2.0
2016/12/15,390.5,395.5,390.5,392.0,17300,392,2.0
2016/12/16,395.0,395.0,392.5,394.0,11200,394,2.0
2016/12/19,394.0,395.0,392.5,395.0,20900,395,2.0
2016/12/20,394.0,397.5,394.0,397.0,22400,397,2.0
2016/12/21,398.0,399.0,395.5,396.5,18600,396.5,2.0
2016/12/22,396.5,397.0,394.5,395.5,26900,395.5,2.0
2016/12/26,397.5,398.0,394.5,396.5,22600,396.5,2.0
2016/12/27,397.5,403.5,397.5,403.5,51500,403.5,2.0
2016/12/28,383.5,389.5,381.0,387.0,47600,387,2.0
2016/12/29,387.0,387.0,377.5,382.5,37600,382.5,2.0
2016/12/30,375.0,376.0,373.5,374.5,44800,374.5,2.0
2017/01/04,380.0,381.0,373.5,374.5,40200,374.5,2.0
2017/01/05,375.0,375.5,373.5,373.5,15200,373.5,2.0
2017/01/06,373.5,374.0,371.5,372.0,16900,372,2.0
2017/01/10,374.0,374.5,372.5,374.5,10400,374.5,2.0
2017/01/11,375.0,375.0,373.0,373.5,9400,373.5,2.0
2017/01/12,373.5,373.5,370.0,370.0,31900,370,2.0
2017/01/13,370.0,371.0,369.5,369.5,10000,369.5,2.0
2017/01/16,369.5,371.0,368.5,368.5,9600,368.5,2.0
2017/01/17,368.5,368.5,364.0,364.5,17300,364.5,2.0
2017/01/18,362.5,362.5,355.5,359.5,18900,359.5,2.0
2017/01/19,367.5,367.5,361.5,365.5,8100,365.5,2.0
2017/01/20,367.5,367.5,364.5,366.0,5000,366,2.0
2017/01/23,366.0,366.0,361.5,364.0,8100,364,2.0
2017/01/24,364.5,367.0,361.0,364.0,11300,364,2.0
2017/01/25,367.5,367.5,363.5,365.5,10300,365.5,2.0
2017/01/26,364.5,367.5,364.5,365.5,6000,365.5,2.0
2017/01/27,367.5,367.5,366.0,366.0,7400,366,2.0
2017/01/30,366.0,367.5,362.5,366.0,12600,366,2.0
2017/01/31,365.5,365.5,362.5,362.5,8000,362.5,2.0
2017/02/01,362.5,362.5,359.0,360.0,17400,360,2.0
2017/02/02,359.0,360.0,357.5,357.5,7300,357.5,2.0
2017/02/03,359.5,360.0,357.0,357.0,8900,357,2.0
2017/02/06,356.0,356.5,350.5,350.5,22400,350.5,2.0
2017/02/07,350.5,354.0,350.5,354.0,6600,354,2.0
2017/02/08,354.0,355.0,353.5,354.0,4100,354,2.0
2017/02/09,354.0,356.0,353.5,355.0,3900,355,2.0
2017/02/10,354.5,358.0,354.5,358.0,7000,358,2.0
2017/02/13,362.0,362.0,355.0,356.5,15500,356.5,2.0
2017/02/14,360.0,360.0,353.5,354.0,23000,354,2.0
2017/02/15,354.0,355.5,353.5,354.5,11200,354.5,2.0
2017/02/16,347.5,349.0,344.5,345.0,62700,345,2.0
2017/02/17,348.5,353.5,347.5,351.5,17000,351.5,2.0
2017/02/20,352.0,354.5,350.0,352.0,7900,352,2.0
2017/02/21,352.0,355.5,352.0,355.0,9900,355,2.0
2017/02/22,355.0,356.0,352.5,354.0,15300,354,2.0
2017/02/23,353.0,354.5,352.5,354.5,12900,354.5,2.0
2017/02/24,353.0,355.5,352.5,353.5,15800,353.5,2.0
2017/02/27,356.5,356.5,354.0,354.0,6700,354,2.0
2017/02/28,355.0,357.0,354.0,354.0,10600,354,2.0
2017/03/01,355.0,357.0,353.5,356.5,8000,356.5,2.0
2017/03/02,359.0,359.0,356.5,357.5,9000,357.5,2.0
2017/03/03,359.5,359.5,357.5,358.0,17600,358,2.0
2017/03/06,358.0,364.5,358.0,361.5,22800,361.5,2.0
2017/03/07,362.5,364.0,362.5,363.0,25100,363,2.0
2017/03/08,363.5,366.0,361.0,365.5,25300,365.5,2.0
2017/03/09,361.5,364.0,352.5,354.5,54200,354.5,2.0
2017/03/10,353.5,355.5,349.5,351.0,56900,351,2.0
2017/03/13,350.0,352.0,349.5,351.0,37800,351,2.0
2017/03/14,350.5,351.5,348.0,348.0,58900,348,2.0
2017/03/15,347.5,347.5,339.5,340.0,81200,340,2.0
2017/03/16,340.5,346.5,340.5,341.5,25000,341.5,2.0
2017/03/17,340.0,343.5,340.0,341.5,19900,341.5,2.0
2017/03/21,342.5,343.5,339.5,341.5,27100,341.5,2.0
2017/03/22,340.0,342.0,339.0,339.5,15600,339.5,2.0
2017/03/23,340.0,341.5,339.5,340.0,9100,340,2.0
2017/03/24,339.5,342.0,339.5,342.0,12100,342,2.0
2017/03/27,342.5,342.5,338.0,339.0,21900,339,2.0
2017/03/28,340.0,341.5,339.0,340.0,17500,340,2.0
2017/03/29,342.5,343.5,339.0,342.5,11700,342.5,2.0
2017/03/30,344.0,344.5,339.5,340.0,13500,340,2.0
2017/03/31,340.5,342.0,340.0,340.0,9500,340,2.0
2017/04/03,343.0,344.0,341.5,341.5,14900,341.5,2.0
2017/04/04,341.0,341.5,338.5,339.5,21900,339.5,2.0
2017/04/05,338.0,338.5,332.5,334.0,27600,334,2.0
2017/04/06,333.5,336.5,327.5,331.0,22900,331,2.0
2017/04/07,328.5,334.0,327.5,331.0,12500,331,2.0
2017/04/10,332.5,332.5,327.0,331.5,26300,331.5,2.0
2017/04/11,333.0,333.0,331.5,332.5,5700,332.5,2.0
2017/04/12,330.0,332.0,329.5,331.5,7100,331.5,2.0
2017/04/13,330.0,332.0,329.0,329.0,10300,329,2.0
2017/04/14,328.0,331.0,328.0,329.0,11400,329,2.0
2017/04/17,339.0,339.0,329.0,331.0,13500,331,2.0
2017/04/18,337.0,337.0,330.0,331.0,16700,331,2.0
2017/04/19,332.5,334.5,332.0,332.0,7300,332,2.0
2017/04/20,332.5,336.5,332.5,333.5,9100,333.5,2.0
2017/04/21,337.0,337.5,335.0,337.5,8200,337.5,2.0
2017/04/24,340.5,341.5,338.5,340.0,14400,340,2.0
2017/04/25,343.0,343.5,341.0,343.0,12600,343,2.0
2017/04/26,344.0,346.5,344.0,345.5,16000,345.5,2.0
2017/04/27,345.5,345.5,340.0,340.0,36400,340,2.0
2017/04/28,344.0,344.5,343.0,343.0,6700,343,2.0
2017/05/01,342.0,345.5,342.0,344.0,6800,344,2.0
2017/05/02,344.0,346.0,343.5,345.0,17700,345,2.0
2017/05/08,347.5,348.5,346.5,347.5,25800,347.5,2.0
2017/05/09,349.0,351.5,348.5,351.0,20900,351,2.0
2017/05/10,352.5,353.5,350.0,352.5,17000,352.5,2.0
2017/05/11,352.5,353.0,350.5,350.5,12900,350.5,2.0
2017/05/12,350.5,352.5,350.5,352.0,11400,352,2.0
2017/05/15,353.0,354.5,352.0,352.5,11300,352.5,2.0
2017/05/16,354.0,354.0,352.5,353.0,11300,353,2.0
2017/05/17,354.0,354.0,351.5,353.5,10200,353.5,2.0
2017/05/18,350.0,350.0,345.0,349.5,24100,349.5,2.0
2017/05/19,353.0,353.0,343.0,350.0,12700,350,2.0
2017/05/22,352.0,352.0,348.0,348.5,9200,348.5,2.0
2017/05/23,347.5,352.5,347.5,352.0,10300,352,2.0
2017/05/24,353.5,354.0,352.0,354.0,5000,354,2.0
2017/05/25,353.5,353.5,352.0,352.5,6300,352.5,2.0
2017/05/26,352.5,352.5,349.5,350.5,8900,350.5,2.0
2017/05/29,350.5,350.5,349.0,350.0,12000,350,2.0
2017/05/30,351.5,352.5,350.5,352.5,4000,352.5,2.0
2017/05/31,350.0,352.0,350.0,350.5,7000,350.5,2.0
2017/06/01,348.5,351.5,348.5,351.0,11300,351,2.0
2017/06/02,351.5,352.0,350.5,351.5,10800,351.5,2.0
2017/06/05,351.5,353.0,351.0,351.0,8000,351,2.0
2017/06/06,353.0,353.0,351.0,351.0,6200,351,2.0
2017/06/07,350.5,352.5,350.5,351.5,5700,351.5,2.0
2017/06/08,351.0,352.5,351.0,351.5,8700,351.5,2.0
2017/06/09,351.5,353.0,351.0,351.5,8500,351.5,2.0
2017/06/12,350.5,350.5,348.0,349.0,35300,349,2.0
2017/06/13,349.5,351.5,348.5,350.0,5700,350,2.0
2017/06/14,351.5,351.5,350.0,350.0,4700,350,2.0
2017/06/15,349.0,351.0,349.0,350.0,10200,350,2.0
2017/06/16,351.0,351.0,348.5,349.0,11300,349,2.0
2017/06/19,350.5,351.5,349.5,351.5,9400,351.5,2.0
2017/06/20,351.0,353.0,351.0,352.0,15900,352,2.0
2017/06/21,353.0,357.0,352.5,356.0,28300,356,2.0
2017/06/22,363.5,363.5,358.0,359.5,32500,359.5,2.0
2017/06/23,434.5,434.5,434.5,434.5,123600,434.5,2.0
2017/06/26,509.5,509.5,497.5,509.5,599100,509.5,2.0
2017/06/27,479.5,570.0,456.0,482.5,1354900,482.5,2.0
2017/06/28,516.5,518.0,471.0,491.5,502700,491.5,2.0
2017/06/29,499.0,566.5,487.5,566.5,624500,566.5,2.0
2017/06/30,596.5,716.5,570.0,716.5,2039800,716.5,2.0
2017/07/03,861.5,866.5,826.0,866.5,353300,866.5,2.0
2017/07/04,900.0,1064.0,880.0,922.5,3351000,922.5,2.0
2017/07/05,975.0,979.0,867.0,877.0,1032700,877,2.0
2017/07/06,880.0,893.5,760.0,821.5,883300,821.5,2.0
2017/07/07,809.5,963.5,792.0,853.5,2306600,853.5,2.0
2017/07/10,844.5,895.0,833.0,852.0,378200,852,2.0
2017/07/11,852.5,852.5,805.5,820.0,192700,820,2.0
2017/07/12,821.0,869.5,806.0,833.5,452700,833.5,2.0
2017/07/13,839.0,857.5,817.0,822.0,166500,822,2.0
2017/07/14,824.5,829.5,784.5,793.0,128400,793,2.0
2017/07/18,804.5,804.5,760.0,762.5,138000,762.5,2.0
2017/07/19,762.5,807.0,762.5,775.0,168900,775,2.0
2017/07/20,776.0,816.0,771.0,810.5,130800,810.5,2.0
2017/07/21,801.5,864.5,800.0,858.5,362500,858.5,2.0
2017/07/24,865.0,900.0,848.0,862.0,286100,862,2.0
2017/07/25,891.0,940.0,876.0,907.5,490400,907.5,2.0
2017/07/26,903.5,923.5,881.5,892.5,206800,892.5,2.0
2017/07/27,879.0,888.0,838.5,838.5,260200,838.5,2.0
2017/07/28,833.0,862.5,817.5,822.0,161700,822,2.0
2017/07/31,810.0,833.0,790.0,822.5,105200,822.5,2.0
2017/08/01,815.5,820.0,777.5,795.0,106600,795,2.0
2017/08/02,831.5,932.5,820.5,870.0,897600,870,2.0
2017/08/03,859.0,870.0,810.0,827.0,235200,827,2.0
2017/08/04,827.0,827.0,801.0,810.0,77100,810,2.0
2017/08/07,811.0,831.0,805.0,807.5,77900,807.5,2.0
2017/08/08,809.0,821.0,809.0,817.0,40500,817,2.0
2017/08/09,813.0,844.5,802.0,831.0,97300,831,2.0
2017/08/10,831.0,867.5,805.0,820.0,221700,820,2.0
2017/08/14,838.5,839.0,801.0,812.0,118500,812,2.0
2017/08/15,820.0,824.0,801.5,805.5,81600,805.5,2.0
2017/08/16,814.0,819.0,804.0,814.5,46100,814.5,2.0
2017/08/17,814.0,818.5,807.0,810.5,38600,810.5,2.0
2017/08/18,800.0,808.0,793.5,801.0,67400,801,2.0
2017/08/21,801.5,806.5,795.0,796.5,38700,796.5,2.0
2017/08/22,797.0,805.0,796.0,797.5,30200,797.5,2.0
2017/08/23,799.0,802.5,789.0,793.0,49300,793,2.0
2017/08/24,797.0,799.0,787.0,795.0,40800,795,2.0
2017/08/25,792.5,830.0,792.5,825.5,117200,825.5,2.0
2017/08/28,835.0,880.0,830.0,877.0,199400,877,2.0
2017/08/29,871.5,871.5,827.5,850.0,163900,850,2.0
2017/08/30,859.5,859.5,830.5,837.0,58500,837,2.0
2017/08/31,837.0,860.0,828.5,848.0,56700,848,2.0
2017/09/01,850.5,851.0,836.0,844.0,38300,844,2.0
2017/09/04,843.5,844.5,813.0,824.5,66500,824.5,2.0
2017/09/05,817.5,823.5,797.5,802.5,75200,802.5,2.0
2017/09/06,782.5,818.5,775.0,802.5,58800,802.5,2.0
2017/09/07,805.0,822.5,797.5,797.5,36700,797.5,2.0
2017/09/08,798.0,814.5,798.0,810.0,33000,810,2.0
2017/09/11,827.5,851.5,821.0,844.0,85200,844,2.0
2017/09/12,854.0,879.0,841.5,875.5,160200,875.5,2.0
2017/09/13,875.0,912.5,875.0,909.0,227400,909,2.0
2017/09/14,910.0,920.5,864.0,875.5,120300,875.5,2.0
2017/09/15,862.5,900.0,855.0,897.5,62000,897.5,2.0
2017/09/19,897.5,925.0,895.5,922.0,111300,922,2.0
2017/09/20,923.0,929.5,903.5,910.0,75200,910,2.0
2017/09/21,910.0,925.0,883.0,893.0,81400,893,2.0
2017/09/22,893.5,895.5,857.5,859.0,82900,859,2.0
2017/09/25,875.0,891.0,865.0,878.0,50100,878,2.0
2017/09/26,874.5,889.5,874.5,884.0,36700,884,2.0
2017/09/27,869,945,868,922,207800,922,1
2017/09/28,938,938,910,914,110900,914,1
2017/09/29,920,924,878,886,140000,886,1
2017/10/02,886,907,873,877,101400,877,1
2017/10/03,878,896,876,885,80700,885,1
2017/10/04,885,904,878,895,132100,895,1
2017/10/05,892,900,876,876,99500,876,1
2017/10/06,870,878,848,854,136200,854,1
2017/10/10,850,870,847,861,61400,861,1
2017/10/11,876,876,851,854,77900,854,1
2017/10/12,854,866,844,851,58200,851,1
2017/10/13,848,848,835,839,82300,839,1
2017/10/16,836,838,808,830,122900,830,1
2017/10/17,824,837,817,822,80300,822,1
2017/10/18,821,825,803,805,90100,805,1
2017/10/19,806,810,803,804,73600,804,1
2017/10/20,804,804,785,786,221100,786,1
2017/10/23,792,807,782,803,108500,803,1
2017/10/24,825,825,796,804,116400,804,1
2017/10/25,818,823,802,808,107000,808,1
2017/10/26,806,822,802,815,72400,815,1
2017/10/27,812,821,811,817,49600,817,1
2017/10/30,818,832,816,832,102800,832,1
2017/10/31,835,835,820,827,58600,827,1
2017/11/01,833,833,821,824,50800,824,1
2017/11/02,822,822,805,815,75000,815,1
2017/11/06,810,816,804,805,58700,805,1
2017/11/07,805,808,796,805,65800,805,1
2017/11/08,803,805,798,802,41200,802,1
2017/11/09,805,817,791,809,129500,809,1
2017/11/10,805,817,798,802,68600,802,1
2017/11/13,809,814,798,813,60900,813,1
2017/11/14,730,764,729,751,203500,751,1
2017/11/15,754,754,718,718,185600,718,1
2017/11/16,711,734,710,721,63200,721,1
2017/11/17,735,759,733,757,74800,757,1
2017/11/20,761,774,754,755,49400,755,1
2017/11/21,756,761,747,754,36900,754,1
2017/11/22,747,764,741,762,51200,762,1
2017/11/24,762,788,757,786,69900,786,1
2017/11/27,800,804,792,795,45300,795,1
2017/11/28,799,819,794,816,107200,816,1
2017/11/29,819,827,802,805,96900,805,1
2017/11/30,802,814,794,809,61400,809,1
2017/12/01,809,815,807,811,39500,811,1
2017/12/04,816,826,811,817,77200,817,1
2017/12/05,817,824,801,813,48900,813,1
2017/12/06,810,818,801,801,35700,801,1
2017/12/07,803,818,803,813,55600,813,1
2017/12/08,815,821,811,815,45900,815,1
2017/12/11,816,834,812,829,93800,829,1
2017/12/12,834,843,821,829,66200,829,1
2017/12/13,825,829,818,826,36300,826,1
2017/12/14,821,844,821,843,74400,843,1
2017/12/15,830,831,815,825,62300,825,1
2017/12/18,824,825,805,808,74000,808,1
2017/12/19,806,806,790,796,82200,796,1
2017/12/20,791,793,769,779,104500,779,1
2017/12/21,776,790,776,783,44300,783,1
2017/12/22,783,785,770,771,107200,771,1
2017/12/25,780,781,755,766,130700,766,1
2017/12/26,766,766,750,752,135500,752,1
2017/12/27,743,763,743,754,71200,754,1
2017/12/28,756,756,733,733,63900,733,1
2017/12/29,735,740,730,730,56400,730,1
2018/01/04,725,735,725,727,55300,727,1
2018/01/05,723,732,720,730,94400,730,1
2018/01/09,740,742,728,732,75900,732,1
2018/01/10,731,736,726,734,83700,734,1
2018/01/11,731,734,728,730,69600,730,1
2018/01/12,727,734,727,731,69600,731,1
2018/01/15,725,729,718,719,114800,719,1
2018/01/16,716,718,692,706,151200,706,1
2018/01/17,706,706,690,695,115200,695,1
2018/01/18,699,702,692,694,56500,694,1
2018/01/19,690,694,682,684,97700,684,1
2018/01/22,689,691,680,687,48300,687,1
2018/01/23,690,700,689,696,58300,696,1
2018/01/24,697,699,690,694,58300,694,1
2018/01/25,684,691,684,685,59000,685,1
2018/01/26,685,693,681,682,87000,682,1
2018/01/29,690,690,676,679,53300,679,1
2018/01/30,683,683,675,680,65900,680,1
2018/01/31,679,685,676,678,67400,678,1
2018/02/01,679,685,678,685,40900,685,1
2018/02/02,685,685,674,678,61100,678,1
2018/02/05,670,670,655,662,74600,662,1
2018/02/06,632,632,565,603,188900,603,1
2018/02/07,620,641,596,596,82500,596,1
2018/02/08,597,608,595,602,72700,602,1
2018/02/09,580,588,570,583,70300,583,1
2018/02/13,583,590,570,576,63100,576,1
2018/02/14,566,574,520,526,182800,526,1
2018/02/15,535,557,516,556,95900,556,1
2018/02/16,555,593,553,556,141200,556,1
2018/02/19,566,604,561,602,79500,602,1
2018/02/20,607,608,596,607,53200,607,1
2018/02/21,601,615,597,612,70100,612,1
2018/02/22,620,712,617,712,326000,712,1
2018/02/23,757,805,719,733,1802500,733,1
2018/02/26,735,740,701,712,219100,712,1
2018/02/27,712,716,682,690,165000,690,1
2018/02/28,689,696,680,681,51400,681,1
2018/03/01,671,671,650,660,105800,660,1
2018/03/02,651,655,641,648,62500,648,1
2018/03/05,647,648,615,616,67700,616,1
2018/03/06,626,636,612,612,74000,612,1
2018/03/07,610,620,603,605,46600,605,1
2018/03/08,608,611,604,607,46900,607,1
2018/03/09,617,623,585,588,169200,588,1
2018/03/12,598,608,591,606,54700,606,1
2018/03/13,610,627,608,613,75000,613,1
2018/03/14,615,619,601,603,42900,603,1
2018/03/15,604,604,593,595,31800,595,1
2018/03/16,595,596,577,578,71800,578,1
2018/03/19,576,581,563,568,74100,568,1
2018/03/20,568,585,562,577,53000,577,1
2018/03/22,578,583,570,582,40700,582,1
2018/03/23,570,570,552,560,62300,560,1
2018/03/26,554,563,540,560,57000,560,1
2018/03/27,565,580,565,579,49100,579,1
2018/03/28,572,591,572,590,37100,590,1
2018/03/29,590,611,586,611,82300,611,1
2018/03/30,614,615,596,599,50000,599,1
2018/04/02,599,599,577,579,66200,579,1
2018/04/03,572,581,572,575,23400,575,1
2018/04/04,582,582,571,576,23000,576,1
2018/04/05,580,596,575,596,26900,596,1
2018/04/06,591,592,582,587,45100,587,1
2018/04/09,585,594,580,594,28400,594,1
2018/04/10,596,596,581,586,22300,586,1
2018/04/11,583,585,568,580,39100,580,1
2018/04/12,572,585,572,580,19300,580,1
2018/04/13,579,579,574,574,28800,574,1
2018/04/16,574,576,559,560,46700,560,1
2018/04/17,562,565,554,555,45500,555,1
2018/04/18,555,568,555,566,33400,566,1
2018/04/19,566,570,554,569,39300,569,1
2018/04/20,569,577,567,569,27000,569,1
2018/04/23,569,573,565,573,16200,573,1
2018/04/24,575,581,570,581,20300,581,1
2018/04/25,586,586,580,581,20500,581,1
2018/04/26,588,588,576,584,24600,584,1
2018/04/27,580,585,578,581,20700,581,1
2018/05/01,578,592,578,586,25200,586,1
2018/05/02,586,599,585,599,36100,599,1
2018/05/07,598,605,592,604,32200,604,1
2018/05/08,601,613,598,611,48900,611,1
2018/05/09,615,615,605,606,28200,606,1
2018/05/10,606,606,591,592,27000,592,1
2018/05/11,592,596,590,596,16000,596,1
2018/05/14,596,609,596,609,31700,609,1
2018/05/15,600,613,594,613,44000,613,1
2018/05/16,618,644,616,626,233400,626,1
2018/05/17,630,632,618,631,78900,631,1
2018/05/18,630,633,624,626,20600,626,1
2018/05/21,625,632,618,619,58800,619,1
2018/05/22,624,624,601,603,57000,603,1
2018/05/23,600,616,595,595,68500,595,1
2018/05/24,604,610,593,597,38100,597,1
2018/05/25,598,601,587,591,44500,591,1
2018/05/28,595,597,591,593,17700,593,1
2018/05/29,595,595,590,594,20800,594,1
2018/05/30,585,596,583,592,46200,592,1
2018/05/31,595,597,589,589,29800,589,1
2018/06/01,595,595,588,591,19300,591,1
2018/06/04,591,596,580,588,55800,588,1
2018/06/05,589,592,576,577,52300,577,1
2018/06/06,576,579,572,573,30100,573,1
2018/06/07,572,585,572,585,47000,585,1
2018/06/08,588,594,583,584,30000,584,1
2018/06/11,584,585,571,575,50000,575,1
2018/06/12,573,580,573,575,28200,575,1
2018/06/13,574,586,574,582,43000,582,1
2018/06/14,584,584,575,576,32500,576,1
2018/06/15,580,580,575,578,12100,578,1
2018/06/18,592,613,571,603,506600,603,1
2018/06/19,604,604,570,570,174900,570,1
2018/06/20,572,578,545,568,111400,568,1
2018/06/21,566,574,557,559,31300,559,1
2018/06/22,573,573,555,560,58800,560,1
2018/06/25,561,590,560,584,127500,584,1
2018/06/26,589,595,558,575,113000,575,1
2018/06/27,572,575,561,570,53800,570,1
2018/06/28,570,573,555,573,85900,573,1
2018/06/29,573,585,570,572,85000,572,1
2018/07/02,573,591,560,565,163400,565,1
2018/07/03,565,575,558,566,62700,566,1
2018/07/04,574,626,571,607,612400,607,1
2018/07/05,603,632,588,600,473400,600,1
2018/07/06,601,627,593,627,291100,627,1
2018/07/09,667,667,622,641,508700,641,1
2018/07/10,634,696,629,680,783800,680,1
2018/07/11,673,685,658,668,346900,668,1
2018/07/12,668,680,623,624,261500,624,1
2018/07/13,631,658,630,635,166800,635,1
2018/07/17,629,631,599,600,168600,600,1
2018/07/18,610,621,596,614,158100,614,1
2018/07/19,618,621,602,602,55300,602,1
2018/07/20,607,635,602,635,171600,635,1
2018/07/23,634,664,627,658,192600,658,1
2018/07/24,674,679,655,665,162100,665,1
2018/07/25,666,676,654,660,84700,660,1
2018/07/26,661,665,642,662,84600,662,1
2018/07/27,665,677,654,677,146200,677,1
2018/07/30,668,680,658,658,187700,658,1
2018/07/31,655,658,640,642,68900,642,1
2018/08/01,640,642,630,633,65600,633,1
2018/08/02,633,643,617,621,71700,621,1
2018/08/03,626,652,622,646,92000,646,1
2018/08/06,642,655,630,630,49600,630,1
2018/08/07,635,637,623,624,44700,624,1
2018/08/08,624,665,624,660,105800,660,1
2018/08/09,658,673,649,649,76100,649,1
2018/08/10,653,675,635,641,159600,641,1
2018/08/13,624,627,570,578,249000,578,1
2018/08/14,582,588,580,584,59800,584,1
