2015/11/24,926.25,1101.25,751.25,962.5,2256400,962.5,4.0
2015/11/25,1015.0,1137.5,942.5,1137.5,5177100,1137.5,4.0
2015/11/26,1207.5,1247.5,1056.25,1067.5,4503800,1067.5,4.0
2015/11/27,1066.25,1087.5,962.5,1010.0,1804500,1010,4.0
2015/11/30,1006.25,1088.75,978.75,1020.0,1656200,1020,4.0
2015/12/01,987.5,1017.5,963.75,965.0,606400,965,4.0
2015/12/02,952.5,962.5,890.0,896.25,483800,896.25,4.0
2015/12/03,890.0,922.5,862.5,868.75,318100,868.75,4.0
2015/12/04,845.0,871.25,802.5,820.0,230500,820,4.0
2015/12/07,845.0,908.75,813.75,887.5,866500,887.5,4.0
2015/12/08,911.25,932.5,852.5,885.0,522600,885,4.0
2015/12/09,871.25,897.5,827.5,842.5,219700,842.5,4.0
2015/12/10,840.0,840.0,808.75,813.75,72600,813.75,4.0
2015/12/11,825.0,830.0,766.25,777.5,103400,777.5,4.0
2015/12/14,752.5,810.0,737.5,787.5,118100,787.5,4.0
2015/12/15,840.0,878.75,780.0,811.25,555100,811.25,4.0
2015/12/16,825.0,836.25,782.5,795.0,95500,795,4.0
2015/12/17,761.25,820.0,755.0,812.5,112400,812.5,4.0
2015/12/18,795.0,801.25,778.75,778.75,48000,778.75,4.0
2015/12/21,786.25,786.25,745.0,750.0,58500,750,4.0
2015/12/22,750.0,750.0,700.5,705.0,72700,705,4.0
2015/12/24,707.5,729.25,700.25,702.5,41700,702.5,4.0
2015/12/25,700.0,700.0,633.25,639.5,86500,639.5,4.0
2015/12/28,654.5,655.0,602.5,650.0,91800,650,2.0
2015/12/29,662.5,782.5,650.0,735.5,316800,735.5,2.0
2015/12/30,770.0,807.0,765.5,784.0,365000,784,2.0
2016/01/04,788.5,805.0,737.5,758.5,122700,758.5,2.0
2016/01/05,762.5,832.5,735.5,832.5,168500,832.5,2.0
2016/01/06,860.0,880.0,790.0,812.5,233600,812.5,2.0
2016/01/07,796.5,800.0,725.0,750.0,94800,750,2.0
2016/01/08,715.0,772.5,710.0,749.5,70000,749.5,2.0
2016/01/12,719.5,726.5,632.5,679.0,87000,679,2.0
2016/01/13,679.0,707.5,660.0,686.0,58500,686,2.0
2016/01/14,659.5,676.0,625.5,666.0,44800,666,2.0
2016/01/15,750.0,775.0,672.5,675.0,194500,675,2.0
2016/01/18,630.0,664.5,607.5,648.0,83900,648,2.0
2016/01/19,648.5,685.0,635.0,685.0,48200,685,2.0
2016/01/20,695.0,699.0,610.0,622.5,51000,622.5,2.0
2016/01/21,617.0,648.0,562.0,567.5,97200,567.5,2.0
2016/01/22,612.5,612.5,575.0,599.5,47900,599.5,2.0
2016/01/25,614.5,632.0,590.5,631.0,40500,631,2.0
2016/01/26,601.5,630.0,601.5,613.0,29500,613,2.0
2016/01/27,628.0,640.0,615.0,625.0,26700,625,2.0
2016/01/28,630.0,653.0,625.5,651.0,53100,651,2.0
2016/01/29,652.0,662.5,640.0,650.0,35000,650,2.0
2016/02/01,660.5,715.0,657.5,690.0,77200,690,2.0
2016/02/02,675.0,775.0,673.5,762.5,214600,762.5,2.0
2016/02/03,742.5,745.0,703.0,725.5,81900,725.5,2.0
2016/02/04,735.0,797.5,725.5,725.5,234600,725.5,2.0
2016/02/05,690.0,692.0,626.0,683.5,104300,683.5,2.0
2016/02/08,647.5,680.0,640.0,670.0,40900,670,2.0
2016/02/09,635.0,644.5,612.5,614.0,45400,614,2.0
2016/02/10,625.0,635.0,565.0,600.5,59700,600.5,2.0
2016/02/12,510.5,550.0,461.5,465.5,151900,465.5,2.0
2016/02/15,540.5,540.5,510.0,540.5,69900,540.5,2.0
2016/02/16,530.0,580.0,530.0,550.0,83100,550,2.0
2016/02/17,535.5,610.0,535.5,589.0,104600,589,2.0
2016/02/18,607.0,622.0,600.5,605.5,57900,605.5,2.0
2016/02/19,582.0,607.5,574.0,600.5,32400,600.5,2.0
2016/02/22,614.0,693.0,607.5,669.5,145500,669.5,2.0
2016/02/23,719.5,724.5,668.0,694.0,159100,694,2.0
2016/02/24,680.0,745.0,671.5,744.5,136500,744.5,2.0
2016/02/25,748.0,831.5,732.5,819.5,419600,819.5,2.0
2016/02/26,849.0,870.0,825.0,828.5,299100,828.5,2.0
2016/02/29,875.0,875.0,828.5,828.5,168800,828.5,2.0
2016/03/01,825.0,829.0,755.0,817.5,118400,817.5,2.0
2016/03/02,849.0,849.5,810.0,811.0,84300,811,2.0
2016/03/03,810.0,814.0,761.0,789.5,87400,789.5,2.0
2016/03/04,775.0,799.0,763.5,789.5,55900,789.5,2.0
2016/03/07,788.0,788.0,760.0,763.0,37600,763,2.0
2016/03/08,765.0,772.0,750.5,750.5,39400,750.5,2.0
2016/03/09,751.5,761.5,730.5,732.0,40300,732,2.0
2016/03/10,733.5,844.0,730.5,839.5,319300,839.5,2.0
2016/03/11,841.0,945.0,814.0,875.0,1346500,875,2.0
2016/03/14,940.0,959.0,907.5,927.5,613800,927.5,2.0
2016/03/15,935.0,939.0,880.0,905.5,203800,905.5,2.0
2016/03/16,900.0,957.5,886.0,946.5,343600,946.5,2.0
2016/03/17,972.0,1024.5,955.0,972.0,824100,972,2.0
2016/03/18,983.0,1005.0,931.0,994.5,349700,994.5,2.0
2016/03/22,1026.0,1060.0,1004.0,1025.0,610000,1025,2.0
2016/03/23,1040.0,1041.0,992.5,1002.0,254200,1002,2.0
2016/03/24,998.5,1020.0,960.0,1020.0,188100,1020,2.0
2016/03/25,1020.0,1032.5,994.5,1010.5,168900,1010.5,2.0
2016/03/28,1020.0,1045.0,997.0,1005.5,144400,1005.5,2.0
2016/03/29,1010.0,1119.5,1010.0,1075.5,631400,1075.5,2.0
2016/03/30,1090.0,1165.0,1075.5,1165.0,558700,1165,2.0
2016/03/31,1200.0,1206.0,1121.0,1155.0,448800,1155,2.0
2016/04/01,1170.0,1170.0,1052.5,1100.0,256100,1100,2.0
2016/04/04,1090.0,1350.0,1060.0,1350.0,1506600,1350,2.0
2016/04/05,1425.0,1495.0,1217.5,1325.0,2241900,1325,2.0
2016/04/06,1275.0,1421.0,1253.0,1330.0,1007600,1330,2.0
2016/04/07,1355.0,1395.0,1291.0,1342.0,529800,1342,2.0
2016/04/08,1300.0,1410.0,1262.5,1375.0,573200,1375,2.0
2016/04/11,1410.0,1625.0,1382.5,1625.0,1970500,1625,2.0
2016/04/12,1632.5,1640.0,1458.0,1515.0,1088600,1515,2.0
2016/04/13,1450.0,1610.0,1420.5,1587.5,614700,1587.5,2.0
2016/04/14,1620.0,1625.0,1485.0,1547.5,434300,1547.5,2.0
2016/04/15,1449.5,1540.0,1405.0,1455.0,406700,1455,2.0
2016/04/18,1415.0,1450.0,1390.0,1393.0,187800,1393,2.0
2016/04/19,1421.5,1490.0,1355.0,1457.5,361000,1457.5,2.0
2016/04/20,1500.0,1707.5,1500.0,1707.5,1170700,1707.5,2.0
2016/04/21,1777.5,2057.5,1660.0,2057.5,1856300,2057.5,2.0
2016/04/22,2210.0,2407.5,2027.5,2275.0,1948100,2275,2.0
2016/04/25,2235.0,2400.0,2112.5,2175.0,640700,2175,2.0
2016/04/26,2070.0,2172.5,1860.0,2032.5,445600,2032.5,2.0
2016/04/27,1997.5,2092.5,1920.0,1940.0,279500,1940,2.0
2016/04/28,2007.5,2015.0,1825.0,1882.5,250800,1882.5,2.0
2016/05/02,1777.5,2045.0,1750.0,1975.0,312100,1975,2.0
2016/05/06,2035.0,2295.0,2005.0,2290.0,945200,2290,2.0
2016/05/09,2345.0,2442.5,2190.0,2295.0,854300,2295,2.0
2016/05/10,2290.0,2335.0,2190.0,2200.0,264500,2200,2.0
2016/05/11,2175.0,2387.5,2110.0,2387.5,675000,2387.5,2.0
2016/05/12,2385.0,2740.0,2367.5,2725.0,1953600,2725,2.0
2016/05/13,2625.0,2770.0,2405.0,2675.0,1286600,2675,2.0
2016/05/16,2695.0,3160.0,2470.0,2540.0,1904400,2540,2.0
2016/05/17,2540.0,3040.0,2540.0,3040.0,1805700,3040,2.0
2016/05/18,3250.0,3290.0,2540.0,2540.0,1467100,2540,2.0
2016/05/19,2690.0,2735.0,2355.0,2472.5,751800,2472.5,2.0
2016/05/20,2397.5,2580.0,2252.5,2500.0,526000,2500,2.0
2016/05/23,2550.0,2890.0,2545.0,2810.0,1246200,2810,2.0
2016/05/24,2785.0,2815.0,2645.0,2650.0,348500,2650,2.0
2016/05/25,2750.0,2775.0,2425.0,2510.0,371400,2510,2.0
2016/05/26,2427.5,2447.5,2150.0,2395.0,504000,2395,2.0
2016/05/27,2302.5,2477.5,2267.5,2292.5,275800,2292.5,2.0
2016/05/30,2315.0,2525.0,2307.5,2515.0,334500,2515,2.0
2016/05/31,2580.0,2665.0,2490.0,2535.0,570700,2535,2.0
2016/06/01,2500.0,2675.0,2487.5,2545.0,436500,2545,2.0
2016/06/02,2605.0,2615.0,2355.0,2455.0,292700,2455,2.0
2016/06/03,2460.0,2545.0,2417.5,2447.5,190800,2447.5,2.0
2016/06/06,2342.5,2372.5,2280.0,2335.0,222100,2335,2.0
2016/06/07,2390.0,2392.5,2160.0,2200.0,304400,2200,2.0
2016/06/08,2170.0,2200.0,2010.0,2180.0,469900,2180,2.0
2016/06/09,2215.0,2290.0,2160.0,2205.0,296200,2205,2.0
2016/06/10,2197.5,2200.0,2115.0,2140.0,160100,2140,2.0
2016/06/13,2035.0,2090.0,2015.0,2047.5,141300,2047.5,2.0
2016/06/14,2000.0,2007.5,1752.5,1755.0,267200,1755,2.0
2016/06/15,1765.0,1940.0,1755.0,1887.5,291100,1887.5,2.0
2016/06/16,1820.0,1890.0,1655.0,1727.5,210600,1727.5,2.0
2016/06/17,1830.0,1840.0,1660.0,1690.0,142300,1690,2.0
2016/06/20,1725.0,1797.5,1692.5,1777.5,101300,1777.5,2.0
2016/06/21,1707.5,2127.5,1690.0,1900.0,461200,1900,2.0
2016/06/22,1850.0,1865.0,1690.0,1700.0,245300,1700,2.0
2016/06/23,1650.0,1712.5,1617.5,1675.0,101600,1675,2.0
2016/06/24,1742.5,1747.5,1338.5,1500.0,212700,1500,2.0
2016/06/27,1585.0,1642.5,1532.5,1565.0,106900,1565,2.0
2016/06/28,1540.0,1695.0,1510.0,1620.0,113200,1620,2.0
2016/06/29,1655.0,1800.0,1650.0,1720.0,181200,1720,2.0
2016/06/30,1810.0,1890.0,1765.0,1802.5,255400,1802.5,2.0
2016/07/01,1890.0,1920.0,1815.0,1840.0,178600,1840,2.0
2016/07/04,1845.0,1895.0,1835.0,1837.5,96500,1837.5,2.0
2016/07/05,1850.0,1857.5,1727.5,1737.5,93900,1737.5,2.0
2016/07/06,1670.0,1690.0,1590.0,1615.0,118700,1615,2.0
2016/07/07,1612.5,1655.0,1535.0,1550.0,82500,1550,2.0
2016/07/08,1532.5,1627.5,1502.5,1532.5,79500,1532.5,2.0
2016/07/11,1610.0,1610.0,1545.0,1590.0,58800,1590,2.0
2016/07/12,1605.0,1655.0,1605.0,1612.5,61500,1612.5,2.0
2016/07/13,1632.5,1645.0,1552.5,1570.0,59900,1570,2.0
2016/07/14,1605.0,1637.5,1562.5,1590.0,79300,1590,2.0
2016/07/15,1905.0,1915.0,1775.0,1825.0,376000,1825,2.0
2016/07/19,1855.0,1855.0,1700.0,1772.5,129200,1772.5,2.0
2016/07/20,1737.5,1747.5,1700.0,1730.0,62100,1730,2.0
2016/07/21,1712.5,1725.0,1640.0,1665.0,79700,1665,2.0
2016/07/22,1642.5,1710.0,1632.5,1642.5,55000,1642.5,2.0
2016/07/25,1670.0,1687.5,1647.5,1657.5,33300,1657.5,2.0
2016/07/26,1652.5,1670.0,1612.5,1615.0,33700,1615,2.0
2016/07/27,1640.0,1640.0,1580.0,1590.0,47100,1590,2.0
2016/07/28,1577.5,1600.0,1555.0,1582.5,31100,1582.5,2.0
2016/07/29,1552.5,1620.0,1522.5,1620.0,55000,1620,2.0
2016/08/01,1605.0,1647.5,1580.0,1625.0,33700,1625,2.0
2016/08/02,1645.0,1835.0,1645.0,1815.0,208100,1815,2.0
2016/08/03,1792.5,1797.5,1675.0,1687.5,103000,1687.5,2.0
2016/08/04,1720.0,1737.5,1652.5,1655.0,55300,1655,2.0
2016/08/05,1652.5,1707.5,1625.0,1625.0,36700,1625,2.0
2016/08/08,1655.0,1657.5,1570.0,1570.0,42700,1570,2.0
2016/08/09,1567.5,1620.0,1557.5,1595.0,49600,1595,2.0
2016/08/10,1647.5,1705.0,1622.5,1632.5,63200,1632.5,2.0
2016/08/12,1640.0,1762.5,1640.0,1747.5,84200,1747.5,2.0
2016/08/15,1727.5,1745.0,1705.0,1730.0,47100,1730,2.0
2016/08/16,1732.5,1850.0,1712.5,1812.5,141900,1812.5,2.0
2016/08/17,1860.0,1880.0,1820.0,1837.5,121000,1837.5,2.0
2016/08/18,1825.0,1825.0,1757.5,1762.5,53300,1762.5,2.0
2016/08/19,1850.0,1900.0,1837.5,1867.5,179700,1867.5,2.0
2016/08/22,1930.0,2065.0,1905.0,1980.0,357800,1980,2.0
2016/08/23,2000.0,2045.0,1877.5,1892.5,189200,1892.5,2.0
2016/08/24,1892.5,1917.5,1807.5,1845.0,122600,1845,2.0
2016/08/25,1890.0,1890.0,1852.5,1852.5,47600,1852.5,2.0
2016/08/26,1750.0,1780.0,1742.5,1752.5,133300,1752.5,2.0
2016/08/29,1760,1803,1707,1781,202000,1781,1
2016/08/30,1797,1797,1751,1759,73600,1759,1
2016/08/31,1736,1738,1666,1670,171300,1670,1
2016/09/01,1640,1646,1591,1608,177800,1608,1
2016/09/02,1591,1709,1585,1660,199200,1660,1
2016/09/05,1700,1735,1675,1685,138200,1685,1
2016/09/06,1685,1732,1682,1688,101000,1688,1
2016/09/07,1700,1735,1681,1728,133300,1728,1
2016/09/08,1728,1745,1706,1710,86600,1710,1
2016/09/09,1712,1723,1690,1702,71200,1702,1
2016/09/12,1663,1689,1643,1658,90000,1658,1
2016/09/13,1678,1701,1661,1701,57100,1701,1
2016/09/14,1705,1705,1651,1657,72300,1657,1
2016/09/15,1627,1645,1621,1630,55900,1630,1
2016/09/16,1667,1722,1643,1674,87800,1674,1
2016/09/20,1655,1722,1655,1695,87500,1695,1
2016/09/21,1698,1740,1665,1724,153900,1724,1
2016/09/23,1750,1864,1747,1857,473100,1857,1
2016/09/26,1933,1974,1888,1892,455400,1892,1
2016/09/27,1870,2016,1820,2016,438700,2016,1
2016/09/28,2051,2208,2000,2114,1198300,2114,1
2016/09/29,2170,2189,2088,2105,323700,2105,1
2016/09/30,2057,2150,2055,2100,230900,2100,1
2016/10/03,2140,2140,2006,2021,185600,2021,1
2016/10/04,2000,2099,1937,2090,280600,2090,1
2016/10/05,2071,2260,2069,2260,803900,2260,1
2016/10/06,2350,2388,2203,2268,1283900,2268,1
2016/10/07,2234,2249,2175,2209,257800,2209,1
2016/10/11,2250,2275,2207,2220,205000,2220,1
2016/10/12,2235,2235,2127,2136,177500,2136,1
2016/10/13,2144,2218,2123,2186,167900,2186,1
2016/10/14,1922,2040,1915,1991,534600,1991,1
2016/10/17,1956,1985,1945,1974,165100,1974,1
2016/10/18,2009,2080,1995,2069,295800,2069,1
2016/10/19,2069,2138,2042,2088,269800,2088,1
2016/10/20,2171,2270,2135,2250,895900,2250,1
2016/10/21,2246,2260,2189,2230,340600,2230,1
2016/10/24,2271,2275,2175,2179,228400,2179,1
2016/10/25,2179,2210,2081,2111,209100,2111,1
2016/10/26,2090,2137,2079,2104,144200,2104,1
2016/10/27,2093,2178,2080,2168,180300,2168,1
2016/10/28,2190,2210,2113,2136,187400,2136,1
2016/10/31,2160,2188,2146,2168,126800,2168,1
2016/11/01,2170,2177,2088,2095,153200,2095,1
2016/11/02,2055,2056,1960,1997,268700,1997,1
2016/11/04,1941,1977,1931,1936,152400,1936,1
2016/11/07,1974,2000,1948,1991,115800,1991,1
2016/11/08,2030,2040,1976,1987,78300,1987,1
2016/11/09,1987,2016,1740,1825,342400,1825,1
2016/11/10,1945,1946,1885,1914,163800,1914,1
2016/11/11,1936,1944,1901,1903,92800,1903,1
2016/11/14,1880,1939,1860,1919,58900,1919,1
2016/11/15,1950,1953,1897,1944,86600,1944,1
2016/11/16,1930,2032,1930,2030,233700,2030,1
2016/11/17,2014,2027,1977,2016,100200,2016,1
2016/11/18,1989,2038,1989,2001,105700,2001,1
2016/11/21,2078,2141,2051,2129,350000,2129,1
2016/11/22,2141,2155,2063,2085,202400,2085,1
2016/11/24,2076,2084,2031,2031,141300,2031,1
2016/11/25,2000,2010,1980,1984,143200,1984,1
2016/11/28,1986,2036,1980,2029,94700,2029,1
2016/11/29,2029,2045,2015,2022,85400,2022,1
2016/11/30,2035,2043,1988,1994,130200,1994,1
2016/12/01,1985,2030,1984,1985,103900,1985,1
2016/12/02,1981,1988,1935,1940,131900,1940,1
2016/12/05,1911,1974,1911,1953,55300,1953,1
2016/12/06,1959,1971,1948,1948,50500,1948,1
2016/12/07,1941,1948,1923,1929,75800,1929,1
2016/12/08,1920,1936,1903,1907,95200,1907,1
2016/12/09,1883,1934,1876,1920,76100,1920,1
2016/12/12,1959,2025,1948,2010,146900,2010,1
2016/12/13,2005,2045,2002,2005,120200,2005,1
2016/12/14,2013,2038,2002,2014,109800,2014,1
2016/12/15,2030,2043,2017,2025,101100,2025,1
2016/12/16,2050,2078,2031,2068,184100,2068,1
2016/12/19,2087,2112,2021,2040,164100,2040,1
2016/12/20,2036,2051,2002,2039,68100,2039,1
2016/12/21,2026,2039,2000,2000,87600,2000,1
2016/12/22,2004,2021,1991,2004,71800,2004,1
2016/12/26,2010,2055,2010,2040,117100,2040,1
2016/12/27,2050,2072,2033,2033,104400,2033,1
2016/12/28,2045,2082,2043,2063,87100,2063,1
2016/12/29,2053,2075,2012,2018,81400,2018,1
2016/12/30,2012,2128,2012,2083,253500,2083,1
2017/01/04,2150,2150,2100,2104,227300,2104,1
2017/01/05,2140,2272,2126,2272,759400,2272,1
2017/01/06,2265,2290,2222,2248,481500,2248,1
2017/01/10,2289,2299,2209,2210,305800,2210,1
2017/01/11,2209,2243,2162,2165,159600,2165,1
2017/01/12,2167,2226,2108,2203,165500,2203,1
2017/01/13,2229,2290,2222,2275,445500,2275,1
2017/01/16,2125,2181,2081,2147,608300,2147,1
2017/01/17,2168,2179,2118,2131,160000,2131,1
2017/01/18,2110,2159,2110,2136,105500,2136,1
2017/01/19,2150,2159,2111,2111,89000,2111,1
2017/01/20,2103,2120,2100,2107,54900,2107,1
2017/01/23,2124,2210,2117,2161,175300,2161,1
2017/01/24,2173,2239,2170,2237,191700,2237,1
2017/01/25,2249,2260,2203,2243,178800,2243,1
2017/01/26,2260,2260,2203,2205,125200,2205,1
2017/01/27,2199,2199,2121,2127,262300,2127,1
2017/01/30,2136,2145,2101,2109,124500,2109,1
2017/01/31,2120,2152,2080,2082,206300,2082,1
2017/02/01,2062,2080,2028,2072,115600,2072,1
2017/02/02,2076,2090,2050,2050,77400,2050,1
2017/02/03,2050,2064,2030,2030,71400,2030,1
2017/02/06,2048,2058,2037,2052,49500,2052,1
2017/02/07,2049,2049,2024,2026,52900,2026,1
2017/02/08,2026,2026,1991,2006,115600,2006,1
2017/02/09,2005,2014,1993,1996,67600,1996,1
2017/02/10,2007,2018,1998,2005,60800,2005,1
2017/02/13,2029,2081,2010,2067,107500,2067,1
2017/02/14,2085,2104,2032,2037,102100,2037,1
2017/02/15,2046,2074,2046,2050,52900,2050,1
2017/02/16,2053,2059,2011,2013,58800,2013,1
2017/02/17,2004,2019,2002,2006,44100,2006,1
2017/02/20,2003,2027,1997,2022,53700,2022,1
2017/02/21,2022,2030,2016,2022,45700,2022,1
2017/02/22,2022,2032,2001,2001,72400,2001,1
2017/02/23,2006,2065,2002,2048,103500,2048,1
2017/02/24,2046,2064,2024,2027,84800,2027,1
2017/02/27,2021,2023,2012,2015,36100,2015,1
2017/02/28,2015,2030,2010,2010,48000,2010,1
2017/03/01,2010,2022,2003,2005,63200,2005,1
2017/03/02,2016,2016,2004,2005,70500,2005,1
2017/03/03,2012,2026,2007,2010,48200,2010,1
2017/03/06,2002,2010,2000,2000,68700,2000,1
2017/03/07,2000,2007,1998,1998,52200,1998,1
2017/03/08,2000,2031,1993,2002,81100,2002,1
2017/03/09,2007,2016,2003,2008,56900,2008,1
2017/03/10,2030,2100,2020,2100,264400,2100,1
2017/03/13,2130,2135,2037,2046,158400,2046,1
2017/03/14,2025,2130,2021,2081,156200,2081,1
2017/03/15,2120,2163,2043,2070,332700,2070,1
2017/03/16,2071,2150,2070,2131,193000,2131,1
2017/03/17,2127,2127,2063,2065,122400,2065,1
2017/03/21,2077,2116,2065,2080,77600,2080,1
2017/03/22,2050,2075,2010,2012,101700,2012,1
2017/03/23,2036,2050,2013,2032,49600,2032,1
2017/03/24,2033,2075,2021,2058,62300,2058,1
2017/03/27,2063,2063,2016,2016,56400,2016,1
2017/03/28,2010,2041,2005,2006,74800,2006,1
2017/03/29,2014,2064,2014,2053,63300,2053,1
2017/03/30,2039,2063,2012,2012,61900,2012,1
2017/03/31,2020,2033,2011,2013,48200,2013,1
2017/04/03,2005,2011,1998,1998,73100,1998,1
2017/04/04,1990,1991,1851,1903,191700,1903,1
2017/04/05,1917,1930,1871,1899,70600,1899,1
2017/04/06,1865,1898,1796,1805,115000,1805,1
2017/04/07,1813,1852,1784,1824,64600,1824,1
2017/04/10,1845,1858,1834,1839,37100,1839,1
2017/04/11,1825,1829,1783,1783,57000,1783,1
2017/04/12,1742,1747,1650,1663,144500,1663,1
2017/04/13,1613,1740,1601,1724,114400,1724,1
2017/04/14,1715,1729,1680,1708,82400,1708,1
2017/04/17,1662,1712,1650,1699,112100,1699,1
2017/04/18,1750,1785,1745,1756,82100,1756,1
2017/04/19,1752,1798,1752,1792,47800,1792,1
2017/04/20,1795,1825,1795,1825,53600,1825,1
2017/04/21,1832,1850,1813,1826,56700,1826,1
2017/04/24,1830,1837,1793,1809,50300,1809,1
2017/04/25,1810,1835,1808,1822,32600,1822,1
2017/04/26,1860,1870,1850,1850,51900,1850,1
2017/04/27,1852,1861,1831,1851,43300,1851,1
2017/04/28,1869,1880,1851,1852,39600,1852,1
2017/05/01,1853,1859,1820,1829,46900,1829,1
2017/05/02,1820,1826,1772,1820,77800,1820,1
2017/05/08,1840,1845,1826,1845,38100,1845,1
2017/05/09,1840,1853,1835,1840,38600,1840,1
2017/05/10,1850,1866,1848,1866,58500,1866,1
2017/05/11,1872,1876,1850,1851,52000,1851,1
2017/05/12,1851,1852,1807,1808,52200,1808,1
2017/05/15,1800,1806,1796,1802,26400,1802,1
2017/05/16,1810,1816,1795,1798,31400,1798,1
2017/05/17,1795,1800,1776,1777,36800,1777,1
2017/05/18,1725,1748,1722,1723,48600,1723,1
2017/05/19,1725,1743,1725,1728,36300,1728,1
2017/05/22,1752,1826,1752,1825,70900,1825,1
2017/05/23,1846,1855,1808,1809,81500,1809,1
2017/05/24,1834,1854,1820,1854,71300,1854,1
2017/05/25,1861,1867,1836,1850,54300,1850,1
2017/05/26,1840,1850,1823,1823,36900,1823,1
2017/05/29,1823,1888,1822,1829,83800,1829,1
2017/05/30,1830,1845,1821,1821,51800,1821,1
2017/05/31,1821,1824,1805,1808,40400,1808,1
2017/06/01,1842,1887,1830,1885,146300,1885,1
2017/06/02,1880,1885,1845,1846,94000,1846,1
2017/06/05,1870,1876,1831,1839,58600,1839,1
2017/06/06,1834,1860,1808,1813,58300,1813,1
2017/06/07,1808,1829,1808,1819,24700,1819,1
2017/06/08,1819,1825,1807,1807,35000,1807,1
2017/06/09,1833,1833,1807,1811,40100,1811,1
2017/06/12,1812,1819,1805,1812,27000,1812,1
2017/06/13,1806,1807,1800,1803,33300,1803,1
2017/06/14,1827,1830,1801,1807,30100,1807,1
2017/06/15,1800,1803,1784,1792,41600,1792,1
2017/06/16,1793,1799,1761,1762,43300,1762,1
2017/06/19,1775,1795,1764,1790,30900,1790,1
2017/06/20,1800,1805,1780,1782,36700,1782,1
2017/06/21,1785,1787,1771,1774,40100,1774,1
2017/06/22,1791,1791,1775,1775,36100,1775,1
2017/06/23,1775,1782,1770,1772,44200,1772,1
2017/06/26,1775,1827,1775,1827,69700,1827,1
2017/06/27,1842,1850,1809,1816,44300,1816,1
2017/06/28,1817,1832,1786,1786,44600,1786,1
2017/06/29,1790,1802,1787,1788,30100,1788,1
2017/06/30,1771,1780,1765,1768,54900,1768,1
2017/07/03,1774,1780,1765,1766,26500,1766,1
2017/07/04,1765,1765,1740,1741,67900,1741,1
2017/07/05,1741,1743,1710,1719,83200,1719,1
2017/07/06,1719,1727,1713,1719,28400,1719,1
2017/07/07,1715,1717,1710,1711,40000,1711,1
2017/07/10,1716,1727,1716,1724,37600,1724,1
2017/07/11,1725,1746,1725,1742,71600,1742,1
2017/07/12,1742,1767,1739,1767,51300,1767,1
2017/07/13,1767,1779,1752,1762,49000,1762,1
2017/07/14,1759,1777,1747,1771,59800,1771,1
2017/07/18,1670,1700,1655,1700,143400,1700,1
2017/07/19,1723,1723,1696,1708,33300,1708,1
2017/07/20,1710,1717,1705,1707,31600,1707,1
2017/07/21,1702,1706,1700,1701,31700,1701,1
2017/07/24,1700,1703,1688,1690,35100,1690,1
2017/07/25,1682,1712,1676,1676,51200,1676,1
2017/07/26,1678,1683,1665,1668,40400,1668,1
2017/07/27,1655,1662,1653,1659,45900,1659,1
2017/07/28,1659,1660,1650,1650,39400,1650,1
2017/07/31,1650,1650,1620,1621,51700,1621,1
2017/08/01,1623,1631,1603,1603,46800,1603,1
2017/08/02,1605,1630,1605,1619,25400,1619,1
2017/08/03,1620,1620,1606,1606,18900,1606,1
2017/08/04,1604,1610,1600,1603,41700,1603,1
2017/08/07,1606,1612,1600,1602,28200,1602,1
2017/08/08,1602,1604,1588,1593,38900,1593,1
2017/08/09,1593,1593,1545,1550,70800,1550,1
2017/08/10,1536,1549,1504,1506,58600,1506,1
2017/08/14,1491,1491,1451,1458,60600,1458,1
2017/08/15,1465,1495,1465,1495,33000,1495,1
2017/08/16,1500,1577,1495,1570,43900,1570,1
2017/08/17,1580,1585,1554,1569,28000,1569,1
2017/08/18,1551,1554,1543,1551,26200,1551,1
2017/08/21,1561,1577,1556,1574,22100,1574,1
2017/08/22,1598,1600,1580,1599,30100,1599,1
2017/08/23,1610,1627,1600,1615,45000,1615,1
2017/08/24,1614,1614,1604,1611,21000,1611,1
2017/08/25,1609,1609,1586,1591,23300,1591,1
2017/08/28,1599,1600,1527,1549,56700,1549,1
2017/08/29,1515,1540,1501,1520,55400,1520,1
2017/08/30,1528,1550,1524,1546,37600,1546,1
2017/08/31,1549,1554,1520,1530,33900,1530,1
2017/09/01,1540,1540,1526,1527,23000,1527,1
2017/09/04,1522,1523,1502,1505,34400,1505,1
2017/09/05,1508,1517,1483,1485,56600,1485,1
2017/09/06,1480,1520,1466,1491,29500,1491,1
2017/09/07,1494,1507,1475,1475,23200,1475,1
2017/09/08,1465,1481,1457,1461,34700,1461,1
2017/09/11,1461,1498,1461,1467,22500,1467,1
2017/09/12,1475,1489,1475,1481,17400,1481,1
2017/09/13,1488,1497,1485,1489,22100,1489,1
2017/09/14,1500,1505,1485,1485,25000,1485,1
2017/09/15,1479,1484,1474,1474,28700,1474,1
2017/09/19,1484,1492,1477,1489,32800,1489,1
2017/09/20,1495,1513,1491,1511,29600,1511,1
2017/09/21,1517,1522,1510,1510,25900,1510,1
2017/09/22,1527,1527,1496,1496,27000,1496,1
2017/09/25,1498,1515,1481,1485,24700,1485,1
2017/09/26,1489,1491,1480,1480,17100,1480,1
2017/09/27,1482,1502,1482,1501,29300,1501,1
2017/09/28,1498,1511,1491,1511,36000,1511,1
2017/09/29,1513,1520,1513,1516,24800,1516,1
2017/10/02,1530,1538,1519,1538,51700,1538,1
2017/10/03,1552,1556,1541,1548,38000,1548,1
2017/10/04,1550,1564,1540,1563,41000,1563,1
2017/10/05,1413,1441,1411,1412,382900,1412,1
2017/10/06,1412,1421,1400,1407,164300,1407,1
2017/10/10,1400,1404,1382,1391,99000,1391,1
2017/10/11,1390,1400,1383,1393,48200,1393,1
2017/10/12,1393,1398,1392,1398,28000,1398,1
2017/10/13,1400,1404,1395,1401,42700,1401,1
2017/10/16,1380,1386,1352,1360,128300,1360,1
2017/10/17,1356,1358,1311,1314,136900,1314,1
2017/10/18,1314,1317,1299,1299,83000,1299,1
2017/10/19,1599,1599,1599,1599,161800,1599,1
2017/10/20,1701,1783,1599,1635,2397600,1635,1
2017/10/23,1585,1595,1519,1573,400000,1573,1
2017/10/24,1550,1609,1530,1542,160800,1542,1
2017/10/25,1545,1546,1501,1501,161400,1501,1
2017/10/26,1500,1501,1454,1464,95700,1464,1
2017/10/27,1461,1506,1454,1468,92900,1468,1
2017/10/30,1490,1576,1482,1559,160900,1559,1
2017/10/31,1533,1548,1496,1498,83900,1498,1
2017/11/01,1480,1506,1476,1481,67200,1481,1
2017/11/02,1472,1484,1443,1459,80500,1459,1
2017/11/06,1454,1460,1435,1435,51300,1435,1
2017/11/07,1435,1473,1435,1451,39400,1451,1
2017/11/08,1456,1463,1450,1457,38500,1457,1
2017/11/09,1465,1585,1465,1510,258500,1510,1
2017/11/10,1500,1500,1475,1487,34300,1487,1
2017/11/13,1486,1490,1472,1475,24000,1475,1
2017/11/14,1473,1481,1443,1443,53000,1443,1
2017/11/15,1437,1450,1398,1400,59100,1400,1
2017/11/16,1480,1493,1411,1433,90200,1433,1
2017/11/17,1475,1475,1440,1440,25700,1440,1
2017/11/20,1431,1458,1424,1446,33900,1446,1
2017/11/21,1429,1445,1424,1424,50800,1424,1
2017/11/22,1424,1433,1420,1424,28000,1424,1
2017/11/24,1424,1465,1424,1453,40400,1453,1
2017/11/27,1455,1487,1455,1468,33200,1468,1
2017/11/28,1515,1555,1476,1495,191200,1495,1
2017/11/29,1500,1507,1453,1470,75800,1470,1
2017/11/30,1472,1487,1455,1462,46400,1462,1
2017/12/01,1505,1514,1475,1494,89300,1494,1
2017/12/04,1540,1552,1500,1500,118100,1500,1
2017/12/05,1465,1495,1459,1482,51000,1482,1
2017/12/06,1470,1483,1446,1467,45000,1467,1
2017/12/07,1459,1478,1459,1467,26300,1467,1
2017/12/08,1468,1480,1462,1480,41800,1480,1
2017/12/11,1491,1509,1480,1490,26500,1490,1
2017/12/12,1494,1495,1460,1463,51700,1463,1
2017/12/13,1462,1470,1430,1442,51000,1442,1
2017/12/14,1435,1449,1431,1434,39600,1434,1
2017/12/15,1431,1437,1414,1415,46200,1415,1
2017/12/18,1415,1425,1401,1407,60000,1407,1
2017/12/19,1405,1410,1399,1402,62700,1402,1
2017/12/20,1398,1400,1381,1383,76900,1383,1
2017/12/21,1378,1386,1350,1352,86800,1352,1
2017/12/22,1350,1350,1326,1337,142200,1337,1
2017/12/25,1338,1348,1313,1313,126300,1313,1
2017/12/26,1311,1317,1305,1315,132800,1315,1
2017/12/27,1320,1378,1320,1359,83700,1359,1
2017/12/28,1362,1380,1359,1378,44200,1378,1
2017/12/29,1377,1380,1360,1371,30100,1371,1
2018/01/04,1381,1382,1372,1379,28100,1379,1
2018/01/05,1378,1393,1376,1388,29900,1388,1
2018/01/09,1407,1426,1403,1417,52800,1417,1
2018/01/10,1420,1420,1396,1402,45200,1402,1
2018/01/11,1398,1406,1387,1401,50800,1401,1
2018/01/12,1401,1430,1401,1411,70900,1411,1
2018/01/15,1388,1392,1370,1381,114700,1381,1
2018/01/16,1398,1398,1380,1385,39800,1385,1
2018/01/17,1381,1390,1375,1386,38700,1386,1
2018/01/18,1385,1390,1356,1356,45300,1356,1
2018/01/19,1354,1369,1349,1362,36700,1362,1
2018/01/22,1353,1390,1353,1374,35900,1374,1
2018/01/23,1374,1439,1371,1430,105300,1430,1
2018/01/24,1430,1453,1408,1450,110400,1450,1
2018/01/25,1455,1490,1436,1479,152100,1479,1
2018/01/26,1500,1542,1470,1535,230900,1535,1
2018/01/29,1585,1607,1570,1601,265300,1601,1
2018/01/30,1610,1650,1590,1650,232500,1650,1
2018/01/31,1625,1738,1618,1735,283800,1735,1
2018/02/01,1728,1730,1645,1725,193800,1725,1
2018/02/02,1730,1797,1715,1797,285900,1797,1
2018/02/05,1750,1793,1720,1760,142400,1760,1
2018/02/06,1600,1716,1579,1673,215400,1673,1
2018/02/07,1750,1805,1705,1710,191800,1710,1
2018/02/08,1723,1797,1718,1789,141800,1789,1
2018/02/09,1629,1762,1618,1706,109700,1706,1
2018/02/13,1778,1798,1665,1665,77300,1665,1
2018/02/14,1668,1730,1603,1618,71100,1618,1
2018/02/15,1634,1660,1600,1618,41400,1618,1
2018/02/16,1620,1644,1617,1618,23800,1618,1
2018/02/19,1631,1699,1621,1686,41500,1686,1
2018/02/20,1700,1705,1657,1661,23500,1661,1
2018/02/21,1661,1694,1652,1666,28800,1666,1
2018/02/22,1668,1686,1648,1671,28300,1671,1
2018/02/23,1672,1685,1636,1651,22700,1651,1
2018/02/26,1671,1675,1620,1621,28100,1621,1
2018/02/27,1630,1631,1592,1607,30500,1607,1
2018/02/28,1592,1627,1592,1620,30300,1620,1
2018/03/01,1610,1610,1580,1608,17500,1608,1
2018/03/02,1610,1788,1610,1748,292700,1748,1
2018/03/05,1740,1740,1567,1583,164100,1583,1
2018/03/06,1677,1677,1601,1639,50300,1639,1
2018/03/07,1659,1659,1583,1593,25000,1593,1
2018/03/08,1633,1659,1603,1645,28200,1645,1
2018/03/09,1684,1685,1627,1661,35500,1661,1
2018/03/12,1683,1683,1620,1633,28800,1633,1
2018/03/13,1633,1670,1632,1661,23200,1661,1
2018/03/14,1660,1694,1649,1679,36900,1679,1
2018/03/15,1697,1697,1655,1679,33700,1679,1
2018/03/16,1639,1670,1581,1592,124300,1592,1
2018/03/19,1586,1586,1520,1529,50200,1529,1
2018/03/20,1500,1556,1490,1537,45200,1537,1
2018/03/22,1521,1545,1521,1531,17000,1531,1
2018/03/23,1461,1487,1454,1457,55100,1457,1
2018/03/26,1450,1478,1430,1477,34900,1477,1
2018/03/27,1480,1523,1480,1521,18800,1521,1
2018/03/28,1504,1550,1504,1537,32300,1537,1
2018/03/29,1569,1569,1529,1541,12800,1541,1
2018/03/30,1569,1569,1531,1535,12300,1535,1
2018/04/02,1536,1541,1503,1511,26300,1511,1
2018/04/03,1500,1535,1500,1532,23500,1532,1
2018/04/04,1550,1558,1518,1523,17800,1523,1
2018/04/05,1518,1530,1508,1508,27000,1508,1
2018/04/06,1518,1557,1502,1542,38300,1542,1
2018/04/09,1542,1572,1525,1529,44600,1529,1
2018/04/10,1546,1569,1531,1540,20100,1540,1
2018/04/11,1551,1556,1530,1542,17600,1542,1
2018/04/12,1572,1597,1550,1589,37200,1589,1
2018/04/13,1600,1685,1600,1657,111900,1657,1
2018/04/16,1467,1551,1428,1431,217700,1431,1
2018/04/17,1445,1524,1441,1494,75500,1494,1
2018/04/18,1519,1559,1509,1545,86100,1545,1
2018/04/19,1541,1551,1472,1489,37200,1489,1
2018/04/20,1476,1546,1474,1541,33200,1541,1
2018/04/23,1541,1542,1510,1510,16400,1510,1
2018/04/24,1470,1497,1457,1488,69500,1488,1
2018/04/25,1489,1527,1467,1475,65800,1475,1
2018/04/26,1525,1587,1511,1565,106500,1565,1
2018/04/27,1563,1683,1558,1670,233300,1670,1
2018/05/01,1688,1747,1675,1731,233400,1731,1
2018/05/02,1731,1798,1731,1790,213500,1790,1
2018/05/07,1810,1847,1742,1828,183800,1828,1
2018/05/08,1845,1870,1807,1840,143100,1840,1
2018/05/09,1840,1889,1805,1813,152300,1813,1
2018/05/10,1840,1865,1810,1841,124300,1841,1
2018/05/11,1838,1879,1821,1842,107100,1842,1
2018/05/14,1838,1869,1837,1866,66100,1866,1
2018/05/15,1860,1866,1720,1745,141100,1745,1
2018/05/16,1743,1777,1675,1771,119400,1771,1
2018/05/17,1789,1850,1777,1843,84000,1843,1
2018/05/18,1807,1850,1788,1801,61100,1801,1
2018/05/21,1790,1903,1781,1878,135600,1878,1
2018/05/22,1900,1976,1878,1974,226400,1974,1
2018/05/23,1970,1970,1874,1955,128200,1955,1
2018/05/24,1968,1989,1900,1923,115000,1923,1
2018/05/25,1900,1914,1867,1874,41700,1874,1
2018/05/28,1863,1923,1856,1918,44000,1918,1
2018/05/29,1905,1980,1880,1950,90700,1950,1
2018/05/30,1933,2004,1917,1999,133500,1999,1
2018/05/31,1950,1980,1929,1942,94800,1942,1
2018/06/01,1938,2020,1930,2004,133800,2004,1
2018/06/04,2020,2025,1970,2010,75000,2010,1
2018/06/05,1992,2000,1899,1922,84400,1922,1
2018/06/06,1933,2038,1924,2033,187900,2033,1
2018/06/07,2039,2088,2013,2077,158200,2077,1
2018/06/08,2090,2090,1952,2045,89100,2045,1
2018/06/11,2078,2078,1989,2036,96100,2036,1
2018/06/12,2035,2100,2035,2099,98000,2099,1
2018/06/13,2090,2118,2040,2084,87500,2084,1
2018/06/14,2090,2110,2019,2023,51700,2023,1
2018/06/15,2023,2055,1921,1929,144500,1929,1
2018/06/18,1913,1941,1813,1909,79600,1909,1
2018/06/19,1920,1925,1808,1828,95400,1828,1
2018/06/20,1808,1877,1784,1863,78300,1863,1
2018/06/21,1890,1939,1863,1897,54500,1897,1
2018/06/22,1841,1896,1821,1835,44800,1835,1
2018/06/25,1835,1868,1721,1754,88500,1754,1
2018/06/26,1724,1758,1714,1738,52600,1738,1
2018/06/27,1726,1800,1715,1718,45600,1718,1
2018/06/28,1715,1735,1693,1716,65100,1716,1
2018/06/29,1716,1782,1716,1775,45700,1775,1
2018/07/02,1769,1782,1726,1741,43300,1741,1
2018/07/03,1741,1881,1741,1838,113300,1838,1
2018/07/04,1801,1941,1785,1916,88500,1916,1
2018/07/05,1940,1940,1733,1781,163000,1781,1
2018/07/06,1799,1849,1745,1800,127500,1800,1
2018/07/09,1833,1850,1780,1803,100200,1803,1
2018/07/10,1850,1953,1839,1897,83300,1897,1
2018/07/11,1937,1985,1823,1832,164900,1832,1
2018/07/12,1838,1876,1789,1822,66800,1822,1
2018/07/13,1850,1919,1827,1848,111100,1848,1
2018/07/17,2058,2248,1939,2248,933100,2248,1
2018/07/18,2260,2298,2162,2205,369400,2205,1
2018/07/19,2241,2294,2201,2268,258400,2268,1
2018/07/20,2240,2285,2111,2192,251500,2192,1
2018/07/23,2177,2177,2018,2036,225100,2036,1
2018/07/24,2041,2088,1973,2072,208400,2072,1
2018/07/25,2072,2092,2015,2066,65400,2066,1
2018/07/26,2100,2140,2040,2100,82700,2100,1
2018/07/27,2200,2220,2080,2140,92000,2140,1
2018/07/30,2140,2157,2108,2151,47400,2151,1
2018/07/31,2200,2220,2131,2183,103400,2183,1
2018/08/01,2172,2176,2105,2123,88800,2123,1
2018/08/02,2112,2146,2080,2096,81800,2096,1
2018/08/03,2093,2096,1943,1950,157500,1950,1
2018/08/06,1990,2100,1904,1915,179700,1915,1
2018/08/07,1902,1913,1840,1860,128500,1860,1
2018/08/08,1897,1948,1876,1934,92900,1934,1
2018/08/09,1955,1985,1915,1966,50900,1966,1
2018/08/10,1954,1970,1920,1931,49800,1931,1
2018/08/13,1908,1915,1838,1851,54100,1851,1
2018/08/14,1870,1929,1870,1915,34200,1915,1
