2016/03/15,336.67,390.0,320.33,326.67,2186402,326.67,3.0
2016/03/16,323.33,324.33,306.67,306.67,205900,306.67,3.0
2016/03/17,309.0,310.0,297.0,300.33,127100,300.33,3.0
2016/03/18,299.33,300.33,293.33,300.0,48300,300,3.0
2016/03/22,310.0,310.0,303.33,308.33,37200,308.33,3.0
2016/03/23,309.67,309.67,300.33,308.0,28100,308,3.0
2016/03/24,307.33,307.33,299.0,302.0,16300,302,3.0
2016/03/25,306.33,306.33,296.67,301.33,32300,301.33,3.0
2016/03/28,300.67,304.0,294.0,297.67,41900,297.67,3.0
2016/03/29,293.33,302.0,291.67,295.0,27700,295,3.0
2016/03/30,299.0,299.0,292.33,292.33,18500,292.33,3.0
2016/03/31,292.0,292.0,280.0,281.33,43200,281.33,3.0
2016/04/01,279.0,290.0,274.33,287.0,33600,287,3.0
2016/04/04,286.67,302.0,280.0,293.33,61100,293.33,3.0
2016/04/05,283.33,296.67,277.0,281.33,48500,281.33,3.0
2016/04/06,283.67,291.33,260.33,267.0,38700,267,3.0
2016/04/07,262.0,271.67,258.0,262.0,13700,262,3.0
2016/04/08,259.0,259.67,243.33,259.0,20700,259,3.0
2016/04/11,259.0,259.0,248.0,255.33,15300,255.33,3.0
2016/04/12,256.0,256.0,250.0,251.33,23000,251.33,3.0
2016/04/13,251.67,253.67,250.0,253.33,17600,253.33,3.0
2016/04/14,256.67,260.0,252.67,255.0,14900,255,3.0
2016/04/15,255.0,261.67,254.0,260.67,19500,260.67,3.0
2016/04/18,254.33,256.0,250.0,250.67,11000,250.67,3.0
2016/04/19,253.67,256.67,249.33,251.0,10400,251,3.0
2016/04/20,251.67,253.0,250.67,252.67,6400,252.67,3.0
2016/04/21,253.67,253.67,249.67,251.0,10100,251,3.0
2016/04/22,251.0,251.33,247.33,249.0,17500,249,3.0
2016/04/25,253.0,253.0,250.0,251.33,12200,251.33,3.0
2016/04/26,250.0,250.33,247.33,249.33,9900,249.33,3.0
2016/04/27,247.33,247.67,246.0,246.67,3000,246.67,3.0
2016/04/28,247.0,252.67,239.33,240.33,19800,240.33,3.0
2016/05/02,237.67,240.33,232.67,240.33,10000,240.33,3.0
2016/05/06,239.0,248.33,238.67,246.67,3200,246.67,3.0
2016/05/09,250.67,256.67,246.67,253.33,8000,253.33,3.0
2016/05/10,255.67,265.0,254.67,263.0,13300,263,3.0
2016/05/11,267.33,267.33,247.0,248.0,26800,248,3.0
2016/05/12,247.67,249.0,244.0,245.33,5400,245.33,3.0
2016/05/13,246.33,272.0,246.33,271.33,62800,271.33,3.0
2016/05/16,272.33,286.0,263.0,286.0,62300,286,3.0
2016/05/17,288.0,292.0,277.0,291.33,51300,291.33,3.0
2016/05/18,292.0,300.0,280.0,295.0,52900,295,3.0
2016/05/19,290.0,296.0,288.67,294.0,14400,294,3.0
2016/05/20,286.67,293.67,283.33,285.67,31100,285.67,3.0
2016/05/23,275.67,291.33,275.67,285.0,43300,285,3.0
2016/05/24,285.0,285.0,276.67,277.67,22200,277.67,3.0
2016/05/25,282.67,282.67,241.67,266.67,44500,266.67,3.0
2016/05/26,260.67,265.0,256.67,256.67,15500,256.67,3.0
2016/05/27,256.67,256.67,252.33,254.0,8500,254,3.0
2016/05/30,250.33,256.0,243.67,250.33,38100,250.33,3.0
2016/05/31,253.33,253.33,244.0,245.33,20700,245.33,3.0
2016/06/01,249.33,249.33,244.67,248.0,7100,248,3.0
2016/06/02,243.67,246.33,243.67,244.33,6000,244.33,3.0
2016/06/03,243.33,248.33,241.67,242.0,13900,242,3.0
2016/06/06,241.0,245.33,241.0,245.33,3500,245.33,3.0
2016/06/07,242.0,246.33,242.0,242.33,3100,242.33,3.0
2016/06/08,243.33,246.0,242.33,243.67,6500,243.67,3.0
2016/06/09,246.67,253.33,246.67,253.0,15600,253,3.0
2016/06/10,252.33,253.0,248.0,253.0,8000,253,3.0
2016/06/13,253.0,253.0,246.67,247.33,8600,247.33,3.0
2016/06/14,247.33,247.33,232.0,232.0,19500,232,3.0
2016/06/15,231.33,239.67,231.33,239.67,6200,239.67,3.0
2016/06/16,240.0,242.33,218.33,221.0,13100,221,3.0
2016/06/17,220.0,229.33,211.0,214.33,17400,214.33,3.0
2016/06/20,214.0,220.0,213.67,219.33,4400,219.33,3.0
2016/06/21,222.67,222.67,217.67,218.33,2900,218.33,3.0
2016/06/22,219.0,224.0,219.0,224.0,3400,224,3.0
2016/06/23,219.67,220.33,218.33,219.67,5400,219.67,3.0
2016/06/24,223.0,223.0,189.0,199.67,25700,199.67,3.0
2016/06/27,202.67,207.33,199.33,207.33,4300,207.33,3.0
2016/06/28,204.0,205.0,198.67,205.0,5300,205,3.0
2016/06/29,205.0,210.0,202.33,205.33,8900,205.33,3.0
2016/06/30,207.33,210.0,204.67,204.67,3800,204.67,3.0
2016/07/01,211.33,214.67,205.33,211.67,8400,211.67,3.0
2016/07/04,210.0,218.33,210.0,213.33,3700,213.33,3.0
2016/07/05,215.0,216.0,213.67,213.67,3900,213.67,3.0
2016/07/06,212.33,212.33,201.0,208.0,10000,208,3.0
2016/07/07,205.0,206.67,203.67,206.33,5200,206.33,3.0
2016/07/08,206.67,207.0,200.67,204.0,8900,204,3.0
2016/07/11,204.0,207.33,200.67,203.0,9400,203,3.0
2016/07/12,204.33,206.67,203.67,204.33,6200,204.33,3.0
2016/07/13,205.33,208.33,205.33,208.33,2500,208.33,3.0
2016/07/14,210.0,210.0,206.0,206.33,6100,206.33,3.0
2016/07/15,207.0,219.0,207.0,216.0,18200,216,3.0
2016/07/19,219.33,219.33,214.0,214.0,5000,214,3.0
2016/07/20,212.33,213.33,207.0,211.0,11800,211,3.0
2016/07/21,210.0,211.0,207.67,208.33,4300,208.33,3.0
2016/07/22,207.67,207.67,206.67,206.67,1900,206.67,3.0
2016/07/25,216.67,216.67,207.33,210.67,6800,210.67,3.0
2016/07/26,207.33,212.67,206.33,212.67,2500,212.67,3.0
2016/07/27,210.0,210.0,209.0,209.0,4600,209,3.0
2016/07/28,212.33,212.33,207.0,207.0,4700,207,3.0
2016/07/29,206.67,208.67,205.33,205.33,4100,205.33,3.0
2016/08/01,204.33,205.0,200.67,204.0,8500,204,3.0
2016/08/02,204.0,205.0,203.33,205.0,2700,205,3.0
2016/08/03,204.67,204.67,202.0,202.33,4100,202.33,3.0
2016/08/04,204.33,205.0,202.67,203.33,3000,203.33,3.0
2016/08/05,206.67,206.67,204.33,206.33,2700,206.33,3.0
2016/08/08,199.67,202.0,196.67,196.67,16800,196.67,3.0
2016/08/09,194.33,197.67,194.33,197.33,1900,197.33,3.0
2016/08/10,197.33,200.0,197.33,200.0,1300,200,3.0
2016/08/12,204.0,204.0,204.0,204.0,300,204,3.0
2016/08/15,200.0,203.33,198.67,200.0,4300,200,3.0
2016/08/16,200.0,200.0,197.0,200.0,8400,200,3.0
2016/08/17,203.67,203.67,200.0,200.0,5200,200,3.0
2016/08/18,200.0,200.67,200.0,200.67,2000,200.67,3.0
2016/08/19,203.33,204.67,200.33,200.67,2300,200.67,3.0
2016/08/22,200.67,200.67,199.0,199.0,1900,199,3.0
2016/08/23,205.0,205.0,201.0,203.0,6100,203,3.0
2016/08/24,203.0,204.33,201.33,202.33,1100,202.33,3.0
2016/08/25,200.67,204.0,197.0,200.0,9900,200,3.0
2016/08/26,200.0,201.67,200.0,200.33,2400,200.33,3.0
2016/08/29,200.0,200.33,200.0,200.33,1600,200.33,3.0
2016/08/30,200.0,200.0,198.33,198.33,4100,198.33,3.0
2016/08/31,197.33,200.33,197.33,200.0,2400,200,3.0
2016/09/01,200.0,200.0,199.67,199.67,1700,199.67,3.0
2016/09/02,198.33,200.0,197.67,198.0,1200,198,3.0
2016/09/05,199.67,202.67,199.67,199.67,3200,199.67,3.0
2016/09/06,200.0,201.67,199.67,201.67,5900,201.67,3.0
2016/09/07,201.0,202.33,200.33,200.67,6500,200.67,3.0
2016/09/08,200.67,200.67,199.0,199.67,2100,199.67,3.0
2016/09/09,201.0,203.0,201.0,202.67,5000,202.67,3.0
2016/09/12,201.67,201.67,199.33,200.0,4400,200,3.0
2016/09/13,201.67,201.67,200.67,201.67,1600,201.67,3.0
2016/09/14,201.67,202.0,200.67,200.67,3900,200.67,3.0
2016/09/15,201.0,201.67,200.67,201.0,2800,201,3.0
2016/09/16,200.33,202.33,200.0,202.33,4800,202.33,3.0
2016/09/20,202.67,213.33,201.67,211.67,13500,211.67,3.0
2016/09/21,206.67,213.33,205.33,211.67,5400,211.67,3.0
2016/09/23,213.0,216.67,209.0,213.33,9000,213.33,3.0
2016/09/26,219.0,246.67,218.0,233.33,83900,233.33,3.0
2016/09/27,227.0,262.33,223.67,234.67,82200,234.67,3.0
2016/09/28,229.67,234.67,227.0,229.67,13600,229.67,3.0
2016/09/29,228.33,229.33,223.67,224.33,5600,224.33,3.0
2016/09/30,224.0,226.67,221.33,222.0,4400,222,3.0
2016/10/03,225.33,225.33,222.33,224.33,3400,224.33,3.0
2016/10/04,223.67,226.67,221.67,226.67,6700,226.67,3.0
2016/10/05,229.0,240.0,229.0,234.67,17200,234.67,3.0
2016/10/06,242.67,242.67,235.33,235.33,5700,235.33,3.0
2016/10/07,238.67,238.67,231.67,235.0,7300,235,3.0
2016/10/11,233.33,233.33,228.0,228.0,4900,228,3.0
2016/10/12,228.33,231.0,227.33,228.33,2500,228.33,3.0
2016/10/13,226.67,229.67,225.0,225.0,8800,225,3.0
2016/10/14,225.0,227.0,225.0,225.33,5200,225.33,3.0
2016/10/17,227.33,227.67,225.33,227.33,6400,227.33,3.0
2016/10/18,227.67,227.67,225.33,227.33,3200,227.33,3.0
2016/10/19,224.0,227.67,224.0,226.67,6900,226.67,3.0
2016/10/20,227.0,228.33,226.33,226.67,6600,226.67,3.0
2016/10/21,228.33,239.0,226.67,234.0,15600,234,3.0
2016/10/24,230.0,233.33,230.0,231.67,9700,231.67,3.0
2016/10/25,230.0,232.67,228.67,230.67,11800,230.67,3.0
2016/10/26,229.0,236.33,226.67,232.33,12300,232.33,3.0
2016/10/27,229.0,233.0,226.0,233.0,22400,233,3.0
2016/10/28,232.67,236.0,229.0,236.0,10700,236,3.0
2016/10/31,236.67,236.67,232.67,236.0,4300,236,3.0
2016/11/01,232.67,235.67,232.0,232.0,2600,232,3.0
2016/11/02,230.0,231.0,226.0,228.0,9400,228,3.0
2016/11/04,225.33,225.33,220.0,225.0,6800,225,3.0
2016/11/07,225.0,228.33,225.0,225.0,3500,225,3.0
2016/11/08,225.0,226.67,225.0,225.0,1400,225,3.0
2016/11/09,225.0,227.67,204.33,215.0,10300,215,3.0
2016/11/10,218.67,221.33,218.0,221.0,7700,221,3.0
2016/11/11,221.0,222.0,220.33,221.0,3300,221,3.0
2016/11/14,221.33,226.67,221.33,226.0,2900,226,3.0
2016/11/15,225.33,227.67,225.33,227.67,6100,227.67,3.0
2016/11/16,225.33,230.67,225.33,229.33,8800,229.33,3.0
2016/11/17,229.33,231.0,228.67,230.0,5000,230,3.0
2016/11/18,226.67,229.33,226.67,229.0,6000,229,3.0
2016/11/21,231.67,238.0,230.0,236.67,17800,236.67,3.0
2016/11/22,233.33,238.33,231.67,238.0,10400,238,3.0
2016/11/24,239.0,239.0,231.67,235.0,7900,235,3.0
2016/11/25,235.0,236.33,232.0,236.0,3500,236,3.0
2016/11/28,236.0,236.0,230.0,233.0,11200,233,3.0
2016/11/29,233.33,235.0,231.33,231.33,1700,231.33,3.0
2016/11/30,231.33,234.67,230.0,230.33,2700,230.33,3.0
2016/12/01,230.67,232.33,229.67,229.67,9600,229.67,3.0
2016/12/02,229.33,229.33,226.0,227.0,3900,227,3.0
2016/12/05,227.67,228.0,227.0,227.0,1000,227,3.0
2016/12/06,228.67,231.33,227.0,229.33,8700,229.33,3.0
2016/12/07,229.33,231.0,227.67,230.0,3000,230,3.0
2016/12/08,231.67,235.0,228.33,230.0,13300,230,3.0
2016/12/09,233.33,233.33,229.33,232.67,8200,232.67,3.0
2016/12/12,233.33,233.33,231.67,232.0,4200,232,3.0
2016/12/13,230.67,233.33,230.67,232.33,4800,232.33,3.0
2016/12/14,233.33,235.0,231.67,231.67,13900,231.67,3.0
2016/12/15,232.33,234.0,232.33,234.0,2600,234,3.0
2016/12/16,234.0,234.33,232.0,232.0,1600,232,3.0
2016/12/19,233.33,239.33,232.33,237.67,10200,237.67,3.0
2016/12/20,238.0,250.67,238.0,250.0,19000,250,3.0
2016/12/21,251.33,260.0,247.67,254.67,16600,254.67,3.0
2016/12/22,256.0,256.0,243.67,247.33,8800,247.33,3.0
2016/12/26,257.33,257.33,246.67,250.0,6800,250,3.0
2016/12/27,246.67,246.67,244.67,246.0,4200,246,3.0
2016/12/28,246.0,250.33,246.0,250.33,2200,250.33,3.0
2016/12/29,250.0,251.33,249.0,251.33,5000,251.33,3.0
2016/12/30,250.0,251.0,248.33,251.0,5500,251,3.0
2017/01/04,256.0,258.0,249.33,258.0,12300,258,3.0
2017/01/05,262.0,270.0,258.67,268.67,22700,268.67,3.0
2017/01/06,268.0,268.0,261.67,268.0,6000,268,3.0
2017/01/10,268.33,274.0,268.33,274.0,16000,274,3.0
2017/01/11,271.33,279.33,271.33,279.33,5300,279.33,3.0
2017/01/12,277.0,277.0,272.67,274.0,3900,274,3.0
2017/01/13,271.33,274.0,263.33,272.67,15100,272.67,3.0
2017/01/16,277.33,277.33,264.67,269.0,10000,269,3.0
2017/01/17,264.0,264.0,261.33,263.0,6200,263,3.0
2017/01/18,260.33,261.0,256.0,261.0,6000,261,3.0
2017/01/19,260.67,260.67,259.67,260.0,1900,260,3.0
2017/01/20,257.67,259.33,257.67,258.33,2000,258.33,3.0
2017/01/23,259.33,261.33,259.0,259.0,4800,259,3.0
2017/01/24,259.0,260.67,259.0,259.67,1800,259.67,3.0
2017/01/25,266.67,272.67,261.0,272.67,7000,272.67,3.0
2017/01/26,277.67,278.67,274.0,275.67,7000,275.67,3.0
2017/01/27,274.33,275.0,273.0,274.0,5500,274,3.0
2017/01/30,274.0,274.0,267.67,270.0,7000,270,3.0
2017/01/31,267.0,270.33,267.0,270.33,2200,270.33,3.0
2017/02/01,272.33,272.33,267.67,272.0,2900,272,3.0
2017/02/02,270.0,275.67,268.33,275.67,3900,275.67,3.0
2017/02/03,274.0,275.33,261.33,269.33,11000,269.33,3.0
2017/02/06,267.0,272.33,267.0,272.33,2700,272.33,3.0
2017/02/07,269.33,272.33,269.0,269.0,800,269,3.0
2017/02/08,269.0,269.0,267.33,268.33,700,268.33,3.0
2017/02/09,267.0,272.67,267.0,271.33,4000,271.33,3.0
2017/02/10,269.0,269.0,269.0,269.0,200,269,3.0
2017/02/13,271.67,271.67,268.33,270.33,2500,270.33,3.0
2017/02/14,269.67,270.0,267.0,268.0,7600,268,3.0
2017/02/15,268.0,268.33,264.33,266.0,6800,266,3.0
2017/02/16,265.0,265.67,265.0,265.33,1800,265.33,3.0
2017/02/17,265.33,268.33,265.33,268.33,3500,268.33,3.0
2017/02/20,265.67,266.33,265.0,266.33,900,266.33,3.0
2017/02/21,267.67,271.33,266.67,268.67,5200,268.67,3.0
2017/02/22,273.67,279.67,271.0,272.67,18000,272.67,3.0
2017/02/23,277.0,290.0,276.0,286.0,23900,286,3.0
2017/02/24,290.0,305.0,287.33,305.0,25300,305,3.0
2017/02/27,306.67,314.67,297.67,306.0,26900,306,3.0
2017/02/28,309.0,310.33,303.0,308.33,11300,308.33,3.0
2017/03/01,308.0,310.67,299.33,305.67,5500,305.67,3.0
2017/03/02,303.0,307.67,300.33,304.33,5000,304.33,3.0
2017/03/03,301.67,303.67,300.67,303.33,3000,303.33,3.0
2017/03/06,300.0,307.67,298.67,300.33,4500,300.33,3.0
2017/03/07,300.67,309.33,300.67,301.33,1400,301.33,3.0
2017/03/08,301.33,301.33,295.33,299.67,4700,299.67,3.0
2017/03/09,299.0,310.67,298.67,310.0,15000,310,3.0
2017/03/10,315.0,315.33,308.0,308.67,10400,308.67,3.0
2017/03/13,303.67,305.67,303.67,305.33,2000,305.33,3.0
2017/03/14,303.33,305.0,301.33,304.0,2000,304,3.0
2017/03/15,304.0,304.67,301.33,304.67,3900,304.67,3.0
2017/03/16,304.67,311.0,302.0,311.0,7100,311,3.0
2017/03/17,304.33,305.0,304.33,305.0,1300,305,3.0
2017/03/21,306.67,315.33,304.0,310.0,3700,310,3.0
2017/03/22,308.0,308.0,304.33,306.33,1900,306.33,3.0
2017/03/23,301.67,306.0,301.67,304.67,5300,304.67,3.0
2017/03/24,304.0,310.0,304.0,307.0,1800,307,3.0
2017/03/27,307.0,315.33,304.0,314.67,9400,314.67,3.0
2017/03/28,311.0,318.0,310.33,315.0,9400,315,3.0
2017/03/29,318.33,318.33,312.0,317.33,3400,317.33,3.0
2017/03/30,313.67,316.0,306.0,314.67,3900,314.67,3.0
2017/03/31,314.67,316.33,313.33,316.33,6300,316.33,3.0
2017/04/03,316.0,316.67,306.67,307.33,5200,307.33,3.0
2017/04/04,306.33,309.0,294.0,306.33,6500,306.33,3.0
2017/04/05,297.0,302.67,295.0,302.67,4500,302.67,3.0
2017/04/06,294.0,303.0,294.0,303.0,3300,303,3.0
2017/04/07,296.0,303.67,291.0,301.67,6200,301.67,3.0
2017/04/10,293.67,299.0,286.67,299.0,7800,299,3.0
2017/04/11,298.67,298.67,293.0,298.0,3100,298,3.0
2017/04/12,293.33,293.33,286.67,290.0,3700,290,3.0
2017/04/13,284.67,286.33,280.67,286.0,2500,286,3.0
2017/04/14,282.67,298.0,280.67,298.0,5500,298,3.0
2017/04/17,298.0,298.0,290.33,291.67,1000,291.67,3.0
2017/04/18,286.67,291.67,286.67,291.67,3700,291.67,3.0
2017/04/19,291.67,292.0,291.67,292.0,200,292,3.0
2017/04/20,291.67,292.0,287.0,288.0,3800,288,3.0
2017/04/21,290.0,290.67,290.0,290.67,1200,290.67,3.0
2017/04/24,290.67,292.33,290.67,292.33,1400,292.33,3.0
2017/04/25,302.33,302.67,295.33,302.33,9100,302.33,3.0
2017/04/26,302.33,309.67,302.33,309.67,6200,309.67,3.0
2017/04/27,301.0,311.0,301.0,311.0,5400,311,3.0
2017/04/28,312.67,313.0,307.67,312.67,8500,312.67,3.0
2017/05/01,306.0,306.33,306.0,306.33,1300,306.33,3.0
2017/05/02,306.33,309.33,306.33,306.67,1700,306.67,3.0
2017/05/08,306.67,310.0,306.67,308.67,1500,308.67,3.0
2017/05/09,308.67,308.67,303.33,306.33,2300,306.33,3.0
2017/05/10,306.33,315.0,306.0,314.33,12300,314.33,3.0
2017/05/11,314.33,336.33,314.33,330.67,31000,330.67,3.0
2017/05/12,336.33,336.33,327.33,334.0,13800,334,3.0
2017/05/15,333.33,333.33,326.67,327.67,2200,327.67,3.0
2017/05/16,325.0,330.0,325.0,328.67,1800,328.67,3.0
2017/05/17,330.0,332.33,328.0,332.33,400,332.33,3.0
2017/05/18,323.0,327.0,323.0,327.0,1600,327,3.0
2017/05/19,327.67,332.67,327.67,332.67,1600,332.67,3.0
2017/05/22,332.33,333.0,330.67,333.0,2000,333,3.0
2017/05/23,333.0,336.0,332.33,333.33,5800,333.33,3.0
2017/05/24,333.33,334.67,332.33,334.67,12400,334.67,3.0
2017/05/25,336.0,336.0,318.67,327.0,6800,327,3.0
2017/05/26,327.0,330.67,326.67,330.33,3700,330.33,3.0
2017/05/29,335.33,335.33,327.67,328.33,2300,328.33,3.0
2017/05/30,325.33,331.0,325.33,331.0,1900,331,3.0
2017/05/31,330.67,334.0,328.0,333.0,4800,333,3.0
2017/06/01,333.0,335.67,327.33,334.33,17400,334.33,3.0
2017/06/02,334.67,334.67,329.0,329.0,3400,329,3.0
2017/06/05,334.0,340.0,334.0,336.0,11400,336,3.0
2017/06/06,333.67,336.67,328.33,328.33,9200,328.33,3.0
2017/06/07,327.33,336.0,327.33,333.33,6500,333.33,3.0
2017/06/08,335.67,336.33,332.0,334.33,2600,334.33,3.0
2017/06/09,335.67,335.67,327.67,334.67,9000,334.67,3.0
2017/06/12,332.0,336.33,332.0,336.0,2800,336,3.0
2017/06/13,336.0,336.0,332.33,336.0,2800,336,3.0
2017/06/14,334.67,334.67,329.67,332.0,2300,332,3.0
2017/06/15,332.0,333.0,330.0,330.0,3100,330,3.0
2017/06/16,338.67,340.0,333.33,333.33,20600,333.33,3.0
2017/06/19,334.33,350.0,334.0,350.0,13900,350,3.0
2017/06/20,357.67,358.33,342.0,352.0,11500,352,3.0
2017/06/21,358.0,358.0,343.67,347.33,12300,347.33,3.0
2017/06/22,347.0,351.0,346.67,346.67,2600,346.67,3.0
2017/06/23,346.33,346.33,336.0,338.67,2200,338.67,3.0
2017/06/26,346.0,346.67,340.67,346.0,2800,346,3.0
2017/06/27,346.0,349.0,344.0,348.67,1900,348.67,3.0
2017/06/28,348.33,352.0,343.0,343.0,3400,343,3.0
2017/06/29,343.67,345.0,343.67,344.67,3000,344.67,3.0
2017/06/30,344.67,344.67,340.0,340.0,3700,340,3.0
2017/07/03,336.33,347.33,336.0,338.0,5700,338,3.0
2017/07/04,336.33,338.33,336.33,337.67,2500,337.67,3.0
2017/07/05,337.67,339.33,336.67,339.33,1500,339.33,3.0
2017/07/06,339.67,346.33,339.33,340.33,800,340.33,3.0
2017/07/07,340.33,346.67,336.67,346.67,1100,346.67,3.0
2017/07/10,340.33,346.0,337.0,339.67,1800,339.67,3.0
2017/07/11,339.33,344.67,339.33,340.67,2200,340.67,3.0
2017/07/12,340.67,342.0,340.0,341.67,1800,341.67,3.0
2017/07/13,341.0,344.0,338.67,344.0,2400,344,3.0
2017/07/14,342.0,344.0,340.0,344.0,1400,344,3.0
2017/07/18,343.0,344.67,342.33,342.33,1500,342.33,3.0
2017/07/19,342.67,343.33,342.67,343.33,900,343.33,3.0
2017/07/20,343.67,443.33,343.67,363.33,120100,363.33,3.0
2017/07/21,363.0,363.0,351.0,361.67,11900,361.67,3.0
2017/07/24,357.33,358.67,352.0,352.0,7500,352,3.0
2017/07/25,370.67,371.67,357.0,370.0,12100,370,3.0
2017/07/26,370.0,376.33,368.67,369.33,9900,369.33,3.0
2017/07/27,367.0,382.67,367.0,380.67,3800,380.67,3.0
2017/07/28,377.33,406.67,377.33,394.33,27000,394.33,3.0
2017/07/31,397.67,406.67,388.33,404.67,15900,404.67,3.0
2017/08/01,404.33,404.67,356.67,379.33,15000,379.33,3.0
2017/08/02,369.33,379.0,367.33,370.33,7000,370.33,3.0
2017/08/03,374.0,377.33,373.33,376.0,3100,376,3.0
2017/08/04,376.0,376.0,363.33,372.33,2800,372.33,3.0
2017/08/07,392.33,406.33,385.67,395.0,27300,395,3.0
2017/08/08,405.0,410.33,395.0,406.0,17000,406,3.0
2017/08/09,410.0,410.0,390.33,395.33,11200,395.33,3.0
2017/08/10,396.33,399.0,386.67,387.0,8100,387,3.0
2017/08/14,383.67,388.67,378.0,388.67,7400,388.67,3.0
2017/08/15,393.0,403.33,393.0,400.0,17600,400,3.0
2017/08/16,397.0,400.0,396.67,396.67,1100,396.67,3.0
2017/08/17,400.0,400.0,394.33,396.0,7600,396,3.0
2017/08/18,392.67,392.67,377.67,377.67,9800,377.67,3.0
2017/08/21,382.67,387.67,382.33,387.67,15100,387.67,3.0
2017/08/22,388.0,389.67,382.0,389.67,2800,389.67,3.0
2017/08/23,388.33,389.33,383.0,384.67,3300,384.67,3.0
2017/08/24,384.67,384.67,382.0,384.67,6800,384.67,3.0
2017/08/25,394.67,395.0,390.33,395.0,4500,395,3.0
2017/08/28,395.0,406.0,391.33,403.67,7500,403.67,3.0
2017/08/29,404.0,413.33,404.0,413.33,10600,413.33,3.0
2017/08/30,415.67,422.33,415.67,416.33,8000,416.33,3.0
2017/08/31,422.67,433.33,420.33,431.67,13000,431.67,3.0
2017/09/01,436.67,477.67,436.67,471.0,29300,471,3.0
2017/09/04,470.0,474.67,443.67,448.33,16500,448.33,3.0
2017/09/05,440.0,442.33,409.33,413.67,16700,413.67,3.0
2017/09/06,406.67,428.0,403.33,428.0,10700,428,3.0
2017/09/07,446.67,446.67,433.67,436.33,5900,436.33,3.0
2017/09/08,446.33,446.33,431.0,439.67,4500,439.67,3.0
2017/09/11,439.33,439.67,429.0,429.0,3000,429,3.0
2017/09/12,432.67,446.67,430.33,445.0,6800,445,3.0
2017/09/13,445.67,446.67,441.67,445.0,1500,445,3.0
2017/09/14,441.67,460.0,438.0,460.0,7900,460,3.0
2017/09/15,460.0,466.33,452.67,466.33,6500,466.33,3.0
2017/09/19,466.0,466.0,452.0,463.33,9100,463.33,3.0
2017/09/20,463.33,468.67,461.0,462.33,4700,462.33,3.0
2017/09/21,466.67,467.33,466.67,467.0,900,467,3.0
2017/09/22,457.33,460.0,434.33,458.33,13600,458.33,3.0
2017/09/25,459.33,461.33,440.0,440.0,4800,440,3.0
2017/09/26,464.67,464.67,451.67,452.33,5200,452.33,3.0
2017/09/27,452.33,464.33,446.67,464.33,3600,464.33,3.0
2017/09/28,464.67,483.33,458.33,466.0,7200,466,3.0
2017/09/29,465.67,465.67,445.0,460.0,7300,460,3.0
2017/10/02,468.0,560.0,465.0,537.0,150000,537,3.0
2017/10/03,528.33,528.33,491.67,516.33,43200,516.33,3.0
2017/10/04,521.67,523.33,500.0,505.0,15700,505,3.0
2017/10/05,500.0,513.67,494.67,500.0,11600,500,3.0
2017/10/06,493.33,509.0,487.0,497.67,12500,497.67,3.0
2017/10/10,507.67,512.33,500.33,508.33,8900,508.33,3.0
2017/10/11,501.0,506.33,497.33,497.33,4200,497.33,3.0
2017/10/12,498.33,504.67,498.0,498.0,4500,498,3.0
2017/10/13,498.67,501.67,497.33,501.33,5400,501.33,3.0
2017/10/16,506.67,506.67,496.33,496.33,9600,496.33,3.0
2017/10/17,496.67,496.67,488.33,488.33,6800,488.33,3.0
2017/10/18,487.33,495.0,473.67,473.67,12500,473.67,3.0
2017/10/19,476.67,491.67,474.0,488.33,11400,488.33,3.0
2017/10/20,488.33,489.67,483.0,489.0,1800,489,3.0
2017/10/23,493.33,497.33,490.67,497.33,10100,497.33,3.0
2017/10/24,490.0,494.33,490.0,491.33,3800,491.33,3.0
2017/10/25,498.33,510.33,498.33,506.33,15700,506.33,3.0
2017/10/26,533.0,573.33,526.0,528.0,115100,528,3.0
2017/10/27,528.33,529.33,517.0,528.67,10900,528.67,3.0
2017/10/30,527.67,544.0,517.67,537.0,12200,537,3.0
2017/10/31,541.67,542.67,538.33,538.33,4400,538.33,3.0
2017/11/01,536.67,536.67,523.33,533.0,7100,533,3.0
2017/11/02,530.33,530.33,523.67,530.0,5900,530,3.0
2017/11/06,530.0,530.0,516.33,522.0,9000,522,3.0
2017/11/07,512.67,519.67,512.67,516.67,5200,516.67,3.0
2017/11/08,518.67,533.33,518.0,533.33,11100,533.33,3.0
2017/11/09,546.67,546.67,503.33,510.67,27600,510.67,3.0
2017/11/10,504.0,508.67,487.33,494.0,13000,494,3.0
2017/11/13,496.33,507.67,496.33,504.0,4600,504,3.0
2017/11/14,502.67,502.67,489.33,493.0,3300,493,3.0
2017/11/15,493.0,497.0,476.67,476.67,9000,476.67,3.0
2017/11/16,476.67,480.67,472.67,477.67,7300,477.67,3.0
2017/11/17,477.67,493.33,477.67,479.0,5900,479,3.0
2017/11/20,484.67,500.0,481.0,500.0,7600,500,3.0
2017/11/21,500.0,503.33,484.0,503.33,7700,503.33,3.0
2017/11/22,506.67,513.67,502.0,513.67,5800,513.67,3.0
2017/11/24,510.0,511.67,507.0,511.33,4100,511.33,3.0
2017/11/27,519.67,520.0,513.67,516.67,7700,516.67,3.0
2017/11/28,515.67,515.67,500.0,504.33,3800,504.33,3.0
2017/11/29,504.33,508.0,484.0,501.0,6400,501,3.0
2017/11/30,495.33,503.33,489.33,503.33,5900,503.33,3.0
2017/12/01,498.67,505.0,494.0,505.0,3800,505,3.0
2017/12/04,506.67,510.0,500.0,500.0,6800,500,3.0
2017/12/05,486.67,488.67,465.0,477.0,12900,477,3.0
2017/12/06,477.33,478.0,449.33,455.0,14500,455,3.0
2017/12/07,472.33,486.67,455.0,455.67,17700,455.67,3.0
2017/12/08,459.0,481.0,451.67,479.67,16800,479.67,3.0
2017/12/11,480.67,480.67,466.33,468.67,5500,468.67,3.0
2017/12/12,473.33,478.0,469.0,478.0,6200,478,3.0
2017/12/13,483.33,500.0,481.33,487.67,7800,487.67,3.0
2017/12/14,483.67,500.0,483.67,497.0,4400,497,3.0
2017/12/15,498.33,523.33,498.33,513.33,9900,513.33,3.0
2017/12/18,515.33,533.33,500.33,500.33,11900,500.33,3.0
2017/12/19,500.67,504.0,500.67,504.0,1000,504,3.0
2017/12/20,503.67,503.67,492.0,494.33,3900,494.33,3.0
2017/12/21,485.67,491.33,484.33,491.33,4600,491.33,3.0
2017/12/22,488.0,490.0,485.33,489.33,2400,489.33,3.0
2017/12/25,489.0,489.0,480.0,480.0,5800,480,3.0
2017/12/26,481.67,495.67,481.67,490.0,4100,490,3.0
2017/12/27,487.0,489.33,483.33,484.67,6700,484.67,3.0
2017/12/28,584.67,584.67,584.67,584.67,13100,584.67,3.0
2017/12/29,711.33,718.0,683.67,718.0,203900,718,3.0
2018/01/04,718.0,748.33,683.67,748.33,364300,748.33,3.0
2018/01/05,746.33,746.33,718.0,739.33,62300,739.33,3.0
2018/01/09,739.67,740.0,720.0,732.0,29300,732,3.0
2018/01/10,727.0,766.67,725.67,766.33,27700,766.33,3.0
2018/01/11,762.33,830.0,755.33,800.67,69000,800.67,3.0
2018/01/12,792.33,815.0,780.67,790.33,26800,790.33,3.0
2018/01/15,780.33,792.67,757.0,762.0,33600,762,3.0
2018/01/16,760.0,760.0,733.33,756.33,21500,756.33,3.0
2018/01/17,755.67,756.67,733.67,748.67,13800,748.67,3.0
2018/01/18,750.0,759.33,750.0,757.0,12000,757,3.0
2018/01/19,759.0,806.33,757.67,801.33,34500,801.33,3.0
2018/01/22,816.33,859.67,815.0,845.67,72200,845.67,3.0
2018/01/23,850.0,850.0,833.33,834.0,41100,834,3.0
2018/01/24,834.0,841.0,820.67,832.67,17300,832.67,3.0
2018/01/25,823.0,838.0,820.0,821.33,24600,821.33,3.0
2018/01/26,805.0,822.0,794.0,806.67,42700,806.67,3.0
2018/01/29,800,800,779,780,33900,780,1
2018/01/30,780,790,709,712,84800,712,1
2018/01/31,720,747,713,728,45000,728,1
2018/02/01,728,728,666,703,69200,703,1
2018/02/02,706,717,703,717,24500,717,1
2018/02/05,699,704,645,674,71100,674,1
2018/02/06,614,684,600,668,120200,668,1
2018/02/07,671,679,631,639,57200,639,1
2018/02/08,640,679,638,662,31900,662,1
2018/02/09,660,676,635,675,41500,675,1
2018/02/13,775,775,721,736,247300,736,1
2018/02/14,756,792,722,746,53000,746,1
2018/02/15,770,770,710,710,33200,710,1
2018/02/16,703,720,701,706,20900,706,1
2018/02/19,713,736,711,731,20200,731,1
2018/02/20,761,770,730,760,48300,760,1
2018/02/21,767,798,760,777,74700,777,1
2018/02/22,784,784,760,770,20500,770,1
2018/02/23,764,765,735,742,22500,742,1
2018/02/26,768,768,741,753,30600,753,1
2018/02/27,739,758,738,754,26300,754,1
2018/02/28,741,793,740,766,77600,766,1
2018/03/01,755,756,733,748,21000,748,1
2018/03/02,733,737,680,719,60100,719,1
2018/03/05,715,717,680,701,47800,701,1
2018/03/06,701,740,701,724,13600,724,1
2018/03/07,729,740,708,728,17000,728,1
2018/03/08,729,747,719,736,13200,736,1
2018/03/09,750,764,734,751,28000,751,1
2018/03/12,754,787,754,782,38200,782,1
2018/03/13,790,813,785,813,109100,813,1
2018/03/14,813,825,783,810,87900,810,1
2018/03/15,810,810,790,791,24500,791,1
2018/03/16,781,791,762,773,35600,773,1
2018/03/19,782,782,722,722,62500,722,1
2018/03/20,707,735,707,735,25600,735,1
2018/03/22,730,764,722,760,33000,760,1
2018/03/23,715,735,711,717,48700,717,1
2018/03/26,713,762,704,762,40800,762,1
2018/03/27,780,845,775,800,161100,800,1
2018/03/28,800,840,786,837,152600,837,1
2018/03/29,841,894,841,860,129800,860,1
2018/03/30,879,879,860,866,64700,866,1
2018/04/02,874,975,872,930,213500,930,1
2018/04/03,910,1019,903,1010,237900,1010,1
2018/04/04,1009,1189,1009,1047,345600,1047,1
2018/04/05,1038,1130,1036,1118,143800,1118,1
2018/04/06,1133,1168,1038,1058,160100,1058,1
2018/04/09,1073,1074,957,958,141800,958,1
2018/04/10,940,997,889,988,171700,988,1
2018/04/11,945,960,884,893,130500,893,1
2018/04/12,882,911,872,895,48300,895,1
2018/04/13,889,936,887,914,39600,914,1
2018/04/16,929,965,900,900,87400,900,1
2018/04/17,928,928,816,821,151100,821,1
2018/04/18,824,864,790,847,65100,847,1
2018/04/19,862,862,824,832,38600,832,1
2018/04/20,829,848,821,829,18000,829,1
2018/04/23,836,883,834,870,51300,870,1
2018/04/24,852,857,828,849,24300,849,1
2018/04/25,850,856,832,843,19400,843,1
2018/04/26,828,841,786,809,166100,809,1
2018/04/27,812,844,801,844,67800,844,1
2018/05/01,859,859,811,815,37200,815,1
2018/05/02,810,827,787,825,51300,825,1
2018/05/07,828,870,824,859,78100,859,1
2018/05/08,851,860,840,854,26800,854,1
2018/05/09,857,931,850,928,122700,928,1
2018/05/10,823,826,778,785,366400,785,1
2018/05/11,786,787,736,745,163000,745,1
2018/05/14,732,752,731,744,58300,744,1
2018/05/15,750,753,734,734,43000,734,1
2018/05/16,733,736,728,734,14900,734,1
2018/05/17,730,750,723,742,24700,742,1
2018/05/18,740,743,736,739,13700,739,1
2018/05/21,747,777,742,766,58500,766,1
2018/05/22,762,789,757,772,33700,772,1
2018/05/23,772,778,743,748,31500,748,1
2018/05/24,748,760,740,757,24100,757,1
2018/05/25,746,752,736,736,24100,736,1
2018/05/28,733,738,702,738,42300,738,1
2018/05/29,730,740,702,727,56300,727,1
2018/05/30,705,750,705,749,30700,749,1
2018/05/31,779,784,751,773,65900,773,1
2018/06/01,778,778,751,753,20800,753,1
2018/06/04,764,764,738,738,14400,738,1
2018/06/05,740,749,720,730,41400,730,1
2018/06/06,724,736,724,729,29000,729,1
2018/06/07,738,757,731,752,22000,752,1
2018/06/08,748,798,746,786,89500,786,1
2018/06/11,789,825,783,819,88400,819,1
2018/06/12,824,826,803,811,37300,811,1
2018/06/13,823,824,802,806,26100,806,1
2018/06/14,802,802,757,766,45000,766,1
2018/06/15,781,793,771,789,20400,789,1
2018/06/18,797,797,760,769,18100,769,1
2018/06/19,771,771,732,752,32400,752,1
2018/06/20,751,774,731,772,16100,772,1
2018/06/21,752,765,752,752,9400,752,1
2018/06/22,741,770,732,761,24400,761,1
2018/06/25,773,778,740,749,28000,749,1
2018/06/26,741,754,741,747,11200,747,1
2018/06/27,747,757,743,751,8700,751,1
2018/06/28,751,751,736,747,9200,747,1
2018/06/29,732,761,721,748,38900,748,1
2018/07/02,753,753,725,725,14600,725,1
2018/07/03,724,737,709,713,16800,713,1
2018/07/04,713,713,690,694,21100,694,1
2018/07/05,681,689,641,641,41800,641,1
2018/07/06,651,677,643,672,18000,672,1
2018/07/09,669,685,658,678,9100,678,1
2018/07/10,687,776,684,752,89300,752,1
2018/07/11,752,752,734,751,17400,751,1
2018/07/12,745,752,738,744,13000,744,1
2018/07/13,731,758,731,734,13000,734,1
2018/07/17,734,752,734,751,9900,751,1
2018/07/18,753,769,753,765,12500,765,1
2018/07/19,769,783,751,772,23900,772,1
2018/07/20,782,782,769,775,16000,775,1
2018/07/23,763,781,760,760,5000,760,1
2018/07/24,775,775,762,762,9600,762,1
2018/07/25,789,797,779,783,30900,783,1
2018/07/26,912,927,884,899,290300,899,1
2018/07/27,904,905,888,900,60500,900,1
2018/07/30,910,923,899,905,37500,905,1
2018/07/31,901,920,892,913,32900,913,1
2018/08/01,908,972,908,959,90200,959,1
2018/08/02,980,1014,970,1014,79700,1014,1
2018/08/03,998,1002,942,956,56000,956,1
2018/08/06,971,978,899,970,65800,970,1
2018/08/07,968,968,932,934,20800,934,1
2018/08/08,921,983,921,981,34200,981,1
2018/08/09,981,996,959,970,23900,970,1
2018/08/10,964,975,956,961,11200,961,1
2018/08/13,945,959,909,920,26800,920,1
2018/08/14,916,937,892,894,23300,894,1
