2007/01/11,900.0,900.0,900.0,900.0,7000,900,0.5
2007/01/12,902.0,902.0,900.0,900.0,2000,900,0.5
2007/01/15,878.0,878.0,878.0,878.0,2000,878,0.5
2007/01/16,878.0,880.0,878.0,880.0,2000,880,0.5
2007/01/17,860.0,862.0,858.0,862.0,5000,862,0.5
2007/01/19,870.0,870.0,870.0,870.0,1000,870,0.5
2007/01/22,898.0,900.0,888.0,888.0,14000,888,0.5
2007/01/29,868.0,870.0,868.0,870.0,2000,870,0.5
2007/02/01,890.0,890.0,890.0,890.0,1000,890,0.5
2007/02/02,890.0,902.0,890.0,900.0,16000,900,0.5
2007/02/05,896.0,900.0,896.0,900.0,2000,900,0.5
2007/02/06,880.0,880.0,858.0,860.0,3000,860,0.5
2007/02/14,844.0,852.0,844.0,852.0,4000,852,0.5
2007/02/15,850.0,852.0,850.0,852.0,3000,852,0.5
2007/02/19,852.0,852.0,852.0,852.0,2000,852,0.5
2007/02/20,900.0,900.0,900.0,900.0,1000,900,0.5
2007/02/22,918.0,920.0,880.0,880.0,19000,880,0.5
2007/02/28,880.0,880.0,880.0,880.0,4000,880,0.5
2007/03/01,920.0,920.0,898.0,898.0,4000,898,0.5
2007/03/12,880.0,882.0,880.0,882.0,2000,882,0.5
2007/03/22,930.0,930.0,930.0,930.0,4000,930,0.5
2007/03/23,948.0,950.0,948.0,950.0,8000,950,0.5
2007/03/27,900.0,900.0,900.0,900.0,1000,900,0.5
2007/03/30,920.0,920.0,920.0,920.0,1000,920,0.5
2007/04/16,860.0,880.0,860.0,880.0,2000,880,0.5
2007/04/23,900.0,920.0,900.0,920.0,20000,920,0.5
2007/04/27,940.0,940.0,940.0,940.0,1000,940,0.5
2007/05/01,960.0,960.0,940.0,940.0,3000,940,0.5
2007/05/21,920.0,922.0,920.0,920.0,3000,920,0.5
2007/05/22,938.0,940.0,938.0,940.0,12000,940,0.5
2007/05/29,882.0,902.0,878.0,880.0,10000,880,0.5
2007/05/31,870.0,872.0,870.0,872.0,5000,872,0.5
2007/06/04,950.0,950.0,950.0,950.0,1000,950,0.5
2007/06/12,950.0,950.0,950.0,950.0,1000,950,0.5
2007/06/14,942.0,942.0,940.0,940.0,2000,940,0.5
2007/06/18,912.0,912.0,912.0,912.0,1000,912,0.5
2007/06/21,920.0,920.0,920.0,920.0,2000,920,0.5
2007/06/22,938.0,940.0,938.0,940.0,14000,940,0.5
2007/06/29,942.0,942.0,940.0,940.0,2000,940,0.5
2007/07/06,940.0,940.0,940.0,940.0,6000,940,0.5
2007/07/13,920.0,920.0,920.0,920.0,1000,920,0.5
2007/07/20,920.0,922.0,920.0,920.0,6000,920,0.5
2007/07/23,940.0,940.0,938.0,938.0,41000,938,0.5
2007/08/01,942.0,942.0,942.0,942.0,2000,942,0.5
2007/08/08,890.0,922.0,890.0,920.0,6000,920,0.5
2007/08/10,890.0,890.0,890.0,890.0,2000,890,0.5
2007/08/16,862.0,862.0,862.0,862.0,2000,862,0.5
2007/08/17,860.0,862.0,860.0,860.0,6000,860,0.5
2007/08/20,860.0,860.0,860.0,860.0,2000,860,0.5
2007/08/21,882.0,882.0,880.0,880.0,2000,880,0.5
2007/08/22,898.0,920.0,898.0,920.0,14000,920,0.5
2007/08/23,860.0,860.0,848.0,848.0,2000,848,0.5
2007/08/24,846.0,846.0,846.0,846.0,1000,846,0.5
2007/08/27,880.0,882.0,880.0,880.0,3000,880,0.5
2007/09/03,940.0,940.0,940.0,940.0,2000,940,0.5
2007/09/12,870.0,870.0,870.0,870.0,1000,870,0.5
2007/09/18,870.0,870.0,870.0,870.0,1000,870,0.5
2007/09/20,900.0,900.0,900.0,900.0,2000,900,0.5
2007/09/25,920.0,940.0,920.0,940.0,12000,940,0.5
2007/10/15,902.0,904.0,902.0,904.0,2000,904,0.5
2007/10/17,902.0,914.0,902.0,910.0,4000,910,0.5
2007/10/19,938.0,938.0,936.0,936.0,2000,936,0.5
2007/10/22,954.0,956.0,954.0,956.0,13000,956,0.5
2007/11/01,940.0,942.0,940.0,940.0,4000,940,0.5
2007/11/09,884.0,888.0,882.0,888.0,12000,888,0.5
2007/11/12,866.0,870.0,866.0,870.0,12000,870,0.5
2007/11/14,898.0,898.0,898.0,898.0,1000,898,0.5
2007/11/19,902.0,902.0,900.0,900.0,2000,900,0.5
2007/11/20,900.0,900.0,900.0,900.0,2000,900,0.5
2007/11/21,900.0,900.0,900.0,900.0,2000,900,0.5
2007/11/22,900.0,902.0,900.0,900.0,18000,900,0.5
2007/11/27,900.0,900.0,898.0,898.0,2000,898,0.5
2007/11/29,870.0,872.0,870.0,872.0,2000,872,0.5
2007/11/30,890.0,892.0,860.0,860.0,8000,860,0.5
2007/12/04,820.0,822.0,820.0,822.0,3000,822,0.5
2007/12/07,858.0,860.0,858.0,860.0,6000,860,0.5
2007/12/12,844.0,844.0,840.0,840.0,4000,840,0.5
2007/12/17,840.0,842.0,840.0,842.0,4000,842,0.5
2007/12/18,854.0,854.0,854.0,854.0,1000,854,0.5
2007/12/25,872.0,880.0,872.0,880.0,13000,880,0.5
2007/12/28,882.0,884.0,880.0,880.0,3000,880,0.5
2008/01/07,828.0,830.0,828.0,830.0,2000,830,0.5
2008/01/08,830.0,830.0,830.0,830.0,4000,830,0.5
2008/01/09,820.0,820.0,820.0,820.0,4000,820,0.5
2008/01/17,808.0,810.0,800.0,800.0,7000,800,0.5
2008/01/18,800.0,808.0,800.0,808.0,2000,808,0.5
2008/01/21,778.0,880.0,778.0,840.0,6000,840,0.5
2008/01/22,858.0,860.0,800.0,800.0,20000,800,0.5
2008/02/05,810.0,810.0,810.0,810.0,1000,810,0.5
2008/02/19,816.0,818.0,816.0,816.0,8000,816,0.5
2008/02/22,846.0,890.0,846.0,890.0,12000,890,0.5
2008/02/26,820.0,820.0,800.0,802.0,4000,802,0.5
2008/02/27,842.0,842.0,842.0,842.0,1000,842,0.5
2008/02/28,804.0,804.0,804.0,804.0,2000,804,0.5
2008/02/29,822.0,824.0,822.0,824.0,4000,824,0.5
2008/03/13,824.0,824.0,824.0,824.0,1000,824,0.5
2008/03/18,824.0,824.0,824.0,824.0,2000,824,0.5
2008/03/19,820.0,820.0,820.0,820.0,2000,820,0.5
2008/03/24,830.0,830.0,830.0,830.0,10000,830,0.5
2008/03/25,790.0,790.0,790.0,790.0,1000,790,0.5
2008/04/02,790.0,790.0,790.0,790.0,1000,790,0.5
2008/04/17,802.0,802.0,802.0,802.0,1000,802,0.5
2008/04/18,826.0,826.0,826.0,826.0,1000,826,0.5
2008/04/21,820.0,840.0,820.0,840.0,3000,840,0.5
2008/04/22,848.0,848.0,848.0,848.0,7000,848,0.5
2008/05/01,800.0,800.0,800.0,800.0,1000,800,0.5
2008/05/02,800.0,800.0,800.0,800.0,2000,800,0.5
2008/05/07,786.0,786.0,786.0,786.0,1000,786,0.5
2008/05/13,800.0,800.0,800.0,800.0,1000,800,0.5
2008/05/15,792.0,792.0,792.0,792.0,1000,792,0.5
2008/05/20,800.0,810.0,800.0,800.0,6000,800,0.5
2008/05/22,808.0,808.0,808.0,808.0,8000,808,0.5
2008/05/30,810.0,810.0,782.0,782.0,3000,782,0.5
2008/06/09,772.0,772.0,772.0,772.0,1000,772,0.5
2008/06/11,774.0,774.0,774.0,774.0,1000,774,0.5
2008/06/16,798.0,798.0,798.0,798.0,1000,798,0.5
2008/06/17,800.0,800.0,800.0,800.0,3000,800,0.5
2008/06/18,800.0,800.0,800.0,800.0,1000,800,0.5
2008/06/19,796.0,796.0,796.0,796.0,1000,796,0.5
2008/06/20,798.0,798.0,798.0,798.0,1000,798,0.5
2008/06/23,798.0,798.0,798.0,798.0,8000,798,0.5
2008/06/25,768.0,778.0,768.0,778.0,2000,778,0.5
2008/06/26,788.0,788.0,788.0,788.0,1000,788,0.5
2008/06/27,762.0,772.0,762.0,772.0,2000,772,0.5
2008/06/30,754.0,754.0,754.0,754.0,5000,754,0.5
2008/07/07,770.0,770.0,770.0,770.0,4000,770,0.5
2008/07/14,774.0,774.0,774.0,774.0,2000,774,0.5
2008/07/15,774.0,774.0,774.0,774.0,1000,774,0.5
2008/07/17,782.0,782.0,782.0,782.0,1000,782,0.5
2008/07/18,786.0,786.0,780.0,780.0,4000,780,0.5
2008/07/22,814.0,834.0,814.0,834.0,23000,834,0.5
2008/07/28,764.0,764.0,764.0,764.0,1000,764,0.5
2008/07/29,774.0,774.0,774.0,774.0,1000,774,0.5
2008/07/30,784.0,784.0,784.0,784.0,1000,784,0.5
2008/08/04,844.0,860.0,844.0,860.0,3000,860,0.5
2008/08/11,820.0,820.0,820.0,820.0,1000,820,0.5
2008/08/18,800.0,800.0,800.0,800.0,1000,800,0.5
2008/08/21,788.0,788.0,788.0,788.0,1000,788,0.5
2008/08/22,800.0,800.0,800.0,800.0,8000,800,0.5
2008/08/27,800.0,800.0,800.0,800.0,1000,800,0.5
2008/09/01,774.0,774.0,774.0,774.0,1000,774,0.5
2008/09/12,774.0,774.0,774.0,774.0,1000,774,0.5
2008/09/16,764.0,764.0,760.0,760.0,2000,760,0.5
2008/09/17,762.0,762.0,760.0,760.0,2000,760,0.5
2008/09/18,790.0,790.0,790.0,790.0,1000,790,0.5
2008/09/19,790.0,790.0,790.0,790.0,1000,790,0.5
2008/09/22,800.0,800.0,800.0,800.0,9000,800,0.5
2008/09/24,770.0,770.0,770.0,770.0,1000,770,0.5
2008/10/01,798.0,798.0,798.0,798.0,1000,798,0.5
2008/10/16,760.0,760.0,760.0,760.0,2000,760,0.5
2008/10/17,750.0,750.0,750.0,750.0,1000,750,0.5
2008/10/20,790.0,790.0,790.0,790.0,1000,790,0.5
2008/10/21,780.0,798.0,780.0,798.0,3000,798,0.5
2008/10/22,800.0,800.0,800.0,800.0,8000,800,0.5
2008/10/24,746.0,746.0,746.0,746.0,2000,746,0.5
2008/11/17,776.0,776.0,776.0,776.0,1000,776,0.5
2008/11/18,748.0,760.0,748.0,760.0,3000,760,0.5
2008/11/19,760.0,760.0,760.0,760.0,2000,760,0.5
2008/11/25,772.0,772.0,772.0,772.0,8000,772,0.5
2008/12/01,776.0,776.0,776.0,776.0,1000,776,0.5
2008/12/05,780.0,780.0,780.0,780.0,4000,780,0.5
2008/12/08,780.0,780.0,780.0,780.0,1000,780,0.5
2008/12/15,770.0,772.0,770.0,772.0,3000,772,0.5
2008/12/16,772.0,790.0,770.0,770.0,6000,770,0.5
2008/12/18,772.0,772.0,772.0,772.0,1000,772,0.5
2008/12/19,778.0,780.0,778.0,780.0,2000,780,0.5
2008/12/22,780.0,780.0,744.0,744.0,9000,744,0.5
2008/12/25,694.0,798.0,694.0,798.0,2000,798,0.5
2008/12/26,718.0,724.0,718.0,724.0,4000,724,0.5
2009/01/05,764.0,764.0,764.0,764.0,1000,764,0.5
2009/01/06,800.0,800.0,800.0,800.0,1000,800,0.5
2009/01/14,760.0,760.0,760.0,760.0,1000,760,0.5
2009/01/21,792.0,792.0,790.0,790.0,2000,790,0.5
2009/01/22,810.0,810.0,810.0,810.0,8000,810,0.5
2009/01/30,780.0,780.0,780.0,780.0,1000,780,0.5
2009/02/03,720.0,720.0,720.0,720.0,1000,720,0.5
2009/02/04,720.0,720.0,720.0,720.0,2000,720,0.5
2009/02/09,720.0,720.0,700.0,700.0,3000,700,0.5
2009/02/13,720.0,720.0,720.0,720.0,2000,720,0.5
2009/02/18,760.0,760.0,760.0,760.0,1000,760,0.5
2009/02/19,762.0,762.0,762.0,762.0,2000,762,0.5
2009/02/20,772.0,772.0,772.0,772.0,1000,772,0.5
2009/02/23,772.0,772.0,772.0,772.0,7000,772,0.5
2009/02/27,782.0,782.0,782.0,782.0,1000,782,0.5
2009/03/06,722.0,722.0,722.0,722.0,2000,722,0.5
2009/03/18,772.0,772.0,772.0,772.0,1000,772,0.5
2009/03/23,796.0,816.0,796.0,816.0,5000,816,0.5
2009/03/25,876.0,880.0,876.0,880.0,3000,880,0.5
2009/04/01,880.0,880.0,880.0,880.0,1000,880,0.5
2009/04/06,820.0,820.0,820.0,820.0,1000,820,0.5
2009/04/21,880.0,880.0,880.0,880.0,1000,880,0.5
2009/04/22,902.0,922.0,902.0,922.0,2000,922,0.5
2009/04/23,942.0,952.0,942.0,952.0,5000,952,0.5
2009/04/27,958.0,958.0,958.0,958.0,1000,958,0.5
2009/05/01,940.0,940.0,940.0,940.0,1000,940,0.5
2009/05/11,910.0,910.0,910.0,910.0,1000,910,0.5
2009/05/14,1000.0,1000.0,1000.0,1000.0,2000,1000,0.5
2009/05/15,930.0,930.0,930.0,930.0,2000,930,0.5
2009/05/20,926.0,930.0,910.0,930.0,8000,930,0.5
2009/05/21,928.0,932.0,928.0,930.0,3000,930,0.5
2009/05/22,900.0,900.0,900.0,900.0,7000,900,0.5
2009/06/01,920.0,920.0,920.0,920.0,1000,920,0.5
2009/06/16,920.0,920.0,920.0,920.0,2000,920,0.5
2009/06/17,900.0,900.0,900.0,900.0,2000,900,0.5
2009/06/22,920.0,920.0,920.0,920.0,7000,920,0.5
2009/06/29,890.0,890.0,890.0,890.0,1000,890,0.5
2009/07/07,916.0,916.0,916.0,916.0,3000,916,0.5
2009/07/16,926.0,926.0,926.0,926.0,1000,926,0.5
2009/07/17,934.0,940.0,934.0,940.0,3000,940,0.5
2009/07/21,960.0,990.0,960.0,990.0,2000,990,0.5
2009/07/22,1000.0,1000.0,1000.0,1000.0,13000,1000,0.5
2009/08/11,940.0,940.0,940.0,940.0,1000,940,0.5
2009/08/19,1000.0,1000.0,950.0,950.0,5000,950,0.5
2009/08/20,998.0,1000.0,998.0,1000.0,2000,1000,0.5
2009/08/21,1000.0,1000.0,1000.0,1000.0,2000,1000,0.5
2009/08/24,980.0,980.0,930.0,930.0,7000,930,0.5
2009/08/28,930.0,930.0,910.0,910.0,2000,910,0.5
2009/09/01,910.0,910.0,910.0,910.0,1000,910,0.5
2009/09/16,900.0,900.0,900.0,900.0,3000,900,0.5
2009/09/18,950.0,950.0,950.0,950.0,1000,950,0.5
2009/09/24,970.0,990.0,970.0,990.0,7000,990,0.5
2009/10/01,980.0,980.0,980.0,980.0,1000,980,0.5
2009/10/16,930.0,930.0,930.0,930.0,6000,930,0.5
2009/10/21,940.0,940.0,930.0,930.0,7000,930,0.5
2009/10/22,940.0,940.0,940.0,940.0,7000,940,0.5
2009/10/27,960.0,960.0,960.0,960.0,1000,960,0.5
2009/10/30,980.0,980.0,980.0,980.0,1000,980,0.5
2009/11/16,950.0,950.0,950.0,950.0,1000,950,0.5
2009/11/17,940.0,940.0,940.0,940.0,1000,940,0.5
2009/11/24,960.0,960.0,960.0,960.0,6000,960,0.5
2009/11/27,902.0,902.0,902.0,902.0,1000,902,0.5
2009/12/01,922.0,922.0,922.0,922.0,1000,922,0.5
2009/12/04,922.0,922.0,922.0,922.0,1000,922,0.5
2009/12/07,942.0,962.0,942.0,962.0,2000,962,0.5
2009/12/18,962.0,962.0,962.0,962.0,4000,962,0.5
2009/12/22,980.0,980.0,980.0,980.0,7000,980,0.5
2009/12/29,920.0,920.0,920.0,920.0,1000,920,0.5
2009/12/30,920.0,920.0,920.0,920.0,1000,920,0.5
2010/01/15,920.0,920.0,920.0,920.0,1000,920,0.5
2010/01/18,920.0,920.0,920.0,920.0,1000,920,0.5
2010/01/19,920.0,920.0,920.0,920.0,3000,920,0.5
2010/01/20,920.0,922.0,920.0,922.0,4000,922,0.5
2010/01/21,922.0,938.0,922.0,938.0,2000,938,0.5
2010/01/22,916.0,916.0,916.0,916.0,6000,916,0.5
2010/02/01,932.0,932.0,932.0,932.0,1000,932,0.5
2010/02/08,924.0,924.0,924.0,924.0,1000,924,0.5
2010/02/18,924.0,924.0,924.0,924.0,1000,924,0.5
2010/02/19,936.0,940.0,936.0,940.0,3000,940,0.5
2010/02/22,960.0,980.0,932.0,932.0,8000,932,0.5
2010/03/02,922.0,922.0,922.0,922.0,1000,922,0.5
2010/03/04,908.0,908.0,908.0,908.0,1000,908,0.5
2010/03/19,972.0,972.0,972.0,972.0,1000,972,0.5
2010/03/23,992.0,992.0,992.0,992.0,3000,992,0.5
2010/03/24,1032.0,1032.0,1032.0,1032.0,3000,1032,0.5
2010/03/26,1000.0,1000.0,1000.0,1000.0,1000,1000,0.5
2010/03/30,930.0,930.0,930.0,930.0,2000,930,0.5
2010/04/07,960.0,960.0,960.0,960.0,1000,960,0.5
2010/04/08,960.0,960.0,960.0,960.0,1000,960,0.5
2010/04/15,950.0,950.0,950.0,950.0,3000,950,0.5
2010/04/16,952.0,952.0,952.0,952.0,2000,952,0.5
2010/04/20,976.0,976.0,976.0,976.0,2000,976,0.5
2010/04/21,976.0,996.0,976.0,996.0,3000,996,0.5
2010/04/22,1006.0,1006.0,1006.0,1006.0,7000,1006,0.5
2010/04/27,962.0,962.0,960.0,960.0,2000,960,0.5
2010/04/30,960.0,960.0,960.0,960.0,1000,960,0.5
2010/05/21,976.0,1000.0,976.0,1000.0,3000,1000,0.5
2010/05/24,1020.0,1020.0,1020.0,1020.0,6000,1020,0.5
2010/05/27,1020.0,1020.0,1020.0,1020.0,2000,1020,0.5
2010/05/31,956.0,956.0,956.0,956.0,1000,956,0.5
2010/06/01,976.0,976.0,976.0,976.0,1000,976,0.5
2010/06/11,960.0,960.0,960.0,960.0,1000,960,0.5
2010/06/21,1020.0,1020.0,1020.0,1020.0,1000,1020,0.5
2010/06/22,1040.0,1062.0,1040.0,1060.0,5000,1060,0.5
2010/06/23,1060.0,1060.0,1060.0,1060.0,3000,1060,0.5
2010/06/28,1000.0,1000.0,1000.0,1000.0,6000,1000,0.5
2010/06/29,1016.0,1016.0,1016.0,1016.0,1000,1016,0.5
2010/07/01,1036.0,1036.0,1036.0,1036.0,1000,1036,0.5
2010/07/02,1026.0,1026.0,1026.0,1026.0,1000,1026,0.5
2010/07/07,1060.0,1080.0,1060.0,1080.0,3000,1080,0.5
2010/07/13,1060.0,1060.0,1060.0,1060.0,1000,1060,0.5
2010/07/21,1100.0,1110.0,1088.0,1088.0,7000,1088,0.5
2010/07/22,1044.0,1044.0,1044.0,1044.0,14000,1044,0.5
2010/07/23,1004.0,1004.0,1004.0,1004.0,1000,1004,0.5
2010/08/11,1050.0,1050.0,1050.0,1050.0,1000,1050,0.5
2010/08/12,1044.0,1044.0,1044.0,1044.0,2000,1044,0.5
2010/08/17,1042.0,1042.0,1042.0,1042.0,1000,1042,0.5
2010/08/20,1078.0,1100.0,1076.0,1100.0,4000,1100,0.5
2010/08/23,1060.0,1060.0,1060.0,1060.0,6000,1060,0.5
2010/08/27,1044.0,1044.0,1044.0,1044.0,2000,1044,0.5
2010/09/01,1064.0,1064.0,1064.0,1064.0,1000,1064,0.5
2010/09/02,1006.0,1006.0,1006.0,1006.0,5000,1006,0.5
2010/09/07,1002.0,1002.0,1002.0,1002.0,1000,1002,0.5
2010/09/10,982.0,982.0,982.0,982.0,4000,982,0.5
2010/09/17,1010.0,1010.0,1010.0,1010.0,1000,1010,0.5
2010/09/21,1004.0,1010.0,1000.0,1010.0,4000,1010,0.5
2010/09/22,988.0,988.0,988.0,988.0,6000,988,0.5
2010/09/29,980.0,980.0,980.0,980.0,1000,980,0.5
2010/10/01,994.0,994.0,994.0,994.0,1000,994,0.5
2010/10/20,982.0,982.0,982.0,982.0,1000,982,0.5
2010/10/22,996.0,996.0,996.0,996.0,7000,996,0.5
2010/11/02,984.0,984.0,980.0,980.0,2000,980,0.5
2010/11/05,980.0,980.0,980.0,980.0,1000,980,0.5
2010/11/12,996.0,996.0,984.0,984.0,2000,984,0.5
2010/11/15,982.0,982.0,982.0,982.0,1000,982,0.5
2010/11/18,1000.0,1000.0,994.0,994.0,2000,994,0.5
2010/11/19,1002.0,1002.0,1002.0,1002.0,1000,1002,0.5
2010/11/22,1022.0,1022.0,992.0,992.0,7000,992,0.5
2010/12/01,1012.0,1012.0,1012.0,1012.0,1000,1012,0.5
2010/12/07,1012.0,1012.0,1012.0,1012.0,2000,1012,0.5
2010/12/08,1000.0,1000.0,1000.0,1000.0,1000,1000,0.5
2010/12/13,992.0,992.0,992.0,992.0,1000,992,0.5
2010/12/20,1020.0,1020.0,1020.0,1020.0,1000,1020,0.5
2010/12/21,1020.0,1036.0,1020.0,1036.0,3000,1036,0.5
2010/12/22,1000.0,1000.0,1000.0,1000.0,7000,1000,0.5
2011/01/05,1100.0,1100.0,1100.0,1100.0,1000,1100,0.5
2011/01/12,1090.0,1090.0,1090.0,1090.0,1000,1090,0.5
2011/01/20,1052.0,1052.0,1052.0,1052.0,1000,1052,0.5
2011/01/24,1072.0,1072.0,1072.0,1072.0,4000,1072,0.5
2011/01/25,1112.0,1112.0,1112.0,1112.0,2000,1112,0.5
2011/01/26,1052.0,1052.0,1052.0,1052.0,1000,1052,0.5
2011/01/28,1032.0,1032.0,1032.0,1032.0,1000,1032,0.5
2011/02/21,1020.0,1020.0,1020.0,1020.0,1000,1020,0.5
2011/02/22,1020.0,1020.0,1020.0,1020.0,6000,1020,0.5
2011/03/01,1020.0,1020.0,1020.0,1020.0,1000,1020,0.5
2011/03/02,966.0,966.0,966.0,966.0,1000,966,0.5
2011/03/17,982.0,982.0,982.0,982.0,1000,982,0.5
2011/03/18,1020.0,1020.0,1020.0,1020.0,1000,1020,0.5
2011/03/22,1040.0,1040.0,1040.0,1040.0,6000,1040,0.5
2011/03/29,1040.0,1040.0,1040.0,1040.0,1000,1040,0.5
2011/03/30,1040.0,1040.0,1040.0,1040.0,1000,1040,0.5
2011/04/07,1000.0,1000.0,1000.0,1000.0,1000,1000,0.5
2011/04/08,980.0,980.0,980.0,980.0,1000,980,0.5
2011/04/11,1020.0,1020.0,1020.0,1020.0,1000,1020,0.5
2011/04/13,1004.0,1020.0,1004.0,1020.0,2000,1020,0.5
2011/04/20,1020.0,1020.0,1020.0,1020.0,1000,1020,0.5
2011/04/21,1020.0,1020.0,1016.0,1020.0,5000,1020,0.5
2011/04/22,980.0,980.0,980.0,980.0,6000,980,0.5
2011/04/27,1006.0,1006.0,1006.0,1006.0,1000,1006,0.5
2011/04/28,1018.0,1018.0,1018.0,1018.0,1000,1018,0.5
2011/05/11,1004.0,1004.0,1004.0,1004.0,1000,1004,0.5
2011/05/19,1004.0,1004.0,1004.0,1004.0,1000,1004,0.5
2011/05/20,1004.0,1006.0,1004.0,1006.0,2000,1006,0.5
2011/05/23,1020.0,1020.0,1020.0,1020.0,7000,1020,0.5
2011/05/24,1000.0,1000.0,1000.0,1000.0,1000,1000,0.5
2011/06/01,1000.0,1000.0,1000.0,1000.0,1000,1000,0.5
2011/06/10,994.0,994.0,994.0,994.0,1000,994,0.5
2011/06/20,1010.0,1010.0,1010.0,1010.0,2000,1010,0.5
2011/06/21,1012.0,1018.0,1012.0,1018.0,2000,1018,0.5
2011/06/22,1018.0,1018.0,1018.0,1018.0,6000,1018,0.5
2011/06/23,1008.0,1008.0,1008.0,1008.0,1000,1008,0.5
2011/07/06,1008.0,1008.0,1008.0,1008.0,1000,1008,0.5
2011/07/07,1018.0,1018.0,1018.0,1018.0,2000,1018,0.5
2011/07/11,1020.0,1020.0,1020.0,1020.0,1000,1020,0.5
2011/07/14,1042.0,1042.0,1042.0,1042.0,1000,1042,0.5
2011/07/15,1040.0,1040.0,1040.0,1040.0,4000,1040,0.5
2011/07/20,1034.0,1034.0,1034.0,1034.0,5000,1034,0.5
2011/07/22,1034.0,1034.0,1034.0,1034.0,12000,1034,0.5
2011/07/27,1034.0,1034.0,1034.0,1034.0,1000,1034,0.5
2011/08/02,1040.0,1040.0,1040.0,1040.0,1000,1040,0.5
2011/08/16,1000.0,1000.0,1000.0,1000.0,1000,1000,0.5
2011/08/17,1016.0,1016.0,1016.0,1016.0,1000,1016,0.5
2011/08/22,1036.0,1056.0,1036.0,1056.0,2000,1056,0.5
2011/08/23,1054.0,1054.0,1054.0,1054.0,5000,1054,0.5
2011/09/06,1040.0,1040.0,1040.0,1040.0,2000,1040,0.5
2011/09/12,1028.0,1028.0,990.0,1006.0,5000,1006,0.5
2011/09/13,1000.0,1000.0,1000.0,1000.0,2000,1000,0.5
2011/09/20,1036.0,1036.0,1036.0,1036.0,1000,1036,0.5
2011/09/21,1020.0,1020.0,1000.0,1000.0,3000,1000,0.5
2011/09/22,1018.0,1018.0,958.0,958.0,9000,958,0.5
2011/09/27,978.0,978.0,978.0,978.0,1000,978,0.5
2011/09/30,990.0,990.0,990.0,990.0,1000,990,0.5
2011/10/04,974.0,974.0,974.0,974.0,1000,974,0.5
2011/10/12,990.0,990.0,990.0,990.0,1000,990,0.5
2011/10/17,980.0,980.0,980.0,980.0,2000,980,0.5
2011/10/24,980.0,980.0,980.0,980.0,5000,980,0.5
2011/10/27,980.0,980.0,980.0,980.0,1000,980,0.5
2011/11/01,1000.0,1000.0,952.0,952.0,2000,952,0.5
2011/11/02,960.0,960.0,960.0,960.0,1000,960,0.5
2011/11/11,944.0,944.0,944.0,944.0,2000,944,0.5
2011/11/18,960.0,960.0,960.0,960.0,1000,960,0.5
2011/11/21,988.0,988.0,980.0,980.0,5000,980,0.5
2011/11/22,980.0,980.0,980.0,980.0,7000,980,0.5
2011/11/30,964.0,964.0,964.0,964.0,1000,964,0.5
2011/12/01,976.0,976.0,976.0,976.0,1000,976,0.5
2011/12/07,978.0,978.0,944.0,944.0,7000,944,0.5
2011/12/08,936.0,936.0,928.0,928.0,4000,928,0.5
2011/12/09,928.0,928.0,928.0,928.0,3000,928,0.5
2011/12/19,972.0,972.0,972.0,972.0,1000,972,0.5
2011/12/21,980.0,980.0,980.0,980.0,1000,980,0.5
2011/12/22,948.0,948.0,942.0,942.0,9000,942,0.5
2011/12/27,954.0,954.0,954.0,954.0,1000,954,0.5
2012/01/12,954.0,954.0,952.0,952.0,2000,952,0.5
2012/01/18,968.0,968.0,968.0,968.0,1000,968,0.5
2012/01/23,980.0,980.0,980.0,980.0,7000,980,0.5
2012/01/27,1020.0,1020.0,1020.0,1020.0,1000,1020,0.5
2012/02/01,1044.0,1044.0,1044.0,1044.0,1000,1044,0.5
2012/02/17,1000.0,1000.0,1000.0,1000.0,5000,1000,0.5
2012/02/21,1008.0,1008.0,1008.0,1008.0,1000,1008,0.5
2012/02/22,1028.0,1040.0,1028.0,1040.0,6000,1040,0.5
2012/02/28,1040.0,1040.0,1040.0,1040.0,1000,1040,0.5
2012/03/14,1000.0,1000.0,1000.0,1000.0,1000,1000,0.5
2012/03/15,1020.0,1020.0,1020.0,1020.0,2000,1020,0.5
2012/03/16,1000.0,1000.0,994.0,994.0,5000,994,0.5
2012/03/21,1000.0,1000.0,1000.0,1000.0,1000,1000,0.5
2012/03/22,1000.0,1000.0,1000.0,1000.0,6000,1000,0.5
2012/03/26,1000.0,1000.0,1000.0,1000.0,2000,1000,0.5
2012/04/03,978.0,978.0,978.0,978.0,1000,978,0.5
2012/04/04,962.0,962.0,962.0,962.0,1000,962,0.5
2012/04/12,980.0,980.0,980.0,980.0,1000,980,0.5
2012/04/16,988.0,990.0,988.0,990.0,3000,990,0.5
2012/04/18,992.0,992.0,992.0,992.0,1000,992,0.5
2012/04/19,992.0,1008.0,992.0,1008.0,4000,1008,0.5
2012/04/20,1008.0,1008.0,1008.0,1008.0,3000,1008,0.5
2012/04/23,1008.0,1008.0,1008.0,1008.0,6000,1008,0.5
2012/04/27,1010.0,1010.0,1010.0,1010.0,1000,1010,0.5
2012/05/01,1010.0,1010.0,1010.0,1010.0,1000,1010,0.5
2012/05/08,1000.0,1000.0,1000.0,1000.0,1000,1000,0.5
2012/05/21,1020.0,1022.0,1020.0,1022.0,3000,1022,0.5
2012/05/22,1042.0,1042.0,1000.0,1000.0,8000,1000,0.5
2012/05/25,1040.0,1040.0,1040.0,1040.0,1000,1040,0.5
2012/06/01,966.0,966.0,966.0,966.0,2000,966,0.5
2012/06/12,966.0,966.0,966.0,966.0,1000,966,0.5
2012/06/20,980.0,980.0,980.0,980.0,1000,980,0.5
2012/06/21,992.0,992.0,992.0,992.0,1000,992,0.5
2012/06/22,1028.0,1032.0,1028.0,1032.0,6000,1032,0.5
2012/06/29,1032.0,1032.0,1032.0,1032.0,1000,1032,0.5
2012/07/06,1040.0,1040.0,1040.0,1040.0,3000,1040,0.5
2012/07/11,1020.0,1020.0,1012.0,1012.0,2000,1012,0.5
2012/07/19,1028.0,1028.0,1028.0,1028.0,3000,1028,0.5
2012/07/20,1032.0,1038.0,1032.0,1038.0,3000,1038,0.5
2012/07/23,1040.0,1040.0,1040.0,1040.0,12000,1040,0.5
2012/07/25,984.0,984.0,984.0,984.0,2000,984,0.5
2012/07/27,1000.0,1000.0,1000.0,1000.0,1000,1000,0.5
2012/08/01,1016.0,1016.0,1016.0,1016.0,1000,1016,0.5
2012/08/06,1030.0,1030.0,1030.0,1030.0,1000,1030,0.5
2012/08/13,1034.0,1034.0,1034.0,1034.0,1000,1034,0.5
2012/08/17,1034.0,1034.0,1030.0,1030.0,3000,1030,0.5
2012/08/22,1040.0,1040.0,1040.0,1040.0,6000,1040,0.5
2012/08/31,1040.0,1040.0,1040.0,1040.0,1000,1040,0.5
2012/09/07,1030.0,1030.0,1030.0,1030.0,1000,1030,0.5
2012/09/21,1030.0,1038.0,1030.0,1038.0,2000,1038,0.5
2012/09/24,1040.0,1040.0,1040.0,1040.0,6000,1040,0.5
2012/09/27,1040.0,1040.0,1040.0,1040.0,1000,1040,0.5
2012/10/11,1000.0,1000.0,1000.0,1000.0,3000,1000,0.5
2012/10/12,1000.0,1000.0,1000.0,1000.0,1000,1000,0.5
2012/10/19,1020.0,1032.0,1020.0,1032.0,2000,1032,0.5
2012/10/22,1040.0,1040.0,1040.0,1040.0,6000,1040,0.5
2012/10/25,1020.0,1020.0,1020.0,1020.0,1000,1020,0.5
2012/10/26,1040.0,1040.0,1040.0,1040.0,1000,1040,0.5
2012/11/06,970.0,980.0,970.0,980.0,2000,980,0.5
2012/11/12,1000.0,1000.0,1000.0,1000.0,1000,1000,0.5
2012/11/19,1014.0,1014.0,1014.0,1014.0,1000,1014,0.5
2012/11/21,1038.0,1038.0,1038.0,1038.0,2000,1038,0.5
2012/11/22,1038.0,1038.0,1038.0,1038.0,6000,1038,0.5
2012/11/30,1030.0,1030.0,1030.0,1030.0,1000,1030,0.5
2012/12/04,1020.0,1020.0,1020.0,1020.0,1000,1020,0.5
2012/12/07,1038.0,1038.0,1038.0,1038.0,2000,1038,0.5
2012/12/18,1030.0,1030.0,1030.0,1030.0,1000,1030,0.5
2012/12/25,1050.0,1050.0,1050.0,1050.0,6000,1050,0.5
2012/12/27,1040.0,1040.0,1040.0,1040.0,1000,1040,0.5
2012/12/28,1028.0,1028.0,1028.0,1028.0,1000,1028,0.5
2013/01/11,1040.0,1040.0,1040.0,1040.0,1000,1040,0.5
2013/01/15,1040.0,1040.0,1040.0,1040.0,1000,1040,0.5
2013/01/16,1030.0,1030.0,1030.0,1030.0,1000,1030,0.5
2013/01/21,1030.0,1034.0,1030.0,1034.0,6000,1034,0.5
2013/01/22,1026.0,1026.0,1026.0,1026.0,6000,1026,0.5
2013/01/25,1020.0,1020.0,1020.0,1020.0,1000,1020,0.5
2013/01/31,1000.0,1000.0,1000.0,1000.0,2000,1000,0.5
2013/02/19,1020.0,1020.0,1020.0,1020.0,1000,1020,0.5
2013/02/21,1034.0,1040.0,1034.0,1040.0,3000,1040,0.5
2013/02/22,1032.0,1032.0,1032.0,1032.0,5000,1032,0.5
2013/02/27,1030.0,1030.0,1030.0,1030.0,1000,1030,0.5
2013/03/05,1002.0,1002.0,1002.0,1002.0,4000,1002,0.5
2013/03/07,1000.0,1000.0,1000.0,1000.0,1000,1000,0.5
2013/03/14,1010.0,1010.0,1010.0,1010.0,1000,1010,0.5
2013/03/19,1010.0,1010.0,1010.0,1010.0,1000,1010,0.5
2013/03/21,1010.0,1010.0,1010.0,1010.0,2000,1010,0.5
2013/03/22,1002.0,1002.0,1002.0,1002.0,7000,1002,0.5
2013/04/01,1010.0,1010.0,1010.0,1010.0,1000,1010,0.5
2013/04/05,1010.0,1010.0,1010.0,1010.0,1000,1010,0.5
2013/04/09,1010.0,1010.0,1008.0,1008.0,5000,1008,0.5
2013/04/15,1042.0,1042.0,1042.0,1042.0,1000,1042,0.5
2013/04/22,1054.0,1054.0,1042.0,1042.0,14000,1042,0.5
2013/04/25,1004.0,1004.0,1004.0,1004.0,1000,1004,0.5
2013/04/26,1020.0,1020.0,1020.0,1020.0,1000,1020,0.5
2013/05/01,1026.0,1026.0,1026.0,1026.0,1000,1026,0.5
2013/05/08,966.0,978.0,966.0,978.0,4000,978,0.5
2013/05/09,978.0,994.0,978.0,994.0,2000,994,0.5
2013/05/10,988.0,988.0,988.0,988.0,3000,988,0.5
2013/05/13,990.0,990.0,990.0,990.0,1000,990,0.5
2013/05/15,992.0,992.0,992.0,992.0,1000,992,0.5
2013/05/16,994.0,994.0,994.0,994.0,2000,994,0.5
2013/05/17,994.0,994.0,994.0,994.0,1000,994,0.5
2013/05/20,994.0,994.0,988.0,988.0,2000,988,0.5
2013/05/22,992.0,992.0,992.0,992.0,7000,992,0.5
2013/05/27,992.0,992.0,974.0,974.0,2000,974,0.5
2013/06/03,994.0,994.0,994.0,994.0,1000,994,0.5
2013/06/10,992.0,992.0,992.0,992.0,1000,992,0.5
2013/06/17,988.0,988.0,988.0,988.0,1000,988,0.5
2013/06/21,988.0,988.0,984.0,988.0,4000,988,0.5
2013/06/24,994.0,994.0,988.0,988.0,8000,988,0.5
2013/06/27,984.0,984.0,984.0,984.0,1000,984,0.5
2013/07/01,1000.0,1000.0,1000.0,1000.0,2000,1000,0.5
2013/07/04,1014.0,1014.0,1014.0,1014.0,1000,1014,0.5
2013/07/05,1014.0,1014.0,1014.0,1014.0,2000,1014,0.5
2013/07/08,1014.0,1014.0,1014.0,1014.0,1000,1014,0.5
2013/07/17,1006.0,1006.0,1006.0,1006.0,1000,1006,0.5
2013/07/19,992.0,996.0,992.0,996.0,2000,996,0.5
2013/07/22,1014.0,1014.0,1014.0,1014.0,14000,1014,0.5
2013/07/26,1010.0,1010.0,1000.0,1000.0,2000,1000,0.5
2013/07/29,1008.0,1008.0,1008.0,1008.0,1000,1008,0.5
2013/08/01,1008.0,1008.0,1008.0,1008.0,1000,1008,0.5
2013/08/05,1008.0,1008.0,1008.0,1008.0,1000,1008,0.5
2013/08/12,1008.0,1008.0,1008.0,1008.0,1000,1008,0.5
2013/08/19,1008.0,1008.0,1008.0,1008.0,4000,1008,0.5
2013/08/21,1000.0,1000.0,1000.0,1000.0,3000,1000,0.5
2013/08/22,998.0,998.0,998.0,998.0,6000,998,0.5
2013/08/26,988.0,988.0,984.0,984.0,2000,984,0.5
2013/09/02,1040.0,1040.0,1040.0,1040.0,1000,1040,0.5
2013/09/09,1040.0,1040.0,1040.0,1040.0,1000,1040,0.5
2013/09/18,1018.0,1020.0,1018.0,1020.0,5000,1020,0.5
2013/09/20,1002.0,1002.0,1002.0,1002.0,7000,1002,0.5
2013/09/24,1014.0,1014.0,1014.0,1014.0,6000,1014,0.5
2013/09/27,1014.0,1014.0,1014.0,1014.0,2000,1014,0.5
2013/09/30,1012.0,1012.0,1012.0,1012.0,1000,1012,0.5
2013/10/01,982.0,982.0,982.0,982.0,2000,982,0.5
2013/10/07,982.0,982.0,982.0,982.0,1000,982,0.5
2013/10/11,994.0,994.0,994.0,994.0,1000,994,0.5
2013/10/15,980.0,980.0,980.0,980.0,1000,980,0.5
2013/10/16,980.0,980.0,980.0,980.0,1000,980,0.5
2013/10/18,996.0,996.0,984.0,984.0,2000,984,0.5
2013/10/21,998.0,1002.0,994.0,1002.0,3000,1002,0.5
2013/10/22,988.0,988.0,970.0,970.0,9000,970,0.5
2013/10/28,998.0,998.0,998.0,998.0,1000,998,0.5
2013/10/29,982.0,982.0,982.0,982.0,1000,982,0.5
2013/11/01,1002.0,1002.0,1002.0,1002.0,1000,1002,0.5
2013/11/07,982.0,994.0,982.0,994.0,4000,994,0.5
2013/11/11,986.0,986.0,986.0,986.0,1000,986,0.5
2013/11/18,980.0,980.0,980.0,980.0,1000,980,0.5
2013/11/20,978.0,978.0,978.0,978.0,1000,978,0.5
2013/11/21,980.0,980.0,980.0,980.0,1000,980,0.5
2013/11/22,980.0,980.0,980.0,980.0,8000,980,0.5
2013/11/27,980.0,980.0,980.0,980.0,1000,980,0.5
2013/12/06,996.0,996.0,996.0,996.0,2000,996,0.5
2013/12/18,996.0,996.0,996.0,996.0,1000,996,0.5
2013/12/19,1010.0,1010.0,998.0,998.0,6000,998,0.5
2013/12/20,966.0,966.0,966.0,966.0,1000,966,0.5
2013/12/24,998.0,998.0,980.0,980.0,8000,980,0.5
2013/12/30,1000.0,1000.0,1000.0,1000.0,1000,1000,0.5
2014/01/14,1000.0,1000.0,996.0,996.0,2000,996,0.5
2014/01/15,994.0,994.0,994.0,994.0,1000,994,0.5
2014/01/20,1010.0,1010.0,1010.0,1010.0,2000,1010,0.5
2014/01/21,1016.0,1016.0,1016.0,1016.0,1000,1016,0.5
2014/01/22,1002.0,1022.0,1002.0,1022.0,8000,1022,0.5
2014/01/24,1042.0,1042.0,1042.0,1042.0,1000,1042,0.5
2014/01/27,1062.0,1062.0,1062.0,1062.0,1000,1062,0.5
2014/02/04,1040.0,1040.0,1040.0,1040.0,2000,1040,0.5
2014/02/17,1020.0,1020.0,1020.0,1020.0,1000,1020,0.5
2014/02/20,1050.0,1050.0,1050.0,1050.0,1000,1050,0.5
2014/02/21,1048.0,1068.0,1048.0,1060.0,3000,1060,0.5
2014/02/24,1080.0,1088.0,1080.0,1088.0,7000,1088,0.5
2014/02/25,1016.0,1016.0,1016.0,1016.0,1000,1016,0.5
2014/02/27,1034.0,1034.0,1034.0,1034.0,1000,1034,0.5
2014/02/28,1054.0,1074.0,1054.0,1074.0,2000,1074,0.5
2014/03/12,1084.0,1104.0,1084.0,1104.0,2000,1104,0.5
2014/03/18,1086.0,1086.0,1086.0,1086.0,1000,1086,0.5
2014/03/20,1084.0,1100.0,1084.0,1100.0,2000,1100,0.5
2014/03/24,1100.0,1100.0,1100.0,1100.0,5000,1100,0.5
2014/03/25,1100.0,1100.0,1100.0,1100.0,2000,1100,0.5
2014/03/26,1200.0,1200.0,1200.0,1200.0,2000,1200,0.5
2014/04/03,1130.0,1130.0,1130.0,1130.0,1000,1130,0.5
2014/04/04,1120.0,1120.0,1120.0,1120.0,2000,1120,0.5
2014/04/09,1060.0,1060.0,1040.0,1040.0,2000,1040,0.5
2014/04/15,1020.0,1020.0,1000.0,1000.0,2000,1000,0.5
2014/04/18,1040.0,1072.0,1040.0,1072.0,5000,1072,0.5
2014/04/21,1064.0,1064.0,1062.0,1062.0,2000,1062,0.5
2014/04/22,1062.0,1062.0,1062.0,1062.0,6000,1062,0.5
2014/04/25,1080.0,1080.0,1080.0,1080.0,1000,1080,0.5
2014/05/02,1140.0,1140.0,1140.0,1140.0,2000,1140,0.5
2014/05/07,1026.0,1026.0,1026.0,1026.0,1000,1026,0.5
2014/05/08,1026.0,1026.0,1026.0,1026.0,1000,1026,0.5
2014/05/22,1092.0,1112.0,1092.0,1112.0,3000,1112,0.5
2014/05/27,1232.0,1232.0,1232.0,1232.0,1000,1232,0.5
2014/05/29,1094.0,1094.0,1094.0,1094.0,4000,1094,0.5
2014/06/02,1082.0,1082.0,1062.0,1062.0,2000,1062,0.5
2014/06/05,1062.0,1062.0,1062.0,1062.0,1000,1062,0.5
2014/06/06,1022.0,1060.0,1022.0,1060.0,8000,1060,0.5
2014/06/19,1076.0,1076.0,1076.0,1076.0,2000,1076,0.5
2014/06/20,1080.0,1086.0,1054.0,1054.0,13000,1054,0.5
2014/06/23,1072.0,1072.0,1070.0,1070.0,10000,1070,0.5
2014/07/07,1080.0,1080.0,1080.0,1080.0,2000,1080,0.5
2014/07/11,1060.0,1060.0,1060.0,1060.0,1000,1060,0.5
2014/07/14,1078.0,1078.0,1078.0,1078.0,2000,1078,0.5
2014/07/15,1090.0,1090.0,1090.0,1090.0,1000,1090,0.5
2014/07/16,1090.0,1090.0,1090.0,1090.0,1000,1090,0.5
2014/07/18,1108.0,1108.0,1108.0,1108.0,2000,1108,0.5
2014/07/22,1128.0,1148.0,1128.0,1148.0,13000,1148,0.5
2014/07/23,1168.0,1188.0,1168.0,1188.0,4000,1188,0.5
2014/07/24,1208.0,1208.0,1208.0,1208.0,1000,1208,0.5
2014/07/25,1208.0,1208.0,1108.0,1110.0,3000,1110,0.5
2014/08/01,1150.0,1150.0,1150.0,1150.0,1000,1150,0.5
2014/08/13,1150.0,1150.0,1150.0,1150.0,1000,1150,0.5
2014/08/21,1190.0,1200.0,1190.0,1200.0,2000,1200,0.5
2014/08/22,1220.0,1220.0,1220.0,1220.0,5000,1220,0.5
2014/08/27,1200.0,1200.0,1200.0,1200.0,1000,1200,0.5
2014/08/28,1164.0,1164.0,1164.0,1164.0,3000,1164,0.5
2014/09/01,1178.0,1178.0,1178.0,1178.0,1000,1178,0.5
2014/09/08,1160.0,1160.0,1160.0,1160.0,1000,1160,0.5
2014/09/10,1146.0,1146.0,1146.0,1146.0,1000,1146,0.5
2014/09/11,1146.0,1146.0,1146.0,1146.0,2000,1146,0.5
2014/09/12,1146.0,1146.0,1146.0,1146.0,1000,1146,0.5
2014/09/16,1140.0,1140.0,1130.0,1130.0,3000,1130,0.5
2014/09/19,1150.0,1150.0,1146.0,1146.0,3000,1146,0.5
2014/09/22,1132.0,1132.0,1132.0,1132.0,7000,1132,0.5
2014/09/26,1152.0,1152.0,1152.0,1152.0,1000,1152,0.5
2014/09/30,1140.0,1140.0,1140.0,1140.0,1000,1140,0.5
2014/10/03,1120.0,1120.0,1104.0,1104.0,2000,1104,0.5
2014/10/07,1120.0,1120.0,1100.0,1100.0,2000,1100,0.5
2014/10/10,1080.0,1080.0,1080.0,1080.0,2000,1080,0.5
2014/10/17,1072.0,1072.0,1032.0,1050.0,3000,1050,0.5
2014/10/20,1050.0,1050.0,1040.0,1040.0,2000,1040,0.5
2014/10/22,1078.0,1078.0,1078.0,1078.0,6000,1078,0.5
2014/10/23,1060.0,1060.0,1060.0,1060.0,1000,1060,0.5
2014/10/27,1076.0,1076.0,1076.0,1076.0,1000,1076,0.5
2014/10/31,1040.0,1040.0,1040.0,1040.0,1000,1040,0.5
2014/11/04,1040.0,1040.0,1020.0,1020.0,4000,1020,0.5
2014/11/07,1008.0,1008.0,1006.0,1006.0,2000,1006,0.5
2014/11/10,1006.0,1006.0,1006.0,1006.0,1000,1006,0.5
2014/11/12,1006.0,1006.0,1006.0,1006.0,2000,1006,0.5
2014/11/17,1002.0,1002.0,1002.0,1002.0,1000,1002,0.5
2014/11/18,982.0,982.0,982.0,982.0,1000,982,0.5
2014/11/19,990.0,1018.0,986.0,994.0,8000,994,0.5
2014/11/20,1010.0,1026.0,1010.0,1024.0,14000,1024,0.5
2014/11/21,1024.0,1024.0,1024.0,1024.0,1000,1024,0.5
2014/11/25,1028.0,1036.0,1024.0,1036.0,9000,1036,0.5
2014/11/26,996.0,1016.0,996.0,1014.0,6000,1014,0.5
2014/11/27,1004.0,1010.0,1004.0,1010.0,2000,1010,0.5
2014/12/01,1020.0,1020.0,1020.0,1020.0,1000,1020,0.5
2014/12/02,1000.0,1000.0,1000.0,1000.0,1000,1000,0.5
2014/12/03,1010.0,1020.0,1010.0,1020.0,3000,1020,0.5
2014/12/05,1036.0,1036.0,1020.0,1020.0,3000,1020,0.5
2014/12/09,1000.0,1000.0,1000.0,1000.0,1000,1000,0.5
2014/12/10,1000.0,1000.0,1000.0,1000.0,1000,1000,0.5
2014/12/18,1020.0,1020.0,1018.0,1018.0,2000,1018,0.5
2014/12/19,1018.0,1038.0,1018.0,1036.0,6000,1036,0.5
2014/12/22,1016.0,1016.0,1010.0,1010.0,7000,1010,0.5
2014/12/26,1020.0,1020.0,1020.0,1020.0,1000,1020,0.5
2014/12/30,1020.0,1020.0,1020.0,1020.0,2000,1020,0.5
2015/01/07,1000.0,1000.0,1000.0,1000.0,1000,1000,0.5
2015/01/08,1016.0,1020.0,1016.0,1020.0,2000,1020,0.5
2015/01/14,1020.0,1020.0,1020.0,1020.0,2000,1020,0.5
2015/01/15,1010.0,1010.0,1010.0,1010.0,1000,1010,0.5
2015/01/16,1020.0,1020.0,1020.0,1020.0,2000,1020,0.5
2015/01/19,1020.0,1020.0,1010.0,1010.0,3000,1010,0.5
2015/01/20,1008.0,1008.0,1008.0,1008.0,1000,1008,0.5
2015/01/21,1018.0,1018.0,1018.0,1018.0,2000,1018,0.5
2015/01/22,1028.0,1028.0,1028.0,1028.0,6000,1028,0.5
2015/01/23,1030.0,1030.0,1030.0,1030.0,1000,1030,0.5
2015/01/26,1040.0,1040.0,1020.0,1020.0,2000,1020,0.5
2015/01/27,1020.0,1020.0,1020.0,1020.0,1000,1020,0.5
2015/01/30,1010.0,1010.0,1010.0,1010.0,1000,1010,0.5
2015/02/09,1028.0,1028.0,1028.0,1028.0,2000,1028,0.5
2015/02/17,1040.0,1040.0,1040.0,1040.0,2000,1040,0.5
2015/02/18,1040.0,1040.0,1040.0,1040.0,2000,1040,0.5
2015/02/19,1042.0,1042.0,1042.0,1042.0,1000,1042,0.5
2015/02/20,1040.0,1040.0,1040.0,1040.0,2000,1040,0.5
2015/02/23,1038.0,1038.0,1038.0,1038.0,5000,1038,0.5
2015/02/24,1024.0,1024.0,1020.0,1020.0,2000,1020,0.5
2015/02/27,1040.0,1040.0,1040.0,1040.0,2000,1040,0.5
2015/03/09,1020.0,1020.0,1020.0,1020.0,2000,1020,0.5
2015/03/16,1034.0,1034.0,1034.0,1034.0,1000,1034,0.5
2015/03/19,1040.0,1040.0,1022.0,1022.0,3000,1022,0.5
2015/03/23,1038.0,1038.0,1038.0,1038.0,6000,1038,0.5
2015/03/26,1100.0,1220.0,1100.0,1220.0,3000,1220,0.5
2015/03/27,1408.0,1408.0,1140.0,1140.0,6000,1140,0.5
2015/03/30,1100.0,1100.0,1080.0,1080.0,2000,1080,0.5
2015/04/01,1100.0,1100.0,1100.0,1100.0,1000,1100,0.5
2015/04/03,1154.0,1154.0,1154.0,1154.0,1000,1154,0.5
2015/04/14,1094.0,1094.0,1082.0,1082.0,2000,1082,0.5
2015/04/15,1102.0,1102.0,1102.0,1102.0,1000,1102,0.5
2015/04/16,1102.0,1102.0,1102.0,1102.0,1000,1102,0.5
2015/04/17,1104.0,1124.0,1104.0,1104.0,3000,1104,0.5
2015/04/21,1122.0,1122.0,1100.0,1100.0,5000,1100,0.5
2015/04/22,1118.0,1118.0,1062.0,1062.0,9000,1062,0.5
2015/04/27,1082.0,1082.0,1082.0,1082.0,1000,1082,0.5
2015/04/28,1050.0,1090.0,1050.0,1090.0,4000,1090,0.5
2015/05/08,1070.0,1070.0,1070.0,1070.0,1000,1070,0.5
2015/05/12,1050.0,1050.0,1050.0,1050.0,1000,1050,0.5
2015/05/13,1030.0,1030.0,1030.0,1030.0,3000,1030,0.5
2015/05/19,1086.0,1086.0,1086.0,1086.0,2000,1086,0.5
2015/05/20,1080.0,1080.0,1080.0,1080.0,1000,1080,0.5
2015/05/21,1076.0,1076.0,1072.0,1072.0,2000,1072,0.5
2015/05/22,1058.0,1058.0,1058.0,1058.0,5000,1058,0.5
2015/05/27,1098.0,1098.0,1098.0,1098.0,1000,1098,0.5
2015/05/28,1058.0,1058.0,1058.0,1058.0,1000,1058,0.5
2015/06/01,1076.0,1076.0,1076.0,1076.0,1000,1076,0.5
2015/06/12,1076.0,1076.0,1076.0,1076.0,1000,1076,0.5
2015/06/15,1076.0,1076.0,1076.0,1076.0,2000,1076,0.5
2015/06/22,1096.0,1096.0,1094.0,1094.0,7000,1094,0.5
2015/06/24,1100.0,1100.0,1100.0,1100.0,2000,1100,0.5
2015/06/25,1080.0,1080.0,1080.0,1080.0,1000,1080,0.5
2015/06/30,1100.0,1100.0,1100.0,1100.0,1000,1100,0.5
2015/07/01,1084.0,1100.0,1084.0,1100.0,2000,1100,0.5
2015/07/07,1110.0,1110.0,1110.0,1110.0,2000,1110,0.5
2015/07/13,1100.0,1100.0,1100.0,1100.0,1000,1100,0.5
2015/07/14,1102.0,1148.0,1102.0,1148.0,4000,1148,0.5
2015/07/15,1148.0,1148.0,1148.0,1148.0,2000,1148,0.5
2015/07/16,1168.0,1200.0,1168.0,1200.0,2000,1200,0.5
2015/07/17,1200.0,1220.0,1200.0,1220.0,5000,1220,0.5
2015/07/21,1238.0,1238.0,1238.0,1238.0,1000,1238,0.5
2015/07/22,1258.0,1260.0,1258.0,1260.0,16000,1260,0.5
2015/07/24,1200.0,1200.0,1200.0,1200.0,1000,1200,0.5
2015/08/10,1104.0,1104.0,1084.0,1090.0,4000,1090,0.5
2015/08/11,1128.0,1128.0,1100.0,1100.0,4000,1100,0.5
2015/08/12,1102.0,1114.0,1100.0,1100.0,6000,1100,0.5
2015/08/18,1104.0,1104.0,1104.0,1104.0,1000,1104,0.5
2015/08/19,1120.0,1120.0,1120.0,1120.0,1000,1120,0.5
2015/08/20,1108.0,1108.0,1108.0,1108.0,1000,1108,0.5
2015/08/21,1124.0,1124.0,1116.0,1116.0,2000,1116,0.5
2015/08/24,1116.0,1116.0,1116.0,1116.0,5000,1116,0.5
2015/08/25,1316.0,1316.0,1162.0,1162.0,7000,1162,0.5
2015/08/27,1160.0,1160.0,1160.0,1160.0,1000,1160,0.5
2015/09/01,1180.0,1180.0,1180.0,1180.0,1000,1180,0.5
2015/09/11,1140.0,1140.0,1140.0,1140.0,1000,1140,0.5
2015/09/14,1140.0,1140.0,1140.0,1140.0,1000,1140,0.5
2015/09/24,1182.0,1202.0,1182.0,1202.0,4000,1202,0.5
2015/09/25,1242.0,1242.0,1142.0,1142.0,2000,1142,0.5
2015/09/29,1142.0,1142.0,1142.0,1142.0,1000,1142,0.5
2015/10/16,1170.0,1170.0,1170.0,1170.0,1000,1170,0.5
2015/10/19,1180.0,1180.0,1180.0,1180.0,2000,1180,0.5
2015/10/20,1184.0,1184.0,1184.0,1184.0,1000,1184,0.5
2015/10/21,1200.0,1200.0,1200.0,1200.0,1000,1200,0.5
2015/10/22,1220.0,1230.0,1220.0,1230.0,5000,1230,0.5
2015/10/27,1236.0,1236.0,1236.0,1236.0,1000,1236,0.5
2015/10/30,1270.0,1270.0,1270.0,1270.0,1000,1270,0.5
2015/11/05,1190.0,1192.0,1190.0,1192.0,2000,1192,0.5
2015/11/13,1172.0,1172.0,1172.0,1172.0,1000,1172,0.5
2015/11/24,1194.0,1194.0,1194.0,1194.0,1000,1194,0.5
2015/11/25,1236.0,1236.0,1236.0,1236.0,5000,1236,0.5
2015/11/30,1202.0,1202.0,1202.0,1202.0,1000,1202,0.5
2015/12/04,1200.0,1200.0,1180.0,1190.0,3000,1190,0.5
2015/12/07,1208.0,1208.0,1208.0,1208.0,2000,1208,0.5
2015/12/14,1150.0,1154.0,1150.0,1154.0,6000,1154,0.5
2015/12/16,1190.0,1190.0,1190.0,1190.0,1000,1190,0.5
2015/12/17,1202.0,1208.0,1202.0,1208.0,2000,1208,0.5
2015/12/18,1208.0,1208.0,1208.0,1208.0,1000,1208,0.5
2015/12/21,1200.0,1200.0,1200.0,1200.0,1000,1200,0.5
2015/12/22,1200.0,1200.0,1160.0,1160.0,7000,1160,0.5
2015/12/24,1160.0,1160.0,1160.0,1160.0,1000,1160,0.5
2015/12/25,1180.0,1180.0,1180.0,1180.0,1000,1180,0.5
2015/12/30,1200.0,1200.0,1200.0,1200.0,1000,1200,0.5
2016/01/08,1164.0,1164.0,1164.0,1164.0,1000,1164,0.5
2016/01/20,1200.0,1200.0,1194.0,1194.0,3000,1194,0.5
2016/01/22,1214.0,1234.0,1214.0,1234.0,5000,1234,0.5
2016/01/27,1252.0,1252.0,1252.0,1252.0,1000,1252,0.5
2016/01/29,1194.0,1194.0,1194.0,1194.0,1000,1194,0.5
2016/02/01,1194.0,1194.0,1194.0,1194.0,1000,1194,0.5
2016/02/10,1180.0,1180.0,1124.0,1124.0,2000,1124,0.5
2016/02/19,1200.0,1200.0,1200.0,1200.0,1000,1200,0.5
2016/02/22,1220.0,1220.0,1220.0,1220.0,5000,1220,0.5
2016/03/01,1240.0,1240.0,1240.0,1240.0,1000,1240,0.5
2016/03/15,1240.0,1240.0,1200.0,1200.0,5000,1200,0.5
2016/03/22,1220.0,1240.0,1220.0,1240.0,5000,1240,0.5
2016/03/25,1240.0,1240.0,1240.0,1240.0,1000,1240,0.5
2016/04/12,1228.0,1228.0,1228.0,1228.0,1000,1228,0.5
2016/04/13,1220.0,1220.0,1220.0,1220.0,1000,1220,0.5
2016/04/14,1220.0,1220.0,1220.0,1220.0,1000,1220,0.5
2016/04/22,1264.0,1284.0,1264.0,1284.0,2000,1284,0.5
2016/04/25,1280.0,1280.0,1280.0,1280.0,2000,1280,0.5
2016/05/11,1280.0,1280.0,1280.0,1280.0,1000,1280,0.5
2016/05/20,1284.0,1290.0,1284.0,1290.0,2000,1290,0.5
2016/05/23,1310.0,1330.0,1310.0,1330.0,6000,1330,0.5
2016/06/14,1260.0,1260.0,1260.0,1260.0,5000,1260,0.5
2016/06/15,1260.0,1260.0,1260.0,1260.0,1000,1260,0.5
2016/06/22,1322.0,1342.0,1322.0,1342.0,3000,1342,0.5
2016/06/23,1362.0,1386.0,1362.0,1386.0,9000,1386,0.5
2016/06/24,1320.0,1320.0,1304.0,1304.0,2000,1304,0.5
2016/06/27,1344.0,1344.0,1344.0,1344.0,1000,1344,0.5
2016/06/29,1300.0,1300.0,1300.0,1300.0,1000,1300,0.5
2016/06/30,1300.0,1300.0,1300.0,1300.0,1000,1300,0.5
2016/07/01,1300.0,1320.0,1300.0,1320.0,2000,1320,0.5
2016/07/07,1320.0,1320.0,1320.0,1320.0,2000,1320,0.5
2016/07/11,1314.0,1314.0,1280.0,1280.0,6000,1280,0.5
2016/07/13,1260.0,1260.0,1260.0,1260.0,6000,1260,0.5
2016/07/14,1280.0,1300.0,1280.0,1300.0,7000,1300,0.5
2016/07/15,1320.0,1320.0,1286.0,1300.0,13000,1300,0.5
2016/07/19,1310.0,1312.0,1310.0,1312.0,2000,1312,0.5
2016/07/20,1320.0,1330.0,1320.0,1330.0,2000,1330,0.5
2016/07/21,1330.0,1340.0,1330.0,1338.0,7000,1338,0.5
2016/07/22,1338.0,1338.0,1338.0,1338.0,14000,1338,0.5
2016/07/25,1338.0,1338.0,1338.0,1338.0,2000,1338,0.5
2016/08/10,1298.0,1298.0,1298.0,1298.0,1000,1298,0.5
2016/08/12,1298.0,1298.0,1298.0,1298.0,2000,1298,0.5
2016/08/15,1312.0,1312.0,1312.0,1312.0,1000,1312,0.5
2016/08/18,1330.0,1330.0,1330.0,1330.0,1000,1330,0.5
2016/08/19,1340.0,1340.0,1340.0,1340.0,1000,1340,0.5
2016/08/22,1360.0,1360.0,1360.0,1360.0,5000,1360,0.5
2016/09/01,1376.0,1376.0,1376.0,1376.0,1000,1376,0.5
2016/09/15,1360.0,1360.0,1360.0,1360.0,1000,1360,0.5
2016/09/21,1360.0,1360.0,1360.0,1360.0,1000,1360,0.5
2016/09/23,1352.0,1352.0,1352.0,1352.0,4000,1352,0.5
2016/09/27,1352.0,1352.0,1352.0,1352.0,1000,1352,0.5
2016/09/30,1340.0,1340.0,1340.0,1340.0,1000,1340,0.5
2016/10/17,1340.0,1340.0,1340.0,1340.0,1000,1340,0.5
2016/10/18,1340.0,1340.0,1322.0,1322.0,10000,1322,0.5
2016/10/21,1318.0,1322.0,1310.0,1310.0,5000,1310,0.5
2016/10/24,1290.0,1290.0,1270.0,1270.0,7000,1270,0.5
2016/11/02,1250.0,1250.0,1250.0,1250.0,1000,1250,0.5
2016/11/04,1260.0,1260.0,1260.0,1260.0,3000,1260,0.5
2016/11/09,1262.0,1262.0,1260.0,1260.0,2000,1260,0.5
2016/11/10,1248.0,1260.0,1248.0,1260.0,2000,1260,0.5
2016/11/15,1280.0,1280.0,1280.0,1280.0,1000,1280,0.5
2016/11/21,1290.0,1290.0,1290.0,1290.0,1000,1290,0.5
2016/11/22,1306.0,1306.0,1306.0,1306.0,5000,1306,0.5
2016/11/25,1316.0,1316.0,1316.0,1316.0,1000,1316,0.5
2016/12/01,1330.0,1330.0,1330.0,1330.0,1000,1330,0.5
2016/12/07,1328.0,1328.0,1328.0,1328.0,1000,1328,0.5
2016/12/14,1300.0,1300.0,1300.0,1300.0,3000,1300,0.5
2016/12/15,1298.0,1298.0,1282.0,1282.0,3000,1282,0.5
2016/12/21,1282.0,1282.0,1282.0,1282.0,1000,1282,0.5
2016/12/22,1282.0,1282.0,1282.0,1282.0,4000,1282,0.5
2016/12/26,1270.0,1270.0,1270.0,1270.0,1000,1270,0.5
2016/12/29,1256.0,1256.0,1256.0,1256.0,1000,1256,0.5
2016/12/30,1274.0,1274.0,1274.0,1274.0,1000,1274,0.5
2017/01/12,1272.0,1272.0,1272.0,1272.0,1000,1272,0.5
2017/01/16,1274.0,1274.0,1274.0,1274.0,2000,1274,0.5
2017/01/18,1278.0,1278.0,1278.0,1278.0,1000,1278,0.5
2017/01/19,1276.0,1276.0,1276.0,1276.0,1000,1276,0.5
2017/01/23,1264.0,1264.0,1264.0,1264.0,5000,1264,0.5
2017/01/25,1264.0,1264.0,1264.0,1264.0,1000,1264,0.5
2017/01/26,1260.0,1260.0,1260.0,1260.0,1000,1260,0.5
2017/01/27,1268.0,1268.0,1268.0,1268.0,1000,1268,0.5
2017/02/01,1268.0,1268.0,1268.0,1268.0,1000,1268,0.5
2017/02/06,1260.0,1288.0,1260.0,1280.0,5000,1280,0.5
2017/02/15,1300.0,1300.0,1286.0,1286.0,2000,1286,0.5
2017/02/22,1304.0,1304.0,1304.0,1304.0,4000,1304,0.5
2017/03/09,1304.0,1304.0,1304.0,1304.0,1000,1304,0.5
2017/03/13,1290.0,1290.0,1290.0,1290.0,1000,1290,0.5
2017/03/16,1310.0,1310.0,1310.0,1310.0,1000,1310,0.5
2017/03/21,1316.0,1316.0,1316.0,1316.0,1000,1316,0.5
2017/03/22,1336.0,1340.0,1314.0,1314.0,7000,1314,0.5
2017/03/28,1314.0,1314.0,1314.0,1314.0,1000,1314,0.5
2017/04/03,1376.0,1376.0,1376.0,1376.0,1000,1376,0.5
2017/04/04,1302.0,1302.0,1302.0,1302.0,1000,1302,0.5
2017/04/05,1290.0,1350.0,1290.0,1350.0,2000,1350,0.5
2017/04/12,1310.0,1310.0,1310.0,1310.0,1000,1310,0.5
2017/04/17,1330.0,1330.0,1312.0,1312.0,2000,1312,0.5
2017/04/24,1332.0,1332.0,1332.0,1332.0,3000,1332,0.5
2017/04/25,1330.0,1330.0,1330.0,1330.0,1000,1330,0.5
2017/04/27,1330.0,1330.0,1330.0,1330.0,1000,1330,0.5
2017/05/08,1330.0,1330.0,1330.0,1330.0,1000,1330,0.5
2017/05/11,1330.0,1330.0,1330.0,1330.0,1000,1330,0.5
2017/05/12,1300.0,1300.0,1300.0,1300.0,1000,1300,0.5
2017/05/15,1300.0,1300.0,1300.0,1300.0,1000,1300,0.5
2017/05/19,1300.0,1300.0,1300.0,1300.0,6000,1300,0.5
2017/05/22,1320.0,1320.0,1304.0,1304.0,8000,1304,0.5
2017/05/30,1304.0,1304.0,1304.0,1304.0,1000,1304,0.5
2017/06/01,1344.0,1344.0,1344.0,1344.0,1000,1344,0.5
2017/06/05,1304.0,1304.0,1304.0,1304.0,1000,1304,0.5
2017/06/21,1346.0,1346.0,1310.0,1310.0,6000,1310,0.5
2017/06/22,1330.0,1350.0,1330.0,1350.0,9000,1350,0.5
2017/06/23,1370.0,1370.0,1370.0,1370.0,2000,1370,0.5
2017/06/27,1390.0,1390.0,1350.0,1350.0,2000,1350,0.5
2017/07/07,1370.0,1550.0,1370.0,1550.0,3000,1550,0.5
2017/07/10,1400.0,1400.0,1400.0,1400.0,1000,1400,0.5
2017/07/11,1404.0,1404.0,1404.0,1404.0,1000,1404,0.5
2017/07/18,1710.0,1738.0,1710.0,1738.0,2000,1738,0.5
2017/07/19,1742.0,1742.0,1742.0,1742.0,1000,1742,0.5
2017/07/24,1762.0,1762.0,1762.0,1762.0,7000,1762,0.5
2017/07/27,1900.0,1900.0,1900.0,1900.0,2000,1900,0.5
2017/08/01,1900.0,1900.0,1900.0,1900.0,1000,1900,0.5
2017/08/08,1664.0,1664.0,1664.0,1664.0,1000,1664,0.5
2017/08/16,1660.0,1660.0,1660.0,1660.0,2000,1660,0.5
2017/08/18,1680.0,1680.0,1680.0,1680.0,1000,1680,0.5
2017/08/22,1720.0,1800.0,1720.0,1800.0,7000,1800,0.5
2017/08/23,1820.0,1820.0,1820.0,1820.0,12000,1820,0.5
2017/08/24,1686.0,1688.0,1686.0,1688.0,3000,1688,0.5
2017/08/28,1684.0,1684.0,1684.0,1684.0,1000,1684,0.5
2017/09/19,1740.0,1740.0,1740.0,1740.0,1000,1740,0.5
2017/09/20,1750.0,1750.0,1750.0,1750.0,1000,1750,0.5
2017/09/21,1796.0,1796.0,1796.0,1796.0,1000,1796,0.5
2017/09/22,1796.0,1796.0,1796.0,1796.0,3000,1796,0.5
2017/09/26,1780.0,1780.0,1780.0,1780.0,1000,1780,0.5
2017/09/27,1780,1780,1660,1660,600,1660,1
2017/09/29,1700,1740,1700,1740,200,1740,1
2017/10/03,1779,1779,1779,1779,100,1779,1
2017/10/04,1780,1780,1780,1780,400,1780,1
2017/10/16,1780,1780,1780,1780,200,1780,1
2017/10/17,1780,1780,1780,1780,300,1780,1
2017/10/18,1780,1780,1780,1780,400,1780,1
2017/10/19,1785,1785,1785,1785,600,1785,1
2017/10/20,1786,1820,1786,1820,400,1820,1
2017/10/23,1830,1831,1830,1830,3500,1830,1
2017/10/24,1790,1792,1790,1792,300,1792,1
2017/10/27,1879,1879,1879,1879,100,1879,1
2017/10/30,1875,1875,1776,1776,200,1776,1
2017/11/06,1796,1798,1796,1798,400,1798,1
2017/11/15,1798,1798,1798,1798,100,1798,1
2017/11/16,1721,1733,1721,1733,1000,1733,1
2017/11/17,1710,1710,1710,1710,200,1710,1
2017/11/20,1710,1710,1710,1710,200,1710,1
2017/11/21,1710,1725,1709,1725,1700,1725,1
2017/11/22,1734,1734,1734,1734,1600,1734,1
2017/11/27,1739,1739,1739,1739,200,1739,1
2017/11/30,1660,1660,1660,1660,100,1660,1
2017/12/04,1699,1700,1699,1700,400,1700,1
2017/12/06,1620,1620,1620,1620,200,1620,1
2017/12/07,1640,1650,1640,1650,1500,1650,1
2017/12/11,1610,1630,1600,1630,2300,1630,1
2017/12/12,1630,1630,1630,1630,300,1630,1
2017/12/15,1630,1630,1630,1630,400,1630,1
2017/12/18,1620,1620,1620,1620,500,1620,1
2017/12/19,1620,1639,1620,1639,500,1639,1
2017/12/21,1631,1645,1631,1645,1200,1645,1
2017/12/22,1620,1647,1620,1647,2100,1647,1
2017/12/25,1621,1621,1621,1621,500,1621,1
2017/12/26,1582,1582,1561,1561,1200,1561,1
2017/12/27,1573,1583,1573,1583,200,1583,1
2017/12/29,1593,1593,1593,1593,200,1593,1
2018/01/09,1600,1600,1560,1560,1200,1560,1
2018/01/15,1564,1580,1564,1579,1300,1579,1
2018/01/16,1590,1590,1590,1590,100,1590,1
2018/01/17,1571,1571,1571,1571,400,1571,1
2018/01/18,1595,1595,1590,1590,200,1590,1
2018/01/19,1582,1582,1578,1578,700,1578,1
2018/01/22,1578,1578,1578,1578,1800,1578,1
2018/01/23,1610,1610,1610,1610,1000,1610,1
2018/01/24,1599,1599,1598,1598,300,1598,1
2018/01/25,1590,1600,1590,1600,300,1600,1
2018/01/26,1600,1600,1600,1600,100,1600,1
2018/02/01,1600,1600,1600,1600,300,1600,1
2018/02/06,1571,1571,1570,1570,200,1570,1
2018/02/13,1550,1551,1550,1551,1600,1551,1
2018/02/15,1550,1550,1550,1550,400,1550,1
2018/02/16,1550,1550,1531,1531,200,1531,1
2018/02/19,1491,1492,1491,1492,600,1492,1
2018/02/20,1462,1462,1462,1462,300,1462,1
2018/02/21,1491,1491,1435,1460,1300,1460,1
2018/02/22,1470,1470,1396,1396,4000,1396,1
2018/02/23,1410,1410,1410,1410,400,1410,1
2018/02/26,1465,1468,1465,1468,700,1468,1
2018/02/27,1468,1468,1468,1468,100,1468,1
2018/02/28,1450,1450,1420,1420,400,1420,1
2018/03/01,1420,1420,1420,1420,300,1420,1
2018/03/02,1420,1420,1420,1420,400,1420,1
2018/03/05,1390,1390,1390,1390,200,1390,1
2018/03/08,1370,1370,1370,1370,100,1370,1
2018/03/09,1370,1370,1370,1370,100,1370,1
2018/03/15,1401,1450,1390,1390,800,1390,1
2018/03/16,1405,1405,1405,1405,100,1405,1
2018/03/19,1395,1395,1365,1370,1400,1370,1
2018/03/20,1355,1355,1354,1355,900,1355,1
2018/03/22,1365,1365,1365,1365,2400,1365,1
2018/03/26,1346,1350,1335,1335,600,1335,1
2018/03/27,1335,1335,1335,1335,200,1335,1
2018/03/28,1350,1350,1350,1350,100,1350,1
2018/03/29,1320,1320,1320,1320,200,1320,1
2018/03/30,1330,1331,1320,1321,700,1321,1
2018/04/02,1300,1300,1245,1245,700,1245,1
2018/04/06,1300,1300,1300,1300,200,1300,1
2018/04/09,1300,1300,1300,1300,100,1300,1
2018/04/11,1301,1301,1300,1300,1400,1300,1
2018/04/13,1300,1300,1300,1300,200,1300,1
2018/04/16,1300,1300,1300,1300,1300,1300,1
2018/04/18,1300,1300,1300,1300,500,1300,1
2018/04/19,1310,1310,1310,1310,100,1310,1
2018/04/20,1329,1330,1329,1330,700,1330,1
2018/04/23,1330,1338,1308,1308,2300,1308,1
2018/04/24,1300,1300,1300,1300,300,1300,1
2018/04/25,1300,1340,1280,1340,1000,1340,1
2018/04/26,1300,1300,1300,1300,100,1300,1
2018/04/27,1300,1355,1298,1355,700,1355,1
2018/05/01,1345,1345,1201,1220,5900,1220,1
2018/05/02,1248,1280,1248,1248,700,1248,1
2018/05/07,1248,1268,1248,1267,300,1267,1
2018/05/08,1297,1297,1297,1297,100,1297,1
2018/05/09,1269,1299,1240,1299,600,1299,1
2018/05/11,1269,1269,1269,1269,200,1269,1
2018/05/14,1280,1300,1270,1270,1200,1270,1
2018/05/15,1270,1270,1270,1270,200,1270,1
2018/05/16,1288,1288,1288,1288,100,1288,1
2018/05/17,1288,1288,1288,1288,200,1288,1
2018/05/18,1288,1299,1286,1299,800,1299,1
2018/05/21,1299,1300,1295,1300,700,1300,1
2018/05/22,1270,1300,1270,1275,2900,1275,1
2018/05/23,1270,1270,1270,1270,200,1270,1
2018/05/24,1216,1230,1216,1228,3800,1228,1
2018/05/25,1238,1248,1238,1248,200,1248,1
2018/05/28,1258,1258,1258,1258,200,1258,1
2018/06/01,1268,1278,1268,1278,300,1278,1
2018/06/05,1292,1299,1292,1299,700,1299,1
2018/06/11,1299,1315,1299,1314,500,1314,1
2018/06/12,1293,1293,1292,1292,800,1292,1
2018/06/14,1285,1285,1285,1285,300,1285,1
2018/06/15,1299,1299,1268,1268,4800,1268,1
2018/06/18,1272,1272,1272,1272,1600,1272,1
2018/06/20,1295,1297,1295,1295,400,1295,1
2018/06/21,1294,1298,1282,1282,1700,1282,1
2018/06/22,1252,1252,1252,1252,2800,1252,1
2018/06/25,1250,1250,1250,1250,400,1250,1
2018/06/28,1240,1240,1240,1240,100,1240,1
2018/06/29,1251,1251,1251,1251,100,1251,1
2018/07/02,1262,1285,1262,1269,800,1269,1
2018/07/05,1249,1249,1240,1240,300,1240,1
2018/07/06,1250,1250,1250,1250,1100,1250,1
2018/07/12,1249,1249,1249,1249,100,1249,1
2018/07/13,1250,1250,1250,1250,1000,1250,1
2018/07/17,1265,1285,1265,1285,200,1285,1
2018/07/18,1295,1318,1295,1318,400,1318,1
2018/07/19,1348,1348,1302,1302,600,1302,1
2018/07/20,1330,1380,1330,1380,1000,1380,1
2018/07/23,1390,1390,1320,1320,8700,1320,1
2018/07/26,1267,1339,1267,1339,400,1339,1
2018/07/27,1309,1309,1279,1300,600,1300,1
2018/07/30,1300,1300,1300,1300,100,1300,1
2018/07/31,1280,1280,1280,1280,100,1280,1
2018/08/01,1288,1288,1288,1288,600,1288,1
2018/08/02,1258,1281,1258,1281,200,1281,1
2018/08/07,1255,1255,1255,1255,100,1255,1
2018/08/08,1255,1255,1255,1255,200,1255,1
2018/08/10,1231,1231,1231,1231,500,1231,1
