2007/01/04,2100.0,2100.0,2100.0,2100.0,2000,2100,0.5
2007/01/05,2100.0,2120.0,2100.0,2120.0,2000,2120,0.5
2007/01/09,2080.0,2100.0,2060.0,2060.0,3000,2060,0.5
2007/01/10,2062.0,2100.0,2062.0,2100.0,2000,2100,0.5
2007/01/11,2080.0,2100.0,2020.0,2022.0,6000,2022,0.5
2007/01/12,2000.0,2040.0,2000.0,2040.0,2000,2040,0.5
2007/01/15,1980.0,2030.0,1980.0,2030.0,4000,2030,0.5
2007/01/16,2030.0,2030.0,2000.0,2030.0,6000,2030,0.5
2007/01/17,2020.0,2022.0,2020.0,2022.0,3000,2022,0.5
2007/01/18,2000.0,2040.0,2000.0,2020.0,13000,2020,0.5
2007/01/19,2020.0,2020.0,2020.0,2020.0,4000,2020,0.5
2007/01/22,2000.0,2020.0,2000.0,2002.0,9000,2002,0.5
2007/01/23,1998.0,2000.0,1960.0,1980.0,7000,1980,0.5
2007/01/24,1960.0,1980.0,1960.0,1980.0,12000,1980,0.5
2007/01/25,2000.0,2000.0,2000.0,2000.0,3000,2000,0.5
2007/01/26,1978.0,1990.0,1950.0,1990.0,15000,1990,0.5
2007/01/29,1978.0,2000.0,1978.0,2000.0,6000,2000,0.5
2007/02/02,2000.0,2000.0,2000.0,2000.0,1000,2000,0.5
2007/02/05,2000.0,2000.0,1980.0,1980.0,7000,1980,0.5
2007/02/07,1980.0,1980.0,1980.0,1980.0,1000,1980,0.5
2007/02/08,1980.0,1998.0,1960.0,1980.0,4000,1980,0.5
2007/02/09,1960.0,1978.0,1960.0,1978.0,5000,1978,0.5
2007/02/13,1960.0,1980.0,1960.0,1980.0,5000,1980,0.5
2007/02/14,1960.0,1978.0,1960.0,1978.0,3000,1978,0.5
2007/02/15,1978.0,1978.0,1978.0,1978.0,1000,1978,0.5
2007/02/16,1958.0,1976.0,1920.0,1922.0,13000,1922,0.5
2007/02/21,1790.0,1790.0,1680.0,1680.0,3000,1680,0.5
2007/02/22,1480.0,1560.0,1480.0,1560.0,28000,1560,0.5
2007/02/23,1480.0,1600.0,1480.0,1600.0,18000,1600,0.5
2007/02/26,1580.0,1600.0,1580.0,1600.0,3000,1600,0.5
2007/02/27,1580.0,1600.0,1580.0,1600.0,11000,1600,0.5
2007/02/28,1520.0,1520.0,1520.0,1520.0,5000,1520,0.5
2007/03/01,1520.0,1520.0,1518.0,1520.0,4000,1520,0.5
2007/03/02,1500.0,1560.0,1500.0,1550.0,11000,1550,0.5
2007/03/05,1540.0,1560.0,1540.0,1560.0,53000,1560,0.5
2007/03/06,1540.0,1560.0,1540.0,1560.0,11000,1560,0.5
2007/03/07,1540.0,1560.0,1540.0,1560.0,5000,1560,0.5
2007/03/08,1560.0,1620.0,1560.0,1620.0,13000,1620,0.5
2007/03/09,1620.0,1620.0,1580.0,1598.0,13000,1598,0.5
2007/03/12,1608.0,1660.0,1600.0,1640.0,11000,1640,0.5
2007/03/13,1640.0,1640.0,1580.0,1580.0,13000,1580,0.5
2007/03/14,1560.0,1560.0,1540.0,1540.0,3000,1540,0.5
2007/03/15,1558.0,1582.0,1558.0,1560.0,7000,1560,0.5
2007/03/16,1578.0,1578.0,1570.0,1570.0,2000,1570,0.5
2007/03/19,1560.0,1560.0,1554.0,1558.0,11000,1558,0.5
2007/03/20,1570.0,1570.0,1530.0,1560.0,6000,1560,0.5
2007/03/23,1576.0,1576.0,1576.0,1576.0,2000,1576,0.5
2007/03/26,1580.0,1590.0,1580.0,1590.0,3000,1590,0.5
2007/03/27,1560.0,1560.0,1560.0,1560.0,1000,1560,0.5
2007/03/28,1560.0,1590.0,1500.0,1578.0,37000,1578,0.5
2007/03/29,1578.0,1778.0,1578.0,1778.0,30000,1778,0.5
2007/03/30,1798.0,1978.0,1770.0,1974.0,54000,1974,0.5
2007/04/02,1954.0,2040.0,1954.0,1980.0,35000,1980,0.5
2007/04/03,1966.0,2000.0,1956.0,1970.0,13000,1970,0.5
2007/04/04,1982.0,2040.0,1980.0,2032.0,25000,2032,0.5
2007/04/05,2036.0,2060.0,2018.0,2020.0,58000,2020,0.5
2007/04/06,2040.0,2100.0,2000.0,2020.0,21000,2020,0.5
2007/04/09,2020.0,2020.0,1960.0,2000.0,9000,2000,0.5
2007/04/10,2000.0,2120.0,2000.0,2110.0,42000,2110,0.5
2007/04/11,2080.0,2140.0,2050.0,2140.0,25000,2140,0.5
2007/04/12,2100.0,2160.0,2100.0,2120.0,26000,2120,0.5
2007/04/13,2068.0,2070.0,1900.0,1900.0,41000,1900,0.5
2007/04/16,1860.0,1960.0,1780.0,1880.0,35000,1880,0.5
2007/04/17,1826.0,1840.0,1680.0,1702.0,35000,1702,0.5
2007/04/18,1698.0,1698.0,1502.0,1528.0,54000,1528,0.5
2007/04/19,1548.0,1548.0,1480.0,1500.0,29000,1500,0.5
2007/04/20,1480.0,1560.0,1480.0,1560.0,21000,1560,0.5
2007/04/23,1576.0,1660.0,1576.0,1620.0,29000,1620,0.5
2007/04/24,1600.0,1648.0,1600.0,1648.0,13000,1648,0.5
2007/04/25,1598.0,1598.0,1520.0,1580.0,23000,1580,0.5
2007/04/26,1558.0,1558.0,1500.0,1540.0,9000,1540,0.5
2007/04/27,1510.0,1510.0,1340.0,1400.0,29000,1400,0.5
2007/05/01,1382.0,1382.0,1300.0,1300.0,22000,1300,0.5
2007/05/02,1320.0,1340.0,1298.0,1318.0,27000,1318,0.5
2007/05/07,1324.0,1340.0,1310.0,1310.0,10000,1310,0.5
2007/05/08,1282.0,1290.0,1282.0,1290.0,3000,1290,0.5
2007/05/09,1308.0,1360.0,1308.0,1360.0,6000,1360,0.5
2007/05/10,1356.0,1356.0,1300.0,1300.0,9000,1300,0.5
2007/05/11,1290.0,1290.0,1290.0,1290.0,1000,1290,0.5
2007/05/14,1260.0,1260.0,1160.0,1160.0,26000,1160,0.5
2007/05/15,1140.0,1140.0,1020.0,1038.0,31000,1038,0.5
2007/05/16,1080.0,1100.0,1056.0,1080.0,20000,1080,0.5
2007/05/17,1060.0,1078.0,1050.0,1060.0,6000,1060,0.5
2007/05/18,1046.0,1046.0,1000.0,1020.0,14000,1020,0.5
2007/05/21,1020.0,1020.0,980.0,1020.0,20000,1020,0.5
2007/05/22,980.0,1000.0,980.0,1000.0,4000,1000,0.5
2007/05/23,1000.0,1078.0,1000.0,1078.0,8000,1078,0.5
2007/05/24,1038.0,1038.0,1018.0,1036.0,5000,1036,0.5
2007/05/25,1048.0,1048.0,1008.0,1026.0,7000,1026,0.5
2007/05/28,1046.0,1046.0,1000.0,1020.0,15000,1020,0.5
2007/05/29,980.0,1000.0,980.0,1000.0,10000,1000,0.5
2007/05/30,990.0,990.0,978.0,978.0,5000,978,0.5
2007/05/31,990.0,994.0,946.0,994.0,35000,994,0.5
2007/06/01,974.0,974.0,954.0,954.0,14000,954,0.5
2007/06/04,960.0,962.0,960.0,960.0,7000,960,0.5
2007/06/05,970.0,974.0,970.0,974.0,2000,974,0.5
2007/06/06,980.0,992.0,980.0,992.0,7000,992,0.5
2007/06/07,996.0,1088.0,996.0,1088.0,21000,1088,0.5
2007/06/08,1068.0,1080.0,1042.0,1080.0,18000,1080,0.5
2007/06/11,1080.0,1080.0,1046.0,1046.0,19000,1046,0.5
2007/06/13,1012.0,1012.0,1010.0,1010.0,5000,1010,0.5
2007/06/14,1004.0,1024.0,1004.0,1024.0,4000,1024,0.5
2007/06/15,1030.0,1040.0,1020.0,1040.0,11000,1040,0.5
2007/06/18,1036.0,1056.0,1036.0,1056.0,16000,1056,0.5
2007/06/19,1076.0,1110.0,1076.0,1110.0,24000,1110,0.5
2007/06/20,1122.0,1170.0,1110.0,1170.0,16000,1170,0.5
2007/06/21,1156.0,1156.0,1110.0,1130.0,21000,1130,0.5
2007/06/22,1090.0,1160.0,1084.0,1120.0,18000,1120,0.5
2007/06/25,1100.0,1200.0,1100.0,1170.0,17000,1170,0.5
2007/06/26,1180.0,1260.0,1174.0,1260.0,16000,1260,0.5
2007/06/27,1280.0,1340.0,1280.0,1330.0,33000,1330,0.5
2007/06/28,1350.0,1400.0,1350.0,1372.0,23000,1372,0.5
2007/06/29,1390.0,1420.0,1372.0,1420.0,32000,1420,0.5
2007/07/02,1440.0,1540.0,1438.0,1540.0,36000,1540,0.5
2007/07/03,1548.0,1600.0,1548.0,1588.0,57000,1588,0.5
2007/07/04,1550.0,1584.0,1460.0,1460.0,34000,1460,0.5
2007/07/05,1458.0,1460.0,1340.0,1378.0,28000,1378,0.5
2007/07/06,1360.0,1360.0,1300.0,1300.0,11000,1300,0.5
2007/07/09,1300.0,1458.0,1300.0,1458.0,31000,1458,0.5
2007/07/10,1438.0,1470.0,1420.0,1470.0,20000,1470,0.5
2007/07/11,1442.0,1460.0,1442.0,1460.0,4000,1460,0.5
2007/07/12,1480.0,1530.0,1440.0,1460.0,28000,1460,0.5
2007/07/13,1480.0,1480.0,1400.0,1400.0,3000,1400,0.5
2007/07/17,1460.0,1460.0,1420.0,1420.0,5000,1420,0.5
2007/07/18,1422.0,1422.0,1420.0,1420.0,6000,1420,0.5
2007/07/19,1420.0,1420.0,1400.0,1400.0,6000,1400,0.5
2007/07/20,1340.0,1340.0,1340.0,1340.0,1000,1340,0.5
2007/07/27,1240.0,1260.0,1240.0,1260.0,3000,1260,0.5
2007/07/30,1260.0,1260.0,1180.0,1182.0,5000,1182,0.5
2007/07/31,1142.0,1142.0,1142.0,1142.0,1000,1142,0.5
2007/08/01,1140.0,1200.0,1140.0,1200.0,9000,1200,0.5
2007/08/02,1220.0,1262.0,1220.0,1260.0,6000,1260,0.5
2007/08/03,1280.0,1280.0,1280.0,1280.0,2000,1280,0.5
2007/08/06,1280.0,1280.0,1280.0,1280.0,1000,1280,0.5
2007/08/07,1238.0,1238.0,1238.0,1238.0,1000,1238,0.5
2007/08/08,1238.0,1238.0,1238.0,1238.0,1000,1238,0.5
2007/08/17,1158.0,1158.0,1158.0,1158.0,5000,1158,0.5
2007/08/20,1078.0,1078.0,1038.0,1038.0,9000,1038,0.5
2007/08/21,1038.0,1038.0,1000.0,1000.0,4000,1000,0.5
2007/08/22,1030.0,1030.0,1030.0,1030.0,4000,1030,0.5
2007/08/23,1070.0,1108.0,1070.0,1108.0,6000,1108,0.5
2007/08/24,1110.0,1110.0,1070.0,1070.0,2000,1070,0.5
2007/08/27,1080.0,1080.0,1080.0,1080.0,1000,1080,0.5
2007/08/28,1080.0,1080.0,1080.0,1080.0,2000,1080,0.5
2007/08/29,1060.0,1060.0,1060.0,1060.0,2000,1060,0.5
2007/08/30,1060.0,1060.0,1060.0,1060.0,1000,1060,0.5
2007/09/04,1080.0,1200.0,1080.0,1200.0,9000,1200,0.5
2007/09/05,1220.0,1360.0,1220.0,1340.0,18000,1340,0.5
2007/09/06,1342.0,1360.0,1340.0,1340.0,7000,1340,0.5
2007/09/07,1260.0,1260.0,1250.0,1250.0,2000,1250,0.5
2007/09/10,1226.0,1226.0,1224.0,1224.0,2000,1224,0.5
2007/09/11,1224.0,1224.0,1224.0,1224.0,1000,1224,0.5
2007/09/14,1178.0,1178.0,1164.0,1164.0,4000,1164,0.5
2007/09/18,1104.0,1104.0,1104.0,1104.0,1000,1104,0.5
2007/09/19,1102.0,1102.0,1102.0,1102.0,1000,1102,0.5
2007/09/25,1068.0,1068.0,1008.0,1020.0,3000,1020,0.5
2007/09/26,1000.0,1000.0,1000.0,1000.0,1000,1000,0.5
2007/09/27,1022.0,1080.0,1022.0,1080.0,4000,1080,0.5
2007/09/28,1100.0,1100.0,1100.0,1100.0,1000,1100,0.5
2007/10/01,1100.0,1100.0,1100.0,1100.0,2000,1100,0.5
2007/10/02,1100.0,1100.0,1100.0,1100.0,1000,1100,0.5
2007/10/03,1060.0,1060.0,1052.0,1052.0,2000,1052,0.5
2007/10/09,1090.0,1090.0,1090.0,1090.0,1000,1090,0.5
2007/10/10,1100.0,1100.0,1100.0,1100.0,4000,1100,0.5
2007/10/11,1100.0,1140.0,1100.0,1140.0,3000,1140,0.5
2007/10/12,1160.0,1160.0,1160.0,1160.0,2000,1160,0.5
2007/10/15,1168.0,1180.0,1168.0,1180.0,2000,1180,0.5
2007/10/16,1180.0,1200.0,1180.0,1200.0,8000,1200,0.5
2007/10/17,1200.0,1238.0,1200.0,1238.0,4000,1238,0.5
2007/10/19,1258.0,1280.0,1232.0,1280.0,9000,1280,0.5
2007/10/22,1242.0,1242.0,1242.0,1242.0,1000,1242,0.5
2007/10/23,1222.0,1222.0,1222.0,1222.0,1000,1222,0.5
2007/10/25,1206.0,1206.0,1206.0,1206.0,1000,1206,0.5
2007/10/29,1206.0,1206.0,1172.0,1172.0,2000,1172,0.5
2007/10/30,1142.0,1142.0,1142.0,1142.0,1000,1142,0.5
2007/10/31,1182.0,1182.0,1182.0,1182.0,1000,1182,0.5
2007/11/01,1120.0,1120.0,1060.0,1060.0,5000,1060,0.5
2007/11/02,1062.0,1062.0,1060.0,1060.0,3000,1060,0.5
2007/11/05,1060.0,1060.0,1060.0,1060.0,1000,1060,0.5
2007/11/07,1000.0,1000.0,998.0,1000.0,4000,1000,0.5
2007/11/08,1010.0,1020.0,1000.0,1020.0,5000,1020,0.5
2007/11/09,1030.0,1040.0,1030.0,1040.0,2000,1040,0.5
2007/11/12,1058.0,1058.0,1040.0,1040.0,3000,1040,0.5
2007/11/13,1020.0,1040.0,1020.0,1040.0,5000,1040,0.5
2007/11/14,1060.0,1060.0,1060.0,1060.0,1000,1060,0.5
2007/11/15,1060.0,1060.0,1060.0,1060.0,1000,1060,0.5
2007/11/16,1060.0,1080.0,1060.0,1080.0,3000,1080,0.5
2007/11/21,1070.0,1070.0,1070.0,1070.0,2000,1070,0.5
2007/11/22,1040.0,1040.0,1040.0,1040.0,3000,1040,0.5
2007/11/26,1060.0,1080.0,1060.0,1080.0,4000,1080,0.5
2007/11/27,1160.0,1160.0,1158.0,1160.0,5000,1160,0.5
2007/11/28,1180.0,1260.0,1180.0,1260.0,29000,1260,0.5
2007/11/29,1260.0,1260.0,1200.0,1220.0,15000,1220,0.5
2007/11/30,1220.0,1240.0,1190.0,1200.0,8000,1200,0.5
2007/12/03,1200.0,1200.0,1180.0,1180.0,8000,1180,0.5
2007/12/05,1180.0,1180.0,1180.0,1180.0,1000,1180,0.5
2007/12/10,1198.0,1198.0,1118.0,1118.0,2000,1118,0.5
2007/12/13,1118.0,1120.0,1118.0,1120.0,2000,1120,0.5
2007/12/14,1142.0,1142.0,1142.0,1142.0,1000,1142,0.5
2007/12/17,1140.0,1160.0,1140.0,1160.0,7000,1160,0.5
2007/12/19,1118.0,1118.0,1118.0,1118.0,1000,1118,0.5
2007/12/20,1058.0,1078.0,1018.0,1018.0,5000,1018,0.5
2007/12/21,978.0,978.0,978.0,978.0,1000,978,0.5
2007/12/25,978.0,978.0,958.0,958.0,3000,958,0.5
2007/12/27,940.0,940.0,940.0,940.0,1000,940,0.5
2007/12/28,970.0,970.0,970.0,970.0,1000,970,0.5
2008/01/04,970.0,970.0,970.0,970.0,2000,970,0.5
2008/01/07,950.0,950.0,880.0,880.0,5000,880,0.5
2008/01/08,880.0,940.0,880.0,940.0,6000,940,0.5
2008/01/09,940.0,940.0,940.0,940.0,2000,940,0.5
2008/01/11,900.0,900.0,862.0,862.0,8000,862,0.5
2008/01/15,840.0,840.0,770.0,770.0,10000,770,0.5
2008/01/16,770.0,770.0,690.0,700.0,8000,700,0.5
2008/01/17,688.0,690.0,688.0,690.0,13000,690,0.5
2008/01/18,700.0,720.0,690.0,700.0,11000,700,0.5
2008/01/21,700.0,700.0,700.0,700.0,2000,700,0.5
2008/01/22,698.0,698.0,670.0,670.0,6000,670,0.5
2008/01/23,680.0,700.0,670.0,700.0,5000,700,0.5
2008/01/24,700.0,720.0,700.0,720.0,3000,720,0.5
2008/01/25,720.0,736.0,720.0,736.0,3000,736,0.5
2008/01/28,736.0,736.0,716.0,716.0,7000,716,0.5
2008/01/30,726.0,726.0,726.0,726.0,1000,726,0.5
2008/02/01,706.0,726.0,706.0,726.0,3000,726,0.5
2008/02/04,746.0,746.0,746.0,746.0,1000,746,0.5
2008/02/05,756.0,760.0,746.0,746.0,4000,746,0.5
2008/02/07,730.0,740.0,730.0,740.0,3000,740,0.5
2008/02/08,710.0,710.0,710.0,710.0,1000,710,0.5
2008/02/12,710.0,720.0,710.0,720.0,5000,720,0.5
2008/02/18,700.0,700.0,700.0,700.0,3000,700,0.5
2008/02/19,690.0,700.0,670.0,700.0,6000,700,0.5
2008/02/27,690.0,710.0,690.0,710.0,4000,710,0.5
2008/02/28,730.0,730.0,730.0,730.0,1000,730,0.5
2008/02/29,750.0,750.0,730.0,740.0,6000,740,0.5
2008/03/03,740.0,760.0,740.0,760.0,3000,760,0.5
2008/03/04,760.0,760.0,760.0,760.0,2000,760,0.5
2008/03/05,760.0,760.0,760.0,760.0,2000,760,0.5
2008/03/06,800.0,800.0,800.0,800.0,1000,800,0.5
2008/03/07,900.0,960.0,900.0,960.0,16000,960,0.5
2008/03/10,890.0,890.0,890.0,890.0,4000,890,0.5
2008/03/12,860.0,860.0,860.0,860.0,2000,860,0.5
2008/03/14,840.0,840.0,840.0,840.0,3000,840,0.5
2008/03/25,740.0,740.0,740.0,740.0,1000,740,0.5
2008/03/31,750.0,760.0,750.0,760.0,2000,760,0.5
2008/04/01,780.0,780.0,760.0,760.0,3000,760,0.5
2008/04/02,760.0,760.0,750.0,750.0,3000,750,0.5
2008/04/03,722.0,722.0,720.0,720.0,4000,720,0.5
2008/04/04,720.0,740.0,720.0,740.0,3000,740,0.5
2008/04/07,740.0,740.0,740.0,740.0,1000,740,0.5
2008/04/16,710.0,710.0,710.0,710.0,1000,710,0.5
2008/04/22,708.0,710.0,708.0,710.0,6000,710,0.5
2008/04/28,710.0,710.0,710.0,710.0,2000,710,0.5
2008/04/30,700.0,700.0,700.0,700.0,1000,700,0.5
2008/05/07,700.0,700.0,700.0,700.0,1000,700,0.5
2008/05/08,670.0,670.0,670.0,670.0,1000,670,0.5
2008/05/09,670.0,670.0,670.0,670.0,1000,670,0.5
2008/05/14,680.0,680.0,660.0,670.0,9000,670,0.5
2008/05/15,680.0,680.0,670.0,680.0,5000,680,0.5
2008/05/16,680.0,700.0,680.0,700.0,2000,700,0.5
2008/05/19,660.0,660.0,660.0,660.0,3000,660,0.5
2008/05/26,680.0,680.0,680.0,680.0,1000,680,0.5
2008/05/27,660.0,700.0,660.0,700.0,2000,700,0.5
2008/05/28,700.0,700.0,700.0,700.0,3000,700,0.5
2008/06/05,680.0,680.0,680.0,680.0,1000,680,0.5
2008/06/09,664.0,664.0,662.0,662.0,2000,662,0.5
2008/06/10,662.0,664.0,660.0,660.0,3000,660,0.5
2008/06/12,668.0,668.0,668.0,668.0,1000,668,0.5
2008/06/16,658.0,658.0,658.0,658.0,4000,658,0.5
2008/06/19,634.0,634.0,634.0,634.0,1000,634,0.5
2008/06/20,644.0,644.0,644.0,644.0,2000,644,0.5
2008/06/25,630.0,630.0,630.0,630.0,1000,630,0.5
2008/06/26,630.0,630.0,630.0,630.0,1000,630,0.5
2008/06/30,630.0,630.0,630.0,630.0,3000,630,0.5
2008/07/01,610.0,610.0,600.0,600.0,2000,600,0.5
2008/07/02,580.0,580.0,580.0,580.0,1000,580,0.5
2008/07/03,590.0,590.0,590.0,590.0,2000,590,0.5
2008/07/04,580.0,580.0,580.0,580.0,2000,580,0.5
2008/07/07,580.0,580.0,560.0,560.0,4000,560,0.5
2008/07/08,560.0,560.0,560.0,560.0,1000,560,0.5
2008/07/09,580.0,620.0,580.0,620.0,4000,620,0.5
2008/07/10,560.0,560.0,550.0,550.0,4000,550,0.5
2008/07/11,570.0,570.0,570.0,570.0,1000,570,0.5
2008/07/15,570.0,600.0,570.0,600.0,2000,600,0.5
2008/07/16,620.0,620.0,620.0,620.0,2000,620,0.5
2008/07/17,620.0,620.0,620.0,620.0,10000,620,0.5
2008/07/18,638.0,640.0,638.0,640.0,3000,640,0.5
2008/07/28,640.0,640.0,640.0,640.0,2000,640,0.5
2008/07/30,580.0,590.0,580.0,590.0,2000,590,0.5
2008/08/01,600.0,600.0,590.0,590.0,2000,590,0.5
2008/08/04,570.0,570.0,570.0,570.0,1000,570,0.5
2008/08/05,570.0,570.0,570.0,570.0,2000,570,0.5
2008/08/07,562.0,562.0,550.0,560.0,5000,560,0.5
2008/08/08,570.0,570.0,570.0,570.0,16000,570,0.5
2008/08/13,580.0,600.0,580.0,600.0,4000,600,0.5
2008/08/14,580.0,580.0,580.0,580.0,2000,580,0.5
2008/08/19,580.0,580.0,580.0,580.0,2000,580,0.5
2008/08/21,580.0,580.0,580.0,580.0,3000,580,0.5
2008/08/25,560.0,560.0,560.0,560.0,1000,560,0.5
2008/08/26,574.0,574.0,560.0,560.0,3000,560,0.5
2008/08/27,576.0,576.0,576.0,576.0,1000,576,0.5
2008/08/28,580.0,580.0,576.0,576.0,6000,576,0.5
2008/09/01,586.0,600.0,586.0,600.0,7000,600,0.5
2008/09/02,598.0,602.0,598.0,600.0,10000,600,0.5
2008/09/03,600.0,600.0,600.0,600.0,1000,600,0.5
2008/09/05,598.0,598.0,598.0,598.0,1000,598,0.5
2008/09/08,590.0,600.0,590.0,600.0,4000,600,0.5
2008/09/16,610.0,620.0,610.0,620.0,4000,620,0.5
2008/09/18,600.0,600.0,600.0,600.0,1000,600,0.5
2008/09/22,600.0,600.0,600.0,600.0,1000,600,0.5
2008/09/24,600.0,600.0,590.0,590.0,3000,590,0.5
2008/09/25,600.0,600.0,600.0,600.0,1000,600,0.5
2008/09/30,598.0,598.0,598.0,598.0,3000,598,0.5
2008/10/06,598.0,598.0,560.0,560.0,2000,560,0.5
2008/10/07,520.0,540.0,490.0,540.0,5000,540,0.5
2008/10/08,380.0,380.0,380.0,380.0,21000,380,0.5
2008/10/09,380.0,440.0,380.0,440.0,11000,440,0.5
2008/10/14,440.0,460.0,420.0,420.0,7000,420,0.5
2008/10/17,440.0,440.0,440.0,440.0,2000,440,0.5
2008/10/20,460.0,460.0,460.0,460.0,1000,460,0.5
2008/10/23,480.0,500.0,480.0,500.0,2000,500,0.5
2008/10/24,510.0,520.0,510.0,520.0,2000,520,0.5
2008/10/27,510.0,510.0,510.0,510.0,1000,510,0.5
2008/10/28,510.0,510.0,510.0,510.0,14000,510,0.5
2008/10/30,512.0,512.0,512.0,512.0,1000,512,0.5
2008/10/31,514.0,514.0,514.0,514.0,2000,514,0.5
2008/11/04,516.0,516.0,516.0,516.0,1000,516,0.5
2008/11/05,518.0,530.0,518.0,530.0,3000,530,0.5
2008/11/06,540.0,540.0,540.0,540.0,1000,540,0.5
2008/11/07,550.0,560.0,550.0,560.0,4000,560,0.5
2008/11/10,570.0,590.0,570.0,590.0,2000,590,0.5
2008/11/11,590.0,594.0,590.0,594.0,3000,594,0.5
2008/11/12,594.0,594.0,594.0,594.0,1000,594,0.5
2008/11/13,590.0,600.0,590.0,600.0,3000,600,0.5
2008/11/19,560.0,570.0,560.0,570.0,2000,570,0.5
2008/11/28,570.0,580.0,550.0,580.0,8000,580,0.5
2008/12/01,580.0,592.0,580.0,592.0,4000,592,0.5
2008/12/02,578.0,600.0,570.0,570.0,7000,570,0.5
2008/12/03,532.0,540.0,532.0,540.0,3000,540,0.5
2008/12/04,550.0,550.0,548.0,550.0,3000,550,0.5
2008/12/05,552.0,552.0,552.0,552.0,1000,552,0.5
2008/12/08,560.0,560.0,560.0,560.0,1000,560,0.5
2008/12/09,570.0,580.0,570.0,580.0,3000,580,0.5
2008/12/10,580.0,580.0,580.0,580.0,1000,580,0.5
2008/12/11,580.0,580.0,580.0,580.0,1000,580,0.5
2008/12/12,560.0,560.0,560.0,560.0,1000,560,0.5
2008/12/15,560.0,560.0,560.0,560.0,2000,560,0.5
2008/12/16,560.0,590.0,560.0,590.0,4000,590,0.5
2008/12/17,590.0,590.0,590.0,590.0,8000,590,0.5
2008/12/19,600.0,600.0,600.0,600.0,1000,600,0.5
2008/12/22,620.0,640.0,620.0,640.0,2000,640,0.5
2008/12/25,650.0,650.0,650.0,650.0,1000,650,0.5
2008/12/29,650.0,660.0,650.0,660.0,4000,660,0.5
2009/01/05,680.0,700.0,680.0,700.0,2000,700,0.5
2009/01/06,720.0,740.0,720.0,740.0,2000,740,0.5
2009/01/07,760.0,770.0,740.0,760.0,4000,760,0.5
2009/01/13,760.0,760.0,760.0,760.0,1000,760,0.5
2009/01/28,740.0,740.0,740.0,740.0,3000,740,0.5
2009/01/29,750.0,750.0,750.0,750.0,1000,750,0.5
2009/02/09,740.0,740.0,700.0,700.0,2000,700,0.5
2009/02/13,720.0,720.0,720.0,720.0,1000,720,0.5
2009/03/02,720.0,720.0,720.0,720.0,3000,720,0.5
2009/03/05,698.0,698.0,698.0,698.0,1000,698,0.5
2009/03/18,660.0,660.0,660.0,660.0,1000,660,0.5
2009/03/23,638.0,638.0,638.0,638.0,2000,638,0.5
2009/03/30,600.0,600.0,600.0,600.0,3000,600,0.5
2009/04/06,600.0,600.0,600.0,600.0,2000,600,0.5
2009/04/28,580.0,590.0,560.0,560.0,5000,560,0.5
2009/05/07,560.0,560.0,560.0,560.0,1000,560,0.5
2009/05/20,570.0,570.0,570.0,570.0,2000,570,0.5
2009/05/22,570.0,570.0,570.0,570.0,3000,570,0.5
2009/05/27,580.0,580.0,580.0,580.0,1000,580,0.5
2009/05/28,580.0,580.0,580.0,580.0,4000,580,0.5
2009/06/05,580.0,580.0,580.0,580.0,1000,580,0.5
2009/06/12,530.0,540.0,530.0,540.0,2000,540,0.5
2009/06/15,560.0,560.0,560.0,560.0,1000,560,0.5
2009/06/22,556.0,560.0,516.0,560.0,16000,560,0.5
2009/06/23,580.0,580.0,580.0,580.0,2000,580,0.5
2009/06/24,590.0,590.0,590.0,590.0,1000,590,0.5
2009/06/25,558.0,558.0,558.0,558.0,1000,558,0.5
2009/06/29,558.0,558.0,558.0,558.0,3000,558,0.5
2009/07/06,556.0,556.0,556.0,556.0,1000,556,0.5
2009/07/09,526.0,530.0,526.0,530.0,2000,530,0.5
2009/07/10,520.0,520.0,520.0,520.0,1000,520,0.5
2009/07/13,500.0,500.0,500.0,500.0,2000,500,0.5
2009/07/15,520.0,520.0,520.0,520.0,1000,520,0.5
2009/07/17,542.0,560.0,542.0,560.0,4000,560,0.5
2009/07/21,560.0,580.0,560.0,580.0,11000,580,0.5
2009/07/22,578.0,578.0,578.0,578.0,2000,578,0.5
2009/07/28,560.0,560.0,560.0,560.0,3000,560,0.5
2009/08/04,560.0,560.0,560.0,560.0,1000,560,0.5
2009/08/05,558.0,558.0,558.0,558.0,1000,558,0.5
2009/08/07,538.0,538.0,538.0,538.0,2000,538,0.5
2009/08/11,518.0,518.0,510.0,510.0,4000,510,0.5
2009/08/13,530.0,530.0,530.0,530.0,3000,530,0.5
2009/08/18,538.0,538.0,538.0,538.0,2000,538,0.5
2009/08/21,502.0,502.0,502.0,502.0,1000,502,0.5
2009/08/26,482.0,482.0,478.0,482.0,10000,482,0.5
2009/08/27,482.0,482.0,482.0,482.0,1000,482,0.5
2009/08/28,482.0,482.0,470.0,482.0,17000,482,0.5
2009/09/04,484.0,484.0,484.0,484.0,1000,484,0.5
2009/09/07,486.0,486.0,486.0,486.0,1000,486,0.5
2009/09/14,506.0,506.0,506.0,506.0,1000,506,0.5
2009/09/15,506.0,506.0,506.0,506.0,2000,506,0.5
2009/09/16,476.0,480.0,476.0,480.0,4000,480,0.5
2009/09/17,490.0,490.0,490.0,490.0,1000,490,0.5
2009/09/24,470.0,470.0,470.0,470.0,1000,470,0.5
2009/10/01,470.0,470.0,470.0,470.0,2000,470,0.5
2009/10/05,470.0,470.0,470.0,470.0,2000,470,0.5
2009/10/06,480.0,480.0,480.0,480.0,1000,480,0.5
2009/10/28,480.0,480.0,480.0,480.0,5000,480,0.5
2009/11/05,480.0,480.0,480.0,480.0,1000,480,0.5
2009/11/12,390.0,440.0,390.0,440.0,4000,440,0.5
2009/11/13,390.0,390.0,360.0,380.0,12000,380,0.5
2009/11/16,366.0,386.0,366.0,386.0,2000,386,0.5
2009/11/25,330.0,330.0,320.0,326.0,18000,326,0.5
2009/11/26,306.0,320.0,300.0,320.0,12000,320,0.5
2009/11/27,330.0,330.0,300.0,300.0,5000,300,0.5
2009/11/30,302.0,302.0,302.0,302.0,6000,302,0.5
2009/12/01,308.0,308.0,308.0,308.0,1000,308,0.5
2009/12/02,310.0,310.0,308.0,308.0,4000,308,0.5
2009/12/03,308.0,308.0,308.0,308.0,4000,308,0.5
2009/12/04,300.0,310.0,300.0,310.0,3000,310,0.5
2009/12/07,310.0,320.0,310.0,320.0,3000,320,0.5
2009/12/08,306.0,306.0,306.0,306.0,1000,306,0.5
2009/12/14,308.0,320.0,308.0,320.0,7000,320,0.5
2009/12/15,344.0,344.0,344.0,344.0,2000,344,0.5
2009/12/16,344.0,344.0,344.0,344.0,16000,344,0.5
2009/12/17,350.0,350.0,350.0,350.0,1000,350,0.5
2009/12/22,340.0,340.0,340.0,340.0,1000,340,0.5
2009/12/24,312.0,312.0,300.0,300.0,9000,300,0.5
2009/12/25,306.0,306.0,296.0,298.0,8000,298,0.5
2009/12/28,300.0,312.0,298.0,312.0,3000,312,0.5
2009/12/29,312.0,312.0,312.0,312.0,4000,312,0.5
2009/12/30,312.0,314.0,312.0,314.0,2000,314,0.5
2010/01/04,304.0,306.0,300.0,300.0,5000,300,0.5
2010/01/06,308.0,308.0,308.0,308.0,1000,308,0.5
2010/01/08,308.0,308.0,308.0,308.0,2000,308,0.5
2010/01/12,338.0,338.0,336.0,336.0,2000,336,0.5
2010/01/13,336.0,336.0,316.0,316.0,2000,316,0.5
2010/01/14,308.0,308.0,308.0,308.0,2000,308,0.5
2010/01/20,316.0,316.0,316.0,316.0,1000,316,0.5
2010/01/25,320.0,350.0,320.0,350.0,5000,350,0.5
2010/01/27,358.0,360.0,352.0,352.0,4000,352,0.5
2010/01/28,352.0,354.0,352.0,352.0,8000,352,0.5
2010/01/29,350.0,350.0,350.0,350.0,1000,350,0.5
2010/02/05,350.0,350.0,314.0,314.0,4000,314,0.5
2010/02/09,314.0,314.0,314.0,314.0,1000,314,0.5
2010/02/10,304.0,304.0,304.0,304.0,1000,304,0.5
2010/02/16,304.0,304.0,304.0,304.0,1000,304,0.5
2010/02/18,310.0,312.0,302.0,302.0,5000,302,0.5
2010/02/19,308.0,310.0,308.0,310.0,5000,310,0.5
2010/02/24,300.0,300.0,300.0,300.0,2000,300,0.5
2010/02/25,312.0,312.0,310.0,310.0,6000,310,0.5
2010/03/01,310.0,310.0,310.0,310.0,5000,310,0.5
2010/03/04,310.0,310.0,310.0,310.0,5000,310,0.5
2010/03/05,310.0,310.0,310.0,310.0,1000,310,0.5
2010/03/09,312.0,312.0,312.0,312.0,1000,312,0.5
2010/03/10,312.0,312.0,312.0,312.0,1000,312,0.5
2010/03/15,310.0,310.0,310.0,310.0,2000,310,0.5
2010/03/24,314.0,330.0,314.0,330.0,4000,330,0.5
2010/03/26,340.0,340.0,330.0,330.0,6000,330,0.5
2010/03/29,330.0,340.0,330.0,334.0,3000,334,0.5
2010/03/30,336.0,340.0,336.0,340.0,2000,340,0.5
2010/03/31,356.0,356.0,350.0,356.0,6000,356,0.5
2010/04/01,356.0,356.0,356.0,356.0,1000,356,0.5
2010/04/02,358.0,358.0,358.0,358.0,1000,358,0.5
2010/04/05,388.0,442.0,388.0,442.0,5000,442,0.5
2010/04/06,554.0,602.0,544.0,544.0,15000,544,0.5
2010/04/07,546.0,550.0,520.0,520.0,12000,520,0.5
2010/04/08,480.0,480.0,442.0,462.0,3000,462,0.5
2010/04/12,462.0,476.0,462.0,476.0,3000,476,0.5
2010/04/13,476.0,478.0,462.0,478.0,4000,478,0.5
2010/04/14,478.0,478.0,478.0,478.0,1000,478,0.5
2010/04/15,480.0,492.0,480.0,492.0,5000,492,0.5
2010/04/16,520.0,520.0,488.0,488.0,2000,488,0.5
2010/04/19,488.0,488.0,488.0,488.0,2000,488,0.5
2010/04/21,492.0,492.0,492.0,492.0,1000,492,0.5
2010/04/22,486.0,486.0,480.0,480.0,4000,480,0.5
2010/04/23,428.0,428.0,428.0,428.0,1000,428,0.5
2010/04/26,458.0,458.0,458.0,458.0,1000,458,0.5
2010/04/28,458.0,458.0,458.0,458.0,3000,458,0.5
2010/04/30,442.0,442.0,442.0,442.0,1000,442,0.5
2010/05/10,490.0,602.0,490.0,602.0,6000,602,0.5
2010/05/13,544.0,544.0,544.0,544.0,3000,544,0.5
2010/05/14,512.0,530.0,512.0,530.0,2000,530,0.5
2010/05/18,482.0,482.0,478.0,478.0,3000,478,0.5
2010/05/24,446.0,446.0,446.0,446.0,1000,446,0.5
2010/05/25,450.0,450.0,442.0,442.0,2000,442,0.5
2010/05/26,446.0,446.0,446.0,446.0,1000,446,0.5
2010/05/28,446.0,452.0,446.0,452.0,8000,452,0.5
2010/05/31,454.0,454.0,454.0,454.0,1000,454,0.5
2010/06/02,454.0,454.0,454.0,454.0,1000,454,0.5
2010/06/07,454.0,454.0,454.0,454.0,1000,454,0.5
2010/06/15,448.0,448.0,448.0,448.0,1000,448,0.5
2010/06/23,430.0,430.0,430.0,430.0,1000,430,0.5
2010/06/28,430.0,430.0,430.0,430.0,5000,430,0.5
2010/07/02,400.0,400.0,400.0,400.0,1000,400,0.5
2010/07/08,400.0,400.0,400.0,400.0,1000,400,0.5
2010/07/15,408.0,408.0,408.0,408.0,1000,408,0.5
2010/07/16,424.0,424.0,424.0,424.0,3000,424,0.5
2010/07/21,428.0,450.0,424.0,450.0,5000,450,0.5
2010/07/22,450.0,450.0,450.0,450.0,6000,450,0.5
2010/07/23,450.0,450.0,450.0,450.0,5000,450,0.5
2010/07/26,420.0,420.0,416.0,416.0,2000,416,0.5
2010/07/28,420.0,420.0,420.0,420.0,1000,420,0.5
2010/07/29,420.0,420.0,420.0,420.0,2000,420,0.5
2010/08/02,420.0,420.0,420.0,420.0,1000,420,0.5
2010/08/05,420.0,420.0,420.0,420.0,1000,420,0.5
2010/08/26,412.0,412.0,412.0,412.0,1000,412,0.5
2010/08/27,422.0,422.0,422.0,422.0,1000,422,0.5
2010/08/30,438.0,438.0,438.0,438.0,3000,438,0.5
2010/09/01,416.0,416.0,416.0,416.0,1000,416,0.5
2010/09/06,464.0,464.0,464.0,464.0,1000,464,0.5
2010/09/17,406.0,406.0,406.0,406.0,1000,406,0.5
2010/09/27,422.0,422.0,422.0,422.0,2000,422,0.5
2010/09/28,436.0,436.0,436.0,436.0,1000,436,0.5
2010/09/29,436.0,436.0,436.0,436.0,4000,436,0.5
2010/10/05,436.0,436.0,436.0,436.0,1000,436,0.5
2010/10/25,380.0,380.0,380.0,380.0,1000,380,0.5
2010/10/27,400.0,400.0,400.0,400.0,1000,400,0.5
2010/10/28,400.0,400.0,400.0,400.0,3000,400,0.5
2010/11/05,400.0,400.0,400.0,400.0,2000,400,0.5
2010/11/17,364.0,374.0,364.0,374.0,6000,374,0.5
2010/11/19,378.0,378.0,378.0,378.0,1000,378,0.5
2010/11/26,390.0,390.0,390.0,390.0,1000,390,0.5
2010/11/29,390.0,390.0,390.0,390.0,4000,390,0.5
2010/12/03,380.0,380.0,374.0,374.0,4000,374,0.5
2010/12/06,374.0,374.0,374.0,374.0,2000,374,0.5
2010/12/08,370.0,372.0,370.0,372.0,4000,372,0.5
2010/12/09,356.0,360.0,356.0,360.0,4000,360,0.5
2010/12/15,366.0,384.0,366.0,384.0,3000,384,0.5
2010/12/16,386.0,398.0,386.0,398.0,6000,398,0.5
2010/12/17,398.0,414.0,398.0,414.0,10000,414,0.5
2010/12/20,414.0,414.0,414.0,414.0,2000,414,0.5
2010/12/21,416.0,416.0,414.0,414.0,12000,414,0.5
2010/12/27,390.0,390.0,390.0,390.0,4000,390,0.5
2010/12/29,390.0,404.0,390.0,404.0,3000,404,0.5
2010/12/30,404.0,404.0,404.0,404.0,3000,404,0.5
2011/01/07,420.0,420.0,420.0,420.0,1000,420,0.5
2011/01/11,420.0,420.0,420.0,420.0,1000,420,0.5
2011/01/12,420.0,420.0,418.0,418.0,2000,418,0.5
2011/01/19,418.0,418.0,418.0,418.0,1000,418,0.5
2011/01/24,410.0,410.0,386.0,386.0,2000,386,0.5
2011/01/26,406.0,430.0,406.0,430.0,5000,430,0.5
2011/01/27,430.0,500.0,430.0,500.0,7000,500,0.5
2011/01/28,500.0,500.0,500.0,500.0,4000,500,0.5
2011/02/01,430.0,430.0,430.0,430.0,2000,430,0.5
2011/02/02,422.0,422.0,422.0,422.0,2000,422,0.5
2011/02/03,420.0,430.0,420.0,430.0,5000,430,0.5
2011/02/04,414.0,414.0,410.0,410.0,5000,410,0.5
2011/02/07,410.0,410.0,384.0,384.0,12000,384,0.5
2011/02/08,386.0,394.0,384.0,394.0,8000,394,0.5
2011/02/09,400.0,420.0,400.0,420.0,10000,420,0.5
2011/02/10,410.0,410.0,406.0,406.0,2000,406,0.5
2011/02/14,450.0,460.0,450.0,458.0,8000,458,0.5
2011/02/15,420.0,430.0,420.0,420.0,9000,420,0.5
2011/02/16,422.0,422.0,422.0,422.0,1000,422,0.5
2011/02/17,420.0,420.0,402.0,402.0,6000,402,0.5
2011/02/25,398.0,408.0,398.0,408.0,4000,408,0.5
2011/02/28,408.0,408.0,408.0,408.0,5000,408,0.5
2011/03/04,420.0,420.0,420.0,420.0,6000,420,0.5
2011/03/07,420.0,420.0,392.0,400.0,3000,400,0.5
2011/03/09,436.0,436.0,436.0,436.0,1000,436,0.5
2011/03/14,400.0,400.0,314.0,334.0,6000,334,0.5
2011/03/15,304.0,318.0,298.0,318.0,9000,318,0.5
2011/03/16,316.0,316.0,316.0,316.0,1000,316,0.5
2011/03/17,310.0,310.0,300.0,300.0,7000,300,0.5
2011/03/18,312.0,312.0,312.0,312.0,1000,312,0.5
2011/03/22,342.0,342.0,340.0,340.0,3000,340,0.5
2011/03/25,332.0,332.0,332.0,332.0,2000,332,0.5
2011/03/28,346.0,356.0,346.0,356.0,8000,356,0.5
2011/03/30,340.0,340.0,330.0,330.0,3000,330,0.5
2011/03/31,350.0,350.0,340.0,350.0,3000,350,0.5
2011/04/01,348.0,350.0,348.0,350.0,3000,350,0.5
2011/04/04,350.0,350.0,350.0,350.0,3000,350,0.5
2011/04/05,350.0,350.0,348.0,348.0,6000,348,0.5
2011/04/06,330.0,336.0,330.0,336.0,2000,336,0.5
2011/04/12,330.0,330.0,330.0,330.0,2000,330,0.5
2011/04/13,332.0,332.0,322.0,322.0,3000,322,0.5
2011/04/25,324.0,324.0,324.0,324.0,2000,324,0.5
2011/04/26,354.0,358.0,354.0,358.0,4000,358,0.5
2011/04/27,358.0,358.0,338.0,338.0,4000,338,0.5
2011/04/28,350.0,350.0,340.0,340.0,6000,340,0.5
2011/05/02,340.0,340.0,324.0,324.0,4000,324,0.5
2011/05/06,338.0,338.0,338.0,338.0,2000,338,0.5
2011/05/10,340.0,340.0,338.0,338.0,2000,338,0.5
2011/05/11,340.0,340.0,340.0,340.0,4000,340,0.5
2011/05/12,340.0,340.0,332.0,332.0,7000,332,0.5
2011/05/13,330.0,330.0,326.0,326.0,4000,326,0.5
2011/05/16,322.0,322.0,322.0,322.0,1000,322,0.5
2011/05/20,316.0,316.0,316.0,316.0,2000,316,0.5
2011/05/23,312.0,312.0,312.0,312.0,2000,312,0.5
2011/05/24,304.0,306.0,302.0,306.0,3000,306,0.5
2011/05/26,314.0,314.0,314.0,314.0,1000,314,0.5
2011/05/27,306.0,306.0,302.0,302.0,3000,302,0.5
2011/05/30,304.0,304.0,304.0,304.0,2000,304,0.5
2011/06/01,314.0,314.0,314.0,314.0,1000,314,0.5
2011/06/02,314.0,314.0,314.0,314.0,4000,314,0.5
2011/06/03,314.0,314.0,314.0,314.0,2000,314,0.5
2011/06/06,316.0,316.0,314.0,314.0,2000,314,0.5
2011/06/07,314.0,314.0,314.0,314.0,4000,314,0.5
2011/06/08,314.0,314.0,314.0,314.0,2000,314,0.5
2011/06/10,322.0,322.0,322.0,322.0,1000,322,0.5
2011/06/13,320.0,320.0,320.0,320.0,1000,320,0.5
2011/06/15,310.0,310.0,308.0,308.0,3000,308,0.5
2011/06/16,310.0,310.0,310.0,310.0,1000,310,0.5
2011/06/17,310.0,310.0,304.0,304.0,3000,304,0.5
2011/06/20,304.0,304.0,304.0,304.0,1000,304,0.5
2011/06/21,304.0,304.0,304.0,304.0,2000,304,0.5
2011/06/22,304.0,306.0,304.0,306.0,4000,306,0.5
2011/06/23,306.0,306.0,302.0,302.0,8000,302,0.5
2011/06/24,300.0,300.0,300.0,300.0,1000,300,0.5
2011/06/28,310.0,310.0,310.0,310.0,2000,310,0.5
2011/06/29,318.0,318.0,310.0,318.0,5000,318,0.5
2011/06/30,318.0,318.0,318.0,318.0,2000,318,0.5
2011/07/05,320.0,320.0,320.0,320.0,2000,320,0.5
2011/07/06,322.0,322.0,322.0,322.0,4000,322,0.5
2011/07/07,336.0,336.0,336.0,336.0,4000,336,0.5
2011/07/08,338.0,338.0,336.0,336.0,4000,336,0.5
2011/07/11,336.0,346.0,336.0,346.0,3000,346,0.5
2011/07/12,346.0,346.0,326.0,336.0,10000,336,0.5
2011/07/14,336.0,336.0,336.0,336.0,1000,336,0.5
2011/07/19,354.0,356.0,354.0,356.0,6000,356,0.5
2011/07/20,358.0,360.0,358.0,360.0,2000,360,0.5
2011/07/21,370.0,370.0,370.0,370.0,2000,370,0.5
2011/07/22,370.0,370.0,370.0,370.0,23000,370,0.5
2011/07/27,360.0,360.0,360.0,360.0,1000,360,0.5
2011/07/28,360.0,360.0,360.0,360.0,4000,360,0.5
2011/07/29,360.0,360.0,360.0,360.0,3000,360,0.5
2011/08/04,342.0,342.0,342.0,342.0,1000,342,0.5
2011/08/05,342.0,350.0,342.0,350.0,3000,350,0.5
2011/08/09,350.0,350.0,350.0,350.0,1000,350,0.5
2011/08/11,332.0,332.0,332.0,332.0,1000,332,0.5
2011/08/15,332.0,332.0,332.0,332.0,1000,332,0.5
2011/08/16,342.0,346.0,342.0,346.0,2000,346,0.5
2011/08/17,348.0,348.0,348.0,348.0,1000,348,0.5
2011/08/18,338.0,338.0,338.0,338.0,1000,338,0.5
2011/08/23,338.0,340.0,330.0,340.0,5000,340,0.5
2011/08/26,330.0,330.0,322.0,322.0,4000,322,0.5
2011/08/29,322.0,332.0,322.0,332.0,5000,332,0.5
2011/08/30,332.0,350.0,332.0,350.0,5000,350,0.5
2011/08/31,340.0,340.0,340.0,340.0,1000,340,0.5
2011/09/05,340.0,340.0,340.0,340.0,1000,340,0.5
2011/09/14,330.0,330.0,330.0,330.0,1000,330,0.5
2011/09/21,330.0,344.0,330.0,344.0,3000,344,0.5
2011/09/28,344.0,344.0,344.0,344.0,5000,344,0.5
2011/09/30,334.0,334.0,334.0,334.0,1000,334,0.5
2011/10/03,324.0,324.0,324.0,324.0,1000,324,0.5
2011/10/07,324.0,324.0,324.0,324.0,2000,324,0.5
2011/10/11,334.0,334.0,334.0,334.0,1000,334,0.5
2011/10/12,340.0,350.0,340.0,350.0,2000,350,0.5
2011/10/13,350.0,350.0,350.0,350.0,1000,350,0.5
2011/10/19,330.0,330.0,330.0,330.0,2000,330,0.5
2011/10/24,342.0,342.0,342.0,342.0,1000,342,0.5
2011/10/28,340.0,340.0,340.0,340.0,6000,340,0.5
2011/11/07,340.0,340.0,340.0,340.0,2000,340,0.5
2011/11/18,320.0,320.0,320.0,320.0,1000,320,0.5
2011/11/24,396.0,396.0,322.0,322.0,6000,322,0.5
2011/11/25,326.0,332.0,326.0,332.0,4000,332,0.5
2011/11/28,332.0,332.0,332.0,332.0,5000,332,0.5
2011/11/30,332.0,332.0,332.0,332.0,2000,332,0.5
2011/12/13,342.0,360.0,342.0,360.0,4000,360,0.5
2011/12/15,360.0,360.0,360.0,360.0,15000,360,0.5
2011/12/27,350.0,350.0,348.0,348.0,2000,348,0.5
2011/12/28,348.0,348.0,348.0,348.0,1000,348,0.5
2011/12/29,348.0,348.0,348.0,348.0,1000,348,0.5
2012/01/06,348.0,348.0,348.0,348.0,1000,348,0.5
2012/01/10,352.0,352.0,352.0,352.0,1000,352,0.5
2012/01/11,360.0,360.0,360.0,360.0,2000,360,0.5
2012/01/12,360.0,360.0,360.0,360.0,5000,360,0.5
2012/01/20,360.0,360.0,360.0,360.0,1000,360,0.5
2012/01/26,354.0,368.0,354.0,368.0,3000,368,0.5
2012/01/27,350.0,360.0,350.0,360.0,9000,360,0.5
2012/01/30,362.0,366.0,362.0,366.0,5000,366,0.5
2012/01/31,384.0,384.0,384.0,384.0,3000,384,0.5
2012/02/01,384.0,384.0,384.0,384.0,4000,384,0.5
2012/02/06,384.0,384.0,384.0,384.0,1000,384,0.5
2012/02/07,386.0,396.0,386.0,396.0,3000,396,0.5
2012/02/09,380.0,380.0,380.0,380.0,1000,380,0.5
2012/02/13,370.0,370.0,370.0,370.0,1000,370,0.5
2012/02/15,370.0,370.0,370.0,370.0,1000,370,0.5
2012/02/17,370.0,370.0,354.0,354.0,2000,354,0.5
2012/02/20,360.0,360.0,354.0,354.0,2000,354,0.5
2012/02/21,364.0,364.0,364.0,364.0,1000,364,0.5
2012/02/22,364.0,364.0,354.0,354.0,2000,354,0.5
2012/02/23,354.0,354.0,354.0,354.0,1000,354,0.5
2012/02/27,364.0,368.0,364.0,368.0,2000,368,0.5
2012/02/28,368.0,368.0,368.0,368.0,3000,368,0.5
2012/03/05,368.0,368.0,368.0,368.0,1000,368,0.5
2012/03/15,352.0,352.0,352.0,352.0,1000,352,0.5
2012/03/16,332.0,332.0,332.0,332.0,3000,332,0.5
2012/03/19,348.0,380.0,348.0,380.0,8000,380,0.5
2012/03/27,382.0,382.0,382.0,382.0,1000,382,0.5
2012/03/28,374.0,374.0,374.0,374.0,5000,374,0.5
2012/04/05,374.0,374.0,374.0,374.0,1000,374,0.5
2012/04/20,366.0,366.0,356.0,356.0,2000,356,0.5
2012/04/23,366.0,366.0,366.0,366.0,3000,366,0.5
2012/05/01,366.0,366.0,366.0,366.0,1000,366,0.5
2012/05/02,366.0,366.0,366.0,366.0,2000,366,0.5
2012/05/10,366.0,366.0,366.0,366.0,1000,366,0.5
2012/05/30,368.0,368.0,366.0,366.0,5000,366,0.5
2012/06/05,366.0,366.0,366.0,366.0,2000,366,0.5
2012/06/06,346.0,346.0,346.0,346.0,1000,346,0.5
2012/06/26,356.0,356.0,356.0,356.0,1000,356,0.5
2012/06/27,356.0,356.0,356.0,356.0,2000,356,0.5
2012/06/28,358.0,358.0,350.0,350.0,5000,350,0.5
2012/07/05,358.0,358.0,358.0,358.0,1000,358,0.5
2012/07/06,358.0,358.0,358.0,358.0,1000,358,0.5
2012/07/10,358.0,358.0,358.0,358.0,1000,358,0.5
2012/07/11,358.0,358.0,358.0,358.0,1000,358,0.5
2012/07/18,382.0,410.0,382.0,410.0,4000,410,0.5
2012/07/19,410.0,414.0,410.0,414.0,11000,414,0.5
2012/07/20,420.0,420.0,390.0,390.0,15000,390,0.5
2012/07/30,390.0,390.0,390.0,390.0,3000,390,0.5
2012/08/06,390.0,390.0,390.0,390.0,1000,390,0.5
2012/08/13,360.0,360.0,360.0,360.0,1000,360,0.5
2012/08/15,360.0,360.0,360.0,360.0,1000,360,0.5
2012/08/17,360.0,360.0,360.0,360.0,1000,360,0.5
2012/08/29,360.0,360.0,360.0,360.0,1000,360,0.5
2012/09/03,360.0,360.0,360.0,360.0,1000,360,0.5
2012/09/06,360.0,360.0,360.0,360.0,2000,360,0.5
2012/09/27,360.0,360.0,360.0,360.0,1000,360,0.5
2012/10/01,360.0,360.0,360.0,360.0,1000,360,0.5
2012/10/04,374.0,374.0,374.0,374.0,4000,374,0.5
2012/10/05,374.0,374.0,360.0,360.0,3000,360,0.5
2012/10/24,372.0,372.0,360.0,360.0,3000,360,0.5
2012/10/25,362.0,362.0,360.0,360.0,2000,360,0.5
2012/10/26,360.0,360.0,360.0,360.0,1000,360,0.5
2012/10/29,366.0,366.0,366.0,366.0,1000,366,0.5
2012/10/30,366.0,366.0,356.0,356.0,6000,356,0.5
2012/11/01,352.0,352.0,352.0,352.0,1000,352,0.5
2012/11/06,340.0,340.0,340.0,340.0,4000,340,0.5
2012/11/15,342.0,342.0,342.0,342.0,1000,342,0.5
2012/11/16,342.0,342.0,342.0,342.0,1000,342,0.5
2012/11/21,356.0,356.0,356.0,356.0,1000,356,0.5
2012/11/26,356.0,356.0,356.0,356.0,2000,356,0.5
2012/11/28,358.0,378.0,358.0,378.0,5000,378,0.5
2012/11/29,378.0,378.0,378.0,378.0,4000,378,0.5
2012/11/30,378.0,388.0,378.0,388.0,2000,388,0.5
2012/12/03,398.0,398.0,398.0,398.0,1000,398,0.5
2012/12/05,402.0,402.0,402.0,402.0,1000,402,0.5
2012/12/06,422.0,424.0,422.0,424.0,14000,424,0.5
2012/12/07,418.0,418.0,376.0,384.0,6000,384,0.5
2012/12/13,384.0,384.0,384.0,384.0,4000,384,0.5
2012/12/19,388.0,388.0,388.0,388.0,1000,388,0.5
2012/12/20,396.0,418.0,396.0,418.0,7000,418,0.5
2012/12/21,418.0,418.0,390.0,390.0,14000,390,0.5
2012/12/28,392.0,392.0,392.0,392.0,2000,392,0.5
2013/01/07,392.0,392.0,392.0,392.0,4000,392,0.5
2013/01/16,402.0,402.0,402.0,402.0,1000,402,0.5
2013/01/17,402.0,402.0,402.0,402.0,1000,402,0.5
2013/01/28,402.0,402.0,402.0,402.0,5000,402,0.5
2013/02/05,402.0,402.0,402.0,402.0,3000,402,0.5
2013/02/07,416.0,416.0,416.0,416.0,1000,416,0.5
2013/02/18,414.0,414.0,414.0,414.0,1000,414,0.5
2013/02/19,400.0,400.0,400.0,400.0,2000,400,0.5
2013/02/27,394.0,394.0,394.0,394.0,1000,394,0.5
2013/02/28,394.0,394.0,394.0,394.0,3000,394,0.5
2013/03/04,414.0,414.0,390.0,390.0,3000,390,0.5
2013/03/05,390.0,390.0,384.0,384.0,2000,384,0.5
2013/03/11,384.0,384.0,384.0,384.0,1000,384,0.5
2013/03/13,390.0,390.0,390.0,390.0,1000,390,0.5
2013/03/15,390.0,390.0,390.0,390.0,2000,390,0.5
2013/03/18,400.0,400.0,400.0,400.0,1000,400,0.5
2013/03/21,396.0,396.0,396.0,396.0,2000,396,0.5
2013/03/22,392.0,392.0,392.0,392.0,6000,392,0.5
2013/03/28,378.0,378.0,378.0,378.0,6000,378,0.5
2013/03/29,380.0,380.0,380.0,380.0,1000,380,0.5
2013/04/01,374.0,374.0,374.0,374.0,1000,374,0.5
2013/04/05,376.0,376.0,376.0,376.0,2000,376,0.5
2013/04/09,390.0,390.0,390.0,390.0,4000,390,0.5
2013/04/10,416.0,416.0,384.0,386.0,12000,386,0.5
2013/04/12,388.0,388.0,386.0,386.0,2000,386,0.5
2013/04/15,372.0,378.0,372.0,378.0,15000,378,0.5
2013/04/22,374.0,380.0,370.0,380.0,5000,380,0.5
2013/04/23,382.0,390.0,382.0,386.0,11000,386,0.5
2013/04/24,390.0,390.0,380.0,380.0,4000,380,0.5
2013/04/25,382.0,480.0,380.0,480.0,58000,480,0.5
2013/04/26,640.0,640.0,570.0,640.0,80000,640,0.5
2013/04/30,784.0,792.0,700.0,720.0,150000,720,0.5
2013/05/01,722.0,736.0,600.0,600.0,74000,600,0.5
2013/05/02,600.0,614.0,562.0,576.0,16000,576,0.5
2013/05/07,582.0,618.0,580.0,590.0,22000,590,0.5
2013/05/08,590.0,590.0,560.0,576.0,12000,576,0.5
2013/05/09,544.0,568.0,528.0,568.0,9000,568,0.5
2013/05/10,538.0,564.0,520.0,520.0,13000,520,0.5
2013/05/13,518.0,538.0,518.0,532.0,15000,532,0.5
2013/05/14,540.0,560.0,540.0,540.0,8000,540,0.5
2013/05/15,570.0,570.0,532.0,532.0,13000,532,0.5
2013/05/16,564.0,564.0,532.0,532.0,3000,532,0.5
2013/05/17,532.0,532.0,530.0,530.0,2000,530,0.5
2013/05/20,536.0,536.0,536.0,536.0,1000,536,0.5
2013/05/21,542.0,562.0,542.0,562.0,6000,562,0.5
2013/05/22,552.0,556.0,532.0,532.0,10000,532,0.5
2013/05/23,532.0,538.0,506.0,538.0,7000,538,0.5
2013/05/24,506.0,536.0,506.0,526.0,4000,526,0.5
2013/05/27,528.0,536.0,520.0,536.0,6000,536,0.5
2013/05/28,536.0,552.0,536.0,552.0,4000,552,0.5
2013/05/29,552.0,552.0,530.0,530.0,5000,530,0.5
2013/06/03,528.0,566.0,528.0,550.0,9000,550,0.5
2013/06/04,574.0,578.0,534.0,540.0,12000,540,0.5
2013/06/05,540.0,540.0,526.0,526.0,8000,526,0.5
2013/06/07,472.0,472.0,400.0,400.0,8000,400,0.5
2013/06/10,544.0,544.0,538.0,544.0,25000,544,0.5
2013/06/11,546.0,546.0,516.0,516.0,11000,516,0.5
2013/06/12,484.0,484.0,468.0,468.0,2000,468,0.5
2013/06/13,484.0,484.0,470.0,470.0,7000,470,0.5
2013/06/14,486.0,486.0,474.0,474.0,3000,474,0.5
2013/06/17,462.0,470.0,462.0,470.0,2000,470,0.5
2013/06/19,460.0,460.0,450.0,450.0,3000,450,0.5
2013/06/20,462.0,488.0,462.0,488.0,8000,488,0.5
2013/06/25,462.0,462.0,462.0,462.0,3000,462,0.5
2013/06/26,456.0,464.0,454.0,464.0,5000,464,0.5
2013/06/27,460.0,460.0,460.0,460.0,1000,460,0.5
2013/07/02,476.0,476.0,454.0,458.0,10000,458,0.5
2013/07/03,472.0,472.0,472.0,472.0,1000,472,0.5
2013/07/04,470.0,470.0,462.0,462.0,4000,462,0.5
2013/07/05,452.0,452.0,452.0,452.0,5000,452,0.5
2013/07/08,456.0,456.0,456.0,456.0,1000,456,0.5
2013/07/09,452.0,452.0,452.0,452.0,1000,452,0.5
2013/07/11,460.0,460.0,460.0,460.0,3000,460,0.5
2013/07/12,470.0,476.0,470.0,476.0,5000,476,0.5
2013/07/16,476.0,530.0,476.0,530.0,16000,530,0.5
2013/07/17,530.0,592.0,530.0,552.0,13000,552,0.5
2013/07/18,552.0,554.0,552.0,554.0,3000,554,0.5
2013/07/19,556.0,556.0,532.0,532.0,12000,532,0.5
2013/07/25,490.0,490.0,484.0,484.0,4000,484,0.5
2013/07/26,468.0,468.0,468.0,468.0,3000,468,0.5
2013/08/01,468.0,468.0,468.0,468.0,2000,468,0.5
2013/08/05,468.0,468.0,468.0,468.0,1000,468,0.5
2013/08/09,462.0,462.0,462.0,462.0,2000,462,0.5
2013/08/19,430.0,430.0,416.0,416.0,17000,416,0.5
2013/08/22,426.0,426.0,420.0,420.0,4000,420,0.5
2013/08/27,420.0,420.0,420.0,420.0,1000,420,0.5
2013/08/28,420.0,420.0,420.0,420.0,3000,420,0.5
2013/08/30,420.0,420.0,420.0,420.0,1000,420,0.5
2013/09/02,436.0,448.0,436.0,442.0,7000,442,0.5
2013/09/03,426.0,426.0,426.0,426.0,2000,426,0.5
2013/09/04,468.0,472.0,434.0,434.0,8000,434,0.5
2013/09/05,436.0,452.0,436.0,438.0,6000,438,0.5
2013/09/06,438.0,438.0,428.0,428.0,4000,428,0.5
2013/09/09,460.0,492.0,460.0,492.0,7000,492,0.5
2013/09/10,492.0,512.0,492.0,512.0,12000,512,0.5
2013/09/11,528.0,550.0,528.0,540.0,9000,540,0.5
2013/09/13,652.0,652.0,614.0,614.0,22000,614,0.5
2013/09/17,552.0,558.0,552.0,558.0,2000,558,0.5
2013/09/18,564.0,564.0,564.0,564.0,1000,564,0.5
2013/09/20,572.0,574.0,556.0,556.0,7000,556,0.5
2013/09/24,560.0,560.0,560.0,560.0,1000,560,0.5
2013/09/25,554.0,554.0,550.0,550.0,3000,550,0.5
2013/09/26,552.0,552.0,552.0,552.0,1000,552,0.5
2013/09/30,552.0,560.0,552.0,560.0,5000,560,0.5
2013/10/02,600.0,616.0,560.0,560.0,22000,560,0.5
2013/10/03,574.0,574.0,572.0,572.0,3000,572,0.5
2013/10/04,562.0,562.0,562.0,562.0,1000,562,0.5
2013/10/07,562.0,562.0,560.0,560.0,2000,560,0.5
2013/10/08,530.0,534.0,526.0,534.0,4000,534,0.5
2013/10/10,530.0,530.0,530.0,530.0,1000,530,0.5
2013/10/11,536.0,600.0,536.0,580.0,15000,580,0.5
2013/10/15,574.0,574.0,566.0,566.0,3000,566,0.5
2013/10/18,550.0,550.0,532.0,544.0,10000,544,0.5
2013/10/21,546.0,554.0,542.0,554.0,8000,554,0.5
2013/10/22,556.0,556.0,556.0,556.0,1000,556,0.5
2013/10/23,542.0,544.0,540.0,540.0,8000,540,0.5
2013/10/24,554.0,554.0,554.0,554.0,1000,554,0.5
2013/10/25,538.0,540.0,538.0,538.0,3000,538,0.5
2013/10/28,552.0,552.0,542.0,542.0,2000,542,0.5
2013/10/29,702.0,702.0,702.0,702.0,18000,702,0.5
2013/10/30,862.0,862.0,862.0,862.0,33000,862,0.5
2013/10/31,862.0,862.0,702.0,702.0,168000,702,0.5
2013/11/01,670.0,670.0,602.0,626.0,40000,626,0.5
2013/11/05,620.0,644.0,608.0,628.0,7000,628,0.5
2013/11/06,620.0,620.0,602.0,620.0,9000,620,0.5
2013/11/07,620.0,622.0,612.0,622.0,11000,622,0.5
2013/11/08,622.0,622.0,584.0,594.0,9000,594,0.5
2013/11/11,604.0,610.0,596.0,596.0,13000,596,0.5
2013/11/12,594.0,612.0,594.0,600.0,8000,600,0.5
2013/11/13,600.0,600.0,600.0,600.0,1000,600,0.5
2013/11/14,600.0,600.0,600.0,600.0,2000,600,0.5
2013/11/15,592.0,592.0,574.0,574.0,14000,574,0.5
2013/11/18,574.0,574.0,562.0,564.0,9000,564,0.5
2013/11/19,564.0,564.0,538.0,562.0,19000,562,0.5
2013/11/20,562.0,562.0,546.0,562.0,4000,562,0.5
2013/11/21,578.0,578.0,574.0,574.0,2000,574,0.5
2013/11/22,566.0,580.0,566.0,580.0,5000,580,0.5
2013/11/25,570.0,574.0,570.0,570.0,4000,570,0.5
2013/11/27,576.0,580.0,576.0,580.0,3000,580,0.5
2013/11/28,580.0,580.0,560.0,578.0,9000,578,0.5
2013/11/29,580.0,580.0,580.0,580.0,1000,580,0.5
2013/12/02,600.0,636.0,598.0,622.0,21000,622,0.5
2013/12/03,622.0,624.0,602.0,602.0,15000,602,0.5
2013/12/04,612.0,612.0,612.0,612.0,1000,612,0.5
2013/12/05,612.0,612.0,612.0,612.0,1000,612,0.5
2013/12/06,612.0,612.0,612.0,612.0,3000,612,0.5
2013/12/09,616.0,636.0,616.0,636.0,6000,636,0.5
2013/12/10,624.0,636.0,624.0,636.0,12000,636,0.5
2013/12/11,624.0,628.0,624.0,628.0,3000,628,0.5
2013/12/12,616.0,616.0,604.0,604.0,6000,604,0.5
2013/12/13,612.0,612.0,600.0,600.0,9000,600,0.5
2013/12/16,616.0,616.0,582.0,582.0,19000,582,0.5
2013/12/17,584.0,584.0,580.0,584.0,5000,584,0.5
2013/12/19,572.0,572.0,572.0,572.0,1000,572,0.5
2013/12/20,572.0,572.0,572.0,572.0,1000,572,0.5
2013/12/24,582.0,586.0,582.0,586.0,4000,586,0.5
2013/12/25,584.0,584.0,540.0,552.0,18000,552,0.5
2013/12/26,568.0,582.0,568.0,582.0,3000,582,0.5
2013/12/27,582.0,592.0,580.0,584.0,11000,584,0.5
2013/12/30,584.0,586.0,582.0,584.0,15000,584,0.5
2014/01/06,588.0,596.0,584.0,590.0,23000,590,0.5
2014/01/07,574.0,574.0,574.0,574.0,5000,574,0.5
2014/01/08,588.0,616.0,588.0,616.0,11000,616,0.5
2014/01/09,600.0,600.0,600.0,600.0,8000,600,0.5
2014/01/15,612.0,680.0,612.0,680.0,12000,680,0.5
2014/01/16,644.0,644.0,590.0,618.0,18000,618,0.5
2014/01/17,602.0,616.0,594.0,616.0,19000,616,0.5
2014/01/20,648.0,648.0,632.0,632.0,10000,632,0.5
2014/01/21,638.0,640.0,636.0,640.0,10000,640,0.5
2014/01/23,638.0,638.0,638.0,638.0,2000,638,0.5
2014/01/24,624.0,624.0,612.0,616.0,3000,616,0.5
2014/01/27,582.0,588.0,578.0,584.0,9000,584,0.5
2014/01/28,584.0,618.0,584.0,618.0,3000,618,0.5
2014/01/29,618.0,618.0,618.0,618.0,3000,618,0.5
2014/01/30,592.0,592.0,592.0,592.0,1000,592,0.5
2014/01/31,592.0,592.0,592.0,592.0,1000,592,0.5
2014/02/03,576.0,588.0,570.0,588.0,8000,588,0.5
2014/02/04,552.0,568.0,552.0,568.0,5000,568,0.5
2014/02/05,580.0,580.0,580.0,580.0,3000,580,0.5
2014/02/06,580.0,580.0,580.0,580.0,3000,580,0.5
2014/02/07,596.0,596.0,596.0,596.0,1000,596,0.5
2014/02/10,598.0,600.0,598.0,600.0,5000,600,0.5
2014/02/18,594.0,594.0,594.0,594.0,1000,594,0.5
2014/02/21,580.0,582.0,580.0,582.0,3000,582,0.5
2014/02/24,590.0,590.0,590.0,590.0,1000,590,0.5
2014/02/27,578.0,578.0,578.0,578.0,1000,578,0.5
2014/03/03,598.0,598.0,598.0,598.0,1000,598,0.5
2014/03/04,598.0,598.0,598.0,598.0,1000,598,0.5
2014/03/05,598.0,598.0,598.0,598.0,1000,598,0.5
2014/03/07,598.0,598.0,598.0,598.0,1000,598,0.5
2014/03/19,566.0,570.0,566.0,570.0,2000,570,0.5
2014/03/25,580.0,580.0,564.0,564.0,5000,564,0.5
2014/03/31,588.0,600.0,568.0,568.0,5000,568,0.5
2014/04/02,580.0,580.0,568.0,568.0,2000,568,0.5
2014/04/04,664.0,664.0,664.0,664.0,5000,664,0.5
2014/04/07,644.0,644.0,580.0,580.0,3000,580,0.5
2014/04/08,580.0,580.0,580.0,580.0,1000,580,0.5
2014/04/09,566.0,566.0,566.0,566.0,1000,566,0.5
2014/04/10,582.0,582.0,582.0,582.0,1000,582,0.5
2014/04/11,566.0,570.0,560.0,570.0,3000,570,0.5
2014/04/14,558.0,558.0,558.0,558.0,1000,558,0.5
2014/04/15,574.0,574.0,574.0,574.0,1000,574,0.5
2014/04/16,578.0,578.0,574.0,574.0,2000,574,0.5
2014/04/21,588.0,588.0,588.0,588.0,1000,588,0.5
2014/04/22,572.0,574.0,570.0,574.0,3000,574,0.5
2014/04/28,574.0,574.0,574.0,574.0,1000,574,0.5
2014/04/30,558.0,558.0,548.0,548.0,14000,548,0.5
2014/05/01,556.0,556.0,556.0,556.0,1000,556,0.5
2014/05/02,550.0,550.0,546.0,546.0,2000,546,0.5
2014/05/07,546.0,558.0,546.0,558.0,4000,558,0.5
2014/05/08,540.0,540.0,540.0,540.0,1000,540,0.5
2014/05/09,540.0,540.0,540.0,540.0,1000,540,0.5
2014/05/13,540.0,540.0,540.0,540.0,2000,540,0.5
2014/05/15,508.0,530.0,508.0,530.0,5000,530,0.5
2014/05/16,538.0,538.0,534.0,534.0,4000,534,0.5
2014/05/19,540.0,540.0,532.0,532.0,6000,532,0.5
2014/05/20,516.0,530.0,516.0,530.0,3000,530,0.5
2014/05/22,556.0,556.0,556.0,556.0,2000,556,0.5
2014/05/23,540.0,540.0,532.0,532.0,6000,532,0.5
2014/05/26,536.0,536.0,532.0,532.0,4000,532,0.5
2014/05/27,532.0,532.0,528.0,528.0,3000,528,0.5
2014/05/28,528.0,528.0,528.0,528.0,3000,528,0.5
2014/05/30,530.0,530.0,530.0,530.0,1000,530,0.5
2014/06/02,546.0,546.0,530.0,534.0,7000,534,0.5
2014/06/03,540.0,550.0,540.0,550.0,6000,550,0.5
2014/06/04,544.0,544.0,544.0,544.0,5000,544,0.5
2014/06/05,540.0,542.0,540.0,542.0,4000,542,0.5
2014/06/06,540.0,540.0,540.0,540.0,2000,540,0.5
2014/06/09,540.0,540.0,530.0,530.0,8000,530,0.5
2014/06/10,524.0,526.0,524.0,524.0,7000,524,0.5
2014/06/11,528.0,528.0,520.0,528.0,11000,528,0.5
2014/06/13,534.0,538.0,534.0,538.0,4000,538,0.5
2014/06/16,536.0,536.0,522.0,534.0,22000,534,0.5
2014/06/17,528.0,542.0,520.0,542.0,27000,542,0.5
2014/06/18,534.0,534.0,530.0,530.0,8000,530,0.5
2014/06/19,530.0,540.0,530.0,540.0,15000,540,0.5
2014/06/20,530.0,546.0,530.0,546.0,4000,546,0.5
2014/06/23,538.0,538.0,536.0,538.0,5000,538,0.5
2014/06/24,538.0,698.0,538.0,698.0,135000,698,0.5
2014/06/25,634.0,650.0,610.0,620.0,77000,620,0.5
2014/06/26,664.0,670.0,632.0,632.0,33000,632,0.5
2014/06/27,610.0,610.0,596.0,596.0,14000,596,0.5
2014/06/30,596.0,598.0,582.0,582.0,7000,582,0.5
2014/07/01,580.0,580.0,580.0,580.0,2000,580,0.5
2014/07/02,596.0,596.0,596.0,596.0,1000,596,0.5
2014/07/03,580.0,592.0,574.0,580.0,16000,580,0.5
2014/07/04,594.0,648.0,594.0,606.0,31000,606,0.5
2014/07/07,638.0,654.0,630.0,650.0,13000,650,0.5
2014/07/08,634.0,640.0,634.0,640.0,6000,640,0.5
2014/07/09,638.0,638.0,616.0,616.0,10000,616,0.5
2014/07/10,616.0,616.0,614.0,614.0,2000,614,0.5
2014/07/11,602.0,630.0,602.0,614.0,4000,614,0.5
2014/07/14,606.0,622.0,606.0,622.0,5000,622,0.5
2014/07/15,638.0,638.0,618.0,618.0,20000,618,0.5
2014/07/17,618.0,634.0,618.0,620.0,3000,620,0.5
2014/07/18,606.0,606.0,606.0,606.0,2000,606,0.5
2014/07/22,606.0,640.0,606.0,640.0,20000,640,0.5
2014/07/24,630.0,630.0,630.0,630.0,2000,630,0.5
2014/07/25,630.0,670.0,628.0,670.0,21000,670,0.5
2014/07/28,670.0,678.0,658.0,664.0,11000,664,0.5
2014/07/29,668.0,668.0,652.0,652.0,2000,652,0.5
2014/07/30,666.0,666.0,666.0,666.0,1000,666,0.5
2014/08/01,642.0,642.0,642.0,642.0,1000,642,0.5
2014/08/07,658.0,658.0,646.0,648.0,6000,648,0.5
2014/08/08,648.0,648.0,600.0,600.0,25000,600,0.5
2014/08/11,600.0,600.0,600.0,600.0,4000,600,0.5
2014/08/13,614.0,616.0,614.0,616.0,2000,616,0.5
2014/08/14,606.0,606.0,606.0,606.0,1000,606,0.5
2014/08/15,622.0,622.0,622.0,622.0,1000,622,0.5
2014/08/18,608.0,608.0,608.0,608.0,2000,608,0.5
2014/08/19,618.0,624.0,618.0,624.0,2000,624,0.5
2014/08/21,640.0,640.0,624.0,624.0,2000,624,0.5
2014/08/22,630.0,634.0,630.0,634.0,2000,634,0.5
2014/08/25,622.0,622.0,622.0,622.0,1000,622,0.5
2014/08/26,624.0,630.0,618.0,630.0,3000,630,0.5
2014/08/27,626.0,630.0,626.0,630.0,2000,630,0.5
2014/08/28,640.0,656.0,640.0,656.0,3000,656,0.5
2014/08/29,656.0,656.0,652.0,654.0,5000,654,0.5
2014/09/01,660.0,660.0,656.0,660.0,9000,660,0.5
2014/09/02,644.0,660.0,644.0,660.0,4000,660,0.5
2014/09/03,646.0,646.0,646.0,646.0,2000,646,0.5
2014/09/04,636.0,656.0,636.0,642.0,18000,642,0.5
2014/09/05,648.0,684.0,646.0,646.0,23000,646,0.5
2014/09/08,662.0,662.0,662.0,662.0,3000,662,0.5
2014/09/09,662.0,662.0,644.0,646.0,7000,646,0.5
2014/09/10,644.0,646.0,640.0,640.0,5000,640,0.5
2014/09/12,646.0,650.0,646.0,650.0,3000,650,0.5
2014/09/16,662.0,662.0,656.0,656.0,2000,656,0.5
2014/09/17,662.0,678.0,662.0,678.0,5000,678,0.5
2014/09/22,650.0,650.0,650.0,650.0,1000,650,0.5
2014/09/24,646.0,646.0,636.0,636.0,4000,636,0.5
2014/09/29,640.0,640.0,640.0,640.0,4000,640,0.5
2014/09/30,640.0,640.0,640.0,640.0,2000,640,0.5
2014/10/02,632.0,632.0,632.0,632.0,1000,632,0.5
2014/10/06,648.0,648.0,648.0,648.0,1000,648,0.5
2014/10/07,632.0,632.0,632.0,632.0,1000,632,0.5
2014/10/09,626.0,626.0,620.0,620.0,5000,620,0.5
2014/10/14,588.0,588.0,584.0,584.0,6000,584,0.5
2014/10/15,582.0,598.0,582.0,598.0,2000,598,0.5
2014/10/16,598.0,606.0,590.0,590.0,9000,590,0.5
2014/10/17,574.0,584.0,574.0,584.0,2000,584,0.5
2014/10/29,586.0,586.0,580.0,580.0,5000,580,0.5
2014/10/30,588.0,588.0,588.0,588.0,1000,588,0.5
2014/10/31,588.0,588.0,586.0,586.0,5000,586,0.5
2014/11/04,600.0,604.0,600.0,604.0,4000,604,0.5
2014/11/05,602.0,602.0,586.0,590.0,6000,590,0.5
2014/11/06,576.0,596.0,576.0,596.0,5000,596,0.5
2014/11/07,588.0,588.0,588.0,588.0,2000,588,0.5
2014/11/11,600.0,600.0,600.0,600.0,3000,600,0.5
2014/11/12,586.0,590.0,586.0,588.0,4000,588,0.5
2014/11/13,584.0,590.0,584.0,590.0,4000,590,0.5
2014/11/14,588.0,588.0,588.0,588.0,3000,588,0.5
2014/11/17,584.0,584.0,584.0,584.0,1000,584,0.5
2014/11/19,580.0,580.0,570.0,570.0,6000,570,0.5
2014/11/20,560.0,560.0,560.0,560.0,1000,560,0.5
2014/11/26,572.0,572.0,572.0,572.0,1000,572,0.5
2014/11/28,572.0,572.0,572.0,572.0,1000,572,0.5
2014/12/01,572.0,572.0,572.0,572.0,4000,572,0.5
2014/12/02,572.0,586.0,572.0,572.0,8000,572,0.5
2014/12/03,574.0,584.0,574.0,584.0,3000,584,0.5
2014/12/04,568.0,576.0,560.0,560.0,17000,560,0.5
2014/12/05,566.0,570.0,566.0,570.0,2000,570,0.5
2014/12/08,570.0,570.0,566.0,566.0,6000,566,0.5
2014/12/09,572.0,572.0,566.0,570.0,5000,570,0.5
2014/12/10,572.0,572.0,570.0,570.0,7000,570,0.5
2014/12/11,570.0,572.0,568.0,570.0,5000,570,0.5
2014/12/12,584.0,594.0,580.0,590.0,7000,590,0.5
2014/12/15,590.0,590.0,590.0,590.0,10000,590,0.5
2014/12/16,574.0,574.0,570.0,570.0,2000,570,0.5
2014/12/17,588.0,600.0,568.0,574.0,12000,574,0.5
2014/12/18,572.0,572.0,572.0,572.0,8000,572,0.5
2014/12/19,568.0,586.0,568.0,586.0,3000,586,0.5
2014/12/22,574.0,574.0,566.0,566.0,2000,566,0.5
2014/12/24,568.0,568.0,566.0,566.0,2000,566,0.5
2014/12/25,556.0,556.0,554.0,554.0,7000,554,0.5
2014/12/26,554.0,574.0,552.0,570.0,6000,570,0.5
2014/12/29,570.0,570.0,570.0,570.0,3000,570,0.5
2014/12/30,586.0,586.0,566.0,566.0,9000,566,0.5
2015/01/05,566.0,566.0,566.0,566.0,4000,566,0.5
2015/01/06,566.0,566.0,566.0,566.0,1000,566,0.5
2015/01/07,582.0,582.0,582.0,582.0,1000,582,0.5
2015/01/08,570.0,576.0,568.0,576.0,6000,576,0.5
2015/01/09,576.0,580.0,574.0,580.0,16000,580,0.5
2015/01/13,574.0,574.0,574.0,574.0,1000,574,0.5
2015/01/19,578.0,578.0,578.0,578.0,1000,578,0.5
2015/01/20,586.0,590.0,584.0,590.0,8000,590,0.5
2015/01/21,590.0,590.0,582.0,584.0,10000,584,0.5
2015/01/22,588.0,594.0,588.0,594.0,4000,594,0.5
2015/01/23,594.0,612.0,594.0,610.0,10000,610,0.5
2015/01/26,608.0,616.0,606.0,610.0,16000,610,0.5
2015/01/27,606.0,606.0,588.0,596.0,16000,596,0.5
2015/01/28,596.0,596.0,596.0,596.0,5000,596,0.5
2015/01/30,596.0,596.0,578.0,578.0,13000,578,0.5
2015/02/02,578.0,578.0,570.0,570.0,5000,570,0.5
2015/02/03,580.0,580.0,580.0,580.0,1000,580,0.5
2015/02/06,592.0,592.0,580.0,580.0,7000,580,0.5
2015/02/09,580.0,598.0,580.0,598.0,3000,598,0.5
2015/02/12,600.0,600.0,596.0,596.0,2000,596,0.5
2015/02/13,580.0,590.0,580.0,590.0,3000,590,0.5
2015/02/19,586.0,586.0,586.0,586.0,1000,586,0.5
2015/02/20,598.0,598.0,598.0,598.0,1000,598,0.5
2015/02/23,600.0,600.0,592.0,592.0,2000,592,0.5
2015/02/24,576.0,582.0,558.0,570.0,25000,570,0.5
2015/02/25,580.0,580.0,556.0,562.0,26000,562,0.5
2015/02/26,566.0,634.0,544.0,566.0,75000,566,0.5
2015/02/27,570.0,572.0,570.0,572.0,8000,572,0.5
2015/03/02,580.0,580.0,572.0,572.0,4000,572,0.5
2015/03/03,576.0,576.0,564.0,564.0,4000,564,0.5
2015/03/05,564.0,564.0,564.0,564.0,1000,564,0.5
2015/03/06,570.0,570.0,566.0,566.0,3000,566,0.5
2015/03/09,566.0,566.0,566.0,566.0,1000,566,0.5
2015/03/11,582.0,586.0,572.0,572.0,5000,572,0.5
2015/03/13,568.0,570.0,550.0,570.0,13000,570,0.5
2015/03/16,584.0,584.0,560.0,580.0,13000,580,0.5
2015/03/17,564.0,576.0,564.0,576.0,4000,576,0.5
2015/03/18,564.0,566.0,564.0,566.0,2000,566,0.5
2015/03/19,570.0,570.0,570.0,570.0,1000,570,0.5
2015/03/23,576.0,576.0,576.0,576.0,3000,576,0.5
2015/03/25,572.0,572.0,570.0,570.0,2000,570,0.5
2015/03/26,570.0,570.0,570.0,570.0,1000,570,0.5
2015/03/27,582.0,582.0,582.0,582.0,1000,582,0.5
2015/03/30,582.0,582.0,580.0,580.0,6000,580,0.5
2015/03/31,580.0,580.0,580.0,580.0,2000,580,0.5
2015/04/02,564.0,564.0,564.0,564.0,1000,564,0.5
2015/04/06,564.0,564.0,562.0,562.0,4000,562,0.5
2015/04/07,562.0,566.0,562.0,566.0,3000,566,0.5
2015/04/08,576.0,576.0,576.0,576.0,1000,576,0.5
2015/04/09,564.0,564.0,564.0,564.0,1000,564,0.5
2015/04/13,566.0,566.0,566.0,566.0,1000,566,0.5
2015/04/15,568.0,568.0,568.0,568.0,3000,568,0.5
2015/04/16,574.0,578.0,574.0,578.0,3000,578,0.5
2015/04/17,578.0,596.0,578.0,580.0,8000,580,0.5
2015/04/21,588.0,596.0,580.0,584.0,4000,584,0.5
2015/04/23,596.0,598.0,584.0,584.0,7000,584,0.5
2015/04/24,582.0,590.0,582.0,590.0,2000,590,0.5
2015/04/27,590.0,590.0,590.0,590.0,3000,590,0.5
2015/04/28,590.0,596.0,590.0,596.0,9000,596,0.5
2015/04/30,590.0,590.0,590.0,590.0,3000,590,0.5
2015/05/01,586.0,586.0,586.0,586.0,2000,586,0.5
2015/05/08,570.0,570.0,570.0,570.0,4000,570,0.5
2015/05/11,580.0,580.0,580.0,580.0,2000,580,0.5
2015/05/12,642.0,652.0,618.0,634.0,52000,634,0.5
2015/05/13,634.0,640.0,610.0,636.0,14000,636,0.5
2015/05/14,624.0,654.0,624.0,654.0,11000,654,0.5
2015/05/15,654.0,674.0,636.0,660.0,28000,660,0.5
2015/05/18,676.0,676.0,652.0,662.0,9000,662,0.5
2015/05/19,648.0,648.0,646.0,646.0,3000,646,0.5
2015/05/20,638.0,638.0,626.0,626.0,5000,626,0.5
2015/05/21,624.0,624.0,620.0,622.0,4000,622,0.5
2015/05/22,626.0,634.0,626.0,634.0,3000,634,0.5
2015/05/27,632.0,632.0,616.0,616.0,6000,616,0.5
2015/05/28,616.0,616.0,616.0,616.0,3000,616,0.5
2015/06/02,612.0,612.0,612.0,612.0,1000,612,0.5
2015/06/03,604.0,604.0,600.0,604.0,7000,604,0.5
2015/06/04,606.0,618.0,606.0,618.0,3000,618,0.5
2015/06/05,618.0,618.0,618.0,618.0,3000,618,0.5
2015/06/09,606.0,606.0,606.0,606.0,1000,606,0.5
2015/06/12,622.0,622.0,620.0,622.0,5000,622,0.5
2015/06/15,626.0,648.0,626.0,648.0,4000,648,0.5
2015/06/16,650.0,650.0,642.0,648.0,7000,648,0.5
2015/06/17,646.0,648.0,642.0,642.0,7000,642,0.5
2015/06/18,626.0,626.0,626.0,626.0,2000,626,0.5
2015/06/19,638.0,638.0,630.0,630.0,2000,630,0.5
2015/06/22,630.0,630.0,630.0,630.0,1000,630,0.5
2015/06/24,646.0,646.0,646.0,646.0,1000,646,0.5
2015/06/25,642.0,650.0,642.0,644.0,9000,644,0.5
2015/06/29,644.0,644.0,638.0,644.0,4000,644,0.5
2015/06/30,640.0,668.0,640.0,668.0,17000,668,0.5
2015/07/01,666.0,666.0,648.0,648.0,14000,648,0.5
2015/07/02,662.0,680.0,658.0,678.0,14000,678,0.5
2015/07/03,662.0,694.0,662.0,694.0,27000,694,0.5
2015/07/06,688.0,688.0,662.0,666.0,11000,666,0.5
2015/07/07,664.0,680.0,654.0,670.0,11000,670,0.5
2015/07/08,656.0,656.0,640.0,640.0,7000,640,0.5
2015/07/09,636.0,636.0,632.0,632.0,4000,632,0.5
2015/07/10,640.0,640.0,640.0,640.0,4000,640,0.5
2015/07/13,650.0,650.0,646.0,646.0,2000,646,0.5
2015/07/14,648.0,666.0,642.0,656.0,23000,656,0.5
2015/07/15,670.0,688.0,664.0,688.0,21000,688,0.5
2015/07/16,688.0,726.0,688.0,712.0,37000,712,0.5
2015/07/17,712.0,712.0,682.0,708.0,17000,708,0.5
2015/07/21,716.0,736.0,700.0,720.0,6000,720,0.5
2015/07/22,738.0,786.0,738.0,780.0,35000,780,0.5
2015/07/23,800.0,886.0,800.0,886.0,55000,886,0.5
2015/07/24,870.0,888.0,834.0,888.0,31000,888,0.5
2015/07/27,880.0,884.0,852.0,854.0,10000,854,0.5
2015/07/28,840.0,840.0,792.0,792.0,12000,792,0.5
2015/07/29,792.0,796.0,748.0,796.0,17000,796,0.5
2015/07/30,796.0,804.0,796.0,804.0,2000,804,0.5
2015/07/31,804.0,804.0,804.0,804.0,1000,804,0.5
2015/08/03,796.0,796.0,766.0,780.0,4000,780,0.5
2015/08/04,772.0,772.0,750.0,750.0,7000,750,0.5
2015/08/05,760.0,776.0,760.0,776.0,2000,776,0.5
2015/08/10,760.0,804.0,730.0,804.0,6000,804,0.5
2015/08/11,798.0,800.0,798.0,800.0,5000,800,0.5
2015/08/12,790.0,800.0,780.0,800.0,6000,800,0.5
2015/08/18,762.0,762.0,744.0,756.0,14000,756,0.5
2015/08/19,740.0,740.0,730.0,730.0,6000,730,0.5
2015/08/20,730.0,730.0,730.0,730.0,1000,730,0.5
2015/08/21,704.0,710.0,690.0,690.0,4000,690,0.5
2015/08/24,666.0,666.0,630.0,630.0,11000,630,0.5
2015/08/25,600.0,654.0,590.0,654.0,7000,654,0.5
2015/08/26,668.0,710.0,668.0,710.0,4000,710,0.5
2015/08/27,702.0,702.0,702.0,702.0,1000,702,0.5
2015/08/28,702.0,704.0,700.0,700.0,6000,700,0.5
2015/08/31,678.0,692.0,678.0,692.0,2000,692,0.5
2015/09/01,690.0,690.0,690.0,690.0,1000,690,0.5
2015/09/02,666.0,666.0,666.0,666.0,1000,666,0.5
2015/09/07,666.0,666.0,666.0,666.0,1000,666,0.5
2015/09/09,650.0,654.0,650.0,654.0,4000,654,0.5
2015/09/10,646.0,646.0,630.0,630.0,2000,630,0.5
2015/09/11,660.0,660.0,660.0,660.0,2000,660,0.5
2015/09/15,644.0,692.0,644.0,692.0,5000,692,0.5
2015/09/16,660.0,660.0,660.0,660.0,1000,660,0.5
2015/09/17,644.0,644.0,644.0,644.0,1000,644,0.5
2015/09/18,666.0,666.0,666.0,666.0,1000,666,0.5
2015/09/25,646.0,646.0,638.0,638.0,3000,638,0.5
2015/09/29,638.0,638.0,606.0,610.0,7000,610,0.5
2015/09/30,604.0,604.0,604.0,604.0,1000,604,0.5
2015/10/01,604.0,636.0,604.0,610.0,6000,610,0.5
2015/10/02,610.0,610.0,564.0,592.0,16000,592,0.5
2015/10/05,610.0,612.0,598.0,598.0,4000,598,0.5
2015/10/07,610.0,610.0,610.0,610.0,1000,610,0.5
2015/10/08,610.0,610.0,590.0,590.0,8000,590,0.5
2015/10/09,608.0,618.0,602.0,602.0,6000,602,0.5
2015/10/14,618.0,618.0,618.0,618.0,1000,618,0.5
2015/10/15,602.0,618.0,602.0,618.0,6000,618,0.5
2015/10/16,616.0,622.0,616.0,620.0,3000,620,0.5
2015/10/19,608.0,608.0,600.0,600.0,5000,600,0.5
2015/10/21,602.0,602.0,598.0,598.0,3000,598,0.5
2015/10/22,610.0,610.0,610.0,610.0,2000,610,0.5
2015/10/23,610.0,610.0,606.0,606.0,6000,606,0.5
2015/10/26,610.0,610.0,610.0,610.0,1000,610,0.5
2015/10/28,610.0,610.0,590.0,594.0,8000,594,0.5
2015/10/29,594.0,594.0,590.0,590.0,7000,590,0.5
2015/10/30,580.0,584.0,580.0,584.0,3000,584,0.5
2015/11/04,608.0,610.0,588.0,588.0,4000,588,0.5
2015/11/05,588.0,588.0,588.0,588.0,1000,588,0.5
2015/11/06,584.0,586.0,584.0,586.0,3000,586,0.5
2015/11/10,618.0,646.0,618.0,646.0,7000,646,0.5
2015/11/11,614.0,614.0,610.0,612.0,9000,612,0.5
2015/11/12,612.0,612.0,612.0,612.0,2000,612,0.5
2015/11/13,610.0,610.0,610.0,610.0,4000,610,0.5
2015/11/16,604.0,604.0,604.0,604.0,3000,604,0.5
2015/11/17,602.0,602.0,602.0,602.0,2000,602,0.5
2015/11/18,598.0,598.0,598.0,598.0,3000,598,0.5
2015/11/19,614.0,712.0,614.0,630.0,47000,630,0.5
2015/11/20,678.0,678.0,668.0,668.0,8000,668,0.5
2015/11/24,666.0,666.0,636.0,638.0,6000,638,0.5
2015/11/25,652.0,660.0,638.0,642.0,5000,642,0.5
2015/11/26,650.0,650.0,640.0,640.0,2000,640,0.5
2015/11/30,640.0,640.0,634.0,634.0,5000,634,0.5
2015/12/01,634.0,640.0,630.0,630.0,3000,630,0.5
2015/12/02,640.0,684.0,640.0,646.0,8000,646,0.5
2015/12/03,650.0,650.0,650.0,650.0,3000,650,0.5
2015/12/04,642.0,642.0,640.0,640.0,2000,640,0.5
2015/12/07,640.0,650.0,636.0,636.0,4000,636,0.5
2015/12/08,628.0,628.0,624.0,624.0,6000,624,0.5
2015/12/09,640.0,648.0,640.0,648.0,2000,648,0.5
2015/12/11,644.0,644.0,620.0,622.0,8000,622,0.5
2015/12/14,616.0,616.0,616.0,616.0,1000,616,0.5
2015/12/15,626.0,626.0,626.0,626.0,2000,626,0.5
2015/12/16,626.0,626.0,626.0,626.0,8000,626,0.5
2015/12/18,610.0,610.0,610.0,610.0,1000,610,0.5
2015/12/21,610.0,610.0,602.0,602.0,5000,602,0.5
2015/12/22,604.0,606.0,604.0,606.0,3000,606,0.5
2015/12/24,590.0,598.0,586.0,586.0,12000,586,0.5
2015/12/25,584.0,584.0,580.0,584.0,7000,584,0.5
2015/12/30,604.0,604.0,584.0,588.0,9000,588,0.5
2016/01/04,604.0,652.0,604.0,640.0,9000,640,0.5
2016/01/06,620.0,620.0,620.0,620.0,1000,620,0.5
2016/01/07,606.0,606.0,606.0,606.0,2000,606,0.5
2016/01/12,602.0,602.0,584.0,584.0,4000,584,0.5
2016/01/13,584.0,584.0,584.0,584.0,1000,584,0.5
2016/01/14,580.0,580.0,524.0,540.0,17000,540,0.5
2016/01/15,556.0,556.0,540.0,542.0,4000,542,0.5
2016/01/18,556.0,556.0,540.0,540.0,3000,540,0.5
2016/01/21,522.0,522.0,520.0,520.0,5000,520,0.5
2016/01/22,520.0,530.0,520.0,530.0,3000,530,0.5
2016/01/25,530.0,532.0,530.0,532.0,4000,532,0.5
2016/01/28,536.0,536.0,536.0,536.0,2000,536,0.5
2016/01/29,536.0,538.0,536.0,536.0,3000,536,0.5
2016/02/01,544.0,558.0,544.0,558.0,3000,558,0.5
2016/02/02,538.0,538.0,538.0,538.0,1000,538,0.5
2016/02/03,532.0,532.0,532.0,532.0,1000,532,0.5
2016/02/05,532.0,532.0,532.0,532.0,1000,532,0.5
2016/02/10,470.0,492.0,468.0,492.0,4000,492,0.5
2016/02/16,508.0,508.0,508.0,508.0,1000,508,0.5
2016/02/18,522.0,576.0,522.0,576.0,13000,576,0.5
2016/02/19,592.0,596.0,592.0,596.0,6000,596,0.5
2016/02/22,564.0,568.0,564.0,568.0,2000,568,0.5
2016/02/23,596.0,596.0,596.0,596.0,1000,596,0.5
2016/02/25,600.0,600.0,600.0,600.0,1000,600,0.5
2016/02/29,614.0,620.0,604.0,620.0,4000,620,0.5
2016/03/01,620.0,620.0,620.0,620.0,3000,620,0.5
2016/03/02,604.0,604.0,604.0,604.0,2000,604,0.5
2016/03/03,604.0,604.0,604.0,604.0,2000,604,0.5
2016/03/07,630.0,630.0,616.0,616.0,3000,616,0.5
2016/03/08,616.0,616.0,616.0,616.0,2000,616,0.5
2016/03/14,638.0,638.0,634.0,634.0,5000,634,0.5
2016/03/16,626.0,626.0,594.0,594.0,5000,594,0.5
2016/03/22,618.0,618.0,618.0,618.0,1000,618,0.5
2016/03/23,620.0,620.0,618.0,618.0,2000,618,0.5
2016/03/24,616.0,626.0,616.0,626.0,3000,626,0.5
2016/03/25,626.0,626.0,626.0,626.0,3000,626,0.5
2016/03/28,626.0,626.0,626.0,626.0,2000,626,0.5
2016/03/29,616.0,650.0,616.0,630.0,10000,630,0.5
2016/03/30,630.0,630.0,614.0,614.0,2000,614,0.5
2016/04/05,582.0,582.0,582.0,582.0,1000,582,0.5
2016/04/06,566.0,566.0,564.0,564.0,2000,564,0.5
2016/04/07,562.0,562.0,562.0,562.0,1000,562,0.5
2016/04/08,592.0,592.0,592.0,592.0,1000,592,0.5
2016/04/13,570.0,570.0,570.0,570.0,1000,570,0.5
2016/04/14,602.0,602.0,602.0,602.0,1000,602,0.5
2016/04/18,584.0,584.0,584.0,584.0,1000,584,0.5
2016/04/20,586.0,586.0,586.0,586.0,1000,586,0.5
2016/04/26,590.0,590.0,590.0,590.0,1000,590,0.5
2016/04/28,590.0,592.0,590.0,590.0,3000,590,0.5
2016/05/02,608.0,608.0,608.0,608.0,3000,608,0.5
2016/05/06,606.0,606.0,606.0,606.0,1000,606,0.5
2016/05/10,590.0,590.0,590.0,590.0,1000,590,0.5
2016/05/11,596.0,596.0,596.0,596.0,1000,596,0.5
2016/05/12,606.0,606.0,606.0,606.0,2000,606,0.5
2016/05/16,622.0,622.0,622.0,622.0,2000,622,0.5
2016/05/20,572.0,572.0,570.0,572.0,9000,572,0.5
2016/05/23,574.0,580.0,574.0,578.0,4000,578,0.5
2016/05/24,578.0,578.0,578.0,578.0,1000,578,0.5
2016/05/25,580.0,580.0,580.0,580.0,1000,580,0.5
2016/05/27,592.0,592.0,592.0,592.0,1000,592,0.5
2016/05/30,592.0,592.0,592.0,592.0,2000,592,0.5
2016/06/06,590.0,590.0,590.0,590.0,1000,590,0.5
2016/06/09,562.0,562.0,562.0,562.0,2000,562,0.5
2016/06/13,562.0,562.0,560.0,560.0,3000,560,0.5
2016/06/14,554.0,554.0,554.0,554.0,1000,554,0.5
2016/06/15,552.0,552.0,552.0,552.0,2000,552,0.5
2016/06/16,550.0,550.0,510.0,512.0,8000,512,0.5
2016/06/17,528.0,528.0,520.0,520.0,3000,520,0.5
2016/06/21,536.0,578.0,536.0,578.0,4000,578,0.5
2016/06/22,544.0,544.0,544.0,544.0,1000,544,0.5
2016/06/23,574.0,574.0,558.0,558.0,2000,558,0.5
2016/06/24,558.0,558.0,520.0,520.0,2000,520,0.5
2016/07/05,538.0,558.0,538.0,556.0,4000,556,0.5
2016/07/06,556.0,556.0,556.0,556.0,3000,556,0.5
2016/07/07,550.0,550.0,550.0,550.0,1000,550,0.5
2016/07/08,562.0,562.0,562.0,562.0,1000,562,0.5
2016/07/11,570.0,572.0,570.0,572.0,2000,572,0.5
2016/07/12,578.0,578.0,568.0,568.0,3000,568,0.5
2016/07/13,578.0,578.0,578.0,578.0,2000,578,0.5
2016/07/14,576.0,578.0,570.0,570.0,3000,570,0.5
2016/07/15,570.0,570.0,570.0,570.0,1000,570,0.5
2016/07/19,574.0,588.0,574.0,588.0,6000,588,0.5
2016/07/20,588.0,596.0,588.0,590.0,10000,590,0.5
2016/07/21,590.0,610.0,590.0,594.0,19000,594,0.5
2016/07/22,600.0,600.0,590.0,600.0,3000,600,0.5
2016/07/25,600.0,600.0,588.0,588.0,7000,588,0.5
2016/07/27,582.0,606.0,582.0,604.0,6000,604,0.5
2016/07/28,604.0,604.0,604.0,604.0,3000,604,0.5
2016/07/29,590.0,590.0,590.0,590.0,1000,590,0.5
2016/08/02,580.0,580.0,580.0,580.0,3000,580,0.5
2016/08/03,590.0,590.0,590.0,590.0,2000,590,0.5
2016/08/05,590.0,590.0,590.0,590.0,3000,590,0.5
2016/08/08,574.0,576.0,574.0,576.0,2000,576,0.5
2016/08/16,568.0,568.0,568.0,568.0,1000,568,0.5
2016/08/18,572.0,572.0,572.0,572.0,1000,572,0.5
2016/08/19,570.0,570.0,570.0,570.0,1000,570,0.5
2016/08/22,574.0,574.0,574.0,574.0,1000,574,0.5
2016/08/24,576.0,580.0,576.0,580.0,4000,580,0.5
2016/08/25,574.0,578.0,572.0,578.0,3000,578,0.5
2016/08/26,580.0,580.0,580.0,580.0,7000,580,0.5
2016/08/31,580.0,580.0,580.0,580.0,2000,580,0.5
2016/09/02,586.0,586.0,586.0,586.0,1000,586,0.5
2016/09/05,586.0,586.0,580.0,580.0,2000,580,0.5
2016/09/06,596.0,596.0,596.0,596.0,1000,596,0.5
2016/09/12,594.0,594.0,594.0,594.0,2000,594,0.5
2016/09/13,610.0,614.0,610.0,614.0,2000,614,0.5
2016/09/14,608.0,608.0,608.0,608.0,5000,608,0.5
2016/09/16,604.0,604.0,604.0,604.0,1000,604,0.5
2016/09/20,604.0,604.0,604.0,604.0,1000,604,0.5
2016/09/23,618.0,618.0,618.0,618.0,1000,618,0.5
2016/09/26,620.0,620.0,610.0,610.0,7000,610,0.5
2016/09/27,600.0,602.0,600.0,602.0,2000,602,0.5
2016/09/28,602.0,602.0,596.0,596.0,4000,596,0.5
2016/09/30,604.0,608.0,604.0,608.0,3000,608,0.5
2016/10/04,622.0,622.0,622.0,622.0,2000,622,0.5
2016/10/05,622.0,622.0,622.0,622.0,2000,622,0.5
2016/10/11,602.0,602.0,602.0,602.0,1000,602,0.5
2016/10/12,600.0,600.0,596.0,596.0,3000,596,0.5
2016/10/17,612.0,612.0,612.0,612.0,2000,612,0.5
2016/10/20,616.0,616.0,616.0,616.0,1000,616,0.5
2016/10/24,632.0,632.0,632.0,632.0,1000,632,0.5
2016/10/27,616.0,616.0,612.0,612.0,2000,612,0.5
2016/10/28,628.0,628.0,612.0,612.0,7000,612,0.5
2016/11/04,604.0,604.0,604.0,604.0,1000,604,0.5
2016/11/14,604.0,604.0,588.0,598.0,3000,598,0.5
2016/11/18,588.0,600.0,588.0,598.0,6000,598,0.5
2016/11/21,598.0,598.0,598.0,598.0,1000,598,0.5
2016/11/22,586.0,632.0,586.0,632.0,8000,632,0.5
2016/11/24,610.0,610.0,606.0,606.0,9000,606,0.5
2016/11/29,612.0,622.0,610.0,622.0,8000,622,0.5
2016/11/30,622.0,622.0,622.0,622.0,2000,622,0.5
2016/12/01,610.0,620.0,608.0,608.0,3000,608,0.5
2016/12/02,624.0,624.0,624.0,624.0,2000,624,0.5
2016/12/05,624.0,624.0,612.0,612.0,3000,612,0.5
2016/12/06,610.0,610.0,610.0,610.0,1000,610,0.5
2016/12/08,626.0,630.0,626.0,626.0,8000,626,0.5
2016/12/09,628.0,628.0,628.0,628.0,1000,628,0.5
2016/12/12,624.0,624.0,624.0,624.0,2000,624,0.5
2016/12/14,634.0,634.0,634.0,634.0,4000,634,0.5
2016/12/15,650.0,668.0,642.0,660.0,15000,660,0.5
2016/12/16,678.0,688.0,672.0,680.0,10000,680,0.5
2016/12/19,700.0,748.0,696.0,748.0,66000,748,0.5
2016/12/20,748.0,810.0,748.0,748.0,51000,748,0.5
2016/12/21,748.0,782.0,670.0,670.0,31000,670,0.5
2016/12/22,660.0,670.0,660.0,670.0,3000,670,0.5
2016/12/26,700.0,702.0,692.0,692.0,11000,692,0.5
2016/12/27,748.0,756.0,730.0,730.0,11000,730,0.5
2016/12/28,720.0,720.0,700.0,700.0,13000,700,0.5
2016/12/29,700.0,700.0,690.0,690.0,5000,690,0.5
2016/12/30,700.0,734.0,700.0,734.0,8000,734,0.5
2017/01/04,750.0,766.0,730.0,750.0,7000,750,0.5
2017/01/06,742.0,764.0,740.0,762.0,7000,762,0.5
2017/01/10,770.0,770.0,770.0,770.0,1000,770,0.5
2017/01/11,744.0,760.0,726.0,760.0,10000,760,0.5
2017/01/12,734.0,734.0,734.0,734.0,1000,734,0.5
2017/01/13,718.0,732.0,718.0,732.0,14000,732,0.5
2017/01/16,722.0,722.0,718.0,718.0,5000,718,0.5
2017/01/17,706.0,706.0,706.0,706.0,1000,706,0.5
2017/01/18,702.0,702.0,700.0,700.0,2000,700,0.5
2017/01/20,710.0,710.0,710.0,710.0,4000,710,0.5
2017/01/23,742.0,742.0,714.0,722.0,8000,722,0.5
2017/01/24,714.0,738.0,714.0,736.0,5000,736,0.5
2017/01/25,734.0,734.0,714.0,722.0,6000,722,0.5
2017/01/26,724.0,724.0,724.0,724.0,1000,724,0.5
2017/01/30,730.0,734.0,724.0,724.0,7000,724,0.5
2017/01/31,724.0,724.0,710.0,710.0,3000,710,0.5
2017/02/01,710.0,724.0,710.0,712.0,6000,712,0.5
2017/02/02,710.0,710.0,710.0,710.0,1000,710,0.5
2017/02/06,730.0,730.0,716.0,716.0,4000,716,0.5
2017/02/07,716.0,716.0,716.0,716.0,1000,716,0.5
2017/02/08,702.0,702.0,702.0,702.0,4000,702,0.5
2017/02/10,724.0,724.0,708.0,708.0,4000,708,0.5
2017/02/14,700.0,700.0,700.0,700.0,2000,700,0.5
2017/02/15,702.0,702.0,702.0,702.0,1000,702,0.5
2017/02/16,702.0,702.0,702.0,702.0,5000,702,0.5
2017/02/17,702.0,702.0,702.0,702.0,3000,702,0.5
2017/02/21,718.0,718.0,704.0,704.0,4000,704,0.5
2017/02/22,720.0,722.0,720.0,720.0,4000,720,0.5
2017/02/23,736.0,770.0,736.0,770.0,21000,770,0.5
2017/02/24,770.0,776.0,760.0,760.0,11000,760,0.5
2017/02/27,750.0,776.0,750.0,776.0,2000,776,0.5
2017/02/28,776.0,776.0,770.0,770.0,4000,770,0.5
2017/03/01,768.0,774.0,768.0,774.0,5000,774,0.5
2017/03/03,770.0,820.0,770.0,820.0,40000,820,0.5
2017/03/06,824.0,830.0,798.0,798.0,11000,798,0.5
2017/03/07,798.0,804.0,798.0,804.0,3000,804,0.5
2017/03/08,826.0,826.0,798.0,798.0,6000,798,0.5
2017/03/09,800.0,848.0,800.0,848.0,39000,848,0.5
2017/03/10,824.0,848.0,824.0,848.0,5000,848,0.5
2017/03/13,860.0,874.0,828.0,828.0,6000,828,0.5
2017/03/14,822.0,824.0,822.0,824.0,3000,824,0.5
2017/03/15,828.0,828.0,826.0,826.0,4000,826,0.5
2017/03/16,810.0,810.0,784.0,798.0,14000,798,0.5
2017/03/17,800.0,800.0,782.0,782.0,9000,782,0.5
2017/03/22,780.0,780.0,780.0,780.0,1000,780,0.5
2017/03/23,798.0,802.0,798.0,802.0,13000,802,0.5
2017/03/24,802.0,802.0,802.0,802.0,2000,802,0.5
2017/03/27,800.0,800.0,800.0,800.0,2000,800,0.5
2017/03/28,800.0,800.0,784.0,784.0,4000,784,0.5
2017/03/29,778.0,782.0,778.0,780.0,6000,780,0.5
2017/03/30,768.0,768.0,764.0,764.0,5000,764,0.5
2017/03/31,788.0,788.0,764.0,764.0,7000,764,0.5
2017/04/03,780.0,782.0,770.0,770.0,4000,770,0.5
2017/04/04,760.0,760.0,760.0,760.0,3000,760,0.5
2017/04/05,764.0,764.0,762.0,762.0,3000,762,0.5
2017/04/06,774.0,808.0,774.0,800.0,43000,800,0.5
2017/04/07,800.0,862.0,800.0,818.0,41000,818,0.5
2017/04/10,860.0,860.0,850.0,850.0,5000,850,0.5
2017/04/11,850.0,850.0,832.0,840.0,7000,840,0.5
2017/04/12,834.0,850.0,832.0,850.0,10000,850,0.5
2017/04/13,840.0,840.0,840.0,840.0,2000,840,0.5
2017/04/14,832.0,872.0,832.0,872.0,13000,872,0.5
2017/04/19,852.0,852.0,852.0,852.0,1000,852,0.5
2017/04/20,860.0,860.0,860.0,860.0,2000,860,0.5
2017/04/21,856.0,856.0,856.0,856.0,2000,856,0.5
2017/04/24,842.0,850.0,842.0,848.0,13000,848,0.5
2017/04/25,850.0,860.0,844.0,844.0,19000,844,0.5
2017/04/26,848.0,856.0,848.0,856.0,8000,856,0.5
2017/04/27,844.0,844.0,844.0,844.0,1000,844,0.5
2017/04/28,850.0,850.0,850.0,850.0,1000,850,0.5
2017/05/01,866.0,866.0,850.0,850.0,2000,850,0.5
2017/05/02,850.0,856.0,850.0,856.0,3000,856,0.5
2017/05/08,874.0,880.0,874.0,880.0,5000,880,0.5
2017/05/09,880.0,880.0,856.0,866.0,13000,866,0.5
2017/05/10,870.0,870.0,870.0,870.0,1000,870,0.5
2017/05/11,918.0,1026.0,906.0,936.0,140000,936,0.5
2017/05/12,936.0,936.0,898.0,918.0,26000,918,0.5
2017/05/15,932.0,986.0,932.0,960.0,8000,960,0.5
2017/05/16,964.0,990.0,964.0,984.0,21000,984,0.5
2017/05/17,980.0,980.0,972.0,972.0,5000,972,0.5
2017/05/18,966.0,978.0,964.0,964.0,10000,964,0.5
2017/05/19,964.0,972.0,964.0,972.0,4000,972,0.5
2017/05/22,968.0,990.0,962.0,974.0,12000,974,0.5
2017/05/23,974.0,974.0,970.0,970.0,2000,970,0.5
2017/05/24,966.0,988.0,966.0,988.0,7000,988,0.5
2017/05/25,1008.0,1008.0,1008.0,1008.0,4000,1008,0.5
2017/05/26,1010.0,1016.0,1002.0,1016.0,9000,1016,0.5
2017/05/29,1016.0,1016.0,1000.0,1010.0,3000,1010,0.5
2017/05/30,1010.0,1010.0,958.0,958.0,3000,958,0.5
2017/05/31,958.0,958.0,952.0,956.0,3000,956,0.5
2017/06/01,970.0,986.0,970.0,986.0,2000,986,0.5
2017/06/02,996.0,996.0,996.0,996.0,1000,996,0.5
2017/06/05,964.0,974.0,964.0,974.0,4000,974,0.5
2017/06/06,970.0,984.0,968.0,984.0,5000,984,0.5
2017/06/07,968.0,972.0,936.0,954.0,26000,954,0.5
2017/06/08,938.0,952.0,934.0,934.0,4000,934,0.5
2017/06/09,940.0,972.0,932.0,970.0,8000,970,0.5
2017/06/12,960.0,970.0,960.0,964.0,3000,964,0.5
2017/06/13,960.0,960.0,950.0,950.0,4000,950,0.5
2017/06/14,940.0,956.0,940.0,956.0,3000,956,0.5
2017/06/15,946.0,946.0,934.0,934.0,8000,934,0.5
2017/06/16,946.0,946.0,920.0,920.0,6000,920,0.5
2017/06/19,936.0,942.0,926.0,932.0,5000,932,0.5
2017/06/20,938.0,938.0,936.0,938.0,4000,938,0.5
2017/06/21,940.0,940.0,930.0,930.0,3000,930,0.5
2017/06/22,940.0,942.0,940.0,940.0,4000,940,0.5
2017/06/23,942.0,956.0,932.0,956.0,4000,956,0.5
2017/06/26,940.0,940.0,926.0,928.0,10000,928,0.5
2017/06/27,944.0,944.0,932.0,932.0,2000,932,0.5
2017/06/28,944.0,944.0,932.0,932.0,2000,932,0.5
2017/06/29,932.0,932.0,932.0,932.0,4000,932,0.5
2017/06/30,964.0,988.0,964.0,984.0,15000,984,0.5
2017/07/03,984.0,1020.0,984.0,1002.0,24000,1002,0.5
2017/07/04,982.0,982.0,978.0,978.0,3000,978,0.5
2017/07/05,974.0,974.0,974.0,974.0,3000,974,0.5
2017/07/06,962.0,964.0,962.0,962.0,7000,962,0.5
2017/07/07,980.0,980.0,980.0,980.0,4000,980,0.5
2017/07/10,996.0,996.0,980.0,980.0,2000,980,0.5
2017/07/11,982.0,998.0,982.0,996.0,9000,996,0.5
2017/07/12,992.0,992.0,992.0,992.0,1000,992,0.5
2017/07/13,990.0,990.0,980.0,980.0,8000,980,0.5
2017/07/14,984.0,984.0,984.0,984.0,1000,984,0.5
2017/07/18,984.0,984.0,984.0,984.0,10000,984,0.5
2017/07/19,976.0,976.0,976.0,976.0,2000,976,0.5
2017/07/20,962.0,970.0,962.0,970.0,2000,970,0.5
2017/07/21,962.0,962.0,962.0,962.0,1000,962,0.5
2017/07/25,962.0,974.0,962.0,974.0,3000,974,0.5
2017/07/26,978.0,980.0,978.0,980.0,3000,980,0.5
2017/07/27,980.0,1002.0,980.0,1002.0,10000,1002,0.5
2017/07/28,1002.0,1004.0,1002.0,1002.0,3000,1002,0.5
2017/07/31,1016.0,1016.0,1008.0,1008.0,2000,1008,0.5
2017/08/01,998.0,998.0,980.0,980.0,5000,980,0.5
2017/08/02,948.0,948.0,948.0,948.0,6000,948,0.5
2017/08/03,950.0,950.0,948.0,948.0,5000,948,0.5
2017/08/04,940.0,940.0,936.0,936.0,3000,936,0.5
2017/08/07,950.0,950.0,942.0,942.0,4000,942,0.5
2017/08/09,952.0,954.0,952.0,954.0,4000,954,0.5
2017/08/10,962.0,1028.0,962.0,1028.0,17000,1028,0.5
2017/08/14,940.0,950.0,940.0,950.0,5000,950,0.5
2017/08/15,962.0,966.0,952.0,954.0,4000,954,0.5
2017/08/18,954.0,954.0,952.0,952.0,3000,952,0.5
2017/08/21,960.0,960.0,948.0,948.0,6000,948,0.5
2017/08/22,940.0,940.0,940.0,940.0,2000,940,0.5
2017/08/23,938.0,948.0,936.0,948.0,5000,948,0.5
2017/08/24,946.0,946.0,946.0,946.0,6000,946,0.5
2017/08/28,940.0,940.0,940.0,940.0,8000,940,0.5
2017/08/31,924.0,924.0,924.0,924.0,3000,924,0.5
2017/09/01,920.0,930.0,920.0,930.0,4000,930,0.5
2017/09/05,930.0,930.0,930.0,930.0,1000,930,0.5
2017/09/07,920.0,920.0,920.0,920.0,2000,920,0.5
2017/09/08,920.0,920.0,920.0,920.0,1000,920,0.5
2017/09/11,914.0,914.0,914.0,914.0,1000,914,0.5
2017/09/12,918.0,926.0,918.0,926.0,2000,926,0.5
2017/09/13,930.0,930.0,930.0,930.0,2000,930,0.5
2017/09/15,930.0,930.0,930.0,930.0,1000,930,0.5
2017/09/20,950.0,950.0,940.0,940.0,5000,940,0.5
2017/09/25,950.0,998.0,950.0,998.0,15000,998,0.5
2017/09/26,998.0,998.0,982.0,982.0,8000,982,0.5
2017/09/27,997,1042,991,1008,1700,1008,1
2017/09/28,1000,1005,1000,1005,3300,1005,1
2017/09/29,1003,1007,990,990,2000,990,1
2017/10/02,1000,1000,999,999,200,999,1
2017/10/03,1012,1039,1005,1005,1200,1005,1
2017/10/04,1005,1005,1000,1000,1200,1000,1
2017/10/05,1000,1000,980,999,1100,999,1
2017/10/10,999,999,997,998,800,998,1
2017/10/11,970,972,959,961,2400,961,1
2017/10/12,961,961,961,961,200,961,1
2017/10/13,960,960,960,960,100,960,1
2017/10/16,960,969,960,969,1300,969,1
2017/10/17,960,960,950,950,1300,950,1
2017/10/18,961,961,944,945,2300,945,1
2017/10/19,944,948,943,948,1300,948,1
2017/10/23,948,959,944,944,4100,944,1
2017/10/24,944,955,944,955,900,955,1
2017/10/25,951,951,951,951,400,951,1
2017/10/26,958,958,958,958,100,958,1
2017/10/27,955,957,946,946,700,946,1
2017/10/30,956,956,956,956,100,956,1
2017/10/31,956,962,956,962,600,962,1
2017/11/01,962,962,956,956,1100,956,1
2017/11/02,955,965,955,956,2100,956,1
2017/11/06,955,956,955,955,2400,955,1
2017/11/07,955,966,955,958,1900,958,1
2017/11/08,962,965,962,965,1000,965,1
2017/11/09,969,987,968,985,3300,985,1
2017/11/10,960,982,960,982,1000,982,1
2017/11/13,982,990,981,981,3400,981,1
2017/11/14,980,998,969,998,2800,998,1
2017/11/15,970,970,970,970,500,970,1
2017/11/16,969,978,964,978,1600,978,1
2017/11/17,991,991,968,968,900,968,1
2017/11/20,969,969,969,969,600,969,1
2017/11/21,940,948,939,940,9200,940,1
2017/11/22,940,946,939,946,2100,946,1
2017/11/24,956,1020,956,990,14700,990,1
2017/11/27,990,992,972,990,2500,990,1
2017/11/28,990,993,978,988,1100,988,1
2017/11/29,968,986,968,986,800,986,1
2017/11/30,967,967,967,967,200,967,1
2017/12/01,962,983,962,983,700,983,1
2017/12/04,986,986,982,984,2900,984,1
2017/12/05,989,999,989,999,1300,999,1
2017/12/06,986,999,986,986,900,986,1
2017/12/07,989,990,985,985,2300,985,1
2017/12/08,985,995,985,995,1300,995,1
2017/12/11,993,993,993,993,600,993,1
2017/12/12,985,985,981,981,1900,981,1
2017/12/13,989,990,982,990,1000,990,1
2017/12/14,988,988,988,988,200,988,1
2017/12/15,988,988,988,988,2300,988,1
2017/12/18,982,987,981,981,800,981,1
2017/12/19,988,995,988,995,3600,995,1
2017/12/20,993,993,993,993,400,993,1
2017/12/21,995,995,995,995,600,995,1
2017/12/22,997,997,992,997,400,997,1
2017/12/25,971,980,971,980,8200,980,1
2017/12/26,990,994,990,991,1700,991,1
2017/12/27,994,994,993,993,800,993,1
2017/12/28,993,994,983,994,1200,994,1
2017/12/29,995,995,995,995,2400,995,1
2018/01/04,999,999,994,997,3900,997,1
2018/01/05,999,1020,998,1019,14300,1019,1
2018/01/09,1025,1039,1003,1034,6600,1034,1
2018/01/10,1022,1031,1011,1029,2000,1029,1
2018/01/11,1013,1014,1011,1014,6600,1014,1
2018/01/12,1028,1040,1028,1040,3600,1040,1
2018/01/15,1019,1019,1011,1011,4500,1011,1
2018/01/16,1014,1034,1011,1011,2200,1011,1
2018/01/17,1033,1033,1011,1011,2300,1011,1
2018/01/18,1012,1012,1012,1012,300,1012,1
2018/01/19,1001,1021,1001,1005,4000,1005,1
2018/01/22,1004,1019,1001,1014,2800,1014,1
2018/01/23,1002,1002,1002,1002,400,1002,1
2018/01/24,1000,1000,999,999,2000,999,1
2018/01/25,1000,1011,1000,1000,1300,1000,1
2018/01/26,998,998,980,982,2500,982,1
2018/01/29,982,982,970,982,2700,982,1
2018/01/30,982,983,982,983,200,983,1
2018/01/31,992,1000,992,995,700,995,1
2018/02/01,981,981,974,974,1200,974,1
2018/02/02,977,980,974,974,1900,974,1
2018/02/05,974,974,960,960,1000,960,1
2018/02/06,941,941,920,923,4100,923,1
2018/02/07,959,959,923,929,4200,929,1
2018/02/08,929,929,920,921,3400,921,1
2018/02/09,891,891,850,870,4500,870,1
2018/02/13,872,889,872,878,1500,878,1
2018/02/14,908,908,863,876,1400,876,1
2018/02/15,863,924,863,922,3300,922,1
2018/02/16,933,940,919,919,2100,919,1
2018/02/19,917,940,916,938,1500,938,1
2018/02/20,940,945,940,945,700,945,1
2018/02/21,946,974,946,946,3400,946,1
2018/02/23,931,974,931,974,3500,974,1
2018/02/26,970,970,970,970,700,970,1
2018/02/27,940,970,940,950,2000,950,1
2018/02/28,950,963,950,961,600,961,1
2018/03/01,961,996,960,996,6900,996,1
2018/03/02,996,996,989,989,1200,989,1
2018/03/05,990,990,946,950,1400,950,1
2018/03/06,952,996,952,966,1100,966,1
2018/03/07,1116,1116,1116,1116,37400,1116,1
2018/03/08,1416,1416,1416,1416,21200,1416,1
2018/03/09,1586,1650,1286,1341,440400,1341,1
2018/03/12,1461,1461,1264,1283,91200,1283,1
2018/03/13,1280,1280,1213,1232,41500,1232,1
2018/03/14,1220,1223,1182,1182,25200,1182,1
2018/03/15,1193,1219,1182,1219,25700,1219,1
2018/03/16,1194,1213,1189,1205,20400,1205,1
2018/03/19,1215,1230,1125,1134,30900,1134,1
2018/03/20,1121,1173,1117,1173,13500,1173,1
2018/03/22,1161,1187,1158,1169,7800,1169,1
2018/03/23,1109,1169,1081,1151,28100,1151,1
2018/03/26,1121,1193,1121,1180,12400,1180,1
2018/03/27,1190,1266,1175,1240,9900,1240,1
2018/03/28,1271,1271,1210,1228,16100,1228,1
2018/03/29,1228,1244,1223,1231,2800,1231,1
2018/03/30,1231,1235,1184,1195,6900,1195,1
2018/04/02,1195,1195,1157,1158,6400,1158,1
2018/04/03,1130,1176,1126,1176,3600,1176,1
2018/04/04,1153,1165,1153,1159,2200,1159,1
2018/04/05,1159,1192,1159,1169,2200,1169,1
2018/04/06,1199,1199,1142,1142,2500,1142,1
2018/04/09,1142,1142,1104,1120,6500,1120,1
2018/04/10,1104,1104,1080,1084,5500,1084,1
2018/04/11,1080,1083,1037,1038,12700,1038,1
2018/04/12,1037,1038,1013,1038,14600,1038,1
2018/04/13,1038,1070,1037,1068,4900,1068,1
2018/04/16,1079,1100,1061,1084,10800,1084,1
2018/04/17,1084,1094,1081,1091,6400,1091,1
2018/04/18,1091,1149,1091,1149,8300,1149,1
2018/04/19,1151,1194,1151,1187,8200,1187,1
2018/04/20,1157,1175,1127,1172,2400,1172,1
2018/04/23,1156,1156,1120,1138,1300,1138,1
2018/04/24,1120,1194,1120,1187,3000,1187,1
2018/04/25,1177,1177,1122,1145,1600,1145,1
2018/04/26,1122,1147,1110,1133,3400,1133,1
2018/04/27,1159,1159,1062,1115,12400,1115,1
2018/05/01,1115,1135,1115,1125,1100,1125,1
2018/05/02,1128,1173,1128,1169,2800,1169,1
2018/05/07,1169,1169,1135,1155,1800,1155,1
2018/05/08,1168,1168,1090,1117,3400,1117,1
2018/05/09,1147,1148,1121,1146,2500,1146,1
2018/05/10,1140,1140,1121,1121,900,1121,1
2018/05/11,1130,1173,1122,1148,4600,1148,1
2018/05/14,1149,1150,1121,1128,2900,1128,1
2018/05/15,1150,1150,984,1084,45100,1084,1
2018/05/16,1098,1098,1002,1040,9100,1040,1
2018/05/17,1026,1039,1021,1039,2400,1039,1
2018/05/18,1038,1083,1018,1051,11600,1051,1
2018/05/21,1051,1060,1030,1053,2900,1053,1
2018/05/22,1053,1060,1040,1058,2500,1058,1
2018/05/23,1040,1054,1011,1013,4100,1013,1
2018/05/24,1006,1013,998,1006,5900,1006,1
2018/05/25,1004,1005,996,997,6200,997,1
2018/05/28,998,998,994,996,4200,996,1
2018/05/29,1011,1029,990,995,4400,995,1
2018/05/30,980,980,965,965,4700,965,1
2018/05/31,965,965,951,953,700,953,1
2018/06/01,986,986,969,974,1400,974,1
2018/06/04,982,990,969,975,6900,975,1
2018/06/05,989,990,964,964,2000,964,1
2018/06/06,950,977,950,977,2800,977,1
2018/06/07,984,984,970,984,900,984,1
2018/06/08,984,984,975,977,2000,977,1
2018/06/11,968,970,965,970,1100,970,1
2018/06/12,964,964,960,964,1700,964,1
2018/06/13,960,968,950,968,3400,968,1
2018/06/15,968,1099,968,1089,11800,1089,1
2018/06/18,1085,1095,1040,1088,4100,1088,1
2018/06/19,1058,1134,1053,1128,13000,1128,1
2018/06/20,1150,1200,1150,1200,26300,1200,1
2018/06/21,1145,1261,1120,1234,46100,1234,1
2018/06/22,1235,1282,1234,1245,20500,1245,1
2018/06/25,1265,1317,1251,1289,16700,1289,1
2018/06/26,1289,1579,1275,1420,80200,1420,1
2018/06/27,1400,1455,1400,1416,13200,1416,1
2018/06/28,1442,1465,1419,1462,19200,1462,1
2018/06/29,1500,1525,1462,1517,26400,1517,1
2018/07/02,1500,1500,1420,1430,17900,1430,1
2018/07/03,1400,1400,1310,1326,22900,1326,1
2018/07/04,1311,1311,1230,1230,11500,1230,1
2018/07/05,1233,1234,1221,1221,4600,1221,1
2018/07/06,1236,1255,1200,1239,3200,1239,1
2018/07/09,1299,1311,1297,1307,4200,1307,1
2018/07/10,1313,1358,1313,1349,6800,1349,1
2018/07/11,1333,1409,1332,1399,3800,1399,1
2018/07/12,1409,1449,1333,1374,6200,1374,1
2018/07/13,1370,1376,1346,1370,2500,1370,1
2018/07/17,1380,1392,1374,1392,2400,1392,1
2018/07/18,1393,1429,1393,1422,2600,1422,1
2018/07/19,1460,1500,1456,1497,23100,1497,1
2018/07/20,1500,1598,1497,1497,31300,1497,1
2018/07/23,1497,1497,1364,1380,14700,1380,1
2018/07/24,1408,1458,1408,1441,6700,1441,1
2018/07/25,1441,1460,1403,1438,5300,1438,1
2018/07/26,1468,1468,1430,1430,4200,1430,1
2018/07/27,1460,1460,1370,1400,5900,1400,1
2018/07/30,1407,1439,1406,1422,9100,1422,1
2018/07/31,1422,1422,1399,1399,5000,1399,1
2018/08/01,1399,1421,1370,1410,11100,1410,1
2018/08/02,1380,1444,1380,1404,2200,1404,1
2018/08/03,1428,1428,1391,1391,800,1391,1
2018/08/06,1400,1422,1392,1394,3200,1394,1
2018/08/07,1380,1382,1313,1320,5500,1320,1
2018/08/08,1302,1335,1300,1335,3700,1335,1
2018/08/09,1335,1358,1300,1358,2300,1358,1
2018/08/10,1343,1428,1343,1428,4300,1428,1
2018/08/13,1370,1370,1236,1280,6700,1280,1
2018/08/14,1259,1259,1205,1229,6400,1229,1
