2017/06/21,3550.0,3715.0,3405.0,3500.0,440000,3500,2.0
2017/06/22,3425.0,4250.0,3425.0,3780.0,1040900,3780,2.0
2017/06/23,3855.0,3950.0,3400.0,3500.0,299700,3500,2.0
2017/06/26,3380.0,3435.0,3165.0,3230.0,86900,3230,2.0
2017/06/27,3235.0,3400.0,3155.0,3230.0,69200,3230,2.0
2017/06/28,3215.0,3240.0,2845.0,2845.0,90200,2845,2.0
2017/06/29,2910.0,2970.0,2820.0,2885.0,37800,2885,2.0
2017/06/30,2830.0,3000.0,2780.0,3000.0,50300,3000,2.0
2017/07/03,3010.0,3070.0,2875.0,2925.0,37300,2925,2.0
2017/07/04,3070.0,3425.0,3005.0,3380.0,267100,3380,2.0
2017/07/05,3340.0,3380.0,2980.0,3075.0,99800,3075,2.0
2017/07/06,3120.0,3225.0,2970.0,3000.0,54100,3000,2.0
2017/07/07,2945.0,3035.0,2880.0,2940.0,26000,2940,2.0
2017/07/10,2945.0,3015.0,2875.0,2880.0,11700,2880,2.0
2017/07/11,2905.0,3025.0,2905.0,3010.0,16000,3010,2.0
2017/07/12,2985.0,3045.0,2905.0,2980.0,17500,2980,2.0
2017/07/13,3050.0,3115.0,2915.0,2965.0,36600,2965,2.0
2017/07/14,2965.0,2990.0,2905.0,2960.0,11200,2960,2.0
2017/07/18,2955.0,3010.0,2905.0,2940.0,13300,2940,2.0
2017/07/19,3095.0,3145.0,3025.0,3070.0,58700,3070,2.0
2017/07/20,3025.0,3050.0,2950.0,3020.0,13600,3020,2.0
2017/07/21,2975.0,3000.0,2955.0,2975.0,4500,2975,2.0
2017/07/24,2940.0,3025.0,2935.0,2975.0,3900,2975,2.0
2017/07/25,3010.0,3010.0,2920.0,2980.0,8500,2980,2.0
2017/07/26,2950.0,2950.0,2800.0,2860.0,27300,2860,2.0
2017/07/27,2860.0,2860.0,2830.0,2845.0,3200,2845,2.0
2017/07/28,2835.0,2835.0,2800.0,2800.0,5900,2800,2.0
2017/07/31,2755.0,2755.0,2620.0,2655.0,11500,2655,2.0
2017/08/01,2635.0,2700.0,2420.0,2495.0,22200,2495,2.0
2017/08/02,2460.0,2525.0,2460.0,2505.0,3900,2505,2.0
2017/08/03,2510.0,2570.0,2450.0,2570.0,5400,2570,2.0
2017/08/04,2500.0,2590.0,2480.0,2515.0,3000,2515,2.0
2017/08/07,2520.0,2645.0,2500.0,2630.0,7900,2630,2.0
2017/08/08,2650.0,2755.0,2650.0,2750.0,19100,2750,2.0
2017/08/09,2760.0,2760.0,2690.0,2755.0,10600,2755,2.0
2017/08/10,2715.0,2770.0,2640.0,2730.0,7800,2730,2.0
2017/08/14,2680.0,2710.0,2650.0,2685.0,3400,2685,2.0
2017/08/15,2660.0,2660.0,2490.0,2655.0,3000,2655,2.0
2017/08/16,2660.0,2745.0,2645.0,2710.0,4200,2710,2.0
2017/08/17,2690.0,2700.0,2610.0,2665.0,2800,2665,2.0
2017/08/18,2665.0,2725.0,2635.0,2715.0,5200,2715,2.0
2017/08/21,2715.0,2820.0,2700.0,2795.0,9500,2795,2.0
2017/08/22,2795.0,2870.0,2780.0,2830.0,8000,2830,2.0
2017/08/23,2860.0,2915.0,2860.0,2900.0,8700,2900,2.0
2017/08/24,2925.0,2925.0,2865.0,2900.0,3600,2900,2.0
2017/08/25,2920.0,2920.0,2825.0,2840.0,2600,2840,2.0
2017/08/28,2840.0,2845.0,2665.0,2795.0,15400,2795,2.0
2017/08/29,2795.0,2820.0,2705.0,2705.0,6000,2705,2.0
2017/08/30,2785.0,2900.0,2750.0,2900.0,5300,2900,2.0
2017/08/31,2950.0,2960.0,2875.0,2935.0,13100,2935,2.0
2017/09/01,2880.0,2880.0,2830.0,2875.0,2900,2875,2.0
2017/09/04,2825.0,3075.0,2785.0,2910.0,19500,2910,2.0
2017/09/05,2915.0,2925.0,2730.0,2835.0,11400,2835,2.0
2017/09/06,2700.0,2800.0,2700.0,2790.0,4000,2790,2.0
2017/09/07,2820.0,2820.0,2725.0,2790.0,600,2790,2.0
2017/09/08,2730.0,2750.0,2670.0,2695.0,7600,2695,2.0
2017/09/11,2775.0,2785.0,2720.0,2765.0,8600,2765,2.0
2017/09/12,2770.0,2950.0,2760.0,2880.0,9800,2880,2.0
2017/09/13,2885.0,2885.0,2850.0,2850.0,400,2850,2.0
2017/09/14,2795.0,2825.0,2725.0,2755.0,3500,2755,2.0
2017/09/15,2765.0,2765.0,2665.0,2745.0,5000,2745,2.0
2017/09/19,2815.0,2815.0,2760.0,2785.0,2800,2785,2.0
2017/09/20,2780.0,2780.0,2620.0,2660.0,21600,2660,2.0
2017/09/21,2620.0,2690.0,2610.0,2690.0,4400,2690,2.0
2017/09/22,2655.0,2655.0,2600.0,2600.0,5400,2600,2.0
2017/09/25,2625.0,2650.0,2590.0,2615.0,2900,2615,2.0
2017/09/26,2580.0,2600.0,2540.0,2545.0,5900,2545,2.0
2017/09/27,2560,2600,2560,2589,3300,2589,1
2017/09/28,2605,2605,2553,2555,4600,2555,1
2017/09/29,2555,2555,2450,2500,8000,2500,1
2017/10/02,2480,2480,2430,2460,6500,2460,1
2017/10/03,2547,2591,2475,2591,4900,2591,1
2017/10/04,2593,2593,2446,2522,10400,2522,1
2017/10/05,2535,2577,2410,2420,17400,2420,1
2017/10/06,2430,2449,2362,2377,14800,2377,1
2017/10/10,2377,2400,2353,2355,8500,2355,1
2017/10/11,2357,2381,2357,2365,2700,2365,1
2017/10/12,2361,2393,2352,2381,12500,2381,1
2017/10/13,2402,2480,2394,2477,5900,2477,1
2017/10/16,2495,2495,2410,2469,8800,2469,1
2017/10/17,2719,2769,2611,2619,83300,2619,1
2017/10/18,2700,2709,2520,2560,20300,2560,1
2017/10/19,2540,2540,2485,2485,13000,2485,1
2017/10/20,2473,2475,2418,2426,11900,2426,1
2017/10/23,2456,2456,2390,2395,11000,2395,1
2017/10/24,2380,2412,2380,2407,5000,2407,1
2017/10/25,2480,2480,2395,2395,10300,2395,1
2017/10/26,2400,2480,2400,2409,2400,2409,1
2017/10/27,2414,2459,2410,2412,3600,2412,1
2017/10/30,2415,2470,2415,2415,8000,2415,1
2017/10/31,2418,2449,2418,2449,1900,2449,1
2017/11/01,2447,2448,2411,2420,6800,2420,1
2017/11/02,2419,2419,2401,2401,4900,2401,1
2017/11/06,2449,2449,2401,2447,3300,2447,1
2017/11/07,2409,2420,2405,2406,2100,2406,1
2017/11/08,2406,2442,2395,2406,3200,2406,1
2017/11/09,2407,2429,2398,2406,4100,2406,1
2017/11/10,2434,2539,2428,2539,14500,2539,1
2017/11/13,2402,2402,2226,2292,41600,2292,1
2017/11/14,2300,2377,2225,2227,23800,2227,1
2017/11/15,2226,2229,2120,2123,14100,2123,1
2017/11/16,2039,2089,2028,2069,10400,2069,1
2017/11/17,2099,2099,2060,2079,5300,2079,1
2017/11/20,2088,2170,2069,2170,5700,2170,1
2017/11/21,2138,2180,2128,2179,2900,2179,1
2017/11/22,2179,2215,2178,2215,5800,2215,1
2017/11/24,2230,2233,2165,2212,6600,2212,1
2017/11/27,2212,2236,2210,2213,4900,2213,1
2017/11/28,2213,2214,2183,2183,2800,2183,1
2017/11/29,2208,2500,2137,2448,41000,2448,1
2017/11/30,2450,2450,2279,2428,22900,2428,1
2017/12/01,2328,2341,2166,2250,24400,2250,1
2017/12/04,2300,2450,2300,2370,13000,2370,1
2017/12/05,2420,2439,2375,2425,24800,2425,1
2017/12/06,2426,2475,2220,2294,32100,2294,1
2017/12/07,2275,2337,2265,2322,5100,2322,1
2017/12/08,2329,2428,2305,2428,11600,2428,1
2017/12/11,2594,2594,2400,2560,39700,2560,1
2017/12/12,2577,2759,2411,2418,104300,2418,1
2017/12/13,2419,2500,2309,2317,33900,2317,1
2017/12/14,2310,2340,2310,2320,9500,2320,1
2017/12/15,2336,2350,2317,2349,9600,2349,1
2017/12/18,2350,2352,2300,2311,9100,2311,1
2017/12/19,2325,2325,2224,2225,17300,2225,1
2017/12/20,2225,2240,2202,2217,14300,2217,1
2017/12/21,2200,2207,2137,2137,23100,2137,1
2017/12/22,2084,2150,2078,2147,31800,2147,1
2017/12/25,2218,2218,2141,2145,16600,2145,1
2017/12/26,2125,2154,2110,2134,18500,2134,1
2017/12/27,2135,2250,2130,2244,14700,2244,1
2017/12/28,2251,2251,2205,2228,9400,2228,1
2017/12/29,2251,2275,2213,2213,12200,2213,1
2018/01/04,2230,2240,2215,2221,7400,2221,1
2018/01/05,2240,2272,2221,2255,8800,2255,1
2018/01/09,2272,2340,2271,2308,8000,2308,1
2018/01/10,2296,2324,2291,2315,12400,2315,1
2018/01/11,2315,2320,2300,2311,5500,2311,1
2018/01/12,2311,2368,2311,2358,12300,2358,1
2018/01/15,2389,2389,2332,2332,12000,2332,1
2018/01/16,2332,2332,2281,2281,9900,2281,1
2018/01/17,2280,2318,2271,2287,7300,2287,1
2018/01/18,2280,2310,2280,2308,5000,2308,1
2018/01/19,2312,2312,2286,2286,4200,2286,1
2018/01/22,2300,2312,2287,2295,2700,2295,1
2018/01/23,2299,2369,2299,2350,9600,2350,1
2018/01/24,2376,2389,2301,2313,11000,2313,1
2018/01/25,2300,2320,2300,2312,4900,2312,1
2018/01/26,2312,2320,2301,2301,2200,2301,1
2018/01/29,2312,2326,2300,2300,4900,2300,1
2018/01/30,2296,2303,2255,2265,7700,2265,1
2018/01/31,2250,2254,2237,2240,2700,2240,1
2018/02/01,2241,2241,2220,2225,2900,2225,1
2018/02/02,2220,2221,2201,2205,2800,2205,1
2018/02/05,2163,2172,2147,2147,6600,2147,1
2018/02/06,1940,2050,1730,1833,37000,1833,1
2018/02/07,1952,1985,1750,1750,11200,1750,1
2018/02/08,1927,1975,1848,1965,9100,1965,1
2018/02/09,1605,1721,1571,1721,119000,1721,1
2018/02/13,1725,1725,1610,1612,29900,1612,1
2018/02/14,1642,1642,1548,1560,16300,1560,1
2018/02/15,1540,1580,1540,1570,4800,1570,1
2018/02/16,1570,1609,1541,1608,6600,1608,1
2018/02/19,1630,1650,1614,1640,9600,1640,1
2018/02/20,1660,1680,1637,1669,5200,1669,1
2018/02/21,1652,1700,1651,1700,9800,1700,1
2018/02/22,1665,1699,1651,1694,4600,1694,1
2018/02/23,1661,1798,1661,1762,12500,1762,1
2018/02/26,1809,1809,1779,1779,7400,1779,1
2018/02/27,1795,1820,1792,1800,4300,1800,1
2018/02/28,1760,1817,1726,1752,6900,1752,1
2018/03/01,1752,1772,1702,1734,4400,1734,1
2018/03/02,1702,1797,1694,1797,3400,1797,1
2018/03/05,1794,1794,1699,1779,2500,1779,1
2018/03/06,1742,1807,1738,1778,4600,1778,1
2018/03/07,1742,1771,1711,1735,2800,1735,1
2018/03/08,1724,1767,1724,1724,1200,1724,1
2018/03/09,1725,1725,1710,1710,700,1710,1
2018/03/12,1750,1750,1710,1725,2100,1725,1
2018/03/13,1720,1727,1716,1716,900,1716,1
2018/03/14,1716,1743,1716,1742,4400,1742,1
2018/03/15,1729,1751,1729,1751,3100,1751,1
2018/03/16,1753,1799,1753,1765,4500,1765,1
2018/03/19,1750,1751,1735,1735,2400,1735,1
2018/03/20,1735,1768,1735,1768,4500,1768,1
2018/03/22,1768,1772,1756,1770,5500,1770,1
2018/03/23,1736,1736,1702,1709,6100,1709,1
2018/03/26,1683,1686,1620,1631,8300,1631,1
2018/03/27,1711,1713,1660,1713,1600,1713,1
2018/03/28,1633,1698,1633,1672,2000,1672,1
2018/03/29,1672,1672,1650,1655,2200,1655,1
2018/03/30,1671,1671,1656,1658,3800,1658,1
2018/04/02,1659,1660,1650,1660,1700,1660,1
2018/04/03,1660,1729,1660,1707,4400,1707,1
2018/04/04,1709,1730,1709,1715,1100,1715,1
2018/04/05,1710,1733,1710,1725,3000,1725,1
2018/04/06,1725,1770,1720,1751,4000,1751,1
2018/04/09,1785,1867,1777,1860,11500,1860,1
2018/04/10,1880,1967,1880,1881,18800,1881,1
2018/04/11,1899,1903,1815,1815,9100,1815,1
2018/04/12,1802,1823,1775,1775,4300,1775,1
2018/04/13,1767,1841,1767,1835,3600,1835,1
2018/04/16,1811,1811,1785,1785,1400,1785,1
2018/04/17,1751,1791,1751,1751,1000,1751,1
2018/04/18,1750,1783,1701,1746,2700,1746,1
2018/04/19,1626,1645,1570,1573,22100,1573,1
2018/04/20,1558,1606,1555,1600,6400,1600,1
2018/04/23,1592,1602,1583,1585,2100,1585,1
2018/04/24,1588,1602,1585,1600,2900,1600,1
2018/04/25,1609,1609,1597,1597,800,1597,1
2018/04/26,1598,1617,1598,1601,2700,1601,1
2018/04/27,1639,1650,1575,1575,5400,1575,1
2018/05/01,1596,1596,1575,1580,2100,1580,1
2018/05/02,1595,1595,1595,1595,200,1595,1
2018/05/07,1595,1704,1573,1614,8100,1614,1
2018/05/08,1574,1648,1574,1596,5300,1596,1
2018/05/09,1593,1610,1593,1601,1000,1601,1
2018/05/10,1598,1598,1580,1597,3600,1597,1
2018/05/11,1517,1536,1500,1509,10000,1509,1
2018/05/14,1500,1502,1455,1466,10300,1466,1
2018/05/15,1451,1465,1430,1430,9300,1430,1
2018/05/16,1435,1445,1430,1431,1100,1431,1
2018/05/17,1448,1448,1420,1420,1000,1420,1
2018/05/18,1419,1438,1419,1438,2600,1438,1
2018/05/21,1442,1442,1425,1441,3500,1441,1
2018/05/22,1440,1440,1411,1415,2900,1415,1
2018/05/23,1424,1426,1411,1411,4900,1411,1
2018/05/24,1400,1407,1400,1402,7500,1402,1
2018/05/25,1402,1403,1401,1401,2300,1401,1
2018/05/28,1402,1410,1402,1410,800,1410,1
2018/05/29,1412,1412,1402,1402,1800,1402,1
2018/05/30,1400,1407,1396,1407,5600,1407,1
2018/05/31,1402,1403,1401,1401,700,1401,1
2018/06/01,1419,1433,1414,1414,6300,1414,1
2018/06/04,1429,1429,1420,1425,2000,1425,1
2018/06/05,1425,1427,1425,1425,1100,1425,1
2018/06/06,1427,1427,1410,1411,2700,1411,1
2018/06/07,1420,1420,1409,1420,1700,1420,1
2018/06/08,1421,1421,1407,1409,1200,1409,1
2018/06/11,1410,1434,1410,1434,1100,1434,1
2018/06/12,1419,1519,1413,1518,12800,1518,1
2018/06/13,1550,1550,1501,1524,6300,1524,1
2018/06/14,1530,1550,1511,1545,4800,1545,1
2018/06/15,1550,1551,1501,1514,3800,1514,1
2018/06/18,1451,1456,1406,1415,9500,1415,1
2018/06/19,1415,1425,1413,1413,4200,1413,1
2018/06/20,1426,1426,1400,1417,4600,1417,1
2018/06/21,1399,1404,1398,1403,800,1403,1
2018/06/22,1401,1402,1396,1402,1800,1402,1
2018/06/25,1403,1403,1384,1384,3600,1384,1
2018/06/26,1384,1385,1381,1385,2500,1385,1
2018/06/27,1381,1383,1381,1383,300,1383,1
2018/06/28,1385,1385,1380,1380,5100,1380,1
2018/06/29,1380,1407,1380,1388,800,1388,1
2018/07/02,1388,1399,1381,1388,1500,1388,1
2018/07/03,1388,1388,1373,1373,1700,1373,1
2018/07/04,1373,1374,1361,1361,700,1361,1
2018/07/05,1362,1363,1361,1361,1000,1361,1
2018/07/06,1361,1361,1360,1360,200,1360,1
2018/07/09,1360,1360,1354,1354,4900,1354,1
2018/07/10,1355,1376,1355,1376,1400,1376,1
2018/07/11,1351,1351,1351,1351,200,1351,1
2018/07/12,1355,1403,1355,1401,1400,1401,1
2018/07/13,1406,1406,1365,1400,3200,1400,1
2018/07/17,1380,1396,1380,1385,600,1385,1
2018/07/18,1375,1380,1375,1377,1100,1377,1
2018/07/19,1378,1407,1377,1377,1300,1377,1
2018/07/20,1375,1399,1371,1376,1400,1376,1
2018/07/23,1376,1378,1376,1378,400,1378,1
2018/07/24,1378,1385,1378,1385,1000,1385,1
2018/07/25,1399,1399,1375,1375,2200,1375,1
2018/07/26,1395,1406,1391,1403,2600,1403,1
2018/07/27,1410,1410,1387,1393,1800,1393,1
2018/07/30,1391,1400,1391,1400,2400,1400,1
2018/07/31,1391,1391,1386,1386,200,1386,1
2018/08/01,1390,1404,1390,1404,800,1404,1
2018/08/02,1402,1402,1395,1395,1600,1395,1
2018/08/03,1386,1410,1386,1395,2100,1395,1
2018/08/06,1395,1400,1395,1400,500,1400,1
2018/08/07,1399,1400,1392,1392,3300,1392,1
2018/08/08,1409,1409,1395,1395,300,1395,1
2018/08/09,1394,1396,1390,1390,600,1390,1
2018/08/10,1411,1438,1401,1401,5000,1401,1
2018/08/13,1367,1370,1363,1363,2600,1363,1
2018/08/14,1363,1368,1363,1368,2300,1368,1
