2007/01/04,501,501,500,500,200,500,1
2007/01/09,500,500,500,500,100,500,1
2007/01/12,500,500,500,500,200,500,1
2007/01/15,520,520,520,520,200,520,1
2007/01/16,520,520,520,520,600,520,1
2007/01/17,485,485,485,485,200,485,1
2007/01/22,480,480,480,480,500,480,1
2007/01/26,485,485,470,470,1000,470,1
2007/01/31,485,485,460,460,700,460,1
2007/02/02,465,465,465,465,100,465,1
2007/02/09,460,460,460,460,500,460,1
2007/02/13,420,420,420,420,600,420,1
2007/02/16,443,443,443,443,500,443,1
2007/02/23,500,500,500,500,600,500,1
2007/02/26,510,510,500,500,5400,500,1
2007/02/27,500,500,500,500,100,500,1
2007/03/08,500,500,500,500,100,500,1
2007/03/15,500,500,500,500,3400,500,1
2007/03/16,530,570,530,570,4900,570,1
2007/03/19,535,545,520,520,3100,520,1
2007/03/20,520,520,520,520,100,520,1
2007/03/22,520,520,500,520,300,520,1
2007/03/23,480,480,480,480,900,480,1
2007/03/26,480,480,480,480,2100,480,1
2007/03/27,465,465,455,455,500,455,1
2007/03/28,480,480,480,480,200,480,1
2007/03/30,480,480,480,480,200,480,1
2007/04/02,509,509,509,509,300,509,1
2007/04/04,481,481,481,481,100,481,1
2007/04/05,480,480,480,480,3600,480,1
2007/04/09,490,490,490,490,100,490,1
2007/04/12,460,460,460,460,600,460,1
2007/04/16,475,475,475,475,200,475,1
2007/04/17,489,489,489,489,900,489,1
2007/04/18,500,500,500,500,800,500,1
2007/04/26,499,499,499,499,700,499,1
2007/05/07,500,500,500,500,200,500,1
2007/05/11,400,400,400,400,3900,400,1
2007/05/14,360,400,360,400,3200,400,1
2007/05/15,469,469,469,469,1000,469,1
2007/05/16,480,480,480,480,700,480,1
2007/05/24,435,435,395,395,2000,395,1
2007/05/25,395,395,395,395,200,395,1
2007/05/28,395,395,395,395,3700,395,1
2007/06/06,408,408,400,400,1400,400,1
2007/06/07,400,400,400,400,200,400,1
2007/06/11,430,430,430,430,200,430,1
2007/06/12,430,430,412,412,400,412,1
2007/06/14,415,415,415,415,1000,415,1
2007/06/15,415,415,415,415,100,415,1
2007/06/18,415,415,415,415,1800,415,1
2007/06/19,415,415,415,415,200,415,1
2007/06/20,410,410,410,410,200,410,1
2007/06/21,410,410,403,403,1900,403,1
2007/06/26,412,419,411,419,3500,419,1
2007/06/27,424,424,423,423,4100,423,1
2007/07/02,427,427,427,427,200,427,1
2007/07/09,401,401,401,401,1000,401,1
2007/07/10,400,400,400,400,100,400,1
2007/07/13,400,400,400,400,200,400,1
2007/07/17,412,412,400,400,1800,400,1
2007/07/18,401,401,390,390,1300,390,1
2007/07/19,400,404,400,404,200,404,1
2007/07/20,405,405,405,405,100,405,1
2007/07/25,365,385,365,385,1500,385,1
2007/07/26,385,390,385,390,300,390,1
2007/07/27,398,398,397,397,5700,397,1
2007/08/06,390,390,390,390,500,390,1
2007/08/10,365,365,365,365,800,365,1
2007/08/13,361,361,361,361,100,361,1
2007/08/16,379,379,379,379,300,379,1
2007/08/17,390,390,390,390,600,390,1
2007/08/20,360,360,360,360,400,360,1
2007/08/21,390,390,390,390,100,390,1
2007/08/22,380,380,380,380,100,380,1
2007/08/24,370,370,360,365,800,365,1
2007/08/27,365,365,365,365,5800,365,1
2007/09/03,365,365,365,365,500,365,1
2007/09/05,365,365,365,365,200,365,1
2007/09/06,355,355,355,355,100,355,1
2007/09/07,356,356,356,356,100,356,1
2007/09/13,355,355,355,355,500,355,1
2007/09/14,356,356,350,350,1100,350,1
2007/09/18,360,360,360,360,900,360,1
2007/09/26,367,367,367,367,4500,367,1
2007/09/27,374,377,373,374,1300,374,1
2007/09/28,372,372,371,371,200,371,1
2007/10/12,371,371,371,371,300,371,1
2007/10/16,382,382,382,382,3200,382,1
2007/10/17,390,390,388,388,400,388,1
2007/10/22,388,388,388,388,100,388,1
2007/10/24,308,308,308,308,900,308,1
2007/10/25,318,318,295,295,600,295,1
2007/10/26,300,301,295,301,1300,301,1
2007/10/29,326,326,326,326,100,326,1
2007/10/30,332,332,332,332,100,332,1
2007/10/31,338,338,338,338,4800,338,1
2007/11/02,339,339,310,310,700,310,1
2007/11/07,311,311,311,311,200,311,1
2007/11/08,311,311,311,311,1000,311,1
2007/11/09,301,301,300,300,1200,300,1
2007/11/13,300,300,265,265,400,265,1
2007/11/14,281,300,265,300,1500,300,1
2007/11/15,281,281,271,271,700,271,1
2007/11/16,280,280,279,279,500,279,1
2007/11/26,300,300,300,300,1000,300,1
2007/11/28,312,312,312,312,100,312,1
2007/11/29,318,318,318,318,2100,318,1
2007/11/30,320,320,320,320,3300,320,1
2007/12/04,265,265,265,265,200,265,1
2007/12/05,280,280,280,280,100,280,1
2007/12/06,299,299,299,299,100,299,1
2007/12/07,309,309,309,309,100,309,1
2007/12/14,309,309,309,309,400,309,1
2007/12/17,318,318,318,318,2400,318,1
2007/12/18,328,329,328,329,2400,329,1
2007/12/19,338,338,338,338,200,338,1
2007/12/20,338,339,314,314,1500,314,1
2007/12/21,299,304,299,304,400,304,1
2007/12/25,304,304,304,304,400,304,1
2007/12/26,304,304,304,304,400,304,1
2007/12/28,316,316,316,316,100,316,1
2008/01/07,328,328,328,328,5800,328,1
2008/01/08,303,303,303,303,300,303,1
2008/01/09,302,302,301,301,300,301,1
2008/01/10,291,291,282,282,500,282,1
2008/01/15,284,284,270,270,1000,270,1
2008/01/16,300,300,300,300,1300,300,1
2008/01/17,300,300,300,300,500,300,1
2008/01/18,285,285,281,281,200,281,1
2008/01/23,270,270,270,270,400,270,1
2008/01/24,260,260,260,260,700,260,1
2008/01/25,280,280,270,270,500,270,1
2008/01/28,272,273,272,272,400,272,1
2008/01/29,280,280,280,280,1100,280,1
2008/01/31,298,300,298,300,1900,300,1
2008/02/01,306,306,306,306,4800,306,1
2008/02/12,281,281,281,281,400,281,1
2008/02/13,282,282,282,282,200,282,1
2008/02/18,309,309,309,309,900,309,1
2008/02/22,308,308,308,308,200,308,1
2008/02/25,309,309,309,309,400,309,1
2008/02/26,309,315,309,315,2400,315,1
2008/02/27,321,329,321,321,6400,321,1
2008/02/28,321,321,321,321,300,321,1
2008/02/29,306,321,306,321,300,321,1
2008/03/04,321,321,321,321,300,321,1
2008/03/07,317,317,317,317,400,317,1
2008/03/12,320,320,320,320,1600,320,1
2008/03/13,320,320,320,320,300,320,1
2008/03/14,320,320,320,320,400,320,1
2008/03/17,320,320,320,320,2900,320,1
2008/03/24,323,323,323,323,100,323,1
2008/03/25,339,339,339,339,400,339,1
2008/03/27,346,346,346,346,300,346,1
2008/03/28,352,352,352,352,300,352,1
2008/03/31,359,359,359,359,1200,359,1
2008/04/01,369,369,366,366,1400,366,1
2008/04/02,361,361,361,361,200,361,1
2008/04/03,362,362,362,362,400,362,1
2008/04/04,368,368,368,368,300,368,1
2008/04/08,368,368,368,368,300,368,1
2008/04/09,368,368,368,368,400,368,1
2008/04/10,368,368,368,368,300,368,1
2008/04/11,368,368,368,368,400,368,1
2008/04/14,368,368,368,368,200,368,1
2008/04/16,380,380,380,380,700,380,1
2008/04/17,380,380,380,380,100,380,1
2008/04/18,380,380,380,380,700,380,1
2008/04/25,460,460,460,460,1600,460,1
2008/04/28,540,540,540,540,2300,540,1
2008/04/30,580,580,440,459,7300,459,1
2008/05/01,459,459,431,431,500,431,1
2008/05/02,425,425,425,425,900,425,1
2008/05/08,431,431,431,431,100,431,1
2008/05/09,431,431,431,431,200,431,1
2008/05/16,431,431,427,427,1400,427,1
2008/05/19,427,427,427,427,100,427,1
2008/05/22,431,469,431,469,300,469,1
2008/05/26,548,548,483,483,3800,483,1
2008/05/27,451,451,451,451,100,451,1
2008/05/29,451,451,451,451,300,451,1
2008/06/02,450,450,450,450,300,450,1
2008/06/03,450,450,450,450,300,450,1
2008/06/04,450,450,450,450,400,450,1
2008/06/05,450,450,450,450,300,450,1
2008/06/06,450,450,450,450,300,450,1
2008/06/09,485,489,485,489,300,489,1
2008/06/10,469,469,469,469,1300,469,1
2008/06/12,473,480,473,480,1100,480,1
2008/06/13,480,480,480,480,300,480,1
2008/06/16,498,498,498,498,600,498,1
2008/06/17,498,498,498,498,300,498,1
2008/06/18,497,497,497,497,300,497,1
2008/06/19,496,496,496,496,300,496,1
2008/06/20,496,496,496,496,300,496,1
2008/06/23,490,490,490,490,300,490,1
2008/06/26,470,485,470,485,4200,485,1
2008/06/27,451,451,450,450,700,450,1
2008/06/30,450,450,450,450,200,450,1
2008/07/01,450,450,450,450,100,450,1
2008/07/03,450,450,450,450,2200,450,1
2008/07/07,435,494,435,494,2100,494,1
2008/07/08,434,434,434,434,800,434,1
2008/07/16,466,471,466,471,600,471,1
2008/07/17,470,470,445,445,900,445,1
2008/07/18,466,466,466,466,400,466,1
2008/07/28,500,546,496,496,4400,496,1
2008/07/29,496,496,496,496,300,496,1
2008/07/30,496,496,471,471,400,471,1
2008/07/31,471,471,461,461,400,461,1
2008/08/01,461,461,451,451,400,451,1
2008/08/04,455,455,455,455,500,455,1
2008/08/12,450,450,450,450,300,450,1
2008/08/18,530,530,499,499,700,499,1
2008/08/25,489,489,489,489,300,489,1
2008/08/26,500,510,500,510,4100,510,1
2008/08/27,461,461,461,461,100,461,1
2008/08/28,460,460,460,460,100,460,1
2008/08/29,460,460,460,460,100,460,1
2008/09/01,465,465,450,450,400,450,1
2008/09/02,450,450,440,440,600,440,1
2008/09/08,440,440,440,440,200,440,1
2008/09/12,440,440,440,440,300,440,1
2008/09/16,499,499,499,499,600,499,1
2008/09/18,469,469,469,469,400,469,1
2008/09/19,469,469,440,440,500,440,1
2008/09/26,525,525,525,525,3900,525,1
2008/09/29,500,500,500,500,100,500,1
2008/10/06,461,461,461,461,500,461,1
2008/10/09,461,461,461,461,400,461,1
2008/10/16,500,500,500,500,600,500,1
2008/10/22,450,450,450,450,300,450,1
2008/10/24,445,445,445,445,200,445,1
2008/10/27,500,500,500,500,4000,500,1
2008/10/29,475,475,475,475,1300,475,1
2008/11/12,460,460,460,460,1100,460,1
2008/11/14,468,480,468,480,1400,480,1
2008/11/17,495,495,495,495,700,495,1
2008/11/26,500,500,500,500,4200,500,1
2008/12/04,470,470,470,470,300,470,1
2008/12/05,470,470,455,455,300,455,1
2008/12/09,462,462,462,462,200,462,1
2008/12/15,462,462,450,450,1400,450,1
2008/12/16,494,494,475,475,2700,475,1
2008/12/17,450,450,450,450,200,450,1
2008/12/22,447,447,447,447,300,447,1
2008/12/25,450,470,450,470,1400,470,1
2008/12/26,470,495,470,495,4400,495,1
2009/01/07,485,485,451,451,200,451,1
2009/01/08,450,450,450,450,300,450,1
2009/01/13,415,415,410,410,2600,410,1
2009/01/14,440,440,440,440,100,440,1
2009/01/16,455,455,455,455,800,455,1
2009/01/23,438,439,438,439,1000,439,1
2009/01/26,450,450,450,450,4500,450,1
2009/02/16,450,450,450,450,700,450,1
2009/02/25,444,450,444,450,400,450,1
2009/02/26,460,485,460,485,4400,485,1
2009/03/13,450,460,450,460,700,460,1
2009/03/16,510,520,510,520,600,520,1
2009/03/25,475,475,475,475,2400,475,1
2009/03/26,484,485,484,485,4200,485,1
2009/04/10,480,480,480,480,100,480,1
2009/04/13,481,481,481,481,200,481,1
2009/04/16,482,485,482,485,2400,485,1
2009/04/24,484,485,484,485,1700,485,1
2009/04/27,500,500,500,500,4600,500,1
2009/05/01,499,500,470,470,2000,470,1
2009/05/15,480,495,480,495,300,495,1
2009/05/18,493,493,467,470,2600,470,1
2009/05/25,471,471,470,470,2600,470,1
2009/05/26,480,480,470,480,3700,480,1
2009/05/27,470,470,470,470,300,470,1
2009/06/01,470,470,470,470,800,470,1
2009/06/02,470,470,465,465,2000,465,1
2009/06/09,465,485,465,485,5400,485,1
2009/06/16,480,480,480,480,700,480,1
2009/06/19,469,469,460,460,5100,460,1
2009/06/24,460,470,460,470,200,470,1
2009/06/26,460,460,460,460,2600,460,1
2009/07/16,465,465,465,465,3000,465,1
2009/07/24,459,459,452,452,300,452,1
2009/07/27,445,449,441,449,2800,449,1
2009/08/05,388,393,388,393,2200,393,1
2009/08/06,398,398,398,398,100,398,1
2009/08/13,419,419,419,419,100,419,1
2009/08/17,427,427,426,426,800,426,1
2009/08/24,400,420,400,420,1400,420,1
2009/08/26,417,419,417,419,2900,419,1
2009/09/15,395,419,395,419,8000,419,1
2009/09/16,410,410,410,410,900,410,1
2009/09/17,385,400,385,400,1400,400,1
2009/09/28,410,410,410,410,2800,410,1
2009/10/02,385,385,385,385,100,385,1
2009/10/16,390,390,390,390,900,390,1
2009/10/26,470,470,470,470,2500,470,1
2009/10/29,405,405,405,405,100,405,1
2009/11/02,415,415,415,415,100,415,1
2009/11/09,410,410,410,410,200,410,1
2009/11/12,409,409,409,409,200,409,1
2009/11/13,400,400,400,400,1300,400,1
2009/11/16,475,475,475,475,700,475,1
2009/11/18,407,407,407,407,1500,407,1
2009/11/19,406,406,406,406,200,406,1
2009/11/20,406,406,406,406,200,406,1
2009/11/24,425,425,425,425,100,425,1
2009/11/26,465,468,465,468,2600,468,1
2009/12/16,484,484,470,470,2900,470,1
2009/12/24,450,470,450,470,1600,470,1
2009/12/28,470,470,470,470,2400,470,1
2010/01/08,470,470,470,470,300,470,1
2010/01/14,454,454,452,452,400,452,1
2010/01/18,470,470,462,462,2000,462,1
2010/01/21,454,460,454,460,400,460,1
2010/01/26,470,470,470,470,2500,470,1
2010/02/16,499,500,499,500,700,500,1
2010/02/23,460,460,460,460,300,460,1
2010/02/25,465,465,465,465,900,465,1
2010/02/26,469,469,469,469,2500,469,1
2010/03/15,460,460,460,460,1100,460,1
2010/03/16,460,465,460,465,600,465,1
2010/03/26,470,470,470,470,2500,470,1
2010/04/05,460,460,460,460,100,460,1
2010/04/16,485,540,470,470,3700,470,1
2010/04/26,470,470,470,470,3700,470,1
2010/05/14,470,470,470,470,600,470,1
2010/05/17,470,470,460,460,1600,460,1
2010/05/26,468,468,460,460,5000,460,1
2010/05/28,452,452,452,452,200,452,1
2010/05/31,445,445,445,445,200,445,1
2010/06/10,448,448,448,448,1000,448,1
2010/06/15,450,450,450,450,500,450,1
2010/06/16,450,466,450,466,900,466,1
2010/06/22,440,440,440,440,800,440,1
2010/06/24,430,430,430,430,2300,430,1
2010/06/28,466,480,465,480,4600,480,1
2010/07/05,454,454,454,454,100,454,1
2010/07/14,454,454,454,454,100,454,1
2010/07/16,478,480,478,480,2900,480,1
2010/07/26,480,480,480,480,4400,480,1
2010/07/30,456,456,456,456,1500,456,1
2010/08/05,460,460,460,460,700,460,1
2010/08/16,460,460,460,460,800,460,1
2010/08/23,460,460,460,460,1100,460,1
2010/08/25,460,475,460,475,1400,475,1
2010/08/26,480,480,480,480,4400,480,1
2010/09/07,460,460,460,460,1400,460,1
2010/09/13,460,460,460,460,500,460,1
2010/09/16,476,479,476,479,700,479,1
2010/09/24,463,463,463,463,600,463,1
2010/09/27,480,480,480,480,4400,480,1
2010/10/05,460,460,460,460,3500,460,1
2010/10/08,460,460,460,460,300,460,1
2010/10/12,452,452,452,452,100,452,1
2010/10/14,470,470,470,470,100,470,1
2010/10/18,478,479,478,479,800,479,1
2010/10/22,475,475,475,475,100,475,1
2010/10/26,460,460,460,460,6100,460,1
2010/11/01,461,461,461,461,100,461,1
2010/11/16,469,470,469,470,800,470,1
2010/11/25,465,465,465,465,800,465,1
2010/11/26,454,470,454,470,6300,470,1
2010/11/29,462,462,462,462,100,462,1
2010/12/01,455,455,455,455,1000,455,1
2010/12/02,456,456,450,450,900,450,1
2010/12/03,446,450,446,450,500,450,1
2010/12/06,454,454,454,454,500,454,1
2010/12/07,446,446,446,446,800,446,1
2010/12/08,450,450,450,450,100,450,1
2010/12/09,443,443,440,440,2900,440,1
2010/12/10,440,455,440,455,2100,455,1
2010/12/13,440,440,440,440,300,440,1
2010/12/14,440,450,440,450,800,450,1
2010/12/15,440,440,440,440,400,440,1
2010/12/16,446,446,444,446,3200,446,1
2010/12/17,414,420,414,418,2900,418,1
2010/12/20,418,418,418,418,300,418,1
2010/12/21,425,425,418,418,400,418,1
2010/12/22,418,418,418,418,300,418,1
2010/12/27,426,437,414,414,5200,414,1
2010/12/29,408,408,408,408,1300,408,1
2010/12/30,406,406,406,406,100,406,1
2011/01/04,410,412,410,412,300,412,1
2011/01/05,411,411,411,411,100,411,1
2011/01/12,420,428,420,428,300,428,1
2011/01/17,436,436,436,436,700,436,1
2011/01/18,420,420,420,420,200,420,1
2011/01/25,425,438,425,438,200,438,1
2011/01/26,446,446,444,446,4700,446,1
2011/02/04,437,437,430,430,1600,430,1
2011/02/07,433,433,433,433,200,433,1
2011/02/08,425,425,425,425,300,425,1
2011/02/15,441,441,433,433,1100,433,1
2011/02/16,439,439,438,438,700,438,1
2011/02/21,430,430,422,422,2700,422,1
2011/02/23,435,435,435,435,100,435,1
2011/02/25,432,432,430,430,800,430,1
2011/02/28,430,437,430,437,4800,437,1
2011/03/01,433,433,433,433,100,433,1
2011/03/15,430,430,430,430,100,430,1
2011/03/16,430,431,430,431,700,431,1
2011/03/18,433,433,433,433,1000,433,1
2011/03/22,435,435,433,435,3600,435,1
2011/03/24,435,435,435,435,2000,435,1
2011/03/25,435,435,435,435,2000,435,1
2011/03/28,435,445,435,445,7200,445,1
2011/03/29,445,445,445,445,2100,445,1
2011/03/31,445,445,445,445,100,445,1
2011/04/04,435,435,435,435,200,435,1
2011/04/05,435,435,435,435,1000,435,1
2011/04/07,435,435,435,435,600,435,1
2011/04/08,427,435,423,435,1600,435,1
2011/04/12,430,430,430,430,100,430,1
2011/04/14,435,450,427,430,7000,430,1
2011/04/15,430,430,430,430,1500,430,1
2011/04/18,430,434,430,430,4600,430,1
2011/04/19,435,435,435,435,1000,435,1
2011/04/20,431,431,431,431,500,431,1
2011/04/22,430,434,430,434,600,434,1
2011/04/25,444,444,444,444,400,444,1
2011/04/26,480,480,479,480,5200,480,1
2011/04/28,444,444,444,444,600,444,1
2011/05/09,440,440,440,440,1500,440,1
2011/05/11,440,440,440,440,1000,440,1
2011/05/12,440,440,439,440,700,440,1
2011/05/13,438,438,420,421,3200,421,1
2011/05/16,425,425,423,425,1000,425,1
2011/05/18,430,430,430,430,400,430,1
2011/05/23,437,437,432,432,900,432,1
2011/05/24,440,440,424,440,4400,440,1
2011/05/26,439,440,439,440,4600,440,1
2011/05/27,432,432,426,426,900,426,1
2011/06/02,434,434,434,434,600,434,1
2011/06/03,435,435,435,435,200,435,1
2011/06/10,428,429,428,429,400,429,1
2011/06/15,430,430,430,430,400,430,1
2011/06/16,437,438,437,438,800,438,1
2011/06/17,439,439,439,439,100,439,1
2011/06/20,431,431,431,431,100,431,1
2011/06/23,440,440,440,440,1400,440,1
2011/06/24,440,440,440,440,1100,440,1
2011/06/27,440,463,440,463,4600,463,1
2011/06/28,416,416,416,416,100,416,1
2011/07/08,425,425,425,425,100,425,1
2011/07/14,444,444,444,444,200,444,1
2011/07/19,468,468,468,468,3000,468,1
2011/07/21,440,440,440,440,300,440,1
2011/07/22,445,445,445,445,100,445,1
2011/07/25,445,445,445,445,3000,445,1
2011/07/26,459,460,459,460,4500,460,1
2011/08/08,458,458,458,458,100,458,1
2011/08/16,478,478,478,478,700,478,1
2011/08/26,470,470,470,470,4300,470,1
2011/09/09,468,468,468,468,400,468,1
2011/09/13,470,470,470,470,100,470,1
2011/09/14,470,470,470,470,700,470,1
2011/09/15,470,470,470,470,300,470,1
2011/09/16,469,469,469,469,800,469,1
2011/09/22,469,469,469,469,400,469,1
2011/09/26,469,470,469,470,4300,470,1
2011/09/28,451,451,451,451,100,451,1
2011/10/11,461,465,460,460,700,460,1
2011/10/14,453,453,453,453,200,453,1
2011/10/17,461,465,460,460,2600,460,1
2011/10/18,455,455,451,451,200,451,1
2011/10/24,450,450,450,450,1500,450,1
2011/10/25,452,452,447,447,1200,447,1
2011/10/26,454,462,454,462,5700,462,1
2011/10/27,450,450,450,450,200,450,1
2011/11/04,458,470,458,470,6700,470,1
2011/11/07,470,470,470,470,500,470,1
2011/11/09,470,470,470,470,200,470,1
2011/11/10,451,451,442,442,1900,442,1
2011/11/14,450,450,450,450,800,450,1
2011/11/15,451,465,451,465,800,465,1
2011/11/16,464,464,451,451,1100,451,1
2011/11/17,450,450,440,443,2000,443,1
2011/11/21,437,437,437,437,600,437,1
2011/11/22,429,445,429,445,2700,445,1
2011/11/25,446,446,445,445,1000,445,1
2011/11/28,429,436,429,436,5200,436,1
2011/11/30,436,436,436,436,100,436,1
2011/12/02,443,450,443,450,1200,450,1
2011/12/09,460,460,460,460,100,460,1
2011/12/14,460,460,457,460,1700,460,1
2011/12/16,468,486,468,486,3000,486,1
2011/12/22,467,468,467,468,2100,468,1
2011/12/26,457,457,457,457,4400,457,1
2012/01/13,477,477,468,468,400,468,1
2012/01/16,470,478,470,478,900,478,1
2012/01/19,480,480,480,480,400,480,1
2012/01/20,480,480,480,480,100,480,1
2012/01/24,480,480,480,480,300,480,1
2012/01/25,480,480,480,480,500,480,1
2012/01/26,500,550,500,550,4000,550,1
2012/02/08,500,500,500,500,500,500,1
2012/02/13,482,482,474,474,500,474,1
2012/02/16,550,550,550,550,700,550,1
2012/02/17,550,550,550,550,200,550,1
2012/02/20,550,550,482,482,2800,482,1
2012/02/21,500,500,500,500,100,500,1
2012/02/23,500,500,498,498,300,498,1
2012/02/24,490,490,490,490,600,490,1
2012/02/27,540,540,490,490,6900,490,1
2012/03/09,498,498,498,498,500,498,1
2012/03/14,493,493,493,493,200,493,1
2012/03/15,485,485,485,485,300,485,1
2012/03/16,498,498,497,497,600,497,1
2012/03/19,489,489,489,489,300,489,1
2012/03/22,495,495,494,494,300,494,1
2012/03/23,495,500,495,500,600,500,1
2012/03/26,510,510,510,510,4000,510,1
2012/03/30,500,510,500,510,800,510,1
2012/04/03,515,515,515,515,100,515,1
2012/04/06,495,495,495,495,700,495,1
2012/04/09,487,487,487,487,800,487,1
2012/04/13,501,501,500,500,200,500,1
2012/04/16,550,550,547,549,2700,549,1
2012/04/17,509,509,509,509,100,509,1
2012/04/24,527,527,500,500,2500,500,1
2012/04/25,530,530,530,530,100,530,1
2012/04/26,540,540,539,540,5000,540,1
2012/05/07,500,500,500,500,1400,500,1
2012/05/10,500,500,482,482,200,482,1
2012/05/16,540,540,540,540,600,540,1
2012/05/24,510,510,510,510,2700,510,1
2012/05/25,518,520,516,516,1100,516,1
2012/05/28,530,530,530,530,4500,530,1
2012/06/13,520,520,520,520,500,520,1
2012/06/15,500,515,500,510,4500,510,1
2012/06/18,500,510,500,510,700,510,1
2012/06/19,500,500,500,500,1300,500,1
2012/06/20,491,491,491,491,300,491,1
2012/06/22,505,505,485,485,1300,485,1
2012/06/25,500,500,500,500,100,500,1
2012/06/26,518,530,518,530,4600,530,1
2012/07/10,530,530,530,530,500,530,1
2012/07/11,520,520,515,515,800,515,1
2012/07/13,515,515,510,510,4000,510,1
2012/07/17,503,513,503,513,2700,513,1
2012/07/25,508,518,507,518,1300,518,1
2012/07/26,540,540,539,540,4400,540,1
2012/08/09,520,520,520,520,100,520,1
2012/08/10,511,511,508,508,2700,508,1
2012/08/14,500,510,500,510,300,510,1
2012/08/16,515,518,515,518,600,518,1
2012/08/21,508,508,508,508,1200,508,1
2012/08/24,498,520,495,520,2700,520,1
2012/08/27,518,518,517,518,4600,518,1
2012/08/31,511,511,511,511,100,511,1
2012/09/04,501,501,501,501,300,501,1
2012/09/05,506,506,506,506,100,506,1
2012/09/18,510,512,510,512,700,512,1
2012/09/19,476,476,476,476,3800,476,1
2012/09/20,480,480,480,480,1400,480,1
2012/09/24,472,472,472,472,1000,472,1
2012/09/25,480,484,480,480,400,480,1
2012/09/26,494,494,494,494,4900,494,1
2012/10/01,470,470,470,470,1300,470,1
2012/10/15,472,472,472,472,200,472,1
2012/10/16,478,480,478,480,2400,480,1
2012/10/25,480,489,480,489,4500,489,1
2012/10/26,495,495,495,495,6100,495,1
2012/10/31,481,481,481,481,1600,481,1
2012/11/07,485,485,485,485,200,485,1
2012/11/12,477,477,477,477,4600,477,1
2012/11/13,477,477,477,477,100,477,1
2012/11/16,493,494,493,494,700,494,1
2012/11/22,487,487,487,487,1200,487,1
2012/11/26,489,489,489,489,4900,489,1
2012/11/30,480,480,480,480,100,480,1
2012/12/11,480,488,480,488,900,488,1
2012/12/12,480,488,480,488,1700,488,1
2012/12/13,480,480,480,480,100,480,1
2012/12/14,480,488,480,488,400,488,1
2012/12/17,476,493,476,493,3300,493,1
2012/12/18,480,480,480,480,100,480,1
2012/12/19,480,480,480,480,300,480,1
2012/12/20,478,478,478,478,200,478,1
2012/12/21,478,478,478,478,200,478,1
2012/12/25,478,480,478,480,1100,480,1
2012/12/26,467,483,467,482,5500,482,1
2012/12/28,478,478,478,478,100,478,1
2013/01/08,478,478,478,478,300,478,1
2013/01/09,475,475,475,475,300,475,1
2013/01/11,484,484,476,484,500,484,1
2013/01/15,480,480,480,480,100,480,1
2013/01/16,475,479,475,479,700,479,1
2013/01/17,473,473,473,473,1000,473,1
2013/01/25,468,472,468,472,600,472,1
2013/01/28,470,470,470,470,5100,470,1
2013/02/04,465,466,465,466,500,466,1
2013/02/05,470,470,470,470,100,470,1
2013/02/06,467,467,467,467,300,467,1
2013/02/12,467,467,467,467,100,467,1
2013/02/14,467,467,467,467,800,467,1
2013/02/15,455,455,455,455,1600,455,1
2013/02/18,447,452,446,446,1800,446,1
2013/02/19,444,446,444,444,1200,444,1
2013/02/20,445,445,445,445,1200,445,1
2013/02/21,445,445,445,445,400,445,1
2013/02/22,444,444,444,444,100,444,1
2013/02/25,440,440,439,440,1700,440,1
2013/02/26,434,440,434,440,6000,440,1
2013/02/28,435,435,434,434,800,434,1
2013/03/01,432,432,432,432,200,432,1
2013/03/04,440,440,429,440,1400,440,1
2013/03/06,440,440,440,440,100,440,1
2013/03/07,432,436,432,436,400,436,1
2013/03/11,439,439,439,439,600,439,1
2013/03/13,437,437,434,434,600,434,1
2013/03/14,434,434,434,434,200,434,1
2013/03/15,434,434,434,434,200,434,1
2013/03/18,430,434,430,430,1600,430,1
2013/03/19,425,425,425,425,2500,425,1
2013/03/22,426,426,426,426,400,426,1
2013/03/25,430,430,430,430,1000,430,1
2013/03/26,434,440,421,423,8900,423,1
2013/03/27,422,422,414,414,3000,414,1
2013/03/28,411,430,411,430,3000,430,1
2013/03/29,429,429,417,417,300,417,1
2013/04/02,417,417,417,417,100,417,1
2013/04/05,414,415,413,413,600,413,1
2013/04/08,408,408,405,405,1500,405,1
2013/04/10,412,412,412,412,100,412,1
2013/04/12,413,413,413,413,200,413,1
2013/04/15,416,418,416,418,400,418,1
2013/04/16,400,409,400,409,3700,409,1
2013/04/19,401,401,401,401,3900,401,1
2013/04/23,415,415,399,401,3900,401,1
2013/04/24,409,409,400,409,2900,409,1
2013/04/25,408,410,408,410,1400,410,1
2013/04/26,406,410,404,410,7800,410,1
2013/04/30,409,409,409,409,200,409,1
2013/05/01,410,410,410,410,1000,410,1
2013/05/02,410,410,402,402,700,402,1
2013/05/07,409,410,402,410,1100,410,1
2013/05/08,409,409,409,409,200,409,1
2013/05/10,410,410,400,400,2100,400,1
2013/05/13,408,408,408,408,100,408,1
2013/05/14,410,410,410,410,1100,410,1
2013/05/15,410,410,410,410,100,410,1
2013/05/16,410,410,410,410,900,410,1
2013/05/17,408,408,408,408,100,408,1
2013/05/20,410,411,404,411,3200,411,1
2013/05/22,411,411,411,411,100,411,1
2013/05/23,410,410,409,409,500,409,1
2013/05/24,409,409,409,409,100,409,1
2013/05/27,404,407,402,407,4600,407,1
2013/05/31,408,408,396,396,1200,396,1
2013/06/04,390,390,390,390,1600,390,1
2013/06/05,398,400,398,400,500,400,1
2013/06/06,390,390,390,390,100,390,1
2013/06/17,397,397,397,397,4800,397,1
2013/06/18,398,398,398,398,600,398,1
2013/06/19,398,400,398,400,600,400,1
2013/06/20,400,400,400,400,100,400,1
2013/06/21,400,400,394,394,1800,394,1
2013/06/24,395,408,391,408,1600,408,1
2013/06/25,424,424,424,424,1700,424,1
2013/06/26,425,425,423,424,3300,424,1
2013/06/28,394,394,394,394,100,394,1
2013/07/04,400,400,400,400,100,400,1
2013/07/05,400,400,400,400,100,400,1
2013/07/08,400,400,400,400,400,400,1
2013/07/09,400,400,400,400,100,400,1
2013/07/10,399,399,399,399,100,399,1
2013/07/11,400,400,399,399,1100,399,1
2013/07/16,401,401,400,400,3500,400,1
2013/07/17,400,400,400,400,200,400,1
2013/07/18,400,400,400,400,200,400,1
2013/07/19,400,400,400,400,800,400,1
2013/07/23,399,399,398,398,1200,398,1
2013/07/24,397,397,396,397,900,397,1
2013/07/25,397,397,397,397,700,397,1
2013/07/26,400,400,396,396,6000,396,1
2013/07/29,397,400,397,400,400,400,1
2013/07/30,396,396,396,396,1300,396,1
2013/07/31,399,399,399,399,300,399,1
2013/08/01,398,398,398,398,100,398,1
2013/08/02,398,398,398,398,100,398,1
2013/08/06,398,398,398,398,100,398,1
2013/08/08,399,399,399,399,600,399,1
2013/08/09,398,398,396,396,1100,396,1
2013/08/13,397,397,397,397,100,397,1
2013/08/14,400,400,399,400,2200,400,1
2013/08/15,400,400,398,398,1200,398,1
2013/08/16,400,400,395,395,1200,395,1
2013/08/19,397,397,396,396,1800,396,1
2013/08/20,397,397,397,397,100,397,1
2013/08/21,397,397,397,397,100,397,1
2013/08/22,398,398,395,395,1200,395,1
2013/08/23,396,396,394,394,200,394,1
2013/08/26,400,400,390,390,4600,390,1
2013/08/27,390,390,390,390,600,390,1
2013/08/29,390,390,390,390,100,390,1
2013/08/30,391,391,391,391,100,391,1
2013/09/03,391,392,389,389,700,389,1
2013/09/04,392,392,392,392,100,392,1
2013/09/05,391,391,391,391,700,391,1
2013/09/09,391,391,391,391,1100,391,1
2013/09/10,391,391,377,390,1400,390,1
2013/09/11,386,394,385,394,2500,394,1
2013/09/12,390,390,388,388,2000,388,1
2013/09/13,390,390,390,390,1200,390,1
2013/09/17,386,390,386,390,3400,390,1
2013/09/18,391,391,391,391,200,391,1
2013/09/19,390,390,387,387,2900,387,1
2013/09/20,389,391,389,391,1200,391,1
2013/09/24,389,389,389,389,2000,389,1
2013/09/25,389,389,389,389,300,389,1
2013/09/26,391,392,388,388,4700,388,1
2013/09/27,386,391,386,389,2100,389,1
2013/09/30,388,391,386,391,2200,391,1
2013/10/01,388,391,388,388,2400,388,1
2013/10/02,389,389,389,389,200,389,1
2013/10/03,389,389,389,389,200,389,1
2013/10/04,388,388,386,386,2000,386,1
2013/10/07,387,387,387,387,100,387,1
2013/10/08,388,388,388,388,100,388,1
2013/10/10,396,396,396,396,100,396,1
2013/10/15,400,400,399,400,1500,400,1
2013/10/16,424,425,397,397,3000,397,1
2013/10/17,395,395,395,395,1000,395,1
2013/10/21,395,395,395,395,100,395,1
2013/10/22,398,398,398,398,100,398,1
2013/10/23,398,398,392,392,1200,392,1
2013/10/25,396,396,396,396,100,396,1
2013/10/28,417,418,391,391,7000,391,1
2013/10/29,393,399,393,399,200,399,1
2013/11/05,417,460,405,405,5500,405,1
2013/11/06,400,400,400,400,800,400,1
2013/11/08,397,397,397,397,100,397,1
2013/11/11,397,397,397,397,100,397,1
2013/11/12,395,397,395,397,200,397,1
2013/11/13,398,398,397,397,400,397,1
2013/11/14,394,397,394,397,1500,397,1
2013/11/15,397,397,397,397,100,397,1
2013/11/18,409,409,400,400,2100,400,1
2013/11/19,399,400,399,400,600,400,1
2013/11/20,400,400,399,399,1100,399,1
2013/11/21,400,400,392,392,1500,392,1
2013/11/22,408,408,408,408,200,408,1
2013/11/25,407,408,403,408,1300,408,1
2013/11/26,410,420,410,418,3600,418,1
2013/11/28,396,398,396,398,1200,398,1
2013/11/29,406,406,406,406,300,406,1
2013/12/02,410,410,410,410,200,410,1
2013/12/05,410,410,410,410,200,410,1
2013/12/09,409,410,409,410,700,410,1
2013/12/11,410,410,394,400,1900,400,1
2013/12/12,408,408,408,408,200,408,1
2013/12/16,416,420,416,420,3200,420,1
2013/12/18,414,414,413,413,200,413,1
2013/12/20,396,397,396,396,3000,396,1
2013/12/24,397,397,395,396,1400,396,1
2013/12/25,400,400,393,400,700,400,1
2013/12/26,411,419,400,400,3500,400,1
2013/12/30,397,400,397,400,500,400,1
2014/01/06,408,410,408,410,600,410,1
2014/01/08,410,415,410,415,800,415,1
2014/01/09,414,414,414,414,500,414,1
2014/01/10,414,414,414,414,900,414,1
2014/01/15,410,416,400,400,2600,400,1
2014/01/16,400,400,400,400,1800,400,1
2014/01/17,400,400,400,400,1400,400,1
2014/01/20,402,402,402,402,100,402,1
2014/01/21,418,418,418,418,2100,418,1
2014/01/22,415,424,415,424,300,424,1
2014/01/23,408,408,408,408,2100,408,1
2014/01/24,408,410,408,410,500,410,1
2014/01/27,409,409,400,400,4400,400,1
2014/01/29,408,408,396,396,1700,396,1
2014/02/04,396,396,396,396,300,396,1
2014/02/05,388,388,347,370,3500,370,1
2014/02/06,370,370,351,352,2100,352,1
2014/02/07,353,365,353,360,1400,360,1
2014/02/10,364,364,364,364,300,364,1
2014/02/12,375,375,375,375,100,375,1
2014/02/13,379,379,379,379,100,379,1
2014/02/14,371,371,371,371,100,371,1
2014/02/17,379,379,373,373,900,373,1
2014/02/18,371,371,371,371,100,371,1
2014/02/19,374,391,372,391,3600,391,1
2014/02/20,423,423,405,405,9100,405,1
2014/02/21,405,415,405,415,4900,415,1
2014/02/24,391,395,391,395,1300,395,1
2014/02/25,405,412,400,400,2600,400,1
2014/02/26,407,407,400,400,1400,400,1
2014/02/27,400,400,400,400,1300,400,1
2014/02/28,408,408,396,396,2600,396,1
2014/03/03,396,398,396,396,3400,396,1
2014/03/04,396,396,396,396,800,396,1
2014/03/05,402,402,397,397,200,397,1
2014/03/06,396,396,396,396,1800,396,1
2014/03/07,396,396,396,396,1900,396,1
2014/03/10,396,396,396,396,1900,396,1
2014/03/11,396,396,385,389,3000,389,1
2014/03/12,389,391,389,389,3300,389,1
2014/03/13,389,389,388,389,1900,389,1
2014/03/14,381,382,370,370,3800,370,1
2014/03/17,389,389,389,389,1000,389,1
2014/03/18,381,381,381,381,1000,381,1
2014/03/20,382,382,381,381,300,381,1
2014/03/25,381,382,375,382,1600,382,1
2014/03/26,387,387,387,387,1200,387,1
2014/03/27,395,395,395,395,1200,395,1
2014/03/28,403,411,395,395,1400,395,1
2014/04/01,395,395,395,395,1500,395,1
2014/04/08,395,395,395,395,1000,395,1
2014/04/10,403,403,395,395,1300,395,1
2014/04/11,395,395,395,395,1200,395,1
2014/04/14,395,395,395,395,600,395,1
2014/04/15,396,398,395,395,1000,395,1
2014/04/16,410,418,385,385,2900,385,1
2014/04/21,400,400,400,400,100,400,1
2014/04/23,403,410,403,410,2600,410,1
2014/04/25,410,410,405,410,1000,410,1
2014/04/28,410,410,410,410,1300,410,1
2014/04/30,410,410,410,410,1400,410,1
2014/05/01,410,410,410,410,1400,410,1
2014/05/12,410,410,399,399,1100,399,1
2014/05/15,400,400,400,400,800,400,1
2014/05/16,405,405,405,405,1200,405,1
2014/05/26,413,413,413,413,1100,413,1
2014/05/27,410,410,410,410,1100,410,1
2014/05/28,410,410,410,410,1200,410,1
2014/05/29,410,410,410,410,400,410,1
2014/05/30,410,410,410,410,400,410,1
2014/06/02,410,410,410,410,400,410,1
2014/06/03,409,409,393,406,1800,406,1
2014/06/04,406,406,406,406,400,406,1
2014/06/05,406,406,406,406,400,406,1
2014/06/06,406,406,406,406,200,406,1
2014/06/13,407,407,407,407,100,407,1
2014/06/16,410,410,410,410,900,410,1
2014/06/17,410,410,410,410,1300,410,1
2014/06/18,410,410,410,410,100,410,1
2014/06/24,415,415,415,415,100,415,1
2014/06/25,410,410,410,410,300,410,1
2014/06/26,413,413,413,413,1100,413,1
2014/06/27,420,420,420,420,1100,420,1
2014/06/30,428,428,427,428,1100,428,1
2014/07/01,428,428,428,428,100,428,1
2014/07/04,420,425,420,425,800,425,1
2014/07/15,420,420,420,420,200,420,1
2014/07/16,424,425,424,425,3200,425,1
2014/07/22,396,396,396,396,300,396,1
2014/07/23,404,406,404,406,200,406,1
2014/07/24,410,410,410,410,100,410,1
2014/07/25,420,420,420,420,100,420,1
2014/07/28,419,419,419,419,1100,419,1
2014/07/29,419,419,419,419,1100,419,1
2014/07/30,419,419,419,419,1100,419,1
2014/07/31,400,400,400,400,300,400,1
2014/08/01,394,394,394,394,800,394,1
2014/08/07,394,394,394,394,200,394,1
2014/08/15,401,409,401,409,200,409,1
2014/08/18,400,405,397,405,2400,405,1
2014/08/19,405,405,405,405,700,405,1
2014/08/20,405,413,405,413,300,413,1
2014/08/21,413,413,411,413,400,413,1
2014/08/22,413,416,413,416,400,416,1
2014/08/25,416,416,415,415,400,415,1
2014/08/26,416,416,400,415,3200,415,1
2014/08/27,410,410,410,410,1600,410,1
2014/08/28,410,415,410,415,1500,415,1
2014/09/01,415,418,415,418,1900,418,1
2014/09/02,418,418,418,418,500,418,1
2014/09/03,418,418,418,418,500,418,1
2014/09/04,418,418,418,418,500,418,1
2014/09/05,418,418,418,418,400,418,1
2014/09/09,423,423,423,423,300,423,1
2014/09/10,423,423,421,421,800,421,1
2014/09/11,413,413,413,413,300,413,1
2014/09/12,410,410,410,410,100,410,1
2014/09/16,420,421,420,421,2700,421,1
2014/09/17,421,421,421,421,400,421,1
2014/09/22,421,421,421,421,300,421,1
2014/09/25,421,421,421,421,200,421,1
2014/09/26,423,423,423,423,1300,423,1
2014/09/29,425,425,425,425,1300,425,1
2014/09/30,424,424,424,424,1200,424,1
2014/10/02,424,424,424,424,500,424,1
2014/10/03,424,424,424,424,500,424,1
2014/10/06,424,424,424,424,500,424,1
2014/10/07,424,424,423,423,500,423,1
2014/10/08,423,423,423,423,500,423,1
2014/10/09,423,423,409,409,600,409,1
2014/10/10,385,385,385,385,2000,385,1
2014/10/14,385,385,385,385,200,385,1
2014/10/15,399,399,399,399,200,399,1
2014/10/16,407,408,406,408,1000,408,1
2014/10/17,407,407,385,385,2100,385,1
2014/10/24,380,380,380,380,1000,380,1
2014/10/27,396,396,380,380,3400,380,1
2014/10/28,410,410,372,376,3200,376,1
2014/10/29,398,400,398,400,1400,400,1
2014/10/31,400,400,392,392,400,392,1
2014/11/10,408,408,408,408,800,408,1
2014/11/11,408,408,408,408,300,408,1
2014/11/14,410,410,410,410,1100,410,1
2014/11/17,410,410,400,400,2500,400,1
2014/11/20,392,394,392,394,1100,394,1
2014/11/21,402,402,402,402,400,402,1
2014/11/26,410,410,410,410,1800,410,1
2014/11/27,410,410,410,410,1800,410,1
2014/11/28,421,422,421,422,1100,422,1
2014/12/01,422,422,422,422,600,422,1
2014/12/02,420,420,420,420,600,420,1
2014/12/03,419,419,388,404,4900,404,1
2014/12/04,404,404,404,404,500,404,1
2014/12/05,404,404,404,404,300,404,1
2014/12/08,396,397,396,397,2100,397,1
2014/12/09,397,397,397,397,100,397,1
2014/12/10,397,397,391,391,1700,391,1
2014/12/11,391,391,391,391,100,391,1
2014/12/12,398,398,398,398,700,398,1
2014/12/15,398,405,398,405,400,405,1
2014/12/16,408,421,408,420,5500,420,1
2014/12/17,420,420,396,415,1800,415,1
2014/12/18,415,415,415,415,1000,415,1
2014/12/19,415,415,415,415,1000,415,1
2014/12/24,401,401,398,398,2700,398,1
2014/12/25,395,395,390,390,1000,390,1
2014/12/26,409,409,408,408,1600,408,1
2014/12/29,416,416,401,401,1600,401,1
2014/12/30,418,418,402,403,1400,403,1
2015/01/05,403,403,403,403,100,403,1
2015/01/06,403,403,403,403,100,403,1
2015/01/07,403,403,403,403,100,403,1
2015/01/08,403,403,403,403,100,403,1
2015/01/09,403,403,403,403,100,403,1
2015/01/13,403,403,403,403,100,403,1
2015/01/14,403,403,403,403,100,403,1
2015/01/15,403,403,403,403,100,403,1
2015/01/16,404,405,403,403,1200,403,1
2015/01/19,403,403,403,403,100,403,1
2015/01/20,403,403,403,403,100,403,1
2015/01/21,403,410,403,410,200,410,1
2015/01/22,410,410,410,410,700,410,1
2015/01/23,410,410,410,410,100,410,1
2015/01/26,415,415,415,415,1100,415,1
2015/01/27,420,420,420,420,1100,420,1
2015/01/28,420,420,420,420,1100,420,1
2015/01/29,422,422,420,420,300,420,1
2015/01/30,420,420,420,420,300,420,1
2015/02/02,420,420,420,420,300,420,1
2015/02/03,422,422,420,420,600,420,1
2015/02/04,423,423,420,423,800,423,1
2015/02/05,423,423,423,423,300,423,1
2015/02/06,423,423,423,423,300,423,1
2015/02/09,423,423,423,423,400,423,1
2015/02/10,423,423,423,423,400,423,1
2015/02/12,423,423,420,420,400,420,1
2015/02/13,420,420,420,420,400,420,1
2015/02/16,410,410,410,410,900,410,1
2015/02/17,408,408,408,408,100,408,1
2015/02/18,406,415,406,415,400,415,1
2015/02/19,420,425,416,425,3800,425,1
2015/02/20,424,424,414,423,1000,423,1
2015/02/23,423,423,420,420,3400,420,1
2015/02/24,418,418,418,418,700,418,1
2015/02/25,423,423,423,423,200,423,1
2015/02/26,424,424,423,423,1600,423,1
2015/02/27,423,423,422,422,1800,422,1
2015/03/02,424,428,424,428,7000,428,1
2015/03/03,428,428,410,410,1600,410,1
2015/03/04,410,411,400,403,2500,403,1
2015/03/05,405,407,402,407,800,407,1
2015/03/06,407,407,407,407,100,407,1
2015/03/09,407,407,407,407,600,407,1
2015/03/13,415,415,415,415,200,415,1
2015/03/16,425,425,424,425,3100,425,1
2015/03/17,425,428,425,428,800,428,1
2015/03/18,425,428,425,425,1600,425,1
2015/03/19,435,435,425,425,5700,425,1
2015/03/20,425,425,425,425,200,425,1
2015/03/23,417,417,417,417,1300,417,1
2015/03/24,421,422,421,422,600,422,1
2015/03/25,424,425,424,425,1500,425,1
2015/03/26,434,434,426,426,1400,426,1
2015/03/27,434,434,434,434,1100,434,1
2015/03/30,435,435,435,435,1100,435,1
2015/03/31,435,435,420,420,1500,420,1
2015/04/01,421,421,421,421,1000,421,1
2015/04/06,405,410,405,410,3600,410,1
2015/04/07,412,415,412,412,1300,412,1
2015/04/13,420,420,404,415,2200,415,1
2015/04/15,417,420,415,420,1200,420,1
2015/04/16,430,430,412,419,3600,419,1
2015/04/17,419,419,419,419,100,419,1
2015/04/21,419,419,418,418,400,418,1
2015/04/22,420,420,419,419,1200,419,1
2015/04/23,426,426,414,414,1600,414,1
2015/04/24,415,430,415,422,1100,422,1
2015/04/27,422,422,420,420,3400,420,1
2015/04/28,410,415,410,411,5000,411,1
2015/04/30,424,424,420,420,1400,420,1
2015/05/01,420,420,420,420,200,420,1
2015/05/07,424,424,420,420,2300,420,1
2015/05/08,420,420,420,420,400,420,1
2015/05/11,420,420,420,420,500,420,1
2015/05/12,420,421,420,421,200,421,1
2015/05/13,422,422,422,422,100,422,1
2015/05/18,430,430,418,418,1800,418,1
2015/05/19,420,420,412,412,7000,412,1
2015/05/20,412,412,412,412,1600,412,1
2015/05/21,413,430,413,414,2100,414,1
2015/05/22,415,430,415,430,1300,430,1
2015/05/25,432,435,431,435,3500,435,1
2015/05/26,436,436,435,435,1900,435,1
2015/05/27,439,439,433,433,1500,433,1
2015/05/28,441,443,430,431,2400,431,1
2015/05/29,431,431,430,430,900,430,1
2015/06/01,430,430,430,430,600,430,1
2015/06/02,430,430,430,430,100,430,1
2015/06/03,431,431,431,431,200,431,1
2015/06/04,431,431,431,431,100,431,1
2015/06/08,431,431,431,431,1500,431,1
2015/06/09,431,431,431,431,700,431,1
2015/06/10,435,435,431,431,1000,431,1
2015/06/12,435,439,435,439,600,439,1
2015/06/15,440,450,440,450,1600,450,1
2015/06/16,460,470,460,470,2600,470,1
2015/06/17,462,483,462,480,2400,480,1
2015/06/18,488,510,488,510,6400,510,1
2015/06/19,510,510,482,484,900,484,1
2015/06/22,490,505,487,505,1500,505,1
2015/06/23,505,510,492,492,2000,492,1
2015/06/24,505,510,500,500,1300,500,1
2015/06/25,500,510,500,510,200,510,1
2015/06/26,504,533,504,510,5400,510,1
2015/06/29,510,538,480,480,2700,480,1
2015/06/30,544,560,518,518,4400,518,1
2015/07/01,528,540,525,525,2500,525,1
2015/07/02,578,578,577,577,2000,577,1
2015/07/03,575,598,558,590,1900,590,1
2015/07/06,590,612,590,590,1000,590,1
2015/07/07,590,620,590,610,1300,610,1
2015/07/08,593,610,593,610,500,610,1
2015/07/09,610,610,524,524,4600,524,1
2015/07/10,544,604,544,590,3200,590,1
2015/07/13,590,600,590,600,1000,600,1
2015/07/14,590,590,580,580,2900,580,1
2015/07/15,580,580,580,580,900,580,1
2015/07/16,620,620,620,620,3100,620,1
2015/07/17,615,620,590,590,1900,590,1
2015/07/21,580,580,580,580,1300,580,1
2015/07/22,580,580,570,570,1000,570,1
2015/07/23,580,580,575,580,2300,580,1
2015/07/27,599,599,599,599,900,599,1
2015/07/28,599,599,580,581,1500,581,1
2015/07/29,604,605,580,580,3300,580,1
2015/07/30,580,589,580,589,700,589,1
2015/07/31,580,580,575,575,800,575,1
2015/08/03,575,575,575,575,1000,575,1
2015/08/04,575,575,575,575,1600,575,1
2015/08/05,575,575,575,575,1700,575,1
2015/08/06,575,575,571,575,1600,575,1
2015/08/07,575,575,575,575,800,575,1
2015/08/10,575,575,575,575,1000,575,1
2015/08/11,575,575,575,575,500,575,1
2015/08/14,575,575,575,575,1100,575,1
2015/08/17,595,597,595,596,1000,596,1
2015/08/18,590,590,575,575,600,575,1
2015/08/19,575,575,570,570,1100,570,1
2015/08/20,570,570,570,570,300,570,1
2015/08/21,570,570,560,560,1100,560,1
2015/08/24,560,560,560,560,200,560,1
2015/08/25,560,560,559,559,1100,559,1
2015/08/26,598,598,560,560,1300,560,1
2015/08/27,580,580,560,560,2500,560,1
2015/08/28,599,599,560,560,1300,560,1
2015/09/02,560,560,560,560,200,560,1
2015/09/03,561,561,561,561,100,561,1
2015/09/04,561,561,561,561,100,561,1
2015/09/07,561,561,561,561,100,561,1
2015/09/08,561,561,561,561,200,561,1
2015/09/09,561,561,561,561,400,561,1
2015/09/10,561,561,561,561,100,561,1
2015/09/14,561,561,561,561,200,561,1
2015/09/15,561,565,561,565,1000,565,1
2015/09/16,600,600,562,562,2200,562,1
2015/09/18,522,532,522,532,1800,532,1
2015/09/24,542,542,530,530,300,530,1
2015/09/28,569,569,502,502,1800,502,1
2015/09/29,572,572,572,572,1100,572,1
2015/09/30,596,596,596,596,1200,596,1
2015/10/01,598,598,596,596,400,596,1
2015/10/02,596,596,580,580,300,580,1
2015/10/05,580,580,569,569,600,569,1
2015/10/06,569,569,569,569,600,569,1
2015/10/07,569,569,569,569,600,569,1
2015/10/08,569,569,569,569,600,569,1
2015/10/09,569,569,569,569,500,569,1
2015/10/13,569,569,569,569,800,569,1
2015/10/14,569,569,569,569,100,569,1
2015/10/15,580,580,580,580,200,580,1
2015/10/16,580,580,580,580,1000,580,1
2015/10/19,580,580,580,580,100,580,1
2015/10/20,580,580,580,580,200,580,1
2015/10/21,580,580,540,550,1400,550,1
2015/10/23,551,560,551,560,1400,560,1
2015/10/26,579,579,579,579,900,579,1
2015/10/27,599,599,599,599,900,599,1
2015/10/28,600,600,570,580,1200,580,1
2015/10/29,570,570,560,560,800,560,1
2015/11/02,561,561,560,560,1700,560,1
2015/11/04,560,560,560,560,300,560,1
2015/11/05,560,561,560,560,900,560,1
2015/11/06,560,560,560,560,600,560,1
2015/11/11,540,544,530,535,2300,535,1
2015/11/12,535,540,530,530,800,530,1
2015/11/13,520,535,520,535,1100,535,1
2015/11/16,555,560,530,530,1000,530,1
2015/11/17,525,525,505,520,1600,520,1
2015/11/18,515,515,515,515,100,515,1
2015/11/19,510,510,500,501,2400,501,1
2015/11/20,511,511,490,496,700,496,1
2015/11/24,491,491,485,485,600,485,1
2015/11/25,493,495,480,495,2500,495,1
2015/11/26,498,500,490,495,3100,495,1
2015/11/27,493,493,473,478,3800,478,1
2015/11/30,510,511,501,501,1800,501,1
2015/12/01,491,491,491,491,1100,491,1
2015/12/03,498,498,493,493,700,493,1
2015/12/04,490,493,490,493,300,493,1
2015/12/07,490,490,490,490,100,490,1
2015/12/08,490,490,490,490,300,490,1
2015/12/09,485,485,485,485,200,485,1
2015/12/14,480,485,480,485,2100,485,1
2015/12/15,490,491,490,491,200,491,1
2015/12/16,499,505,490,490,4200,490,1
2015/12/17,490,490,490,490,100,490,1
2015/12/18,482,482,482,482,400,482,1
2015/12/21,490,490,475,475,800,475,1
2015/12/22,470,470,470,470,1000,470,1
2015/12/24,500,507,499,499,1500,499,1
2015/12/25,498,498,495,495,300,495,1
2015/12/28,498,498,490,490,1200,490,1
2015/12/29,498,498,498,498,1100,498,1
2015/12/30,497,497,496,496,1100,496,1
2016/01/04,501,501,501,501,900,501,1
2016/01/05,490,490,485,485,200,485,1
2016/01/14,485,485,470,480,1300,480,1
2016/01/15,465,465,465,465,900,465,1
2016/01/18,481,481,473,473,900,473,1
2016/01/21,457,457,457,457,100,457,1
2016/01/22,457,457,457,457,200,457,1
2016/01/25,455,471,455,471,1100,471,1
2016/01/26,494,494,486,486,1300,486,1
2016/01/27,486,486,486,486,1100,486,1
2016/01/28,486,493,486,493,1100,493,1
2016/02/02,471,471,471,471,100,471,1
2016/02/05,455,455,455,455,100,455,1
2016/02/08,450,450,450,450,200,450,1
2016/02/12,410,410,410,410,100,410,1
2016/02/15,433,433,433,433,300,433,1
2016/02/16,441,441,440,440,1300,440,1
2016/02/18,445,449,445,449,900,449,1
2016/02/19,409,409,409,409,900,409,1
2016/02/22,441,441,441,441,700,441,1
2016/02/23,444,444,392,392,5000,392,1
2016/02/24,402,422,402,422,1600,422,1
2016/02/25,422,422,422,422,100,422,1
2016/02/26,430,430,430,430,1300,430,1
2016/02/29,438,438,438,438,1300,438,1
2016/03/01,438,445,438,445,1300,445,1
2016/03/09,429,429,412,413,3100,413,1
2016/03/10,410,410,406,406,1900,406,1
2016/03/11,408,418,408,418,600,418,1
2016/03/15,410,410,407,407,900,407,1
2016/03/16,415,416,400,407,4100,407,1
2016/03/17,402,402,402,402,100,402,1
2016/03/18,401,401,401,401,700,401,1
2016/03/22,401,404,401,404,500,404,1
2016/03/23,401,401,401,401,500,401,1
2016/03/24,401,404,401,404,300,404,1
2016/03/25,404,406,400,406,800,406,1
2016/03/28,412,412,412,412,1500,412,1
2016/03/29,415,415,415,415,1500,415,1
2016/03/30,417,417,417,417,1400,417,1
2016/04/11,415,415,415,415,100,415,1
2016/04/13,407,407,404,404,500,404,1
2016/04/15,412,418,404,418,1000,418,1
2016/04/18,453,464,443,443,4200,443,1
2016/04/19,435,435,435,435,100,435,1
2016/04/21,430,430,422,422,200,422,1
2016/04/22,450,450,450,450,100,450,1
2016/04/25,449,449,448,449,300,449,1
2016/04/26,460,460,460,460,2200,460,1
2016/04/27,472,472,452,472,2600,472,1
2016/04/28,500,508,490,490,4500,490,1
2016/05/06,490,490,490,490,200,490,1
2016/05/09,495,495,475,475,2500,475,1
2016/05/10,470,470,470,470,700,470,1
2016/05/11,465,465,464,465,1000,465,1
2016/05/12,471,471,471,471,100,471,1
2016/05/13,468,468,468,468,200,468,1
2016/05/16,484,484,484,484,1900,484,1
2016/05/20,460,460,450,452,800,452,1
2016/05/23,458,458,458,458,100,458,1
2016/05/25,458,480,458,480,500,480,1
2016/05/26,495,495,495,495,1600,495,1
2016/05/27,497,497,490,490,1500,490,1
2016/05/30,498,498,498,498,1300,498,1
2016/06/13,492,492,492,492,200,492,1
2016/06/14,484,484,484,484,200,484,1
2016/06/16,505,505,488,488,1400,488,1
2016/06/17,480,500,480,500,700,500,1
2016/06/20,500,503,500,503,400,503,1
2016/06/21,500,500,500,500,100,500,1
2016/06/24,474,496,474,496,600,496,1
2016/06/27,530,530,530,530,1200,530,1
2016/06/28,539,539,520,520,1300,520,1
2016/06/29,540,546,520,520,1600,520,1
2016/06/30,515,515,515,515,100,515,1
2016/07/01,500,500,500,500,1000,500,1
2016/07/14,510,510,510,510,400,510,1
2016/07/15,500,510,500,500,1900,500,1
2016/07/19,550,550,550,550,3400,550,1
2016/07/20,540,540,505,510,1400,510,1
2016/07/21,510,510,510,510,800,510,1
2016/07/22,500,500,500,500,1000,500,1
2016/07/25,510,510,510,510,2000,510,1
2016/07/26,510,510,510,510,1300,510,1
2016/07/27,510,510,505,505,1400,505,1
2016/07/28,509,509,505,505,1500,505,1
2016/07/29,495,495,495,495,100,495,1
2016/08/02,487,487,477,477,1000,477,1
2016/08/04,470,470,470,470,100,470,1
2016/08/16,502,502,502,502,1100,502,1
2016/08/19,490,490,490,490,100,490,1
2016/08/25,497,497,497,497,100,497,1
2016/08/26,497,497,497,497,1200,497,1
2016/08/29,500,500,500,500,1300,500,1
2016/08/30,500,500,500,500,1300,500,1
2016/09/06,495,495,495,495,100,495,1
2016/09/08,503,503,471,471,5000,471,1
2016/09/09,473,481,473,473,800,473,1
2016/09/12,473,475,471,475,1400,475,1
2016/09/14,471,471,466,466,400,466,1
2016/09/15,466,469,465,469,500,469,1
2016/09/16,482,482,467,468,3700,468,1
2016/09/20,452,456,452,452,2900,452,1
2016/09/21,453,453,453,453,100,453,1
2016/09/23,454,456,454,456,1200,456,1
2016/09/26,464,464,454,455,2300,455,1
2016/09/27,475,475,460,460,1900,460,1
2016/09/28,476,477,476,477,1500,477,1
2016/09/29,464,465,463,464,700,464,1
2016/09/30,466,466,466,466,100,466,1
2016/10/03,465,466,463,466,600,466,1
2016/10/04,466,476,466,476,600,476,1
2016/10/05,470,470,470,470,100,470,1
2016/10/07,466,470,464,464,300,464,1
2016/10/11,464,470,464,465,500,465,1
2016/10/12,465,465,465,465,200,465,1
2016/10/13,468,468,462,462,700,462,1
2016/10/14,462,463,460,463,1000,463,1
2016/10/17,467,468,462,462,1700,462,1
2016/10/18,462,462,462,462,100,462,1
2016/10/19,463,465,463,465,400,465,1
2016/10/20,468,470,468,469,2000,469,1
2016/10/21,470,472,470,472,800,472,1
2016/10/24,472,476,470,476,3400,476,1
2016/10/25,476,477,472,475,700,475,1
2016/10/26,479,479,467,467,1900,467,1
2016/10/27,478,478,478,478,1400,478,1
2016/10/28,479,480,479,480,1400,480,1
2016/10/31,478,478,478,478,200,478,1
2016/11/01,471,472,471,471,500,471,1
2016/11/02,471,471,465,465,1200,465,1
2016/11/08,470,475,450,450,6000,450,1
2016/11/09,450,450,450,450,400,450,1
2016/11/10,450,450,444,444,2100,444,1
2016/11/11,445,448,445,448,900,448,1
2016/11/14,450,450,450,450,400,450,1
2016/11/15,454,454,450,454,700,454,1
2016/11/16,458,458,458,458,1000,458,1
2016/11/18,450,450,450,450,600,450,1
2016/11/21,456,456,456,456,100,456,1
2016/11/22,451,451,445,450,2000,450,1
2016/11/24,450,450,444,450,4400,450,1
2016/11/25,448,452,448,450,1100,450,1
2016/11/28,456,456,450,456,1900,456,1
2016/11/29,459,459,459,459,1400,459,1
2016/11/30,461,461,456,456,1800,456,1
2016/12/01,461,462,458,458,1000,458,1
2016/12/02,457,457,457,457,100,457,1
2016/12/05,456,456,456,456,100,456,1
2016/12/06,456,456,456,456,100,456,1
2016/12/07,504,507,461,465,18000,465,1
2016/12/08,473,473,467,467,800,467,1
2016/12/09,468,468,467,467,900,467,1
2016/12/12,470,478,461,463,2700,463,1
2016/12/13,465,476,465,476,1600,476,1
2016/12/14,476,476,474,474,1100,474,1
2016/12/15,475,475,472,475,800,475,1
2016/12/16,483,483,476,480,4500,480,1
2016/12/19,479,480,479,479,700,479,1
2016/12/20,477,477,475,475,600,475,1
2016/12/21,474,474,474,474,100,474,1
2016/12/22,475,481,475,481,1400,481,1
2016/12/26,481,481,481,481,1300,481,1
2016/12/27,482,482,479,479,1800,479,1
2016/12/28,480,481,470,470,2400,470,1
2016/12/30,468,472,468,472,200,472,1
2017/01/04,478,478,468,478,700,478,1
2017/01/05,470,470,470,470,300,470,1
2017/01/10,470,470,470,470,100,470,1
2017/01/11,465,469,465,469,600,469,1
2017/01/13,463,465,463,465,1500,465,1
2017/01/16,475,475,475,475,1200,475,1
2017/01/17,480,480,479,479,200,479,1
2017/01/18,479,479,479,479,100,479,1
2017/01/20,471,471,471,471,100,471,1
2017/01/25,479,479,470,470,400,470,1
2017/01/26,483,483,479,479,2600,479,1
2017/01/27,483,483,479,479,1400,479,1
2017/01/30,483,483,482,482,1700,482,1
2017/01/31,482,482,481,481,300,481,1
2017/02/01,479,485,476,476,3100,476,1
2017/02/03,477,477,476,476,1200,476,1
2017/02/06,477,477,477,477,200,477,1
2017/02/07,482,483,476,483,900,483,1
2017/02/08,476,478,476,478,300,478,1
2017/02/09,485,530,485,530,9500,530,1
2017/02/10,630,630,630,630,50600,630,1
2017/02/13,640,647,579,620,32200,620,1
2017/02/14,610,615,599,600,7000,600,1
2017/02/15,606,606,588,600,11600,600,1
2017/02/16,600,600,588,589,5000,589,1
2017/02/17,587,599,586,599,3400,599,1
2017/02/20,599,600,593,600,2100,600,1
2017/02/21,598,600,598,598,1700,598,1
2017/02/22,600,610,599,610,4700,610,1
2017/02/23,617,620,608,608,1800,608,1
2017/02/24,624,624,610,620,4300,620,1
2017/02/27,620,620,610,610,6100,610,1
2017/02/28,619,619,611,614,1200,614,1
2017/03/01,620,620,619,620,1900,620,1
2017/03/02,620,620,618,618,3000,618,1
2017/03/03,619,620,618,620,1100,620,1
2017/03/06,620,620,619,619,800,619,1
2017/03/07,622,640,622,640,10900,640,1
2017/03/08,631,635,631,635,1800,635,1
2017/03/09,635,635,634,634,900,634,1
2017/03/10,635,635,627,630,800,630,1
2017/03/13,629,648,629,631,4900,631,1
2017/03/14,634,640,634,640,1000,640,1
2017/03/15,635,639,634,639,700,639,1
2017/03/16,645,645,639,639,900,639,1
2017/03/17,647,651,641,651,6000,651,1
2017/03/21,645,650,645,650,2400,650,1
2017/03/22,647,649,646,649,1200,649,1
2017/03/23,650,650,648,650,500,650,1
2017/03/24,648,655,648,655,900,655,1
2017/03/27,657,657,651,651,1800,651,1
2017/03/28,656,656,652,656,1300,656,1
2017/03/29,660,662,651,657,2200,657,1
2017/03/30,660,668,659,668,1700,668,1
2017/03/31,670,675,667,670,2000,670,1
2017/04/03,675,675,641,648,7700,648,1
2017/04/04,644,644,632,632,3900,632,1
2017/04/05,631,649,630,642,2500,642,1
2017/04/06,635,635,599,599,6900,599,1
2017/04/07,610,610,600,600,1300,600,1
2017/04/10,610,615,610,615,400,615,1
2017/04/11,620,635,620,620,700,620,1
2017/04/12,620,620,616,620,1100,620,1
2017/04/13,615,615,615,615,500,615,1
2017/04/14,610,610,590,592,4400,592,1
2017/04/17,642,642,642,642,3300,642,1
2017/04/18,643,643,642,642,400,642,1
2017/04/19,632,635,625,635,1300,635,1
2017/04/20,640,643,640,643,900,643,1
2017/04/21,643,643,635,643,800,643,1
2017/04/24,553,607,553,582,19400,582,1
2017/04/25,579,588,579,586,900,586,1
2017/04/26,590,595,590,595,2000,595,1
2017/04/27,602,602,550,572,12600,572,1
2017/04/28,573,579,573,579,2600,579,1
2017/05/01,580,583,578,582,1100,582,1
2017/05/02,579,588,579,588,500,588,1
2017/05/08,585,590,582,590,2500,590,1
2017/05/09,592,681,590,600,31900,600,1
2017/05/10,605,605,599,604,4900,604,1
2017/05/11,602,604,588,588,2100,588,1
2017/05/12,588,588,579,579,3600,579,1
2017/05/15,580,602,578,585,3500,585,1
2017/05/16,580,600,580,600,2800,600,1
2017/05/17,586,592,565,587,3500,587,1
2017/05/18,597,599,563,580,4000,580,1
2017/05/19,670,680,665,680,33600,680,1
2017/05/22,780,780,721,765,60500,765,1
2017/05/23,767,767,667,708,19100,708,1
2017/05/24,715,858,715,810,23500,810,1
2017/05/25,800,800,751,776,15700,776,1
2017/05/26,800,800,747,752,8800,752,1
2017/05/29,782,782,728,743,7700,743,1
2017/05/30,744,747,680,710,8200,710,1
2017/05/31,696,720,696,705,1300,705,1
2017/06/01,719,719,705,715,1200,715,1
2017/06/02,710,714,706,710,3600,710,1
2017/06/05,706,719,702,717,3500,717,1
2017/06/06,717,741,710,741,2400,741,1
2017/06/07,726,731,719,731,900,731,1
2017/06/08,740,740,720,720,1900,720,1
2017/06/09,718,718,682,698,9500,698,1
2017/06/12,687,691,676,683,5200,683,1
2017/06/13,690,690,673,683,2300,683,1
2017/06/14,673,673,666,671,3600,671,1
2017/06/15,674,686,669,670,2700,670,1
2017/06/16,680,681,671,681,1800,681,1
2017/06/19,687,690,687,690,400,690,1
2017/06/20,690,690,672,682,1600,682,1
2017/06/21,681,708,681,708,900,708,1
2017/06/22,705,712,690,712,2000,712,1
2017/06/23,706,709,685,695,2800,695,1
2017/06/26,705,705,691,700,2400,700,1
2017/06/27,705,705,685,685,3600,685,1
2017/06/28,688,688,676,680,2700,680,1
2017/06/29,685,685,670,684,1800,684,1
2017/06/30,676,683,670,683,1200,683,1
2017/07/03,684,700,684,697,2300,697,1
2017/07/04,697,697,691,691,1000,691,1
2017/07/05,691,691,680,682,1800,682,1
2017/07/06,698,698,690,690,200,690,1
2017/07/07,690,690,690,690,100,690,1
2017/07/10,690,697,690,697,1000,697,1
2017/07/11,697,700,695,700,1200,700,1
2017/07/12,700,706,698,698,2000,698,1
2017/07/13,700,706,697,698,700,698,1
2017/07/14,701,709,701,709,900,709,1
2017/07/18,723,730,710,710,4000,710,1
2017/07/19,710,713,706,713,1600,713,1
2017/07/20,698,701,698,700,5200,700,1
2017/07/21,700,705,697,705,900,705,1
2017/07/24,705,712,705,710,1200,710,1
2017/07/25,710,712,707,708,900,708,1
2017/07/26,715,720,711,720,1400,720,1
2017/07/27,748,748,716,735,4400,735,1
2017/07/28,738,740,725,735,1800,735,1
2017/07/31,727,727,710,710,3200,710,1
2017/08/01,710,728,710,728,900,728,1
2017/08/02,729,729,729,729,100,729,1
2017/08/03,714,719,702,702,2700,702,1
2017/08/04,709,710,700,700,2200,700,1
2017/08/07,712,712,711,711,400,711,1
2017/08/08,711,711,704,709,700,709,1
2017/08/09,705,708,705,708,400,708,1
2017/08/10,708,708,703,705,600,705,1
2017/08/14,713,715,710,715,900,715,1
2017/08/15,708,708,707,707,200,707,1
2017/08/16,714,714,703,703,1300,703,1
2017/08/17,712,713,712,713,200,713,1
2017/08/18,713,713,705,705,1100,705,1
2017/08/21,706,706,706,706,600,706,1
2017/08/22,706,707,705,705,800,705,1
2017/08/23,704,704,702,702,500,702,1
2017/08/24,704,706,704,706,200,706,1
2017/08/25,706,708,700,700,2300,700,1
2017/08/28,709,709,697,700,3700,700,1
2017/08/29,697,697,680,690,5300,690,1
2017/08/30,699,703,690,703,2600,703,1
2017/08/31,698,698,687,690,3700,690,1
2017/09/01,700,700,679,685,7100,685,1
2017/09/04,685,685,685,685,400,685,1
2017/09/05,695,695,680,680,1100,680,1
2017/09/06,679,690,679,690,500,690,1
2017/09/07,690,690,690,690,100,690,1
2017/09/08,690,690,690,690,200,690,1
2017/09/11,680,682,680,682,400,682,1
2017/09/12,692,692,692,692,100,692,1
2017/09/13,694,694,692,692,700,692,1
2017/09/14,693,700,693,700,400,700,1
2017/09/15,700,700,690,695,600,695,1
2017/09/19,705,707,700,707,3400,707,1
2017/09/20,707,707,694,695,1900,695,1
2017/09/21,711,711,699,699,900,699,1
2017/09/22,704,704,699,702,500,702,1
2017/09/25,716,716,707,716,1400,716,1
2017/09/26,719,725,713,713,3900,713,1
2017/09/27,713,723,702,702,4400,702,1
2017/09/28,722,722,698,698,6300,698,1
2017/09/29,715,720,701,720,1600,720,1
2017/10/02,724,725,711,711,1700,711,1
2017/10/03,713,717,712,717,1400,717,1
2017/10/04,726,727,716,720,1900,720,1
2017/10/05,720,720,708,710,2800,710,1
2017/10/06,720,720,720,720,200,720,1
2017/10/10,722,725,719,724,800,724,1
2017/10/11,724,724,710,710,4200,710,1
2017/10/12,718,718,702,710,4100,710,1
2017/10/13,710,719,707,719,1600,719,1
2017/10/16,719,720,710,710,2300,710,1
2017/10/17,709,709,709,709,700,709,1
2017/10/18,717,717,706,714,1700,714,1
2017/10/19,715,715,711,711,600,711,1
2017/10/20,711,711,709,709,400,709,1
2017/10/23,715,717,710,715,1100,715,1
2017/10/24,715,715,710,710,1500,710,1
2017/10/25,708,710,704,704,4800,704,1
2017/10/26,716,716,703,714,2700,714,1
2017/10/27,717,717,714,717,1500,717,1
2017/10/30,720,720,716,717,1900,717,1
2017/10/31,701,713,701,713,4400,713,1
2017/11/01,712,712,708,710,500,710,1
2017/11/02,711,713,705,713,2300,713,1
2017/11/06,714,717,709,715,2500,715,1
2017/11/07,710,710,701,701,9300,701,1
2017/11/08,703,704,700,704,4800,704,1
2017/11/09,700,706,691,700,3600,700,1
2017/11/10,705,707,703,706,1400,706,1
2017/11/13,706,707,700,707,1500,707,1
2017/11/14,708,708,699,699,1500,699,1
2017/11/15,700,705,691,691,2000,691,1
2017/11/16,703,704,691,700,2600,700,1
2017/11/17,706,707,699,699,1700,699,1
2017/11/20,708,708,699,708,700,708,1
2017/11/21,858,858,819,858,45000,858,1
2017/11/22,918,920,841,858,32300,858,1
2017/11/24,843,868,843,865,4900,865,1
2017/11/27,880,898,874,895,4500,895,1
2017/11/28,910,1045,910,1045,6700,1045,1
2017/11/29,1345,1345,1315,1345,8900,1345,1
2017/11/30,1645,1645,1645,1645,3500,1645,1
2017/12/01,1485,1515,1385,1415,2000,1415,1
2018/01/05,1188,1188,1188,1188,200,1188,1
2018/02/05,1170,1170,1170,1170,100,1170,1
