2007/01/04,641,641,640,640,2000,640,1
2007/01/05,631,641,631,640,5000,640,1
2007/01/09,638,640,638,638,6000,638,1
2007/01/10,639,640,637,638,4000,638,1
2007/01/11,637,638,636,636,6000,636,1
2007/01/12,634,635,634,635,5000,635,1
2007/01/15,635,637,635,637,3000,637,1
2007/01/16,635,637,635,637,4000,637,1
2007/01/17,635,635,635,635,1000,635,1
2007/01/18,636,642,636,642,9000,642,1
2007/01/19,646,646,643,643,2000,643,1
2007/01/22,657,657,650,655,18000,655,1
2007/01/23,654,662,654,660,6000,660,1
2007/01/24,663,669,663,663,4000,663,1
2007/01/25,665,670,665,670,3000,670,1
2007/01/26,669,670,669,670,7000,670,1
2007/01/30,660,660,660,660,2000,660,1
2007/02/01,660,660,660,660,6000,660,1
2007/02/02,657,658,657,658,3000,658,1
2007/02/05,656,660,656,657,5000,657,1
2007/02/06,654,660,654,659,14000,659,1
2007/02/08,670,675,669,675,4000,675,1
2007/02/09,693,706,691,705,73000,705,1
2007/02/13,710,711,706,706,10000,706,1
2007/02/14,706,706,706,706,9000,706,1
2007/02/15,704,711,704,711,4000,711,1
2007/02/23,698,700,698,700,4000,700,1
2007/02/26,700,705,700,705,6000,705,1
2007/02/27,700,700,700,700,2000,700,1
2007/02/28,670,681,670,670,3000,670,1
2007/03/02,671,671,670,670,3000,670,1
2007/03/05,654,657,654,655,4000,655,1
2007/03/07,657,657,656,656,2000,656,1
2007/03/08,650,650,638,650,15000,650,1
2007/03/09,650,650,650,650,5000,650,1
2007/03/12,657,657,657,657,1000,657,1
2007/03/13,660,660,660,660,2000,660,1
2007/03/14,660,660,660,660,2000,660,1
2007/03/15,660,661,660,661,3000,661,1
2007/03/16,660,662,660,662,7000,662,1
2007/03/19,661,661,660,660,2000,660,1
2007/03/23,660,660,660,660,2000,660,1
2007/04/02,630,630,630,630,3000,630,1
2007/04/04,630,631,630,631,2000,631,1
2007/04/05,631,632,631,632,6000,632,1
2007/04/09,633,634,630,633,14000,633,1
2007/04/11,632,636,632,635,11000,635,1
2007/04/13,623,624,623,624,2000,624,1
2007/04/17,620,621,620,620,4000,620,1
2007/04/18,621,621,621,621,1000,621,1
2007/04/24,622,622,600,600,3000,600,1
2007/04/25,602,602,589,590,11000,590,1
2007/04/26,590,594,590,594,11000,594,1
2007/04/27,594,595,594,595,5000,595,1
2007/05/01,597,600,595,600,9000,600,1
2007/05/02,600,621,600,621,5000,621,1
2007/05/07,621,621,621,621,5000,621,1
2007/05/08,619,620,619,620,3000,620,1
2007/05/09,620,621,620,621,8000,621,1
2007/05/10,622,625,622,625,10000,625,1
2007/05/11,625,626,625,626,3000,626,1
2007/05/14,626,627,626,627,5000,627,1
2007/05/15,626,626,626,626,3000,626,1
2007/05/16,628,641,626,640,10000,640,1
2007/05/17,641,641,624,625,22000,625,1
2007/05/18,632,633,623,625,9000,625,1
2007/05/21,610,611,610,610,5000,610,1
2007/05/22,620,625,620,625,7000,625,1
2007/05/23,631,650,623,624,13000,624,1
2007/05/24,624,624,622,623,14000,623,1
2007/05/25,623,623,623,623,1000,623,1
2007/05/28,624,624,624,624,1000,624,1
2007/05/29,624,624,623,623,2000,623,1
2007/05/30,623,624,623,623,6000,623,1
2007/06/01,619,620,619,620,8000,620,1
2007/06/04,620,621,620,621,2000,621,1
2007/06/06,621,621,620,620,2000,620,1
2007/06/07,619,620,619,620,2000,620,1
2007/06/08,620,620,615,615,11000,615,1
2007/06/11,615,615,615,615,4000,615,1
2007/06/14,610,611,610,611,4000,611,1
2007/06/15,611,624,611,623,27000,623,1
2007/06/18,628,629,623,623,3000,623,1
2007/06/19,624,625,624,625,5000,625,1
2007/06/20,625,640,624,640,6000,640,1
2007/06/25,640,640,639,639,2000,639,1
2007/06/27,626,626,626,626,3000,626,1
2007/06/28,626,626,626,626,2000,626,1
2007/06/29,626,626,625,625,6000,625,1
2007/07/02,625,626,625,626,3000,626,1
2007/07/03,628,628,626,626,4000,626,1
2007/07/04,627,631,627,631,11000,631,1
2007/07/05,633,635,633,633,6000,633,1
2007/07/06,634,646,634,643,19000,643,1
2007/07/09,649,660,649,656,16000,656,1
2007/07/10,665,675,658,675,15000,675,1
2007/07/11,675,675,663,663,29000,663,1
2007/07/12,665,665,665,665,2000,665,1
2007/07/13,665,665,665,665,10000,665,1
2007/07/17,667,667,664,664,6000,664,1
2007/07/18,664,665,664,665,8000,665,1
2007/07/20,665,666,651,651,8000,651,1
2007/07/24,642,643,642,643,2000,643,1
2007/07/26,643,643,635,635,9000,635,1
2007/07/30,622,622,582,582,7000,582,1
2007/07/31,605,615,600,615,9000,615,1
2007/08/01,615,616,615,615,12000,615,1
2007/08/02,615,615,615,615,10000,615,1
2007/08/03,616,640,615,615,21000,615,1
2007/08/06,600,615,600,615,4000,615,1
2007/08/07,616,616,614,615,12000,615,1
2007/08/09,613,613,613,613,1000,613,1
2007/08/10,613,613,613,613,2000,613,1
2007/08/13,591,591,576,580,8000,580,1
2007/08/14,600,600,600,600,2000,600,1
2007/08/15,600,600,600,600,1000,600,1
2007/08/17,600,600,600,600,2000,600,1
2007/08/20,593,593,590,591,5000,591,1
2007/08/22,592,592,591,592,22000,592,1
2007/08/23,590,599,590,599,9000,599,1
2007/08/24,599,599,594,594,7000,594,1
2007/08/28,594,594,594,594,3000,594,1
2007/08/29,590,590,589,589,40000,589,1
2007/09/03,589,590,570,576,5000,576,1
2007/09/04,560,560,560,560,1000,560,1
2007/09/05,560,561,560,561,3000,561,1
2007/09/06,561,561,561,561,2000,561,1
2007/09/10,560,561,560,561,4000,561,1
2007/09/13,554,555,554,554,3000,554,1
2007/09/14,555,555,545,545,5000,545,1
2007/09/18,535,550,530,550,4000,550,1
2007/09/25,550,550,550,550,1000,550,1
2007/09/27,552,552,550,550,4000,550,1
2007/09/28,550,550,550,550,4000,550,1
2007/10/01,550,551,550,550,8000,550,1
2007/10/02,531,550,531,550,7000,550,1
2007/10/04,550,550,550,550,4000,550,1
2007/10/05,551,551,550,550,3000,550,1
2007/10/09,550,559,550,559,8000,559,1
2007/10/10,559,559,559,559,2000,559,1
2007/10/11,559,560,558,560,10000,560,1
2007/10/17,555,555,555,555,2000,555,1
2007/10/18,552,553,551,551,6000,551,1
2007/10/22,530,530,530,530,1000,530,1
2007/10/23,534,534,534,534,1000,534,1
2007/10/24,534,534,528,529,3000,529,1
2007/10/25,528,529,528,529,2000,529,1
2007/10/26,529,529,529,529,1000,529,1
2007/10/29,529,530,529,529,5000,529,1
2007/10/31,529,529,529,529,4000,529,1
2007/11/01,528,530,528,529,9000,529,1
2007/11/05,518,518,518,518,2000,518,1
2007/11/07,518,518,518,518,4000,518,1
2007/11/08,505,505,491,491,10000,491,1
2007/11/09,490,496,485,496,5000,496,1
2007/11/12,496,496,496,496,4000,496,1
2007/11/15,515,515,500,514,9000,514,1
2007/11/19,515,515,514,514,2000,514,1
2007/11/21,443,443,396,400,64000,400,1
2007/11/22,400,410,398,410,30000,410,1
2007/11/26,419,419,419,419,3000,419,1
2007/11/27,419,421,419,421,7000,421,1
2007/11/29,425,431,422,424,14000,424,1
2007/11/30,428,428,425,425,3000,425,1
2007/12/03,449,449,449,449,2000,449,1
2007/12/04,450,450,450,450,1000,450,1
2007/12/10,451,455,451,451,23000,451,1
2007/12/11,452,462,451,462,5000,462,1
2007/12/12,461,462,461,462,10000,462,1
2007/12/13,462,462,462,462,3000,462,1
2007/12/14,462,462,462,462,1000,462,1
2007/12/17,462,463,458,458,6000,458,1
2007/12/18,452,452,450,450,5000,450,1
2007/12/19,415,425,415,425,2000,425,1
2007/12/20,426,426,425,425,2000,425,1
2007/12/21,422,422,416,416,2000,416,1
2007/12/25,417,449,417,425,9000,425,1
2007/12/26,426,430,426,430,6000,430,1
2007/12/27,430,435,430,435,5000,435,1
2007/12/28,435,435,435,435,5000,435,1
2008/01/04,465,466,465,466,4000,466,1
2008/01/08,430,430,430,430,1000,430,1
2008/01/09,432,432,430,430,2000,430,1
2008/01/10,433,433,433,433,2000,433,1
2008/01/11,433,435,433,433,8000,433,1
2008/01/16,419,419,388,390,8000,390,1
2008/01/17,392,392,390,390,8000,390,1
2008/01/21,390,390,390,390,3000,390,1
2008/01/22,372,380,372,380,2000,380,1
2008/01/25,414,414,414,414,1000,414,1
2008/01/28,413,414,413,414,6000,414,1
2008/01/30,420,420,420,420,7000,420,1
2008/01/31,420,420,419,419,5000,419,1
2008/02/01,420,420,420,420,12000,420,1
2008/02/04,420,425,420,425,5000,425,1
2008/02/08,426,426,425,425,3000,425,1
2008/02/12,424,425,424,425,5000,425,1
2008/02/14,426,426,426,426,1000,426,1
2008/02/15,426,426,425,425,3000,425,1
2008/02/18,420,426,420,425,3000,425,1
2008/02/19,424,425,424,425,2000,425,1
2008/02/22,425,425,421,425,6000,425,1
2008/02/26,424,425,424,425,4000,425,1
2008/03/03,428,434,428,434,4000,434,1
2008/03/04,430,430,430,430,2000,430,1
2008/03/07,400,400,400,400,2000,400,1
2008/03/11,400,400,399,400,7000,400,1
2008/03/13,400,400,400,400,2000,400,1
2008/03/24,430,430,430,430,5000,430,1
2008/03/25,435,439,435,439,3000,439,1
2008/03/27,427,427,427,427,1000,427,1
2008/04/01,430,437,430,437,3000,437,1
2008/04/03,402,402,401,401,2000,401,1
2008/04/09,401,401,401,401,1000,401,1
2008/04/10,408,408,408,408,1000,408,1
2008/04/11,408,408,408,408,1000,408,1
2008/04/14,408,408,408,408,1000,408,1
2008/04/15,408,408,408,408,1000,408,1
2008/04/22,409,409,408,408,2000,408,1
2008/04/25,408,408,408,408,2000,408,1
2008/04/28,403,403,403,403,1000,403,1
2008/04/30,410,410,405,405,2000,405,1
2008/05/01,409,409,409,409,1000,409,1
2008/05/02,410,410,410,410,3000,410,1
2008/05/07,414,414,414,414,1000,414,1
2008/05/08,414,414,414,414,1000,414,1
2008/05/09,410,410,410,410,2000,410,1
2008/05/12,411,411,410,410,2000,410,1
2008/05/13,415,415,415,415,1000,415,1
2008/05/14,410,410,410,410,1000,410,1
2008/05/15,440,445,440,440,7000,440,1
2008/05/16,449,450,441,441,5000,441,1
2008/05/19,441,441,441,441,2000,441,1
2008/05/21,441,441,441,441,1000,441,1
2008/05/23,460,470,460,470,2000,470,1
2008/05/27,475,475,475,475,1000,475,1
2008/05/28,475,475,475,475,2000,475,1
2008/06/02,480,480,475,475,5000,475,1
2008/06/03,476,476,475,475,3000,475,1
2008/06/04,476,476,475,475,3000,475,1
2008/06/05,477,477,475,475,2000,475,1
2008/06/06,475,475,475,475,3000,475,1
2008/06/10,475,475,475,475,2000,475,1
2008/06/11,480,480,480,480,1000,480,1
2008/06/12,460,475,456,475,9000,475,1
2008/06/16,455,460,455,460,11000,460,1
2008/06/17,465,465,465,465,1000,465,1
2008/06/18,451,456,445,445,7000,445,1
2008/06/19,440,445,440,445,8000,445,1
2008/06/20,450,455,450,455,2000,455,1
2008/06/23,455,468,455,468,11000,468,1
2008/06/24,471,480,465,465,8000,465,1
2008/06/25,465,465,465,465,2000,465,1
2008/06/26,475,475,475,475,1000,475,1
2008/06/27,475,475,475,475,4000,475,1
2008/06/30,480,480,480,480,1000,480,1
2008/07/01,480,490,480,485,14000,485,1
2008/07/02,485,485,485,485,6000,485,1
2008/07/03,485,485,485,485,1000,485,1
2008/07/04,490,490,485,485,13000,485,1
2008/07/07,485,485,485,485,1000,485,1
2008/07/08,485,485,485,485,3000,485,1
2008/07/09,499,499,499,499,1000,499,1
2008/07/10,499,499,499,499,2000,499,1
2008/07/22,494,494,494,494,1000,494,1
2008/07/23,464,470,464,470,3000,470,1
2008/07/24,470,470,470,470,1000,470,1
2008/07/25,470,470,450,450,5000,450,1
2008/07/28,481,481,481,481,2000,481,1
2008/07/29,468,468,455,455,6000,455,1
2008/07/31,470,470,470,470,1000,470,1
2008/08/01,470,470,470,470,2000,470,1
2008/08/05,470,470,470,470,1000,470,1
2008/08/07,455,455,455,455,1000,455,1
2008/08/11,456,456,456,456,1000,456,1
2008/08/12,464,464,464,464,1000,464,1
2008/08/13,464,464,454,454,4000,454,1
2008/08/14,449,449,449,449,2000,449,1
2008/08/15,432,432,425,425,5000,425,1
2008/08/18,415,415,415,415,6000,415,1
2008/08/19,416,416,415,415,7000,415,1
2008/08/22,410,410,410,410,1000,410,1
2008/08/25,420,420,420,420,1000,420,1
2008/08/26,420,420,420,420,2000,420,1
2008/09/02,430,430,430,430,1000,430,1
2008/09/03,440,445,440,445,3000,445,1
2008/09/10,445,445,445,445,3000,445,1
2008/09/17,415,415,415,415,1000,415,1
2008/09/19,401,401,401,401,3000,401,1
2008/09/22,410,410,410,410,1000,410,1
2008/09/25,410,410,410,410,2000,410,1
2008/09/29,420,420,420,420,1000,420,1
2008/09/30,405,405,405,405,1000,405,1
2008/10/02,410,419,410,419,2000,419,1
2008/10/06,390,400,390,400,3000,400,1
2008/10/09,360,360,360,360,2000,360,1
2008/10/10,359,359,359,359,3000,359,1
2008/10/14,380,380,380,380,1000,380,1
2008/10/17,360,360,360,360,2000,360,1
2008/10/20,350,350,350,350,1000,350,1
2008/10/21,350,350,350,350,3000,350,1
2008/10/23,350,350,350,350,1000,350,1
2008/10/24,350,350,350,350,2000,350,1
2008/10/27,350,350,350,350,1000,350,1
2008/10/28,310,310,310,310,2000,310,1
2008/10/29,340,350,340,350,3000,350,1
2008/10/30,350,350,350,350,3000,350,1
2008/11/05,365,365,365,365,1000,365,1
2008/11/06,375,375,375,375,3000,375,1
2008/11/10,375,375,375,375,4000,375,1
2008/11/25,375,375,375,375,1000,375,1
2008/11/26,375,375,375,375,1000,375,1
2008/12/02,395,395,395,395,1000,395,1
2008/12/03,395,395,395,395,1000,395,1
2008/12/08,394,394,394,394,8000,394,1
2008/12/10,393,393,393,393,3000,393,1
2008/12/16,389,389,389,389,1000,389,1
2008/12/17,350,350,338,338,3000,338,1
2008/12/19,338,338,338,338,1000,338,1
2008/12/22,323,323,323,323,1000,323,1
2008/12/24,340,340,325,325,2000,325,1
2008/12/25,326,326,326,326,1000,326,1
2008/12/30,345,345,345,345,2000,345,1
2009/01/05,346,346,346,346,1000,346,1
2009/01/06,346,350,340,340,6000,340,1
2009/01/08,321,321,321,321,1000,321,1
2009/01/09,331,331,331,331,1000,331,1
2009/01/13,342,342,321,321,6000,321,1
2009/01/16,315,316,306,316,6000,316,1
2009/01/19,306,311,305,305,8000,305,1
2009/01/23,309,312,301,301,7000,301,1
2009/01/26,286,287,286,287,6000,287,1
2009/01/27,286,286,286,286,2000,286,1
2009/01/28,293,295,293,295,2000,295,1
2009/01/29,291,296,290,290,8000,290,1
2009/01/30,300,300,300,300,1000,300,1
2009/02/02,300,300,300,300,5000,300,1
2009/02/03,300,300,300,300,1000,300,1
2009/02/04,300,300,300,300,2000,300,1
2009/02/05,300,300,300,300,2000,300,1
2009/02/09,300,303,300,303,2000,303,1
2009/02/10,303,303,303,303,5000,303,1
2009/02/24,290,290,285,285,4000,285,1
2009/02/25,284,284,271,271,6000,271,1
2009/02/27,251,251,251,251,1000,251,1
2009/03/02,265,265,262,262,15000,262,1
2009/03/03,260,260,255,255,3000,255,1
2009/03/04,250,250,245,245,12000,245,1
2009/03/05,250,250,250,250,4000,250,1
2009/03/06,249,259,249,259,4000,259,1
2009/03/09,258,258,258,258,1000,258,1
2009/03/10,254,254,254,254,5000,254,1
2009/03/11,254,256,254,256,3000,256,1
2009/03/16,257,257,257,257,1000,257,1
2009/03/19,259,259,259,259,1000,259,1
2009/03/23,259,260,259,260,3000,260,1
2009/03/24,265,274,265,274,4000,274,1
2009/03/25,269,279,269,279,5000,279,1
2009/03/27,280,280,280,280,2000,280,1
2009/03/30,290,290,290,290,4000,290,1
2009/04/01,298,341,298,341,3000,341,1
2009/04/02,330,330,326,326,2000,326,1
2009/04/06,314,314,314,314,1000,314,1
2009/04/07,300,300,300,300,2000,300,1
2009/04/08,265,275,265,275,5000,275,1
2009/04/09,270,275,270,275,5000,275,1
2009/04/10,275,275,275,275,5000,275,1
2009/04/15,267,267,267,267,4000,267,1
2009/04/16,268,268,268,268,1000,268,1
2009/04/17,268,270,258,258,8000,258,1
2009/04/21,258,258,257,257,2000,257,1
2009/04/22,258,258,257,257,4000,257,1
2009/04/23,257,257,257,257,2000,257,1
2009/04/24,257,257,257,257,4000,257,1
2009/04/28,269,269,259,259,2000,259,1
2009/05/01,264,276,264,275,8000,275,1
2009/05/11,290,295,290,290,4000,290,1
2009/05/12,300,300,300,300,1000,300,1
2009/05/13,300,305,292,305,7000,305,1
2009/05/14,309,310,300,300,18000,300,1
2009/05/15,300,300,300,300,17000,300,1
2009/05/18,309,310,309,310,2000,310,1
2009/05/19,315,315,315,315,2000,315,1
2009/05/20,320,320,320,320,2000,320,1
2009/05/25,320,321,315,320,28000,320,1
2009/05/27,329,330,329,330,2000,330,1
2009/05/28,335,337,335,337,2000,337,1
2009/06/01,338,338,337,337,9000,337,1
2009/06/02,341,341,337,340,14000,340,1
2009/06/03,350,370,350,370,3000,370,1
2009/06/08,348,353,348,351,3000,351,1
2009/06/09,354,355,354,355,5000,355,1
2009/06/10,355,355,355,355,18000,355,1
2009/06/11,355,360,355,360,6000,360,1
2009/06/12,370,370,370,370,1000,370,1
2009/06/15,370,370,370,370,1000,370,1
2009/06/16,357,357,351,355,3000,355,1
2009/06/23,365,365,365,365,1000,365,1
2009/06/25,369,369,368,368,3000,368,1
2009/06/26,369,369,354,354,7000,354,1
2009/06/29,358,358,358,358,2000,358,1
2009/06/30,363,363,356,356,2000,356,1
2009/07/01,363,370,363,370,5000,370,1
2009/07/02,371,375,371,375,2000,375,1
2009/07/03,382,387,382,387,4000,387,1
2009/07/06,392,407,392,407,12000,407,1
2009/07/07,407,412,407,412,24000,412,1
2009/07/08,412,412,405,405,11000,405,1
2009/07/09,380,380,370,372,4000,372,1
2009/07/10,384,384,374,374,2000,374,1
2009/07/13,374,374,370,370,6000,370,1
2009/07/14,356,361,356,361,2000,361,1
2009/07/17,356,361,356,361,2000,361,1
2009/07/24,371,373,363,363,14000,363,1
2009/07/27,363,363,362,363,8000,363,1
2009/07/28,360,360,356,356,5000,356,1
2009/07/29,357,357,357,357,2000,357,1
2009/08/03,365,365,365,365,3000,365,1
2009/08/04,370,370,370,370,1000,370,1
2009/08/06,368,369,368,368,5000,368,1
2009/08/07,368,368,367,368,21000,368,1
2009/08/10,368,368,356,366,5000,366,1
2009/08/13,361,361,359,360,5000,360,1
2009/08/14,355,355,355,355,1000,355,1
2009/08/17,354,354,354,354,1000,354,1
2009/08/19,347,347,344,345,5000,345,1
2009/08/21,343,343,342,342,3000,342,1
2009/08/26,361,366,361,365,13000,365,1
2009/08/27,365,366,365,365,3000,365,1
2009/09/01,365,365,357,357,6000,357,1
2009/09/03,355,355,355,355,5000,355,1
2009/09/10,364,364,364,364,1000,364,1
2009/09/11,370,370,370,370,1000,370,1
2009/09/14,380,380,380,380,3000,380,1
2009/09/15,365,365,365,365,4000,365,1
2009/09/16,361,361,360,360,3000,360,1
2009/09/18,356,356,356,356,2000,356,1
2009/09/28,356,356,356,356,2000,356,1
2009/09/29,356,356,356,356,1000,356,1
2009/10/01,356,356,356,356,4000,356,1
2009/10/05,335,335,335,335,1000,335,1
2009/10/09,330,330,330,330,1000,330,1
2009/10/16,345,345,345,345,3000,345,1
2009/10/20,326,330,310,322,13000,322,1
2009/10/22,335,335,335,335,1000,335,1
2009/10/23,335,335,335,335,2000,335,1
2009/10/26,335,335,335,335,1000,335,1
2009/11/02,340,340,340,340,4000,340,1
2009/11/04,310,311,310,311,3000,311,1
2009/11/06,336,336,336,336,4000,336,1
2009/11/10,336,336,321,321,7000,321,1
2009/11/12,325,325,325,325,1000,325,1
2009/11/25,325,325,305,305,3000,305,1
2009/12/01,320,320,320,320,5000,320,1
2009/12/03,311,316,311,316,2000,316,1
2009/12/07,330,335,316,316,18000,316,1
2009/12/08,316,316,306,306,2000,306,1
2009/12/09,307,307,307,307,2000,307,1
2009/12/10,307,307,307,307,5000,307,1
2009/12/11,307,307,307,307,1000,307,1
2009/12/16,305,305,305,305,1000,305,1
2009/12/17,303,303,298,298,4000,298,1
2009/12/18,301,301,300,300,3000,300,1
2009/12/21,302,302,302,302,1000,302,1
2009/12/22,301,301,301,301,2000,301,1
2009/12/28,315,315,315,315,1000,315,1
2009/12/29,316,318,316,317,4000,317,1
2009/12/30,324,324,321,321,2000,321,1
2010/01/04,333,335,330,335,6000,335,1
2010/01/05,340,346,340,346,17000,346,1
2010/01/06,331,347,331,347,9000,347,1
2010/01/12,347,347,347,347,3000,347,1
2010/01/14,347,347,345,345,2000,345,1
2010/01/20,340,340,340,340,1000,340,1
2010/01/22,340,340,340,340,1000,340,1
2010/01/25,340,340,340,340,3000,340,1
2010/01/26,324,324,324,324,3000,324,1
2010/01/27,332,332,324,324,2000,324,1
2010/01/28,318,318,306,315,11000,315,1
2010/01/29,315,315,305,305,9000,305,1
2010/02/01,319,319,315,315,5000,315,1
2010/02/03,307,307,305,305,4000,305,1
2010/02/04,301,301,301,301,3000,301,1
2010/02/08,303,303,303,303,1000,303,1
2010/02/09,314,314,314,314,1000,314,1
2010/02/10,314,314,290,290,16000,290,1
2010/02/16,299,299,299,299,3000,299,1
2010/02/17,304,304,304,304,2000,304,1
2010/02/18,296,296,296,296,2000,296,1
2010/02/19,304,304,304,304,1000,304,1
2010/02/24,299,310,298,310,3000,310,1
2010/02/25,310,310,310,310,3000,310,1
2010/02/26,318,325,318,325,6000,325,1
2010/03/01,325,325,320,320,6000,320,1
2010/03/02,320,320,320,320,6000,320,1
2010/03/03,320,320,320,320,3000,320,1
2010/03/04,320,320,320,320,2000,320,1
2010/03/08,324,325,324,325,2000,325,1
2010/03/09,331,331,331,331,3000,331,1
2010/03/10,339,339,331,331,3000,331,1
2010/03/11,331,331,331,331,1000,331,1
2010/03/15,331,331,331,331,1000,331,1
2010/03/16,330,330,330,330,2000,330,1
2010/03/17,330,330,330,330,2000,330,1
2010/03/18,322,322,322,322,1000,322,1
2010/03/23,330,330,330,330,2000,330,1
2010/04/01,339,339,339,339,3000,339,1
2010/04/02,345,345,345,345,1000,345,1
2010/04/05,350,354,350,354,6000,354,1
2010/04/06,354,356,353,356,9000,356,1
2010/04/09,366,366,366,366,2000,366,1
2010/04/12,368,369,366,369,6000,369,1
2010/04/23,365,365,365,365,3000,365,1
2010/04/26,342,350,342,350,4000,350,1
2010/04/30,358,358,358,358,1000,358,1
2010/05/06,358,358,358,358,4000,358,1
2010/05/10,358,358,358,358,2000,358,1
2010/05/13,358,385,358,385,8000,385,1
2010/05/14,386,386,367,367,3000,367,1
2010/05/17,374,374,374,374,10000,374,1
2010/05/20,340,340,340,340,1000,340,1
2010/05/25,340,340,340,340,2000,340,1
2010/05/28,330,330,330,330,1000,330,1
2010/05/31,330,330,330,330,2000,330,1
2010/06/01,340,340,340,340,1000,340,1
2010/06/02,350,350,350,350,3000,350,1
2010/06/11,355,360,355,360,5000,360,1
2010/06/14,360,360,360,360,3000,360,1
2010/06/22,360,360,360,360,1000,360,1
2010/06/23,360,360,360,360,1000,360,1
2010/06/25,361,361,360,360,4000,360,1
2010/06/28,375,375,375,375,7000,375,1
2010/06/29,375,375,375,375,1000,375,1
2010/06/30,351,351,337,337,4000,337,1
2010/07/01,341,348,341,348,3000,348,1
2010/07/02,357,358,357,358,5000,358,1
2010/07/05,366,380,366,380,4000,380,1
2010/07/06,380,380,380,380,4000,380,1
2010/07/07,396,396,396,396,3000,396,1
2010/07/08,397,397,397,397,1000,397,1
2010/07/09,397,397,397,397,24000,397,1
2010/07/12,397,397,397,397,2000,397,1
2010/07/23,396,396,396,396,2000,396,1
2010/07/28,381,381,381,381,1000,381,1
2010/07/29,376,376,376,376,1000,376,1
2010/08/02,385,385,385,385,4000,385,1
2010/08/04,354,354,346,346,4000,346,1
2010/08/10,380,380,380,380,3000,380,1
2010/08/17,364,364,364,364,1000,364,1
2010/08/18,360,360,360,360,1000,360,1
2010/08/24,360,360,360,360,1000,360,1
2010/08/25,367,367,367,367,1000,367,1
2010/09/01,366,366,366,366,5000,366,1
2010/09/09,373,373,373,373,1000,373,1
2010/09/10,384,384,384,384,3000,384,1
2010/09/24,384,384,384,384,5000,384,1
2010/09/30,390,390,390,390,1000,390,1
2010/10/01,390,395,390,395,4000,395,1
2010/10/12,399,399,399,399,2000,399,1
2010/10/13,375,375,375,375,1000,375,1
2010/10/20,353,353,353,353,7000,353,1
2010/10/25,370,370,370,370,2000,370,1
2010/10/26,370,370,370,370,3000,370,1
2010/10/27,370,370,350,350,13000,350,1
2010/11/01,350,350,350,350,7000,350,1
2010/11/05,349,350,349,350,4000,350,1
2010/11/08,350,350,350,350,4000,350,1
2010/11/10,350,350,350,350,3000,350,1
2010/11/11,350,350,350,350,1000,350,1
2010/11/12,350,350,350,350,1000,350,1
2010/11/16,349,349,349,349,1000,349,1
2010/11/17,334,334,333,333,2000,333,1
2010/11/18,334,340,334,340,2000,340,1
2010/11/19,340,347,340,347,2000,347,1
2010/11/22,347,347,347,347,1000,347,1
2010/11/24,341,341,341,341,1000,341,1
2010/11/25,350,350,350,350,6000,350,1
2010/11/29,352,352,352,352,1000,352,1
2010/11/30,352,352,352,352,2000,352,1
2010/12/01,362,362,362,362,1000,362,1
2010/12/02,362,362,362,362,4000,362,1
2010/12/06,380,380,378,378,8000,378,1
2010/12/10,378,378,378,378,2000,378,1
2010/12/13,355,362,355,362,2000,362,1
2010/12/14,362,362,362,362,2000,362,1
2010/12/21,370,370,370,370,10000,370,1
2010/12/24,379,379,379,379,3000,379,1
2010/12/30,363,363,363,363,1000,363,1
2011/01/04,376,376,364,364,6000,364,1
2011/01/06,364,379,364,379,3000,379,1
2011/01/07,380,390,380,390,23000,390,1
2011/01/11,409,415,409,415,7000,415,1
2011/01/14,375,388,375,388,8000,388,1
2011/01/17,388,388,385,386,8000,386,1
2011/01/18,385,386,384,385,6000,385,1
2011/01/19,389,390,389,390,2000,390,1
2011/01/20,382,382,382,382,1000,382,1
2011/01/21,380,380,375,375,5000,375,1
2011/01/25,393,393,393,393,2000,393,1
2011/01/26,380,390,380,390,2000,390,1
2011/01/27,387,387,387,387,2000,387,1
2011/01/28,390,410,389,390,8000,390,1
2011/01/31,395,395,395,395,2000,395,1
2011/02/01,395,400,395,395,5000,395,1
2011/02/02,400,400,400,400,2000,400,1
2011/02/03,400,400,395,395,2000,395,1
2011/02/04,400,400,400,400,3000,400,1
2011/02/07,405,415,401,410,7000,410,1
2011/02/08,450,450,448,448,2000,448,1
2011/02/10,456,456,456,456,2000,456,1
2011/02/18,421,421,421,421,1000,421,1
2011/02/21,437,437,437,437,2000,437,1
2011/02/22,425,425,421,421,3000,421,1
2011/02/24,421,421,420,420,3000,420,1
2011/02/25,426,426,426,426,2000,426,1
2011/03/01,426,426,409,409,11000,409,1
2011/03/02,410,410,410,410,1000,410,1
2011/03/04,426,426,426,426,1000,426,1
2011/03/09,420,423,420,423,2000,423,1
2011/03/10,425,425,425,425,2000,425,1
2011/03/15,330,340,330,340,3000,340,1
2011/03/17,350,350,343,343,10000,343,1
2011/03/18,343,343,343,343,1000,343,1
2011/03/22,395,395,395,395,2000,395,1
2011/03/23,395,395,395,395,1000,395,1
2011/03/24,395,395,395,395,1000,395,1
2011/03/25,409,409,390,390,3000,390,1
2011/03/30,401,401,401,401,3000,401,1
2011/03/31,481,481,481,481,1000,481,1
2011/04/01,561,561,530,530,74000,530,1
2011/04/04,535,556,521,525,18000,525,1
2011/04/05,510,510,490,490,7000,490,1
2011/04/06,498,500,489,500,9000,500,1
2011/04/07,499,499,477,479,9000,479,1
2011/04/08,477,490,475,475,12000,475,1
2011/04/11,485,485,485,485,2000,485,1
2011/04/13,480,480,472,472,12000,472,1
2011/04/15,470,470,470,470,1000,470,1
2011/04/18,494,494,494,494,1000,494,1
2011/04/20,497,497,483,485,11000,485,1
2011/04/21,487,487,485,485,2000,485,1
2011/04/22,480,480,477,479,3000,479,1
2011/04/25,479,480,479,480,3000,480,1
2011/04/26,487,488,487,487,5000,487,1
2011/04/27,498,498,498,498,1000,498,1
2011/05/02,522,535,522,522,6000,522,1
2011/05/06,506,506,506,506,1000,506,1
2011/05/09,512,512,512,512,1000,512,1
2011/05/10,514,518,514,518,3000,518,1
2011/05/11,505,505,505,505,1000,505,1
2011/05/12,501,501,485,485,6000,485,1
2011/05/16,515,515,474,476,12000,476,1
2011/05/23,480,480,480,480,1000,480,1
2011/05/25,480,480,480,480,1000,480,1
2011/05/26,480,480,480,480,1000,480,1
2011/05/27,480,480,480,480,2000,480,1
2011/05/30,504,504,504,504,1000,504,1
2011/05/31,504,504,504,504,1000,504,1
2011/06/01,504,504,504,504,5000,504,1
2011/06/10,498,499,490,490,6000,490,1
2011/06/13,500,500,498,498,6000,498,1
2011/06/14,503,504,503,504,2000,504,1
2011/06/16,503,510,503,510,3000,510,1
2011/06/17,515,515,512,512,2000,512,1
2011/06/20,528,557,528,555,51000,555,1
2011/06/21,561,561,515,555,25000,555,1
2011/06/22,558,558,530,545,16000,545,1
2011/06/23,536,536,526,526,3000,526,1
2011/06/24,536,536,520,520,11000,520,1
2011/06/28,527,527,527,527,1000,527,1
2011/06/29,528,531,528,531,3000,531,1
2011/06/30,530,530,530,530,3000,530,1
2011/07/01,556,560,540,554,32000,554,1
2011/07/04,556,560,535,535,6000,535,1
2011/07/05,534,534,530,530,5000,530,1
2011/07/06,528,530,528,529,3000,529,1
2011/07/07,529,529,529,529,1000,529,1
2011/07/08,528,528,527,527,2000,527,1
2011/07/11,529,529,529,529,2000,529,1
2011/07/12,534,539,519,529,5000,529,1
2011/07/13,529,529,525,525,2000,525,1
2011/07/15,525,525,525,525,1000,525,1
2011/07/19,515,515,515,515,4000,515,1
2011/07/20,530,536,530,536,6000,536,1
2011/07/21,538,538,538,538,1000,538,1
2011/07/22,535,535,535,535,3000,535,1
2011/07/28,501,510,501,510,8000,510,1
2011/07/29,530,530,530,530,1000,530,1
2011/08/01,520,520,502,504,11000,504,1
2011/08/02,497,497,497,497,2000,497,1
2011/08/03,487,487,482,485,7000,485,1
2011/08/05,481,481,473,473,2000,473,1
2011/08/08,489,489,489,489,1000,489,1
2011/08/09,470,470,466,466,2000,466,1
2011/08/10,489,489,489,489,3000,489,1
2011/08/25,480,480,480,480,3000,480,1
2011/08/29,480,481,480,481,2000,481,1
2011/08/31,484,488,480,488,8000,488,1
2011/09/01,484,498,484,498,8000,498,1
2011/09/05,488,489,488,489,2000,489,1
2011/09/07,480,480,480,480,1000,480,1
2011/09/09,476,488,476,476,10000,476,1
2011/09/12,476,476,475,475,3000,475,1
2011/09/13,476,476,476,476,1000,476,1
2011/09/16,476,484,476,484,2000,484,1
2011/09/20,475,475,475,475,1000,475,1
2011/09/22,470,470,470,470,4000,470,1
2011/09/27,470,480,470,480,3000,480,1
2011/09/29,464,464,464,464,1000,464,1
2011/09/30,456,456,456,456,1000,456,1
2011/10/03,464,464,464,464,4000,464,1
2011/10/05,457,457,450,450,11000,450,1
2011/10/07,458,458,458,458,1000,458,1
2011/10/11,472,472,472,472,2000,472,1
2011/10/14,456,456,456,456,1000,456,1
2011/10/17,463,463,463,463,1000,463,1
2011/10/19,460,460,460,460,1000,460,1
2011/10/24,460,460,460,460,2000,460,1
2011/10/25,480,482,480,482,3000,482,1
2011/10/26,482,482,482,482,1000,482,1
2011/10/28,485,485,485,485,1000,485,1
2011/10/31,481,489,481,489,3000,489,1
2011/11/01,489,489,489,489,5000,489,1
2011/11/02,479,479,479,479,2000,479,1
2011/11/09,475,475,475,475,1000,475,1
2011/11/10,483,483,483,483,2000,483,1
2011/11/24,475,475,470,470,2000,470,1
2011/11/25,470,470,460,460,2000,460,1
2011/11/29,460,460,460,460,1000,460,1
2011/12/01,465,475,465,475,3000,475,1
2011/12/02,480,480,480,480,2000,480,1
2011/12/05,504,504,504,504,5000,504,1
2011/12/09,493,493,493,493,1000,493,1
2011/12/12,493,493,490,490,4000,490,1
2011/12/13,480,480,480,480,1000,480,1
2011/12/14,488,488,488,488,1000,488,1
2011/12/20,480,485,480,485,2000,485,1
2011/12/21,485,485,480,480,3000,480,1
2011/12/22,488,488,481,481,2000,481,1
2012/01/04,481,481,481,481,4000,481,1
2012/01/10,480,480,480,480,2000,480,1
2012/01/20,470,470,470,470,3000,470,1
2012/01/24,470,470,470,470,4000,470,1
2012/01/25,465,465,465,465,2000,465,1
2012/01/27,455,455,455,455,2000,455,1
2012/01/30,455,455,448,448,3000,448,1
2012/01/31,456,456,451,456,4000,456,1
2012/02/01,456,463,456,463,8000,463,1
2012/02/02,459,470,459,470,11000,470,1
2012/02/03,470,470,470,470,2000,470,1
2012/02/06,470,470,470,470,1000,470,1
2012/02/07,481,481,481,481,1000,481,1
2012/02/08,475,475,475,475,1000,475,1
2012/02/10,485,485,485,485,2000,485,1
2012/02/13,480,480,480,480,1000,480,1
2012/02/15,470,480,470,480,2000,480,1
2012/02/21,480,480,480,480,6000,480,1
2012/02/22,480,486,480,486,10000,486,1
2012/02/24,500,505,500,505,3000,505,1
2012/02/29,510,510,510,510,1000,510,1
2012/03/01,510,510,510,510,4000,510,1
2012/03/07,500,500,500,500,1000,500,1
2012/03/08,500,500,500,500,1000,500,1
2012/03/12,525,525,503,503,7000,503,1
2012/03/13,503,503,495,495,9000,495,1
2012/03/14,495,495,495,495,6000,495,1
2012/03/15,500,500,500,500,2000,500,1
2012/03/16,498,500,495,495,7000,495,1
2012/03/23,502,502,502,502,4000,502,1
2012/03/26,501,501,498,499,6000,499,1
2012/03/28,498,498,498,498,1000,498,1
2012/04/02,493,506,493,506,5000,506,1
2012/04/03,500,500,500,500,1000,500,1
2012/04/04,500,501,500,501,2000,501,1
2012/04/05,503,503,503,503,1000,503,1
2012/04/10,504,504,504,504,4000,504,1
2012/04/13,487,487,487,487,1000,487,1
2012/04/18,495,499,494,499,3000,499,1
2012/04/19,495,495,495,495,1000,495,1
2012/04/20,495,495,495,495,1000,495,1
2012/04/23,492,492,492,492,1000,492,1
2012/04/25,492,492,492,492,1000,492,1
2012/05/01,492,492,492,492,5000,492,1
2012/05/07,479,479,479,479,2000,479,1
2012/05/08,478,478,478,478,1000,478,1
2012/05/10,484,484,484,484,4000,484,1
2012/05/15,461,479,461,479,3000,479,1
2012/05/16,465,465,452,452,4000,452,1
2012/05/17,450,450,450,450,2000,450,1
2012/05/18,451,451,451,451,2000,451,1
2012/05/22,454,454,454,454,1000,454,1
2012/05/24,451,451,451,451,1000,451,1
2012/05/25,465,465,465,465,2000,465,1
2012/06/01,469,470,469,470,4000,470,1
2012/06/11,476,476,476,476,4000,476,1
2012/06/20,476,476,476,476,5000,476,1
2012/06/22,476,476,476,476,2000,476,1
2012/06/25,479,479,479,479,2000,479,1
2012/06/27,490,495,490,495,4000,495,1
2012/06/28,500,500,500,500,1000,500,1
2012/06/29,504,515,504,515,9000,515,1
2012/07/02,540,540,530,530,28000,530,1
2012/07/03,530,530,530,530,1000,530,1
2012/07/09,530,530,530,530,1000,530,1
2012/07/10,540,540,540,540,4000,540,1
2012/08/01,525,525,525,525,5000,525,1
2012/08/02,505,505,505,505,1000,505,1
2012/08/07,499,499,499,499,1000,499,1
2012/08/09,500,500,500,500,3000,500,1
2012/08/10,523,523,523,523,4000,523,1
2012/08/20,520,520,520,520,1000,520,1
2012/08/24,500,500,499,499,4000,499,1
2012/08/30,499,499,499,499,1000,499,1
2012/09/03,507,515,507,510,6000,510,1
2012/09/04,505,505,505,505,1000,505,1
2012/09/06,510,510,510,510,1000,510,1
2012/09/07,510,514,510,514,2000,514,1
2012/09/10,514,514,514,514,4000,514,1
2012/09/13,514,514,514,514,10000,514,1
2012/09/18,502,502,502,502,1000,502,1
2012/09/19,502,502,502,502,1000,502,1
2012/09/25,502,502,502,502,1000,502,1
2012/10/01,502,502,502,502,4000,502,1
2012/10/03,477,477,477,477,5000,477,1
2012/10/05,490,490,490,490,1000,490,1
2012/10/09,491,491,491,491,1000,491,1
2012/10/10,491,491,491,491,4000,491,1
2012/10/19,499,499,499,499,1000,499,1
2012/10/25,510,510,510,510,2000,510,1
2012/10/31,500,500,500,500,1000,500,1
2012/11/01,500,500,500,500,4000,500,1
2012/11/05,482,482,482,482,1000,482,1
2012/11/07,500,500,500,500,1000,500,1
2012/11/09,500,500,500,500,1000,500,1
2012/11/12,501,501,493,493,5000,493,1
2012/11/13,492,492,492,492,1000,492,1
2012/11/14,460,469,460,469,21000,469,1
2012/11/15,472,475,472,475,2000,475,1
2012/11/16,480,480,480,480,1000,480,1
2012/11/19,486,494,486,494,2000,494,1
2012/11/20,480,488,480,488,2000,488,1
2012/11/22,496,496,486,486,3000,486,1
2012/11/26,481,484,480,484,3000,484,1
2012/11/28,476,476,474,474,2000,474,1
2012/11/29,480,488,477,480,9000,480,1
2012/12/03,488,491,488,491,6000,491,1
2012/12/04,485,485,485,485,3000,485,1
2012/12/05,480,480,480,480,1000,480,1
2012/12/06,481,481,475,475,2000,475,1
2012/12/10,482,482,482,482,8000,482,1
2012/12/13,480,480,480,480,1000,480,1
2012/12/14,481,483,474,483,7000,483,1
2012/12/18,490,490,480,480,5000,480,1
2012/12/19,488,488,485,485,2000,485,1
2012/12/20,485,485,485,485,1000,485,1
2012/12/25,485,485,485,485,3000,485,1
2012/12/27,490,490,490,490,5000,490,1
2012/12/28,490,499,480,493,15000,493,1
2013/01/04,505,515,505,515,9000,515,1
2013/01/07,520,540,520,540,3000,540,1
2013/01/08,526,526,526,526,1000,526,1
2013/01/09,523,523,521,521,4000,521,1
2013/01/10,541,541,535,535,7000,535,1
2013/01/11,530,530,530,530,2000,530,1
2013/01/15,535,535,535,535,1000,535,1
2013/01/16,515,520,515,520,5000,520,1
2013/01/17,513,534,513,534,5000,534,1
2013/01/21,514,514,514,514,3000,514,1
2013/01/24,517,524,517,524,2000,524,1
2013/01/25,524,525,524,525,2000,525,1
2013/01/28,528,528,528,528,1000,528,1
2013/01/29,528,528,528,528,1000,528,1
2013/01/31,530,530,530,530,2000,530,1
2013/02/01,550,553,550,550,16000,550,1
2013/02/04,555,559,552,555,12000,555,1
2013/02/05,558,558,555,555,7000,555,1
2013/02/06,559,559,559,559,2000,559,1
2013/02/07,560,570,560,570,3000,570,1
2013/02/12,590,590,560,560,16000,560,1
2013/02/13,575,575,559,559,7000,559,1
2013/02/14,560,560,560,560,2000,560,1
2013/02/15,560,560,555,555,5000,555,1
2013/02/18,555,555,550,550,3000,550,1
2013/02/19,536,536,536,536,1000,536,1
2013/02/20,545,550,545,550,2000,550,1
2013/02/25,559,559,559,559,1000,559,1
2013/02/26,545,545,545,545,1000,545,1
2013/03/01,555,560,555,560,6000,560,1
2013/03/04,570,590,570,590,6000,590,1
2013/03/05,598,598,593,593,2000,593,1
2013/03/08,598,599,598,599,5000,599,1
2013/03/11,599,610,599,610,4000,610,1
2013/03/12,603,603,600,600,2000,600,1
2013/03/14,588,588,585,585,2000,585,1
2013/03/15,609,609,599,609,5000,609,1
2013/03/18,613,614,608,608,4000,608,1
2013/03/19,610,625,610,625,9000,625,1
2013/03/21,635,635,635,635,2000,635,1
2013/03/22,640,645,640,645,4000,645,1
2013/03/25,650,655,650,650,15000,650,1
2013/03/26,650,659,650,651,6000,651,1
2013/03/27,626,626,626,626,1000,626,1
2013/03/28,626,626,625,625,4000,625,1
2013/03/29,630,630,630,630,1000,630,1
2013/04/01,640,640,630,630,11000,630,1
2013/04/02,600,616,571,616,7000,616,1
2013/04/03,616,620,616,620,2000,620,1
2013/04/05,650,650,621,621,4000,621,1
2013/04/08,625,625,620,625,6000,625,1
2013/04/09,626,626,624,624,4000,624,1
2013/04/10,621,624,620,621,7000,621,1
2013/04/11,618,618,607,607,7000,607,1
2013/04/15,608,608,607,607,4000,607,1
2013/04/16,605,605,605,605,1000,605,1
2013/04/17,621,621,606,606,2000,606,1
2013/04/18,606,606,606,606,1000,606,1
2013/04/19,605,605,605,605,1000,605,1
2013/04/22,620,620,620,620,3000,620,1
2013/04/24,624,624,624,624,2000,624,1
2013/04/25,643,643,643,643,1000,643,1
2013/04/30,640,642,640,642,5000,642,1
2013/05/01,642,642,626,630,6000,630,1
2013/05/07,641,641,631,631,6000,631,1
2013/05/08,640,640,640,640,3000,640,1
2013/05/09,641,647,641,645,6000,645,1
2013/05/10,649,649,639,640,6000,640,1
2013/05/13,650,650,635,635,7000,635,1
2013/05/15,650,650,648,648,4000,648,1
2013/05/16,647,647,615,615,14000,615,1
2013/05/20,615,615,615,615,2000,615,1
2013/05/21,620,620,605,605,7000,605,1
2013/05/22,605,610,605,610,4000,610,1
2013/05/23,610,610,581,581,6000,581,1
2013/05/24,583,583,574,574,4000,574,1
2013/05/27,565,579,565,579,3000,579,1
2013/05/29,580,580,575,575,2000,575,1
2013/05/30,573,573,573,573,1000,573,1
2013/06/03,579,579,570,570,7000,570,1
2013/06/04,588,588,560,560,5000,560,1
2013/06/05,566,566,566,566,1000,566,1
2013/06/06,572,573,541,541,11000,541,1
2013/06/07,538,538,536,536,2000,536,1
2013/06/10,562,562,562,562,3000,562,1
2013/06/11,547,550,547,550,2000,550,1
2013/06/12,555,555,555,555,2000,555,1
2013/06/14,546,550,546,550,2000,550,1
2013/06/17,542,542,542,542,1000,542,1
2013/06/21,545,545,545,545,2000,545,1
2013/06/24,575,575,575,575,2000,575,1
2013/06/25,575,575,575,575,1000,575,1
2013/06/26,556,556,550,550,2000,550,1
2013/06/27,550,550,540,540,2000,540,1
2013/06/28,567,585,567,585,8000,585,1
2013/07/01,614,620,614,620,31000,620,1
2013/07/03,570,585,570,585,5000,585,1
2013/07/05,595,595,585,585,5000,585,1
2013/07/08,591,591,591,591,1000,591,1
2013/07/09,596,596,596,596,2000,596,1
2013/07/10,586,586,575,575,8000,575,1
2013/07/19,585,590,585,590,4000,590,1
2013/07/23,590,590,590,590,1000,590,1
2013/07/25,619,619,619,619,1000,619,1
2013/07/31,610,610,600,610,4000,610,1
2013/08/01,610,610,610,610,4000,610,1
2013/08/05,600,600,595,595,3000,595,1
2013/08/06,595,595,595,595,1000,595,1
2013/08/07,595,600,595,600,2000,600,1
2013/08/08,600,600,600,600,1000,600,1
2013/08/12,620,620,620,620,3000,620,1
2013/08/16,600,600,600,600,1000,600,1
2013/08/21,580,600,580,600,2000,600,1
2013/08/22,590,590,590,590,1000,590,1
2013/08/23,597,597,587,587,2000,587,1
2013/08/28,577,577,577,577,1000,577,1
2013/08/30,576,576,576,576,1000,576,1
2013/09/02,580,586,580,586,2000,586,1
2013/09/03,588,588,576,580,13000,580,1
2013/09/04,580,582,580,582,3000,582,1
2013/09/09,592,592,590,590,2000,590,1
2013/09/10,581,582,581,582,8000,582,1
2013/09/13,582,582,582,582,1000,582,1
2013/09/17,583,583,578,583,3000,583,1
2013/09/18,599,599,599,599,1000,599,1
2013/09/19,610,610,610,610,1000,610,1
2013/09/24,610,610,610,610,2000,610,1
2013/09/25,615,615,615,615,2000,615,1
2013/09/30,620,620,600,600,3000,600,1
2013/10/01,600,605,600,605,5000,605,1
2013/10/02,595,595,590,590,2000,590,1
2013/10/03,592,592,592,592,1000,592,1
2013/10/04,595,600,595,600,2000,600,1
2013/10/08,600,600,592,592,3000,592,1
2013/10/10,599,599,589,589,4000,589,1
2013/10/11,579,585,579,585,4000,585,1
2013/10/15,594,595,594,595,2000,595,1
2013/10/17,605,605,587,598,9000,598,1
2013/10/18,591,592,591,592,2000,592,1
2013/10/23,590,590,590,590,1000,590,1
2013/10/25,591,591,591,591,1000,591,1
2013/10/28,598,598,598,598,1000,598,1
2013/10/29,616,616,607,615,5000,615,1
2013/10/30,619,650,619,649,30000,649,1
2013/10/31,600,636,600,620,24000,620,1
2013/11/01,628,635,625,635,10000,635,1
2013/11/05,640,700,640,690,24000,690,1
2013/11/06,700,700,695,699,6000,699,1
2013/11/07,652,660,652,660,4000,660,1
2013/11/08,659,659,656,656,3000,656,1
2013/11/11,676,676,676,676,4000,676,1
2013/11/14,640,640,620,620,6000,620,1
2013/11/15,631,631,631,631,1000,631,1
2013/11/18,631,631,631,631,1000,631,1
2013/11/21,640,640,637,640,4000,640,1
2013/11/22,640,640,635,640,7000,640,1
2013/11/25,649,649,649,649,2000,649,1
2013/11/29,640,640,626,626,6000,626,1
2013/12/02,634,679,634,679,10000,679,1
2013/12/03,679,679,657,658,5000,658,1
2013/12/04,657,657,657,657,1000,657,1
2013/12/05,647,647,647,647,1000,647,1
2013/12/06,650,650,650,650,2000,650,1
2013/12/09,660,667,660,666,11000,666,1
2013/12/10,679,679,659,660,13000,660,1
2013/12/11,640,640,640,640,10000,640,1
2013/12/12,635,635,626,626,9000,626,1
2013/12/13,630,645,630,640,20000,640,1
2013/12/16,635,645,635,645,7000,645,1
2013/12/17,636,640,635,640,9000,640,1
2013/12/18,632,635,632,635,9000,635,1
2013/12/19,637,637,637,637,1000,637,1
2013/12/20,643,643,634,636,4000,636,1
2013/12/24,646,646,633,633,22000,633,1
2013/12/25,637,637,631,631,2000,631,1
2013/12/27,659,659,659,659,3000,659,1
2013/12/30,655,659,655,659,2000,659,1
2014/01/06,659,662,659,662,4000,662,1
2014/01/07,675,700,675,691,5000,691,1
2014/01/08,690,695,688,688,3000,688,1
2014/01/09,678,695,678,695,6000,695,1
2014/01/10,699,720,699,705,12000,705,1
2014/01/14,700,704,690,690,6000,690,1
2014/01/15,690,705,690,705,2000,705,1
2014/01/20,704,706,704,706,14000,706,1
2014/01/21,729,729,711,711,6000,711,1
2014/01/22,715,715,712,712,2000,712,1
2014/01/24,717,741,702,720,35000,720,1
2014/01/27,703,703,667,697,12000,697,1
2014/01/28,700,709,696,696,4000,696,1
2014/01/29,686,686,681,681,4000,681,1
2014/01/30,685,685,667,668,6000,668,1
2014/01/31,678,693,664,670,15000,670,1
2014/02/03,679,679,646,651,13000,651,1
2014/02/04,622,646,622,646,18000,646,1
2014/02/05,640,650,633,650,8000,650,1
2014/02/06,650,668,650,668,9000,668,1
2014/02/07,680,680,670,670,4000,670,1
2014/02/10,680,680,680,680,3000,680,1
2014/02/12,680,680,680,680,2000,680,1
2014/02/13,679,685,675,675,7000,675,1
2014/02/14,674,674,670,670,6000,670,1
2014/02/17,670,680,670,680,3000,680,1
2014/02/19,680,680,680,680,1000,680,1
2014/02/21,680,680,680,680,1000,680,1
2014/02/24,685,685,685,685,1000,685,1
2014/02/25,685,685,685,685,2000,685,1
2014/02/26,685,685,685,685,1000,685,1
2014/02/27,676,676,676,676,1000,676,1
2014/02/28,685,685,685,685,1000,685,1
2014/03/03,685,685,666,670,14000,670,1
2014/03/04,670,670,668,668,3000,668,1
2014/03/07,671,681,671,680,6000,680,1
2014/03/10,671,671,671,671,4000,671,1
2014/03/11,679,679,670,670,3000,670,1
2014/03/12,673,681,671,681,3000,681,1
2014/03/13,680,681,679,681,6000,681,1
2014/03/19,681,681,681,681,1000,681,1
2014/03/20,681,681,681,681,1000,681,1
2014/03/25,671,671,671,671,2000,671,1
2014/03/26,681,681,681,681,1000,681,1
2014/03/28,670,670,670,670,2000,670,1
2014/03/31,670,680,670,680,3000,680,1
2014/04/01,680,680,680,680,6000,680,1
2014/04/02,680,682,674,678,9000,678,1
2014/04/03,684,684,684,684,2000,684,1
2014/04/04,680,680,680,680,1000,680,1
2014/04/07,680,680,680,680,1000,680,1
2014/04/08,673,673,673,673,1000,673,1
2014/04/09,671,673,666,673,5000,673,1
2014/04/10,672,672,665,665,6000,665,1
2014/04/11,665,666,662,662,7000,662,1
2014/04/14,662,662,662,662,3000,662,1
2014/04/16,662,662,662,662,1000,662,1
2014/04/17,672,672,672,672,1000,672,1
2014/04/25,679,679,679,679,1000,679,1
2014/04/30,670,670,652,652,9000,652,1
2014/05/01,658,670,655,670,10000,670,1
2014/05/07,661,661,661,661,1000,661,1
2014/05/08,658,658,655,655,3000,655,1
2014/05/09,650,650,630,645,9000,645,1
2014/05/12,650,650,650,650,4000,650,1
2014/05/13,651,665,650,665,7000,665,1
2014/05/14,665,675,665,675,2000,675,1
2014/05/15,646,651,646,651,3000,651,1
2014/05/16,651,651,645,645,10000,645,1
2014/05/19,640,640,630,640,7000,640,1
2014/05/22,650,650,650,650,1000,650,1
2014/05/23,658,658,653,653,2000,653,1
2014/05/28,656,656,656,656,1000,656,1
2014/05/30,650,650,650,650,1000,650,1
2014/06/02,651,655,651,654,11000,654,1
2014/06/04,652,652,652,652,1000,652,1
2014/06/05,651,651,651,651,1000,651,1
2014/06/06,654,654,654,654,1000,654,1
2014/06/09,670,679,670,679,8000,679,1
2014/06/10,680,680,680,680,4000,680,1
2014/06/11,670,670,670,670,2000,670,1
2014/06/12,660,660,660,660,2000,660,1
2014/06/13,660,667,660,667,6000,667,1
2014/06/16,670,670,657,657,6000,657,1
2014/06/17,667,667,655,655,7000,655,1
2014/06/18,659,659,653,653,3000,653,1
2014/06/19,651,651,651,651,1000,651,1
2014/06/20,655,656,655,655,5000,655,1
2014/06/23,658,660,655,660,7000,660,1
2014/06/24,663,665,662,662,12000,662,1
2014/06/25,667,675,663,675,10000,675,1
2014/06/26,680,684,676,678,11000,678,1
2014/06/27,685,700,685,697,12000,697,1
2014/06/30,700,702,700,702,6000,702,1
2014/07/01,702,702,700,700,22000,700,1
2014/07/04,689,689,689,689,1000,689,1
2014/07/07,669,669,669,669,2000,669,1
2014/07/08,669,669,663,663,7000,663,1
2014/07/09,663,665,663,665,2000,665,1
2014/07/10,675,675,660,660,5000,660,1
2014/07/11,656,666,656,666,2000,666,1
2014/07/14,656,656,656,656,1000,656,1
2014/07/15,660,663,660,663,2000,663,1
2014/07/16,668,668,668,668,2000,668,1
2014/07/17,668,668,668,668,4000,668,1
2014/07/22,668,670,667,668,8000,668,1
2014/07/23,669,669,669,669,10000,669,1
2014/07/24,679,679,679,679,1000,679,1
2014/07/25,675,678,670,678,6000,678,1
2014/07/28,680,680,679,679,6000,679,1
2014/07/29,672,672,672,672,2000,672,1
2014/07/30,672,672,668,668,4000,668,1
2014/07/31,662,662,633,633,27000,633,1
2014/08/01,633,642,633,642,7000,642,1
2014/08/04,633,633,633,633,2000,633,1
2014/08/05,640,640,636,636,3000,636,1
2014/08/06,633,633,630,630,2000,630,1
2014/08/07,640,640,640,640,2000,640,1
2014/08/08,630,630,629,629,9000,629,1
2014/08/11,629,631,629,630,9000,630,1
2014/08/12,630,630,630,630,2000,630,1
2014/08/13,630,640,630,640,9000,640,1
2014/08/14,644,644,644,644,1000,644,1
2014/08/21,649,650,649,650,2000,650,1
2014/08/22,640,640,640,640,1000,640,1
2014/08/25,640,640,640,640,3000,640,1
2014/08/28,648,648,648,648,1000,648,1
2014/08/29,650,650,650,650,2000,650,1
2014/09/01,651,655,650,655,6000,655,1
2014/09/02,665,665,665,665,2000,665,1
2014/09/05,668,670,668,670,4000,670,1
2014/09/08,690,770,672,770,64000,770,1
2014/09/09,920,920,850,920,383000,920,1
2014/09/10,999,1070,795,1070,579000,1070,1
2014/09/11,1150,1360,979,991,691000,991,1
2014/09/12,1066,1141,993,1141,208000,1141,1
2014/09/16,1400,1441,1309,1430,355000,1430,1
2014/09/17,1291,1362,1141,1146,639000,1146,1
2014/09/18,1175,1288,1013,1085,482000,1085,1
2014/09/19,1077,1110,984,1078,238000,1078,1
2014/09/22,1100,1160,1050,1139,173000,1139,1
2014/09/24,1111,1120,1001,1001,166000,1001,1
2014/09/25,1031,1058,1006,1030,108000,1030,1
2014/09/26,1025,1330,991,1244,570000,1244,1
2014/09/29,1250,1265,1082,1103,210000,1103,1
2014/09/30,1075,1080,1042,1076,67000,1076,1
2014/10/01,1069,1070,1017,1031,66000,1031,1
2014/10/02,1001,1049,999,1023,85000,1023,1
2014/10/03,1013,1039,1013,1030,31000,1030,1
2014/10/06,1040,1130,1040,1055,82000,1055,1
2014/10/07,1115,1242,1076,1129,199000,1129,1
2014/10/08,1131,1409,1115,1319,549000,1319,1
2014/10/09,1379,1488,1160,1300,397000,1300,1
2014/10/10,1320,1355,1155,1205,193000,1205,1
2014/10/14,1150,1220,1084,1142,107000,1142,1
2014/10/15,1170,1208,1040,1080,168000,1080,1
2014/10/16,1022,1050,1011,1011,139000,1011,1
2014/10/17,1022,1055,1015,1019,71000,1019,1
2014/10/20,1109,1109,1040,1055,58000,1055,1
2014/10/21,1043,1049,1025,1030,44000,1030,1
2014/10/22,1050,1050,1006,1041,64000,1041,1
2014/10/23,1035,1037,1015,1023,45000,1023,1
2014/10/24,1025,1032,960,970,120000,970,1
2014/10/27,970,971,909,920,58000,920,1
2014/10/28,911,987,902,987,74000,987,1
2014/10/29,1002,1002,954,955,45000,955,1
2014/10/30,950,950,920,935,30000,935,1
2014/10/31,925,970,920,928,42000,928,1
2014/11/04,971,986,930,950,44000,950,1
2014/11/05,959,959,931,944,24000,944,1
2014/11/06,950,995,950,951,77000,951,1
2014/11/07,965,1030,965,1012,55000,1012,1
2014/11/10,1011,1011,980,993,25000,993,1
2014/11/11,986,994,971,975,16000,975,1
2014/11/12,967,967,940,952,29000,952,1
2014/11/13,940,945,931,932,25000,932,1
2014/11/14,939,939,922,934,20000,934,1
2014/11/17,940,944,932,932,8000,932,1
2014/11/18,932,935,911,931,27000,931,1
2014/11/19,935,998,935,979,48000,979,1
2014/11/20,980,1009,977,978,38000,978,1
2014/11/21,991,991,957,979,13000,979,1
2014/11/25,985,1030,975,1001,32000,1001,1
2014/11/26,1029,1029,1001,1015,31000,1015,1
2014/11/27,1020,1020,980,1001,27000,1001,1
2014/11/28,1001,1001,980,982,16000,982,1
2014/12/01,1004,1025,1000,1011,16000,1011,1
2014/12/02,998,1000,990,990,9000,990,1
2014/12/03,1065,1140,1030,1140,124000,1140,1
2014/12/04,1230,1231,1063,1064,293000,1064,1
2014/12/05,1034,1036,1007,1023,72000,1023,1
2014/12/08,1053,1053,1007,1010,29000,1010,1
2014/12/09,991,1003,961,982,36000,982,1
2014/12/10,961,979,961,979,25000,979,1
2014/12/11,953,985,951,976,14000,976,1
2014/12/12,998,1032,997,1003,15000,1003,1
2014/12/15,973,980,966,966,10000,966,1
2014/12/16,960,960,929,929,43000,929,1
2014/12/17,929,952,920,926,14000,926,1
2014/12/18,941,954,940,940,7000,940,1
2014/12/19,955,968,941,944,15000,944,1
2014/12/22,944,955,944,950,17000,950,1
2014/12/24,951,962,951,962,9000,962,1
2014/12/25,964,964,950,951,37000,951,1
2014/12/26,965,965,950,964,29000,964,1
2014/12/29,960,970,960,970,11000,970,1
2014/12/30,970,980,968,968,13000,968,1
2015/01/05,975,989,968,989,10300,989,1
2015/01/06,978,984,958,978,4600,978,1
2015/01/07,977,979,950,969,4100,969,1
2015/01/08,970,987,962,973,2600,973,1
2015/01/09,980,980,945,945,7700,945,1
2015/01/13,945,970,945,967,8200,967,1
2015/01/14,967,968,938,941,5200,941,1
2015/01/15,940,944,931,941,6700,941,1
2015/01/16,934,940,922,933,12500,933,1
2015/01/19,932,932,905,910,13000,910,1
2015/01/20,906,927,906,917,5600,917,1
2015/01/21,917,918,888,890,12500,890,1
2015/01/22,888,888,850,870,20800,870,1
2015/01/23,855,878,850,868,16800,868,1
2015/01/26,879,900,869,899,5200,899,1
2015/01/27,909,909,891,902,3100,902,1
2015/01/28,891,900,887,898,7800,898,1
2015/01/29,897,900,890,897,5200,897,1
2015/01/30,901,913,900,905,12000,905,1
2015/02/02,890,890,835,840,29800,840,1
2015/02/03,840,844,803,806,17200,806,1
2015/02/04,810,828,808,813,6900,813,1
2015/02/05,812,828,809,817,7200,817,1
2015/02/06,812,820,812,815,5300,815,1
2015/02/09,826,837,815,837,3100,837,1
2015/02/10,849,849,824,836,3000,836,1
2015/02/12,836,837,820,824,5700,824,1
2015/02/13,825,855,825,825,3200,825,1
2015/02/16,824,824,805,810,8300,810,1
2015/02/17,812,816,804,809,3800,809,1
2015/02/18,819,826,808,812,4500,812,1
2015/02/19,818,826,818,820,2100,820,1
2015/02/20,823,825,810,824,3100,824,1
2015/02/23,824,833,818,819,3600,819,1
2015/02/24,818,819,800,802,17200,802,1
2015/02/25,809,809,803,805,6200,805,1
2015/02/26,801,803,790,790,28000,790,1
2015/02/27,795,800,787,788,24600,788,1
2015/03/02,794,800,789,790,27400,790,1
2015/03/03,797,799,785,789,56400,789,1
2015/03/04,789,798,789,796,7300,796,1
2015/03/05,792,798,792,798,3000,798,1
2015/03/06,799,800,797,798,8300,798,1
2015/03/09,797,805,795,805,13300,805,1
2015/03/10,809,835,807,835,34200,835,1
2015/03/11,830,850,829,845,31600,845,1
2015/03/12,850,853,831,853,20700,853,1
2015/03/13,859,859,835,840,17300,840,1
2015/03/16,851,851,833,833,24900,833,1
2015/03/17,840,840,830,835,9900,835,1
2015/03/18,840,840,804,831,26400,831,1
2015/03/19,826,839,826,839,7300,839,1
2015/03/20,839,839,831,838,4300,838,1
2015/03/23,840,854,838,854,20100,854,1
2015/03/24,850,858,845,858,7400,858,1
2015/03/25,858,858,845,847,11500,847,1
2015/03/26,847,848,837,848,8600,848,1
2015/03/27,831,847,831,831,10600,831,1
2015/03/30,840,874,831,869,12700,869,1
2015/03/31,867,890,851,875,30700,875,1
2015/04/01,875,877,851,865,13200,865,1
2015/04/02,858,875,856,870,7900,870,1
2015/04/03,870,875,862,863,16400,863,1
2015/04/06,863,905,855,905,27300,905,1
2015/04/07,904,904,890,891,11800,891,1
2015/04/08,899,899,885,898,11300,898,1
2015/04/09,892,902,889,893,17200,893,1
2015/04/10,885,894,878,891,13000,891,1
2015/04/13,897,897,878,890,12500,890,1
2015/04/14,890,890,883,890,7500,890,1
2015/04/15,875,887,872,872,9900,872,1
2015/04/16,865,869,860,869,16500,869,1
2015/04/17,857,884,857,860,11000,860,1
2015/04/20,852,863,852,861,10100,861,1
2015/04/21,855,862,850,860,8300,860,1
2015/04/22,851,871,848,865,9800,865,1
2015/04/23,869,869,860,860,5500,860,1
2015/04/24,860,959,845,923,77900,923,1
2015/04/27,968,1048,950,951,191600,951,1
2015/04/28,960,975,929,934,43700,934,1
2015/04/30,911,933,910,915,20600,915,1
2015/05/01,915,945,880,890,25100,890,1
2015/05/07,900,930,898,920,7300,920,1
2015/05/08,920,923,905,919,4500,919,1
2015/05/11,929,942,919,934,15400,934,1
2015/05/12,935,985,926,965,50000,965,1
2015/05/13,967,979,949,968,13700,968,1
2015/05/14,966,989,930,930,30100,930,1
2015/05/15,951,1055,935,990,200700,990,1
2015/05/18,1005,1010,988,1007,47700,1007,1
2015/05/19,1007,1032,994,1024,50100,1024,1
2015/05/20,1029,1029,1001,1006,14500,1006,1
2015/05/21,1010,1015,1008,1010,40400,1010,1
2015/05/22,1010,1029,1010,1010,16000,1010,1
2015/05/25,1013,1015,980,989,21700,989,1
2015/05/26,992,1002,985,991,19300,991,1
2015/05/27,993,1000,991,993,10800,993,1
2015/05/28,1002,1026,1002,1014,12800,1014,1
2015/05/29,1005,1026,1000,1025,14400,1025,1
2015/06/01,1025,1045,1025,1027,21900,1027,1
2015/06/02,1025,1037,1022,1030,13900,1030,1
2015/06/03,1028,1034,1022,1034,17900,1034,1
2015/06/04,1026,1044,1026,1031,12900,1031,1
2015/06/05,1030,1031,1017,1017,19200,1017,1
2015/06/08,1017,1026,1010,1018,11100,1018,1
2015/06/09,1008,1022,1003,1006,10500,1006,1
2015/06/10,1005,1006,990,993,13400,993,1
2015/06/11,995,1007,992,1007,19100,1007,1
2015/06/12,1012,1083,1012,1070,58400,1070,1
2015/06/15,1068,1107,1068,1088,29400,1088,1
2015/06/16,1079,1080,1060,1064,11000,1064,1
2015/06/17,1061,1066,1051,1051,5800,1051,1
2015/06/18,1064,1065,1051,1061,9800,1061,1
2015/06/19,1055,1057,1051,1052,4100,1052,1
2015/06/22,1054,1065,1053,1060,3100,1060,1
2015/06/23,1060,1070,1045,1060,9800,1060,1
2015/06/24,1060,1077,1060,1065,10100,1065,1
2015/06/25,1078,1078,1068,1070,5000,1070,1
2015/06/26,1123,1123,1070,1111,43000,1111,1
2015/06/29,1080,1109,1071,1109,30100,1109,1
2015/06/30,1095,1112,1085,1107,7900,1107,1
2015/07/01,1107,1142,1107,1121,22400,1121,1
2015/07/02,1123,1142,1122,1132,12600,1132,1
2015/07/03,1134,1136,1121,1130,12300,1130,1
2015/07/06,1112,1134,1100,1134,15700,1134,1
2015/07/07,1134,1175,1083,1156,39600,1156,1
2015/07/08,1156,1156,1072,1137,39300,1137,1
2015/07/09,1068,1110,1030,1110,25800,1110,1
2015/07/10,1134,1141,1114,1130,24100,1130,1
2015/07/13,1105,1120,1090,1105,13100,1105,1
2015/07/14,1107,1121,1105,1121,14400,1121,1
2015/07/15,1121,1125,1114,1121,12200,1121,1
2015/07/16,1120,1158,1114,1158,33600,1158,1
2015/07/17,1159,1168,1152,1168,10500,1168,1
2015/07/21,1169,1170,1146,1151,23800,1151,1
2015/07/22,1150,1160,1129,1154,15300,1154,1
2015/07/23,1150,1151,1146,1150,6000,1150,1
2015/07/24,1165,1165,1131,1131,6900,1131,1
2015/07/27,1127,1141,1115,1116,23700,1116,1
2015/07/28,1084,1114,1070,1108,19800,1108,1
2015/07/29,1110,1129,1063,1095,8000,1095,1
2015/07/30,1088,1111,1006,1014,35400,1014,1
2015/07/31,1021,1065,1021,1040,18700,1040,1
2015/08/03,1042,1046,1020,1041,15200,1041,1
2015/08/04,1029,1042,1027,1040,7600,1040,1
2015/08/05,1040,1045,1025,1040,11900,1040,1
2015/08/06,1050,1050,1045,1045,400,1045,1
2015/08/07,1041,1041,1027,1027,4200,1027,1
2015/08/10,1055,1055,1023,1028,5500,1028,1
2015/08/11,1040,1040,1027,1030,3500,1030,1
2015/08/12,1022,1028,997,1001,25900,1001,1
2015/08/13,1002,1030,1002,1010,11700,1010,1
2015/08/14,1023,1023,1010,1020,2700,1020,1
2015/08/17,1044,1044,1010,1012,5200,1012,1
2015/08/18,1010,1020,1010,1015,3700,1015,1
2015/08/19,1006,1030,1006,1015,6500,1015,1
2015/08/20,1015,1020,1010,1010,6700,1010,1
2015/08/21,980,1000,951,966,21100,966,1
2015/08/24,906,933,850,865,46600,865,1
2015/08/25,839,909,820,881,19800,881,1
2015/08/26,851,905,850,896,13700,896,1
2015/08/27,910,928,896,921,9300,921,1
2015/08/28,950,950,921,949,8300,949,1
2015/08/31,949,949,920,940,15900,940,1
2015/09/01,940,940,906,906,13300,906,1
2015/09/02,896,896,881,896,500,896,1
2015/09/03,902,902,900,900,5200,900,1
2015/09/04,900,900,885,900,6800,900,1
2015/09/07,885,889,880,882,2100,882,1
2015/09/08,885,885,875,879,4800,879,1
2015/09/09,885,914,885,890,3800,890,1
2015/09/10,905,905,904,904,2700,904,1
2015/09/11,902,902,887,887,900,887,1
2015/09/14,887,900,887,890,2000,890,1
2015/09/15,890,919,890,919,3500,919,1
2015/09/16,905,917,903,903,2100,903,1
2015/09/17,903,903,888,894,1200,894,1
2015/09/18,893,893,850,873,14100,873,1
2015/09/24,903,903,873,901,1400,901,1
2015/09/25,914,914,890,890,2200,890,1
2015/09/28,890,891,890,891,600,891,1
2015/09/29,891,891,879,880,1900,880,1
2015/09/30,900,900,880,880,2600,880,1
2015/10/01,880,881,880,880,4400,880,1
2015/10/02,880,914,880,914,1900,914,1
2015/10/05,900,900,890,890,10100,890,1
2015/10/06,880,900,880,900,5600,900,1
2015/10/07,885,900,881,892,3200,892,1
2015/10/08,893,900,893,899,1800,899,1
2015/10/09,900,916,899,916,14100,916,1
2015/10/13,919,936,918,927,21600,927,1
2015/10/14,928,928,918,918,5200,918,1
2015/10/15,921,939,910,934,6200,934,1
2015/10/16,939,939,923,923,2700,923,1
2015/10/19,922,922,900,910,7700,910,1
2015/10/20,910,910,900,901,1600,901,1
2015/10/21,902,914,891,911,2100,911,1
2015/10/22,918,969,915,930,7600,930,1
2015/10/23,945,948,939,947,2500,947,1
2015/10/26,946,1097,946,1001,136400,1001,1
2015/10/27,1026,1030,991,996,21100,996,1
2015/10/28,996,1014,982,988,5900,988,1
2015/10/29,988,1001,887,901,62700,901,1
2015/10/30,905,908,895,898,8000,898,1
2015/11/02,898,907,898,903,6500,903,1
2015/11/04,899,900,891,891,3500,891,1
2015/11/05,891,910,888,901,55100,901,1
2015/11/06,886,900,886,890,4700,890,1
2015/11/09,892,910,892,910,1300,910,1
2015/11/10,910,910,896,898,6600,898,1
2015/11/11,892,898,892,896,1700,896,1
2015/11/12,904,904,899,902,900,902,1
2015/11/13,897,900,892,900,1800,900,1
2015/11/16,888,897,882,885,11000,885,1
2015/11/17,883,890,883,886,5200,886,1
2015/11/18,885,885,879,880,3900,880,1
2015/11/19,878,882,850,882,15400,882,1
2015/11/20,876,895,876,889,8600,889,1
2015/11/24,889,892,876,889,6500,889,1
2015/11/25,895,895,882,889,3100,889,1
2015/11/26,888,891,878,888,4600,888,1
2015/11/27,881,889,877,889,900,889,1
2015/11/30,889,889,881,888,4100,888,1
2015/12/01,888,894,886,889,9100,889,1
2015/12/02,891,900,891,899,2800,899,1
2015/12/03,899,902,894,899,8200,899,1
2015/12/04,899,903,893,901,4400,901,1
2015/12/07,907,907,900,900,5200,900,1
2015/12/08,897,900,893,896,3600,896,1
2015/12/09,893,894,888,894,3100,894,1
2015/12/10,900,900,885,893,5800,893,1
2015/12/11,885,885,868,869,6900,869,1
2015/12/14,854,870,850,867,3900,867,1
2015/12/15,857,870,830,868,8400,868,1
2015/12/16,865,865,844,844,2400,844,1
2015/12/17,842,859,842,850,2900,850,1
2015/12/18,835,841,835,835,7100,835,1
2015/12/21,834,834,800,817,14400,817,1
2015/12/22,812,812,806,809,14400,809,1
2015/12/24,809,809,750,773,28900,773,1
2015/12/25,773,776,767,773,11700,773,1
2015/12/28,771,785,769,785,6600,785,1
2015/12/29,788,795,788,795,2400,795,1
2015/12/30,790,802,789,801,3200,801,1
2016/01/04,805,813,805,805,7100,805,1
2016/01/05,805,820,805,806,1700,806,1
2016/01/06,806,806,791,800,2000,800,1
2016/01/07,796,796,784,784,3800,784,1
2016/01/08,780,795,780,787,3800,787,1
2016/01/12,815,815,787,787,6900,787,1
2016/01/13,772,783,760,762,3200,762,1
2016/01/14,760,775,760,775,4200,775,1
2016/01/15,774,780,762,780,10200,780,1
2016/01/18,764,764,735,764,1500,764,1
2016/01/19,738,764,738,764,7500,764,1
2016/01/20,764,765,742,763,4200,763,1
2016/01/21,762,762,688,688,17700,688,1
2016/01/22,698,700,675,695,18700,695,1
2016/01/25,704,704,685,696,4300,696,1
2016/01/26,717,717,710,710,5200,710,1
2016/01/27,700,716,700,716,4300,716,1
2016/01/28,703,716,703,716,600,716,1
2016/01/29,700,700,685,700,4400,700,1
2016/02/01,675,676,640,670,26000,670,1
2016/02/02,668,678,653,664,4600,664,1
2016/02/03,656,662,652,660,3500,660,1
2016/02/04,663,671,654,661,2100,661,1
2016/02/05,660,663,655,660,3100,660,1
2016/02/08,640,640,600,620,34500,620,1
2016/02/09,614,614,580,589,17200,589,1
2016/02/10,609,609,560,562,10900,562,1
2016/02/12,522,554,513,541,6000,541,1
2016/02/15,550,578,550,578,2000,578,1
2016/02/16,575,599,575,589,4100,589,1
2016/02/17,595,595,595,595,500,595,1
2016/02/18,605,615,605,610,1300,610,1
2016/02/19,590,590,590,590,200,590,1
2016/02/22,580,580,568,575,1600,575,1
2016/02/23,565,566,560,566,2500,566,1
2016/02/24,580,587,570,587,400,587,1
2016/02/25,600,600,575,575,4000,575,1
2016/02/26,577,580,577,580,2500,580,1
2016/02/29,570,588,570,588,3300,588,1
2016/03/01,588,589,588,588,5600,588,1
2016/03/02,599,599,592,597,1200,597,1
2016/03/03,600,601,596,600,4900,600,1
2016/03/04,605,619,605,611,3200,611,1
2016/03/07,612,620,609,609,3300,609,1
2016/03/08,619,624,619,624,1300,624,1
2016/03/09,624,639,624,639,1000,639,1
2016/03/10,649,670,640,666,14500,666,1
2016/03/11,669,708,669,686,11200,686,1
2016/03/14,685,685,658,658,2500,658,1
2016/03/15,660,673,660,660,4700,660,1
2016/03/16,660,663,660,663,600,663,1
2016/03/17,673,673,673,673,100,673,1
2016/03/18,661,663,650,663,7300,663,1
2016/03/22,653,653,650,650,1800,650,1
2016/03/23,658,658,658,658,100,658,1
2016/03/24,659,665,659,665,2200,665,1
2016/03/25,683,683,661,661,2300,661,1
2016/03/28,670,670,661,661,500,661,1
2016/03/29,657,661,657,661,700,661,1
2016/03/30,661,661,645,645,1700,645,1
2016/03/31,640,641,630,641,1300,641,1
2016/04/01,641,641,630,630,5200,630,1
2016/04/04,630,630,630,630,200,630,1
2016/04/05,631,635,631,635,1500,635,1
2016/04/06,635,635,633,635,1600,635,1
2016/04/07,630,635,630,635,900,635,1
2016/04/08,631,635,630,635,1200,635,1
2016/04/11,650,650,645,645,6200,645,1
2016/04/12,650,652,650,652,300,652,1
2016/04/15,636,644,636,644,800,644,1
2016/04/18,644,644,644,644,600,644,1
2016/04/19,652,670,652,668,1600,668,1
2016/04/21,658,658,658,658,400,658,1
2016/04/22,658,658,655,655,600,655,1
2016/04/25,658,660,648,658,8200,658,1
2016/04/26,655,655,653,653,600,653,1
2016/04/27,636,649,625,637,6700,637,1
2016/04/28,635,637,635,637,600,637,1
2016/05/02,637,641,637,638,5800,638,1
2016/05/06,648,648,637,637,300,637,1
2016/05/09,630,630,620,629,2700,629,1
2016/05/10,649,649,639,649,6800,649,1
2016/05/11,640,640,640,640,400,640,1
2016/05/12,640,640,640,640,200,640,1
2016/05/13,635,635,630,630,800,630,1
2016/05/16,625,630,620,620,1600,620,1
2016/05/17,623,640,623,640,8800,640,1
2016/05/18,626,640,626,640,2600,640,1
2016/05/19,640,640,640,640,800,640,1
2016/05/20,640,640,635,635,4900,635,1
2016/05/23,641,641,627,627,500,627,1
2016/05/24,625,625,619,619,1300,619,1
2016/05/25,640,640,621,621,2100,621,1
2016/05/26,621,630,621,630,600,630,1
2016/05/30,630,630,621,623,1400,623,1
2016/05/31,630,637,625,625,1000,625,1
2016/06/01,632,640,632,640,7900,640,1
2016/06/02,640,640,630,633,600,633,1
2016/06/03,635,635,629,629,1500,629,1
2016/06/06,616,618,612,614,4300,614,1
2016/06/07,615,619,615,615,3700,615,1
2016/06/08,615,615,612,612,1100,612,1
2016/06/09,619,626,610,625,2800,625,1
2016/06/10,630,630,629,629,6000,629,1
2016/06/13,619,619,619,619,100,619,1
2016/06/14,619,619,617,617,500,617,1
2016/06/15,610,622,602,606,2900,606,1
2016/06/16,609,609,600,600,3100,600,1
2016/06/20,600,601,599,600,4800,600,1
2016/06/21,599,610,599,607,3700,607,1
2016/06/22,607,610,605,605,2200,605,1
2016/06/23,602,605,602,604,1800,604,1
2016/06/24,609,609,572,584,3200,584,1
2016/06/27,613,625,613,613,23400,613,1
2016/06/28,573,590,573,590,6400,590,1
2016/06/29,605,606,595,595,1200,595,1
2016/06/30,595,605,595,605,200,605,1
2016/07/01,635,640,634,635,10300,635,1
2016/07/04,640,640,640,640,200,640,1
2016/07/05,640,640,629,632,1100,632,1
2016/07/06,632,632,625,625,1300,625,1
2016/07/07,621,621,621,621,100,621,1
2016/07/08,630,634,621,621,1400,621,1
2016/07/11,651,651,640,640,7600,640,1
2016/07/12,633,633,633,633,100,633,1
2016/07/13,631,631,626,626,1900,626,1
2016/07/19,627,627,627,627,100,627,1
2016/07/21,627,631,627,631,2700,631,1
2016/07/22,631,631,631,631,900,631,1
2016/07/25,659,659,635,635,1600,635,1
2016/07/26,635,639,635,639,2700,639,1
2016/07/27,640,640,639,640,500,640,1
2016/07/29,634,640,628,640,2800,640,1
2016/08/01,640,640,620,626,6400,626,1
2016/08/02,615,615,610,610,2200,610,1
2016/08/03,620,620,620,620,100,620,1
2016/08/04,635,635,622,622,800,622,1
2016/08/05,624,624,624,624,100,624,1
2016/08/08,630,631,628,630,700,630,1
2016/08/09,635,635,635,635,400,635,1
2016/08/10,640,640,640,640,5700,640,1
2016/08/12,639,640,634,634,1000,634,1
2016/08/15,624,625,616,619,2000,619,1
2016/08/17,638,638,626,626,600,626,1
2016/08/18,633,633,633,633,100,633,1
2016/08/19,626,626,622,626,700,626,1
2016/08/22,616,616,616,616,300,616,1
2016/08/23,615,615,615,615,500,615,1
2016/08/24,615,618,615,618,2300,618,1
2016/08/25,618,620,618,620,1300,620,1
2016/08/26,614,618,614,618,700,618,1
2016/08/29,618,618,618,618,700,618,1
2016/08/31,618,618,616,616,2300,616,1
2016/09/01,616,620,616,620,6300,620,1
2016/09/02,617,620,617,620,500,620,1
2016/09/05,618,620,618,620,1500,620,1
2016/09/06,620,620,619,619,500,619,1
2016/09/07,616,619,616,617,1800,617,1
2016/09/08,617,620,617,617,4600,617,1
2016/09/09,616,620,616,617,2700,617,1
2016/09/12,617,617,611,611,7800,611,1
2016/09/13,616,620,613,616,1200,616,1
2016/09/14,615,615,610,610,2000,610,1
2016/09/15,610,610,610,610,200,610,1
2016/09/20,609,609,600,608,3100,608,1
2016/09/21,602,610,601,601,1100,601,1
2016/09/23,600,609,600,601,2700,601,1
2016/09/26,600,601,600,601,2000,601,1
2016/09/28,581,625,581,625,3400,625,1
2016/09/29,625,625,615,620,1200,620,1
2016/10/03,620,624,606,624,5800,624,1
2016/10/04,617,617,617,617,100,617,1
2016/10/05,618,625,610,610,2200,610,1
2016/10/06,620,626,620,621,500,621,1
2016/10/07,620,623,620,621,4800,621,1
2016/10/11,630,630,620,620,10200,620,1
2016/10/12,620,629,620,623,1900,623,1
2016/10/13,615,615,615,615,200,615,1
2016/10/14,615,615,615,615,100,615,1
2016/10/17,615,615,615,615,800,615,1
2016/10/18,613,613,613,613,1000,613,1
2016/10/19,614,614,614,614,1200,614,1
2016/10/20,624,624,610,610,1500,610,1
2016/10/21,604,610,604,610,1100,610,1
2016/10/24,608,620,608,620,4500,620,1
2016/10/25,621,622,621,622,2400,622,1
2016/10/26,612,622,612,616,1000,616,1
2016/10/28,616,668,616,668,12400,668,1
2016/10/31,675,677,661,667,5400,667,1
2016/11/01,667,675,667,675,6600,675,1
2016/11/02,675,675,649,651,3300,651,1
2016/11/04,651,659,640,650,3400,650,1
2016/11/07,638,664,638,655,5900,655,1
2016/11/08,668,670,668,670,4500,670,1
2016/11/09,670,670,651,665,9400,665,1
2016/11/10,690,690,684,684,5500,684,1
2016/11/11,674,690,663,690,2400,690,1
2016/11/14,690,690,680,689,2300,689,1
2016/11/15,690,690,680,680,400,680,1
2016/11/16,690,701,685,687,15300,687,1
2016/11/17,687,701,684,694,3200,694,1
2016/11/18,694,694,694,694,4300,694,1
2016/11/21,706,706,706,706,900,706,1
2016/11/22,705,705,690,705,2000,705,1
2016/11/24,705,705,692,705,2200,705,1
2016/11/25,706,706,682,692,6100,692,1
2016/11/28,700,700,690,699,2500,699,1
2016/11/29,690,699,690,699,1800,699,1
2016/11/30,707,707,684,693,6100,693,1
2016/12/01,693,694,686,690,6000,690,1
2016/12/02,697,709,689,690,24000,690,1
2016/12/05,692,701,689,689,13900,689,1
2016/12/06,699,699,689,689,7300,689,1
2016/12/07,699,699,688,695,4500,695,1
2016/12/08,696,696,687,693,3400,693,1
2016/12/09,688,693,685,686,4700,686,1
2016/12/12,705,705,686,689,8600,689,1
2016/12/13,689,689,679,683,8200,683,1
2016/12/14,687,687,679,680,6500,680,1
2016/12/15,679,681,675,680,4300,680,1
2016/12/16,678,680,670,674,5900,674,1
2016/12/19,679,679,670,674,3200,674,1
2016/12/20,669,670,660,666,11300,666,1
2016/12/21,667,669,652,662,23900,662,1
2016/12/22,683,684,673,676,13000,676,1
2016/12/26,669,673,665,673,4600,673,1
2016/12/27,673,674,653,666,26600,666,1
2016/12/28,667,673,667,668,2900,668,1
2016/12/29,678,678,669,669,2000,669,1
2016/12/30,669,678,669,669,1700,669,1
2017/01/04,670,684,670,684,10400,684,1
2017/01/05,684,694,684,692,8600,692,1
2017/01/06,690,692,680,685,9900,685,1
2017/01/10,694,694,684,690,9200,690,1
2017/01/11,691,691,689,690,3000,690,1
2017/01/12,690,690,683,684,2000,684,1
2017/01/13,684,684,684,684,2500,684,1
2017/01/16,683,683,678,680,4700,680,1
2017/01/17,680,682,678,680,9900,680,1
2017/01/18,684,686,664,678,4500,678,1
2017/01/19,679,685,675,675,3000,675,1
2017/01/20,680,730,673,717,40300,717,1
2017/01/23,720,726,715,715,13800,715,1
2017/01/24,705,710,700,702,3700,702,1
2017/01/25,712,712,696,702,6700,702,1
2017/01/26,720,852,720,817,437800,817,1
2017/01/27,817,825,778,781,56200,781,1
2017/01/30,820,928,803,808,251800,808,1
2017/01/31,764,794,760,777,76200,777,1
2017/02/01,777,777,760,761,24400,761,1
2017/02/02,754,754,732,739,37400,739,1
2017/02/03,742,750,741,741,8800,741,1
2017/02/06,746,750,741,743,6500,743,1
2017/02/07,741,747,740,743,10500,743,1
2017/02/08,744,757,743,755,8500,755,1
2017/02/09,764,770,755,758,11200,758,1
2017/02/10,788,788,759,759,17700,759,1
2017/02/13,760,768,758,759,10700,759,1
2017/02/14,760,768,758,761,5500,761,1
2017/02/15,780,783,761,782,12100,782,1
2017/02/16,794,794,771,782,7400,782,1
2017/02/17,782,898,781,837,50400,837,1
2017/02/20,852,890,836,840,59500,840,1
2017/02/21,840,854,836,849,18600,849,1
2017/02/22,853,853,826,833,22500,833,1
2017/02/23,820,827,808,815,9000,815,1
2017/02/24,827,827,793,801,13500,801,1
2017/02/27,816,816,796,799,7100,799,1
2017/02/28,798,809,798,804,3300,804,1
2017/03/01,815,880,800,855,42700,855,1
2017/03/02,850,850,831,831,19400,831,1
2017/03/03,830,830,812,816,12200,816,1
2017/03/06,825,825,816,820,4200,820,1
2017/03/07,822,827,818,823,4400,823,1
2017/03/08,823,832,823,830,4200,830,1
2017/03/09,830,839,817,825,6900,825,1
2017/03/10,825,825,812,818,8500,818,1
2017/03/13,815,830,811,811,4000,811,1
2017/03/14,806,815,806,815,3800,815,1
2017/03/15,807,808,768,785,16700,785,1
2017/03/16,787,792,785,789,4700,789,1
2017/03/17,789,802,775,788,6200,788,1
2017/03/21,789,790,780,780,4900,780,1
2017/03/22,772,790,767,780,5900,780,1
2017/03/23,781,799,781,785,3100,785,1
2017/03/24,797,797,782,785,3200,785,1
2017/03/27,785,803,781,789,6300,789,1
2017/03/28,798,798,789,798,5500,798,1
2017/03/29,775,793,775,793,3100,793,1
2017/03/30,782,783,773,774,8000,774,1
2017/03/31,775,785,773,774,15500,774,1
2017/04/03,774,780,774,780,7800,780,1
2017/04/04,794,794,750,764,12500,764,1
2017/04/05,764,764,734,742,12500,742,1
2017/04/06,735,742,713,725,13800,725,1
2017/04/07,723,729,705,729,8400,729,1
2017/04/10,744,744,711,712,9700,712,1
2017/04/11,712,721,711,711,5000,711,1
2017/04/12,710,711,702,711,6000,711,1
2017/04/13,711,711,700,706,4200,706,1
2017/04/14,706,706,699,700,2200,700,1
2017/04/17,701,701,670,700,6900,700,1
2017/04/18,730,730,704,704,3900,704,1
2017/04/19,706,717,694,717,3400,717,1
2017/04/20,716,716,709,715,4200,715,1
2017/04/21,708,710,703,709,5500,709,1
2017/04/24,711,716,710,715,4700,715,1
2017/04/25,728,728,715,720,5700,720,1
2017/04/26,721,756,720,723,18800,723,1
2017/04/27,723,727,718,725,3500,725,1
2017/04/28,727,734,727,731,2100,731,1
2017/05/01,731,733,720,721,7200,721,1
2017/05/02,730,739,728,731,6200,731,1
2017/05/08,740,742,732,735,7200,735,1
2017/05/09,742,747,732,735,9400,735,1
2017/05/10,745,746,735,735,15600,735,1
2017/05/11,735,735,724,724,7800,724,1
2017/05/12,732,874,713,746,585400,746,1
2017/05/15,738,746,725,736,15000,736,1
2017/05/16,734,753,727,745,18300,745,1
2017/05/17,730,747,730,735,11400,735,1
2017/05/18,710,730,710,730,11400,730,1
2017/05/19,730,734,722,730,5700,730,1
2017/05/22,738,739,729,729,8300,729,1
2017/05/23,737,737,723,732,6100,732,1
2017/05/24,733,749,730,743,4900,743,1
2017/05/25,750,750,740,740,5900,740,1
2017/05/26,741,750,740,748,5000,748,1
2017/05/29,748,753,748,749,6400,749,1
2017/05/30,749,749,740,740,5200,740,1
2017/05/31,734,747,732,747,800,747,1
2017/06/01,747,753,743,753,5800,753,1
2017/06/02,746,749,740,743,4200,743,1
2017/06/05,740,749,740,748,1100,748,1
2017/06/06,745,749,738,738,5100,738,1
2017/06/07,738,750,720,724,18900,724,1
2017/06/08,736,756,729,750,14600,750,1
2017/06/09,745,757,745,757,5000,757,1
2017/06/12,763,763,749,751,10900,751,1
2017/06/13,749,759,743,752,2000,752,1
2017/06/14,749,750,744,744,1300,744,1
2017/06/15,744,750,736,750,3000,750,1
2017/06/16,755,765,736,739,13800,739,1
2017/06/19,736,744,732,744,4400,744,1
2017/06/20,738,741,738,738,5900,738,1
2017/06/21,738,744,738,741,4900,741,1
2017/06/22,742,746,733,738,13300,738,1
2017/06/23,740,740,731,736,7700,736,1
2017/06/26,732,740,732,740,2100,740,1
2017/06/27,734,742,730,738,8200,738,1
2017/06/28,739,744,732,738,3500,738,1
2017/06/29,750,752,741,742,23700,742,1
2017/06/30,740,741,732,740,2200,740,1
2017/07/03,749,750,745,748,8800,748,1
2017/07/04,750,750,742,742,2100,742,1
2017/07/05,742,742,740,740,2200,740,1
2017/07/06,749,750,742,742,3000,742,1
2017/07/07,750,761,743,749,9800,749,1
2017/07/10,751,751,745,749,12300,749,1
2017/07/11,748,749,748,749,200,749,1
2017/07/12,749,750,746,746,300,746,1
2017/07/13,750,754,747,754,7700,754,1
2017/07/14,760,760,750,751,4400,751,1
2017/07/18,758,763,755,758,21800,758,1
2017/07/19,762,802,752,766,34100,766,1
2017/07/20,766,778,757,764,18300,764,1
2017/07/21,758,765,758,762,4600,762,1
2017/07/24,760,769,759,763,10600,763,1
2017/07/25,768,768,763,767,2300,767,1
2017/07/26,767,778,761,762,30200,762,1
2017/07/27,762,789,750,752,63400,752,1
2017/07/28,756,763,752,761,28600,761,1
2017/07/31,762,764,754,754,14000,754,1
2017/08/01,755,763,752,760,21500,760,1
2017/08/02,760,764,747,761,27400,761,1
2017/08/03,761,761,751,755,4500,755,1
2017/08/04,757,760,757,760,5100,760,1
2017/08/07,775,870,774,784,106500,784,1
2017/08/08,794,795,785,792,25200,792,1
2017/08/09,794,799,783,793,47900,793,1
2017/08/10,793,793,784,787,20700,787,1
2017/08/14,784,844,784,815,42700,815,1
2017/08/15,817,965,817,911,322100,911,1
2017/08/16,900,900,870,890,85100,890,1
2017/08/17,903,1040,903,1040,384500,1040,1
2017/08/18,1250,1340,1204,1340,1861400,1340,1
2017/08/21,1640,1640,1640,1640,106700,1640,1
2017/08/22,1720,1989,1561,1679,6094500,1679,1
2017/08/23,1702,1718,1492,1498,2314700,1498,1
2017/08/24,1438,1474,1393,1409,866500,1409,1
2017/08/25,1419,1511,1351,1382,788000,1382,1
2017/08/28,1372,1402,1360,1370,153000,1370,1
2017/08/29,1344,1470,1310,1431,245300,1431,1
2017/08/30,1431,1443,1349,1351,239600,1351,1
2017/08/31,1351,1393,1334,1337,123100,1337,1
2017/09/01,1392,1487,1334,1347,501300,1347,1
2017/09/04,1320,1320,1221,1262,188000,1262,1
2017/09/05,1278,1288,1149,1150,222400,1150,1
2017/09/06,1135,1227,1108,1202,197500,1202,1
2017/09/07,1309,1450,1272,1380,1004800,1380,1
2017/09/08,1400,1434,1295,1326,349000,1326,1
2017/09/11,1326,1480,1326,1455,695000,1455,1
2017/09/12,1470,1516,1412,1450,505800,1450,1
2017/09/13,1510,1588,1427,1434,436200,1434,1
2017/09/14,1405,1421,1332,1352,265100,1352,1
2017/09/15,1500,1550,1399,1477,901900,1477,1
2017/09/19,1520,1538,1447,1525,440900,1525,1
2017/09/20,1538,1600,1510,1579,588100,1579,1
2017/09/21,1720,1979,1711,1979,1187400,1979,1
2017/09/22,1900,2082,1672,1950,3410500,1950,1
2017/09/25,2300,2350,2085,2085,2488700,2085,1
2017/09/26,2050,2514,2019,2428,2754900,2428,1
2017/09/27,2434,2600,2406,2506,2464800,2506,1
2017/09/28,2500,2716,2430,2470,1778400,2470,1
2017/09/29,2404,2433,2302,2316,735100,2316,1
2017/10/02,2310,2516,2310,2469,516100,2469,1
2017/10/03,2490,2550,2378,2408,358800,2408,1
2017/10/04,2337,2355,2171,2193,528500,2193,1
2017/10/05,2171,2295,2107,2107,395400,2107,1
2017/10/06,2110,2195,2057,2161,314100,2161,1
2017/10/10,2192,2235,2085,2168,293900,2168,1
2017/10/11,2185,2353,2124,2338,659900,2338,1
2017/10/12,2300,2407,2230,2270,395900,2270,1
2017/10/13,2237,2265,2161,2213,163800,2213,1
2017/10/16,2247,2311,2201,2240,164100,2240,1
2017/10/17,2270,2282,2177,2214,143900,2214,1
2017/10/18,2237,2294,2198,2265,212900,2265,1
2017/10/19,2312,2417,2283,2417,667700,2417,1
2017/10/20,2332,2332,2158,2165,816200,2165,1
2017/10/23,2185,2210,2165,2175,141700,2175,1
2017/10/24,2173,2184,2010,2048,291600,2048,1
2017/10/25,2007,2016,1873,1892,382800,1892,1
2017/10/26,1906,1965,1851,1851,207000,1851,1
2017/10/27,1885,2115,1858,2002,926700,2002,1
2017/10/30,1937,2000,1914,1955,234100,1955,1
2017/10/31,1921,1950,1885,1910,125400,1910,1
2017/11/01,1910,1945,1891,1900,76800,1900,1
2017/11/02,1907,1915,1850,1870,106700,1870,1
2017/11/06,1880,1888,1751,1755,122000,1755,1
2017/11/07,1751,1803,1727,1775,96900,1775,1
2017/11/08,1780,1898,1780,1884,151600,1884,1
2017/11/09,1880,1945,1775,1860,172200,1860,1
2017/11/10,1795,1835,1793,1805,55400,1805,1
2017/11/13,1850,1899,1813,1874,78900,1874,1
2017/11/14,1849,1856,1812,1825,47700,1825,1
2017/11/15,1786,1799,1650,1690,137400,1690,1
2017/11/16,1686,1749,1672,1746,55600,1746,1
2017/11/17,1747,1815,1728,1739,77100,1739,1
2017/11/20,1938,2139,1905,2139,1786000,2139,1
2017/11/21,2370,2486,2262,2441,2557500,2441,1
2017/11/22,2348,2538,2280,2386,2065800,2386,1
2017/11/24,2350,2527,2302,2488,1139500,2488,1
2017/11/27,2530,2988,2527,2988,4048900,2988,1
2017/11/28,3110,3140,2790,2823,2495000,2823,1
2017/11/29,2960,3085,2790,2880,1359300,2880,1
2017/11/30,2806,2844,2627,2690,535700,2690,1
2017/12/01,2724,2824,2663,2678,376400,2678,1
2017/12/04,2637,2695,2488,2490,335200,2490,1
2017/12/05,2430,2575,2427,2515,251600,2515,1
2017/12/06,2455,2588,2402,2403,260200,2403,1
2017/12/07,2430,2829,2430,2742,976100,2742,1
2017/12/08,2715,2958,2655,2845,1308100,2845,1
2017/12/11,2800,2839,2706,2720,371500,2720,1
2017/12/12,2750,2787,2630,2635,205800,2635,1
2017/12/13,2651,2750,2615,2684,181800,2684,1
2017/12/14,2697,2710,2647,2661,79500,2661,1
2017/12/15,2710,2710,2560,2570,143800,2570,1
2017/12/18,2581,2685,2570,2608,98700,2608,1
2017/12/19,2681,2790,2626,2790,358100,2790,1
2017/12/20,2777,2823,2676,2700,186300,2700,1
2017/12/21,2682,2710,2626,2658,89700,2658,1
2017/12/22,2694,2707,2640,2707,83700,2707,1
2017/12/25,2707,2730,2661,2661,75500,2661,1
2017/12/26,2651,2669,2548,2577,145800,2577,1
2017/12/27,2527,2640,2503,2564,147500,2564,1
2017/12/28,2565,2600,2541,2576,59200,2576,1
2017/12/29,2599,2599,2530,2543,61700,2543,1
2018/01/04,2584,2688,2545,2653,179800,2653,1
2018/01/05,2698,2740,2641,2680,154900,2680,1
2018/01/09,2700,2720,2611,2640,103900,2640,1
2018/01/10,2660,2718,2651,2714,107300,2714,1
2018/01/11,2672,2769,2670,2732,179400,2732,1
2018/01/12,2769,2781,2702,2702,98500,2702,1
2018/01/15,2686,2759,2681,2741,93000,2741,1
2018/01/16,2740,2907,2721,2907,544500,2907,1
2018/01/17,2865,3095,2800,2800,1024700,2800,1
2018/01/18,2800,2840,2655,2657,306100,2657,1
2018/01/19,2650,2733,2650,2721,118700,2721,1
2018/01/22,2766,2870,2752,2840,317100,2840,1
2018/01/23,2890,2908,2780,2814,184300,2814,1
2018/01/24,2829,2847,2717,2761,123500,2761,1
2018/01/25,2702,3265,2690,3265,2387300,3265,1
2018/01/26,3300,3700,3140,3415,3374700,3415,1
2018/01/29,3415,3665,3365,3410,1142200,3410,1
2018/01/30,3380,3775,3355,3680,2116800,3680,1
2018/01/31,3540,3725,3420,3460,1155300,3460,1
2018/02/01,3515,3540,3280,3390,495500,3390,1
2018/02/02,3410,3430,3190,3390,324000,3390,1
2018/02/05,3210,3420,3210,3325,287000,3325,1
2018/02/06,3055,3195,2625,3000,731500,3000,1
2018/02/07,3250,3310,3020,3035,375200,3035,1
2018/02/08,3105,3350,3090,3350,315100,3350,1
2018/02/09,3045,3400,3045,3400,333400,3400,1
2018/02/13,3400,3435,3125,3200,330800,3200,1
2018/02/14,3200,3275,2839,2945,307400,2945,1
2018/02/15,3050,3240,3025,3185,256500,3185,1
2018/02/16,3310,3480,3240,3440,465400,3440,1
2018/02/19,3420,3600,3405,3560,358000,3560,1
2018/02/20,3525,3595,3455,3595,194500,3595,1
2018/02/21,3555,3760,3540,3590,502300,3590,1
2018/02/22,3635,3925,3575,3920,998100,3920,1
2018/02/23,3885,3930,3630,3770,560500,3770,1
2018/02/26,3865,3985,3660,3670,580800,3670,1
2018/02/27,3690,3790,3555,3770,296200,3770,1
2018/02/28,3710,3935,3690,3915,448200,3915,1
2018/03/01,3845,3980,3770,3880,379000,3880,1
2018/03/02,3740,3835,3725,3770,230600,3770,1
2018/03/05,3735,3765,3315,3400,438800,3400,1
2018/03/06,3600,3600,3465,3540,175100,3540,1
2018/03/07,3550,3680,3480,3570,199500,3570,1
2018/03/08,3655,3880,3645,3820,434000,3820,1
2018/03/09,3845,3890,3620,3710,327400,3710,1
2018/03/12,3780,3785,3585,3645,165000,3645,1
2018/03/13,3630,3910,3620,3815,393400,3815,1
2018/03/14,3770,3825,3690,3715,151700,3715,1
2018/03/15,3740,3790,3645,3690,167500,3690,1
2018/03/16,3700,3705,3545,3610,193200,3610,1
2018/03/19,3580,3585,3370,3420,168100,3420,1
2018/03/20,3350,3485,3330,3455,98300,3455,1
2018/03/22,3400,3500,3400,3470,75100,3470,1
2018/03/23,3260,3345,3235,3250,150800,3250,1
2018/03/26,3190,3275,3055,3235,126400,3235,1
2018/03/27,3445,3445,3280,3320,94600,3320,1
2018/03/28,3230,3375,3230,3290,52800,3290,1
2018/03/29,3315,3325,3210,3230,74000,3230,1
2018/03/30,3300,3410,3255,3400,82000,3400,1
2018/04/02,3410,3495,3360,3360,70800,3360,1
2018/04/03,3290,3345,3260,3270,60600,3270,1
2018/04/04,3305,3320,3165,3165,81000,3165,1
2018/04/05,3205,3205,3115,3120,78400,3120,1
2018/04/06,3110,3200,2998,3085,91600,3085,1
2018/04/09,3015,3160,3015,3140,51200,3140,1
2018/04/10,3095,3130,3050,3080,40400,3080,1
2018/04/11,3050,3100,3000,3010,45600,3010,1
2018/04/12,2980,3075,2960,3035,40600,3035,1
2018/04/13,3045,3135,3040,3135,57900,3135,1
2018/04/16,3160,3190,3090,3115,68000,3115,1
2018/04/17,3045,3120,2985,3050,65200,3050,1
2018/04/18,3100,3190,3040,3155,70600,3155,1
2018/04/19,3120,3125,3050,3060,42500,3060,1
2018/04/20,3035,3120,3035,3120,21100,3120,1
2018/04/23,3100,3105,3035,3075,22200,3075,1
2018/04/24,3085,3140,3040,3060,40200,3060,1
2018/04/25,3025,3070,3015,3040,20200,3040,1
2018/04/26,3045,3070,2968,2973,66000,2973,1
2018/04/27,3015,3015,2910,2912,45000,2912,1
2018/05/01,2910,2910,2779,2827,60200,2827,1
2018/05/02,2801,3035,2801,3010,71100,3010,1
2018/05/07,3010,3010,2954,2961,25500,2961,1
2018/05/08,2955,3020,2930,3010,30200,3010,1
2018/05/09,3010,3010,2965,2966,26500,2966,1
2018/05/10,2996,3010,2940,2946,28800,2946,1
2018/05/11,2986,3130,2964,3100,79500,3100,1
2018/05/14,3160,3320,3115,3165,158000,3165,1
2018/05/15,3220,3325,3105,3195,241200,3195,1
2018/05/16,3110,3110,2972,2995,114300,2995,1
2018/05/17,2999,3045,2954,3040,63700,3040,1
2018/05/18,3050,3090,2990,3080,32600,3080,1
2018/05/21,3100,3240,3065,3215,74100,3215,1
2018/05/22,3215,3285,3155,3260,85600,3260,1
2018/05/23,3220,3295,3170,3210,56500,3210,1
2018/05/24,3200,3200,3075,3085,54200,3085,1
2018/05/25,3015,3105,3005,3050,30500,3050,1
2018/05/28,3050,3135,3050,3055,19400,3055,1
2018/05/29,3055,3060,2970,3005,49500,3005,1
2018/05/30,2905,3025,2902,2993,32700,2993,1
2018/05/31,3030,3105,3005,3100,68400,3100,1
2018/06/01,3100,3145,3065,3075,33000,3075,1
2018/06/04,3080,3110,3050,3080,24400,3080,1
2018/06/05,3055,3075,2975,3000,44000,3000,1
2018/06/06,2966,3015,2950,2954,34800,2954,1
2018/06/07,2948,3015,2937,2980,25100,2980,1
2018/06/08,2980,2981,2952,2975,19100,2975,1
2018/06/11,2975,2975,2841,2904,102900,2904,1
2018/06/12,2938,2938,2885,2920,27500,2920,1
2018/06/13,2930,2930,2886,2889,25400,2889,1
2018/06/14,2892,2900,2825,2844,46000,2844,1
2018/06/15,2857,2857,2788,2800,56600,2800,1
2018/06/18,2780,2819,2705,2748,39700,2748,1
2018/06/19,2748,2814,2701,2710,34200,2710,1
2018/06/20,2710,2745,2580,2740,44800,2740,1
2018/06/21,2640,2810,2640,2786,41800,2786,1
2018/06/22,2721,2734,2677,2694,33900,2694,1
2018/06/25,2737,2750,2591,2627,43300,2627,1
2018/06/26,2565,2635,2550,2614,40500,2614,1
2018/06/27,2597,2648,2551,2585,26800,2585,1
2018/06/28,2585,2613,2531,2533,29800,2533,1
2018/06/29,2524,2559,2510,2557,25100,2557,1
2018/07/02,2558,2587,2485,2491,26400,2491,1
2018/07/03,2485,2535,2390,2422,39700,2422,1
2018/07/04,2372,2390,2266,2301,63400,2301,1
2018/07/05,2301,2330,2201,2207,57800,2207,1
2018/07/06,2208,2405,2208,2377,61500,2377,1
2018/07/09,2777,2784,2566,2729,216400,2729,1
2018/07/10,2754,2783,2600,2650,96100,2650,1
2018/07/11,2645,2768,2611,2730,85700,2730,1
2018/07/12,2756,2863,2683,2824,114300,2824,1
2018/07/13,2820,2849,2736,2736,100300,2736,1
2018/07/17,2709,2710,2619,2620,58400,2620,1
2018/07/18,2649,2750,2620,2750,56100,2750,1
2018/07/19,2775,2780,2688,2722,26100,2722,1
2018/07/20,2741,2741,2660,2690,27800,2690,1
2018/07/23,2735,2774,2710,2750,30800,2750,1
2018/07/24,2740,2815,2721,2809,41500,2809,1
2018/07/25,2860,2929,2830,2929,91900,2929,1
2018/07/26,2950,3155,2855,2932,326900,2932,1
2018/07/27,2880,2900,2781,2795,105100,2795,1
2018/07/30,2745,2789,2668,2668,69700,2668,1
2018/07/31,2640,2727,2600,2705,49200,2705,1
2018/08/01,2710,2737,2660,2715,22900,2715,1
2018/08/02,2700,2788,2692,2727,39100,2727,1
2018/08/03,2705,2712,2640,2646,40200,2646,1
2018/08/06,2598,2639,2552,2618,31200,2618,1
2018/08/07,2590,2649,2525,2561,32600,2561,1
2018/08/08,2546,2635,2546,2593,23500,2593,1
2018/08/09,2543,2589,2528,2560,20600,2560,1
2018/08/10,2610,2610,2520,2530,32100,2530,1
2018/08/13,2500,2502,2412,2415,46500,2415,1
2018/08/14,2403,2498,2403,2457,27800,2457,1
