2007/01/04,806,806,804,804,800,804,1
2007/01/05,804,804,780,795,1200,795,1
2007/01/09,797,798,795,798,1000,798,1
2007/01/10,786,790,786,790,1100,790,1
2007/01/11,790,791,790,791,500,791,1
2007/01/16,793,793,793,793,100,793,1
2007/01/17,800,800,800,800,100,800,1
2007/01/18,794,800,794,799,1600,799,1
2007/01/19,800,800,799,799,300,799,1
2007/01/22,800,800,800,800,1800,800,1
2007/01/23,800,800,800,800,1000,800,1
2007/01/24,800,800,800,800,100,800,1
2007/01/25,800,801,800,801,2300,801,1
2007/01/26,801,805,801,801,400,801,1
2007/01/29,802,802,799,799,2100,799,1
2007/01/30,800,800,800,800,1300,800,1
2007/01/31,805,805,795,795,300,795,1
2007/02/01,800,800,795,800,500,800,1
2007/02/02,800,800,800,800,500,800,1
2007/02/05,800,800,795,795,1300,795,1
2007/02/06,800,800,800,800,300,800,1
2007/02/07,799,799,799,799,1800,799,1
2007/02/08,795,795,789,793,3600,793,1
2007/02/09,793,794,793,794,400,794,1
2007/02/13,794,801,790,801,900,801,1
2007/02/14,800,800,789,789,4000,789,1
2007/02/15,789,797,789,797,400,797,1
2007/02/16,800,800,797,797,1100,797,1
2007/02/19,797,797,797,797,300,797,1
2007/02/21,800,800,799,800,700,800,1
2007/02/22,800,801,799,801,4900,801,1
2007/02/23,802,805,802,805,3900,805,1
2007/02/26,806,820,806,820,1100,820,1
2007/02/27,840,840,820,820,5000,820,1
2007/02/28,830,840,811,840,5200,840,1
2007/03/01,840,845,810,810,2800,810,1
2007/03/02,812,812,811,811,200,811,1
2007/03/05,812,812,800,800,1700,800,1
2007/03/06,801,810,801,810,800,810,1
2007/03/07,810,810,810,810,300,810,1
2007/03/08,810,815,808,808,600,808,1
2007/03/09,810,810,808,808,400,808,1
2007/03/12,810,810,808,808,200,808,1
2007/03/13,808,808,808,808,100,808,1
2007/03/14,809,809,808,808,200,808,1
2007/03/15,780,800,780,785,5200,785,1
2007/03/16,790,792,790,790,400,790,1
2007/03/20,792,792,792,792,100,792,1
2007/03/22,800,800,800,800,100,800,1
2007/03/23,801,815,800,815,1200,815,1
2007/03/26,815,815,815,815,1000,815,1
2007/03/27,790,790,790,790,300,790,1
2007/03/29,781,781,781,781,100,781,1
2007/04/03,780,780,780,780,200,780,1
2007/04/04,780,780,780,780,300,780,1
2007/04/05,766,768,766,767,1000,767,1
2007/04/06,765,765,753,753,2400,753,1
2007/04/09,759,759,756,756,200,756,1
2007/04/10,756,756,755,755,600,755,1
2007/04/11,755,755,751,755,900,755,1
2007/04/12,750,750,750,750,200,750,1
2007/04/13,750,750,750,750,100,750,1
2007/04/16,756,756,756,756,100,756,1
2007/04/17,758,758,758,758,1000,758,1
2007/04/18,750,750,750,750,100,750,1
2007/04/23,755,755,755,755,300,755,1
2007/04/24,760,760,755,755,800,755,1
2007/04/25,755,755,755,755,300,755,1
2007/04/27,760,760,755,755,400,755,1
2007/05/01,755,755,755,755,400,755,1
2007/05/02,755,755,755,755,600,755,1
2007/05/07,755,755,749,749,500,749,1
2007/05/08,750,750,746,746,400,746,1
2007/05/09,730,730,730,730,200,730,1
2007/05/10,734,744,734,744,300,744,1
2007/05/11,731,735,731,735,1300,735,1
2007/05/14,735,735,735,735,2000,735,1
2007/05/16,727,750,715,750,2400,750,1
2007/05/17,711,711,711,711,200,711,1
2007/05/18,745,745,745,745,1000,745,1
2007/05/21,745,755,745,755,3100,755,1
2007/05/22,750,750,740,740,900,740,1
2007/05/23,718,730,718,730,1200,730,1
2007/05/24,720,750,720,750,1200,750,1
2007/05/25,749,749,749,749,700,749,1
2007/05/28,745,745,745,745,3500,745,1
2007/05/30,745,750,745,750,1700,750,1
2007/05/31,749,749,749,749,3000,749,1
2007/06/01,749,760,730,730,3000,730,1
2007/06/04,730,731,730,731,3900,731,1
2007/06/05,770,770,770,770,4000,770,1
2007/06/08,765,765,765,765,3000,765,1
2007/06/11,760,764,741,741,700,741,1
2007/06/12,742,742,741,741,200,741,1
2007/06/13,740,740,740,740,600,740,1
2007/06/14,740,750,740,750,4800,750,1
2007/06/15,745,750,745,750,200,750,1
2007/06/18,745,750,744,750,3000,750,1
2007/06/19,750,750,745,750,1100,750,1
2007/06/20,750,751,750,750,2100,750,1
2007/06/21,742,743,742,743,200,743,1
2007/06/22,749,749,745,745,200,745,1
2007/06/25,745,749,745,749,600,749,1
2007/06/26,750,750,750,750,300,750,1
2007/06/27,755,755,755,755,400,755,1
2007/06/28,755,755,755,755,1000,755,1
2007/06/29,765,765,756,760,6600,760,1
2007/07/02,765,768,765,768,800,768,1
2007/07/03,769,775,769,775,200,775,1
2007/07/04,775,775,775,775,100,775,1
2007/07/05,780,780,760,760,700,760,1
2007/07/06,758,758,758,758,100,758,1
2007/07/09,758,758,740,741,3000,741,1
2007/07/10,745,760,745,760,5000,760,1
2007/07/11,755,755,755,755,1300,755,1
2007/07/12,750,750,750,750,4400,750,1
2007/07/13,746,746,746,746,700,746,1
2007/07/17,750,750,750,750,1600,750,1
2007/07/18,746,746,746,746,800,746,1
2007/07/19,744,744,744,744,100,744,1
2007/07/20,745,746,745,746,200,746,1
2007/07/24,747,747,747,747,100,747,1
2007/07/26,747,747,745,745,2000,745,1
2007/07/27,730,747,726,747,700,747,1
2007/07/30,731,731,730,730,200,730,1
2007/07/31,735,735,730,735,500,735,1
2007/08/01,736,736,736,736,100,736,1
2007/08/02,735,735,731,731,400,731,1
2007/08/03,734,747,734,747,1100,747,1
2007/08/06,750,750,750,750,100,750,1
2007/08/07,742,742,742,742,100,742,1
2007/08/08,740,740,740,740,900,740,1
2007/08/10,730,730,720,720,700,720,1
2007/08/13,721,721,718,718,400,718,1
2007/08/14,718,718,718,718,100,718,1
2007/08/16,720,720,715,715,1000,715,1
2007/08/17,716,716,716,716,100,716,1
2007/08/20,716,717,716,717,700,717,1
2007/08/21,717,717,710,711,2100,711,1
2007/08/22,710,710,700,701,2600,701,1
2007/08/23,700,710,691,691,1000,691,1
2007/08/24,701,701,700,700,200,700,1
2007/08/27,709,709,700,705,600,705,1
2007/08/28,705,705,705,705,200,705,1
2007/08/29,705,705,705,705,100,705,1
2007/08/30,710,710,710,710,100,710,1
2007/08/31,710,710,710,710,100,710,1
2007/09/03,700,700,700,700,200,700,1
2007/09/04,696,696,696,696,200,696,1
2007/09/05,715,715,715,715,1000,715,1
2007/09/11,692,692,692,692,100,692,1
2007/09/12,695,695,695,695,100,695,1
2007/09/13,692,692,692,692,200,692,1
2007/09/14,702,702,695,695,600,695,1
2007/09/19,710,719,710,719,900,719,1
2007/09/20,719,719,719,719,900,719,1
2007/09/25,727,730,720,730,1800,730,1
2007/09/26,725,728,720,720,2100,720,1
2007/09/27,720,720,720,720,300,720,1
2007/09/28,720,720,719,719,700,719,1
2007/10/01,710,716,710,716,200,716,1
2007/10/02,716,716,716,716,600,716,1
2007/10/03,716,716,715,715,200,715,1
2007/10/04,720,730,720,730,1600,730,1
2007/10/05,730,730,729,730,2000,730,1
2007/10/09,725,725,703,703,200,703,1
2007/10/10,706,710,706,710,1100,710,1
2007/10/11,704,710,704,710,2900,710,1
2007/10/12,710,710,710,710,15200,710,1
2007/10/15,711,711,711,711,200,711,1
2007/10/19,710,710,710,710,100,710,1
2007/10/22,710,710,692,692,1200,692,1
2007/10/23,693,693,692,693,900,693,1
2007/10/24,673,699,671,699,1800,699,1
2007/10/25,699,699,699,699,900,699,1
2007/10/29,682,682,682,682,100,682,1
2007/10/31,682,690,682,690,300,690,1
2007/11/01,687,687,679,687,1400,687,1
2007/11/02,697,697,697,697,200,697,1
2007/11/07,690,700,690,700,300,700,1
2007/11/16,698,698,698,698,3000,698,1
2007/11/19,683,683,600,600,8000,600,1
2007/11/20,600,600,589,589,4800,589,1
2007/11/21,590,590,565,565,3000,565,1
2007/11/22,565,565,558,565,5300,565,1
2007/11/26,595,595,590,590,600,590,1
2007/11/27,570,570,525,535,3800,535,1
2007/11/28,525,530,506,515,5300,515,1
2007/11/29,539,539,530,530,10500,530,1
2007/11/30,528,530,528,529,900,529,1
2007/12/03,529,530,529,530,2000,530,1
2007/12/05,550,550,530,530,1200,530,1
2007/12/06,530,530,530,530,200,530,1
2007/12/07,530,530,530,530,400,530,1
2007/12/10,530,530,530,530,2000,530,1
2007/12/11,525,530,525,530,600,530,1
2007/12/12,520,520,520,520,1100,520,1
2007/12/13,521,521,517,517,500,517,1
2007/12/14,520,520,520,520,200,520,1
2007/12/17,530,530,523,523,2700,523,1
2007/12/18,513,513,513,513,100,513,1
2007/12/19,535,535,512,534,500,534,1
2007/12/20,534,535,534,534,2000,534,1
2007/12/21,534,546,534,546,3700,546,1
2007/12/25,546,546,530,530,1600,530,1
2007/12/27,525,526,520,520,1900,520,1
2007/12/28,521,521,520,521,600,521,1
2008/01/04,516,516,516,516,200,516,1
2008/01/07,515,515,507,507,1200,507,1
2008/01/08,505,519,505,519,1000,519,1
2008/01/09,508,508,473,473,1400,473,1
2008/01/10,496,496,496,496,200,496,1
2008/01/11,500,504,495,500,2500,500,1
2008/01/15,483,483,470,470,1700,470,1
2008/01/16,450,450,420,420,15400,420,1
2008/01/17,451,451,450,450,600,450,1
2008/01/18,450,450,450,450,100,450,1
2008/01/21,450,455,450,450,1400,450,1
2008/01/22,410,415,410,415,300,415,1
2008/01/23,420,420,420,420,100,420,1
2008/01/24,439,480,439,480,900,480,1
2008/01/25,480,490,480,480,4200,480,1
2008/01/28,480,480,480,480,1000,480,1
2008/01/29,480,480,480,480,1500,480,1
2008/01/30,460,480,460,480,200,480,1
2008/01/31,480,480,475,475,300,475,1
2008/02/01,475,475,475,475,200,475,1
2008/02/04,475,475,455,455,1200,455,1
2008/02/05,455,456,455,455,1100,455,1
2008/02/06,455,455,450,450,5500,450,1
2008/02/07,449,449,449,449,200,449,1
2008/02/08,450,450,445,445,200,445,1
2008/02/12,445,445,445,445,1100,445,1
2008/02/13,445,445,445,445,200,445,1
2008/02/14,445,450,435,450,700,450,1
2008/02/19,444,444,444,444,600,444,1
2008/02/20,444,444,444,444,1000,444,1
2008/02/21,440,440,440,440,200,440,1
2008/02/22,440,440,422,437,1700,437,1
2008/02/25,437,437,427,427,2000,427,1
2008/02/26,427,427,427,427,400,427,1
2008/02/27,427,427,426,426,200,426,1
2008/02/28,422,422,416,416,2000,416,1
2008/02/29,416,416,416,416,1000,416,1
2008/03/03,410,410,408,410,1900,410,1
2008/03/04,410,410,410,410,500,410,1
2008/03/05,410,410,410,410,500,410,1
2008/03/06,410,410,408,408,2200,408,1
2008/03/07,408,408,408,408,900,408,1
2008/03/10,403,408,400,405,1400,405,1
2008/03/11,400,400,400,400,100,400,1
2008/03/12,400,409,400,407,3000,407,1
2008/03/13,407,407,405,405,200,405,1
2008/03/14,400,400,400,400,200,400,1
2008/03/17,400,400,400,400,600,400,1
2008/03/18,393,393,393,393,500,393,1
2008/03/19,393,395,393,393,5000,393,1
2008/03/21,399,400,390,390,8300,390,1
2008/03/24,400,400,388,390,9100,390,1
2008/03/25,390,400,388,396,9300,396,1
2008/03/26,378,390,376,390,1300,390,1
2008/03/27,389,389,389,389,200,389,1
2008/03/28,386,386,385,385,1500,385,1
2008/03/31,375,375,375,375,300,375,1
2008/04/01,386,390,386,390,300,390,1
2008/04/02,380,380,378,378,700,378,1
2008/04/07,383,384,383,383,400,383,1
2008/04/10,394,394,381,381,800,381,1
2008/04/11,383,383,383,383,400,383,1
2008/04/14,384,384,375,375,2800,375,1
2008/04/15,392,392,377,377,500,377,1
2008/04/16,379,379,379,379,100,379,1
2008/04/17,392,392,392,392,100,392,1
2008/04/18,392,392,381,381,300,381,1
2008/04/21,381,381,381,381,200,381,1
2008/04/22,394,394,384,384,200,384,1
2008/04/23,384,395,384,395,400,395,1
2008/04/24,395,395,385,385,800,385,1
2008/04/25,386,386,386,386,300,386,1
2008/04/28,399,399,398,398,1200,398,1
2008/04/30,400,400,396,396,3000,396,1
2008/05/01,394,400,392,400,900,400,1
2008/05/02,399,399,398,398,500,398,1
2008/05/07,397,400,397,400,2900,400,1
2008/05/08,406,410,405,410,2100,410,1
2008/05/09,415,415,400,402,2300,402,1
2008/05/12,401,402,401,401,3500,401,1
2008/05/13,405,405,402,402,500,402,1
2008/05/14,409,409,409,409,500,409,1
2008/05/15,419,469,419,450,2000,450,1
2008/05/16,395,400,385,398,6200,398,1
2008/05/19,399,399,398,398,2800,398,1
2008/05/20,400,400,398,399,1200,399,1
2008/05/21,407,415,406,415,1200,415,1
2008/05/22,415,418,407,418,1100,418,1
2008/05/23,418,420,418,420,1100,420,1
2008/05/26,420,450,420,450,1400,450,1
2008/05/27,450,450,450,450,1100,450,1
2008/05/28,440,450,440,450,1700,450,1
2008/05/29,450,450,450,450,600,450,1
2008/06/02,448,448,448,448,100,448,1
2008/06/03,443,443,433,433,500,433,1
2008/06/04,435,435,433,433,800,433,1
2008/06/05,426,426,426,426,1400,426,1
2008/06/09,420,420,420,420,100,420,1
2008/06/10,420,420,420,420,300,420,1
2008/06/13,420,420,410,410,1000,410,1
2008/06/16,400,400,397,397,200,397,1
2008/06/17,396,396,396,396,500,396,1
2008/06/18,397,398,396,396,1100,396,1
2008/06/23,400,400,400,400,3100,400,1
2008/06/24,400,405,400,400,900,400,1
2008/06/25,400,400,400,400,1700,400,1
2008/06/26,400,400,400,400,600,400,1
2008/06/27,401,401,395,395,1800,395,1
2008/06/30,393,393,390,390,600,390,1
2008/07/01,390,390,390,390,600,390,1
2008/07/02,395,395,395,395,400,395,1
2008/07/03,386,386,386,386,1100,386,1
2008/07/08,385,385,385,385,700,385,1
2008/07/09,371,376,361,361,1000,361,1
2008/07/10,365,372,333,333,7900,333,1
2008/07/11,350,350,345,345,600,345,1
2008/07/14,345,345,345,345,700,345,1
2008/07/17,345,345,345,345,100,345,1
2008/07/23,355,355,355,355,100,355,1
2008/07/24,360,360,356,356,300,356,1
2008/07/25,370,370,370,370,1900,370,1
2008/07/28,370,370,370,370,2200,370,1
2008/07/29,335,346,335,346,1000,346,1
2008/07/30,355,365,355,365,200,365,1
2008/08/01,370,370,370,370,1400,370,1
2008/08/04,375,375,375,375,500,375,1
2008/08/06,375,375,375,375,100,375,1
2008/08/08,360,360,360,360,100,360,1
2008/08/14,341,341,341,341,100,341,1
2008/08/15,331,366,331,365,500,365,1
2008/08/19,360,360,360,360,100,360,1
2008/08/20,360,361,360,360,2000,360,1
2008/08/21,332,337,332,337,300,337,1
2008/08/22,352,387,352,387,700,387,1
2008/08/25,387,390,387,387,1600,387,1
2008/08/26,335,335,330,330,1000,330,1
2008/08/27,320,325,320,325,2100,325,1
2008/08/29,320,320,320,320,1000,320,1
2008/09/01,340,350,340,350,700,350,1
2008/09/02,335,335,335,335,100,335,1
2008/09/05,321,321,320,320,300,320,1
2008/09/08,300,320,300,320,1300,320,1
2008/09/11,321,321,320,320,9000,320,1
2008/09/17,301,301,300,300,1500,300,1
2008/09/18,300,300,300,300,600,300,1
2008/09/19,301,301,301,301,300,301,1
2008/09/24,305,315,305,315,300,315,1
2008/09/25,315,315,315,315,1200,315,1
2008/09/26,315,315,315,315,200,315,1
2008/09/29,316,316,316,316,100,316,1
2008/09/30,317,317,316,316,800,316,1
2008/10/06,300,300,300,300,2700,300,1
2008/10/07,280,280,280,280,1000,280,1
2008/10/08,285,285,220,220,2200,220,1
2008/10/09,220,220,220,220,2300,220,1
2008/10/10,221,221,220,220,1100,220,1
2008/10/16,235,235,235,235,800,235,1
2008/10/17,240,240,240,240,100,240,1
2008/10/20,245,248,245,248,200,248,1
2008/10/21,252,252,252,252,100,252,1
2008/10/23,252,252,231,231,1800,231,1
2008/10/27,233,234,233,234,3600,234,1
2008/10/28,235,235,235,235,100,235,1
2008/10/29,240,240,240,240,2500,240,1
2008/10/30,246,248,246,248,500,248,1
2008/11/05,285,285,285,285,400,285,1
2008/11/07,245,245,245,245,100,245,1
2008/11/21,250,250,250,250,900,250,1
2008/11/26,252,252,251,251,500,251,1
2008/11/27,251,251,251,251,100,251,1
2008/11/28,260,265,253,265,2600,265,1
2008/12/01,265,265,265,265,4300,265,1
2008/12/04,225,225,225,225,500,225,1
2008/12/05,220,220,220,220,100,220,1
2008/12/08,220,220,220,220,400,220,1
2008/12/09,220,220,220,220,300,220,1
2008/12/15,219,219,219,219,100,219,1
2008/12/16,221,221,221,221,300,221,1
2008/12/18,221,221,221,221,100,221,1
2008/12/19,224,229,224,229,300,229,1
2008/12/22,240,240,240,240,400,240,1
2008/12/24,248,248,248,248,100,248,1
2008/12/25,248,248,248,248,1300,248,1
2008/12/26,248,248,248,248,4900,248,1
2008/12/29,220,220,220,220,100,220,1
2009/01/06,222,222,222,222,100,222,1
2009/01/07,226,226,225,225,700,225,1
2009/01/08,211,217,202,217,3100,217,1
2009/01/09,202,219,202,203,2300,203,1
2009/01/13,208,208,208,208,200,208,1
2009/01/20,209,209,208,208,2300,208,1
2009/01/23,208,208,196,196,2800,196,1
2009/01/27,190,190,190,190,100,190,1
2009/01/28,190,190,190,190,300,190,1
2009/01/29,190,190,181,181,400,181,1
2009/01/30,176,176,171,171,300,171,1
2009/02/02,171,171,171,171,4200,171,1
2009/02/04,175,180,175,180,200,180,1
2009/02/06,180,180,180,180,100,180,1
2009/02/10,166,166,166,166,100,166,1
2009/02/13,171,171,170,170,500,170,1
2009/02/18,180,180,180,180,100,180,1
2009/02/20,180,180,175,175,2000,175,1
2009/02/24,184,184,184,184,100,184,1
2009/02/25,184,184,184,184,1200,184,1
2009/02/27,184,184,184,184,700,184,1
2009/03/03,184,184,184,184,300,184,1
2009/03/05,180,189,180,189,800,189,1
2009/03/06,177,177,177,177,200,177,1
2009/03/11,175,175,175,175,300,175,1
2009/03/12,175,175,175,175,500,175,1
2009/03/13,170,170,170,170,2300,170,1
2009/03/16,170,170,170,170,100,170,1
2009/03/23,170,170,170,170,2000,170,1
2009/03/25,170,170,170,170,2100,170,1
2009/03/26,148,158,148,158,1300,158,1
2009/03/27,158,158,158,158,2800,158,1
2009/03/30,158,158,153,153,700,153,1
2009/04/01,151,151,151,151,200,151,1
2009/04/03,157,157,157,157,300,157,1
2009/04/06,152,157,152,157,1400,157,1
2009/04/07,157,175,157,170,1600,170,1
2009/04/09,175,175,175,175,300,175,1
2009/04/10,170,170,170,170,500,170,1
2009/04/13,160,170,160,169,1000,169,1
2009/04/14,165,165,160,160,700,160,1
2009/04/16,160,160,160,160,400,160,1
2009/04/20,160,160,160,160,1100,160,1
2009/04/21,160,160,160,160,1700,160,1
2009/04/22,165,166,155,157,5700,157,1
2009/04/23,153,154,144,152,4500,152,1
2009/04/24,152,152,152,152,1500,152,1
2009/04/27,148,150,148,149,300,149,1
2009/04/28,150,150,150,150,200,150,1
2009/04/30,153,155,153,155,200,155,1
2009/05/01,155,160,155,160,800,160,1
2009/05/07,160,160,160,160,200,160,1
2009/05/08,165,166,165,166,1000,166,1
2009/05/11,169,174,169,174,200,174,1
2009/05/12,179,185,177,177,3700,177,1
2009/05/13,179,180,179,180,900,180,1
2009/05/14,175,175,175,175,300,175,1
2009/05/15,172,179,172,179,800,179,1
2009/05/18,179,179,179,179,700,179,1
2009/05/19,179,179,179,179,200,179,1
2009/05/20,179,179,179,179,1600,179,1
2009/05/25,178,178,178,178,1200,178,1
2009/05/26,178,178,178,178,600,178,1
2009/05/27,179,180,179,180,800,180,1
2009/05/28,190,190,190,190,100,190,1
2009/05/29,193,193,193,193,100,193,1
2009/06/01,200,205,195,205,1300,205,1
2009/06/02,208,213,208,213,600,213,1
2009/06/03,203,218,203,218,500,218,1
2009/06/05,223,223,223,223,100,223,1
2009/06/08,223,225,223,225,300,225,1
2009/06/09,225,225,225,225,100,225,1
2009/06/11,225,225,225,225,1000,225,1
2009/06/12,224,235,224,235,2400,235,1
2009/06/15,235,245,235,245,2500,245,1
2009/06/17,243,243,243,243,100,243,1
2009/06/18,242,247,242,247,600,247,1
2009/06/22,247,247,236,236,1300,236,1
2009/06/23,236,236,236,236,100,236,1
2009/06/25,235,235,227,227,1100,227,1
2009/06/26,210,220,210,220,3700,220,1
2009/06/30,220,220,220,220,500,220,1
2009/07/01,220,220,218,218,1900,218,1
2009/07/02,220,220,220,220,100,220,1
2009/07/03,220,220,220,220,100,220,1
2009/07/06,219,219,219,219,100,219,1
2009/07/08,212,222,212,222,300,222,1
2009/07/09,218,228,218,225,800,225,1
2009/07/13,216,216,216,216,100,216,1
2009/07/14,210,210,210,210,1400,210,1
2009/07/15,202,202,202,202,100,202,1
2009/07/16,197,207,197,207,300,207,1
2009/07/17,205,205,200,200,600,200,1
2009/07/21,200,200,200,200,2300,200,1
2009/07/22,219,219,219,219,300,219,1
2009/07/23,218,218,218,218,500,218,1
2009/07/24,218,218,218,218,1100,218,1
2009/07/31,205,205,205,205,700,205,1
2009/08/03,205,205,205,205,100,205,1
2009/08/04,200,200,199,199,1200,199,1
2009/08/07,210,210,210,210,100,210,1
2009/08/10,210,218,210,218,200,218,1
2009/08/13,218,218,218,218,2000,218,1
2009/08/17,219,220,215,215,600,215,1
2009/08/20,215,215,215,215,1500,215,1
2009/08/24,219,219,219,219,100,219,1
2009/08/25,219,219,219,219,1100,219,1
2009/08/31,220,220,218,218,200,218,1
2009/09/03,219,219,219,219,100,219,1
2009/09/04,218,218,218,218,100,218,1
2009/09/07,219,219,219,219,1000,219,1
2009/09/11,220,220,220,220,100,220,1
2009/09/18,205,205,202,202,400,202,1
2009/09/24,227,227,201,201,6100,201,1
2009/09/25,201,205,201,201,1700,201,1
2009/09/28,200,200,200,200,200,200,1
2009/09/30,200,200,200,200,100,200,1
2009/10/16,200,200,200,200,300,200,1
2009/10/20,200,203,200,203,1700,203,1
2009/10/21,203,203,203,203,200,203,1
2009/10/23,203,203,203,203,1300,203,1
2009/10/26,218,218,215,215,400,215,1
2009/10/27,214,214,214,214,400,214,1
2009/10/28,210,210,210,210,100,210,1
2009/11/02,200,200,200,200,200,200,1
2009/11/04,206,206,206,206,1900,206,1
2009/11/06,215,215,215,215,600,215,1
2009/11/09,215,215,215,215,900,215,1
2009/11/11,205,205,205,205,100,205,1
2009/11/16,200,200,200,200,200,200,1
2009/11/17,193,193,191,191,300,191,1
2009/11/19,190,190,180,180,200,180,1
2009/11/20,200,200,200,200,100,200,1
2009/11/24,200,200,200,200,1900,200,1
2009/11/25,200,200,200,200,100,200,1
2009/11/26,190,190,189,189,3800,189,1
2009/11/27,190,190,190,190,200,190,1
2009/11/30,190,190,190,190,100,190,1
2009/12/07,185,185,180,180,200,180,1
2009/12/09,165,175,165,175,1300,175,1
2009/12/10,175,175,175,175,200,175,1
2009/12/11,176,176,176,176,100,176,1
2009/12/14,176,176,175,175,400,175,1
2009/12/18,166,166,166,166,1000,166,1
2009/12/21,171,171,171,171,1000,171,1
2009/12/22,173,173,173,173,100,173,1
2009/12/24,173,174,173,174,400,174,1
2009/12/25,174,174,174,174,600,174,1
2009/12/28,188,188,188,188,200,188,1
2009/12/29,188,188,188,188,2200,188,1
2010/01/04,180,180,180,180,100,180,1
2010/01/05,180,180,180,180,100,180,1
2010/01/06,180,180,180,180,200,180,1
2010/01/12,170,170,170,170,100,170,1
2010/01/13,175,180,175,180,700,180,1
2010/01/14,180,180,175,175,2500,175,1
2010/01/15,171,171,171,171,100,171,1
2010/01/20,178,180,178,180,400,180,1
2010/01/22,182,190,182,190,600,190,1
2010/01/25,190,190,187,187,7000,187,1
2010/01/26,189,189,189,189,100,189,1
2010/01/27,185,185,185,185,100,185,1
2010/01/29,183,183,183,183,100,183,1
2010/02/01,189,189,189,189,100,189,1
2010/02/03,179,180,179,180,200,180,1
2010/02/04,185,185,185,185,200,185,1
2010/02/09,171,171,171,171,1000,171,1
2010/02/10,171,171,171,171,300,171,1
2010/02/15,175,175,175,175,500,175,1
2010/02/16,175,175,175,175,600,175,1
2010/02/22,175,175,170,170,2900,170,1
2010/02/26,175,180,175,180,300,180,1
2010/03/01,180,180,180,180,2600,180,1
2010/03/02,175,175,175,175,600,175,1
2010/03/04,175,175,175,175,100,175,1
2010/03/05,176,176,171,172,11300,172,1
2010/03/08,174,174,174,174,100,174,1
2010/03/10,178,178,178,178,100,178,1
2010/03/11,173,173,173,173,200,173,1
2010/03/15,176,176,176,176,100,176,1
2010/03/16,170,172,170,171,2600,171,1
2010/03/17,170,171,170,171,2200,171,1
2010/03/18,178,178,178,178,100,178,1
2010/03/19,178,178,178,178,100,178,1
2010/03/23,178,178,178,178,2700,178,1
2010/03/24,178,180,178,180,3700,180,1
2010/03/25,180,180,175,179,6200,179,1
2010/03/26,179,184,179,184,2000,184,1
2010/03/29,183,186,182,186,900,186,1
2010/03/30,190,205,190,205,11300,205,1
2010/03/31,220,227,220,225,800,225,1
2010/04/01,209,209,205,205,300,205,1
2010/04/02,210,210,210,210,400,210,1
2010/04/05,226,238,226,238,2800,238,1
2010/04/06,244,249,240,240,2100,240,1
2010/04/07,238,238,238,238,100,238,1
2010/04/08,235,235,235,235,100,235,1
2010/04/09,240,240,240,240,100,240,1
2010/04/12,243,243,240,240,9500,240,1
2010/04/13,232,232,225,225,1100,225,1
2010/04/14,211,211,211,211,1600,211,1
2010/04/15,215,215,215,215,100,215,1
2010/04/16,217,217,217,217,100,217,1
2010/04/19,206,206,206,206,100,206,1
2010/04/20,247,247,212,212,1800,212,1
2010/04/21,212,212,212,212,1500,212,1
2010/04/22,213,213,205,205,2200,205,1
2010/04/23,207,207,207,207,400,207,1
2010/04/27,220,238,220,220,2600,220,1
2010/04/30,220,220,220,220,100,220,1
2010/05/06,220,220,216,220,2400,220,1
2010/05/07,212,212,212,212,1000,212,1
2010/05/10,220,220,216,216,2300,216,1
2010/05/11,215,220,215,220,1500,220,1
2010/05/14,216,216,216,216,200,216,1
2010/05/17,216,216,200,200,5200,200,1
2010/05/20,199,199,199,199,1400,199,1
2010/05/21,190,190,180,180,2100,180,1
2010/05/24,199,199,185,185,700,185,1
2010/05/25,185,186,185,186,1500,186,1
2010/05/26,186,189,186,189,1900,189,1
2010/05/27,189,189,189,189,2400,189,1
2010/05/28,190,190,190,190,2700,190,1
2010/05/31,190,190,190,190,200,190,1
2010/06/01,190,190,190,190,100,190,1
2010/06/02,190,190,190,190,100,190,1
2010/06/04,185,185,185,185,100,185,1
2010/06/07,185,185,180,180,500,180,1
2010/06/08,186,186,186,186,100,186,1
2010/06/09,186,186,186,186,1100,186,1
2010/06/16,196,196,196,196,900,196,1
2010/06/17,190,190,188,188,2200,188,1
2010/06/18,190,191,190,191,400,191,1
2010/06/21,199,199,191,199,3300,199,1
2010/06/22,196,196,196,196,2500,196,1
2010/06/25,196,199,196,199,2400,199,1
2010/06/30,200,200,195,195,600,195,1
2010/07/01,194,194,194,194,100,194,1
2010/07/02,194,194,194,194,2000,194,1
2010/07/08,187,190,185,190,2600,190,1
2010/07/09,199,199,191,191,500,191,1
2010/07/12,192,192,190,192,3400,192,1
2010/07/15,199,200,199,200,1500,200,1
2010/07/16,199,199,195,195,1300,195,1
2010/07/20,200,200,195,195,3400,195,1
2010/07/21,195,195,195,195,200,195,1
2010/07/22,190,190,190,190,3000,190,1
2010/07/27,201,201,201,201,900,201,1
2010/07/28,200,200,200,200,2300,200,1
2010/07/29,190,192,190,192,200,192,1
2010/08/06,190,190,190,190,100,190,1
2010/08/12,190,190,190,190,400,190,1
2010/08/17,188,188,188,188,100,188,1
2010/08/20,210,210,210,210,1300,210,1
2010/08/23,210,222,210,210,1400,210,1
2010/08/25,210,210,210,210,2200,210,1
2010/08/26,210,210,210,210,600,210,1
2010/08/30,194,194,194,194,200,194,1
2010/08/31,194,194,193,193,300,193,1
2010/09/03,195,195,195,195,100,195,1
2010/09/08,195,195,195,195,100,195,1
2010/09/13,180,184,180,184,1500,184,1
2010/09/15,185,185,185,185,100,185,1
2010/09/16,185,208,185,208,900,208,1
2010/09/21,208,208,184,186,3500,186,1
2010/09/24,201,205,190,192,3300,192,1
2010/09/29,190,190,190,190,100,190,1
2010/10/01,195,195,195,195,400,195,1
2010/10/05,195,195,195,195,1000,195,1
2010/10/15,185,185,183,185,6300,185,1
2010/10/19,189,189,189,189,200,189,1
2010/10/20,189,189,189,189,1500,189,1
2010/10/25,198,198,198,198,100,198,1
2010/10/26,197,197,188,188,2800,188,1
2010/10/27,198,198,198,198,200,198,1
2010/10/28,193,193,193,193,300,193,1
2010/11/01,183,183,183,183,1800,183,1
2010/11/05,186,195,186,195,800,195,1
2010/11/08,186,186,181,181,800,181,1
2010/11/09,186,190,186,190,800,190,1
2010/11/12,187,187,187,187,200,187,1
2010/11/15,190,195,190,195,500,195,1
2010/11/16,208,208,199,199,500,199,1
2010/11/17,194,194,191,191,400,191,1
2010/11/19,190,190,190,190,3200,190,1
2010/11/22,190,196,190,196,700,196,1
2010/11/24,196,196,196,196,1300,196,1
2010/11/25,196,196,196,196,1400,196,1
2010/11/26,196,196,196,196,1000,196,1
2010/11/29,198,198,192,192,800,192,1
2010/12/01,210,210,210,210,500,210,1
2010/12/07,192,200,192,200,2200,200,1
2010/12/09,195,195,195,195,800,195,1
2010/12/13,196,196,196,196,1900,196,1
2010/12/14,200,210,200,210,3400,210,1
2010/12/16,194,200,194,200,1900,200,1
2010/12/17,200,200,200,200,2900,200,1
2010/12/20,200,205,200,205,1000,205,1
2010/12/21,205,205,205,205,2000,205,1
2010/12/24,205,205,205,205,2200,205,1
2010/12/27,205,205,205,205,100,205,1
2010/12/28,205,205,194,194,200,194,1
2010/12/30,193,193,193,193,100,193,1
2011/01/04,190,190,190,190,300,190,1
2011/01/05,190,190,190,190,100,190,1
2011/01/11,191,200,191,200,800,200,1
2011/01/13,200,200,200,200,300,200,1
2011/01/17,195,199,195,199,400,199,1
2011/01/18,199,200,199,200,1600,200,1
2011/01/19,201,239,201,220,3300,220,1
2011/01/20,225,225,218,218,1800,218,1
2011/01/21,225,229,220,229,1100,229,1
2011/01/24,225,239,225,238,3900,238,1
2011/01/25,238,285,238,279,7800,279,1
2011/01/26,279,279,255,277,6200,277,1
2011/01/27,275,275,257,257,900,257,1
2011/01/28,257,263,242,242,1400,242,1
2011/01/31,265,322,260,314,12500,314,1
2011/02/01,354,394,352,394,58700,394,1
2011/02/02,346,348,314,330,54400,330,1
2011/02/03,329,334,305,330,17200,330,1
2011/02/04,344,344,309,315,5900,315,1
2011/02/07,310,312,294,312,6500,312,1
2011/02/08,312,312,287,300,7300,300,1
2011/02/09,299,299,283,297,3800,297,1
2011/02/10,285,295,284,295,3700,295,1
2011/02/14,285,285,280,280,11900,280,1
2011/02/15,280,280,255,268,6100,268,1
2011/02/16,260,260,247,249,6500,249,1
2011/02/17,249,249,226,246,7000,246,1
2011/02/18,235,246,229,244,3700,244,1
2011/02/21,244,254,244,254,3500,254,1
2011/02/22,255,264,254,255,5800,255,1
2011/02/23,255,255,230,241,4700,241,1
2011/02/24,239,239,215,228,2200,228,1
2011/02/25,230,239,228,239,1100,239,1
2011/02/28,240,240,240,240,300,240,1
2011/03/01,252,254,240,254,1600,254,1
2011/03/02,254,258,254,258,2200,258,1
2011/03/04,250,250,228,250,1900,250,1
2011/03/07,242,250,242,250,200,250,1
2011/03/08,243,243,243,243,500,243,1
2011/03/09,240,240,240,240,1100,240,1
2011/03/10,249,249,249,249,100,249,1
2011/03/11,240,248,240,248,700,248,1
2011/03/14,200,200,190,200,12100,200,1
2011/03/15,192,193,165,165,5000,165,1
2011/03/16,130,185,130,175,2700,175,1
2011/03/17,175,192,175,192,500,192,1
2011/03/18,172,182,172,179,5100,179,1
2011/03/22,184,187,181,187,1400,187,1
2011/03/23,187,199,187,199,1200,199,1
2011/03/24,199,199,179,189,1500,189,1
2011/03/25,199,199,199,199,100,199,1
2011/03/28,199,203,199,199,2800,199,1
2011/03/30,185,195,185,185,500,185,1
2011/03/31,193,193,193,193,300,193,1
2011/04/04,193,199,183,199,1100,199,1
2011/04/06,189,189,181,182,1000,182,1
2011/04/07,181,192,181,192,1000,192,1
2011/04/08,182,182,182,182,100,182,1
2011/04/13,177,177,177,177,400,177,1
2011/04/14,182,185,182,185,200,185,1
2011/04/15,180,180,180,180,100,180,1
2011/04/19,172,173,172,173,300,173,1
2011/04/21,174,178,174,178,1400,178,1
2011/04/22,180,185,180,185,400,185,1
2011/04/25,188,203,188,203,1800,203,1
2011/04/26,203,203,203,203,4000,203,1
2011/04/28,203,215,195,215,700,215,1
2011/05/17,192,200,190,200,400,200,1
2011/05/19,216,216,216,216,5000,216,1
2011/05/20,216,224,216,216,1600,216,1
2011/05/24,192,208,192,208,200,208,1
2011/05/25,208,208,208,208,2300,208,1
2011/05/27,192,192,192,192,100,192,1
2011/05/30,192,192,192,192,100,192,1
2011/05/31,187,187,187,187,200,187,1
2011/06/01,192,192,192,192,100,192,1
2011/06/03,188,188,185,185,200,185,1
2011/06/09,186,186,186,186,700,186,1
2011/06/14,190,200,190,200,11000,200,1
2011/06/17,192,192,192,192,300,192,1
2011/06/20,192,193,192,193,600,193,1
2011/06/21,193,194,193,194,400,194,1
2011/06/22,194,194,194,194,2000,194,1
2011/06/23,195,195,195,195,300,195,1
2011/06/24,195,195,195,195,4000,195,1
2011/06/27,200,200,200,200,2400,200,1
2011/07/01,190,190,190,190,200,190,1
2011/07/11,190,190,190,190,2100,190,1
2011/07/15,187,187,187,187,400,187,1
2011/07/19,180,190,180,190,900,190,1
2011/07/20,190,190,190,190,100,190,1
2011/07/22,191,191,191,191,100,191,1
2011/07/25,191,192,191,191,3500,191,1
2011/07/27,191,191,191,191,1000,191,1
2011/07/29,200,200,200,200,1000,200,1
2011/08/01,200,200,200,200,400,200,1
2011/08/03,183,183,183,183,100,183,1
2011/08/05,193,193,193,193,100,193,1
2011/08/09,188,188,183,183,800,183,1
2011/08/11,188,191,188,191,200,191,1
2011/08/15,181,181,181,181,200,181,1
2011/08/17,191,191,191,191,600,191,1
2011/08/18,191,191,191,191,300,191,1
2011/08/19,190,195,190,195,1600,195,1
2011/08/22,195,195,195,195,1600,195,1
2011/08/30,195,195,195,195,2300,195,1
2011/09/01,190,190,190,190,100,190,1
2011/09/09,190,190,190,190,100,190,1
2011/09/13,190,190,190,190,1000,190,1
2011/09/15,190,190,190,190,100,190,1
2011/09/20,191,195,190,195,1700,195,1
2011/09/21,195,195,195,195,1300,195,1
2011/09/26,195,195,195,195,2000,195,1
2011/09/28,195,195,195,195,300,195,1
2011/09/29,190,190,190,190,500,190,1
2011/10/04,190,190,190,190,1000,190,1
2011/10/06,190,190,190,190,400,190,1
2011/10/11,190,190,190,190,1000,190,1
2011/10/13,195,195,195,195,100,195,1
2011/10/17,190,190,180,190,700,190,1
2011/10/19,190,190,190,190,100,190,1
2011/10/20,190,190,190,190,2000,190,1
2011/10/24,190,190,190,190,2700,190,1
2011/10/27,191,191,191,191,100,191,1
2011/11/07,192,192,192,192,100,192,1
2011/11/08,183,183,183,183,1000,183,1
2011/11/09,190,190,190,190,1100,190,1
2011/11/10,190,190,190,190,100,190,1
2011/11/14,190,208,190,208,900,208,1
2011/11/21,208,208,208,208,1400,208,1
2011/11/24,190,190,190,190,100,190,1
2011/11/29,240,240,240,240,7000,240,1
2011/11/30,240,240,239,240,4800,240,1
2011/12/02,250,250,250,250,800,250,1
2011/12/06,196,196,196,196,100,196,1
2011/12/08,199,199,199,199,1100,199,1
2011/12/09,199,200,198,200,1200,200,1
2011/12/13,201,201,201,201,400,201,1
2011/12/14,202,202,202,202,200,202,1
2011/12/15,203,203,203,203,100,203,1
2011/12/19,204,204,204,204,100,204,1
2011/12/21,206,206,206,206,100,206,1
2011/12/26,209,222,209,222,2300,222,1
2011/12/27,226,226,226,226,500,226,1
2011/12/29,240,240,240,240,1200,240,1
2012/01/06,240,240,240,240,2000,240,1
2012/01/10,224,224,220,220,1200,220,1
2012/01/11,224,224,224,224,300,224,1
2012/01/12,220,220,220,220,2000,220,1
2012/01/17,212,212,212,212,200,212,1
2012/01/18,212,220,212,220,600,220,1
2012/01/20,220,221,220,220,3400,220,1
2012/01/23,220,225,220,225,6000,225,1
2012/01/25,225,225,220,220,4100,220,1
2012/01/26,210,210,210,210,400,210,1
2012/01/30,210,210,210,210,2200,210,1
2012/01/31,225,235,225,235,14900,235,1
2012/02/01,230,230,220,220,200,220,1
2012/02/02,225,225,225,225,100,225,1
2012/02/10,225,225,225,225,200,225,1
2012/02/15,211,211,211,211,300,211,1
2012/02/16,211,225,211,225,8900,225,1
2012/02/23,225,225,225,225,700,225,1
2012/02/24,226,226,226,226,100,226,1
2012/03/01,246,246,246,246,900,246,1
2012/03/02,250,250,250,250,6700,250,1
2012/03/05,240,240,216,216,700,216,1
2012/03/06,230,230,218,228,1000,228,1
2012/03/08,220,221,220,221,600,221,1
2012/03/16,229,229,226,226,600,226,1
2012/03/19,225,230,225,230,3400,230,1
2012/03/21,230,230,228,228,1500,228,1
2012/03/23,228,244,228,228,600,228,1
2012/03/27,228,228,228,228,300,228,1
2012/04/02,213,213,213,213,100,213,1
2012/04/05,217,217,217,217,200,217,1
2012/04/06,216,216,216,216,1000,216,1
2012/04/11,224,224,215,215,2500,215,1
2012/04/12,261,270,226,226,5400,226,1
2012/04/13,218,218,218,218,1000,218,1
2012/04/19,216,216,216,216,200,216,1
2012/04/24,217,217,217,217,200,217,1
2012/05/08,241,241,218,218,400,218,1
2012/05/15,218,218,218,218,100,218,1
2012/05/17,218,218,211,211,200,211,1
2012/05/18,211,211,211,211,100,211,1
2012/05/24,215,215,215,215,500,215,1
2012/06/04,207,207,207,207,100,207,1
2012/06/13,210,210,210,210,100,210,1
2012/06/15,215,215,215,215,100,215,1
2012/06/21,230,230,215,215,800,215,1
2012/06/25,220,236,220,236,300,236,1
2012/06/26,236,236,236,236,1400,236,1
2012/06/28,239,239,236,236,200,236,1
2012/07/06,235,240,235,240,1700,240,1
2012/07/09,235,235,235,235,500,235,1
2012/07/10,235,235,235,235,500,235,1
2012/07/17,220,220,220,220,200,220,1
2012/07/20,221,221,221,221,100,221,1
2012/07/24,222,222,222,222,500,222,1
2012/07/26,225,225,225,225,1000,225,1
2012/07/27,240,256,230,230,1300,230,1
2012/07/30,236,236,231,231,1000,231,1
2012/08/01,223,223,223,223,300,223,1
2012/08/14,223,223,223,223,100,223,1
2012/08/20,233,237,233,237,1800,237,1
2012/08/22,237,237,237,237,5100,237,1
2012/08/24,240,240,240,240,100,240,1
2012/08/27,241,241,241,241,200,241,1
2012/08/28,242,245,242,242,500,242,1
2012/08/30,243,243,243,243,800,243,1
2012/09/06,245,249,245,249,300,249,1
2012/09/14,235,245,235,245,1500,245,1
2012/09/20,245,245,245,245,1000,245,1
2012/09/25,245,250,245,250,700,250,1
2012/09/26,250,250,250,250,100,250,1
2012/09/27,250,250,250,250,3200,250,1
2012/10/16,227,227,227,227,1800,227,1
2012/10/19,245,245,245,245,1000,245,1
2012/10/22,245,245,245,245,900,245,1
2012/10/25,245,245,245,245,1000,245,1
2012/11/14,231,231,231,231,100,231,1
2012/11/21,245,245,245,245,300,245,1
2012/11/26,246,246,246,246,200,246,1
2012/11/27,249,249,249,249,1100,249,1
2012/11/28,250,250,250,250,1600,250,1
2012/11/29,250,254,250,254,1300,254,1
2012/12/05,260,260,260,260,200,260,1
2012/12/06,260,260,260,260,100,260,1
2012/12/07,261,261,261,261,100,261,1
2012/12/10,260,260,260,260,1500,260,1
2012/12/11,276,285,276,285,3900,285,1
2012/12/12,287,287,285,285,1400,285,1
2012/12/13,260,260,260,260,100,260,1
2012/12/18,260,260,260,260,300,260,1
2012/12/19,244,244,244,244,3200,244,1
2012/12/20,244,251,244,251,1100,251,1
2012/12/25,252,252,252,252,100,252,1
2012/12/27,252,259,252,259,1700,259,1
2012/12/28,259,262,259,262,2100,262,1
2013/01/04,263,263,262,262,1200,262,1
2013/01/07,274,274,250,257,4200,257,1
2013/01/08,255,255,255,255,100,255,1
2013/01/09,254,254,254,254,100,254,1
2013/01/10,246,247,246,247,400,247,1
2013/01/11,250,250,250,250,100,250,1
2013/01/15,253,260,251,260,1000,260,1
2013/01/16,260,260,260,260,2800,260,1
2013/01/17,252,252,252,252,300,252,1
2013/01/18,260,260,260,260,100,260,1
2013/01/21,260,260,260,260,1200,260,1
2013/01/22,263,265,260,265,6300,265,1
2013/01/23,268,299,268,299,7500,299,1
2013/01/24,307,307,298,299,4200,299,1
2013/01/25,300,300,300,300,100,300,1
2013/01/28,301,302,300,300,500,300,1
2013/01/29,300,310,300,310,11900,310,1
2013/01/30,310,310,310,310,600,310,1
2013/01/31,310,310,310,310,100,310,1
2013/02/04,295,295,295,295,500,295,1
2013/02/05,301,301,301,301,100,301,1
2013/02/06,300,300,300,300,200,300,1
2013/02/08,285,286,284,284,2400,284,1
2013/02/12,281,281,281,281,200,281,1
2013/02/13,271,271,271,271,100,271,1
2013/02/14,275,275,275,275,100,275,1
2013/02/19,270,270,264,264,600,264,1
2013/02/20,265,265,265,265,100,265,1
2013/02/22,266,266,266,266,400,266,1
2013/02/28,266,266,266,266,1900,266,1
2013/03/04,266,266,262,262,1100,262,1
2013/03/07,270,277,270,277,300,277,1
2013/03/08,278,278,278,278,1800,278,1
2013/03/11,265,265,265,265,1000,265,1
2013/03/13,272,272,272,272,100,272,1
2013/03/14,280,282,280,280,500,280,1
2013/03/18,279,286,279,286,3200,286,1
2013/03/19,290,313,290,312,2000,312,1
2013/03/21,313,392,312,392,27700,392,1
2013/03/22,400,472,400,408,35900,408,1
2013/03/25,438,438,376,376,17200,376,1
2013/03/26,370,409,370,390,6500,390,1
2013/03/27,340,385,340,353,1700,353,1
2013/03/28,358,400,358,358,4300,358,1
2013/03/29,366,400,358,400,6600,400,1
2013/04/01,406,409,380,409,2200,409,1
2013/04/02,400,402,356,370,3700,370,1
2013/04/03,378,397,365,389,600,389,1
2013/04/04,397,397,397,397,100,397,1
2013/04/05,397,398,370,386,2600,386,1
2013/04/08,378,399,378,395,1000,395,1
2013/04/09,378,378,378,378,500,378,1
2013/04/10,371,371,371,371,100,371,1
2013/04/11,385,385,385,385,100,385,1
2013/04/12,385,385,385,385,100,385,1
2013/04/15,377,385,377,385,600,385,1
2013/04/16,370,380,370,380,800,380,1
2013/04/22,397,397,380,380,900,380,1
2013/04/23,360,365,360,360,2700,360,1
2013/04/24,368,368,344,350,2400,350,1
2013/04/25,350,350,350,350,1000,350,1
2013/04/26,350,350,350,350,700,350,1
2013/04/30,351,352,351,352,400,352,1
2013/05/02,364,364,352,353,600,353,1
2013/05/07,352,360,352,360,2900,360,1
2013/05/08,425,425,407,415,8500,415,1
2013/05/09,415,415,405,407,600,407,1
2013/05/10,407,407,407,407,200,407,1
2013/05/13,380,380,370,370,800,370,1
2013/05/14,371,372,371,372,300,372,1
2013/05/15,371,371,370,370,200,370,1
2013/05/16,376,420,370,370,7500,370,1
2013/05/17,370,371,370,371,400,371,1
2013/05/20,371,372,370,370,1400,370,1
2013/05/21,370,450,370,450,14800,450,1
2013/05/22,434,470,434,460,11400,460,1
2013/05/23,458,458,401,401,6600,401,1
2013/05/24,420,481,380,397,19200,397,1
2013/05/27,384,384,362,365,1100,365,1
2013/05/28,366,374,363,363,900,363,1
2013/05/29,364,364,364,364,700,364,1
2013/05/30,362,362,357,357,700,357,1
2013/05/31,358,358,357,357,200,357,1
2013/06/03,366,437,366,437,5400,437,1
2013/06/04,430,430,389,397,3800,397,1
2013/06/05,373,406,370,380,4600,380,1
2013/06/06,383,383,378,378,500,378,1
2013/06/07,359,366,334,366,900,366,1
2013/06/10,366,371,350,367,800,367,1
2013/06/11,367,370,367,370,1700,370,1
2013/06/12,370,376,357,376,700,376,1
2013/06/13,376,380,376,380,4000,380,1
2013/06/19,380,382,380,380,400,380,1
2013/06/20,380,380,380,380,800,380,1
2013/06/21,385,390,385,390,900,390,1
2013/06/24,429,430,395,395,1500,395,1
2013/06/25,401,401,395,395,300,395,1
2013/06/26,395,395,395,395,300,395,1
2013/06/27,395,400,395,395,1300,395,1
2013/06/28,395,400,395,400,300,400,1
2013/07/01,400,400,400,400,700,400,1
2013/07/02,392,393,390,390,300,390,1
2013/07/03,390,390,390,390,1000,390,1
2013/07/04,366,382,366,382,200,382,1
2013/07/10,380,380,380,380,200,380,1
2013/07/11,381,381,381,381,100,381,1
2013/07/12,380,380,380,380,1100,380,1
2013/07/16,380,380,380,380,500,380,1
2013/07/17,400,457,377,393,600,393,1
2013/07/18,387,387,376,376,700,376,1
2013/07/19,376,376,375,375,600,375,1
2013/07/22,375,375,370,370,3400,370,1
2013/07/23,365,365,352,356,1900,356,1
2013/07/25,356,380,356,380,1200,380,1
2013/07/26,380,380,380,380,1000,380,1
2013/07/29,381,381,381,381,100,381,1
2013/08/06,373,373,373,373,100,373,1
2013/08/07,374,374,374,374,200,374,1
2013/08/08,382,382,382,382,100,382,1
2013/08/13,381,381,381,381,200,381,1
2013/08/16,381,381,381,381,100,381,1
2013/08/20,382,382,382,382,100,382,1
2013/08/21,382,382,382,382,100,382,1
2013/08/22,384,384,382,382,700,382,1
2013/08/23,384,386,382,382,2000,382,1
2013/08/27,382,382,382,382,100,382,1
2013/08/28,358,361,358,361,200,361,1
2013/09/02,361,361,361,361,100,361,1
2013/09/05,361,361,361,361,100,361,1
2013/09/10,353,365,353,365,1100,365,1
2013/09/19,364,364,364,364,100,364,1
2013/09/20,364,364,364,364,800,364,1
2013/09/24,364,367,364,367,400,367,1
2013/09/25,367,367,367,367,200,367,1
2013/09/26,375,375,367,370,300,370,1
2013/09/27,376,376,371,371,200,371,1
2013/09/30,371,371,370,371,1200,371,1
2013/10/01,370,370,370,370,400,370,1
2013/10/02,375,375,375,375,200,375,1
2013/10/04,375,375,375,375,100,375,1
2013/10/07,375,375,375,375,300,375,1
2013/10/08,360,360,360,360,500,360,1
2013/10/09,352,368,352,368,200,368,1
2013/10/10,370,370,370,370,500,370,1
2013/10/11,371,371,371,371,200,371,1
2013/10/15,372,372,372,372,100,372,1
2013/10/21,372,372,355,355,800,355,1
2013/10/22,360,360,360,360,100,360,1
2013/10/23,352,360,352,360,200,360,1
2013/10/24,373,373,365,365,300,365,1
2013/10/25,366,366,366,366,300,366,1
2013/10/28,369,369,367,367,200,367,1
2013/10/29,373,373,373,373,200,373,1
2013/10/30,373,373,373,373,700,373,1
2013/10/31,373,373,373,373,1100,373,1
2013/11/01,356,356,356,356,100,356,1
2013/11/05,357,357,357,357,100,357,1
2013/11/06,358,381,358,381,600,381,1
2013/11/07,387,387,387,387,100,387,1
2013/11/08,363,378,363,378,3900,378,1
2013/11/11,370,370,350,350,2900,350,1
2013/11/12,350,358,350,350,600,350,1
2013/11/13,342,357,342,357,800,357,1
2013/11/14,357,357,357,357,100,357,1
2013/11/15,359,359,359,359,100,359,1
2013/11/18,357,357,345,348,700,348,1
2013/11/19,349,349,349,349,300,349,1
2013/11/20,349,351,349,350,400,350,1
2013/11/21,350,353,350,350,900,350,1
2013/11/22,350,350,345,345,600,345,1
2013/11/25,345,350,345,347,1500,347,1
2013/11/26,347,348,347,347,1300,347,1
2013/11/27,347,348,344,344,1700,344,1
2013/11/28,328,332,328,328,35900,328,1
2013/11/29,329,330,328,330,7900,330,1
2013/12/02,330,332,329,331,12100,331,1
2013/12/03,331,332,331,332,9300,332,1
2013/12/04,332,332,331,331,3200,331,1
2013/12/05,331,332,331,331,11200,331,1
2013/12/06,331,332,331,331,7000,331,1
2013/12/09,331,332,329,330,5900,330,1
2013/12/10,327,329,327,329,1200,329,1
2013/12/11,327,327,326,326,2000,326,1
2013/12/12,331,331,326,326,4100,326,1
2013/12/13,327,329,327,327,1500,327,1
2013/12/16,330,330,326,326,2800,326,1
2013/12/17,327,327,316,324,5700,324,1
2013/12/18,324,324,321,322,1900,322,1
2013/12/19,320,320,316,318,4000,318,1
2013/12/20,318,319,315,318,5900,318,1
2013/12/24,313,328,311,328,19900,328,1
2013/12/25,328,328,326,326,1800,326,1
2013/12/26,319,320,319,320,900,320,1
2013/12/27,319,320,319,320,700,320,1
2013/12/30,320,329,320,329,11200,329,1
2014/01/06,331,331,329,329,1400,329,1
2014/01/07,330,330,324,324,2800,324,1
2014/01/08,329,343,329,339,35100,339,1
2014/01/09,333,334,333,334,1700,334,1
2014/01/10,333,336,330,334,3400,334,1
2014/01/14,334,334,328,333,3300,333,1
2014/01/15,332,332,328,329,1300,329,1
2014/01/16,334,334,327,327,3700,327,1
2014/01/17,327,327,327,327,500,327,1
2014/01/20,329,333,329,333,1100,333,1
2014/01/21,333,335,333,335,3700,335,1
2014/01/22,335,335,334,335,600,335,1
2014/01/23,335,335,331,331,2400,331,1
2014/01/24,331,333,331,331,1700,331,1
2014/01/27,330,332,328,332,1400,332,1
2014/01/28,327,333,327,333,1000,333,1
2014/01/29,331,336,331,331,1700,331,1
2014/01/30,331,331,331,331,1200,331,1
2014/01/31,331,331,327,327,600,327,1
2014/02/03,327,327,317,317,1000,317,1
2014/02/04,300,317,298,317,2600,317,1
2014/02/05,303,303,303,303,100,303,1
2014/02/06,304,304,304,304,200,304,1
2014/02/10,315,315,315,315,100,315,1
2014/02/12,325,325,307,315,1900,315,1
2014/02/13,319,328,312,312,500,312,1
2014/02/14,320,332,318,320,3100,320,1
2014/02/17,321,329,318,318,2400,318,1
2014/02/18,310,319,306,319,3200,319,1
2014/02/19,306,309,306,307,2200,307,1
2014/02/20,317,317,315,317,1700,317,1
2014/02/21,317,317,317,317,800,317,1
2014/02/24,314,319,314,319,200,319,1
2014/02/25,319,320,319,319,1000,319,1
2014/02/26,319,319,319,319,600,319,1
2014/02/27,315,315,315,315,200,315,1
2014/02/28,315,315,315,315,100,315,1
2014/03/03,316,321,316,321,500,321,1
2014/03/04,313,313,311,311,800,311,1
2014/03/05,312,313,312,313,700,313,1
2014/03/07,314,314,314,314,100,314,1
2014/03/10,314,318,314,318,200,318,1
2014/03/12,311,311,311,311,100,311,1
2014/03/13,310,326,310,326,5300,326,1
2014/03/14,325,330,322,330,800,330,1
2014/03/17,329,329,325,325,1600,325,1
2014/03/18,325,328,325,328,200,328,1
2014/03/19,328,328,318,318,200,318,1
2014/03/20,319,319,313,313,1100,313,1
2014/03/24,320,320,310,310,2400,310,1
2014/03/25,310,310,310,310,1700,310,1
2014/03/26,310,313,310,312,700,312,1
2014/03/27,305,305,305,305,300,305,1
2014/03/28,295,305,295,302,2000,302,1
2014/04/01,307,307,307,307,100,307,1
2014/04/02,306,315,306,315,600,315,1
2014/04/07,313,313,313,313,100,313,1
2014/04/09,310,310,296,296,1000,296,1
2014/04/10,303,304,303,304,200,304,1
2014/04/11,299,299,297,297,200,297,1
2014/04/14,304,305,304,305,300,305,1
2014/04/15,298,299,298,299,300,299,1
2014/04/16,300,300,299,299,400,299,1
2014/04/18,301,301,301,301,100,301,1
2014/04/22,309,309,309,309,100,309,1
2014/04/23,310,310,309,309,400,309,1
2014/04/24,309,312,309,310,400,310,1
2014/04/25,310,313,310,313,200,313,1
2014/04/28,313,313,313,313,300,313,1
2014/04/30,315,316,315,316,1700,316,1
2014/05/01,316,321,316,319,1400,319,1
2014/05/02,319,319,319,319,700,319,1
2014/05/07,321,321,320,320,300,320,1
2014/05/08,320,320,300,300,700,300,1
2014/05/09,300,301,300,300,2000,300,1
2014/05/12,305,305,302,302,500,302,1
2014/05/13,302,302,300,300,1000,300,1
2014/05/15,308,320,308,320,800,320,1
2014/05/16,328,338,320,320,4800,320,1
2014/05/19,320,321,308,308,6100,308,1
2014/05/21,310,314,310,314,600,314,1
2014/05/22,314,320,314,320,800,320,1
2014/05/23,320,320,319,319,2200,319,1
2014/05/26,317,320,317,319,7500,319,1
2014/05/27,324,324,317,320,9700,320,1
2014/05/28,326,326,320,320,1100,320,1
2014/05/29,326,326,325,325,400,325,1
2014/05/30,326,326,316,316,4400,316,1
2014/06/02,326,326,326,326,1800,326,1
2014/06/03,326,326,325,325,3700,325,1
2014/06/04,325,325,325,325,1800,325,1
2014/06/05,325,325,325,325,800,325,1
2014/06/06,327,327,325,327,900,327,1
2014/06/09,325,330,322,330,6700,330,1
2014/06/10,326,327,326,327,200,327,1
2014/06/11,327,330,327,330,1700,330,1
2014/06/12,330,332,330,332,1100,332,1
2014/06/13,332,335,332,334,3000,334,1
2014/06/16,339,414,339,413,183200,413,1
2014/06/17,392,426,375,425,106400,425,1
2014/06/18,436,450,428,442,73900,442,1
2014/06/19,442,448,435,442,38800,442,1
2014/06/20,452,522,452,512,172900,512,1
2014/06/23,530,530,487,491,67100,491,1
2014/06/24,475,488,454,473,41900,473,1
2014/06/25,465,476,440,455,32600,455,1
2014/06/26,455,461,440,445,17700,445,1
2014/06/27,445,445,422,423,27500,423,1
2014/06/30,431,441,426,433,17400,433,1
2014/07/01,445,460,440,460,13300,460,1
2014/07/02,454,454,432,438,15400,438,1
2014/07/03,432,432,424,429,10300,429,1
2014/07/04,421,428,420,421,14000,421,1
2014/07/07,420,426,417,426,12300,426,1
2014/07/08,427,432,422,426,3700,426,1
2014/07/09,422,436,382,400,46800,400,1
2014/07/10,400,405,374,374,26800,374,1
2014/07/11,380,380,366,376,23700,376,1
2014/07/14,376,380,370,373,19700,373,1
2014/07/15,389,389,385,385,4000,385,1
2014/07/16,382,393,382,386,1900,386,1
2014/07/17,389,393,382,382,2800,382,1
2014/07/18,382,384,375,380,4400,380,1
2014/07/22,382,390,382,385,7100,385,1
2014/07/23,389,396,389,390,5300,390,1
2014/07/24,391,391,386,387,4700,387,1
2014/07/25,388,388,384,385,5300,385,1
2014/07/28,388,388,382,382,1700,382,1
2014/07/29,385,385,381,385,2200,385,1
2014/07/30,387,387,380,382,4600,382,1
2014/07/31,384,385,378,385,2000,385,1
2014/08/01,376,386,375,382,7100,382,1
2014/08/04,380,380,376,376,800,376,1
2014/08/05,381,381,366,373,2600,373,1
2014/08/06,374,374,364,364,6900,364,1
2014/08/07,365,366,364,365,1400,365,1
2014/08/08,366,379,361,379,4800,379,1
2014/08/11,374,374,358,366,5500,366,1
2014/08/12,358,364,352,364,3000,364,1
2014/08/13,360,362,360,360,5400,360,1
2014/08/14,360,360,354,359,11900,359,1
2014/08/15,361,361,356,358,11200,358,1
2014/08/18,361,361,356,361,3200,361,1
2014/08/19,361,361,355,357,4400,357,1
2014/08/20,357,358,356,356,4500,356,1
2014/08/21,357,360,354,360,4300,360,1
2014/08/22,360,361,357,361,2200,361,1
2014/08/25,361,369,361,369,5400,369,1
2014/08/26,371,372,369,369,6400,369,1
2014/08/27,374,380,369,377,7300,377,1
2014/08/28,379,382,377,381,6900,381,1
2014/08/29,382,383,375,378,2500,378,1
2014/09/01,379,379,350,373,10800,373,1
2014/09/02,373,374,366,374,3500,374,1
2014/09/03,374,376,365,375,3900,375,1
2014/09/04,376,377,376,377,4200,377,1
2014/09/05,377,380,370,378,5500,378,1
2014/09/08,378,382,375,375,2400,375,1
2014/09/09,380,380,375,375,2900,375,1
2014/09/10,375,380,371,371,2000,371,1
2014/09/11,377,379,371,379,1900,379,1
2014/09/12,379,380,373,378,8700,378,1
2014/09/16,378,385,378,380,20200,380,1
2014/09/17,382,395,378,378,7300,378,1
2014/09/18,378,381,373,378,3400,378,1
2014/09/19,381,381,375,375,2000,375,1
2014/09/22,380,380,376,379,9100,379,1
2014/09/24,379,380,375,378,5500,378,1
2014/09/25,378,380,377,380,4700,380,1
2014/09/26,379,380,378,380,2100,380,1
2014/09/29,385,385,380,383,2800,383,1
2014/09/30,383,383,372,372,6100,372,1
2014/10/01,376,380,373,373,3400,373,1
2014/10/02,372,375,365,374,7700,374,1
2014/10/03,374,376,373,375,2100,375,1
2014/10/06,376,377,375,377,3100,377,1
2014/10/07,377,377,371,376,2000,376,1
2014/10/08,371,376,371,376,1900,376,1
2014/10/09,370,370,370,370,1000,370,1
2014/10/10,368,368,342,352,20000,352,1
2014/10/14,352,358,351,355,3600,355,1
2014/10/15,351,352,348,348,2000,348,1
2014/10/16,347,347,337,345,2900,345,1
2014/10/17,347,349,347,349,1100,349,1
2014/10/20,351,363,349,363,4700,363,1
2014/10/21,355,365,355,360,1400,360,1
2014/10/22,360,365,360,365,3700,365,1
2014/10/23,367,369,359,369,2200,369,1
2014/10/24,369,370,369,369,4400,369,1
2014/10/27,370,371,365,369,1500,369,1
2014/10/28,369,369,365,365,1200,365,1
2014/10/29,365,365,364,364,300,364,1
2014/10/30,367,379,365,372,13800,372,1
2014/10/31,375,388,371,388,10900,388,1
2014/11/04,400,422,381,404,31300,404,1
2014/11/05,390,398,382,386,13500,386,1
2014/11/06,391,395,390,394,4500,394,1
2014/11/07,390,400,388,400,7900,400,1
2014/11/10,392,392,387,390,2300,390,1
2014/11/11,390,390,383,390,7800,390,1
2014/11/12,390,396,385,395,6200,395,1
2014/11/17,396,396,387,387,300,387,1
2014/11/18,386,388,385,388,3200,388,1
2014/11/19,391,396,386,395,4000,395,1
2014/11/20,395,395,391,395,2300,395,1
2014/11/21,390,395,387,391,2800,391,1
2014/11/25,391,393,391,393,2300,393,1
2014/11/26,390,400,390,397,3400,397,1
2014/11/27,397,410,397,410,12000,410,1
2014/11/28,412,414,411,411,6200,411,1
2014/12/01,411,415,408,415,8300,415,1
2014/12/02,419,419,406,409,6900,409,1
2014/12/03,410,418,406,410,18700,410,1
2014/12/04,410,413,399,410,5900,410,1
2014/12/05,410,415,405,406,2000,406,1
2014/12/08,408,414,406,414,3500,414,1
2014/12/09,414,414,406,414,2500,414,1
2014/12/10,413,413,407,413,2300,413,1
2014/12/11,410,413,407,413,3200,413,1
2014/12/12,408,414,408,412,1400,412,1
2014/12/15,412,412,399,412,1400,412,1
2014/12/16,411,411,399,409,3300,409,1
2014/12/17,406,407,406,407,1600,407,1
2014/12/18,406,406,406,406,1000,406,1
2014/12/19,406,412,403,411,3500,411,1
2014/12/22,411,413,411,413,6700,413,1
2014/12/24,415,417,414,414,8800,414,1
2014/12/25,417,417,414,414,2500,414,1
2014/12/26,410,415,410,415,1500,415,1
2014/12/29,417,417,411,417,5700,417,1
2014/12/30,417,417,415,417,2500,417,1
2015/01/05,418,419,417,417,3700,417,1
2015/01/06,416,416,411,413,2000,413,1
2015/01/07,414,414,410,414,1600,414,1
2015/01/08,414,417,412,417,2300,417,1
2015/01/09,416,417,415,417,2000,417,1
2015/01/13,417,418,404,411,4000,411,1
2015/01/14,410,415,409,415,1000,415,1
2015/01/15,416,416,410,414,800,414,1
2015/01/16,408,414,408,413,1700,413,1
2015/01/19,414,414,409,414,1800,414,1
2015/01/20,414,415,414,414,700,414,1
2015/01/21,414,417,414,417,2000,417,1
2015/01/22,417,418,417,418,300,418,1
2015/01/23,420,420,416,418,3900,418,1
2015/01/26,416,418,415,415,2300,415,1
2015/01/27,415,423,415,416,2000,416,1
2015/01/28,416,420,415,420,2100,420,1
2015/01/29,416,416,409,413,3600,413,1
2015/01/30,413,420,411,417,2400,417,1
2015/02/02,417,417,412,414,700,414,1
2015/02/03,418,418,417,417,600,417,1
2015/02/04,415,416,415,416,400,416,1
2015/02/05,417,420,417,420,700,420,1
2015/02/06,420,420,420,420,400,420,1
2015/02/09,420,423,413,413,2400,413,1
2015/02/10,421,424,420,420,3800,420,1
2015/02/12,421,424,421,423,2900,423,1
2015/02/13,424,424,422,423,2600,423,1
2015/02/16,433,433,420,420,5900,420,1
2015/02/17,432,432,419,419,2200,419,1
2015/02/18,429,499,429,499,112100,499,1
2015/02/19,579,579,579,579,18900,579,1
2015/02/20,668,679,639,679,116100,679,1
2015/02/23,779,779,579,579,590200,579,1
2015/02/24,560,679,559,679,147900,679,1
2015/02/25,723,779,707,779,388800,779,1
2015/02/26,929,929,929,929,52600,929,1
2015/02/27,839,888,779,810,439700,810,1
2015/03/02,735,746,698,713,155900,713,1
2015/03/03,701,701,648,661,106800,661,1
2015/03/04,647,651,615,615,62600,615,1
2015/03/05,601,631,595,603,69900,603,1
2015/03/06,597,607,568,568,41800,568,1
2015/03/09,570,590,565,567,37000,567,1
2015/03/10,552,574,548,561,41200,561,1
2015/03/11,560,562,547,561,28500,561,1
2015/03/12,551,556,514,540,46700,540,1
2015/03/13,540,547,535,539,15200,539,1
2015/03/16,535,565,532,550,39200,550,1
2015/03/17,540,549,536,549,14000,549,1
2015/03/18,530,545,530,541,14800,541,1
2015/03/19,540,548,532,548,7400,548,1
2015/03/20,540,585,540,564,37200,564,1
2015/03/23,554,559,548,551,20200,551,1
2015/03/24,544,554,538,548,10700,548,1
2015/03/25,552,584,552,572,31000,572,1
2015/03/26,573,576,556,570,12500,570,1
2015/03/27,593,593,558,559,17400,559,1
2015/03/30,543,551,541,543,9500,543,1
2015/03/31,541,542,523,524,14600,524,1
2015/04/01,525,565,524,543,8200,543,1
2015/04/02,540,550,540,550,4000,550,1
2015/04/03,553,553,540,540,1600,540,1
2015/04/06,532,535,527,530,2400,530,1
2015/04/07,529,531,523,531,5200,531,1
2015/04/08,528,532,528,530,800,530,1
2015/04/09,530,532,525,527,4100,527,1
2015/04/10,527,533,525,526,3200,526,1
2015/04/13,524,526,524,524,1800,524,1
2015/04/14,526,531,524,529,2000,529,1
2015/04/15,533,533,529,531,1900,531,1
2015/04/16,526,528,524,528,2100,528,1
2015/04/17,531,531,529,530,1200,530,1
2015/04/20,524,524,521,522,7000,522,1
2015/04/21,523,530,521,521,700,521,1
2015/04/22,524,526,524,526,700,526,1
2015/04/23,524,525,520,520,3100,520,1
2015/04/24,520,536,520,523,8600,523,1
2015/04/27,523,530,521,530,4400,530,1
2015/04/28,529,529,521,528,2100,528,1
2015/04/30,534,534,524,528,2600,528,1
2015/05/01,526,526,505,506,6900,506,1
2015/05/07,507,519,505,512,4200,512,1
2015/05/08,515,530,513,520,5200,520,1
2015/05/11,535,535,526,535,4200,535,1
2015/05/12,536,536,525,525,2500,525,1
2015/05/13,526,526,525,525,2200,525,1
2015/05/14,525,525,525,525,400,525,1
2015/05/15,526,527,515,515,2700,515,1
2015/05/18,514,516,424,440,54200,440,1
2015/05/19,433,453,433,453,12900,453,1
2015/05/20,456,457,452,453,5500,453,1
2015/05/21,456,457,453,453,3300,453,1
2015/05/22,456,465,453,454,3500,454,1
2015/05/25,455,459,455,457,2700,457,1
2015/05/26,462,464,457,457,2700,457,1
2015/05/27,456,468,455,465,3100,465,1
2015/05/28,463,480,463,473,2800,473,1
2015/05/29,473,475,465,466,4700,466,1
2015/06/01,474,479,466,467,1600,467,1
2015/06/02,475,529,475,515,45500,515,1
2015/06/03,525,615,493,550,149700,550,1
2015/06/04,660,660,642,660,101500,660,1
2015/06/05,760,760,760,760,26400,760,1
2015/06/08,675,789,671,725,449700,725,1
2015/06/09,665,674,590,597,180500,597,1
2015/06/10,589,697,588,697,168600,697,1
2015/06/11,657,770,616,633,407500,633,1
2015/06/12,623,623,599,611,94900,611,1
2015/06/15,617,627,593,603,63400,603,1
2015/06/16,595,600,557,567,67900,567,1
2015/06/17,580,584,568,568,15000,568,1
2015/06/18,560,566,548,550,24500,550,1
2015/06/19,551,552,538,538,19200,538,1
2015/06/22,546,546,531,531,13700,531,1
2015/06/23,527,539,526,534,10400,534,1
2015/06/24,529,538,529,535,4900,535,1
2015/06/25,535,543,532,532,4400,532,1
2015/06/26,530,531,527,527,3400,527,1
2015/06/29,507,512,497,504,9100,504,1
2015/06/30,504,525,504,514,3200,514,1
2015/07/01,510,530,510,530,2700,530,1
2015/07/02,516,526,516,520,4100,520,1
2015/07/03,516,523,512,519,1800,519,1
2015/07/06,513,515,510,510,2700,510,1
2015/07/07,524,524,501,522,6600,522,1
2015/07/08,512,512,500,505,13500,505,1
2015/07/09,500,500,451,480,13500,480,1
2015/07/10,479,490,479,479,2700,479,1
2015/07/13,479,488,479,485,1700,485,1
2015/07/14,491,508,491,508,3900,508,1
2015/07/15,508,511,501,508,2500,508,1
2015/07/16,510,510,501,508,2900,508,1
2015/07/17,502,511,502,510,3700,510,1
2015/07/21,511,512,505,505,4300,505,1
2015/07/22,508,508,505,505,400,505,1
2015/07/23,506,509,502,505,1600,505,1
2015/07/24,506,510,506,510,2100,510,1
2015/07/27,510,522,510,517,5100,517,1
2015/07/28,513,528,508,525,4500,525,1
2015/07/29,531,533,505,520,9300,520,1
2015/07/30,521,529,507,529,4900,529,1
2015/07/31,588,625,530,530,199500,530,1
2015/08/03,530,540,521,534,14400,534,1
2015/08/04,525,530,520,520,6100,520,1
2015/08/05,519,519,507,508,5700,508,1
2015/08/06,506,513,506,513,1500,513,1
2015/08/07,510,512,502,508,4600,508,1
2015/08/10,518,518,491,492,10600,492,1
2015/08/11,495,499,494,499,3700,499,1
2015/08/12,498,498,489,490,2200,490,1
2015/08/13,481,495,481,495,4700,495,1
2015/08/14,487,498,487,491,1600,491,1
2015/08/17,482,486,481,484,2700,484,1
2015/08/18,492,495,486,495,2000,495,1
2015/08/19,499,499,499,499,1900,499,1
2015/08/20,498,498,485,486,2500,486,1
2015/08/21,480,480,473,475,3000,475,1
2015/08/24,460,460,400,400,15900,400,1
2015/08/25,380,400,371,389,26000,389,1
2015/08/26,390,398,375,392,11700,392,1
2015/08/27,420,420,405,420,3200,420,1
2015/08/28,420,430,410,426,8400,426,1
2015/08/31,426,426,410,413,2100,413,1
2015/09/01,413,416,410,410,6900,410,1
2015/09/02,396,418,396,400,1500,400,1
2015/09/03,401,402,396,396,3300,396,1
2015/09/04,396,397,385,386,7700,386,1
2015/09/07,385,390,382,390,1500,390,1
2015/09/08,395,395,384,390,800,390,1
2015/09/09,391,402,391,402,1700,402,1
2015/09/10,383,397,380,397,1500,397,1
2015/09/11,404,404,392,395,800,395,1
2015/09/14,392,392,392,392,100,392,1
2015/09/15,393,405,391,405,900,405,1
2015/09/16,406,406,395,395,1600,395,1
2015/09/17,398,401,396,396,2300,396,1
2015/09/18,395,398,394,394,700,394,1
2015/09/24,394,395,394,395,200,395,1
2015/09/25,395,400,395,396,1400,396,1
2015/09/28,400,404,396,396,2800,396,1
2015/09/29,396,398,384,384,1400,384,1
2015/10/01,376,376,376,376,2000,376,1
2015/10/02,365,372,365,369,7700,369,1
2015/10/05,374,375,373,373,1900,373,1
2015/10/06,376,382,376,382,1100,382,1
2015/10/07,384,387,381,387,1100,387,1
2015/10/08,387,387,380,380,2900,380,1
2015/10/09,380,387,380,385,2300,385,1
2015/10/13,393,400,393,400,1800,400,1
2015/10/14,400,400,400,400,200,400,1
2015/10/15,404,404,397,397,300,397,1
2015/10/16,403,409,400,409,2500,409,1
2015/10/20,409,409,396,397,1000,397,1
2015/10/21,398,400,397,400,900,400,1
2015/10/22,396,399,391,399,1400,399,1
2015/10/23,401,404,400,404,800,404,1
2015/10/26,405,409,404,409,2000,409,1
2015/10/27,409,409,401,402,1700,402,1
2015/10/28,402,402,402,402,1700,402,1
2015/10/29,404,406,403,404,700,404,1
2015/10/30,400,408,399,407,2500,407,1
2015/11/02,401,406,397,399,2300,399,1
2015/11/04,400,401,399,400,900,400,1
2015/11/05,400,403,397,397,2700,397,1
2015/11/09,400,401,400,400,1600,400,1
2015/11/10,400,407,400,400,3300,400,1
2015/11/11,400,400,400,400,200,400,1
2015/11/12,402,403,402,403,1400,403,1
2015/11/13,403,410,403,405,1200,405,1
2015/11/16,399,399,392,395,2700,395,1
2015/11/17,395,396,392,396,3600,396,1
2015/11/18,396,396,391,392,1200,392,1
2015/11/19,394,409,394,396,900,396,1
2015/11/20,396,400,396,396,1100,396,1
2015/11/24,396,397,396,397,800,397,1
2015/11/25,397,406,397,406,2200,406,1
2015/11/26,407,409,406,406,1400,406,1
2015/11/27,406,410,406,410,700,410,1
2015/11/30,410,412,396,402,2700,402,1
2015/12/01,401,401,401,401,400,401,1
2015/12/02,408,409,400,400,800,400,1
2015/12/03,408,408,402,403,3500,403,1
2015/12/04,402,409,402,407,700,407,1
2015/12/07,407,407,407,407,200,407,1
2015/12/08,402,405,401,405,3100,405,1
2015/12/09,404,408,404,405,400,405,1
2015/12/10,405,405,400,400,1900,400,1
2015/12/11,402,402,402,402,100,402,1
2015/12/14,401,401,399,399,1100,399,1
2015/12/15,399,399,383,387,5300,387,1
2015/12/16,390,400,390,392,2800,392,1
2015/12/17,400,400,400,400,5000,400,1
2015/12/18,393,400,392,394,2100,394,1
2015/12/21,394,396,392,392,2100,392,1
2015/12/22,388,392,382,392,2400,392,1
2015/12/24,384,384,370,376,4400,376,1
2015/12/25,376,376,351,355,16100,355,1
2015/12/28,360,362,356,362,2400,362,1
2015/12/29,362,370,361,362,2800,362,1
2015/12/30,361,370,361,370,500,370,1
2016/01/04,370,373,368,371,1900,371,1
2016/01/05,370,370,369,370,1700,370,1
2016/01/06,382,382,373,373,900,373,1
2016/01/07,370,370,370,370,1900,370,1
2016/01/08,369,370,369,370,400,370,1
2016/01/12,366,366,352,353,7100,353,1
2016/01/13,359,359,357,357,200,357,1
2016/01/14,359,359,341,342,3900,342,1
2016/01/15,344,358,343,356,2500,356,1
2016/01/18,340,351,340,341,8400,341,1
2016/01/19,341,345,340,343,7700,343,1
2016/01/20,343,344,340,340,6200,340,1
2016/01/21,340,340,331,331,5100,331,1
2016/01/22,331,339,329,339,600,339,1
2016/01/25,340,341,340,341,400,341,1
2016/01/26,348,354,344,344,1600,344,1
2016/01/27,344,350,344,346,400,346,1
2016/01/28,351,351,351,351,200,351,1
2016/01/29,352,353,351,352,1800,352,1
2016/02/01,352,358,350,358,2400,358,1
2016/02/02,360,362,360,360,700,360,1
2016/02/03,360,360,354,360,1500,360,1
2016/02/04,352,355,352,352,1900,352,1
2016/02/05,351,351,341,341,3000,341,1
2016/02/08,341,341,341,341,400,341,1
2016/02/09,333,333,329,329,500,329,1
2016/02/10,330,330,301,305,5600,305,1
2016/02/12,305,305,291,291,5200,291,1
2016/02/15,303,306,303,305,1900,305,1
2016/02/16,313,320,313,319,400,319,1
2016/02/17,320,320,320,320,100,320,1
2016/02/18,325,325,325,325,100,325,1
2016/02/19,328,328,315,327,400,327,1
2016/02/22,327,327,327,327,800,327,1
2016/02/23,330,333,330,333,900,333,1
2016/02/24,333,333,333,333,600,333,1
2016/02/25,333,340,333,340,1400,340,1
2016/02/26,343,347,343,346,500,346,1
2016/02/29,346,346,346,346,1900,346,1
2016/03/01,346,347,346,346,1400,346,1
2016/03/02,346,346,339,339,500,339,1
2016/03/03,339,342,333,340,1200,340,1
2016/03/04,340,351,340,351,800,351,1
2016/03/07,351,351,351,351,800,351,1
2016/03/08,348,348,348,348,100,348,1
2016/03/10,348,350,348,348,300,348,1
2016/03/11,340,348,340,348,300,348,1
2016/03/14,351,352,349,349,600,349,1
2016/03/15,351,353,351,352,1000,352,1
2016/03/16,352,352,345,345,500,345,1
2016/03/17,353,355,348,348,800,348,1
2016/03/18,356,358,350,350,1000,350,1
2016/03/22,350,350,350,350,400,350,1
2016/03/23,360,360,359,359,600,359,1
2016/03/24,359,362,359,362,400,362,1
2016/03/25,362,442,362,442,136300,442,1
2016/03/28,516,522,514,522,80100,522,1
2016/03/29,610,610,610,610,18300,610,1
2016/03/30,630,656,552,603,487400,603,1
2016/03/31,593,703,542,640,335500,640,1
2016/04/01,575,599,550,550,194500,550,1
2016/04/04,550,550,506,510,65500,510,1
2016/04/05,505,507,480,484,43700,484,1
2016/04/06,460,469,425,428,54500,428,1
2016/04/07,423,466,423,427,54100,427,1
2016/04/08,418,425,416,422,24500,422,1
2016/04/11,429,480,422,423,79900,423,1
2016/04/12,417,422,400,405,27100,405,1
2016/04/13,411,420,407,407,14400,407,1
2016/04/14,412,418,410,414,8400,414,1
2016/04/15,405,411,400,402,10500,402,1
2016/04/18,401,403,395,400,6500,400,1
2016/04/19,392,405,392,402,7500,402,1
2016/04/20,400,408,400,407,4200,407,1
2016/04/21,407,427,402,425,9700,425,1
2016/04/22,410,418,408,408,7300,408,1
2016/04/25,409,414,408,410,3300,410,1
2016/04/26,410,412,391,394,11800,394,1
2016/04/27,391,395,390,391,4100,391,1
2016/04/28,392,399,371,372,18800,372,1
2016/05/02,379,389,374,376,3400,376,1
2016/05/06,378,384,378,384,600,384,1
2016/05/09,383,388,371,388,3900,388,1
2016/05/10,390,390,376,376,800,376,1
2016/05/11,378,397,378,380,3400,380,1
2016/05/12,379,394,373,383,2200,383,1
2016/05/13,383,390,381,381,2500,381,1
2016/05/16,461,461,461,461,10600,461,1
2016/05/17,541,541,541,541,5900,541,1
2016/05/18,641,641,623,641,130600,641,1
2016/05/19,571,581,541,541,161700,541,1
2016/05/20,515,515,490,504,77800,504,1
2016/05/23,511,525,491,511,39200,511,1
2016/05/24,521,521,505,508,14500,508,1
2016/05/25,513,534,501,505,36600,505,1
2016/05/26,515,515,463,476,33700,476,1
2016/05/27,479,491,478,478,8000,478,1
2016/05/30,488,500,488,496,3400,496,1
2016/05/31,501,510,486,486,13100,486,1
2016/06/01,487,540,486,515,39200,515,1
2016/06/02,513,524,498,503,14900,503,1
2016/06/03,496,520,485,487,12900,487,1
2016/06/06,481,487,480,480,4700,480,1
2016/06/07,489,490,485,490,2900,490,1
2016/06/08,495,500,485,498,7400,498,1
2016/06/09,498,520,495,516,11000,516,1
2016/06/10,520,520,507,511,3700,511,1
2016/06/13,491,491,458,464,26500,464,1
2016/06/14,485,544,481,544,178200,544,1
2016/06/15,580,592,487,487,186700,487,1
2016/06/16,503,503,454,460,27500,460,1
2016/06/17,476,479,441,470,13700,470,1
2016/06/20,470,479,458,466,9200,466,1
2016/06/21,474,474,456,460,8500,460,1
2016/06/22,465,465,448,448,5900,448,1
2016/06/23,440,442,422,433,14700,433,1
2016/06/24,473,513,441,460,168300,460,1
2016/06/27,513,513,470,479,40400,479,1
2016/06/28,479,490,456,487,19100,487,1
2016/06/29,482,513,474,489,21900,489,1
2016/06/30,514,514,491,501,9500,501,1
2016/07/01,503,503,490,495,10500,495,1
2016/07/04,494,513,493,513,11900,513,1
2016/07/05,520,520,498,503,6200,503,1
2016/07/06,500,509,500,500,1900,500,1
2016/07/07,500,500,470,470,8800,470,1
2016/07/08,478,484,445,453,10500,453,1
2016/07/11,455,467,455,467,3900,467,1
2016/07/12,475,480,471,471,7600,471,1
2016/07/13,481,481,471,474,2700,474,1
2016/07/14,480,480,469,469,6100,469,1
2016/07/15,478,481,471,479,3700,479,1
2016/07/19,485,485,481,484,2300,484,1
2016/07/20,484,488,482,483,3500,483,1
2016/07/21,489,493,480,487,4500,487,1
2016/07/22,490,490,485,489,1200,489,1
2016/07/25,490,496,490,491,2200,491,1
2016/07/26,495,495,483,483,3500,483,1
2016/07/27,476,494,476,485,4000,485,1
2016/07/28,485,485,460,467,5100,467,1
2016/07/29,470,470,454,461,1800,461,1
2016/08/01,461,473,450,472,2100,472,1
2016/08/02,459,465,459,463,600,463,1
2016/08/03,459,459,452,452,3400,452,1
2016/08/04,456,470,456,470,1400,470,1
2016/08/05,459,460,450,452,5700,452,1
2016/08/08,452,472,452,465,5400,465,1
2016/08/09,473,475,467,467,900,467,1
2016/08/10,467,480,467,475,2400,475,1
2016/08/12,411,454,401,445,31100,445,1
2016/08/15,440,440,429,431,2800,431,1
2016/08/16,435,435,428,428,1000,428,1
2016/08/17,420,423,420,420,3200,420,1
2016/08/18,413,425,401,409,11500,409,1
2016/08/19,408,413,401,402,3200,402,1
2016/08/22,402,403,396,401,3200,401,1
2016/08/23,403,405,403,404,400,404,1
2016/08/24,403,408,403,408,1400,408,1
2016/08/25,408,417,408,415,1600,415,1
2016/08/26,415,415,402,403,3500,403,1
2016/08/29,408,410,408,409,1500,409,1
2016/08/30,407,408,402,408,1400,408,1
2016/08/31,405,406,402,404,2200,404,1
2016/09/01,402,404,402,404,800,404,1
2016/09/02,403,404,403,404,200,404,1
2016/09/05,412,417,411,411,2200,411,1
2016/09/06,417,421,410,410,2900,410,1
2016/09/07,410,420,410,412,1800,412,1
2016/09/08,428,430,414,416,1200,416,1
2016/09/09,416,419,415,416,3000,416,1
2016/09/12,419,421,417,417,1300,417,1
2016/09/13,418,418,417,418,400,418,1
2016/09/14,418,418,413,414,1200,414,1
2016/09/15,413,413,410,410,500,410,1
2016/09/16,426,426,417,418,1800,418,1
2016/09/20,406,416,406,416,3500,416,1
2016/09/21,415,415,415,415,200,415,1
2016/09/23,415,417,415,417,1800,417,1
2016/09/26,417,418,412,412,1900,412,1
2016/09/27,411,414,411,412,600,412,1
2016/09/28,420,421,412,413,2200,413,1
2016/09/29,415,415,411,411,1600,411,1
2016/09/30,411,413,398,403,4200,403,1
2016/10/03,407,407,406,406,800,406,1
2016/10/04,410,410,410,410,600,410,1
2016/10/05,410,411,410,411,500,411,1
2016/10/06,413,415,412,413,1900,413,1
2016/10/07,412,412,410,410,800,410,1
2016/10/11,411,411,411,411,100,411,1
2016/10/12,410,411,404,411,4700,411,1
2016/10/13,408,420,407,415,4300,415,1
2016/10/14,420,444,415,420,9500,420,1
2016/10/17,425,425,418,420,3600,420,1
2016/10/18,420,425,420,425,1900,425,1
2016/10/19,424,435,424,435,4300,435,1
2016/10/20,435,451,435,450,6100,450,1
2016/10/21,458,460,437,439,2400,439,1
2016/10/24,450,452,433,441,4000,441,1
2016/10/25,441,443,441,443,1700,443,1
2016/10/26,445,446,443,443,1200,443,1
2016/10/27,443,447,441,441,2600,441,1
2016/10/28,439,439,435,435,600,435,1
2016/10/31,435,435,432,432,600,432,1
2016/11/01,433,433,430,430,500,430,1
2016/11/02,429,430,418,419,2200,419,1
2016/11/04,420,424,418,418,1300,418,1
2016/11/07,418,421,418,421,1300,421,1
2016/11/08,425,425,425,425,200,425,1
2016/11/09,419,419,399,402,3500,402,1
2016/11/10,408,419,408,418,2900,418,1
2016/11/11,419,425,419,422,1200,422,1
2016/11/14,414,420,414,416,500,416,1
2016/11/15,416,420,416,420,200,420,1
2016/11/16,421,421,407,420,2700,420,1
2016/11/17,420,420,414,415,3900,415,1
2016/11/18,417,420,415,416,5700,416,1
2016/11/21,417,427,417,427,3300,427,1
2016/11/22,427,427,424,425,700,425,1
2016/11/24,425,439,424,428,3100,428,1
2016/11/25,431,436,428,428,3000,428,1
2016/11/28,440,442,429,429,1200,429,1
2016/11/29,432,432,431,431,300,431,1
2016/11/30,431,438,431,438,1400,438,1
2016/12/01,441,446,439,443,3300,443,1
2016/12/02,450,450,430,436,3200,436,1
2016/12/05,428,434,428,434,1600,434,1
2016/12/06,430,430,428,428,1200,428,1
2016/12/07,428,430,427,430,1500,430,1
2016/12/08,434,477,434,443,23900,443,1
2016/12/09,443,444,435,437,5400,437,1
2016/12/12,445,448,438,442,1200,442,1
2016/12/13,434,437,433,437,1200,437,1
2016/12/14,439,439,438,438,1200,438,1
2016/12/15,440,440,436,436,2300,436,1
2016/12/16,440,446,438,438,4800,438,1
2016/12/19,438,440,434,438,4300,438,1
2016/12/20,438,441,438,441,1300,441,1
2016/12/21,442,442,441,442,3700,442,1
2016/12/22,443,446,442,446,3700,446,1
2016/12/26,449,458,448,448,4400,448,1
2016/12/27,455,455,445,445,3800,445,1
2016/12/28,445,445,441,443,1700,443,1
2016/12/29,449,450,440,440,1600,440,1
2016/12/30,442,445,440,445,1600,445,1
2017/01/04,453,453,453,453,200,453,1
2017/01/05,449,451,449,450,800,450,1
2017/01/06,458,458,451,455,1600,455,1
2017/01/10,455,455,452,452,1400,452,1
2017/01/11,452,465,452,456,600,456,1
2017/01/12,452,453,449,449,3200,449,1
2017/01/13,449,458,449,458,800,458,1
2017/01/16,452,459,452,459,1900,459,1
2017/01/17,458,460,452,453,3000,453,1
2017/01/18,460,477,455,474,7400,474,1
2017/01/19,475,485,471,485,10100,485,1
2017/01/20,486,486,469,484,5500,484,1
2017/01/23,483,483,467,472,6200,472,1
2017/01/24,470,471,469,469,1800,469,1
2017/01/25,469,470,469,470,800,470,1
2017/01/26,470,472,470,471,800,471,1
2017/01/27,472,474,472,474,900,474,1
2017/01/30,481,481,474,474,1000,474,1
2017/01/31,474,474,474,474,600,474,1
2017/02/01,470,471,470,470,2100,470,1
2017/02/02,470,470,470,470,300,470,1
2017/02/03,469,469,468,468,200,468,1
2017/02/06,468,468,465,466,500,466,1
2017/02/07,467,467,465,465,800,465,1
2017/02/08,465,465,461,462,600,462,1
2017/02/09,461,470,461,468,1900,468,1
2017/02/10,470,470,468,469,1000,469,1
2017/02/13,466,466,460,465,4300,465,1
2017/02/14,460,461,459,461,3900,461,1
2017/02/15,465,469,465,469,1600,469,1
2017/02/16,471,471,466,466,300,466,1
2017/02/17,469,474,466,466,2200,466,1
2017/02/20,472,472,470,470,800,470,1
2017/02/21,471,471,471,471,100,471,1
2017/02/22,471,479,470,479,3400,479,1
2017/02/23,480,480,473,480,2000,480,1
2017/02/24,481,481,474,474,3700,474,1
2017/02/27,475,487,475,485,2900,485,1
2017/02/28,483,483,480,480,300,480,1
2017/03/01,484,484,482,482,700,482,1
2017/03/02,482,482,482,482,300,482,1
2017/03/03,474,482,474,482,1700,482,1
2017/03/06,482,482,474,474,1900,474,1
2017/03/07,482,482,482,482,200,482,1
2017/03/08,481,482,481,482,200,482,1
2017/03/09,474,482,474,474,2300,474,1
2017/03/10,483,554,482,554,117500,554,1
2017/03/13,654,654,654,654,24300,654,1
2017/03/14,650,750,612,616,632800,616,1
2017/03/15,602,622,580,601,77200,601,1
2017/03/16,586,595,560,567,35700,567,1
2017/03/17,576,592,551,551,45700,551,1
2017/03/21,556,575,545,557,16600,557,1
2017/03/22,537,547,532,540,21700,540,1
2017/03/23,560,560,540,542,12500,542,1
2017/03/24,542,550,528,537,8600,537,1
2017/03/27,529,530,521,528,12700,528,1
2017/03/28,528,555,528,546,8800,546,1
2017/03/29,553,565,540,542,9500,542,1
2017/03/30,542,544,520,544,5000,544,1
2017/03/31,548,555,535,535,5600,535,1
2017/04/03,531,533,495,503,11000,503,1
2017/04/04,505,513,489,489,5800,489,1
2017/04/05,500,500,488,488,3400,488,1
2017/04/06,495,495,463,471,7700,471,1
2017/04/07,477,484,468,484,6700,484,1
2017/04/10,499,499,485,485,6100,485,1
2017/04/11,493,493,489,490,1200,490,1
2017/04/12,490,490,460,482,8700,482,1
2017/04/13,466,469,459,469,2300,469,1
2017/04/14,462,477,462,477,2900,477,1
2017/04/17,474,474,470,470,200,470,1
2017/04/18,481,481,471,476,1400,476,1
2017/04/19,480,483,465,483,2400,483,1
2017/04/20,483,483,483,483,300,483,1
2017/04/21,476,482,476,482,600,482,1
2017/04/24,482,482,470,472,2800,472,1
2017/04/25,474,478,474,475,700,475,1
2017/04/26,482,485,478,478,1900,478,1
2017/04/27,480,486,479,486,1700,486,1
2017/04/28,486,499,486,499,3700,499,1
2017/05/01,503,505,499,505,3700,505,1
2017/05/02,510,595,510,519,37700,519,1
2017/05/08,529,529,522,528,13100,528,1
2017/05/09,536,536,529,531,3100,531,1
2017/05/10,535,536,534,534,700,534,1
2017/05/11,538,555,538,555,4300,555,1
2017/05/12,555,559,542,545,4500,545,1
2017/05/15,528,532,520,522,10500,522,1
2017/05/16,525,532,525,532,2900,532,1
2017/05/17,542,545,532,545,2300,545,1
2017/05/18,534,539,530,532,4000,532,1
2017/05/19,542,542,532,533,1000,533,1
2017/05/22,535,539,535,539,1200,539,1
2017/05/23,533,536,531,531,3000,531,1
2017/05/24,533,549,533,534,2700,534,1
2017/05/25,530,532,530,530,5900,530,1
2017/05/26,540,546,536,539,3500,539,1
2017/05/29,542,544,538,538,1100,538,1
2017/05/30,541,549,541,547,1700,547,1
2017/05/31,547,547,544,544,2200,544,1
2017/06/01,542,548,542,548,700,548,1
2017/06/02,550,550,545,549,2500,549,1
2017/06/05,552,552,546,546,3300,546,1
2017/06/06,545,549,541,541,2800,541,1
2017/06/07,542,550,529,549,5900,549,1
2017/06/08,550,617,550,576,28100,576,1
2017/06/09,574,586,568,568,5800,568,1
2017/06/12,563,573,562,567,4900,567,1
2017/06/13,560,560,546,550,3700,550,1
2017/06/14,550,560,550,560,2300,560,1
2017/06/15,559,559,550,552,1400,552,1
2017/06/16,555,555,550,550,2400,550,1
2017/06/19,558,560,553,559,2500,559,1
2017/06/20,561,564,561,562,2400,562,1
2017/06/21,562,570,562,563,1800,563,1
2017/06/22,568,568,558,558,5600,558,1
2017/06/23,558,597,558,583,9100,583,1
2017/06/26,590,593,585,585,3500,585,1
2017/06/27,586,595,586,586,4000,586,1
2017/06/28,592,592,583,584,5600,584,1
2017/06/29,587,587,571,571,1600,571,1
2017/06/30,561,588,554,561,3700,561,1
2017/07/03,564,580,559,580,2400,580,1
2017/07/04,580,580,570,570,700,570,1
2017/07/05,568,570,568,570,800,570,1
2017/07/06,571,573,565,570,1600,570,1
2017/07/07,562,570,562,563,1200,563,1
2017/07/10,571,571,567,567,600,567,1
2017/07/11,568,568,566,566,900,566,1
2017/07/12,565,565,565,565,400,565,1
2017/07/13,562,562,561,561,400,561,1
2017/07/18,560,568,559,562,1600,562,1
2017/07/19,566,573,566,573,1300,573,1
2017/07/20,575,583,575,576,4400,576,1
2017/07/21,580,583,576,583,1600,583,1
2017/07/24,584,587,583,586,1800,586,1
2017/07/25,586,592,586,591,7600,591,1
2017/07/26,591,591,591,591,1500,591,1
2017/07/27,592,595,592,595,1300,595,1
2017/07/28,594,594,590,594,4200,594,1
2017/07/31,594,594,564,571,5200,571,1
2017/08/01,571,571,548,548,4100,548,1
2017/08/02,543,543,533,536,4000,536,1
2017/08/03,546,556,540,540,1900,540,1
2017/08/04,547,551,542,551,1000,551,1
2017/08/07,554,560,538,558,4500,558,1
2017/08/08,562,565,561,562,800,562,1
2017/08/09,564,567,550,557,2100,557,1
2017/08/10,557,560,553,560,1600,560,1
2017/08/14,555,555,540,540,4700,540,1
2017/08/15,540,540,525,525,4600,525,1
2017/08/16,527,545,527,537,1600,537,1
2017/08/17,534,537,532,534,2200,534,1
2017/08/18,536,536,536,536,800,536,1
2017/08/21,543,543,527,531,4900,531,1
2017/08/22,525,527,496,512,18400,512,1
2017/08/23,516,517,508,508,6200,508,1
2017/08/24,506,510,505,507,1800,507,1
2017/08/25,509,516,508,508,3500,508,1
2017/08/28,528,528,510,513,6100,513,1
2017/08/29,513,515,513,515,500,515,1
2017/08/30,515,523,515,515,1800,515,1
2017/08/31,515,515,507,515,2400,515,1
2017/09/01,511,522,511,517,2200,517,1
2017/09/04,520,520,509,509,5900,509,1
2017/09/05,509,509,508,509,3000,509,1
2017/09/06,505,508,494,498,9600,498,1
2017/09/07,500,502,496,496,2400,496,1
2017/09/08,495,500,494,495,3400,495,1
2017/09/11,495,503,495,501,1900,501,1
2017/09/12,503,520,503,519,3000,519,1
2017/09/13,525,528,520,525,3200,525,1
2017/09/14,515,522,515,520,4000,520,1
2017/09/15,522,527,515,517,7600,517,1
2017/09/19,527,528,525,527,2600,527,1
2017/09/20,528,540,528,539,3400,539,1
2017/09/21,540,547,539,540,5500,540,1
2017/09/22,541,541,532,532,600,532,1
2017/09/25,533,534,533,533,800,533,1
2017/09/26,535,537,535,537,900,537,1
2017/09/27,542,542,537,537,1800,537,1
2017/09/28,540,555,538,554,5300,554,1
2017/09/29,562,571,561,563,6100,563,1
2017/10/02,563,565,539,550,4700,550,1
2017/10/03,560,561,551,555,2600,555,1
2017/10/04,551,551,545,545,3800,545,1
2017/10/05,547,554,547,553,900,553,1
2017/10/06,555,555,549,549,1000,549,1
2017/10/10,548,548,548,548,100,548,1
2017/10/11,548,553,538,553,3600,553,1
2017/10/12,545,549,543,543,2200,543,1
2017/10/13,552,564,552,563,7700,563,1
2017/10/16,564,580,564,580,20700,580,1
2017/10/17,585,600,575,590,31000,590,1
2017/10/18,589,589,553,565,15400,565,1
2017/10/19,567,577,565,575,3800,575,1
2017/10/20,575,575,550,562,10000,562,1
2017/10/23,563,580,563,574,2400,574,1
2017/10/24,573,576,563,566,1700,566,1
2017/10/25,568,580,568,570,8000,570,1
2017/10/26,575,575,570,575,2700,575,1
2017/10/27,574,578,573,578,3200,578,1
2017/10/30,578,584,570,575,5300,575,1
2017/10/31,580,585,577,580,4100,580,1
2017/11/01,579,585,577,585,2100,585,1
2017/11/02,585,640,585,631,69600,631,1
2017/11/06,639,666,631,633,61500,633,1
2017/11/07,633,633,601,607,21900,607,1
2017/11/08,605,632,604,627,18800,627,1
2017/11/09,627,627,613,613,10400,613,1
2017/11/10,614,623,604,623,8000,623,1
2017/11/13,626,626,571,581,28400,581,1
2017/11/14,585,593,568,574,23400,574,1
2017/11/15,573,574,561,561,6500,561,1
2017/11/16,555,579,548,573,10600,573,1
2017/11/17,573,575,560,560,7800,560,1
2017/11/20,570,571,550,550,6600,550,1
2017/11/21,553,558,551,558,7200,558,1
2017/11/22,560,572,560,565,3200,565,1
2017/11/24,566,567,562,563,6500,563,1
2017/11/27,564,586,564,586,7200,586,1
2017/11/28,596,608,596,601,11300,601,1
2017/11/29,609,610,588,600,4300,600,1
2017/11/30,590,598,575,598,4000,598,1
2017/12/01,595,605,587,600,4700,600,1
2017/12/04,595,610,595,600,9400,600,1
2017/12/05,603,607,594,607,9200,607,1
2017/12/06,605,608,598,605,8800,605,1
2017/12/07,601,607,595,604,5500,604,1
2017/12/08,607,607,598,607,6800,607,1
2017/12/11,608,615,606,609,6800,609,1
2017/12/12,610,615,610,611,4000,611,1
2017/12/13,609,615,607,614,2600,614,1
2017/12/14,614,614,614,614,100,614,1
2017/12/15,615,615,590,614,6600,614,1
2017/12/18,614,636,614,630,17400,630,1
2017/12/19,628,638,628,631,3500,631,1
2017/12/20,641,641,633,633,7200,633,1
2017/12/21,633,640,633,639,2500,639,1
2017/12/22,639,639,635,635,7200,635,1
2017/12/25,635,639,632,632,2500,632,1
2017/12/26,633,634,632,632,900,632,1
2017/12/27,635,637,629,629,5500,629,1
2017/12/28,629,636,617,631,5300,631,1
2017/12/29,630,637,630,635,2800,635,1
2018/01/04,636,654,631,653,16400,653,1
2018/01/05,653,665,640,657,20500,657,1
2018/01/09,660,673,659,670,13700,670,1
2018/01/10,670,684,666,675,21800,675,1
2018/01/11,700,745,693,703,27900,703,1
2018/01/12,704,738,704,723,13000,723,1
2018/01/15,723,742,723,740,7400,740,1
2018/01/16,734,742,730,742,15300,742,1
2018/01/17,743,745,735,735,5000,735,1
2018/01/18,735,742,724,735,6100,735,1
2018/01/19,721,726,691,705,12200,705,1
2018/01/22,705,727,702,715,2400,715,1
2018/01/23,720,724,720,724,2000,724,1
2018/01/24,718,723,717,717,400,717,1
2018/01/25,718,730,718,730,1000,730,1
2018/01/26,730,734,730,730,1900,730,1
2018/01/29,726,726,716,723,3900,723,1
2018/01/30,715,719,712,713,2900,713,1
2018/01/31,711,718,709,718,1400,718,1
2018/02/01,715,715,715,715,200,715,1
2018/02/02,713,730,713,725,2700,725,1
2018/02/05,714,720,707,712,5000,712,1
2018/02/06,681,714,600,687,13100,687,1
2018/02/07,730,730,689,699,5700,699,1
2018/02/08,696,720,695,712,2200,712,1
2018/02/09,700,708,676,703,5100,703,1
2018/02/13,668,674,643,655,23500,655,1
2018/02/14,644,644,636,638,2400,638,1
2018/02/15,638,644,632,632,2200,632,1
2018/02/16,633,652,633,645,1800,645,1
2018/02/19,647,675,647,667,3800,667,1
2018/02/20,688,705,674,701,11400,701,1
2018/02/21,703,724,699,717,4400,717,1
2018/02/22,718,718,695,718,3400,718,1
2018/02/23,718,735,718,718,2900,718,1
2018/02/26,717,731,717,718,10200,718,1
2018/02/28,708,709,708,709,600,709,1
2018/03/01,707,722,705,721,7700,721,1
2018/03/02,729,729,717,724,1500,724,1
2018/03/05,709,709,696,696,2100,696,1
2018/03/06,695,712,695,699,1600,699,1
2018/03/07,689,692,685,685,1700,685,1
2018/03/08,681,686,665,684,3300,684,1
2018/03/09,674,678,673,674,900,674,1
2018/03/12,664,674,664,670,3900,670,1
2018/03/13,672,683,672,683,500,683,1
2018/03/14,673,690,667,668,3400,668,1
2018/03/15,666,690,666,679,1700,679,1
2018/03/16,690,695,690,695,600,695,1
2018/03/19,694,694,675,675,7900,675,1
2018/03/20,675,675,671,671,500,671,1
2018/03/23,671,684,660,665,7400,665,1
2018/03/26,655,655,647,655,700,655,1
2018/03/27,655,674,655,674,1100,674,1
2018/03/28,670,681,670,681,500,681,1
2018/03/29,671,671,667,669,1500,669,1
2018/03/30,678,679,676,679,2200,679,1
2018/04/02,670,680,670,680,600,680,1
2018/04/03,680,680,676,679,800,679,1
2018/04/04,679,680,669,680,1500,680,1
2018/04/05,689,689,685,685,700,685,1
2018/04/06,685,685,670,684,3900,684,1
2018/04/09,680,680,679,680,1400,680,1
2018/04/10,690,690,684,685,900,685,1
2018/04/11,698,699,685,699,3100,699,1
2018/04/12,700,701,700,701,3000,701,1
2018/04/13,700,703,700,703,1100,703,1
2018/04/16,710,713,710,710,900,710,1
2018/04/17,713,713,691,691,1000,691,1
2018/04/18,700,704,700,704,400,704,1
2018/04/19,704,707,704,707,300,707,1
2018/04/20,709,709,686,708,900,708,1
2018/04/23,708,708,706,708,1200,708,1
2018/04/24,705,708,705,708,500,708,1
2018/04/25,708,710,708,710,1200,710,1
2018/04/26,710,710,710,710,1100,710,1
2018/04/27,709,709,699,699,500,699,1
2018/05/02,689,697,689,697,600,697,1
2018/05/07,697,700,692,698,700,698,1
2018/05/08,696,697,690,697,700,697,1
2018/05/09,682,690,682,690,800,690,1
2018/05/10,689,697,689,697,1300,697,1
2018/05/11,696,696,696,696,200,696,1
2018/05/14,700,709,700,707,1900,707,1
2018/05/15,710,710,690,700,2100,700,1
2018/05/16,690,690,690,690,100,690,1
2018/05/17,690,690,689,689,200,689,1
2018/05/18,683,686,653,669,2200,669,1
2018/05/21,669,675,669,675,700,675,1
2018/05/22,678,699,678,698,1200,698,1
2018/05/23,698,698,681,688,600,688,1
2018/05/24,686,686,685,685,300,685,1
2018/05/25,685,686,685,686,900,686,1
2018/05/28,686,688,686,688,900,688,1
2018/05/29,688,688,678,678,2500,678,1
2018/05/30,675,675,660,660,2100,660,1
2018/05/31,660,660,660,660,400,660,1
2018/06/01,660,660,652,652,500,652,1
2018/06/04,652,652,651,651,600,651,1
2018/06/05,659,659,659,659,300,659,1
2018/06/06,650,659,650,659,200,659,1
2018/06/07,659,659,649,649,600,649,1
2018/06/08,649,650,647,650,1100,650,1
2018/06/11,653,680,652,680,3800,680,1
2018/06/12,698,698,685,691,3400,691,1
2018/06/13,699,730,699,720,12300,720,1
2018/06/14,727,870,727,728,80500,728,1
2018/06/15,740,752,728,752,11300,752,1
2018/06/18,754,777,750,762,4100,762,1
2018/06/19,749,749,695,698,6500,698,1
2018/06/20,725,739,710,716,2700,716,1
2018/06/21,717,719,716,719,500,719,1
2018/06/22,720,722,718,718,1300,718,1
2018/06/25,718,720,717,717,1300,717,1
2018/06/26,706,706,688,688,3900,688,1
2018/06/27,703,703,688,688,1300,688,1
2018/06/28,668,669,651,657,2100,657,1
2018/06/29,697,757,666,688,60700,688,1
2018/07/02,768,768,696,696,20600,696,1
2018/07/03,693,714,693,701,1300,701,1
2018/07/04,710,710,677,677,1100,677,1
2018/07/05,675,675,675,675,300,675,1
2018/07/06,675,676,675,676,400,676,1
2018/07/12,666,666,666,666,400,666,1
2018/07/13,674,674,674,674,100,674,1
2018/07/17,670,670,670,670,300,670,1
2018/07/18,666,668,660,661,1500,661,1
2018/07/19,667,667,664,664,200,664,1
2018/07/20,664,668,664,668,1100,668,1
2018/07/23,669,669,668,668,500,668,1
2018/07/24,671,694,671,694,600,694,1
2018/07/25,694,700,694,700,1200,700,1
2018/07/30,702,707,700,702,1500,702,1
2018/08/01,710,710,710,710,200,710,1
2018/08/02,706,706,706,706,100,706,1
2018/08/03,702,702,702,702,100,702,1
2018/08/06,698,698,694,694,300,694,1
2018/08/07,690,690,684,684,2200,684,1
2018/08/10,713,713,690,709,600,709,1
2018/08/13,698,709,662,662,1200,662,1
2018/08/14,670,674,670,674,600,674,1
