2007/01/04,690,690,690,690,1000,690,1
2007/01/12,705,705,705,705,1000,705,1
2007/01/15,705,705,700,700,2000,700,1
2007/01/16,700,700,700,700,1000,700,1
2007/01/17,702,702,702,702,1000,702,1
2007/01/23,747,747,747,747,1000,747,1
2007/01/24,752,752,752,752,6000,752,1
2007/01/25,760,776,760,776,3000,776,1
2007/01/26,747,748,700,700,6000,700,1
2007/01/29,701,701,701,701,1000,701,1
2007/01/31,701,701,700,700,2000,700,1
2007/02/02,700,700,700,700,7000,700,1
2007/02/05,700,700,700,700,1000,700,1
2007/02/13,690,690,690,690,2000,690,1
2007/02/14,680,710,680,710,4000,710,1
2007/02/19,709,709,709,709,4000,709,1
2007/03/02,677,677,677,677,1000,677,1
2007/03/05,677,677,677,677,2000,677,1
2007/03/13,677,690,677,690,5000,690,1
2007/03/15,690,706,690,706,4000,706,1
2007/03/19,689,689,689,689,7000,689,1
2007/03/22,677,677,660,660,4000,660,1
2007/03/23,660,660,660,660,1000,660,1
2007/03/26,670,670,670,670,1000,670,1
2007/03/27,660,670,660,670,2000,670,1
2007/03/28,670,670,670,670,3000,670,1
2007/04/05,670,670,670,670,1000,670,1
2007/04/10,670,670,670,670,1000,670,1
2007/04/12,670,670,670,670,2000,670,1
2007/04/13,703,707,695,695,17000,695,1
2007/04/16,715,715,690,690,3000,690,1
2007/04/17,685,685,685,685,1000,685,1
2007/04/18,685,695,685,695,3000,695,1
2007/04/19,705,705,700,700,8000,700,1
2007/04/20,705,705,705,705,4000,705,1
2007/04/24,680,680,680,680,1000,680,1
2007/05/01,685,685,685,685,1000,685,1
2007/05/08,700,700,700,700,2000,700,1
2007/05/09,700,700,700,700,1000,700,1
2007/05/11,680,700,680,700,2000,700,1
2007/05/16,700,700,700,700,1000,700,1
2007/05/17,690,690,690,690,1000,690,1
2007/05/18,690,690,690,690,1000,690,1
2007/05/22,699,700,695,700,5000,700,1
2007/05/23,700,700,700,700,5000,700,1
2007/05/24,700,700,700,700,2000,700,1
2007/05/25,700,700,660,680,4000,680,1
2007/05/28,700,700,700,700,1000,700,1
2007/05/29,705,707,705,707,2000,707,1
2007/05/30,705,707,705,707,3000,707,1
2007/05/31,708,708,708,708,2000,708,1
2007/06/06,708,708,708,708,1000,708,1
2007/06/07,707,707,707,707,1000,707,1
2007/06/11,695,695,695,695,1000,695,1
2007/06/14,695,695,695,695,2000,695,1
2007/06/19,702,718,702,718,4000,718,1
2007/06/20,719,720,719,720,9000,720,1
2007/06/25,730,730,730,730,1000,730,1
2007/06/26,711,711,711,711,1000,711,1
2007/06/27,740,740,740,740,1000,740,1
2007/06/29,760,777,760,777,6000,777,1
2007/07/04,780,780,750,750,2000,750,1
2007/07/05,750,750,750,750,1000,750,1
2007/07/11,780,800,780,800,9000,800,1
2007/07/12,800,800,800,800,3000,800,1
2007/07/17,795,795,795,795,2000,795,1
2007/07/18,795,800,795,800,4000,800,1
2007/07/26,750,750,750,750,1000,750,1
2007/07/27,750,750,750,750,2000,750,1
2007/08/08,760,760,760,760,2000,760,1
2007/08/10,760,760,760,760,1000,760,1
2007/08/15,760,760,760,760,2000,760,1
2007/08/20,760,760,760,760,5000,760,1
2007/08/28,760,760,760,760,1000,760,1
2007/08/29,760,760,760,760,1000,760,1
2007/09/05,760,760,760,760,1000,760,1
2007/09/18,755,760,755,760,2000,760,1
2007/09/19,765,765,765,765,1000,765,1
2007/09/20,775,775,775,775,1000,775,1
2007/09/25,780,780,780,780,4000,780,1
2007/09/27,780,780,780,780,1000,780,1
2007/10/05,780,785,780,785,2000,785,1
2007/10/11,780,780,780,780,1000,780,1
2007/10/17,760,760,760,760,1000,760,1
2007/10/18,761,761,760,760,2000,760,1
2007/10/19,761,770,760,770,3000,770,1
2007/10/22,775,775,775,775,4000,775,1
2007/10/23,775,775,775,775,1000,775,1
2007/10/30,775,775,775,775,1000,775,1
2007/11/08,760,760,760,760,1000,760,1
2007/11/16,719,719,719,719,3000,719,1
2007/11/20,735,735,735,735,3000,735,1
2007/11/22,740,740,740,740,1000,740,1
2007/11/26,680,680,680,680,1000,680,1
2007/12/06,678,678,678,678,1000,678,1
2007/12/07,688,688,688,688,1000,688,1
2007/12/11,720,720,720,720,3000,720,1
2007/12/12,720,720,720,720,2000,720,1
2007/12/17,700,720,700,720,2000,720,1
2007/12/18,741,741,741,741,4000,741,1
2007/12/27,735,735,735,735,1000,735,1
2008/01/04,757,757,757,757,1000,757,1
2008/01/10,752,752,752,752,2000,752,1
2008/01/18,741,741,741,741,4000,741,1
2008/01/25,709,709,709,709,1000,709,1
2008/01/28,708,708,708,708,1000,708,1
2008/02/13,700,700,680,680,2000,680,1
2008/02/18,700,700,700,700,1000,700,1
2008/02/19,720,720,720,720,4000,720,1
2008/02/28,740,740,740,740,1000,740,1
2008/03/18,731,731,731,731,10000,731,1
2008/03/28,750,750,750,750,3000,750,1
2008/04/03,750,750,750,750,1000,750,1
2008/04/04,750,750,750,750,1000,750,1
2008/04/11,740,740,740,740,1000,740,1
2008/04/17,740,740,740,740,1000,740,1
2008/04/18,750,750,750,750,4000,750,1
2008/04/23,730,730,730,730,1000,730,1
2008/04/25,730,730,730,730,1000,730,1
2008/04/28,750,750,750,750,1000,750,1
2008/05/15,750,750,750,750,1000,750,1
2008/05/19,772,772,772,772,4000,772,1
2008/05/21,769,769,769,769,1000,769,1
2008/06/05,776,776,776,776,1000,776,1
2008/06/09,750,750,750,750,1000,750,1
2008/06/16,750,750,750,750,1000,750,1
2008/06/17,755,755,755,755,1000,755,1
2008/06/18,755,755,755,755,3000,755,1
2008/06/27,754,754,754,754,1000,754,1
2008/07/03,753,753,753,753,1000,753,1
2008/07/04,775,775,775,775,4000,775,1
2008/07/10,750,750,750,750,2000,750,1
2008/07/11,777,777,777,777,2000,777,1
2008/07/17,759,759,759,759,1000,759,1
2008/07/18,776,776,776,776,4000,776,1
2008/07/23,744,744,744,744,1000,744,1
2008/07/30,744,744,744,744,1000,744,1
2008/08/15,744,744,744,744,2000,744,1
2008/08/18,754,754,754,754,5000,754,1
2008/08/28,760,760,760,760,1000,760,1
2008/09/03,750,750,750,750,1000,750,1
2008/09/05,747,747,747,747,1000,747,1
2008/09/09,705,705,697,697,2000,697,1
2008/09/18,717,717,717,717,3000,717,1
2008/09/19,738,738,738,738,6000,738,1
2008/09/26,748,748,748,748,3000,748,1
2008/10/03,748,748,748,748,1000,748,1
2008/10/14,700,700,700,700,2000,700,1
2008/10/20,721,721,721,721,2000,721,1
2008/10/21,742,742,742,742,2000,742,1
2008/10/22,630,630,630,630,2000,630,1
2008/10/28,629,629,629,629,1000,629,1
2008/11/05,639,639,602,612,3000,612,1
2008/11/19,648,660,648,660,3000,660,1
2008/11/20,648,648,648,648,3000,648,1
2008/11/27,658,658,658,658,1000,658,1
2008/12/05,675,675,675,675,4000,675,1
2008/12/15,655,655,655,655,1000,655,1
2008/12/18,674,674,674,674,5000,674,1
2008/12/26,670,670,670,670,1000,670,1
2009/01/16,670,670,670,670,3000,670,1
2009/01/19,690,690,690,690,4000,690,1
2009/01/28,670,670,670,670,1000,670,1
2009/02/03,650,650,650,650,2000,650,1
2009/02/05,649,649,649,649,1000,649,1
2009/02/17,660,660,660,660,1000,660,1
2009/02/18,679,679,679,679,5000,679,1
2009/02/19,639,639,639,639,1000,639,1
2009/02/26,638,638,638,638,1000,638,1
2009/03/05,637,637,600,600,2000,600,1
2009/03/13,590,601,590,600,4000,600,1
2009/03/17,599,599,599,599,1000,599,1
2009/03/18,599,599,599,599,5000,599,1
2009/03/26,580,580,580,580,1000,580,1
2009/03/27,600,600,597,597,2000,597,1
2009/04/03,596,596,596,596,1000,596,1
2009/04/08,518,518,518,518,4000,518,1
2009/04/15,522,522,522,522,1000,522,1
2009/04/16,528,528,528,528,1000,528,1
2009/04/20,545,545,545,545,6000,545,1
2009/04/28,561,561,561,561,1000,561,1
2009/05/08,611,611,611,611,1000,611,1
2009/05/18,629,629,629,629,4000,629,1
2009/05/28,600,600,600,600,1000,600,1
2009/06/05,600,600,600,600,1000,600,1
2009/06/15,601,601,600,600,3000,600,1
2009/06/16,600,600,600,600,1000,600,1
2009/06/18,618,618,618,618,4000,618,1
2009/07/02,618,618,618,618,1000,618,1
2009/07/03,636,636,636,636,4000,636,1
2009/07/09,620,620,620,620,1000,620,1
2009/07/21,638,638,638,638,4000,638,1
2009/07/22,645,645,645,645,1000,645,1
2009/07/24,605,605,605,605,1000,605,1
2009/07/29,605,605,605,605,1000,605,1
2009/08/05,610,610,600,600,2000,600,1
2009/08/14,600,600,600,600,1000,600,1
2009/08/17,600,600,600,600,2000,600,1
2009/08/18,600,600,600,600,5000,600,1
2009/09/03,580,580,580,580,1000,580,1
2009/09/04,597,597,597,597,1000,597,1
2009/09/16,580,580,580,580,1000,580,1
2009/09/18,597,597,597,597,4000,597,1
2009/09/29,596,596,596,596,1000,596,1
2009/10/05,597,597,597,597,1000,597,1
2009/10/15,581,581,575,575,3000,575,1
2009/10/19,585,585,575,575,6000,575,1
2009/11/05,555,555,555,555,1000,555,1
2009/11/10,555,555,551,551,3000,551,1
2009/11/18,560,560,560,560,4000,560,1
2009/11/27,576,576,576,576,1000,576,1
2009/12/04,593,593,593,593,4000,593,1
2009/12/15,595,595,595,595,1000,595,1
2009/12/17,595,595,595,595,1000,595,1
2009/12/18,612,612,612,612,2000,612,1
2009/12/21,630,630,630,630,2000,630,1
2010/01/05,640,640,640,640,1000,640,1
2010/01/13,620,620,620,620,2000,620,1
2010/01/14,620,620,620,620,1000,620,1
2010/01/18,638,638,638,638,4000,638,1
2010/01/20,601,601,600,600,2000,600,1
2010/01/28,618,618,618,618,1000,618,1
2010/02/05,620,620,620,620,1000,620,1
2010/02/12,590,590,590,590,1000,590,1
2010/02/16,608,610,608,610,2000,610,1
2010/02/18,620,620,620,620,5000,620,1
2010/02/25,620,620,620,620,1000,620,1
2010/03/01,590,590,580,580,900,580,1
2010/03/05,597,597,597,597,900,597,1
2010/03/08,614,614,614,614,100,614,1
2010/03/12,600,600,600,600,1000,600,1
2010/03/16,610,620,610,612,2100,612,1
2010/03/17,615,615,608,608,1300,608,1
2010/03/18,610,610,610,610,4100,610,1
2010/03/19,595,595,595,595,500,595,1
2010/03/26,600,600,582,582,1800,582,1
2010/03/30,610,610,610,610,200,610,1
2010/04/02,599,599,570,580,1500,580,1
2010/04/05,570,570,570,570,1000,570,1
2010/04/06,570,570,570,570,1500,570,1
2010/04/07,570,570,570,570,100,570,1
2010/04/12,570,570,570,570,300,570,1
2010/04/15,570,595,570,595,1200,595,1
2010/04/16,595,595,590,590,200,590,1
2010/04/19,590,590,590,590,4300,590,1
2010/04/21,590,590,580,580,400,580,1
2010/04/22,570,570,570,570,200,570,1
2010/04/27,570,570,570,570,300,570,1
2010/04/28,587,587,587,587,800,587,1
2010/04/30,600,600,580,580,1100,580,1
2010/05/06,560,560,560,560,1700,560,1
2010/05/11,570,570,570,570,200,570,1
2010/05/17,580,591,580,591,200,591,1
2010/05/18,608,608,608,608,4200,608,1
2010/05/28,580,580,580,580,1500,580,1
2010/06/01,580,580,580,580,300,580,1
2010/06/04,597,597,597,597,900,597,1
2010/06/07,580,580,580,580,500,580,1
2010/06/08,580,580,580,580,500,580,1
2010/06/09,585,585,585,585,200,585,1
2010/06/10,586,586,586,586,100,586,1
2010/06/11,585,590,585,588,1100,588,1
2010/06/15,590,590,590,590,1000,590,1
2010/06/16,590,600,590,600,1100,600,1
2010/06/17,600,609,600,609,1000,609,1
2010/06/18,604,604,604,604,4100,604,1
2010/06/28,607,607,588,588,1200,588,1
2010/06/30,598,600,598,600,300,600,1
2010/07/01,599,599,585,590,300,590,1
2010/07/02,607,607,587,587,2800,587,1
2010/07/05,600,600,580,580,1100,580,1
2010/07/12,589,589,589,589,100,589,1
2010/07/13,590,590,590,590,200,590,1
2010/07/14,588,590,588,590,400,590,1
2010/07/16,599,600,595,600,1900,600,1
2010/07/20,618,618,618,618,4100,618,1
2010/07/22,585,585,570,570,300,570,1
2010/07/28,587,587,587,587,300,587,1
2010/07/29,600,600,600,600,500,600,1
2010/08/05,600,600,588,588,1100,588,1
2010/08/10,588,588,588,588,200,588,1
2010/08/11,585,586,585,586,400,586,1
2010/08/17,593,593,573,590,3400,590,1
2010/08/18,590,590,590,590,4200,590,1
2010/08/27,590,590,590,590,900,590,1
2010/08/30,575,575,575,575,200,575,1
2010/09/03,592,592,592,592,200,592,1
2010/09/06,600,600,600,600,600,600,1
2010/09/16,596,596,595,595,500,595,1
2010/09/17,598,598,598,598,200,598,1
2010/09/21,615,615,615,615,4000,615,1
2010/09/28,600,600,600,600,1000,600,1
2010/10/04,596,596,596,596,100,596,1
2010/10/05,600,600,600,600,900,600,1
2010/10/14,600,600,600,600,500,600,1
2010/10/15,590,590,590,590,2000,590,1
2010/10/18,600,600,600,600,4200,600,1
2010/10/22,580,580,580,580,1000,580,1
2010/10/28,597,597,597,597,700,597,1
2010/10/29,600,600,600,600,100,600,1
2010/11/05,600,600,600,600,800,600,1
2010/11/15,571,571,571,571,2000,571,1
2010/11/18,571,571,571,571,4500,571,1
2010/11/25,570,570,570,570,2200,570,1
2010/11/26,580,580,580,580,800,580,1
2010/12/02,595,595,595,595,100,595,1
2010/12/03,600,600,600,600,3300,600,1
2010/12/06,585,585,585,585,200,585,1
2010/12/08,585,585,565,565,2800,565,1
2010/12/10,585,585,585,585,100,585,1
2010/12/13,565,575,565,575,1100,575,1
2010/12/14,580,580,580,580,100,580,1
2010/12/16,595,595,595,595,100,595,1
2010/12/17,595,595,595,595,300,595,1
2010/12/20,599,599,599,599,4100,599,1
2010/12/28,600,600,600,600,800,600,1
2011/01/05,600,600,600,600,800,600,1
2011/01/17,582,582,582,582,1300,582,1
2011/01/18,600,600,600,600,4100,600,1
2011/01/28,600,600,600,600,800,600,1
2011/02/04,600,600,600,600,800,600,1
2011/02/15,600,600,600,600,200,600,1
2011/02/17,600,600,600,600,600,600,1
2011/02/18,610,610,600,600,4300,600,1
2011/02/25,600,600,600,600,800,600,1
2011/03/04,600,600,600,600,900,600,1
2011/03/10,590,590,590,590,1000,590,1
2011/03/14,580,590,580,590,1100,590,1
2011/03/17,592,595,592,595,1500,595,1
2011/03/18,610,610,610,610,10100,610,1
2011/03/22,590,591,590,591,1100,591,1
2011/03/23,585,585,585,585,100,585,1
2011/03/28,602,602,602,602,1000,602,1
2011/03/29,610,610,610,610,2400,610,1
2011/04/04,600,600,600,600,800,600,1
2011/04/05,599,599,599,599,1900,599,1
2011/04/07,580,590,580,590,3200,590,1
2011/04/12,600,600,585,585,3100,585,1
2011/04/13,595,595,580,580,2100,580,1
2011/04/14,586,586,586,586,100,586,1
2011/04/15,585,595,585,595,1500,595,1
2011/04/18,585,585,585,585,4200,585,1
2011/04/25,585,585,585,585,400,585,1
2011/04/26,585,585,585,585,800,585,1
2011/04/27,595,595,582,582,1000,582,1
2011/05/02,599,599,599,599,1700,599,1
2011/05/11,586,586,586,586,2000,586,1
2011/05/12,586,586,586,586,1300,586,1
2011/05/16,590,590,590,590,1000,590,1
2011/05/17,597,597,597,597,400,597,1
2011/05/18,585,585,585,585,5700,585,1
2011/05/27,595,595,595,595,800,595,1
2011/06/03,595,595,580,580,3700,580,1
2011/06/14,575,575,575,575,2000,575,1
2011/06/15,580,580,555,573,5500,573,1
2011/06/17,580,589,580,589,300,589,1
2011/06/20,569,570,569,570,4400,570,1
2011/06/21,568,568,566,566,400,566,1
2011/06/28,575,575,575,575,1000,575,1
2011/06/29,565,565,550,560,2000,560,1
2011/07/04,566,570,566,570,200,570,1
2011/07/05,560,561,560,561,2800,561,1
2011/07/08,577,577,577,577,2200,577,1
2011/07/12,576,576,575,575,400,575,1
2011/07/14,585,585,585,585,200,585,1
2011/07/15,586,586,580,580,2600,580,1
2011/07/19,567,567,557,557,5900,557,1
2011/07/28,567,567,562,562,1300,562,1
2011/08/05,559,559,559,559,1800,559,1
2011/08/10,552,552,548,548,600,548,1
2011/08/15,510,520,510,520,4400,520,1
2011/08/16,525,525,525,525,200,525,1
2011/08/17,534,534,534,534,100,534,1
2011/08/18,538,538,538,538,4500,538,1
2011/08/26,520,520,520,520,1200,520,1
2011/09/05,531,531,524,524,2800,524,1
2011/09/06,524,524,524,524,3000,524,1
2011/09/07,524,524,524,524,100,524,1
2011/09/12,525,525,525,525,1500,525,1
2011/09/13,525,525,525,525,200,525,1
2011/09/15,519,519,519,519,100,519,1
2011/09/16,519,519,519,519,500,519,1
2011/09/20,529,529,529,529,4700,529,1
2011/09/28,523,523,523,523,1000,523,1
2011/10/05,532,532,532,532,1800,532,1
2011/10/11,532,532,532,532,200,532,1
2011/10/14,540,540,540,540,100,540,1
2011/10/18,540,540,540,540,4500,540,1
2011/10/19,532,532,513,513,1200,513,1
2011/10/28,528,528,528,528,700,528,1
2011/10/31,543,543,543,543,200,543,1
2011/11/04,543,543,543,543,1700,543,1
2011/11/09,540,540,530,530,1300,530,1
2011/11/17,550,560,550,560,400,560,1
2011/11/18,576,576,576,576,4300,576,1
2011/11/28,568,568,568,568,1000,568,1
2011/11/30,568,568,568,568,700,568,1
2011/12/01,568,568,568,568,1100,568,1
2011/12/02,585,585,585,585,2200,585,1
2011/12/05,602,602,602,602,1600,602,1
2011/12/15,602,602,590,600,5100,600,1
2011/12/19,580,580,580,580,4100,580,1
2011/12/28,597,597,597,597,900,597,1
2012/01/05,600,600,600,600,1600,600,1
2012/01/06,600,600,600,600,200,600,1
2012/01/16,580,580,580,580,2000,580,1
2012/01/18,592,592,592,592,4100,592,1
2012/01/25,582,582,582,582,200,582,1
2012/01/27,599,599,599,599,800,599,1
2012/01/31,580,580,580,580,300,580,1
2012/02/01,580,580,580,580,100,580,1
2012/02/02,580,580,580,580,400,580,1
2012/02/03,585,585,585,585,1600,585,1
2012/02/07,584,584,584,584,100,584,1
2012/02/09,580,580,580,580,600,580,1
2012/02/17,580,590,580,590,3200,590,1
2012/02/20,600,600,600,600,4100,600,1
2012/02/24,590,590,590,590,900,590,1
2012/02/28,581,581,581,581,1200,581,1
2012/03/02,590,590,590,590,100,590,1
2012/03/05,599,599,599,599,1600,599,1
2012/03/07,590,590,590,590,1000,590,1
2012/03/09,590,590,590,590,800,590,1
2012/03/14,590,590,580,580,1900,580,1
2012/03/16,589,589,589,589,200,589,1
2012/03/19,585,588,585,588,4100,588,1
2012/03/28,590,600,585,585,7000,585,1
2012/03/29,595,596,570,590,3200,590,1
2012/03/30,580,580,575,575,200,575,1
2012/04/02,580,582,580,582,200,582,1
2012/04/05,592,592,576,576,3200,576,1
2012/04/09,577,577,576,576,800,576,1
2012/04/10,579,579,578,578,900,578,1
2012/04/11,577,577,577,577,300,577,1
2012/04/12,577,577,577,577,500,577,1
2012/04/13,578,578,551,565,2600,565,1
2012/04/16,575,575,575,575,100,575,1
2012/04/17,575,575,572,572,1000,572,1
2012/04/18,574,574,574,574,6500,574,1
2012/04/24,576,576,566,566,500,566,1
2012/04/25,570,572,570,570,1400,570,1
2012/04/26,578,578,578,578,800,578,1
2012/04/27,571,571,571,571,100,571,1
2012/05/01,571,577,571,577,1200,577,1
2012/05/02,584,584,584,584,2200,584,1
2012/05/08,580,580,580,580,500,580,1
2012/05/11,576,576,576,576,100,576,1
2012/05/14,575,575,575,575,800,575,1
2012/05/15,575,580,575,580,700,580,1
2012/05/16,580,599,580,580,1200,580,1
2012/05/17,580,580,580,580,1500,580,1
2012/05/18,574,574,574,574,4200,574,1
2012/05/28,584,584,584,584,900,584,1
2012/05/31,580,580,580,580,1000,580,1
2012/06/01,571,580,571,580,300,580,1
2012/06/05,586,586,586,586,2200,586,1
2012/06/11,576,576,576,576,1000,576,1
2012/06/12,576,576,576,576,1000,576,1
2012/06/13,576,576,576,576,500,576,1
2012/06/14,580,580,580,580,500,580,1
2012/06/15,580,580,580,580,1000,580,1
2012/06/18,590,590,590,590,4100,590,1
2012/06/19,576,576,576,576,300,576,1
2012/06/22,575,575,575,575,200,575,1
2012/06/27,575,580,575,575,1600,575,1
2012/06/28,580,585,580,585,1000,585,1
2012/06/29,585,586,555,582,3500,582,1
2012/07/02,572,572,572,572,200,572,1
2012/07/04,573,573,573,573,100,573,1
2012/07/05,585,585,585,585,2100,585,1
2012/07/06,595,595,581,581,2500,581,1
2012/07/11,580,580,580,580,1200,580,1
2012/07/17,584,590,584,590,200,590,1
2012/07/18,600,600,600,600,4200,600,1
2012/07/24,595,595,595,595,100,595,1
2012/07/25,585,585,585,585,100,585,1
2012/07/27,600,600,600,600,700,600,1
2012/07/30,585,585,580,580,2000,580,1
2012/07/31,585,590,585,590,600,590,1
2012/08/01,580,580,580,580,100,580,1
2012/08/03,597,597,597,597,2100,597,1
2012/08/06,587,587,587,587,1000,587,1
2012/08/09,595,595,595,595,300,595,1
2012/08/16,590,595,590,595,4800,595,1
2012/08/17,601,601,581,585,2200,585,1
2012/08/20,595,595,595,595,4100,595,1
2012/08/21,585,585,582,585,1200,585,1
2012/08/24,586,586,586,586,100,586,1
2012/08/28,593,593,593,593,700,593,1
2012/09/05,590,590,590,590,2200,590,1
2012/09/11,586,586,586,586,200,586,1
2012/09/12,577,585,577,585,300,585,1
2012/09/13,590,590,571,575,3200,575,1
2012/09/14,585,586,585,586,700,586,1
2012/09/18,590,590,590,590,4500,590,1
2012/09/19,590,590,590,590,200,590,1
2012/09/24,574,575,570,570,1300,570,1
2012/09/26,561,580,561,580,1500,580,1
2012/09/27,570,575,565,575,900,575,1
2012/09/28,565,570,565,570,200,570,1
2012/10/02,564,564,564,564,200,564,1
2012/10/03,563,572,563,572,500,572,1
2012/10/05,576,576,576,576,2600,576,1
2012/10/09,576,576,576,576,100,576,1
2012/10/10,566,566,566,566,100,566,1
2012/10/11,566,566,566,566,1000,566,1
2012/10/12,568,568,568,568,800,568,1
2012/10/15,576,576,576,576,100,576,1
2012/10/17,574,574,568,574,2200,574,1
2012/10/18,573,573,570,570,5100,570,1
2012/10/23,563,563,555,555,1000,555,1
2012/10/25,551,551,551,551,1000,551,1
2012/10/26,561,561,561,561,700,561,1
2012/11/05,570,570,570,570,2200,570,1
2012/11/13,570,570,570,570,300,570,1
2012/11/15,575,575,575,575,1000,575,1
2012/11/16,575,575,575,575,2300,575,1
2012/11/19,575,575,575,575,4300,575,1
2012/11/26,569,569,569,569,200,569,1
2012/11/27,575,575,575,575,300,575,1
2012/11/28,575,575,575,575,800,575,1
2012/11/29,575,575,575,575,1600,575,1
2012/11/30,575,584,575,584,200,584,1
2012/12/03,578,578,578,578,1000,578,1
2012/12/05,595,595,595,595,2100,595,1
2012/12/07,595,595,595,595,2000,595,1
2012/12/11,585,585,581,582,4000,582,1
2012/12/13,580,580,580,580,2000,580,1
2012/12/17,590,590,590,590,400,590,1
2012/12/18,590,590,590,590,3800,590,1
2012/12/19,590,590,590,590,700,590,1
2012/12/27,599,599,598,598,800,598,1
2013/01/04,605,605,605,605,2100,605,1
2013/01/09,600,600,600,600,400,600,1
2013/01/16,600,600,590,600,3200,600,1
2013/01/17,600,600,590,599,2200,599,1
2013/01/18,600,600,600,600,4000,600,1
2013/01/22,586,586,584,584,4100,584,1
2013/01/23,576,576,576,576,300,576,1
2013/01/24,577,577,577,577,200,577,1
2013/01/28,594,594,594,594,700,594,1
2013/02/01,585,585,585,585,1000,585,1
2013/02/04,580,580,570,570,5000,570,1
2013/02/05,576,577,576,577,2900,577,1
2013/02/07,576,576,576,576,1100,576,1
2013/02/08,576,576,576,576,1500,576,1
2013/02/14,578,578,578,578,100,578,1
2013/02/15,580,580,573,573,600,573,1
2013/02/18,583,583,573,573,4100,573,1
2013/02/27,582,582,582,582,700,582,1
2013/03/01,577,577,577,577,100,577,1
2013/03/04,582,583,582,583,300,583,1
2013/03/05,590,590,590,590,3400,590,1
2013/03/06,595,600,595,595,2300,595,1
2013/03/07,590,590,590,590,500,590,1
2013/03/11,595,595,595,595,100,595,1
2013/03/13,598,598,598,598,100,598,1
2013/03/15,598,598,590,590,1800,590,1
2013/03/18,605,605,605,605,11500,605,1
2013/03/28,615,640,610,620,7200,620,1
2013/03/29,619,619,581,581,1400,581,1
2013/04/01,575,575,575,575,500,575,1
2013/04/05,592,592,592,592,2400,592,1
2013/04/10,585,585,585,585,200,585,1
2013/04/11,585,585,580,580,1200,580,1
2013/04/15,580,583,580,583,400,583,1
2013/04/16,585,585,585,585,100,585,1
2013/04/17,586,587,586,587,1500,587,1
2013/04/18,589,589,589,589,3900,589,1
2013/04/22,599,599,581,581,200,581,1
2013/04/25,583,583,583,583,1000,583,1
2013/04/26,599,599,599,599,700,599,1
2013/04/30,599,599,599,599,400,599,1
2013/05/01,600,625,586,586,3600,586,1
2013/05/02,603,603,603,603,2100,603,1
2013/05/07,603,603,603,603,200,603,1
2013/05/08,603,609,603,609,1000,609,1
2013/05/09,605,649,605,649,3600,649,1
2013/05/10,604,611,589,591,5300,591,1
2013/05/13,599,599,595,595,200,595,1
2013/05/14,600,600,596,596,300,596,1
2013/05/15,600,600,598,599,500,599,1
2013/05/16,599,599,596,596,200,596,1
2013/05/17,596,596,595,595,200,595,1
2013/05/20,595,595,595,595,4500,595,1
2013/05/21,595,595,595,595,500,595,1
2013/05/22,600,633,600,605,8400,605,1
2013/05/23,588,588,586,586,1200,586,1
2013/05/24,584,584,584,584,400,584,1
2013/05/27,584,584,584,584,200,584,1
2013/05/28,584,584,584,584,1100,584,1
2013/05/29,584,584,584,584,2000,584,1
2013/05/30,580,580,580,580,100,580,1
2013/06/03,580,580,580,580,400,580,1
2013/06/04,571,571,571,571,600,571,1
2013/06/05,588,588,580,580,2700,580,1
2013/06/06,582,582,580,580,1500,580,1
2013/06/07,580,595,580,595,500,595,1
2013/06/11,585,585,582,582,300,582,1
2013/06/12,582,582,582,582,100,582,1
2013/06/14,578,581,578,581,500,581,1
2013/06/17,583,593,583,593,4200,593,1
2013/06/18,592,592,592,592,4400,592,1
2013/06/19,585,585,569,574,1600,574,1
2013/06/21,575,575,575,575,100,575,1
2013/06/25,585,585,585,585,100,585,1
2013/06/26,575,575,575,575,100,575,1
2013/06/27,586,595,586,595,1300,595,1
2013/06/28,585,585,585,585,300,585,1
2013/07/03,585,585,585,585,1300,585,1
2013/07/04,585,585,585,585,1100,585,1
2013/07/05,593,593,578,578,5800,578,1
2013/07/08,584,584,584,584,100,584,1
2013/07/10,580,580,580,580,100,580,1
2013/07/16,590,590,580,580,2000,580,1
2013/07/17,585,585,585,585,300,585,1
2013/07/18,583,583,580,580,4100,580,1
2013/07/19,575,575,575,575,100,575,1
2013/07/23,565,575,540,575,5600,575,1
2013/07/24,575,575,575,575,100,575,1
2013/07/26,575,582,575,582,900,582,1
2013/08/05,579,579,570,570,3200,570,1
2013/08/07,565,565,565,565,100,565,1
2013/08/12,560,560,560,560,3100,560,1
2013/08/14,570,575,570,575,400,575,1
2013/08/15,571,571,561,564,500,564,1
2013/08/16,572,572,560,570,500,570,1
2013/08/19,578,578,578,578,7400,578,1
2013/08/26,574,574,574,574,100,574,1
2013/08/28,574,574,570,570,2500,570,1
2013/08/29,566,566,566,566,100,566,1
2013/09/02,571,571,571,571,500,571,1
2013/09/04,571,598,571,598,3400,598,1
2013/09/05,597,597,587,587,2400,587,1
2013/09/12,596,596,586,586,300,586,1
2013/09/13,587,587,587,587,100,587,1
2013/09/17,586,586,585,585,200,585,1
2013/09/18,602,602,602,602,3900,602,1
2013/09/19,600,600,600,600,100,600,1
2013/09/20,572,575,572,574,5600,574,1
2013/09/25,581,582,581,582,400,582,1
2013/09/26,582,582,582,582,1000,582,1
2013/09/27,588,588,585,585,1400,585,1
2013/09/30,593,593,580,591,1000,591,1
2013/10/03,593,593,582,582,400,582,1
2013/10/04,593,593,593,593,2200,593,1
2013/10/16,593,593,593,593,100,593,1
2013/10/17,595,599,595,599,1700,599,1
2013/10/18,603,603,603,603,4000,603,1
2013/10/24,603,603,603,603,100,603,1
2013/10/28,621,621,621,621,900,621,1
2013/10/30,605,605,605,605,100,605,1
2013/11/05,623,623,623,623,2000,623,1
2013/11/11,600,600,600,600,1000,600,1
2013/11/12,600,600,600,600,1000,600,1
2013/11/13,600,610,600,610,2100,610,1
2013/11/15,617,617,607,607,200,607,1
2013/11/18,620,620,620,620,3800,620,1
2013/11/19,618,618,618,618,2000,618,1
2013/11/22,603,616,596,616,1400,616,1
2013/11/27,600,600,600,600,100,600,1
2013/11/28,611,611,571,582,3900,582,1
2013/11/29,582,582,582,582,100,582,1
2013/12/03,594,594,594,594,100,594,1
2013/12/05,611,611,611,611,2200,611,1
2013/12/06,618,618,618,618,2900,618,1
2013/12/09,601,601,601,601,100,601,1
2013/12/11,600,600,600,600,200,600,1
2013/12/13,590,595,590,590,2000,590,1
2013/12/17,602,604,602,604,200,604,1
2013/12/18,620,620,620,620,3700,620,1
2013/12/27,638,638,608,618,1700,618,1
2013/12/30,636,636,636,636,2000,636,1
2014/01/06,640,640,640,640,300,640,1
2014/01/07,651,666,650,650,2000,650,1
2014/01/08,630,650,630,650,2000,650,1
2014/01/09,666,673,641,673,1400,673,1
2014/01/10,674,773,674,700,3800,700,1
2014/01/14,701,770,701,732,2800,732,1
2014/01/15,752,882,752,800,40300,800,1
2014/01/16,845,890,701,730,11300,730,1
2014/01/17,745,880,745,880,22200,880,1
2014/01/20,1030,1030,1030,1030,10500,1030,1
2014/01/21,1030,1050,860,975,42200,975,1
2014/01/22,1030,1030,960,975,17600,975,1
2014/01/23,960,1000,901,927,10100,927,1
2014/01/24,861,895,825,856,6500,856,1
2014/01/27,782,783,757,757,14200,757,1
2014/01/28,727,770,723,731,2800,731,1
2014/01/29,761,770,742,742,1300,742,1
2014/01/30,687,690,650,665,11300,665,1
2014/01/31,669,670,631,660,5800,660,1
2014/02/03,668,668,613,637,2500,637,1
2014/02/04,597,611,575,593,11300,593,1
2014/02/05,611,618,592,592,4000,592,1
2014/02/06,593,692,593,692,12100,692,1
2014/02/07,692,728,620,638,11600,638,1
2014/02/10,668,668,648,648,800,648,1
2014/02/12,658,658,622,646,3900,646,1
2014/02/13,636,636,636,636,100,636,1
2014/02/14,636,639,620,639,1700,639,1
2014/02/17,648,649,642,647,600,647,1
2014/02/18,657,657,647,657,4800,657,1
2014/02/19,645,670,645,670,2200,670,1
2014/02/20,770,770,770,770,1900,770,1
2014/02/21,765,766,724,754,12800,754,1
2014/02/24,755,830,755,780,14700,780,1
2014/02/25,751,799,720,720,2000,720,1
2014/02/26,740,745,725,730,2800,730,1
2014/02/27,751,751,720,725,2500,725,1
2014/02/28,725,800,725,800,6200,800,1
2014/03/03,800,870,800,830,17000,830,1
2014/03/04,800,800,719,720,3400,720,1
2014/03/05,741,760,741,741,3300,741,1
2014/03/06,741,826,741,826,6200,826,1
2014/03/07,830,832,751,766,5400,766,1
2014/03/10,766,796,766,770,2100,770,1
2014/03/11,785,825,785,825,1100,825,1
2014/03/12,810,810,800,800,400,800,1
2014/03/13,815,815,815,815,400,815,1
2014/03/14,790,790,790,790,300,790,1
2014/03/17,805,940,774,777,9300,777,1
2014/03/18,811,899,803,820,6800,820,1
2014/03/19,844,880,844,880,8200,880,1
2014/03/20,906,940,850,880,5200,880,1
2014/03/24,880,900,880,900,900,900,1
2014/03/25,890,890,860,888,500,888,1
2014/03/26,795,801,781,781,600,781,1
2014/03/27,785,785,660,700,8200,700,1
2014/03/28,721,773,721,773,3200,773,1
2014/03/31,747,748,747,748,500,748,1
2014/04/01,748,748,688,720,1400,720,1
2014/04/02,720,720,715,715,1400,715,1
2014/04/03,707,707,707,707,100,707,1
2014/04/04,728,730,728,730,2500,730,1
2014/04/07,715,715,704,704,1100,704,1
2014/04/08,700,708,689,708,1300,708,1
2014/04/11,673,685,673,685,600,685,1
2014/04/14,690,690,690,690,300,690,1
2014/04/15,690,690,690,690,100,690,1
2014/04/16,680,680,675,675,600,675,1
2014/04/17,675,675,657,660,2300,660,1
2014/04/18,679,679,679,679,800,679,1
2014/04/21,689,689,679,679,2700,679,1
2014/04/28,689,689,689,689,900,689,1
2014/05/02,708,709,708,708,2300,708,1
2014/05/07,700,700,700,700,800,700,1
2014/05/08,710,710,710,710,100,710,1
2014/05/09,710,710,703,703,400,703,1
2014/05/12,700,715,700,715,300,715,1
2014/05/13,759,759,759,759,1100,759,1
2014/05/14,710,710,706,706,600,706,1
2014/05/15,750,750,722,722,3100,722,1
2014/05/16,720,748,720,731,1200,731,1
2014/05/19,743,745,715,740,7400,740,1
2014/05/20,725,730,725,730,1200,730,1
2014/05/21,730,730,720,720,2100,720,1
2014/05/22,720,720,710,710,2200,710,1
2014/05/23,700,728,700,728,1400,728,1
2014/05/26,721,721,720,720,900,720,1
2014/05/27,720,720,700,700,6200,700,1
2014/05/28,697,700,697,697,2800,697,1
2014/05/29,697,697,690,690,300,690,1
2014/05/30,690,715,690,695,900,695,1
2014/06/02,694,694,694,694,100,694,1
2014/06/03,694,694,694,694,100,694,1
2014/06/04,694,695,694,694,1900,694,1
2014/06/05,704,750,685,719,10300,719,1
2014/06/06,732,732,717,717,600,717,1
2014/06/09,722,745,717,717,3600,717,1
2014/06/10,702,739,702,703,1700,703,1
2014/06/11,725,725,710,715,1400,715,1
2014/06/12,730,742,700,700,2500,700,1
2014/06/13,710,724,710,724,200,724,1
2014/06/16,768,841,732,761,6700,761,1
2014/06/17,820,911,805,911,5700,911,1
2014/06/18,941,966,880,889,24900,889,1
2014/06/19,814,855,770,845,5300,845,1
2014/06/20,800,865,795,863,1600,863,1
2014/06/23,878,878,807,820,1300,820,1
2014/06/24,790,829,761,829,3900,829,1
2014/06/25,840,840,720,760,6200,760,1
2014/06/26,770,780,750,750,1700,750,1
2014/06/27,772,772,730,764,2700,764,1
2014/06/30,779,784,779,784,200,784,1
2014/07/01,755,765,755,760,1700,760,1
2014/07/02,760,781,751,780,700,780,1
2014/07/03,781,783,780,783,600,783,1
2014/07/04,790,791,772,790,5400,790,1
2014/07/07,790,790,760,775,3300,775,1
2014/07/08,790,805,787,805,1700,805,1
2014/07/09,800,805,800,805,1300,805,1
2014/07/11,777,777,777,777,1200,777,1
2014/07/14,777,793,772,772,1400,772,1
2014/07/15,785,785,771,771,700,771,1
2014/07/16,763,779,763,776,4600,776,1
2014/07/17,775,779,768,779,700,779,1
2014/07/18,779,779,757,772,3200,772,1
2014/07/22,770,770,758,758,500,758,1
2014/07/23,758,758,758,758,100,758,1
2014/07/24,758,758,757,757,400,757,1
2014/07/25,755,767,752,767,800,767,1
2014/07/28,782,793,763,763,1000,763,1
2014/07/29,793,793,762,789,800,789,1
2014/07/30,770,778,763,763,900,763,1
2014/07/31,760,775,758,758,400,758,1
2014/08/01,736,769,736,737,1700,737,1
2014/08/04,729,773,729,745,1100,745,1
2014/08/05,766,766,766,766,2100,766,1
2014/08/07,738,738,738,738,200,738,1
2014/08/08,731,732,731,732,1900,732,1
2014/08/11,727,762,725,762,700,762,1
2014/08/12,761,761,732,732,600,732,1
2014/08/13,733,770,733,736,2500,736,1
2014/08/14,751,751,750,750,200,750,1
2014/08/15,757,766,742,766,1600,766,1
2014/08/18,787,788,787,788,5300,788,1
2014/08/25,788,788,788,788,1000,788,1
2014/08/26,773,797,770,797,700,797,1
2014/08/28,818,818,818,818,1300,818,1
2014/08/29,788,788,788,788,200,788,1
2014/09/01,781,781,780,780,400,780,1
2014/09/02,782,782,781,781,300,781,1
2014/09/03,781,781,781,781,400,781,1
2014/09/04,777,777,777,777,100,777,1
2014/09/05,780,780,771,771,1900,771,1
2014/09/09,764,764,764,764,400,764,1
2014/09/12,770,779,770,779,400,779,1
2014/09/16,779,779,771,779,800,779,1
2014/09/17,770,777,755,777,3200,777,1
2014/09/18,779,780,755,779,6300,779,1
2014/09/19,778,778,778,778,200,778,1
2014/09/22,762,776,762,776,1400,776,1
2014/09/24,783,783,777,777,400,777,1
2014/09/25,794,794,760,780,3100,780,1
2014/09/26,789,793,756,776,3600,776,1
2014/09/29,778,793,778,793,400,793,1
2014/09/30,768,788,768,788,500,788,1
2014/10/01,767,788,767,788,400,788,1
2014/10/02,762,764,762,764,500,764,1
2014/10/03,786,786,763,778,1800,778,1
2014/10/06,778,778,778,778,100,778,1
2014/10/10,763,763,763,763,300,763,1
2014/10/14,760,760,760,760,100,760,1
2014/10/15,751,760,751,760,200,760,1
2014/10/16,745,745,745,745,400,745,1
2014/10/17,744,760,744,760,500,760,1
2014/10/20,782,782,782,782,3000,782,1
2014/10/21,737,737,737,737,100,737,1
2014/10/23,731,731,731,731,100,731,1
2014/10/28,752,774,750,774,1800,774,1
2014/10/31,758,775,758,770,2000,770,1
2014/11/04,760,760,745,745,700,745,1
2014/11/05,760,760,750,759,2400,759,1
2014/11/06,760,779,755,779,2300,779,1
2014/11/07,756,772,756,772,300,772,1
2014/11/10,757,758,757,758,2700,758,1
2014/11/11,758,768,758,768,300,768,1
2014/11/12,769,773,761,762,800,762,1
2014/11/13,771,771,771,771,200,771,1
2014/11/14,773,773,765,765,500,765,1
2014/11/17,766,774,766,774,500,774,1
2014/11/18,788,788,777,777,3800,777,1
2014/11/19,762,770,756,756,500,756,1
2014/11/25,777,778,770,778,2000,778,1
2014/11/26,770,780,770,780,800,780,1
2014/11/27,803,803,799,800,1500,800,1
2014/11/28,799,844,799,810,900,810,1
2014/12/01,825,825,787,819,1700,819,1
2014/12/02,810,810,810,810,100,810,1
2014/12/03,824,839,816,831,500,831,1
2014/12/04,810,810,810,810,300,810,1
2014/12/05,834,834,830,830,3800,830,1
2014/12/08,803,830,802,829,1400,829,1
2014/12/09,799,829,799,804,900,804,1
2014/12/10,819,827,797,800,1500,800,1
2014/12/11,801,801,801,801,100,801,1
2014/12/12,816,828,816,828,300,828,1
2014/12/15,828,841,811,811,800,811,1
2014/12/16,836,837,820,820,2400,820,1
2014/12/17,830,834,829,830,1000,830,1
2014/12/18,840,840,840,840,2600,840,1
2014/12/22,840,840,798,810,2500,810,1
2014/12/24,825,832,825,832,900,832,1
2014/12/26,834,834,834,834,700,834,1
2014/12/30,816,831,816,831,500,831,1
2015/01/05,843,843,831,831,1500,831,1
2015/01/06,826,839,825,839,1100,839,1
2015/01/13,850,850,820,820,400,820,1
2015/01/15,824,824,820,820,200,820,1
2015/01/16,825,825,825,825,200,825,1
2015/01/19,840,840,840,840,2900,840,1
2015/01/20,825,825,825,825,200,825,1
2015/01/28,825,826,825,826,2000,826,1
2015/02/02,826,826,826,826,200,826,1
2015/02/04,820,822,820,822,600,822,1
2015/02/05,843,843,822,822,1900,822,1
2015/02/09,821,821,821,821,100,821,1
2015/02/10,821,821,821,821,100,821,1
2015/02/13,835,835,824,825,400,825,1
2015/02/16,834,834,834,834,300,834,1
2015/02/17,834,834,834,834,900,834,1
2015/02/18,849,850,849,850,3100,850,1
2015/02/19,835,840,835,840,2600,840,1
2015/02/24,849,849,849,849,300,849,1
2015/02/25,849,850,829,829,1300,829,1
2015/02/26,849,849,849,849,700,849,1
2015/02/27,849,850,849,850,4100,850,1
2015/03/03,850,850,850,850,1000,850,1
2015/03/04,846,846,846,846,1000,846,1
2015/03/05,859,859,859,859,1600,859,1
2015/03/10,850,850,845,845,2000,845,1
2015/03/16,850,850,850,850,400,850,1
2015/03/17,855,860,855,860,800,860,1
2015/03/18,864,865,850,850,6800,850,1
2015/03/26,850,850,850,850,100,850,1
2015/03/27,888,993,875,875,4800,875,1
2015/03/30,905,905,876,876,1500,876,1
2015/03/31,856,856,856,856,300,856,1
2015/04/01,870,897,870,889,900,889,1
2015/04/02,885,885,885,885,100,885,1
2015/04/03,895,895,880,880,1400,880,1
2015/04/06,875,890,875,890,300,890,1
2015/04/07,889,889,889,889,1100,889,1
2015/04/08,864,864,850,860,8700,860,1
2015/04/10,845,845,845,845,200,845,1
2015/04/13,852,852,852,852,800,852,1
2015/04/14,855,855,855,855,100,855,1
2015/04/16,860,860,860,860,200,860,1
2015/04/17,861,861,861,861,200,861,1
2015/04/20,873,873,872,872,2800,872,1
2015/04/22,872,872,857,857,600,857,1
2015/04/23,857,860,845,860,2000,860,1
2015/04/28,871,871,871,871,600,871,1
2015/05/01,871,871,871,871,1400,871,1
2015/05/07,856,856,856,856,1000,856,1
2015/05/08,871,871,871,871,100,871,1
2015/05/11,857,857,857,857,3000,857,1
2015/05/12,857,857,857,857,100,857,1
2015/05/13,860,860,860,860,100,860,1
2015/05/14,861,861,861,861,100,861,1
2015/05/18,861,861,852,852,3500,852,1
2015/05/20,858,858,858,858,1600,858,1
2015/05/21,858,858,858,858,200,858,1
2015/05/25,866,866,866,866,100,866,1
2015/05/28,868,868,864,864,700,864,1
2015/06/05,863,863,863,863,1400,863,1
2015/06/08,860,860,860,860,500,860,1
2015/06/09,857,857,842,842,500,842,1
2015/06/11,845,845,845,845,600,845,1
2015/06/16,847,850,847,850,700,850,1
2015/06/17,850,860,850,860,400,860,1
2015/06/18,860,860,860,860,3000,860,1
2015/06/19,860,860,860,860,200,860,1
2015/06/22,860,860,860,860,800,860,1
2015/06/23,860,860,860,860,400,860,1
2015/06/24,859,890,859,884,4900,884,1
2015/06/25,880,880,868,869,2300,869,1
2015/06/26,854,854,838,838,3400,838,1
2015/06/29,837,837,825,825,700,825,1
2015/06/30,810,810,810,810,100,810,1
2015/07/01,825,825,825,825,100,825,1
2015/07/02,845,845,845,845,100,845,1
2015/07/03,858,858,858,858,3500,858,1
2015/07/09,839,853,832,853,500,853,1
2015/07/13,838,838,838,838,100,838,1
2015/07/16,800,800,799,800,3100,800,1
2015/07/17,800,800,795,795,300,795,1
2015/07/21,818,818,789,789,3200,789,1
2015/07/22,776,776,761,761,500,761,1
2015/07/23,765,765,761,761,1500,761,1
2015/07/24,789,789,789,789,100,789,1
2015/07/28,799,799,799,799,1100,799,1
2015/07/30,790,790,790,790,300,790,1
2015/07/31,790,800,790,800,400,800,1
2015/08/03,780,780,780,780,1900,780,1
2015/08/05,780,780,780,780,1500,780,1
2015/08/06,780,780,761,761,200,761,1
2015/08/10,799,799,799,799,100,799,1
2015/08/11,820,820,775,775,3100,775,1
2015/08/12,760,760,760,760,1000,760,1
2015/08/14,761,761,746,750,800,750,1
2015/08/17,700,739,700,710,5700,710,1
2015/08/18,735,735,731,731,8600,731,1
2015/08/19,746,746,746,746,3600,746,1
2015/08/20,731,731,728,728,200,728,1
2015/08/21,720,720,720,720,100,720,1
2015/08/24,702,702,671,675,800,675,1
2015/08/27,699,699,699,699,100,699,1
2015/08/28,719,719,719,719,1800,719,1
2015/09/01,679,679,679,679,100,679,1
2015/09/04,719,719,719,719,500,719,1
2015/09/07,734,734,719,719,1800,719,1
2015/09/08,689,689,689,689,300,689,1
2015/09/09,719,719,719,719,200,719,1
2015/09/16,710,710,710,710,100,710,1
2015/09/17,710,710,710,710,300,710,1
2015/09/18,709,709,709,709,3300,709,1
2015/09/24,694,694,694,694,100,694,1
2015/09/25,694,694,694,694,100,694,1
2015/09/28,709,709,709,709,900,709,1
2015/09/29,700,700,700,700,100,700,1
2015/10/01,709,709,709,709,100,709,1
2015/10/02,709,709,709,709,600,709,1
2015/10/05,723,723,708,709,2000,709,1
2015/10/06,709,709,709,709,100,709,1
2015/10/07,709,709,694,694,1400,694,1
2015/10/08,704,704,704,704,100,704,1
2015/10/09,690,690,690,690,1300,690,1
2015/10/13,700,700,700,700,200,700,1
2015/10/14,690,690,690,690,300,690,1
2015/10/15,690,700,690,700,2500,700,1
2015/10/16,693,696,693,696,1100,696,1
2015/10/19,706,706,690,690,4300,690,1
2015/10/20,692,692,692,692,200,692,1
2015/10/22,700,700,700,700,1000,700,1
2015/10/23,706,706,706,706,200,706,1
2015/10/26,700,700,700,700,100,700,1
2015/10/28,700,700,700,700,2800,700,1
2015/11/05,700,700,700,700,1600,700,1
2015/11/06,700,700,700,700,100,700,1
2015/11/09,675,680,675,680,1100,680,1
2015/11/11,685,700,685,700,5000,700,1
2015/11/12,700,745,695,695,1600,695,1
2015/11/13,696,696,696,696,100,696,1
2015/11/16,696,696,696,696,100,696,1
2015/11/17,700,701,700,701,1100,701,1
2015/11/18,708,708,700,700,3400,700,1
2015/11/20,691,691,691,691,200,691,1
2015/11/24,700,700,700,700,100,700,1
2015/11/25,699,700,699,700,1300,700,1
2015/11/26,690,690,690,690,100,690,1
2015/11/27,700,700,700,700,1300,700,1
2015/11/30,700,700,700,700,3400,700,1
2015/12/01,700,703,700,703,1600,703,1
2015/12/02,701,701,701,701,100,701,1
2015/12/03,691,700,691,700,2100,700,1
2015/12/04,703,703,703,703,4200,703,1
2015/12/07,700,700,700,700,1100,700,1
2015/12/08,685,686,685,686,500,686,1
2015/12/09,687,687,687,687,100,687,1
2015/12/15,687,687,687,687,100,687,1
2015/12/16,697,700,697,700,1200,700,1
2015/12/17,700,700,695,700,2800,700,1
2015/12/18,703,703,699,699,3200,699,1
2015/12/21,700,700,700,700,200,700,1
2015/12/22,700,700,700,700,200,700,1
2015/12/25,704,704,680,680,1400,680,1
2015/12/28,700,700,700,700,900,700,1
2015/12/29,700,700,700,700,100,700,1
2016/01/05,708,708,693,695,2800,695,1
2016/01/08,700,700,700,700,500,700,1
2016/01/12,695,695,692,692,300,692,1
2016/01/13,691,691,691,691,100,691,1
2016/01/14,691,691,681,681,500,681,1
2016/01/15,689,690,685,690,900,690,1
2016/01/18,688,688,688,688,3400,688,1
2016/01/25,678,678,678,678,100,678,1
2016/01/26,675,677,675,677,300,677,1
2016/01/27,678,679,678,679,1200,679,1
2016/01/28,689,689,679,679,1900,679,1
2016/01/29,679,689,679,689,200,689,1
2016/02/01,680,680,680,680,800,680,1
2016/02/03,688,688,688,688,100,688,1
2016/02/04,682,682,679,679,1100,679,1
2016/02/05,697,697,640,640,4000,640,1
2016/02/10,641,641,641,641,100,641,1
2016/02/12,631,631,631,631,600,631,1
2016/02/16,650,650,650,650,1000,650,1
2016/02/18,660,660,660,660,3300,660,1
2016/02/26,650,650,650,650,900,650,1
2016/02/29,650,650,650,650,1000,650,1
2016/03/01,650,650,650,650,100,650,1
2016/03/03,650,650,650,650,900,650,1
2016/03/04,668,668,668,668,1800,668,1
2016/03/09,678,678,678,678,400,678,1
2016/03/10,678,678,678,678,100,678,1
2016/03/17,690,690,690,690,1000,690,1
2016/03/18,705,705,705,705,3900,705,1
2016/03/28,710,710,710,710,2100,710,1
2016/03/30,681,681,681,681,200,681,1
2016/04/05,700,700,681,681,1800,681,1
2016/04/08,699,699,699,699,100,699,1
2016/04/14,699,699,694,694,500,694,1
2016/04/15,684,685,684,684,3000,684,1
2016/04/18,695,695,695,695,3400,695,1
2016/04/25,695,695,695,695,2300,695,1
2016/04/26,695,695,695,695,100,695,1
2016/04/27,699,699,699,699,900,699,1
2016/05/02,719,719,685,685,1700,685,1
2016/05/11,688,688,688,688,100,688,1
2016/05/12,688,688,688,688,200,688,1
2016/05/16,690,690,690,690,1000,690,1
2016/05/17,695,695,694,695,1200,695,1
2016/05/18,699,699,699,699,3100,699,1
2016/05/27,700,700,685,685,1000,685,1
2016/05/31,700,700,700,700,500,700,1
2016/06/03,700,700,700,700,1700,700,1
2016/06/06,694,694,694,694,200,694,1
2016/06/07,700,700,700,700,1000,700,1
2016/06/09,687,687,687,687,500,687,1
2016/06/14,685,685,685,685,400,685,1
2016/06/16,681,681,681,681,200,681,1
2016/06/17,690,690,680,680,1300,680,1
2016/06/20,699,699,690,690,3300,690,1
2016/06/21,680,680,680,680,500,680,1
2016/06/23,674,675,674,675,1600,675,1
2016/06/24,680,680,676,676,1100,676,1
2016/06/27,676,676,676,676,300,676,1
2016/06/28,686,686,676,676,1500,676,1
2016/06/29,696,696,696,696,100,696,1
2016/06/30,676,676,676,676,100,676,1
2016/07/01,695,695,695,695,2700,695,1
2016/07/04,700,700,675,685,3400,685,1
2016/07/05,689,689,689,689,1800,689,1
2016/07/06,669,669,669,669,200,669,1
2016/07/13,680,680,680,680,1000,680,1
2016/07/14,686,686,686,686,200,686,1
2016/07/15,687,687,687,687,100,687,1
2016/07/19,697,697,683,683,3500,683,1
2016/07/20,680,680,680,680,400,680,1
2016/07/27,680,680,680,680,200,680,1
2016/07/28,688,688,688,688,900,688,1
2016/08/03,682,682,682,682,300,682,1
2016/08/05,689,689,689,689,1700,689,1
2016/08/08,690,698,683,698,600,698,1
2016/08/09,681,682,681,682,300,682,1
2016/08/10,682,682,682,682,2000,682,1
2016/08/12,678,678,678,678,700,678,1
2016/08/17,690,698,690,698,1100,698,1
2016/08/18,698,698,698,698,3600,698,1
2016/08/26,690,690,690,690,1800,690,1
2016/09/01,690,690,690,690,100,690,1
2016/09/05,710,710,690,690,2700,690,1
2016/09/14,690,690,690,690,100,690,1
2016/09/15,690,690,690,690,1000,690,1
2016/09/16,692,700,692,700,300,700,1
2016/09/20,700,700,700,700,3200,700,1
2016/09/23,700,700,700,700,400,700,1
2016/09/27,690,690,690,690,7500,690,1
2016/09/28,695,695,686,686,1100,686,1
2016/09/29,686,686,686,686,400,686,1
2016/10/05,700,700,700,700,1700,700,1
2016/10/07,690,690,690,690,200,690,1
2016/10/17,700,700,700,700,1700,700,1
2016/10/18,710,710,710,710,3100,710,1
2016/10/19,696,696,696,696,1000,696,1
2016/10/25,700,700,700,700,700,700,1
2016/10/27,700,700,700,700,100,700,1
2016/10/28,700,700,700,700,1100,700,1
2016/10/31,700,700,700,700,400,700,1
2016/11/01,700,700,700,700,200,700,1
2016/11/02,700,700,697,700,2200,700,1
2016/11/04,700,700,687,687,3700,687,1
2016/11/08,690,690,690,690,2000,690,1
2016/11/09,690,690,690,690,100,690,1
2016/11/14,697,697,697,697,100,697,1
2016/11/16,700,700,699,699,1200,699,1
2016/11/17,700,700,700,700,1300,700,1
2016/11/18,700,700,700,700,3200,700,1
2016/11/22,690,690,690,690,100,690,1
2016/11/24,700,700,700,700,200,700,1
2016/11/25,690,692,682,692,2400,692,1
2016/11/28,696,696,695,696,1100,696,1
2016/11/29,687,698,687,698,200,698,1
2016/12/02,699,699,687,687,3900,687,1
2016/12/05,699,699,699,699,1700,699,1
2016/12/09,699,699,699,699,1800,699,1
2016/12/12,700,700,700,700,100,700,1
2016/12/13,700,700,700,700,200,700,1
2016/12/14,700,700,700,700,1000,700,1
2016/12/15,700,700,700,700,100,700,1
2016/12/16,700,700,700,700,300,700,1
2016/12/19,721,721,700,700,3900,700,1
2016/12/20,692,692,692,692,100,692,1
2016/12/22,700,700,700,700,100,700,1
2016/12/26,686,709,686,709,300,709,1
2016/12/27,709,709,709,709,100,709,1
2016/12/28,718,718,718,718,900,718,1
2017/01/05,724,724,724,724,1700,724,1
2017/01/06,720,720,720,720,100,720,1
2017/01/11,705,705,704,704,1000,704,1
2017/01/12,715,720,707,720,2500,720,1
2017/01/13,735,790,735,780,14800,780,1
2017/01/16,750,750,742,742,3600,742,1
2017/01/17,742,748,742,748,1000,748,1
2017/01/18,750,770,740,740,6700,740,1
2017/01/19,742,742,741,741,600,741,1
2017/01/23,730,740,730,740,1100,740,1
2017/01/24,718,718,713,713,200,713,1
2017/01/25,719,719,719,719,100,719,1
2017/01/26,720,720,720,720,100,720,1
2017/01/27,729,729,726,726,1100,726,1
2017/01/30,715,720,712,720,2400,720,1
2017/02/01,715,716,715,716,600,716,1
2017/02/03,718,718,718,718,1600,718,1
2017/02/06,715,720,715,720,2300,720,1
2017/02/07,720,720,720,720,800,720,1
2017/02/08,725,725,725,725,100,725,1
2017/02/09,740,740,740,740,100,740,1
2017/02/10,726,726,726,726,100,726,1
2017/02/13,731,745,730,745,2000,745,1
2017/02/14,730,740,730,740,800,740,1
2017/02/16,740,745,740,745,200,745,1
2017/02/17,745,745,740,740,1900,740,1
2017/02/20,755,755,755,755,3100,755,1
2017/02/21,740,740,740,740,1000,740,1
2017/02/22,750,750,750,750,100,750,1
2017/02/23,750,750,750,750,1100,750,1
2017/02/24,750,750,750,750,700,750,1
2017/02/27,764,764,751,751,2000,751,1
2017/02/28,744,765,744,760,500,760,1
2017/03/01,760,760,760,760,100,760,1
2017/03/02,756,756,756,756,200,756,1
2017/03/03,778,778,778,778,1700,778,1
2017/03/07,763,763,763,763,200,763,1
2017/03/09,761,761,761,761,200,761,1
2017/03/10,776,776,770,770,300,770,1
2017/03/13,762,762,762,762,100,762,1
2017/03/14,761,761,761,761,600,761,1
2017/03/15,760,775,752,752,4400,752,1
2017/03/16,755,755,755,755,100,755,1
2017/03/17,770,770,770,770,700,770,1
2017/03/21,793,800,790,790,4600,790,1
2017/03/22,800,800,800,800,300,800,1
2017/03/23,790,799,790,799,400,799,1
2017/03/24,799,800,796,800,1400,800,1
2017/03/27,800,808,800,808,900,808,1
2017/03/28,825,825,819,825,5000,825,1
2017/03/29,855,885,830,850,5100,850,1
2017/03/30,845,845,808,820,2300,820,1
2017/03/31,820,820,820,820,400,820,1
2017/04/03,820,820,820,820,400,820,1
2017/04/04,805,805,795,795,2500,795,1
2017/04/05,817,817,817,817,1700,817,1
2017/04/06,815,815,795,795,500,795,1
2017/04/07,795,795,795,795,100,795,1
2017/04/10,814,814,814,814,100,814,1
2017/04/11,820,821,820,821,1200,821,1
2017/04/13,796,801,796,801,1300,801,1
2017/04/14,815,815,815,815,100,815,1
2017/04/17,806,815,805,807,2300,807,1
2017/04/18,822,822,822,822,2500,822,1
2017/04/19,812,822,812,815,400,815,1
2017/04/20,811,811,811,811,500,811,1
2017/04/24,811,811,811,811,200,811,1
2017/04/25,811,811,811,811,100,811,1
2017/04/26,816,824,816,824,300,824,1
2017/04/27,829,829,829,829,1000,829,1
2017/04/28,819,819,811,813,500,813,1
2017/05/02,834,834,834,834,1600,834,1
2017/05/08,834,835,834,835,800,835,1
2017/05/09,836,836,834,836,300,836,1
2017/05/10,835,836,832,836,1000,836,1
2017/05/11,830,830,830,830,100,830,1
2017/05/12,830,830,830,830,200,830,1
2017/05/15,835,835,835,835,400,835,1
2017/05/16,836,836,820,836,2000,836,1
2017/05/17,836,837,835,837,1100,837,1
2017/05/18,836,836,829,829,2800,829,1
2017/05/19,829,830,829,830,700,830,1
2017/05/24,830,830,824,824,400,824,1
2017/05/25,824,824,824,824,100,824,1
2017/05/26,832,835,832,835,800,835,1
2017/05/29,825,825,808,808,600,808,1
2017/05/30,830,830,830,830,1000,830,1
2017/06/05,830,830,830,830,1500,830,1
2017/06/06,830,830,830,830,600,830,1
2017/06/09,820,828,820,828,400,828,1
2017/06/12,828,828,828,828,300,828,1
2017/06/13,828,830,828,830,2000,830,1
2017/06/14,830,830,819,819,500,819,1
2017/06/15,830,830,830,830,1700,830,1
2017/06/16,845,845,830,845,2800,845,1
2017/06/19,870,880,860,880,5500,880,1
2017/06/20,880,900,880,900,4200,900,1
2017/06/21,900,940,890,940,3100,940,1
2017/06/22,900,950,899,920,1500,920,1
2017/06/23,920,920,905,905,900,905,1
2017/06/26,936,937,935,937,2000,937,1
2017/06/27,936,978,935,966,9700,966,1
2017/06/28,962,964,858,880,15900,880,1
2017/06/29,880,885,870,881,6000,881,1
2017/06/30,881,881,870,880,3500,880,1
2017/07/03,884,884,880,884,3200,884,1
2017/07/04,880,880,871,876,1200,876,1
2017/07/05,880,880,876,876,1600,876,1
2017/07/06,866,866,866,866,1100,866,1
2017/07/07,891,897,891,896,2900,896,1
2017/07/10,897,897,885,890,700,890,1
2017/07/11,886,886,886,886,100,886,1
2017/07/12,884,884,875,876,1400,876,1
2017/07/13,880,882,877,877,800,877,1
2017/07/14,884,892,883,888,500,888,1
2017/07/18,900,900,898,898,2500,898,1
2017/07/19,891,891,891,891,100,891,1
2017/07/20,895,899,895,896,1500,896,1
2017/07/21,899,900,896,896,2800,896,1
2017/07/24,899,899,892,892,1200,892,1
2017/07/25,892,892,892,892,200,892,1
2017/07/26,895,895,895,895,100,895,1
2017/07/27,896,896,896,896,300,896,1
2017/07/28,899,899,899,899,900,899,1
2017/07/31,899,907,897,907,1400,907,1
2017/08/01,907,907,892,892,1400,892,1
2017/08/02,905,905,905,905,100,905,1
2017/08/03,905,905,905,905,100,905,1
2017/08/04,906,906,882,892,1800,892,1
2017/08/07,892,892,865,880,1200,880,1
2017/08/08,880,880,880,880,100,880,1
2017/08/09,879,879,879,879,500,879,1
2017/08/10,866,879,866,879,500,879,1
2017/08/14,892,892,890,890,500,890,1
2017/08/15,881,881,866,870,1700,870,1
2017/08/16,876,876,876,876,100,876,1
2017/08/17,879,890,879,890,700,890,1
2017/08/18,905,909,882,882,4600,882,1
2017/08/22,895,895,895,895,100,895,1
2017/08/23,900,900,900,900,200,900,1
2017/08/25,895,895,893,893,300,893,1
2017/08/28,900,900,895,895,1800,895,1
2017/08/30,890,890,890,890,100,890,1
2017/08/31,900,900,900,900,200,900,1
2017/09/01,900,900,900,900,300,900,1
2017/09/04,895,895,895,895,100,895,1
2017/09/05,900,900,872,872,2400,872,1
2017/09/07,872,872,872,872,600,872,1
2017/09/11,885,885,885,885,100,885,1
2017/09/12,895,895,895,895,700,895,1
2017/09/13,898,898,898,898,500,898,1
2017/09/14,899,900,888,888,1500,888,1
2017/09/15,895,925,890,925,6400,925,1
2017/09/19,930,968,914,920,17500,920,1
2017/09/20,925,925,903,915,3800,915,1
2017/09/21,908,915,908,915,700,915,1
2017/09/22,915,915,905,905,1700,905,1
2017/09/25,915,935,915,930,1700,930,1
2017/09/26,940,941,891,891,5700,891,1
2017/09/27,900,914,891,891,9900,891,1
2017/09/28,895,895,887,887,4500,887,1
2017/09/29,888,888,884,884,2900,884,1
2017/10/02,889,900,888,900,2400,900,1
2017/10/03,907,907,893,893,500,893,1
2017/10/04,898,900,895,900,1200,900,1
2017/10/05,900,900,895,900,2600,900,1
2017/10/06,893,894,893,894,1700,894,1
2017/10/10,900,903,900,900,1000,900,1
2017/10/11,905,905,902,903,400,903,1
2017/10/12,903,903,902,902,600,902,1
2017/10/13,905,905,902,902,700,902,1
2017/10/16,903,903,892,898,800,898,1
2017/10/17,901,905,890,891,2300,891,1
2017/10/18,898,898,882,888,4700,888,1
2017/10/19,885,886,885,885,600,885,1
2017/10/20,883,884,883,884,300,884,1
2017/10/23,886,891,886,891,400,891,1
2017/10/24,894,894,891,891,600,891,1
2017/10/25,893,893,893,893,200,893,1
2017/10/26,897,897,897,897,100,897,1
2017/10/27,900,900,899,900,2400,900,1
2017/10/30,900,900,900,900,1900,900,1
2017/11/01,900,900,894,900,600,900,1
2017/11/02,900,900,900,900,1800,900,1
2017/11/06,903,903,900,900,200,900,1
2017/11/07,908,909,908,909,400,909,1
2017/11/08,907,908,891,906,1600,906,1
2017/11/09,929,929,903,903,3100,903,1
2017/11/10,904,904,904,904,200,904,1
2017/11/13,905,905,904,904,200,904,1
2017/11/14,905,905,905,905,200,905,1
2017/11/15,919,919,906,906,1300,906,1
2017/11/16,906,909,906,907,500,907,1
2017/11/17,908,910,908,910,500,910,1
2017/11/20,913,913,907,912,3100,912,1
2017/11/21,912,912,910,910,200,910,1
2017/11/22,908,910,880,890,9200,890,1
2017/11/24,890,898,890,896,1000,896,1
2017/11/27,898,899,898,899,2500,899,1
2017/11/28,893,893,887,893,1300,893,1
2017/11/29,889,890,888,888,1400,888,1
2017/11/30,896,899,890,891,800,891,1
2017/12/01,900,900,893,900,2900,900,1
2017/12/04,900,900,900,900,1900,900,1
2017/12/05,911,911,910,910,2000,910,1
2017/12/06,905,907,905,907,200,907,1
2017/12/07,892,892,892,892,100,892,1
2017/12/08,895,895,895,895,100,895,1
2017/12/11,888,888,888,888,300,888,1
2017/12/12,887,888,887,888,1100,888,1
2017/12/13,890,899,890,899,700,899,1
2017/12/14,900,900,900,900,900,900,1
2017/12/15,900,901,900,901,700,901,1
2017/12/18,900,901,888,888,4700,888,1
2017/12/19,889,889,889,889,100,889,1
2017/12/20,895,898,895,898,300,898,1
2017/12/21,903,907,903,907,2600,907,1
2017/12/22,900,900,891,898,700,898,1
2017/12/25,905,905,904,904,700,904,1
2017/12/26,906,906,906,906,100,906,1
2017/12/27,906,906,906,906,300,906,1
2017/12/28,933,933,930,930,1900,930,1
2017/12/29,920,933,920,933,2900,933,1
2018/01/04,950,952,950,951,3100,951,1
2018/01/05,966,966,960,961,1600,961,1
2018/01/09,970,970,918,932,2500,932,1
2018/01/10,923,932,922,925,1200,925,1
2018/01/11,932,932,911,929,2500,929,1
2018/01/12,949,949,927,927,800,927,1
2018/01/15,949,999,905,999,10600,999,1
2018/01/16,1010,1149,1005,1149,35000,1149,1
2018/01/17,1449,1449,1449,1449,23900,1449,1
2018/01/18,1749,1749,1494,1720,94700,1720,1
2018/01/19,1740,1740,1360,1411,68900,1411,1
2018/01/22,1381,1389,1280,1310,25000,1310,1
2018/01/23,1300,1305,1255,1261,14400,1261,1
2018/01/24,1267,1340,1263,1309,23500,1309,1
2018/01/25,1309,1373,1261,1339,13600,1339,1
2018/01/26,1300,1315,1280,1315,8100,1315,1
2018/01/29,1331,1340,1220,1236,13200,1236,1
2018/01/30,1236,1260,1230,1234,5600,1234,1
2018/01/31,1225,1235,1225,1226,4300,1226,1
2018/02/01,1228,1255,1228,1245,3800,1245,1
2018/02/02,1225,1233,1203,1219,5800,1219,1
2018/02/05,1209,1248,1154,1248,8000,1248,1
2018/02/06,1153,1170,1123,1161,5600,1161,1
2018/02/07,1163,1278,1128,1185,8300,1185,1
2018/02/08,1170,1210,1165,1175,2000,1175,1
2018/02/09,1161,1170,1150,1154,2700,1154,1
2018/02/13,1153,1170,1153,1160,1800,1160,1
2018/02/14,1160,1170,1121,1121,3100,1121,1
2018/02/15,1150,1160,1121,1160,1100,1160,1
2018/02/16,1160,1176,1160,1175,3300,1175,1
2018/02/19,1180,1180,1175,1175,4800,1175,1
2018/02/20,1175,1175,1132,1141,1500,1141,1
2018/02/21,1141,1141,1138,1138,600,1138,1
2018/02/22,1149,1149,1138,1138,700,1138,1
2018/02/23,1168,1173,1167,1173,1700,1173,1
2018/02/26,1160,1175,1160,1160,700,1160,1
2018/02/27,1160,1173,1160,1166,1100,1166,1
2018/02/28,1175,1175,1161,1163,1200,1163,1
2018/03/01,1160,1165,1157,1158,800,1158,1
2018/03/02,1168,1168,1126,1158,600,1158,1
2018/03/05,1152,1152,1127,1127,2100,1127,1
2018/03/06,1150,1162,1150,1162,300,1162,1
2018/03/07,1136,1161,1136,1161,1200,1161,1
2018/03/08,1156,1156,1155,1155,200,1155,1
2018/03/09,1155,1155,1133,1153,1400,1153,1
2018/03/12,1153,1153,1153,1153,300,1153,1
2018/03/13,1167,1167,1160,1160,400,1160,1
2018/03/14,1160,1160,1160,1160,500,1160,1
2018/03/15,1150,1160,1143,1160,1600,1160,1
2018/03/16,1161,1166,1150,1151,1900,1151,1
2018/03/19,1167,1167,1130,1151,7600,1151,1
2018/03/20,1131,1155,1131,1155,200,1155,1
2018/03/22,1155,1155,1130,1146,1800,1146,1
2018/03/23,1133,1133,1073,1100,2500,1100,1
2018/03/26,1070,1120,1070,1100,1000,1100,1
2018/03/27,1101,1145,1101,1145,600,1145,1
2018/03/28,1175,1175,1108,1169,7300,1169,1
2018/03/29,1172,1172,1150,1150,1800,1150,1
2018/03/30,1158,1160,1158,1160,400,1160,1
2018/04/02,1157,1157,1150,1151,1000,1151,1
2018/04/03,1157,1157,1127,1127,400,1127,1
2018/04/04,1175,1175,1170,1170,800,1170,1
2018/04/05,1175,1175,1175,1175,1200,1175,1
2018/04/06,1136,1150,1136,1150,400,1150,1
2018/04/09,1130,1131,1130,1130,1700,1130,1
2018/04/11,1122,1122,1112,1112,300,1112,1
2018/04/12,1114,1120,1114,1120,400,1120,1
2018/04/13,1139,1139,1120,1130,500,1130,1
2018/04/16,1130,1130,1130,1130,600,1130,1
2018/04/17,1119,1119,1112,1112,700,1112,1
2018/04/18,1142,1142,1142,1142,1900,1142,1
2018/04/19,1112,1112,1111,1111,300,1111,1
2018/04/20,1111,1113,1111,1111,800,1111,1
2018/04/23,1090,1090,1059,1060,3800,1060,1
2018/04/24,1079,1098,1068,1068,1000,1068,1
2018/04/25,1068,1076,1050,1059,1800,1059,1
2018/04/26,1059,1066,1020,1060,5500,1060,1
2018/04/27,1090,1090,1050,1050,1000,1050,1
2018/05/01,1045,1045,1031,1036,1000,1036,1
2018/05/02,1036,1036,1025,1025,400,1025,1
2018/05/07,1035,1035,1035,1035,500,1035,1
2018/05/08,1064,1067,1037,1037,1900,1037,1
2018/05/09,1041,1071,1041,1071,300,1071,1
2018/05/10,1069,1069,1030,1030,2600,1030,1
2018/05/11,1038,1065,1038,1065,1100,1065,1
2018/05/14,1051,1051,1045,1050,2000,1050,1
2018/05/15,1061,1061,1057,1057,1700,1057,1
2018/05/17,1061,1061,1038,1050,3600,1050,1
2018/05/18,1074,1075,1072,1075,3200,1075,1
2018/05/21,1075,1075,1054,1059,1300,1059,1
2018/05/22,1054,1058,1025,1058,6800,1058,1
2018/05/23,1058,1058,1030,1036,1300,1036,1
2018/05/24,1032,1035,1031,1035,600,1035,1
2018/05/25,1029,1035,1011,1011,1400,1011,1
2018/05/28,1031,1031,1031,1031,700,1031,1
2018/05/29,1013,1032,1013,1032,500,1032,1
2018/05/30,1013,1013,993,1005,2100,1005,1
2018/05/31,975,994,975,991,1800,991,1
2018/06/01,1004,1005,1004,1005,500,1005,1
2018/06/04,990,1006,990,1003,2500,1003,1
2018/06/05,1010,1010,990,1000,1500,1000,1
2018/06/06,970,983,970,983,3100,983,1
2018/06/07,970,970,965,970,1200,970,1
2018/06/08,970,970,950,955,1700,955,1
2018/06/11,970,970,950,950,1900,950,1
2018/06/12,971,975,960,970,900,970,1
2018/06/13,980,985,976,978,1100,978,1
2018/06/14,980,1030,980,1030,3500,1030,1
2018/06/15,1020,1032,1020,1032,1300,1032,1
2018/06/18,1050,1108,1050,1077,4700,1077,1
2018/06/19,1078,1078,1029,1029,3100,1029,1
2018/06/20,1030,1050,1026,1049,1600,1049,1
2018/06/21,1049,1049,1030,1030,500,1030,1
2018/06/22,1060,1070,1022,1022,800,1022,1
2018/06/25,1047,1047,1017,1030,1100,1030,1
2018/06/26,1030,1150,1007,1150,4900,1150,1
2018/06/27,1210,1210,1076,1080,18800,1080,1
2018/06/28,1101,1120,1071,1115,2100,1115,1
2018/06/29,1115,1115,1065,1065,1800,1065,1
2018/07/02,1095,1100,1030,1031,4200,1031,1
2018/07/03,1001,1019,980,995,4400,995,1
2018/07/04,990,990,950,961,3200,961,1
2018/07/05,963,985,963,980,1700,980,1
2018/07/06,1009,1009,971,1001,3600,1001,1
2018/07/09,1000,1000,995,999,1200,999,1
2018/07/10,995,1003,991,991,2100,991,1
2018/07/11,999,999,971,971,800,971,1
2018/07/12,986,993,986,986,800,986,1
2018/07/13,981,1010,981,1010,1900,1010,1
2018/07/17,992,1010,992,1010,1000,1010,1
2018/07/18,1031,1033,999,1000,3800,1000,1
2018/07/19,1030,1030,1030,1030,700,1030,1
2018/07/20,1002,1002,1000,1002,3100,1002,1
2018/07/23,995,995,972,990,2600,990,1
2018/07/24,999,999,990,990,700,990,1
2018/07/25,999,999,984,985,1100,985,1
2018/07/26,996,996,951,965,6100,965,1
2018/07/27,984,986,978,978,1700,978,1
2018/07/30,993,993,989,989,300,989,1
2018/07/31,988,988,958,972,1500,972,1
2018/08/01,986,986,986,986,100,986,1
2018/08/02,976,979,963,964,1000,964,1
2018/08/03,984,984,984,984,400,984,1
2018/08/06,970,970,970,970,100,970,1
2018/08/08,960,965,960,965,800,965,1
2018/08/09,960,970,960,961,400,961,1
2018/08/13,963,970,957,957,1700,957,1
2018/08/14,963,977,963,977,400,977,1
