2007/01/05,2405.0,2405.0,2405.0,2405.0,3000,2405,0.2
2007/01/09,2405.0,2405.0,2405.0,2405.0,2000,2405,0.2
2007/01/10,2405.0,2405.0,2405.0,2405.0,2000,2405,0.2
2007/01/16,2435.0,2440.0,2435.0,2440.0,2000,2440,0.2
2007/01/17,2575.0,2575.0,2575.0,2575.0,4000,2575,0.2
2007/01/18,2575.0,2575.0,2575.0,2575.0,2000,2575,0.2
2007/01/19,2575.0,2575.0,2575.0,2575.0,1000,2575,0.2
2007/01/22,2625.0,2625.0,2625.0,2625.0,1000,2625,0.2
2007/01/23,2625.0,2625.0,2625.0,2625.0,3000,2625,0.2
2007/02/02,2550.0,2550.0,2550.0,2550.0,1000,2550,0.2
2007/02/05,2550.0,2550.0,2550.0,2550.0,1000,2550,0.2
2007/02/06,2550.0,2550.0,2550.0,2550.0,1000,2550,0.2
2007/02/07,2550.0,2550.0,2550.0,2550.0,3000,2550,0.2
2007/02/08,2500.0,2500.0,2500.0,2500.0,2000,2500,0.2
2007/02/09,2575.0,2575.0,2575.0,2575.0,2000,2575,0.2
2007/02/13,2655.0,2655.0,2655.0,2655.0,1000,2655,0.2
2007/02/15,2655.0,2655.0,2655.0,2655.0,2000,2655,0.2
2007/02/19,2645.0,2645.0,2645.0,2645.0,1000,2645,0.2
2007/02/21,2645.0,2645.0,2645.0,2645.0,32000,2645,0.2
2007/03/02,2550.0,2550.0,2550.0,2550.0,1000,2550,0.2
2007/03/08,2710.0,2710.0,2700.0,2700.0,2000,2700,0.2
2007/03/12,2700.0,2700.0,2700.0,2700.0,2000,2700,0.2
2007/03/16,2700.0,2700.0,2700.0,2700.0,2000,2700,0.2
2007/03/20,2700.0,2700.0,2700.0,2700.0,1000,2700,0.2
2007/03/23,2695.0,2695.0,2695.0,2695.0,32000,2695,0.2
2007/04/09,2500.0,2500.0,2500.0,2500.0,1000,2500,0.2
2007/04/10,2505.0,2505.0,2505.0,2505.0,1000,2505,0.2
2007/04/12,2485.0,2485.0,2485.0,2485.0,1000,2485,0.2
2007/04/16,2485.0,2485.0,2485.0,2485.0,1000,2485,0.2
2007/04/23,2485.0,2485.0,2485.0,2485.0,1000,2485,0.2
2007/05/10,2450.0,2450.0,2450.0,2450.0,1000,2450,0.2
2007/05/17,2450.0,2450.0,2450.0,2450.0,3000,2450,0.2
2007/05/21,2525.0,2525.0,2525.0,2525.0,1000,2525,0.2
2007/05/25,2435.0,2435.0,2435.0,2435.0,1000,2435,0.2
2007/05/28,2375.0,2400.0,2375.0,2400.0,5000,2400,0.2
2007/05/31,2400.0,2400.0,2400.0,2400.0,1000,2400,0.2
2007/06/15,2515.0,2515.0,2515.0,2515.0,2000,2515,0.2
2007/06/18,2475.0,2500.0,2430.0,2500.0,5000,2500,0.2
2007/06/25,2575.0,2575.0,2575.0,2575.0,1000,2575,0.2
2007/07/04,2500.0,2500.0,2500.0,2500.0,1000,2500,0.2
2007/07/09,2425.0,2425.0,2425.0,2425.0,2000,2425,0.2
2007/07/13,2425.0,2425.0,2425.0,2425.0,2000,2425,0.2
2007/07/19,2425.0,2425.0,2400.0,2400.0,5000,2400,0.2
2007/07/20,2400.0,2400.0,2400.0,2400.0,1000,2400,0.2
2007/07/23,2400.0,2400.0,2400.0,2400.0,2000,2400,0.2
2007/07/25,2400.0,2400.0,2400.0,2400.0,2000,2400,0.2
2007/07/31,2465.0,2465.0,2465.0,2465.0,1000,2465,0.2
2007/08/10,2690.0,2690.0,2690.0,2690.0,3000,2690,0.2
2007/08/21,2595.0,2595.0,2595.0,2595.0,1000,2595,0.2
2007/09/05,2595.0,2595.0,2595.0,2595.0,1000,2595,0.2
2007/09/06,2595.0,2595.0,2595.0,2595.0,2000,2595,0.2
2007/09/07,2595.0,2595.0,2595.0,2595.0,2000,2595,0.2
2007/09/18,2595.0,2595.0,2595.0,2595.0,2000,2595,0.2
2007/09/19,2595.0,2595.0,2595.0,2595.0,2000,2595,0.2
2007/09/20,2600.0,2600.0,2600.0,2600.0,33000,2600,0.2
2007/09/25,2600.0,2600.0,2600.0,2600.0,1000,2600,0.2
2007/09/28,2600.0,2600.0,2600.0,2600.0,2000,2600,0.2
2007/10/02,2600.0,2600.0,2600.0,2600.0,1000,2600,0.2
2007/10/12,2500.0,2500.0,2500.0,2500.0,2000,2500,0.2
2007/10/16,2500.0,2500.0,2500.0,2500.0,2000,2500,0.2
2007/10/22,2500.0,2500.0,2500.0,2500.0,2000,2500,0.2
2007/10/24,2500.0,2500.0,2500.0,2500.0,3000,2500,0.2
2007/10/25,2500.0,2500.0,2400.0,2400.0,2000,2400,0.2
2007/11/13,2250.0,2250.0,2250.0,2250.0,1000,2250,0.2
2007/11/20,2250.0,2250.0,2250.0,2250.0,1000,2250,0.2
2007/11/22,1850.0,1850.0,1850.0,1850.0,5000,1850,0.2
2007/11/27,1790.0,1790.0,1790.0,1790.0,1000,1790,0.2
2007/11/28,1790.0,1790.0,1790.0,1790.0,1000,1790,0.2
2007/11/29,2075.0,2075.0,2075.0,2075.0,1000,2075,0.2
2007/11/30,2100.0,2100.0,2100.0,2100.0,1000,2100,0.2
2007/12/06,2150.0,2150.0,2150.0,2150.0,1000,2150,0.2
2007/12/25,2300.0,2300.0,2300.0,2300.0,1000,2300,0.2
2008/01/08,2300.0,2300.0,2300.0,2300.0,2000,2300,0.2
2008/01/09,2300.0,2300.0,2300.0,2300.0,2000,2300,0.2
2008/01/10,2300.0,2300.0,2300.0,2300.0,2000,2300,0.2
2008/01/15,2200.0,2200.0,2200.0,2200.0,2000,2200,0.2
2008/01/16,2200.0,2200.0,2200.0,2200.0,2000,2200,0.2
2008/01/18,2000.0,2000.0,2000.0,2000.0,1000,2000,0.2
2008/01/21,2060.0,2060.0,2060.0,2060.0,1000,2060,0.2
2008/01/25,1935.0,1935.0,1935.0,1935.0,2000,1935,0.2
2008/02/05,1900.0,1900.0,1900.0,1900.0,3000,1900,0.2
2008/02/06,1810.0,1810.0,1810.0,1810.0,3000,1810,0.2
2008/02/15,2185.0,2185.0,2185.0,2185.0,2000,2185,0.2
2008/02/18,2135.0,2135.0,2135.0,2135.0,1000,2135,0.2
2008/02/22,2200.0,2200.0,2200.0,2200.0,9000,2200,0.2
2008/02/27,2200.0,2200.0,2200.0,2200.0,1000,2200,0.2
2008/03/04,2200.0,2200.0,2200.0,2200.0,1000,2200,0.2
2008/03/17,1975.0,1975.0,1975.0,1975.0,1000,1975,0.2
2008/03/21,1975.0,1975.0,1975.0,1975.0,2000,1975,0.2
2008/03/24,1980.0,1980.0,1980.0,1980.0,32000,1980,0.2
2008/03/25,2065.0,2065.0,2065.0,2065.0,1000,2065,0.2
2008/03/26,2130.0,2130.0,2130.0,2130.0,1000,2130,0.2
2008/04/01,2130.0,2130.0,2130.0,2130.0,1000,2130,0.2
2008/04/03,2130.0,2130.0,2130.0,2130.0,1000,2130,0.2
2008/04/18,2130.0,2130.0,2130.0,2130.0,2000,2130,0.2
2008/04/25,1980.0,1980.0,1980.0,1980.0,1000,1980,0.2
2008/05/14,1980.0,1980.0,1980.0,1980.0,1000,1980,0.2
2008/05/15,1980.0,1980.0,1980.0,1980.0,1000,1980,0.2
2008/05/16,1990.0,1990.0,1990.0,1990.0,32000,1990,0.2
2008/05/20,2050.0,2050.0,2050.0,2050.0,1000,2050,0.2
2008/06/06,2000.0,2000.0,2000.0,2000.0,2000,2000,0.2
2008/06/17,2000.0,2000.0,2000.0,2000.0,2000,2000,0.2
2008/06/18,2000.0,2000.0,2000.0,2000.0,1000,2000,0.2
2008/06/24,2000.0,2000.0,2000.0,2000.0,1000,2000,0.2
2008/06/25,2000.0,2000.0,2000.0,2000.0,2000,2000,0.2
2008/07/03,2000.0,2000.0,2000.0,2000.0,1000,2000,0.2
2008/07/04,2050.0,2050.0,2050.0,2050.0,2000,2050,0.2
2008/07/07,2050.0,2050.0,2050.0,2050.0,2000,2050,0.2
2008/07/08,2050.0,2050.0,2050.0,2050.0,3000,2050,0.2
2008/07/09,2050.0,2050.0,2050.0,2050.0,1000,2050,0.2
2008/07/10,2050.0,2050.0,2050.0,2050.0,3000,2050,0.2
2008/07/14,2050.0,2050.0,2050.0,2050.0,2000,2050,0.2
2008/07/17,2050.0,2050.0,2050.0,2050.0,3000,2050,0.2
2008/07/18,2050.0,2050.0,2050.0,2050.0,3000,2050,0.2
2008/07/22,2050.0,2050.0,2050.0,2050.0,4000,2050,0.2
2008/08/07,2055.0,2055.0,2055.0,2055.0,3000,2055,0.2
2008/08/08,2055.0,2055.0,2055.0,2055.0,2000,2055,0.2
2008/08/22,2125.0,2125.0,2125.0,2125.0,8000,2125,0.2
2008/08/26,2290.0,2290.0,2290.0,2290.0,1000,2290,0.2
2008/08/29,2290.0,2290.0,2290.0,2290.0,2000,2290,0.2
2008/09/03,2290.0,2290.0,2290.0,2290.0,1000,2290,0.2
2008/09/04,2290.0,2290.0,2290.0,2290.0,3000,2290,0.2
2008/09/05,2290.0,2290.0,2290.0,2290.0,3000,2290,0.2
2008/09/09,2300.0,2300.0,2290.0,2290.0,4000,2290,0.2
2008/09/10,2290.0,2290.0,2290.0,2290.0,3000,2290,0.2
2008/09/11,2290.0,2290.0,2290.0,2290.0,3000,2290,0.2
2008/09/16,2290.0,2290.0,2290.0,2290.0,2000,2290,0.2
2008/09/18,2290.0,2290.0,2290.0,2290.0,1000,2290,0.2
2008/09/19,2290.0,2290.0,2290.0,2290.0,2000,2290,0.2
2008/09/22,2290.0,2295.0,2290.0,2295.0,8000,2295,0.2
2008/10/06,2295.0,2295.0,2295.0,2295.0,2000,2295,0.2
2008/10/08,2295.0,2295.0,2295.0,2295.0,1000,2295,0.2
2008/10/09,2245.0,2245.0,2245.0,2245.0,2000,2245,0.2
2008/10/16,2245.0,2245.0,2245.0,2245.0,1000,2245,0.2
2008/10/20,2315.0,2315.0,2315.0,2315.0,1000,2315,0.2
2008/10/23,2315.0,2315.0,2315.0,2315.0,2000,2315,0.2
2008/10/27,2385.0,2385.0,2385.0,2385.0,1000,2385,0.2
2008/10/28,2035.0,2035.0,2035.0,2035.0,1000,2035,0.2
2008/11/04,2040.0,2040.0,2035.0,2035.0,2000,2035,0.2
2008/11/05,2125.0,2125.0,2125.0,2125.0,2000,2125,0.2
2008/11/07,2125.0,2125.0,2125.0,2125.0,1000,2125,0.2
2008/11/13,2125.0,2125.0,2125.0,2125.0,1000,2125,0.2
2008/11/14,2125.0,2125.0,2125.0,2125.0,2000,2125,0.2
2008/11/21,2125.0,2125.0,2125.0,2125.0,2000,2125,0.2
2008/11/28,2125.0,2125.0,2125.0,2125.0,1000,2125,0.2
2008/12/04,2125.0,2125.0,2125.0,2125.0,1000,2125,0.2
2008/12/12,2125.0,2125.0,2125.0,2125.0,2000,2125,0.2
2008/12/22,2190.0,2190.0,2190.0,2190.0,1000,2190,0.2
2009/01/05,2190.0,2190.0,2190.0,2190.0,1000,2190,0.2
2009/01/06,2190.0,2190.0,2190.0,2190.0,1000,2190,0.2
2009/01/13,2190.0,2190.0,2190.0,2190.0,2000,2190,0.2
2009/01/14,2190.0,2190.0,2190.0,2190.0,2000,2190,0.2
2009/01/15,2185.0,2185.0,2185.0,2185.0,1000,2185,0.2
2009/01/16,2185.0,2185.0,2185.0,2185.0,1000,2185,0.2
2009/01/19,2180.0,2180.0,2180.0,2180.0,1000,2180,0.2
2009/01/26,1855.0,1855.0,1855.0,1855.0,2000,1855,0.2
2009/02/13,2145.0,2145.0,2145.0,2145.0,2000,2145,0.2
2009/02/20,2145.0,2145.0,2145.0,2145.0,1000,2145,0.2
2009/02/23,2145.0,2145.0,2145.0,2145.0,8000,2145,0.2
2009/03/05,2125.0,2125.0,2125.0,2125.0,1000,2125,0.2
2009/03/09,2125.0,2125.0,2125.0,2125.0,2000,2125,0.2
2009/03/11,2130.0,2130.0,2130.0,2130.0,1000,2130,0.2
2009/03/12,2130.0,2130.0,2130.0,2130.0,1000,2130,0.2
2009/03/16,2120.0,2120.0,2120.0,2120.0,32000,2120,0.2
2009/03/17,2120.0,2120.0,2120.0,2120.0,2000,2120,0.2
2009/03/23,2120.0,2120.0,2120.0,2120.0,2000,2120,0.2
2009/03/24,2120.0,2120.0,2120.0,2120.0,2000,2120,0.2
2009/03/25,2120.0,2120.0,2120.0,2120.0,1000,2120,0.2
2009/04/01,2120.0,2120.0,2120.0,2120.0,1000,2120,0.2
2009/04/15,2120.0,2120.0,2120.0,2120.0,2000,2120,0.2
2009/04/17,2120.0,2120.0,2120.0,2120.0,2000,2120,0.2
2009/04/20,2185.0,2185.0,2120.0,2120.0,3000,2120,0.2
2009/05/18,1945.0,1945.0,1945.0,1945.0,1000,1945,0.2
2009/05/19,1995.0,1995.0,1995.0,1995.0,1000,1995,0.2
2009/05/22,2060.0,2060.0,2060.0,2060.0,1000,2060,0.2
2009/05/26,2450.0,2450.0,2450.0,2450.0,1000,2450,0.2
2009/06/24,2100.0,2100.0,2100.0,2100.0,1000,2100,0.2
2009/06/25,2095.0,2095.0,2095.0,2095.0,1000,2095,0.2
2009/07/13,2095.0,2095.0,2095.0,2095.0,3000,2095,0.2
2009/07/15,2105.0,2105.0,2105.0,2105.0,2000,2105,0.2
2009/07/16,2190.0,2190.0,2190.0,2190.0,2000,2190,0.2
2009/07/22,2260.0,2260.0,2250.0,2250.0,4000,2250,0.2
2009/08/25,2145.0,2145.0,2145.0,2145.0,1000,2145,0.2
2009/09/10,2000.0,2000.0,2000.0,2000.0,2000,2000,0.2
2009/09/15,1975.0,1975.0,1975.0,1975.0,1000,1975,0.2
2009/09/16,1950.0,1950.0,1900.0,1900.0,2000,1900,0.2
2009/09/24,1960.0,1960.0,1960.0,1960.0,20000,1960,0.2
2009/09/25,1955.0,1955.0,1955.0,1955.0,1000,1955,0.2
2009/10/01,1780.0,1780.0,1780.0,1780.0,4000,1780,0.2
2009/10/02,1775.0,1775.0,1775.0,1775.0,1000,1775,0.2
2009/10/07,1770.0,1770.0,1770.0,1770.0,1000,1770,0.2
2009/10/08,1770.0,1770.0,1770.0,1770.0,1000,1770,0.2
2009/10/14,1850.0,1850.0,1850.0,1850.0,3000,1850,0.2
2009/10/20,1910.0,1910.0,1910.0,1910.0,1000,1910,0.2
2009/10/26,1835.0,1835.0,1825.0,1830.0,8000,1830,0.2
2009/10/27,1775.0,1775.0,1770.0,1770.0,2000,1770,0.2
2009/10/30,1775.0,1775.0,1775.0,1775.0,4000,1775,0.2
2009/11/02,1775.0,1800.0,1775.0,1800.0,2000,1800,0.2
2009/11/11,1875.0,1875.0,1875.0,1875.0,1000,1875,0.2
2009/11/13,1850.0,1850.0,1825.0,1825.0,2000,1825,0.2
2009/11/16,1800.0,1800.0,1800.0,1800.0,5000,1800,0.2
2009/11/20,1750.0,1750.0,1750.0,1750.0,1000,1750,0.2
2009/11/27,1750.0,1750.0,1750.0,1750.0,8000,1750,0.2
2009/12/11,1750.0,1750.0,1750.0,1750.0,1000,1750,0.2
2009/12/14,1800.0,1800.0,1750.0,1750.0,3000,1750,0.2
2009/12/16,1725.0,1725.0,1630.0,1630.0,3000,1630,0.2
2009/12/18,1630.0,1630.0,1630.0,1630.0,1000,1630,0.2
2009/12/21,1580.0,1580.0,1580.0,1580.0,1000,1580,0.2
2009/12/22,1650.0,1650.0,1630.0,1630.0,3000,1630,0.2
2009/12/25,1650.0,1650.0,1650.0,1650.0,1000,1650,0.2
2009/12/29,1655.0,1655.0,1650.0,1650.0,4000,1650,0.2
2009/12/30,1725.0,1725.0,1725.0,1725.0,1000,1725,0.2
2010/01/05,1605.0,1605.0,1605.0,1605.0,5000,1605,0.2
2010/01/07,1615.0,1615.0,1615.0,1615.0,2000,1615,0.2
2010/01/08,1665.0,1665.0,1665.0,1665.0,3000,1665,0.2
2010/01/13,1745.0,1745.0,1745.0,1745.0,1000,1745,0.2
2010/01/14,1745.0,1745.0,1745.0,1745.0,3000,1745,0.2
2010/01/15,1745.0,1745.0,1745.0,1745.0,3000,1745,0.2
2010/01/20,1780.0,1780.0,1780.0,1780.0,1000,1780,0.2
2010/01/25,1735.0,1735.0,1735.0,1735.0,1000,1735,0.2
2010/01/28,1660.0,1660.0,1660.0,1660.0,1000,1660,0.2
2010/02/01,1660.0,1660.0,1660.0,1660.0,1000,1660,0.2
2010/02/04,1700.0,1725.0,1700.0,1720.0,4000,1720,0.2
2010/02/08,1720.0,1720.0,1720.0,1720.0,3000,1720,0.2
2010/02/09,1720.0,1720.0,1720.0,1720.0,3000,1720,0.2
2010/02/10,1720.0,1720.0,1720.0,1720.0,3000,1720,0.2
2010/02/12,1720.0,1720.0,1720.0,1720.0,3000,1720,0.2
2010/02/17,1720.0,1720.0,1720.0,1720.0,3000,1720,0.2
2010/02/18,1720.0,1720.0,1720.0,1720.0,3000,1720,0.2
2010/02/19,1720.0,1720.0,1720.0,1720.0,3000,1720,0.2
2010/02/22,1775.0,1775.0,1775.0,1775.0,3000,1775,0.2
2010/02/24,1775.0,1775.0,1775.0,1775.0,3000,1775,0.2
2010/02/25,1775.0,1775.0,1775.0,1775.0,3000,1775,0.2
2010/02/26,1775.0,1775.0,1775.0,1775.0,3000,1775,0.2
2010/03/09,1780.0,1850.0,1780.0,1850.0,8000,1850,0.2
2010/03/10,1850.0,1850.0,1850.0,1850.0,3000,1850,0.2
2010/03/11,1850.0,1850.0,1850.0,1850.0,3000,1850,0.2
2010/03/15,1850.0,1850.0,1850.0,1850.0,3000,1850,0.2
2010/03/16,1850.0,1850.0,1850.0,1850.0,3000,1850,0.2
2010/03/17,1850.0,1850.0,1850.0,1850.0,3000,1850,0.2
2010/03/23,1850.0,1850.0,1850.0,1850.0,32000,1850,0.2
2010/03/25,1850.0,1850.0,1850.0,1850.0,3000,1850,0.2
2010/03/26,1850.0,1850.0,1850.0,1850.0,3000,1850,0.2
2010/03/30,1850.0,1850.0,1850.0,1850.0,3000,1850,0.2
2010/03/31,1850.0,1850.0,1850.0,1850.0,3000,1850,0.2
2010/04/01,1860.0,1860.0,1860.0,1860.0,1000,1860,0.2
2010/04/20,1920.0,1920.0,1920.0,1920.0,1000,1920,0.2
2010/05/06,2290.0,2290.0,2290.0,2290.0,1000,2290,0.2
2010/06/10,2225.0,2225.0,2225.0,2225.0,1000,2225,0.2
2010/06/21,1975.0,1975.0,1975.0,1975.0,1000,1975,0.2
2010/06/24,1850.0,1850.0,1850.0,1850.0,21000,1850,0.2
2010/06/25,1850.0,1850.0,1850.0,1850.0,32000,1850,0.2
2010/07/01,1850.0,1850.0,1850.0,1850.0,1000,1850,0.2
2010/07/20,1910.0,1910.0,1910.0,1910.0,1000,1910,0.2
2010/07/23,1875.0,1875.0,1875.0,1875.0,1000,1875,0.2
2010/07/28,1825.0,1825.0,1825.0,1825.0,1000,1825,0.2
2010/08/06,1750.0,1750.0,1750.0,1750.0,2000,1750,0.2
2010/08/11,1750.0,1750.0,1750.0,1750.0,2000,1750,0.2
2010/08/12,1750.0,1750.0,1750.0,1750.0,16000,1750,0.2
2010/08/16,1750.0,1750.0,1750.0,1750.0,16000,1750,0.2
2010/08/23,1805.0,1805.0,1805.0,1805.0,12000,1805,0.2
2010/08/24,1860.0,1860.0,1860.0,1860.0,1000,1860,0.2
2010/08/26,1860.0,1860.0,1660.0,1725.0,24000,1725,0.2
2010/09/21,1725.0,1725.0,1725.0,1725.0,1000,1725,0.2
2010/09/24,1725.0,1725.0,1725.0,1725.0,13000,1725,0.2
2010/09/30,1800.0,1800.0,1800.0,1800.0,1000,1800,0.2
2010/10/12,1910.0,1910.0,1910.0,1910.0,3000,1910,0.2
2010/10/13,1910.0,1910.0,1910.0,1910.0,3000,1910,0.2
2010/10/14,1910.0,1910.0,1910.0,1910.0,3000,1910,0.2
2010/10/15,1910.0,1910.0,1910.0,1910.0,1000,1910,0.2
2010/10/21,1910.0,1910.0,1910.0,1910.0,3000,1910,0.2
2010/10/22,1975.0,1975.0,1975.0,1975.0,2000,1975,0.2
2010/11/02,2010.0,2010.0,2010.0,2010.0,1000,2010,0.2
2010/11/04,2000.0,2000.0,2000.0,2000.0,2000,2000,0.2
2010/11/05,2000.0,2000.0,2000.0,2000.0,3000,2000,0.2
2010/11/22,2000.0,2000.0,2000.0,2000.0,1000,2000,0.2
2010/11/24,1995.0,1995.0,1995.0,1995.0,25000,1995,0.2
2010/12/09,1835.0,1835.0,1835.0,1835.0,1000,1835,0.2
2010/12/15,1835.0,1835.0,1835.0,1835.0,1000,1835,0.2
2010/12/17,1800.0,1800.0,1800.0,1800.0,1000,1800,0.2
2010/12/20,1855.0,1855.0,1855.0,1855.0,1000,1855,0.2
2010/12/21,1850.0,1850.0,1850.0,1850.0,2000,1850,0.2
2011/01/05,1775.0,1775.0,1775.0,1775.0,1000,1775,0.2
2011/01/12,1750.0,1750.0,1750.0,1750.0,3000,1750,0.2
2011/01/18,1750.0,1750.0,1750.0,1750.0,1000,1750,0.2
2011/01/25,1805.0,1805.0,1805.0,1805.0,1000,1805,0.2
2011/01/31,1850.0,1850.0,1850.0,1850.0,1000,1850,0.2
2011/02/01,1905.0,1905.0,1905.0,1905.0,1000,1905,0.2
2011/02/04,1850.0,1850.0,1850.0,1850.0,1000,1850,0.2
2011/02/07,1910.0,1910.0,1910.0,1910.0,4000,1910,0.2
2011/02/08,1950.0,1950.0,1950.0,1950.0,1000,1950,0.2
2011/02/21,1950.0,1950.0,1950.0,1950.0,1000,1950,0.2
2011/02/22,1950.0,1950.0,1950.0,1950.0,32000,1950,0.2
2011/03/08,1950.0,1950.0,1950.0,1950.0,3000,1950,0.2
2011/03/09,1950.0,1950.0,1950.0,1950.0,3000,1950,0.2
2011/03/10,1950.0,1950.0,1950.0,1950.0,3000,1950,0.2
2011/03/11,1950.0,1950.0,1950.0,1950.0,3000,1950,0.2
2011/03/14,1605.0,1605.0,1605.0,1605.0,1000,1605,0.2
2011/03/16,1645.0,1645.0,1645.0,1645.0,1000,1645,0.2
2011/03/29,1850.0,1850.0,1850.0,1850.0,1000,1850,0.2
2011/03/31,1995.0,1995.0,1995.0,1995.0,3000,1995,0.2
2011/04/05,1995.0,1995.0,1995.0,1995.0,3000,1995,0.2
2011/04/06,1995.0,1995.0,1995.0,1995.0,3000,1995,0.2
2011/04/07,1975.0,1975.0,1975.0,1975.0,3000,1975,0.2
2011/04/08,1975.0,1975.0,1975.0,1975.0,3000,1975,0.2
2011/04/18,1975.0,1975.0,1975.0,1975.0,3000,1975,0.2
2011/04/19,1975.0,1975.0,1975.0,1975.0,3000,1975,0.2
2011/04/20,1975.0,1975.0,1975.0,1975.0,4000,1975,0.2
2011/04/21,1975.0,1975.0,1975.0,1975.0,3000,1975,0.2
2011/04/22,1975.0,1975.0,1975.0,1975.0,3000,1975,0.2
2011/04/26,1950.0,1950.0,1950.0,1950.0,1000,1950,0.2
2011/05/02,2005.0,2005.0,2005.0,2005.0,1000,2005,0.2
2011/05/18,1850.0,1850.0,1850.0,1850.0,2000,1850,0.2
2011/05/20,1910.0,1910.0,1910.0,1910.0,1000,1910,0.2
2011/05/25,1850.0,1850.0,1850.0,1850.0,1000,1850,0.2
2011/06/06,1850.0,1850.0,1850.0,1850.0,3000,1850,0.2
2011/06/07,1850.0,1850.0,1850.0,1850.0,3000,1850,0.2
2011/06/08,1850.0,1850.0,1850.0,1850.0,3000,1850,0.2
2011/06/09,1850.0,1910.0,1850.0,1910.0,4000,1910,0.2
2011/06/10,1910.0,1910.0,1910.0,1910.0,3000,1910,0.2
2011/06/21,1910.0,1910.0,1910.0,1910.0,3000,1910,0.2
2011/06/22,1900.0,1900.0,1900.0,1900.0,3000,1900,0.2
2011/06/23,1900.0,1900.0,1900.0,1900.0,3000,1900,0.2
2011/06/24,1900.0,1900.0,1900.0,1900.0,3000,1900,0.2
2011/07/04,1900.0,1900.0,1900.0,1900.0,3000,1900,0.2
2011/07/05,1900.0,1900.0,1900.0,1900.0,3000,1900,0.2
2011/07/11,1900.0,1900.0,1900.0,1900.0,3000,1900,0.2
2011/07/12,1900.0,1900.0,1900.0,1900.0,1000,1900,0.2
2011/07/14,1900.0,1900.0,1900.0,1900.0,1000,1900,0.2
2011/07/20,1950.0,1950.0,1950.0,1950.0,4000,1950,0.2
2011/07/21,1950.0,1950.0,1950.0,1950.0,3000,1950,0.2
2011/07/22,1950.0,1950.0,1950.0,1950.0,3000,1950,0.2
2011/07/25,1950.0,1950.0,1950.0,1950.0,1000,1950,0.2
2011/07/29,1805.0,1805.0,1805.0,1805.0,1000,1805,0.2
2011/08/01,1855.0,1855.0,1855.0,1855.0,1000,1855,0.2
2011/08/17,1855.0,1855.0,1855.0,1855.0,1000,1855,0.2
2011/08/18,1945.0,1945.0,1945.0,1945.0,32000,1945,0.2
2011/08/22,1835.0,1850.0,1785.0,1785.0,7000,1785,0.2
2011/08/31,1850.0,1850.0,1850.0,1850.0,1000,1850,0.2
2011/09/02,1850.0,1900.0,1850.0,1900.0,2000,1900,0.2
2011/09/05,1940.0,1940.0,1940.0,1940.0,1000,1940,0.2
2011/09/20,1900.0,1900.0,1900.0,1900.0,1000,1900,0.2
2011/10/03,1850.0,1850.0,1850.0,1850.0,3000,1850,0.2
2011/10/05,2000.0,2000.0,2000.0,2000.0,3000,2000,0.2
2011/10/19,1830.0,1830.0,1830.0,1830.0,1000,1830,0.2
2011/10/20,1885.0,1885.0,1810.0,1810.0,3000,1810,0.2
2011/10/25,1865.0,1875.0,1865.0,1875.0,2000,1875,0.2
2011/10/26,1835.0,1865.0,1835.0,1865.0,2000,1865,0.2
2011/10/28,1845.0,1845.0,1845.0,1845.0,1000,1845,0.2
2011/11/01,1900.0,1900.0,1900.0,1900.0,1000,1900,0.2
2011/11/22,1770.0,1770.0,1770.0,1770.0,2000,1770,0.2
2011/11/24,1770.0,1770.0,1770.0,1770.0,23000,1770,0.2
2011/12/01,1770.0,1770.0,1770.0,1770.0,1000,1770,0.2
2011/12/13,1660.0,1815.0,1660.0,1815.0,25000,1815,0.2
2011/12/15,1710.0,1710.0,1710.0,1710.0,2000,1710,0.2
2011/12/19,1670.0,1670.0,1670.0,1670.0,3000,1670,0.2
2011/12/20,1725.0,1725.0,1725.0,1725.0,1000,1725,0.2
2011/12/22,1720.0,1720.0,1720.0,1720.0,1000,1720,0.2
2011/12/30,1800.0,1800.0,1800.0,1800.0,3000,1800,0.2
2012/01/04,1840.0,1840.0,1840.0,1840.0,1000,1840,0.2
2012/01/20,1840.0,1840.0,1840.0,1840.0,1000,1840,0.2
2012/01/25,1835.0,1835.0,1835.0,1835.0,1000,1835,0.2
2012/01/27,1835.0,1835.0,1835.0,1835.0,1000,1835,0.2
2012/01/30,1885.0,1885.0,1885.0,1885.0,3000,1885,0.2
2012/02/02,1845.0,1845.0,1775.0,1815.0,5000,1815,0.2
2012/02/03,1845.0,1845.0,1845.0,1845.0,1000,1845,0.2
2012/02/10,1870.0,1870.0,1870.0,1870.0,3000,1870,0.2
2012/02/15,1870.0,1870.0,1810.0,1810.0,5000,1810,0.2
2012/02/20,1810.0,1810.0,1810.0,1810.0,1000,1810,0.2
2012/02/21,1800.0,1800.0,1800.0,1800.0,2000,1800,0.2
2012/02/24,1800.0,1810.0,1800.0,1810.0,27000,1810,0.2
2012/03/08,1775.0,1775.0,1775.0,1775.0,1000,1775,0.2
2012/03/15,1795.0,1800.0,1795.0,1800.0,8000,1800,0.2
2012/03/21,1825.0,1825.0,1825.0,1825.0,1000,1825,0.2
2012/03/22,1825.0,1825.0,1825.0,1825.0,1000,1825,0.2
2012/03/23,1825.0,1825.0,1825.0,1825.0,1000,1825,0.2
2012/04/02,1775.0,1775.0,1775.0,1775.0,1000,1775,0.2
2012/04/25,1750.0,1750.0,1750.0,1750.0,1000,1750,0.2
2012/05/10,1695.0,1695.0,1695.0,1695.0,1000,1695,0.2
2012/05/21,1750.0,1750.0,1750.0,1750.0,1000,1750,0.2
2012/05/28,1645.0,1645.0,1645.0,1645.0,10000,1645,0.2
2012/06/05,1640.0,1640.0,1640.0,1640.0,3000,1640,0.2
2012/06/08,1360.0,1480.0,1360.0,1480.0,16000,1480,0.2
2012/06/11,1400.0,1400.0,1400.0,1400.0,2000,1400,0.2
2012/06/19,1400.0,1400.0,1400.0,1400.0,1000,1400,0.2
2012/06/20,1435.0,1435.0,1435.0,1435.0,1000,1435,0.2
2012/06/25,1400.0,1400.0,1400.0,1400.0,1000,1400,0.2
2012/06/28,1360.0,1360.0,1360.0,1360.0,2000,1360,0.2
2012/07/02,1400.0,1400.0,1400.0,1400.0,1000,1400,0.2
2012/07/09,1365.0,1365.0,1365.0,1365.0,2000,1365,0.2
2012/07/11,1355.0,1355.0,1355.0,1355.0,2000,1355,0.2
2012/07/13,1395.0,1450.0,1375.0,1375.0,11000,1375,0.2
2012/07/17,1375.0,1375.0,1375.0,1375.0,5000,1375,0.2
2012/07/19,1375.0,1375.0,1375.0,1375.0,1000,1375,0.2
2012/07/20,1385.0,1385.0,1385.0,1385.0,2000,1385,0.2
2012/07/24,1350.0,1350.0,1350.0,1350.0,5000,1350,0.2
2012/07/25,1395.0,1395.0,1395.0,1395.0,1000,1395,0.2
2012/07/30,1375.0,1375.0,1375.0,1375.0,2000,1375,0.2
2012/08/01,1375.0,1375.0,1375.0,1375.0,1000,1375,0.2
2012/08/06,1375.0,1400.0,1375.0,1400.0,9000,1400,0.2
2012/08/07,1400.0,1400.0,1400.0,1400.0,3000,1400,0.2
2012/08/08,1405.0,1450.0,1375.0,1375.0,16000,1375,0.2
2012/08/09,1375.0,1385.0,1375.0,1385.0,15000,1385,0.2
2012/08/14,1390.0,1450.0,1390.0,1450.0,2000,1450,0.2
2012/08/16,1450.0,1450.0,1450.0,1450.0,3000,1450,0.2
2012/08/17,1450.0,1450.0,1450.0,1450.0,3000,1450,0.2
2012/08/20,1470.0,1470.0,1470.0,1470.0,4000,1470,0.2
2012/08/21,1470.0,1470.0,1430.0,1430.0,4000,1430,0.2
2012/08/22,1430.0,1430.0,1430.0,1430.0,3000,1430,0.2
2012/08/23,1430.0,1430.0,1430.0,1430.0,3000,1430,0.2
2012/08/24,1470.0,1470.0,1470.0,1470.0,4000,1470,0.2
2012/08/27,1470.0,1470.0,1470.0,1470.0,3000,1470,0.2
2012/08/28,1470.0,1470.0,1470.0,1470.0,35000,1470,0.2
2012/08/29,1470.0,1470.0,1470.0,1470.0,3000,1470,0.2
2012/08/30,1470.0,1470.0,1470.0,1470.0,3000,1470,0.2
2012/08/31,1470.0,1470.0,1470.0,1470.0,3000,1470,0.2
2012/09/03,1470.0,1470.0,1470.0,1470.0,3000,1470,0.2
2012/09/05,1470.0,1470.0,1470.0,1470.0,3000,1470,0.2
2012/09/06,1470.0,1470.0,1470.0,1470.0,3000,1470,0.2
2012/09/07,1470.0,1470.0,1470.0,1470.0,3000,1470,0.2
2012/09/10,1470.0,1470.0,1470.0,1470.0,2000,1470,0.2
2012/09/11,1470.0,1470.0,1470.0,1470.0,1000,1470,0.2
2012/09/19,1470.0,1470.0,1470.0,1470.0,3000,1470,0.2
2012/09/20,1500.0,1500.0,1500.0,1500.0,4000,1500,0.2
2012/09/21,1500.0,1500.0,1500.0,1500.0,2000,1500,0.2
2012/09/25,1545.0,1545.0,1545.0,1545.0,1000,1545,0.2
2012/09/26,1545.0,1545.0,1535.0,1535.0,3000,1535,0.2
2012/09/27,1535.0,1535.0,1535.0,1535.0,2000,1535,0.2
2012/09/28,1535.0,1535.0,1535.0,1535.0,4000,1535,0.2
2012/10/12,1535.0,1535.0,1535.0,1535.0,1000,1535,0.2
2012/10/15,1745.0,1800.0,1745.0,1800.0,3000,1800,0.2
2012/10/16,1900.0,1935.0,1900.0,1935.0,2000,1935,0.2
2012/10/17,1910.0,1910.0,1910.0,1910.0,1000,1910,0.2
2012/10/22,1910.0,1910.0,1910.0,1910.0,2000,1910,0.2
2012/10/23,1910.0,1910.0,1910.0,1910.0,2000,1910,0.2
2012/10/24,1910.0,1910.0,1910.0,1910.0,2000,1910,0.2
2012/10/25,1910.0,1910.0,1900.0,1900.0,2000,1900,0.2
2012/10/29,1695.0,1695.0,1695.0,1695.0,1000,1695,0.2
2012/11/01,1745.0,1745.0,1745.0,1745.0,1000,1745,0.2
2012/11/02,1745.0,1745.0,1745.0,1745.0,2000,1745,0.2
2012/11/05,1745.0,1745.0,1745.0,1745.0,2000,1745,0.2
2012/11/08,1745.0,1745.0,1745.0,1745.0,2000,1745,0.2
2012/11/09,1745.0,1745.0,1745.0,1745.0,2000,1745,0.2
2012/11/12,1745.0,1745.0,1745.0,1745.0,2000,1745,0.2
2012/11/13,1745.0,1745.0,1745.0,1745.0,2000,1745,0.2
2012/11/14,1745.0,1745.0,1745.0,1745.0,2000,1745,0.2
2012/11/15,1745.0,1745.0,1745.0,1745.0,2000,1745,0.2
2012/11/16,1745.0,1745.0,1745.0,1745.0,2000,1745,0.2
2012/11/19,1745.0,1745.0,1745.0,1745.0,31000,1745,0.2
2012/11/20,1775.0,1775.0,1775.0,1775.0,3000,1775,0.2
2012/11/21,1795.0,1795.0,1795.0,1795.0,1000,1795,0.2
2012/11/22,1795.0,1795.0,1795.0,1795.0,3000,1795,0.2
2012/11/26,1795.0,1795.0,1795.0,1795.0,2000,1795,0.2
2012/11/28,1795.0,1795.0,1795.0,1795.0,2000,1795,0.2
2012/11/30,1795.0,1795.0,1795.0,1795.0,2000,1795,0.2
2012/12/03,1795.0,1795.0,1795.0,1795.0,2000,1795,0.2
2012/12/06,1795.0,1795.0,1795.0,1795.0,2000,1795,0.2
2012/12/07,1795.0,1795.0,1795.0,1795.0,2000,1795,0.2
2012/12/10,1795.0,1795.0,1795.0,1795.0,2000,1795,0.2
2012/12/11,1795.0,1795.0,1795.0,1795.0,2000,1795,0.2
2012/12/13,1795.0,1795.0,1680.0,1680.0,4000,1680,0.2
2012/12/17,1640.0,1640.0,1640.0,1640.0,5000,1640,0.2
2012/12/20,1700.0,1700.0,1700.0,1700.0,1000,1700,0.2
2012/12/21,1755.0,1755.0,1755.0,1755.0,3000,1755,0.2
2012/12/25,1805.0,1805.0,1805.0,1805.0,3000,1805,0.2
2012/12/27,1805.0,1805.0,1805.0,1805.0,1000,1805,0.2
2013/01/07,1910.0,1910.0,1900.0,1900.0,3000,1900,0.2
2013/01/08,1900.0,1900.0,1900.0,1900.0,2000,1900,0.2
2013/01/10,1900.0,1900.0,1900.0,1900.0,2000,1900,0.2
2013/01/11,1900.0,1900.0,1900.0,1900.0,2000,1900,0.2
2013/01/21,1740.0,1740.0,1740.0,1740.0,1000,1740,0.2
2013/01/25,1660.0,1700.0,1660.0,1700.0,2000,1700,0.2
2013/01/28,1890.0,1890.0,1890.0,1890.0,1000,1890,0.2
2013/01/30,1850.0,1900.0,1850.0,1895.0,17000,1895,0.2
2013/01/31,1895.0,1895.0,1850.0,1850.0,2000,1850,0.2
2013/02/05,1850.0,1850.0,1850.0,1850.0,2000,1850,0.2
2013/02/06,1850.0,1850.0,1850.0,1850.0,2000,1850,0.2
2013/02/07,1850.0,1850.0,1850.0,1850.0,2000,1850,0.2
2013/02/08,1890.0,1890.0,1890.0,1890.0,2000,1890,0.2
2013/02/12,1895.0,1895.0,1895.0,1895.0,4000,1895,0.2
2013/02/13,1895.0,1895.0,1895.0,1895.0,2000,1895,0.2
2013/02/14,1895.0,1895.0,1895.0,1895.0,2000,1895,0.2
2013/02/15,1895.0,1895.0,1895.0,1895.0,2000,1895,0.2
2013/02/18,1895.0,1895.0,1895.0,1895.0,3000,1895,0.2
2013/02/19,1895.0,1895.0,1895.0,1895.0,5000,1895,0.2
2013/02/20,1895.0,1895.0,1850.0,1850.0,3000,1850,0.2
2013/02/26,1850.0,1850.0,1850.0,1850.0,1000,1850,0.2
2013/02/27,1855.0,1880.0,1855.0,1880.0,5000,1880,0.2
2013/02/28,1880.0,1880.0,1880.0,1880.0,2000,1880,0.2
2013/03/01,1880.0,1880.0,1880.0,1880.0,2000,1880,0.2
2013/03/04,1880.0,1880.0,1880.0,1880.0,1000,1880,0.2
2013/03/15,1725.0,1725.0,1725.0,1725.0,1000,1725,0.2
2013/03/21,1780.0,1780.0,1780.0,1780.0,5000,1780,0.2
2013/03/25,1780.0,1780.0,1780.0,1780.0,3000,1780,0.2
2013/03/26,1750.0,1750.0,1750.0,1750.0,2000,1750,0.2
2013/03/27,1750.0,1870.0,1750.0,1870.0,12000,1870,0.2
2013/03/28,1870.0,1870.0,1870.0,1870.0,2000,1870,0.2
2013/03/29,1870.0,1870.0,1870.0,1870.0,2000,1870,0.2
2013/04/01,1870.0,1870.0,1870.0,1870.0,2000,1870,0.2
2013/04/02,1870.0,1870.0,1870.0,1870.0,2000,1870,0.2
2013/04/03,1870.0,1870.0,1870.0,1870.0,2000,1870,0.2
2013/04/04,1870.0,1870.0,1870.0,1870.0,2000,1870,0.2
2013/04/05,1870.0,1870.0,1870.0,1870.0,2000,1870,0.2
2013/04/22,1865.0,1865.0,1755.0,1755.0,2000,1755,0.2
2013/05/01,1835.0,1835.0,1835.0,1835.0,1000,1835,0.2
2013/05/13,1780.0,1780.0,1780.0,1780.0,1000,1780,0.2
2013/05/14,1775.0,1775.0,1770.0,1770.0,2000,1770,0.2
2013/05/15,1755.0,1755.0,1755.0,1755.0,1000,1755,0.2
2013/05/21,1860.0,1895.0,1755.0,1755.0,9000,1755,0.2
2013/05/24,1755.0,1755.0,1750.0,1750.0,2000,1750,0.2
2013/05/27,1750.0,1750.0,1750.0,1750.0,1000,1750,0.2
2013/05/29,1750.0,1750.0,1745.0,1745.0,5000,1745,0.2
2013/06/03,1745.0,1745.0,1745.0,1745.0,1000,1745,0.2
2013/06/04,1740.0,1740.0,1740.0,1740.0,1000,1740,0.2
2013/06/06,1600.0,1625.0,1600.0,1625.0,2000,1625,0.2
2013/06/18,1625.0,1625.0,1625.0,1625.0,2000,1625,0.2
2013/06/26,2070.0,2075.0,1675.0,1675.0,6000,1675,0.2
2013/07/04,1675.0,1675.0,1675.0,1675.0,1000,1675,0.2
2013/07/05,1675.0,1675.0,1675.0,1675.0,1000,1675,0.2
2013/07/08,1680.0,1680.0,1680.0,1680.0,1000,1680,0.2
2013/07/09,1680.0,1680.0,1680.0,1680.0,1000,1680,0.2
2013/07/10,1685.0,1685.0,1685.0,1685.0,1000,1685,0.2
2013/07/11,1725.0,1725.0,1725.0,1725.0,3000,1725,0.2
2013/07/12,1725.0,1725.0,1725.0,1725.0,2000,1725,0.2
2013/07/16,1725.0,1725.0,1725.0,1725.0,2000,1725,0.2
2013/07/17,1725.0,1725.0,1725.0,1725.0,2000,1725,0.2
2013/07/19,1725.0,1725.0,1725.0,1725.0,1000,1725,0.2
2013/07/22,1780.0,1780.0,1780.0,1780.0,3000,1780,0.2
2013/07/23,1775.0,1775.0,1775.0,1775.0,2000,1775,0.2
2013/07/24,1775.0,1775.0,1775.0,1775.0,1000,1775,0.2
2013/07/26,1780.0,1780.0,1780.0,1780.0,1000,1780,0.2
2013/07/29,1580.0,1580.0,1540.0,1540.0,2000,1540,0.2
2013/07/30,1620.0,1620.0,1620.0,1620.0,1000,1620,0.2
2013/07/31,1660.0,1660.0,1660.0,1660.0,1000,1660,0.2
2013/08/01,1700.0,1700.0,1700.0,1700.0,1000,1700,0.2
2013/08/23,1755.0,1755.0,1755.0,1755.0,1000,1755,0.2
2013/09/05,1635.0,1635.0,1635.0,1635.0,1000,1635,0.2
2013/09/06,1700.0,1700.0,1700.0,1700.0,16000,1700,0.2
2013/09/09,1700.0,1700.0,1700.0,1700.0,1000,1700,0.2
2013/09/11,1675.0,1745.0,1675.0,1745.0,3000,1745,0.2
2013/09/17,1725.0,1725.0,1700.0,1700.0,2000,1700,0.2
2013/09/20,1730.0,1730.0,1730.0,1730.0,1000,1730,0.2
2013/09/24,1730.0,1730.0,1705.0,1705.0,2000,1705,0.2
2013/09/25,1750.0,1750.0,1750.0,1750.0,1000,1750,0.2
2013/09/26,1750.0,1750.0,1750.0,1750.0,11000,1750,0.2
2013/09/27,1775.0,1785.0,1775.0,1785.0,6000,1785,0.2
2013/10/01,1825.0,1825.0,1825.0,1825.0,2000,1825,0.2
2013/10/03,2000.0,2000.0,1840.0,1840.0,4000,1840,0.2
2013/10/04,1875.0,1875.0,1875.0,1875.0,1000,1875,0.2
2013/10/07,1875.0,1875.0,1875.0,1875.0,1000,1875,0.2
2013/10/08,1775.0,1790.0,1775.0,1790.0,2000,1790,0.2
2013/10/09,1800.0,1800.0,1800.0,1800.0,2000,1800,0.2
2013/10/15,1840.0,1840.0,1840.0,1840.0,2000,1840,0.2
2013/10/16,1760.0,1960.0,1760.0,1865.0,40000,1865,0.2
2013/10/17,1890.0,1925.0,1890.0,1900.0,5000,1900,0.2
2013/10/18,1900.0,1955.0,1900.0,1955.0,5000,1955,0.2
2013/10/21,2355.0,2355.0,2250.0,2355.0,27000,2355,0.2
2013/10/22,2435.0,2455.0,2400.0,2400.0,15000,2400,0.2
2013/10/23,2400.0,2400.0,2355.0,2400.0,5000,2400,0.2
2013/10/24,2320.0,2320.0,2175.0,2245.0,6000,2245,0.2
2013/10/25,2250.0,2250.0,2250.0,2250.0,7000,2250,0.2
2013/10/28,2250.0,2250.0,2250.0,2250.0,5000,2250,0.2
2013/10/29,2115.0,2115.0,1960.0,2015.0,14000,2015,0.2
2013/10/30,2050.0,2050.0,2000.0,2000.0,6000,2000,0.2
2013/10/31,1995.0,1995.0,1990.0,1990.0,2000,1990,0.2
2013/11/11,1990.0,1990.0,1990.0,1990.0,1000,1990,0.2
2013/11/12,1925.0,1950.0,1925.0,1950.0,3000,1950,0.2
2013/11/20,2010.0,2010.0,2010.0,2010.0,4000,2010,0.2
2013/11/25,2075.0,2075.0,2075.0,2075.0,1000,2075,0.2
2013/12/02,2135.0,2145.0,2135.0,2145.0,2000,2145,0.2
2013/12/04,2150.0,2150.0,2150.0,2150.0,1000,2150,0.2
2013/12/05,2130.0,2130.0,2110.0,2110.0,2000,2110,0.2
2013/12/06,2150.0,2150.0,2150.0,2150.0,3000,2150,0.2
2013/12/10,2145.0,2150.0,2140.0,2140.0,7000,2140,0.2
2013/12/11,2150.0,2150.0,1960.0,1960.0,4000,1960,0.2
2013/12/12,1960.0,1960.0,1960.0,1960.0,1000,1960,0.2
2013/12/13,1925.0,1925.0,1920.0,1920.0,2000,1920,0.2
2013/12/18,1920.0,1920.0,1840.0,1840.0,2000,1840,0.2
2013/12/19,1875.0,1875.0,1875.0,1875.0,1000,1875,0.2
2013/12/20,1915.0,1915.0,1915.0,1915.0,3000,1915,0.2
2013/12/25,1915.0,1915.0,1915.0,1915.0,1000,1915,0.2
2013/12/27,1875.0,1875.0,1875.0,1875.0,2000,1875,0.2
2013/12/30,1955.0,1955.0,1955.0,1955.0,1000,1955,0.2
2014/01/06,1970.0,1975.0,1970.0,1975.0,3000,1975,0.2
2014/01/07,1950.0,1950.0,1950.0,1950.0,2000,1950,0.2
2014/01/08,2000.0,2000.0,2000.0,2000.0,5000,2000,0.2
2014/01/09,2015.0,2015.0,2000.0,2000.0,3000,2000,0.2
2014/01/10,2040.0,2040.0,2040.0,2040.0,1000,2040,0.2
2014/01/15,2005.0,2005.0,2005.0,2005.0,3000,2005,0.2
2014/01/16,2045.0,2045.0,2045.0,2045.0,1000,2045,0.2
2014/01/17,2025.0,2025.0,2025.0,2025.0,2000,2025,0.2
2014/01/20,2120.0,2150.0,2120.0,2145.0,4000,2145,0.2
2014/01/21,2200.0,2200.0,2150.0,2150.0,4000,2150,0.2
2014/01/23,2125.0,2125.0,2125.0,2125.0,1000,2125,0.2
2014/01/27,2010.0,2010.0,2010.0,2010.0,1000,2010,0.2
2014/01/30,2020.0,2020.0,2020.0,2020.0,2000,2020,0.2
2014/01/31,2000.0,2000.0,1960.0,1960.0,6000,1960,0.2
2014/02/03,1960.0,1975.0,1960.0,1975.0,5000,1975,0.2
2014/02/04,1975.0,2015.0,1975.0,2015.0,2000,2015,0.2
2014/02/05,2045.0,2045.0,2045.0,2045.0,1000,2045,0.2
2014/02/10,2110.0,2150.0,2110.0,2150.0,5000,2150,0.2
2014/02/12,2030.0,2110.0,2030.0,2110.0,3000,2110,0.2
2014/02/18,2050.0,2050.0,2050.0,2050.0,2000,2050,0.2
2014/02/20,2050.0,2050.0,2015.0,2015.0,4000,2015,0.2
2014/02/25,2040.0,2040.0,2040.0,2040.0,1000,2040,0.2
2014/02/26,2000.0,2000.0,2000.0,2000.0,1000,2000,0.2
2014/02/28,1920.0,1920.0,1920.0,1920.0,1000,1920,0.2
2014/03/03,1975.0,1975.0,1975.0,1975.0,1000,1975,0.2
2014/03/20,2035.0,2035.0,2035.0,2035.0,3000,2035,0.2
2014/03/24,1875.0,1875.0,1875.0,1875.0,1000,1875,0.2
2014/03/31,1915.0,1915.0,1915.0,1915.0,1000,1915,0.2
2014/04/04,1875.0,1875.0,1875.0,1875.0,1000,1875,0.2
2014/04/09,1875.0,1875.0,1875.0,1875.0,1000,1875,0.2
2014/04/17,1915.0,1915.0,1915.0,1915.0,1000,1915,0.2
2014/04/21,1915.0,1915.0,1910.0,1910.0,4000,1910,0.2
2014/04/25,1970.0,1970.0,1970.0,1970.0,1000,1970,0.2
2014/05/19,1950.0,1950.0,1900.0,1900.0,3000,1900,0.2
2014/05/20,1960.0,1960.0,1960.0,1960.0,3000,1960,0.2
2014/05/23,1960.0,1960.0,1960.0,1960.0,1000,1960,0.2
2014/05/27,1960.0,1965.0,1960.0,1965.0,3000,1965,0.2
2014/06/03,2220.0,2220.0,2020.0,2020.0,2000,2020,0.2
2014/06/11,1910.0,1910.0,1910.0,1910.0,1000,1910,0.2
2014/06/16,1990.0,1990.0,1990.0,1990.0,1000,1990,0.2
2014/06/24,2050.0,2050.0,2050.0,2050.0,2000,2050,0.2
2014/06/25,2115.0,2115.0,2115.0,2115.0,2000,2115,0.2
2014/06/26,1970.0,1980.0,1970.0,1975.0,7000,1975,0.2
2014/06/27,1950.0,1950.0,1950.0,1950.0,1000,1950,0.2
2014/06/30,1975.0,2015.0,1975.0,2015.0,2000,2015,0.2
2014/07/01,2055.0,2055.0,2055.0,2055.0,1000,2055,0.2
2014/07/02,1955.0,1990.0,1955.0,1990.0,7000,1990,0.2
2014/07/03,1975.0,1995.0,1975.0,1995.0,2000,1995,0.2
2014/07/07,1990.0,1990.0,1990.0,1990.0,1000,1990,0.2
2014/07/08,1990.0,1990.0,1990.0,1990.0,1000,1990,0.2
2014/07/10,1985.0,1995.0,1985.0,1995.0,2000,1995,0.2
2014/07/14,2000.0,2000.0,2000.0,2000.0,2000,2000,0.2
2014/07/15,2000.0,2065.0,2000.0,2065.0,3000,2065,0.2
2014/07/16,2105.0,2105.0,2105.0,2105.0,1000,2105,0.2
2014/07/17,2025.0,2025.0,2005.0,2005.0,3000,2005,0.2
2014/07/18,2000.0,2025.0,2000.0,2025.0,2000,2025,0.2
2014/07/22,2065.0,2065.0,2065.0,2065.0,3000,2065,0.2
2014/07/24,2105.0,2105.0,2105.0,2105.0,1000,2105,0.2
2014/07/25,2170.0,2170.0,2170.0,2170.0,2000,2170,0.2
2014/07/28,2170.0,2170.0,2170.0,2170.0,1000,2170,0.2
2014/08/13,2065.0,2065.0,2065.0,2065.0,1000,2065,0.2
2014/08/20,2105.0,2105.0,2105.0,2105.0,4000,2105,0.2
2014/08/21,2145.0,2145.0,2145.0,2145.0,1000,2145,0.2
2014/08/27,2100.0,2100.0,2100.0,2100.0,1000,2100,0.2
2014/08/28,2060.0,2060.0,2060.0,2060.0,2000,2060,0.2
2014/09/01,2095.0,2095.0,2095.0,2095.0,2000,2095,0.2
2014/09/03,2030.0,2030.0,2030.0,2030.0,2000,2030,0.2
2014/09/04,2070.0,2070.0,2070.0,2070.0,2000,2070,0.2
2014/09/05,2060.0,2080.0,2055.0,2080.0,3000,2080,0.2
2014/09/08,2080.0,2080.0,2040.0,2080.0,9000,2080,0.2
2014/09/09,2080.0,2080.0,2030.0,2030.0,4000,2030,0.2
2014/09/11,2030.0,2030.0,2030.0,2030.0,1000,2030,0.2
2014/09/12,2050.0,2060.0,2050.0,2050.0,4000,2050,0.2
2014/09/16,2050.0,2050.0,2040.0,2040.0,3000,2040,0.2
2014/09/17,2040.0,2060.0,2040.0,2060.0,2000,2060,0.2
2014/09/18,2065.0,2105.0,2065.0,2105.0,3000,2105,0.2
2014/09/19,2105.0,2115.0,2105.0,2115.0,2000,2115,0.2
2014/09/22,2135.0,2135.0,2135.0,2135.0,4000,2135,0.2
2014/09/25,2145.0,2185.0,2140.0,2140.0,6000,2140,0.2
2014/09/26,2180.0,2390.0,2180.0,2390.0,8000,2390,0.2
2014/09/29,2375.0,2535.0,2375.0,2500.0,13000,2500,0.2
2014/09/30,2425.0,2535.0,2425.0,2430.0,8000,2430,0.2
2014/10/01,2450.0,2450.0,2450.0,2450.0,1000,2450,0.2
2014/10/02,2430.0,2550.0,2430.0,2550.0,3000,2550,0.2
2014/10/03,2495.0,2500.0,2495.0,2500.0,4000,2500,0.2
2014/10/07,2460.0,2495.0,2455.0,2455.0,4000,2455,0.2
2014/10/08,2500.0,2500.0,2500.0,2500.0,4000,2500,0.2
2014/10/09,2475.0,2475.0,2475.0,2475.0,1000,2475,0.2
2014/10/14,2390.0,2390.0,2390.0,2390.0,1000,2390,0.2
2014/10/15,2350.0,2375.0,2350.0,2350.0,3000,2350,0.2
2014/10/16,2285.0,2285.0,2285.0,2285.0,2000,2285,0.2
2014/10/20,2325.0,2405.0,2325.0,2405.0,5000,2405,0.2
2014/10/21,2325.0,2325.0,2305.0,2305.0,3000,2305,0.2
2014/10/23,2265.0,2315.0,2265.0,2315.0,3000,2315,0.2
2014/10/24,2350.0,2350.0,2310.0,2310.0,3000,2310,0.2
2014/10/27,2310.0,2340.0,2310.0,2340.0,3000,2340,0.2
2014/10/28,2320.0,2320.0,2275.0,2275.0,5000,2275,0.2
2014/10/29,2135.0,2135.0,2035.0,2035.0,9000,2035,0.2
2014/10/30,2095.0,2095.0,2085.0,2085.0,2000,2085,0.2
2014/10/31,2070.0,2125.0,2070.0,2125.0,5000,2125,0.2
2014/11/04,2085.0,2125.0,2085.0,2125.0,3000,2125,0.2
2014/11/05,2085.0,2085.0,2065.0,2065.0,4000,2065,0.2
2014/11/06,2100.0,2140.0,2100.0,2140.0,3000,2140,0.2
2014/11/07,2120.0,2130.0,2105.0,2125.0,6000,2125,0.2
2014/11/10,2095.0,2110.0,2095.0,2110.0,3000,2110,0.2
2014/11/11,2075.0,2075.0,2075.0,2075.0,4000,2075,0.2
2014/11/12,2075.0,2075.0,2075.0,2075.0,5000,2075,0.2
2014/11/14,2075.0,2075.0,2010.0,2015.0,10000,2015,0.2
2014/11/17,2015.0,2015.0,2015.0,2015.0,1000,2015,0.2
2014/11/18,2025.0,2025.0,2025.0,2025.0,1000,2025,0.2
2014/11/20,2085.0,2085.0,2040.0,2040.0,6000,2040,0.2
2014/11/21,2040.0,2040.0,2040.0,2040.0,2000,2040,0.2
2014/11/25,2070.0,2070.0,2070.0,2070.0,1000,2070,0.2
2014/11/26,2040.0,2040.0,2040.0,2040.0,2000,2040,0.2
2014/12/01,2040.0,2040.0,2040.0,2040.0,2000,2040,0.2
2014/12/03,2045.0,2045.0,2040.0,2040.0,2000,2040,0.2
2014/12/04,2080.0,2080.0,2080.0,2080.0,1000,2080,0.2
2014/12/05,2040.0,2060.0,2040.0,2060.0,4000,2060,0.2
2014/12/08,2060.0,2090.0,2060.0,2065.0,7000,2065,0.2
2014/12/10,2065.0,2065.0,2065.0,2065.0,1000,2065,0.2
2014/12/16,2100.0,2115.0,2100.0,2115.0,4000,2115,0.2
2014/12/17,2080.0,2080.0,2065.0,2065.0,2000,2065,0.2
2014/12/19,2100.0,2100.0,2100.0,2100.0,2000,2100,0.2
2014/12/22,2115.0,2115.0,2115.0,2115.0,3000,2115,0.2
2014/12/24,2085.0,2100.0,2085.0,2100.0,2000,2100,0.2
2014/12/25,2100.0,2115.0,2100.0,2115.0,2000,2115,0.2
2014/12/29,2075.0,2075.0,2075.0,2075.0,1000,2075,0.2
2015/01/05,2075.0,2075.0,2075.0,2075.0,1000,2075,0.2
2015/01/13,2125.0,2125.0,2125.0,2125.0,1000,2125,0.2
2015/01/14,2125.0,2125.0,2125.0,2125.0,1000,2125,0.2
2015/01/15,2125.0,2165.0,2125.0,2165.0,3000,2165,0.2
2015/01/16,2165.0,2185.0,2105.0,2145.0,5000,2145,0.2
2015/01/19,2225.0,2225.0,2225.0,2225.0,1000,2225,0.2
2015/01/20,2145.0,2155.0,2135.0,2155.0,9000,2155,0.2
2015/01/21,2115.0,2145.0,2115.0,2140.0,7000,2140,0.2
2015/01/23,2170.0,2170.0,2170.0,2170.0,1000,2170,0.2
2015/01/26,2150.0,2150.0,2150.0,2150.0,1000,2150,0.2
2015/01/29,2105.0,2105.0,2100.0,2100.0,5000,2100,0.2
2015/02/02,2120.0,2120.0,2120.0,2120.0,1000,2120,0.2
2015/02/03,2120.0,2125.0,2120.0,2125.0,2000,2125,0.2
2015/02/04,2125.0,2135.0,2125.0,2135.0,2000,2135,0.2
2015/02/05,2095.0,2095.0,2095.0,2095.0,1000,2095,0.2
2015/02/06,2125.0,2125.0,2125.0,2125.0,1000,2125,0.2
2015/02/10,2140.0,2170.0,2130.0,2170.0,8000,2170,0.2
2015/02/16,2185.0,2185.0,2185.0,2185.0,1000,2185,0.2
2015/02/17,2130.0,2170.0,2130.0,2170.0,2000,2170,0.2
2015/02/18,2230.0,2230.0,2230.0,2230.0,1000,2230,0.2
2015/02/19,2150.0,2175.0,2150.0,2175.0,7000,2175,0.2
2015/02/20,2235.0,2235.0,2225.0,2225.0,4000,2225,0.2
2015/02/23,2250.0,2255.0,2160.0,2160.0,4000,2160,0.2
2015/02/24,2160.0,2160.0,2160.0,2160.0,1000,2160,0.2
2015/02/27,2280.0,2380.0,2200.0,2220.0,7000,2220,0.2
2015/03/04,2220.0,2220.0,2220.0,2220.0,1000,2220,0.2
2015/03/05,2205.0,2295.0,2205.0,2290.0,6000,2290,0.2
2015/03/06,2300.0,2305.0,2290.0,2290.0,10000,2290,0.2
2015/03/10,2200.0,2200.0,2195.0,2195.0,4000,2195,0.2
2015/03/11,2150.0,2185.0,2145.0,2185.0,5000,2185,0.2
2015/03/12,2225.0,2225.0,2160.0,2195.0,7000,2195,0.2
2015/03/16,2190.0,2195.0,2190.0,2195.0,3000,2195,0.2
2015/03/17,2195.0,2245.0,2195.0,2245.0,4000,2245,0.2
2015/03/18,2275.0,2275.0,2200.0,2240.0,8000,2240,0.2
2015/03/19,2250.0,2265.0,2250.0,2265.0,2000,2265,0.2
2015/03/20,2280.0,2280.0,2280.0,2280.0,2000,2280,0.2
2015/03/25,2255.0,2255.0,2255.0,2255.0,1000,2255,0.2
2015/03/26,2215.0,2275.0,2215.0,2275.0,5000,2275,0.2
2015/03/31,2270.0,2270.0,2250.0,2250.0,2000,2250,0.2
2015/04/01,2250.0,2250.0,2245.0,2250.0,3000,2250,0.2
2015/04/08,2290.0,2290.0,2290.0,2290.0,1000,2290,0.2
2015/04/10,2240.0,2240.0,2240.0,2240.0,2000,2240,0.2
2015/04/13,2240.0,2240.0,2240.0,2240.0,1000,2240,0.2
2015/04/14,2250.0,2250.0,2250.0,2250.0,2000,2250,0.2
2015/04/15,2250.0,2290.0,2250.0,2290.0,2000,2290,0.2
2015/04/17,2250.0,2250.0,2250.0,2250.0,2000,2250,0.2
2015/04/20,2250.0,2295.0,2250.0,2295.0,4000,2295,0.2
2015/04/22,2295.0,2295.0,2295.0,2295.0,1000,2295,0.2
2015/04/24,2305.0,2305.0,2270.0,2270.0,3000,2270,0.2
2015/04/27,2265.0,2315.0,2255.0,2315.0,4000,2315,0.2
2015/04/28,2315.0,2315.0,2315.0,2315.0,1000,2315,0.2
2015/05/08,2320.0,2320.0,2235.0,2250.0,12000,2250,0.2
2015/05/11,2250.0,2250.0,2250.0,2250.0,1000,2250,0.2
2015/05/13,2250.0,2250.0,2250.0,2250.0,4000,2250,0.2
2015/05/14,2250.0,2250.0,2250.0,2250.0,1000,2250,0.2
2015/05/18,2210.0,2210.0,2205.0,2210.0,3000,2210,0.2
2015/05/19,2245.0,2260.0,2245.0,2260.0,5000,2260,0.2
2015/05/20,2255.0,2255.0,2250.0,2250.0,4000,2250,0.2
2015/05/25,2250.0,2250.0,2250.0,2250.0,2000,2250,0.2
2015/05/27,2250.0,2250.0,2250.0,2250.0,1000,2250,0.2
2015/05/28,2290.0,2290.0,2290.0,2290.0,1000,2290,0.2
2015/05/29,2290.0,2290.0,2290.0,2290.0,1000,2290,0.2
2015/06/01,2275.0,2310.0,2255.0,2310.0,8000,2310,0.2
2015/06/02,2275.0,2310.0,2250.0,2280.0,11000,2280,0.2
2015/06/03,2310.0,2350.0,2310.0,2345.0,8000,2345,0.2
2015/06/04,2375.0,2375.0,2305.0,2305.0,6000,2305,0.2
2015/06/05,2305.0,2385.0,2305.0,2385.0,10000,2385,0.2
2015/06/08,2555.0,2555.0,2300.0,2375.0,46000,2375,0.2
2015/06/09,2350.0,2350.0,2330.0,2330.0,3000,2330,0.2
2015/06/10,2330.0,2395.0,2330.0,2395.0,2000,2395,0.2
2015/06/11,2355.0,2380.0,2355.0,2380.0,2000,2380,0.2
2015/06/15,2380.0,2380.0,2380.0,2380.0,2000,2380,0.2
2015/06/16,2420.0,2420.0,2415.0,2415.0,3000,2415,0.2
2015/06/17,2375.0,2375.0,2375.0,2375.0,1000,2375,0.2
2015/06/18,2350.0,2350.0,2350.0,2350.0,3000,2350,0.2
2015/06/19,2355.0,2355.0,2355.0,2355.0,1000,2355,0.2
2015/06/22,2420.0,2420.0,2410.0,2410.0,2000,2410,0.2
2015/06/23,2455.0,2455.0,2455.0,2455.0,2000,2455,0.2
2015/06/24,2415.0,2455.0,2400.0,2400.0,4000,2400,0.2
2015/06/25,2400.0,2400.0,2365.0,2365.0,4000,2365,0.2
2015/06/26,2360.0,2385.0,2360.0,2375.0,5000,2375,0.2
2015/06/29,2335.0,2335.0,2335.0,2335.0,3000,2335,0.2
2015/06/30,2335.0,2335.0,2335.0,2335.0,1000,2335,0.2
2015/07/01,2375.0,2375.0,2375.0,2375.0,1000,2375,0.2
2015/07/06,2375.0,2375.0,2340.0,2340.0,2000,2340,0.2
2015/07/07,2340.0,2340.0,2340.0,2340.0,2000,2340,0.2
2015/07/08,2335.0,2335.0,2335.0,2335.0,2000,2335,0.2
2015/07/09,2300.0,2300.0,2300.0,2300.0,2000,2300,0.2
2015/07/10,2260.0,2300.0,2260.0,2300.0,2000,2300,0.2
2015/07/13,2300.0,2320.0,2300.0,2320.0,3000,2320,0.2
2015/07/14,2325.0,2485.0,2305.0,2485.0,5000,2485,0.2
2015/07/16,2465.0,2490.0,2465.0,2490.0,2000,2490,0.2
2015/07/21,2485.0,2485.0,2485.0,2485.0,1000,2485,0.2
2015/07/22,2390.0,2470.0,2390.0,2425.0,5000,2425,0.2
2015/07/23,2425.0,2425.0,2415.0,2415.0,4000,2415,0.2
2015/07/27,2340.0,2370.0,2340.0,2370.0,4000,2370,0.2
2015/07/29,2410.0,2415.0,2410.0,2415.0,3000,2415,0.2
2015/07/30,2410.0,2450.0,2410.0,2450.0,2000,2450,0.2
2015/07/31,2400.0,2425.0,2380.0,2425.0,6000,2425,0.2
2015/08/03,2465.0,2465.0,2465.0,2465.0,1000,2465,0.2
2015/08/10,2385.0,2385.0,2375.0,2375.0,2000,2375,0.2
2015/08/11,2375.0,2375.0,2375.0,2375.0,1000,2375,0.2
2015/08/12,2375.0,2375.0,2370.0,2370.0,2000,2370,0.2
2015/08/13,2405.0,2410.0,2400.0,2400.0,4000,2400,0.2
2015/08/17,2410.0,2420.0,2410.0,2420.0,2000,2420,0.2
2015/08/20,2495.0,2495.0,2495.0,2495.0,1000,2495,0.2
2015/08/21,2430.0,2430.0,2420.0,2420.0,2000,2420,0.2
2015/08/24,2350.0,2350.0,2310.0,2310.0,2000,2310,0.2
2015/08/25,2230.0,2260.0,2195.0,2260.0,5000,2260,0.2
2015/08/27,2300.0,2300.0,2300.0,2300.0,1000,2300,0.2
2015/08/31,2445.0,2445.0,2440.0,2445.0,6000,2445,0.2
2015/09/01,2335.0,2340.0,2330.0,2340.0,4000,2340,0.2
2015/09/02,2350.0,2350.0,2350.0,2350.0,2000,2350,0.2
2015/09/03,2375.0,2400.0,2375.0,2400.0,3000,2400,0.2
2015/09/04,2440.0,2440.0,2325.0,2400.0,8000,2400,0.2
2015/09/07,2480.0,2490.0,2345.0,2365.0,26000,2365,0.2
2015/09/08,2375.0,2395.0,2315.0,2395.0,6000,2395,0.2
2015/09/09,2340.0,2445.0,2340.0,2390.0,11000,2390,0.2
2015/09/10,2390.0,2390.0,2375.0,2375.0,3000,2375,0.2
2015/09/11,2385.0,2385.0,2385.0,2385.0,2000,2385,0.2
2015/09/14,2385.0,2420.0,2385.0,2420.0,2000,2420,0.2
2015/09/16,2415.0,2415.0,2415.0,2415.0,2000,2415,0.2
2015/09/17,2425.0,2425.0,2415.0,2415.0,3000,2415,0.2
2015/09/18,2430.0,2430.0,2425.0,2425.0,3000,2425,0.2
2015/09/24,2465.0,2465.0,2430.0,2435.0,24000,2435,0.2
2015/09/25,2450.0,2520.0,2450.0,2480.0,7000,2480,0.2
2015/09/28,2520.0,2575.0,2485.0,2525.0,10000,2525,0.2
2015/09/29,2530.0,2530.0,2500.0,2500.0,4000,2500,0.2
2015/09/30,2500.0,2505.0,2500.0,2505.0,4000,2505,0.2
2015/10/01,2515.0,2520.0,2515.0,2520.0,5000,2520,0.2
2015/10/02,2525.0,2570.0,2525.0,2570.0,8000,2570,0.2
2015/10/05,2600.0,2720.0,2600.0,2645.0,24000,2645,0.2
2015/10/06,2655.0,2870.0,2655.0,2775.0,33000,2775,0.2
2015/10/07,2755.0,2800.0,2755.0,2755.0,8000,2755,0.2
2015/10/08,2775.0,2775.0,2775.0,2775.0,2000,2775,0.2
2015/10/09,2755.0,2755.0,2750.0,2750.0,2000,2750,0.2
2015/10/13,2775.0,2850.0,2775.0,2850.0,10000,2850,0.2
2015/10/14,2830.0,2830.0,2790.0,2830.0,8000,2830,0.2
2015/10/15,2825.0,2830.0,2810.0,2810.0,5000,2810,0.2
2015/10/16,2810.0,2810.0,2780.0,2785.0,8000,2785,0.2
2015/10/19,2765.0,2820.0,2765.0,2785.0,6000,2785,0.2
2015/10/20,2795.0,2800.0,2780.0,2780.0,6000,2780,0.2
2015/10/21,2800.0,2840.0,2795.0,2830.0,8000,2830,0.2
2015/10/22,2810.0,2860.0,2810.0,2860.0,13000,2860,0.2
2015/10/23,2950.0,3000.0,2900.0,2905.0,24000,2905,0.2
2015/10/26,2930.0,3035.0,2930.0,2980.0,35000,2980,0.2
2015/10/27,2880.0,3095.0,2880.0,2965.0,22000,2965,0.2
2015/10/28,2740.0,2740.0,2600.0,2710.0,30000,2710,0.2
2015/10/29,2660.0,2665.0,2630.0,2630.0,6000,2630,0.2
2015/10/30,2665.0,2665.0,2625.0,2635.0,5000,2635,0.2
2015/11/02,2625.0,2625.0,2585.0,2585.0,5000,2585,0.2
2015/11/04,2600.0,2600.0,2550.0,2550.0,7000,2550,0.2
2015/11/05,2500.0,2500.0,2380.0,2410.0,28000,2410,0.2
2015/11/06,2405.0,2405.0,2380.0,2380.0,10000,2380,0.2
2015/11/09,2440.0,2440.0,2360.0,2385.0,14000,2385,0.2
2015/11/10,2420.0,2420.0,2420.0,2420.0,6000,2420,0.2
2015/11/13,2400.0,2400.0,2385.0,2385.0,4000,2385,0.2
2015/11/16,2385.0,2385.0,2365.0,2365.0,4000,2365,0.2
2015/11/17,2375.0,2375.0,2375.0,2375.0,1000,2375,0.2
2015/11/18,2385.0,2390.0,2385.0,2390.0,2000,2390,0.2
2015/11/19,2445.0,2450.0,2410.0,2410.0,3000,2410,0.2
2015/11/20,2445.0,2445.0,2400.0,2405.0,9000,2405,0.2
2015/11/24,2405.0,2425.0,2405.0,2425.0,2000,2425,0.2
2015/11/25,2410.0,2410.0,2410.0,2410.0,3000,2410,0.2
2015/11/26,2420.0,2420.0,2420.0,2420.0,1000,2420,0.2
2015/11/30,2420.0,2440.0,2420.0,2425.0,4000,2425,0.2
2015/12/01,2455.0,2465.0,2450.0,2450.0,13000,2450,0.2
2015/12/02,2485.0,2485.0,2475.0,2475.0,3000,2475,0.2
2015/12/03,2510.0,2510.0,2485.0,2485.0,5000,2485,0.2
2015/12/04,2520.0,2520.0,2490.0,2490.0,5000,2490,0.2
2015/12/08,2515.0,2515.0,2500.0,2500.0,4000,2500,0.2
2015/12/09,2500.0,2500.0,2485.0,2485.0,5000,2485,0.2
2015/12/10,2465.0,2475.0,2450.0,2450.0,5000,2450,0.2
2015/12/11,2350.0,2375.0,2325.0,2355.0,22000,2355,0.2
2015/12/14,2395.0,2395.0,2395.0,2395.0,2000,2395,0.2
2015/12/16,2335.0,2360.0,2330.0,2330.0,7000,2330,0.2
2015/12/18,2330.0,2330.0,2330.0,2330.0,1000,2330,0.2
2015/12/21,2325.0,2325.0,2315.0,2325.0,12000,2325,0.2
2015/12/22,2325.0,2325.0,2310.0,2310.0,27000,2310,0.2
2015/12/24,2305.0,2305.0,2305.0,2305.0,1000,2305,0.2
2015/12/25,2300.0,2300.0,2210.0,2210.0,16000,2210,0.2
2015/12/30,2330.0,2330.0,2330.0,2330.0,2000,2330,0.2
2016/01/04,2370.0,2370.0,2330.0,2330.0,2000,2330,0.2
2016/01/05,2300.0,2300.0,2300.0,2300.0,1000,2300,0.2
2016/01/06,2340.0,2340.0,2340.0,2340.0,1000,2340,0.2
2016/01/07,2280.0,2280.0,2280.0,2280.0,3000,2280,0.2
2016/01/12,2245.0,2245.0,2205.0,2205.0,2000,2205,0.2
2016/01/13,2285.0,2285.0,2285.0,2285.0,1000,2285,0.2
2016/01/18,2220.0,2220.0,2210.0,2210.0,2000,2210,0.2
2016/01/20,2265.0,2265.0,2265.0,2265.0,1000,2265,0.2
2016/01/25,2265.0,2265.0,2250.0,2250.0,2000,2250,0.2
2016/01/27,2290.0,2290.0,2290.0,2290.0,1000,2290,0.2
2016/01/29,2290.0,2290.0,2290.0,2290.0,1000,2290,0.2
2016/02/09,2290.0,2290.0,2290.0,2290.0,5000,2290,0.2
2016/02/12,2280.0,2280.0,2050.0,2050.0,3000,2050,0.2
2016/02/15,2050.0,2050.0,2050.0,2050.0,3000,2050,0.2
2016/02/16,2130.0,2130.0,2130.0,2130.0,5000,2130,0.2
2016/02/22,2195.0,2195.0,2195.0,2195.0,2000,2195,0.2
2016/02/23,2235.0,2235.0,2180.0,2180.0,2000,2180,0.2
2016/02/24,2180.0,2180.0,2180.0,2180.0,1000,2180,0.2
2016/02/25,2250.0,2250.0,2250.0,2250.0,1000,2250,0.2
2016/02/26,2185.0,2200.0,2185.0,2200.0,2000,2200,0.2
2016/03/01,2240.0,2240.0,2240.0,2240.0,1000,2240,0.2
2016/03/07,2160.0,2160.0,2085.0,2085.0,5000,2085,0.2
2016/03/08,2125.0,2125.0,2125.0,2125.0,1000,2125,0.2
2016/03/17,2205.0,2205.0,2205.0,2205.0,1000,2205,0.2
2016/03/22,2220.0,2220.0,2220.0,2220.0,1000,2220,0.2
2016/03/28,2205.0,2205.0,2205.0,2205.0,3000,2205,0.2
2016/03/29,2250.0,2250.0,2250.0,2250.0,1000,2250,0.2
2016/04/08,2140.0,2140.0,2125.0,2125.0,3000,2125,0.2
2016/04/18,2090.0,2090.0,2090.0,2090.0,1000,2090,0.2
2016/04/20,2125.0,2125.0,2125.0,2125.0,1000,2125,0.2
2016/04/22,2045.0,2055.0,2045.0,2055.0,17000,2055,0.2
2016/04/25,2090.0,2090.0,2075.0,2075.0,3000,2075,0.2
2016/04/26,2070.0,2070.0,2070.0,2070.0,1000,2070,0.2
2016/04/27,2070.0,2070.0,2070.0,2070.0,1000,2070,0.2
2016/04/28,2035.0,2035.0,2035.0,2035.0,1000,2035,0.2
2016/05/02,1960.0,2025.0,1960.0,2025.0,8000,2025,0.2
2016/05/10,2010.0,2010.0,2010.0,2010.0,1000,2010,0.2
2016/05/11,2010.0,2010.0,2010.0,2010.0,1000,2010,0.2
2016/05/12,1995.0,2005.0,1995.0,2005.0,3000,2005,0.2
2016/05/13,1990.0,2015.0,1990.0,2015.0,3000,2015,0.2
2016/05/16,1990.0,1990.0,1990.0,1990.0,2000,1990,0.2
2016/05/17,1995.0,1995.0,1995.0,1995.0,1000,1995,0.2
2016/05/18,1995.0,1995.0,1995.0,1995.0,1000,1995,0.2
2016/05/19,1995.0,1995.0,1995.0,1995.0,1000,1995,0.2
2016/05/20,2030.0,2030.0,1995.0,1995.0,2000,1995,0.2
2016/05/25,2025.0,2025.0,1995.0,1995.0,2000,1995,0.2
2016/05/26,1975.0,1975.0,1975.0,1975.0,1000,1975,0.2
2016/05/30,1995.0,2000.0,1995.0,1995.0,4000,1995,0.2
2016/05/31,1990.0,1990.0,1990.0,1990.0,1000,1990,0.2
2016/06/01,1995.0,1995.0,1995.0,1995.0,1000,1995,0.2
2016/06/02,1990.0,1990.0,1990.0,1990.0,1000,1990,0.2
2016/06/03,1990.0,1990.0,1990.0,1990.0,1000,1990,0.2
2016/06/06,1990.0,1990.0,1990.0,1990.0,2000,1990,0.2
2016/06/08,1990.0,1990.0,1980.0,1980.0,4000,1980,0.2
2016/06/09,1975.0,1975.0,1975.0,1975.0,1000,1975,0.2
2016/06/13,1975.0,1975.0,1975.0,1975.0,3000,1975,0.2
2016/06/14,1975.0,1975.0,1975.0,1975.0,2000,1975,0.2
2016/06/15,1900.0,1915.0,1900.0,1915.0,8000,1915,0.2
2016/06/16,1875.0,1875.0,1840.0,1840.0,5000,1840,0.2
2016/06/17,1825.0,1865.0,1825.0,1865.0,10000,1865,0.2
2016/06/20,1865.0,1890.0,1865.0,1890.0,2000,1890,0.2
2016/06/23,1870.0,1870.0,1870.0,1870.0,2000,1870,0.2
2016/06/24,1850.0,1850.0,1805.0,1805.0,8000,1805,0.2
2016/07/01,1855.0,1855.0,1855.0,1855.0,1000,1855,0.2
2016/07/05,1860.0,1860.0,1860.0,1860.0,1000,1860,0.2
2016/07/06,1900.0,1900.0,1870.0,1870.0,4000,1870,0.2
2016/07/13,1950.0,1950.0,1950.0,1950.0,1000,1950,0.2
2016/07/14,1910.0,1910.0,1910.0,1910.0,1000,1910,0.2
2016/07/15,1945.0,1965.0,1945.0,1965.0,3000,1965,0.2
2016/07/19,1970.0,1970.0,1965.0,1970.0,3000,1970,0.2
2016/07/20,2000.0,2055.0,2000.0,2055.0,10000,2055,0.2
2016/07/21,2075.0,2210.0,2075.0,2200.0,9000,2200,0.2
2016/07/22,2200.0,2200.0,2200.0,2200.0,1000,2200,0.2
2016/07/25,2200.0,2200.0,2125.0,2125.0,2000,2125,0.2
2016/07/26,2075.0,2075.0,2075.0,2075.0,2000,2075,0.2
2016/07/29,2075.0,2075.0,2075.0,2075.0,1000,2075,0.2
2016/08/03,2075.0,2075.0,2075.0,2075.0,1000,2075,0.2
2016/08/04,2075.0,2075.0,2075.0,2075.0,1000,2075,0.2
2016/08/12,2075.0,2075.0,2075.0,2075.0,1000,2075,0.2
2016/08/22,2140.0,2140.0,2140.0,2140.0,1000,2140,0.2
2016/09/07,2150.0,2150.0,2150.0,2150.0,1000,2150,0.2
2016/09/08,2175.0,2190.0,2175.0,2180.0,5000,2180,0.2
2016/09/09,2360.0,2360.0,2300.0,2355.0,15000,2355,0.2
2016/09/12,2355.0,2355.0,2355.0,2355.0,1000,2355,0.2
2016/09/13,2325.0,2325.0,2320.0,2320.0,2000,2320,0.2
2016/09/14,2325.0,2325.0,2325.0,2325.0,1000,2325,0.2
2016/09/20,2320.0,2320.0,2305.0,2305.0,4000,2305,0.2
2016/09/21,2275.0,2275.0,2275.0,2275.0,1000,2275,0.2
2016/09/23,2295.0,2300.0,2255.0,2300.0,8000,2300,0.2
2016/09/26,2315.0,2335.0,2315.0,2335.0,3000,2335,0.2
2016/09/27,2375.0,2375.0,2375.0,2375.0,1000,2375,0.2
2016/09/28,2390.0,2505.0,2390.0,2505.0,24000,2505,0.2
2016/09/29,2500.0,2550.0,2500.0,2545.0,11000,2545,0.2
2016/09/30,2555.0,2555.0,2480.0,2550.0,5000,2550,0.2
2016/10/03,2575.0,2575.0,2450.0,2450.0,10000,2450,0.2
2016/10/04,2460.0,2475.0,2455.0,2475.0,11000,2475,0.2
2016/10/05,2515.0,2515.0,2510.0,2510.0,7000,2510,0.2
2016/10/06,2495.0,2495.0,2495.0,2495.0,1000,2495,0.2
2016/10/11,2490.0,2490.0,2395.0,2425.0,3000,2425,0.2
2016/10/12,2385.0,2435.0,2355.0,2355.0,14000,2355,0.2
2016/10/13,2385.0,2400.0,2355.0,2355.0,10000,2355,0.2
2016/10/14,2355.0,2370.0,2325.0,2370.0,6000,2370,0.2
2016/10/17,2350.0,2350.0,2335.0,2335.0,8000,2335,0.2
2016/10/18,2370.0,2370.0,2300.0,2370.0,16000,2370,0.2
2016/10/19,2385.0,2395.0,2385.0,2390.0,9000,2390,0.2
2016/10/20,2425.0,2435.0,2415.0,2415.0,10000,2415,0.2
2016/10/21,2400.0,2400.0,2395.0,2395.0,3000,2395,0.2
2016/10/24,2455.0,2475.0,2450.0,2475.0,11000,2475,0.2
2016/10/25,2475.0,2520.0,2460.0,2520.0,14000,2520,0.2
2016/10/26,2430.0,2500.0,2400.0,2400.0,47000,2400,0.2
2016/10/27,2270.0,2270.0,2150.0,2235.0,32000,2235,0.2
2016/10/28,2270.0,2270.0,2235.0,2235.0,8000,2235,0.2
2016/10/31,2235.0,2240.0,2170.0,2215.0,20000,2215,0.2
2016/11/01,2245.0,2245.0,2190.0,2190.0,3000,2190,0.2
2016/11/02,2190.0,2190.0,2150.0,2150.0,6000,2150,0.2
2016/11/04,2150.0,2150.0,2095.0,2095.0,5000,2095,0.2
2016/11/07,2100.0,2105.0,2095.0,2095.0,5000,2095,0.2
2016/11/08,2095.0,2115.0,2095.0,2115.0,2000,2115,0.2
2016/11/09,2120.0,2120.0,2085.0,2100.0,12000,2100,0.2
2016/11/10,2100.0,2100.0,2100.0,2100.0,1000,2100,0.2
2016/11/11,2135.0,2135.0,2105.0,2105.0,2000,2105,0.2
2016/11/16,2135.0,2170.0,2135.0,2170.0,2000,2170,0.2
2016/11/17,2170.0,2170.0,2170.0,2170.0,1000,2170,0.2
2016/11/18,2170.0,2170.0,2170.0,2170.0,4000,2170,0.2
2016/11/21,2170.0,2175.0,2170.0,2175.0,7000,2175,0.2
2016/11/22,2150.0,2170.0,2150.0,2170.0,2000,2170,0.2
2016/11/25,2195.0,2230.0,2175.0,2230.0,7000,2230,0.2
2016/11/28,2200.0,2230.0,2200.0,2230.0,3000,2230,0.2
2016/11/29,2255.0,2255.0,2255.0,2255.0,1000,2255,0.2
2016/11/30,2280.0,2280.0,2255.0,2255.0,3000,2255,0.2
2016/12/01,2250.0,2255.0,2250.0,2255.0,2000,2255,0.2
2016/12/02,2255.0,2255.0,2255.0,2255.0,1000,2255,0.2
2016/12/06,2235.0,2255.0,2235.0,2255.0,2000,2255,0.2
2016/12/08,2255.0,2255.0,2255.0,2255.0,2000,2255,0.2
2016/12/09,2325.0,2335.0,2320.0,2320.0,9000,2320,0.2
2016/12/12,2325.0,2325.0,2325.0,2325.0,1000,2325,0.2
2016/12/13,2350.0,2350.0,2350.0,2350.0,1000,2350,0.2
2016/12/14,2350.0,2350.0,2350.0,2350.0,2000,2350,0.2
2016/12/16,2375.0,2375.0,2350.0,2350.0,2000,2350,0.2
2016/12/19,2395.0,2425.0,2395.0,2425.0,6000,2425,0.2
2016/12/20,2345.0,2375.0,2335.0,2340.0,8000,2340,0.2
2016/12/21,2315.0,2315.0,2300.0,2315.0,6000,2315,0.2
2016/12/22,2300.0,2315.0,2300.0,2315.0,4000,2315,0.2
2016/12/26,2355.0,2355.0,2355.0,2355.0,2000,2355,0.2
2016/12/27,2315.0,2335.0,2315.0,2335.0,4000,2335,0.2
2016/12/28,2335.0,2335.0,2335.0,2335.0,1000,2335,0.2
2016/12/30,2325.0,2325.0,2300.0,2300.0,9000,2300,0.2
2017/01/04,2300.0,2300.0,2300.0,2300.0,7000,2300,0.2
2017/01/06,2340.0,2425.0,2340.0,2405.0,12000,2405,0.2
2017/01/10,2410.0,2410.0,2400.0,2400.0,6000,2400,0.2
2017/01/11,2400.0,2400.0,2400.0,2400.0,2000,2400,0.2
2017/01/12,2400.0,2400.0,2400.0,2400.0,3000,2400,0.2
2017/01/13,2400.0,2400.0,2400.0,2400.0,4000,2400,0.2
2017/01/17,2405.0,2405.0,2405.0,2405.0,1000,2405,0.2
2017/01/18,2395.0,2395.0,2395.0,2395.0,3000,2395,0.2
2017/01/20,2395.0,2405.0,2395.0,2400.0,4000,2400,0.2
2017/01/23,2400.0,2405.0,2400.0,2405.0,4000,2405,0.2
2017/01/24,2445.0,2445.0,2445.0,2445.0,1000,2445,0.2
2017/01/25,2480.0,2480.0,2420.0,2420.0,3000,2420,0.2
2017/01/26,2425.0,2425.0,2425.0,2425.0,2000,2425,0.2
2017/01/27,2555.0,2555.0,2505.0,2505.0,12000,2505,0.2
2017/01/30,2505.0,2555.0,2505.0,2510.0,5000,2510,0.2
2017/01/31,2500.0,2500.0,2450.0,2450.0,2000,2450,0.2
2017/02/01,2450.0,2450.0,2450.0,2450.0,1000,2450,0.2
2017/02/02,2470.0,2470.0,2470.0,2470.0,1000,2470,0.2
2017/02/03,2485.0,2485.0,2430.0,2430.0,4000,2430,0.2
2017/02/06,2430.0,2470.0,2395.0,2435.0,26000,2435,0.2
2017/02/07,2405.0,2405.0,2400.0,2400.0,4000,2400,0.2
2017/02/08,2450.0,2450.0,2450.0,2450.0,1000,2450,0.2
2017/02/09,2455.0,2455.0,2455.0,2455.0,1000,2455,0.2
2017/02/10,2530.0,2530.0,2475.0,2475.0,11000,2475,0.2
2017/02/13,2500.0,2500.0,2500.0,2500.0,1000,2500,0.2
2017/02/14,2500.0,2500.0,2500.0,2500.0,2000,2500,0.2
2017/02/16,2475.0,2475.0,2475.0,2475.0,3000,2475,0.2
2017/02/17,2450.0,2475.0,2450.0,2475.0,5000,2475,0.2
2017/02/20,2500.0,2500.0,2500.0,2500.0,2000,2500,0.2
2017/02/21,2500.0,2500.0,2500.0,2500.0,1000,2500,0.2
2017/02/22,2500.0,2500.0,2500.0,2500.0,2000,2500,0.2
2017/02/24,2495.0,2500.0,2495.0,2500.0,3000,2500,0.2
2017/02/27,2545.0,2575.0,2545.0,2575.0,4000,2575,0.2
2017/02/28,2505.0,2525.0,2500.0,2525.0,4000,2525,0.2
2017/03/01,2525.0,2525.0,2525.0,2525.0,3000,2525,0.2
2017/03/02,2545.0,2545.0,2545.0,2545.0,1000,2545,0.2
2017/03/03,2550.0,2555.0,2550.0,2555.0,2000,2555,0.2
2017/03/06,2560.0,2750.0,2550.0,2700.0,21000,2700,0.2
2017/03/07,2850.0,2875.0,2705.0,2735.0,44000,2735,0.2
2017/03/08,2785.0,2785.0,2690.0,2730.0,7000,2730,0.2
2017/03/09,2690.0,2730.0,2690.0,2730.0,5000,2730,0.2
2017/03/10,2725.0,2725.0,2725.0,2725.0,1000,2725,0.2
2017/03/13,2625.0,2715.0,2600.0,2675.0,14000,2675,0.2
2017/03/14,2625.0,2675.0,2625.0,2675.0,8000,2675,0.2
2017/03/15,2650.0,2650.0,2640.0,2640.0,3000,2640,0.2
2017/03/16,2670.0,2670.0,2625.0,2625.0,5000,2625,0.2
2017/03/17,2615.0,2615.0,2610.0,2610.0,2000,2610,0.2
2017/03/21,2595.0,2645.0,2595.0,2645.0,10000,2645,0.2
2017/03/22,2545.0,2625.0,2525.0,2540.0,12000,2540,0.2
2017/03/23,2525.0,2535.0,2510.0,2535.0,4000,2535,0.2
2017/03/24,2535.0,2575.0,2535.0,2545.0,4000,2545,0.2
2017/03/27,2585.0,2615.0,2565.0,2610.0,5000,2610,0.2
2017/04/03,2595.0,2595.0,2535.0,2585.0,15000,2585,0.2
2017/04/04,2540.0,2540.0,2525.0,2525.0,5000,2525,0.2
2017/04/05,2505.0,2690.0,2500.0,2535.0,4000,2535,0.2
2017/04/06,2570.0,2570.0,2570.0,2570.0,1000,2570,0.2
2017/04/12,2530.0,2530.0,2495.0,2495.0,4000,2495,0.2
2017/04/13,2550.0,2550.0,2550.0,2550.0,5000,2550,0.2
2017/04/14,2595.0,2595.0,2595.0,2595.0,1000,2595,0.2
2017/04/17,2560.0,2560.0,2560.0,2560.0,1000,2560,0.2
2017/04/18,2560.0,2560.0,2510.0,2520.0,12000,2520,0.2
2017/04/19,2505.0,2535.0,2505.0,2535.0,3000,2535,0.2
2017/04/20,2535.0,2550.0,2505.0,2505.0,3000,2505,0.2
2017/04/21,2550.0,2550.0,2550.0,2550.0,1000,2550,0.2
2017/04/24,2525.0,2530.0,2525.0,2525.0,4000,2525,0.2
2017/04/25,2520.0,2550.0,2520.0,2535.0,5000,2535,0.2
2017/04/26,2535.0,2535.0,2535.0,2535.0,1000,2535,0.2
2017/04/27,2545.0,2545.0,2510.0,2540.0,4000,2540,0.2
2017/04/28,2540.0,2540.0,2490.0,2490.0,17000,2490,0.2
2017/05/01,2505.0,2505.0,2495.0,2495.0,6000,2495,0.2
2017/05/02,2525.0,2535.0,2525.0,2535.0,6000,2535,0.2
2017/05/08,2540.0,2560.0,2520.0,2560.0,15000,2560,0.2
2017/05/09,2590.0,2595.0,2545.0,2595.0,4000,2595,0.2
2017/05/10,2640.0,2640.0,2570.0,2570.0,3000,2570,0.2
2017/05/11,2620.0,2620.0,2620.0,2620.0,2000,2620,0.2
2017/05/12,2635.0,2635.0,2585.0,2585.0,4000,2585,0.2
2017/05/15,2590.0,2590.0,2575.0,2575.0,6000,2575,0.2
2017/05/16,2575.0,2575.0,2575.0,2575.0,6000,2575,0.2
2017/05/18,2555.0,2575.0,2535.0,2575.0,4000,2575,0.2
2017/05/19,2595.0,2600.0,2595.0,2600.0,2000,2600,0.2
2017/05/22,2605.0,2630.0,2605.0,2630.0,6000,2630,0.2
2017/05/23,2635.0,2685.0,2635.0,2665.0,4000,2665,0.2
2017/05/24,2675.0,2720.0,2675.0,2720.0,7000,2720,0.2
2017/05/25,2770.0,2775.0,2740.0,2775.0,14000,2775,0.2
2017/05/26,2810.0,2860.0,2800.0,2800.0,29000,2800,0.2
2017/05/29,2850.0,2870.0,2850.0,2870.0,5000,2870,0.2
2017/05/30,2870.0,2875.0,2850.0,2850.0,4000,2850,0.2
2017/05/31,2870.0,2900.0,2850.0,2850.0,13000,2850,0.2
2017/06/01,2895.0,2950.0,2845.0,2885.0,18000,2885,0.2
2017/06/02,2860.0,2930.0,2835.0,2930.0,14000,2930,0.2
2017/06/05,2980.0,3100.0,2980.0,3045.0,42000,3045,0.2
2017/06/06,3025.0,3025.0,2965.0,2970.0,20000,2970,0.2
2017/06/07,2955.0,2960.0,2950.0,2950.0,5000,2950,0.2
2017/06/08,2940.0,3015.0,2940.0,3015.0,5000,3015,0.2
2017/06/09,2990.0,2990.0,2915.0,2965.0,10000,2965,0.2
2017/06/12,2925.0,2975.0,2925.0,2975.0,5000,2975,0.2
2017/06/13,2980.0,2980.0,2980.0,2980.0,2000,2980,0.2
2017/06/14,2980.0,2980.0,2905.0,2905.0,5000,2905,0.2
2017/06/15,2905.0,2905.0,2870.0,2870.0,5000,2870,0.2
2017/06/16,2860.0,2860.0,2855.0,2855.0,4000,2855,0.2
2017/06/19,2905.0,2905.0,2875.0,2875.0,3000,2875,0.2
2017/06/21,2855.0,2870.0,2805.0,2870.0,3000,2870,0.2
2017/06/22,2795.0,2800.0,2785.0,2785.0,8000,2785,0.2
2017/06/23,2785.0,2830.0,2785.0,2830.0,2000,2830,0.2
2017/06/26,2810.0,2810.0,2810.0,2810.0,2000,2810,0.2
2017/06/27,2765.0,2765.0,2760.0,2760.0,2000,2760,0.2
2017/06/28,2795.0,2820.0,2795.0,2820.0,6000,2820,0.2
2017/06/30,2830.0,2830.0,2830.0,2830.0,1000,2830,0.2
2017/07/03,2870.0,2900.0,2870.0,2890.0,4000,2890,0.2
2017/07/04,2890.0,2910.0,2890.0,2910.0,7000,2910,0.2
2017/07/05,2960.0,3050.0,2950.0,3025.0,9000,3025,0.2
2017/07/06,3045.0,3045.0,3030.0,3030.0,4000,3030,0.2
2017/07/07,2990.0,2990.0,2990.0,2990.0,1000,2990,0.2
2017/07/10,3010.0,3125.0,3000.0,3075.0,24000,3075,0.2
2017/07/12,3100.0,3100.0,3100.0,3100.0,1000,3100,0.2
2017/07/13,3100.0,3100.0,3095.0,3095.0,3000,3095,0.2
2017/07/14,3075.0,3080.0,3065.0,3065.0,3000,3065,0.2
2017/07/18,3165.0,3165.0,3110.0,3110.0,2000,3110,0.2
2017/07/19,3090.0,3110.0,3090.0,3110.0,3000,3110,0.2
2017/07/20,3135.0,3135.0,3130.0,3130.0,2000,3130,0.2
2017/07/21,3130.0,3135.0,3130.0,3135.0,4000,3135,0.2
2017/07/24,3135.0,3135.0,3100.0,3100.0,6000,3100,0.2
2017/07/25,3130.0,3140.0,3130.0,3130.0,4000,3130,0.2
2017/07/26,3165.0,3165.0,3165.0,3165.0,1000,3165,0.2
2017/07/27,3170.0,3175.0,3170.0,3175.0,7000,3175,0.2
2017/07/28,3200.0,3215.0,3195.0,3195.0,8000,3195,0.2
2017/07/31,3240.0,3250.0,3230.0,3240.0,12000,3240,0.2
2017/08/01,3290.0,3325.0,3225.0,3225.0,8000,3225,0.2
2017/08/02,3225.0,3225.0,3225.0,3225.0,10000,3225,0.2
2017/08/04,3250.0,3250.0,3245.0,3245.0,5000,3245,0.2
2017/08/07,3245.0,3245.0,3245.0,3245.0,2000,3245,0.2
2017/08/08,3245.0,3245.0,3240.0,3240.0,2000,3240,0.2
2017/08/09,3250.0,3250.0,3250.0,3250.0,4000,3250,0.2
2017/08/10,3225.0,3225.0,3205.0,3210.0,4000,3210,0.2
2017/08/14,3210.0,3210.0,3210.0,3210.0,1000,3210,0.2
2017/08/15,3245.0,3245.0,3245.0,3245.0,1000,3245,0.2
2017/08/16,3210.0,3245.0,3210.0,3210.0,3000,3210,0.2
2017/08/18,3205.0,3245.0,3205.0,3245.0,3000,3245,0.2
2017/08/21,3245.0,3245.0,3200.0,3225.0,4000,3225,0.2
2017/08/23,3250.0,3305.0,3250.0,3295.0,3000,3295,0.2
2017/08/24,3290.0,3290.0,3290.0,3290.0,2000,3290,0.2
2017/08/25,3285.0,3285.0,3235.0,3280.0,3000,3280,0.2
2017/08/28,3280.0,3280.0,3280.0,3280.0,2000,3280,0.2
2017/08/30,3275.0,3280.0,3275.0,3280.0,5000,3280,0.2
2017/08/31,3250.0,3365.0,3250.0,3365.0,9000,3365,0.2
2017/09/01,3390.0,3495.0,3370.0,3370.0,18000,3370,0.2
2017/09/04,3450.0,3870.0,3435.0,3860.0,96000,3860,0.2
2017/09/05,4310.0,4310.0,3725.0,3895.0,107000,3895,0.2
2017/09/06,3890.0,3890.0,3890.0,3890.0,2000,3890,0.2
2017/09/07,3900.0,3900.0,3750.0,3795.0,12000,3795,0.2
2017/09/08,3720.0,3785.0,3720.0,3780.0,10000,3780,0.2
2017/09/11,3785.0,3895.0,3765.0,3895.0,9000,3895,0.2
2017/09/12,3925.0,3950.0,3900.0,3945.0,20000,3945,0.2
2017/09/13,3945.0,3945.0,3935.0,3935.0,3000,3935,0.2
2017/09/14,3935.0,3935.0,3880.0,3880.0,4000,3880,0.2
2017/09/15,3940.0,3945.0,3880.0,3880.0,4000,3880,0.2
2017/09/19,3945.0,4005.0,3945.0,4000.0,39000,4000,0.2
2017/09/20,4000.0,4000.0,3995.0,3995.0,6000,3995,0.2
2017/09/21,4000.0,4055.0,4000.0,4045.0,10000,4045,0.2
2017/09/22,4000.0,4000.0,3955.0,3995.0,10000,3995,0.2
2017/09/25,3990.0,3995.0,3950.0,3955.0,11000,3955,0.2
2017/09/26,3990.0,3990.0,3950.0,3990.0,9000,3990,0.2
2017/09/27,3990.0,4425.0,3990.0,4110.0,77000,4110,0.2
2017/09/28,4260.0,4305.0,4150.0,4200.0,15000,4200,0.2
2017/09/29,4260.0,4265.0,4155.0,4155.0,18000,4155,0.2
2017/10/02,4250.0,4325.0,4225.0,4225.0,5000,4225,0.2
2017/10/03,4325.0,4330.0,4230.0,4250.0,14000,4250,0.2
2017/10/04,4260.0,4300.0,4260.0,4295.0,13000,4295,0.2
2017/10/05,4305.0,4360.0,4305.0,4360.0,13000,4360,0.2
2017/10/06,4400.0,4415.0,4400.0,4400.0,9000,4400,0.2
2017/10/10,4420.0,4625.0,4420.0,4475.0,9000,4475,0.2
2017/10/11,4545.0,4545.0,4505.0,4510.0,7000,4510,0.2
2017/10/12,4570.0,4580.0,4550.0,4575.0,18000,4575,0.2
2017/10/13,4555.0,4600.0,4550.0,4600.0,19000,4600,0.2
2017/10/16,4630.0,4650.0,4600.0,4645.0,9000,4645,0.2
2017/10/17,4645.0,4800.0,4600.0,4645.0,36000,4645,0.2
2017/10/18,4645.0,4720.0,4645.0,4690.0,6000,4690,0.2
2017/10/19,4650.0,4650.0,4605.0,4625.0,13000,4625,0.2
2017/10/20,4550.0,4600.0,4505.0,4555.0,11000,4555,0.2
2017/10/23,4555.0,4615.0,4530.0,4615.0,10000,4615,0.2
2017/10/24,4615.0,4650.0,4575.0,4635.0,15000,4635,0.2
2017/10/25,4615.0,4630.0,4605.0,4630.0,9000,4630,0.2
2017/10/26,4570.0,4700.0,4570.0,4625.0,20000,4625,0.2
2017/10/27,4200.0,4300.0,4105.0,4300.0,53000,4300,0.2
2017/10/30,4180.0,4180.0,4005.0,4060.0,32000,4060,0.2
2017/10/31,4055.0,4085.0,3925.0,4055.0,31000,4055,0.2
2017/11/01,4060.0,4060.0,3850.0,3970.0,37000,3970,0.2
2017/11/02,3970.0,3970.0,3900.0,3900.0,7000,3900,0.2
2017/11/06,3975.0,3975.0,3855.0,3855.0,7000,3855,0.2
2017/11/07,3910.0,3910.0,3855.0,3855.0,8000,3855,0.2
2017/11/09,3895.0,3945.0,3870.0,3885.0,17000,3885,0.2
2017/11/10,3905.0,3905.0,3895.0,3895.0,2000,3895,0.2
2017/11/13,3920.0,3920.0,3750.0,3800.0,27000,3800,0.2
2017/11/14,3800.0,3800.0,3755.0,3775.0,4000,3775,0.2
2017/11/15,3730.0,3730.0,3555.0,3555.0,26000,3555,0.2
2017/11/16,3705.0,3705.0,3650.0,3650.0,3000,3650,0.2
2017/11/17,3665.0,3685.0,3555.0,3645.0,26000,3645,0.2
2017/11/20,3685.0,3685.0,3600.0,3600.0,38000,3600,0.2
2017/11/21,3600.0,3600.0,3600.0,3600.0,13000,3600,0.2
2017/11/22,3600.0,3600.0,3575.0,3600.0,30000,3600,0.2
2017/11/24,3625.0,3675.0,3600.0,3665.0,21000,3665,0.2
2017/11/27,3740.0,3740.0,3720.0,3720.0,7000,3720,0.2
2017/11/28,3795.0,3855.0,3785.0,3855.0,9000,3855,0.2
2017/11/29,3970.0,4040.0,3925.0,4040.0,27000,4040,0.2
2017/11/30,4180.0,4180.0,4080.0,4135.0,27000,4135,0.2
2017/12/01,4135.0,4135.0,3880.0,4010.0,23000,4010,0.2
2017/12/04,4015.0,4015.0,4000.0,4015.0,8000,4015,0.2
2017/12/05,3940.0,4020.0,3910.0,4020.0,7000,4020,0.2
2017/12/06,3950.0,4050.0,3950.0,4030.0,17000,4030,0.2
2017/12/07,4060.0,4070.0,4020.0,4020.0,18000,4020,0.2
2017/12/08,4095.0,4150.0,3505.0,3525.0,127000,3525,0.2
2017/12/11,3520.0,3550.0,3515.0,3550.0,49000,3550,0.2
2017/12/12,3540.0,3550.0,3510.0,3510.0,24000,3510,0.2
2017/12/13,3510.0,3535.0,3510.0,3525.0,5000,3525,0.2
2017/12/14,3515.0,3515.0,3480.0,3490.0,10000,3490,0.2
2017/12/15,3515.0,3515.0,3440.0,3440.0,25000,3440,0.2
2017/12/18,3445.0,3450.0,3440.0,3450.0,9000,3450,0.2
2017/12/19,3450.0,3450.0,3425.0,3440.0,7000,3440,0.2
2017/12/20,3425.0,3425.0,3375.0,3375.0,8000,3375,0.2
2017/12/21,3375.0,3425.0,3375.0,3425.0,8000,3425,0.2
2017/12/22,3425.0,3550.0,3425.0,3550.0,15000,3550,0.2
2017/12/25,3540.0,3540.0,3465.0,3475.0,6000,3475,0.2
2017/12/26,3485.0,3485.0,3450.0,3455.0,6000,3455,0.2
2017/12/27,3465.0,3520.0,3460.0,3520.0,5000,3520,0.2
2017/12/28,3450.0,3460.0,3450.0,3450.0,4000,3450,0.2
2017/12/29,3450.0,3450.0,3450.0,3450.0,1000,3450,0.2
2018/01/04,3485.0,3525.0,3485.0,3500.0,8000,3500,0.2
2018/01/05,3510.0,3550.0,3510.0,3515.0,4000,3515,0.2
2018/01/09,3545.0,3590.0,3525.0,3590.0,10000,3590,0.2
2018/01/10,3590.0,3590.0,3590.0,3590.0,2000,3590,0.2
2018/01/11,3560.0,3600.0,3560.0,3575.0,7000,3575,0.2
2018/01/15,3615.0,3615.0,3575.0,3575.0,5000,3575,0.2
2018/01/16,3560.0,3560.0,3540.0,3540.0,9000,3540,0.2
2018/01/17,3540.0,3540.0,3510.0,3515.0,7000,3515,0.2
2018/01/18,3540.0,3540.0,3520.0,3520.0,3000,3520,0.2
2018/01/19,3525.0,3525.0,3525.0,3525.0,8000,3525,0.2
2018/01/22,3510.0,3510.0,3475.0,3475.0,10000,3475,0.2
2018/01/23,3490.0,3490.0,3490.0,3490.0,1000,3490,0.2
2018/01/24,3490.0,3510.0,3490.0,3510.0,2000,3510,0.2
2018/01/26,3530.0,3530.0,3500.0,3500.0,4000,3500,0.2
2018/01/29,3540.0,3540.0,3540.0,3540.0,3000,3540,0.2
2018/01/30,3545.0,3665.0,3525.0,3525.0,22000,3525,0.2
2018/01/31,3545.0,3545.0,3545.0,3545.0,1000,3545,0.2
2018/02/01,3580.0,3630.0,3580.0,3630.0,8000,3630,0.2
2018/02/02,3570.0,3650.0,3570.0,3645.0,10000,3645,0.2
2018/02/05,3610.0,3640.0,3510.0,3565.0,12000,3565,0.2
2018/02/06,3465.0,3465.0,3250.0,3275.0,23000,3275,0.2
2018/02/07,3325.0,3375.0,3325.0,3350.0,8000,3350,0.2
2018/02/08,3350.0,3350.0,3325.0,3325.0,2000,3325,0.2
2018/02/09,3340.0,3380.0,3250.0,3250.0,14000,3250,0.2
2018/02/13,3350.0,3350.0,3350.0,3350.0,2000,3350,0.2
2018/02/14,3265.0,3265.0,3250.0,3250.0,6000,3250,0.2
2018/02/16,3240.0,3325.0,3240.0,3325.0,7000,3325,0.2
2018/02/19,3375.0,3380.0,3375.0,3380.0,2000,3380,0.2
2018/02/20,3380.0,3380.0,3330.0,3330.0,2000,3330,0.2
2018/02/21,3355.0,3355.0,3260.0,3260.0,8000,3260,0.2
2018/02/22,3255.0,3260.0,3255.0,3260.0,3000,3260,0.2
2018/02/23,3265.0,3285.0,3265.0,3285.0,2000,3285,0.2
2018/02/26,3310.0,3400.0,3310.0,3400.0,7000,3400,0.2
2018/02/27,3400.0,3465.0,3400.0,3465.0,3000,3465,0.2
2018/02/28,3465.0,3575.0,3415.0,3575.0,4000,3575,0.2
2018/03/01,3545.0,3545.0,3435.0,3435.0,7000,3435,0.2
2018/03/06,3390.0,3390.0,3350.0,3350.0,5000,3350,0.2
2018/03/07,3300.0,3300.0,3225.0,3225.0,9000,3225,0.2
2018/03/08,3265.0,3265.0,3235.0,3235.0,2000,3235,0.2
2018/03/09,3235.0,3285.0,3235.0,3250.0,13000,3250,0.2
2018/03/14,3250.0,3250.0,3250.0,3250.0,1000,3250,0.2
2018/03/15,3250.0,3250.0,3250.0,3250.0,2000,3250,0.2
2018/03/16,3255.0,3255.0,3255.0,3255.0,1000,3255,0.2
2018/03/19,3250.0,3300.0,3250.0,3300.0,3000,3300,0.2
2018/03/20,3350.0,3350.0,3350.0,3350.0,1000,3350,0.2
2018/03/23,3265.0,3265.0,3260.0,3260.0,3000,3260,0.2
2018/03/26,3185.0,3220.0,3170.0,3220.0,6000,3220,0.2
2018/03/27,3320.0,3320.0,3320.0,3320.0,1000,3320,0.2
2018/03/28,3370.0,3370.0,3370.0,3370.0,1000,3370,0.2
2018/03/29,3300.0,3300.0,3300.0,3300.0,1000,3300,0.2
2018/04/02,3225.0,3255.0,3225.0,3255.0,6000,3255,0.2
2018/04/03,3300.0,3345.0,3300.0,3345.0,3000,3345,0.2
2018/04/05,3345.0,3345.0,3345.0,3345.0,1000,3345,0.2
2018/04/09,3300.0,3300.0,3300.0,3300.0,1000,3300,0.2
2018/04/11,3250.0,3250.0,3250.0,3250.0,2000,3250,0.2
2018/04/12,3250.0,3250.0,3250.0,3250.0,2000,3250,0.2
2018/04/17,3250.0,3250.0,3225.0,3225.0,3000,3225,0.2
2018/04/19,3225.0,3250.0,3225.0,3250.0,2000,3250,0.2
2018/04/23,3250.0,3250.0,3250.0,3250.0,1000,3250,0.2
2018/04/24,3330.0,3330.0,3330.0,3330.0,3000,3330,0.2
2018/04/25,3400,3445,3255,3255,800,3255,1
2018/04/26,3260,3260,3260,3260,100,3260,1
2018/04/27,3235,3235,3235,3235,300,3235,1
2018/05/01,3320,3320,3215,3215,600,3215,1
2018/05/07,3220,3275,3220,3275,500,3275,1
2018/05/08,3225,3225,3215,3215,900,3215,1
2018/05/11,3270,3290,3270,3290,1000,3290,1
2018/05/14,3235,3235,3235,3235,200,3235,1
2018/05/15,3230,3270,3225,3270,500,3270,1
2018/05/17,3270,3270,3270,3270,800,3270,1
2018/05/18,3215,3255,3215,3255,500,3255,1
2018/05/21,3230,3255,3230,3255,500,3255,1
2018/05/22,3220,3240,3220,3240,400,3240,1
2018/05/23,3240,3240,3200,3205,3200,3205,1
2018/05/24,3205,3205,3205,3205,600,3205,1
2018/05/25,3225,3225,3200,3200,400,3200,1
2018/05/28,3200,3200,3200,3200,700,3200,1
2018/05/30,3210,3210,3200,3200,400,3200,1
2018/05/31,3235,3235,3235,3235,100,3235,1
2018/06/01,3235,3240,3235,3240,500,3240,1
2018/06/04,3240,3275,3240,3275,1100,3275,1
2018/06/05,3300,3330,3280,3280,3200,3280,1
2018/06/06,3300,3300,3300,3300,400,3300,1
2018/06/07,3300,3320,3300,3320,800,3320,1
2018/06/08,3320,3320,3320,3320,300,3320,1
2018/06/11,3320,3320,3320,3320,100,3320,1
2018/06/13,3320,3320,3320,3320,200,3320,1
2018/06/14,3320,3360,3315,3360,900,3360,1
2018/06/18,3360,3360,3360,3360,600,3360,1
2018/06/19,3360,3375,3360,3360,900,3360,1
2018/06/20,3395,3395,3395,3395,500,3395,1
2018/06/21,3385,3385,3385,3385,500,3385,1
2018/06/22,3385,3385,3385,3385,200,3385,1
2018/06/25,3315,3315,3315,3315,600,3315,1
2018/06/26,3290,3300,3285,3300,600,3300,1
2018/06/28,3300,3300,3300,3300,200,3300,1
2018/07/02,3355,3355,3250,3250,1800,3250,1
2018/07/03,3250,3250,3250,3250,200,3250,1
2018/07/04,3215,3215,3215,3215,200,3215,1
2018/07/05,3280,3280,3280,3280,300,3280,1
2018/07/09,3280,3280,3275,3275,600,3275,1
2018/07/10,3275,3300,3275,3300,1000,3300,1
2018/07/11,3300,3300,3300,3300,100,3300,1
2018/07/12,3295,3295,3295,3295,100,3295,1
2018/07/13,3280,3295,3280,3295,500,3295,1
2018/07/17,3295,3295,3220,3220,1300,3220,1
2018/07/18,3230,3230,3220,3225,900,3225,1
2018/07/19,3245,3300,3245,3300,500,3300,1
2018/07/20,3300,3300,3300,3300,100,3300,1
2018/07/23,3300,3320,3300,3300,900,3300,1
2018/07/24,3300,3300,3250,3250,400,3250,1
2018/07/25,3295,3295,3295,3295,100,3295,1
2018/07/26,3300,3300,3300,3300,200,3300,1
2018/07/27,3300,3300,3300,3300,800,3300,1
2018/07/30,3300,3300,3300,3300,300,3300,1
2018/07/31,3295,3295,3295,3295,200,3295,1
2018/08/01,3300,3300,3300,3300,2500,3300,1
2018/08/02,3300,3300,3300,3300,100,3300,1
2018/08/03,3300,3300,3300,3300,200,3300,1
2018/08/07,3300,3300,3265,3265,600,3265,1
2018/08/08,3260,3260,3260,3260,200,3260,1
2018/08/09,3260,3260,3260,3260,200,3260,1
2018/08/10,3300,3310,3300,3310,300,3310,1
2018/08/13,3305,3305,3300,3300,400,3300,1
2018/08/14,3385,3385,3315,3315,300,3315,1
