2007/01/05,681,681,677,678,1100,678,1
2007/01/09,681,713,681,710,4800,710,1
2007/01/10,688,688,688,688,200,688,1
2007/01/11,701,701,689,689,10000,689,1
2007/01/12,695,695,695,695,100,695,1
2007/01/15,695,695,680,685,3000,685,1
2007/01/16,687,690,687,690,400,690,1
2007/01/17,695,700,695,700,300,700,1
2007/01/19,694,695,694,695,200,695,1
2007/01/22,695,696,692,695,1900,695,1
2007/01/23,694,695,692,695,1500,695,1
2007/01/24,696,696,695,695,200,695,1
2007/01/25,700,700,694,695,3800,695,1
2007/01/26,696,696,695,695,200,695,1
2007/01/29,694,695,694,695,300,695,1
2007/01/30,698,699,695,698,700,698,1
2007/01/31,700,700,700,700,1500,700,1
2007/02/01,711,711,710,710,200,710,1
2007/02/02,710,710,700,700,1300,700,1
2007/02/06,700,701,700,701,200,701,1
2007/02/07,710,710,705,710,600,710,1
2007/02/08,708,712,705,712,3900,712,1
2007/02/09,719,726,719,725,1200,725,1
2007/02/13,730,733,730,733,1500,733,1
2007/02/14,738,739,737,738,800,738,1
2007/02/15,737,737,737,737,100,737,1
2007/02/19,734,735,734,735,400,735,1
2007/02/20,735,735,734,735,2700,735,1
2007/02/21,736,736,735,735,400,735,1
2007/02/23,735,735,734,735,1000,735,1
2007/02/27,735,735,735,735,1000,735,1
2007/02/28,734,735,734,734,2000,734,1
2007/03/02,692,725,692,725,500,725,1
2007/03/05,723,724,650,700,6200,700,1
2007/03/06,699,700,699,700,200,700,1
2007/03/09,701,702,700,700,800,700,1
2007/03/12,710,710,695,700,800,700,1
2007/03/13,700,700,700,700,800,700,1
2007/03/15,701,701,700,700,600,700,1
2007/03/16,701,701,694,694,1400,694,1
2007/03/19,693,694,693,694,1400,694,1
2007/03/22,693,701,693,701,200,701,1
2007/03/23,701,701,700,700,800,700,1
2007/03/26,701,701,700,700,1000,700,1
2007/03/27,700,702,700,700,400,700,1
2007/03/28,714,715,712,715,2200,715,1
2007/03/29,715,718,715,715,1200,715,1
2007/03/30,714,715,695,695,7600,695,1
2007/04/04,717,726,717,725,1300,725,1
2007/04/05,726,735,726,731,900,731,1
2007/04/06,731,731,726,730,1500,730,1
2007/04/09,733,733,732,732,500,732,1
2007/04/10,732,732,732,732,1500,732,1
2007/04/11,732,732,732,732,100,732,1
2007/04/13,733,733,708,730,400,730,1
2007/04/16,730,731,730,730,1200,730,1
2007/04/17,730,730,729,729,200,729,1
2007/04/18,730,730,729,730,600,730,1
2007/04/19,730,730,725,725,600,725,1
2007/04/20,720,721,720,720,800,720,1
2007/04/23,719,719,710,715,2600,715,1
2007/04/24,699,699,694,695,900,695,1
2007/04/25,689,690,679,680,3000,680,1
2007/04/26,680,680,680,680,100,680,1
2007/04/27,680,681,680,681,400,681,1
2007/05/01,680,681,680,681,600,681,1
2007/05/02,680,681,680,680,1900,680,1
2007/05/07,672,685,672,685,600,685,1
2007/05/08,684,684,672,672,1500,672,1
2007/05/10,671,672,671,672,800,672,1
2007/05/11,672,672,672,672,300,672,1
2007/05/14,671,675,671,675,1600,675,1
2007/05/15,680,680,639,650,12600,650,1
2007/05/16,650,650,625,625,500,625,1
2007/05/17,624,625,600,605,1500,605,1
2007/05/18,610,610,610,610,100,610,1
2007/05/21,630,630,615,615,500,615,1
2007/05/22,630,630,629,629,900,629,1
2007/05/23,640,640,640,640,600,640,1
2007/05/24,650,650,650,650,100,650,1
2007/05/25,650,650,650,650,600,650,1
2007/05/29,650,651,650,651,400,651,1
2007/05/30,651,651,651,651,700,651,1
2007/06/01,651,652,650,650,1800,650,1
2007/06/04,650,650,650,650,200,650,1
2007/06/08,650,650,650,650,400,650,1
2007/06/11,650,650,650,650,200,650,1
2007/06/13,650,650,650,650,2100,650,1
2007/06/14,660,660,660,660,200,660,1
2007/06/15,660,670,660,670,1300,670,1
2007/06/18,675,675,674,675,1300,675,1
2007/06/19,675,675,675,675,100,675,1
2007/06/21,675,679,675,678,800,678,1
2007/06/22,678,679,678,679,600,679,1
2007/06/25,675,675,675,675,400,675,1
2007/06/27,675,675,675,675,200,675,1
2007/06/28,675,680,670,670,4900,670,1
2007/06/29,670,670,655,655,200,655,1
2007/07/02,650,650,649,650,5200,650,1
2007/07/03,650,650,649,650,4800,650,1
2007/07/04,644,645,612,613,600,613,1
2007/07/05,612,613,609,611,3000,611,1
2007/07/06,611,613,611,613,200,613,1
2007/07/09,639,640,626,639,1600,639,1
2007/07/10,640,640,639,639,2000,639,1
2007/07/11,630,631,630,630,12500,630,1
2007/07/12,630,630,630,630,3000,630,1
2007/07/13,640,640,639,640,2400,640,1
2007/07/17,640,644,640,644,800,644,1
2007/07/18,659,659,650,650,900,650,1
2007/07/19,660,660,660,660,100,660,1
2007/07/20,650,650,640,640,4700,640,1
2007/07/23,650,650,649,649,4300,649,1
2007/07/25,650,650,650,650,2000,650,1
2007/07/26,650,650,650,650,2800,650,1
2007/07/27,650,650,630,630,1200,630,1
2007/07/30,631,631,630,631,500,631,1
2007/07/31,630,630,630,630,200,630,1
2007/08/01,630,650,630,650,6900,650,1
2007/08/02,650,650,629,630,2000,630,1
2007/08/06,630,630,630,630,1600,630,1
2007/08/08,630,630,630,630,200,630,1
2007/08/09,630,630,630,630,400,630,1
2007/08/10,630,630,630,630,100,630,1
2007/08/15,629,630,605,605,4900,605,1
2007/08/16,600,610,600,610,2500,610,1
2007/08/17,620,621,619,620,3900,620,1
2007/08/21,640,640,640,640,1000,640,1
2007/08/22,639,640,639,640,400,640,1
2007/08/24,640,640,640,640,600,640,1
2007/08/27,640,640,640,640,1600,640,1
2007/08/28,639,640,635,637,8600,637,1
2007/08/29,639,640,639,640,1000,640,1
2007/08/30,639,640,639,639,9000,639,1
2007/09/04,639,640,639,640,1200,640,1
2007/09/05,640,640,640,640,1200,640,1
2007/09/06,640,640,640,640,4000,640,1
2007/09/07,635,635,635,635,1000,635,1
2007/09/10,635,635,634,635,5300,635,1
2007/09/11,635,635,630,630,600,630,1
2007/09/12,630,630,630,630,300,630,1
2007/09/13,630,630,630,630,2800,630,1
2007/09/19,625,625,615,615,300,615,1
2007/09/20,625,625,624,624,4000,624,1
2007/09/21,624,630,624,630,4200,630,1
2007/09/25,630,630,630,630,100,630,1
2007/09/26,598,599,598,598,400,598,1
2007/09/27,598,598,597,598,2200,598,1
2007/09/28,598,598,598,598,100,598,1
2007/10/01,598,605,598,605,500,605,1
2007/10/02,605,605,605,605,100,605,1
2007/10/03,604,605,598,598,7000,598,1
2007/10/04,599,599,599,599,100,599,1
2007/10/09,605,605,605,605,400,605,1
2007/10/10,620,620,620,620,1800,620,1
2007/10/11,619,620,619,620,600,620,1
2007/10/18,631,635,631,635,400,635,1
2007/10/19,634,635,630,635,3100,635,1
2007/10/22,636,636,635,635,800,635,1
2007/10/23,634,634,634,634,100,634,1
2007/10/24,635,640,635,636,1500,636,1
2007/10/25,635,636,635,635,7900,635,1
2007/10/26,595,635,595,635,2100,635,1
2007/10/29,635,636,635,636,8200,636,1
2007/10/30,636,636,635,636,800,636,1
2007/10/31,636,636,636,636,100,636,1
2007/11/01,636,636,636,636,200,636,1
2007/11/02,637,641,636,641,1000,641,1
2007/11/05,640,641,640,640,3700,640,1
2007/11/06,640,640,640,640,500,640,1
2007/11/12,640,640,640,640,900,640,1
2007/11/13,635,636,624,624,2200,624,1
2007/11/14,635,640,635,640,12200,640,1
2007/11/15,640,640,640,640,2000,640,1
2007/11/29,643,656,641,655,600,655,1
2007/12/03,655,655,654,655,2600,655,1
2007/12/04,644,645,644,645,3600,645,1
2007/12/05,645,645,645,645,3100,645,1
2007/12/07,644,644,644,644,100,644,1
2007/12/11,644,650,644,650,6100,650,1
2007/12/12,650,650,650,650,3300,650,1
2007/12/13,650,650,650,650,6000,650,1
2007/12/17,650,650,649,650,10700,650,1
2007/12/18,650,650,650,650,500,650,1
2007/12/19,650,650,649,650,4100,650,1
2007/12/20,650,650,650,650,800,650,1
2007/12/21,650,650,650,650,600,650,1
2007/12/25,649,649,649,649,100,649,1
2007/12/27,648,673,648,673,8900,673,1
2007/12/28,650,650,650,650,100,650,1
2008/01/09,650,650,650,650,6000,650,1
2008/01/10,649,650,611,650,2600,650,1
2008/01/11,649,649,649,649,100,649,1
2008/01/15,611,611,600,611,400,611,1
2008/01/17,576,651,576,651,3500,651,1
2008/01/18,619,619,619,619,100,619,1
2008/01/22,610,610,609,610,500,610,1
2008/01/28,609,611,609,610,1300,610,1
2008/02/06,609,610,609,610,1800,610,1
2008/02/19,550,550,530,550,800,550,1
2008/02/20,570,570,570,570,100,570,1
2008/02/21,572,572,570,570,300,570,1
2008/02/25,578,580,578,580,200,580,1
2008/02/28,579,751,579,688,3200,688,1
2008/02/29,688,688,680,680,1300,680,1
2008/03/05,671,671,630,630,1100,630,1
2008/03/07,630,637,630,637,1100,637,1
2008/03/11,630,630,630,630,1800,630,1
2008/03/13,630,630,630,630,3100,630,1
2008/03/17,630,630,629,630,5400,630,1
2008/03/21,629,630,629,630,1000,630,1
2008/03/26,691,691,691,691,100,691,1
2008/03/27,690,690,630,630,2400,630,1
2008/03/28,658,658,658,658,100,658,1
2008/04/03,655,655,630,654,1300,654,1
2008/04/04,654,654,636,636,900,636,1
2008/04/07,650,650,650,650,200,650,1
2008/04/08,650,650,635,635,400,635,1
2008/04/15,630,630,630,630,3000,630,1
2008/04/18,637,637,637,637,500,637,1
2008/04/21,649,649,649,649,100,649,1
2008/04/23,645,645,630,630,900,630,1
2008/04/24,562,562,562,562,100,562,1
2008/04/25,562,562,562,562,800,562,1
2008/04/28,562,562,562,562,400,562,1
2008/05/02,562,562,562,562,100,562,1
2008/05/07,575,575,575,575,200,575,1
2008/05/08,585,585,585,585,200,585,1
2008/05/09,584,584,584,584,700,584,1
2008/05/12,524,524,524,524,800,524,1
2008/05/13,594,600,594,600,1200,600,1
2008/05/14,540,540,540,540,100,540,1
2008/05/15,560,560,550,550,200,550,1
2008/05/19,551,551,551,551,100,551,1
2008/05/21,558,558,558,558,100,558,1
2008/05/22,575,575,565,565,200,565,1
2008/05/26,552,552,552,552,300,552,1
2008/06/02,575,575,575,575,200,575,1
2008/06/03,580,580,575,576,500,576,1
2008/06/04,577,577,576,576,300,576,1
2008/06/05,577,599,577,599,300,599,1
2008/06/06,599,599,599,599,200,599,1
2008/06/09,599,599,599,599,1300,599,1
2008/06/12,537,537,537,537,100,537,1
2008/06/17,527,527,527,527,100,527,1
2008/06/24,560,565,560,565,200,565,1
2008/06/26,605,605,565,565,700,565,1
2008/06/27,565,565,565,565,1400,565,1
2008/07/01,565,565,565,565,100,565,1
2008/07/04,576,580,576,580,900,580,1
2008/07/07,601,601,580,580,2200,580,1
2008/07/08,570,570,570,570,1100,570,1
2008/07/09,570,570,570,570,2500,570,1
2008/07/11,570,570,570,570,1000,570,1
2008/07/14,570,570,570,570,900,570,1
2008/07/15,570,570,570,570,900,570,1
2008/07/22,560,560,560,560,100,560,1
2008/07/23,560,560,560,560,200,560,1
2008/07/29,560,560,560,560,300,560,1
2008/07/30,560,560,560,560,100,560,1
2008/07/31,560,560,560,560,400,560,1
2008/08/01,560,560,560,560,100,560,1
2008/08/04,560,560,560,560,200,560,1
2008/08/08,560,560,556,556,1800,556,1
2008/08/11,555,555,555,555,1000,555,1
2008/08/15,540,540,540,540,1000,540,1
2008/08/18,535,537,535,537,1100,537,1
2008/08/19,530,530,530,530,700,530,1
2008/08/27,531,545,530,545,2300,545,1
2008/08/28,545,545,545,545,3700,545,1
2008/09/01,535,535,535,535,1000,535,1
2008/09/02,534,534,500,500,1600,500,1
2008/09/10,511,511,510,510,1600,510,1
2008/09/16,505,505,505,505,400,505,1
2008/09/17,500,500,499,499,2400,499,1
2008/09/18,480,480,480,480,2000,480,1
2008/09/19,480,480,480,480,8000,480,1
2008/09/22,480,480,480,480,4000,480,1
2008/09/24,480,480,415,431,4100,431,1
2008/09/26,470,470,470,470,6000,470,1
2008/09/29,470,470,450,450,8300,450,1
2008/09/30,450,450,450,450,12400,450,1
2008/10/01,440,440,440,440,200,440,1
2008/10/03,440,440,440,440,800,440,1
2008/10/07,365,365,365,365,3600,365,1
2008/10/14,425,425,425,425,1000,425,1
2008/10/15,430,435,430,435,1600,435,1
2008/10/17,445,445,445,445,5500,445,1
2008/10/20,440,440,440,440,3000,440,1
2008/10/21,440,440,440,440,5300,440,1
2008/10/22,440,440,440,440,3100,440,1
2008/10/23,440,440,440,440,2600,440,1
2008/10/24,369,369,369,369,100,369,1
2008/10/27,372,400,372,400,1000,400,1
2008/10/28,410,410,405,405,7400,405,1
2008/10/29,390,390,360,370,4100,370,1
2008/10/30,370,390,370,389,3100,389,1
2008/10/31,389,390,389,390,3100,390,1
2008/11/05,390,390,390,390,600,390,1
2008/11/06,390,390,390,390,3500,390,1
2008/11/07,390,390,390,390,500,390,1
2008/11/11,417,417,417,417,100,417,1
2008/11/13,400,400,399,399,4300,399,1
2008/11/18,430,440,430,440,1000,440,1
2008/11/19,440,440,440,440,100,440,1
2008/11/20,450,450,450,450,1200,450,1
2008/11/21,425,450,425,450,3300,450,1
2008/11/27,450,451,450,451,300,451,1
2008/11/28,451,451,451,451,1800,451,1
2008/12/01,450,450,450,450,100,450,1
2008/12/04,450,450,450,450,800,450,1
2008/12/08,455,455,455,455,100,455,1
2008/12/09,456,456,456,456,100,456,1
2008/12/10,456,456,456,456,300,456,1
2008/12/11,456,456,456,456,300,456,1
2008/12/12,456,456,456,456,1700,456,1
2008/12/15,446,446,440,440,1500,440,1
2008/12/16,425,430,420,420,3200,420,1
2008/12/17,430,430,430,430,1200,430,1
2008/12/24,430,430,400,400,700,400,1
2008/12/26,385,385,385,385,500,385,1
2008/12/29,399,399,399,399,100,399,1
2008/12/30,399,399,399,399,2200,399,1
2009/01/05,399,399,399,399,100,399,1
2009/01/06,399,399,399,399,200,399,1
2009/01/07,395,399,395,399,2400,399,1
2009/01/09,395,395,395,395,3000,395,1
2009/01/21,345,350,345,350,300,350,1
2009/01/22,355,355,355,355,100,355,1
2009/01/26,340,340,340,340,100,340,1
2009/01/28,342,355,342,355,1000,355,1
2009/01/29,355,355,355,355,1800,355,1
2009/01/30,355,355,355,355,700,355,1
2009/02/06,355,355,355,355,500,355,1
2009/02/17,348,348,348,348,100,348,1
2009/02/27,348,348,348,348,100,348,1
2009/03/02,348,348,348,348,500,348,1
2009/03/04,348,348,348,348,2000,348,1
2009/03/05,348,348,348,348,500,348,1
2009/03/12,348,348,348,348,100,348,1
2009/03/18,308,308,308,308,500,308,1
2009/03/23,285,285,280,280,300,280,1
2009/03/24,280,280,278,279,400,279,1
2009/03/25,271,279,271,279,300,279,1
2009/03/26,279,280,279,280,500,280,1
2009/03/27,281,346,281,300,1600,300,1
2009/03/30,300,315,300,310,1400,310,1
2009/03/31,311,311,310,310,1300,310,1
2009/04/02,318,318,311,311,1200,311,1
2009/04/03,312,312,312,312,300,312,1
2009/04/06,312,312,310,310,2200,310,1
2009/04/07,310,312,310,310,600,310,1
2009/04/08,310,310,310,310,100,310,1
2009/04/09,310,310,302,302,1200,302,1
2009/04/13,317,317,317,317,500,317,1
2009/04/14,317,317,317,317,100,317,1
2009/04/17,350,350,350,350,2100,350,1
2009/04/20,365,365,340,340,200,340,1
2009/04/22,330,365,330,360,300,360,1
2009/04/23,425,425,425,425,1500,425,1
2009/04/24,376,420,376,385,700,385,1
2009/04/27,385,385,385,385,2200,385,1
2009/05/01,384,384,384,384,100,384,1
2009/05/07,384,384,329,344,3100,344,1
2009/05/08,326,340,320,340,2500,340,1
2009/05/11,295,310,295,310,2500,310,1
2009/05/12,310,315,310,315,800,315,1
2009/05/20,310,310,310,310,500,310,1
2009/05/22,309,309,309,309,200,309,1
2009/05/25,309,309,302,302,200,302,1
2009/05/26,302,302,300,302,1500,302,1
2009/05/27,303,310,303,310,300,310,1
2009/05/28,311,311,303,303,3200,303,1
2009/05/29,310,310,310,310,300,310,1
2009/06/01,303,304,303,304,400,304,1
2009/06/02,304,304,304,304,100,304,1
2009/06/05,310,310,310,310,100,310,1
2009/06/08,310,310,310,310,400,310,1
2009/06/12,305,305,305,305,300,305,1
2009/06/15,303,303,303,303,200,303,1
2009/06/16,303,303,301,301,500,301,1
2009/06/17,304,304,300,300,1900,300,1
2009/06/18,300,320,300,320,2200,320,1
2009/06/19,315,315,300,300,1000,300,1
2009/06/22,315,315,301,301,700,301,1
2009/06/23,301,301,301,301,200,301,1
2009/06/24,306,313,306,313,200,313,1
2009/06/29,313,313,313,313,2600,313,1
2009/06/30,313,313,313,313,500,313,1
2009/07/01,313,313,313,313,3300,313,1
2009/07/03,314,314,314,314,100,314,1
2009/07/06,314,314,314,314,1100,314,1
2009/07/08,315,315,315,315,600,315,1
2009/07/10,312,315,312,315,300,315,1
2009/07/27,315,315,315,315,3100,315,1
2009/07/28,316,319,316,319,400,319,1
2009/07/29,320,320,316,316,2400,316,1
2009/07/31,323,323,323,323,100,323,1
2009/08/05,323,323,323,323,400,323,1
2009/08/10,315,315,315,315,100,315,1
2009/08/14,310,310,310,310,100,310,1
2009/08/24,306,306,306,306,300,306,1
2009/08/27,315,320,308,308,8200,308,1
2009/09/01,320,320,320,320,300,320,1
2009/09/07,323,323,322,322,900,322,1
2009/09/14,342,344,342,344,200,344,1
2009/09/15,344,344,344,344,100,344,1
2009/09/16,340,340,340,340,200,340,1
2009/09/17,315,315,315,315,400,315,1
2009/09/18,316,316,281,296,1600,296,1
2009/09/24,296,301,296,301,300,301,1
2009/09/25,301,301,301,301,100,301,1
2009/09/30,315,315,315,315,500,315,1
2009/10/01,315,315,315,315,200,315,1
2009/10/02,315,315,315,315,200,315,1
2009/10/05,315,315,315,315,1300,315,1
2009/10/13,315,320,315,320,600,320,1
2009/10/16,300,300,300,300,1000,300,1
2009/10/26,300,300,300,300,600,300,1
2009/11/06,300,300,300,300,1000,300,1
2009/11/11,300,300,300,300,400,300,1
2009/11/12,300,300,300,300,200,300,1
2009/11/16,300,300,300,300,100,300,1
2009/11/27,300,300,300,300,100,300,1
2009/11/30,300,300,300,300,100,300,1
2009/12/02,300,300,300,300,100,300,1
2009/12/07,315,315,315,315,100,315,1
2009/12/08,315,315,315,315,500,315,1
2009/12/10,300,300,300,300,100,300,1
2009/12/11,300,300,300,300,1200,300,1
2009/12/14,301,315,301,315,1100,315,1
2009/12/15,315,320,315,320,5300,320,1
2009/12/16,324,328,320,320,3500,320,1
2009/12/25,290,290,290,290,100,290,1
2009/12/28,291,292,291,292,400,292,1
2009/12/29,312,312,312,312,100,312,1
2009/12/30,312,312,312,312,400,312,1
2010/01/05,315,315,315,315,300,315,1
2010/01/06,315,315,313,313,700,313,1
2010/01/07,300,300,300,300,900,300,1
2010/01/18,300,300,300,300,200,300,1
2010/01/22,300,300,300,300,100,300,1
2010/01/25,300,300,300,300,600,300,1
2010/01/26,300,300,300,300,300,300,1
2010/01/27,300,300,300,300,4100,300,1
2010/01/28,300,300,300,300,1100,300,1
2010/01/29,300,300,300,300,100,300,1
2010/02/01,298,298,298,298,800,298,1
2010/02/02,298,298,298,298,500,298,1
2010/02/03,298,298,298,298,3400,298,1
2010/02/04,298,298,298,298,5200,298,1
2010/02/05,298,298,298,298,2000,298,1
2010/02/08,302,307,302,307,1100,307,1
2010/02/09,307,316,307,316,1000,316,1
2010/02/10,319,319,319,319,100,319,1
2010/02/15,315,315,315,315,100,315,1
2010/02/16,315,315,315,315,200,315,1
2010/02/19,316,317,315,315,400,315,1
2010/02/22,315,317,315,317,1100,317,1
2010/03/01,317,321,317,321,1300,321,1
2010/03/02,328,328,328,328,100,328,1
2010/03/04,333,333,333,333,1000,333,1
2010/03/05,333,335,333,335,200,335,1
2010/03/08,337,337,330,337,2800,337,1
2010/03/15,336,340,336,340,4200,340,1
2010/03/16,337,337,337,337,100,337,1
2010/03/29,346,346,337,337,5000,337,1
2010/03/30,338,338,338,338,200,338,1
2010/03/31,340,345,340,345,500,345,1
2010/04/01,345,347,345,347,700,347,1
2010/04/02,347,347,347,347,100,347,1
2010/04/05,347,347,345,347,3900,347,1
2010/04/06,350,350,350,350,1100,350,1
2010/04/07,359,359,359,359,100,359,1
2010/04/08,351,351,344,351,2400,351,1
2010/04/09,355,358,345,345,600,345,1
2010/04/12,358,358,358,358,200,358,1
2010/04/15,358,358,358,358,100,358,1
2010/04/16,356,356,353,353,800,353,1
2010/04/19,356,356,348,348,300,348,1
2010/04/21,358,358,358,358,200,358,1
2010/04/22,355,355,350,350,800,350,1
2010/04/23,351,351,351,351,1000,351,1
2010/04/26,358,370,351,370,2500,370,1
2010/04/27,360,363,360,360,2300,360,1
2010/04/30,358,358,305,325,2300,325,1
2010/05/06,320,320,320,320,100,320,1
2010/05/07,320,320,320,320,300,320,1
2010/05/13,308,308,308,308,1000,308,1
2010/05/17,308,308,308,308,100,308,1
2010/05/27,310,310,308,308,1300,308,1
2010/05/28,325,325,325,325,1700,325,1
2010/05/31,397,397,325,325,600,325,1
2010/06/03,325,325,325,325,100,325,1
2010/06/24,309,309,309,309,100,309,1
2010/06/25,323,323,323,323,100,323,1
2010/06/30,330,330,324,324,200,324,1
2010/07/09,325,325,325,325,100,325,1
2010/07/28,325,340,325,340,9700,340,1
2010/07/29,340,340,340,340,1000,340,1
2010/08/04,325,325,325,325,100,325,1
2010/08/05,338,338,338,338,100,338,1
2010/08/06,338,338,330,330,1300,330,1
2010/08/09,338,338,338,338,100,338,1
2010/08/16,337,337,337,337,100,337,1
2010/08/27,337,345,337,337,7800,337,1
2010/09/08,337,337,337,337,100,337,1
2010/09/21,395,395,359,359,200,359,1
2010/09/22,320,323,320,323,300,323,1
2010/09/24,325,331,325,331,1000,331,1
2010/09/27,331,331,331,331,1700,331,1
2010/09/28,331,331,331,331,300,331,1
2010/09/29,310,315,302,307,2000,307,1
2010/10/05,307,308,307,308,900,308,1
2010/10/06,308,308,308,308,1000,308,1
2010/10/08,284,284,284,284,2000,284,1
2010/10/12,284,284,284,284,700,284,1
2010/10/13,284,284,284,284,100,284,1
2010/10/14,284,284,284,284,300,284,1
2010/10/18,268,268,268,268,1000,268,1
2010/10/20,268,268,268,268,500,268,1
2010/10/22,270,270,270,270,100,270,1
2010/10/25,284,284,284,284,100,284,1
2010/10/27,284,284,284,284,1600,284,1
2010/10/28,284,284,284,284,500,284,1
2010/10/29,294,294,294,294,400,294,1
2010/11/01,297,297,297,297,100,297,1
2010/11/05,297,297,297,297,500,297,1
2010/11/08,289,289,289,289,100,289,1
2010/11/10,280,280,280,280,100,280,1
2010/11/11,285,285,285,285,300,285,1
2010/11/18,261,265,261,265,1400,265,1
2010/11/19,280,280,272,274,300,274,1
2010/11/22,274,274,274,274,300,274,1
2010/11/24,280,280,274,274,1300,274,1
2010/11/25,290,290,289,289,400,289,1
2010/11/26,289,289,289,289,300,289,1
2010/11/29,295,295,295,295,100,295,1
2010/11/30,295,300,295,300,700,300,1
2010/12/02,356,356,356,356,1500,356,1
2010/12/03,356,356,356,356,3300,356,1
2010/12/06,350,350,350,350,300,350,1
2010/12/07,350,350,350,350,200,350,1
2010/12/10,304,315,285,315,4800,315,1
2010/12/13,315,320,315,315,2500,315,1
2010/12/17,316,316,316,316,100,316,1
2010/12/27,316,316,316,316,3000,316,1
2010/12/29,316,316,316,316,400,316,1
2011/01/06,338,338,338,338,100,338,1
2011/01/07,338,338,338,338,500,338,1
2011/01/11,338,338,338,338,1000,338,1
2011/01/14,353,353,353,353,300,353,1
2011/01/17,336,336,336,336,300,336,1
2011/01/18,336,336,336,336,500,336,1
2011/01/20,339,347,339,347,200,347,1
2011/01/21,347,347,333,333,600,333,1
2011/01/26,337,340,337,340,400,340,1
2011/01/27,349,349,349,349,200,349,1
2011/01/28,349,349,349,349,600,349,1
2011/02/01,360,360,360,360,2200,360,1
2011/02/02,360,363,360,361,2100,361,1
2011/02/03,361,361,361,361,100,361,1
2011/02/08,393,393,393,393,300,393,1
2011/02/09,393,393,393,393,100,393,1
2011/02/21,370,370,370,370,300,370,1
2011/02/25,338,338,338,338,200,338,1
2011/02/28,392,392,344,344,400,344,1
2011/03/02,376,376,376,376,200,376,1
2011/03/03,376,376,376,376,500,376,1
2011/03/04,376,376,376,376,600,376,1
2011/03/07,376,376,376,376,500,376,1
2011/03/08,376,376,376,376,500,376,1
2011/03/09,402,402,402,402,200,402,1
2011/03/10,402,402,402,402,400,402,1
2011/03/11,362,370,360,370,500,370,1
2011/03/17,291,308,290,290,4200,290,1
2011/03/18,291,291,290,291,3100,291,1
2011/03/22,299,299,268,291,10000,291,1
2011/03/23,305,305,305,305,700,305,1
2011/03/24,303,303,300,300,1000,300,1
2011/03/25,305,308,305,308,1000,308,1
2011/03/28,308,313,302,313,5100,313,1
2011/03/29,312,324,312,324,500,324,1
2011/03/30,325,334,320,332,3700,332,1
2011/03/31,328,328,320,325,5100,325,1
2011/04/01,322,323,316,323,3000,323,1
2011/04/04,328,328,323,325,2000,325,1
2011/04/05,325,325,325,325,500,325,1
2011/04/06,325,325,320,320,800,320,1
2011/04/07,323,323,323,323,600,323,1
2011/04/08,325,330,320,324,700,324,1
2011/04/11,324,328,324,328,400,328,1
2011/04/12,324,330,324,330,300,330,1
2011/04/13,332,333,328,333,400,333,1
2011/04/14,325,331,325,331,600,331,1
2011/04/15,323,328,323,327,900,327,1
2011/04/18,328,330,328,330,400,330,1
2011/04/19,331,333,331,333,200,333,1
2011/04/20,331,335,331,335,200,335,1
2011/04/21,335,335,335,335,100,335,1
2011/04/22,333,335,320,335,2100,335,1
2011/04/25,337,340,335,340,4300,340,1
2011/04/26,306,313,304,309,2800,309,1
2011/04/27,309,314,309,314,3500,314,1
2011/04/28,314,314,313,313,1900,313,1
2011/05/02,303,305,303,305,1800,305,1
2011/05/06,310,310,301,301,700,301,1
2011/05/09,315,315,315,315,100,315,1
2011/05/11,312,312,312,312,100,312,1
2011/05/13,306,306,306,306,200,306,1
2011/05/18,306,306,306,306,200,306,1
2011/05/20,306,306,306,306,100,306,1
2011/05/26,302,302,302,302,100,302,1
2011/05/30,303,303,303,303,500,303,1
2011/06/01,309,311,309,311,700,311,1
2011/06/02,311,311,311,311,2300,311,1
2011/06/03,311,311,311,311,100,311,1
2011/06/06,311,311,311,311,100,311,1
2011/06/14,310,310,310,310,100,310,1
2011/06/15,287,300,287,300,200,300,1
2011/06/16,315,315,307,307,400,307,1
2011/06/17,308,317,308,317,600,317,1
2011/06/22,303,305,303,305,1100,305,1
2011/06/27,306,306,305,305,1000,305,1
2011/06/29,310,310,310,310,100,310,1
2011/06/30,310,315,310,315,1500,315,1
2011/07/01,316,324,316,324,1500,324,1
2011/07/04,325,330,325,330,200,330,1
2011/07/05,330,335,330,335,2300,335,1
2011/07/06,335,340,335,340,200,340,1
2011/07/07,340,340,340,340,4700,340,1
2011/07/11,335,335,335,335,100,335,1
2011/07/13,330,330,330,330,100,330,1
2011/07/19,345,345,345,345,400,345,1
2011/07/20,348,349,325,341,400,341,1
2011/07/21,363,366,363,366,700,366,1
2011/07/25,358,398,358,398,2200,398,1
2011/07/27,398,398,360,360,2200,360,1
2011/07/29,345,345,345,345,200,345,1
2011/08/02,315,315,315,315,2900,315,1
2011/08/03,311,324,310,316,700,316,1
2011/08/05,316,316,316,316,400,316,1
2011/08/08,307,307,307,307,300,307,1
2011/08/09,304,304,304,304,500,304,1
2011/08/10,315,316,310,316,500,316,1
2011/08/16,324,324,324,324,300,324,1
2011/08/19,329,329,329,329,1000,329,1
2011/08/26,329,338,329,338,900,338,1
2011/08/29,338,338,338,338,3800,338,1
2011/08/30,350,350,350,350,3300,350,1
2011/08/31,350,350,350,350,500,350,1
2011/09/06,350,350,350,350,300,350,1
2011/09/07,367,388,367,388,500,388,1
2011/09/08,388,388,350,350,600,350,1
2011/09/12,352,352,352,352,100,352,1
2011/09/14,328,332,328,331,1500,331,1
2011/09/15,338,338,338,338,300,338,1
2011/09/20,330,330,330,330,100,330,1
2011/09/26,329,329,329,329,100,329,1
2011/09/28,336,336,329,329,2500,329,1
2011/10/03,322,322,322,322,100,322,1
2011/10/05,298,307,298,300,1300,300,1
2011/10/11,292,295,292,295,1700,295,1
2011/10/12,295,295,295,295,1000,295,1
2011/10/17,300,300,300,300,700,300,1
2011/10/24,300,309,292,309,600,309,1
2011/10/27,309,309,309,309,2500,309,1
2011/10/31,315,315,315,315,200,315,1
2011/11/04,315,315,315,315,400,315,1
2011/11/22,290,290,290,290,100,290,1
2011/11/29,291,291,291,291,200,291,1
2011/12/02,292,292,292,292,100,292,1
2011/12/09,300,305,300,305,300,305,1
2011/12/12,313,323,313,323,700,323,1
2011/12/13,323,323,323,323,3600,323,1
2011/12/14,335,335,335,335,1800,335,1
2011/12/27,335,335,335,335,2300,335,1
2012/01/05,335,335,335,335,400,335,1
2012/01/10,305,306,300,300,2100,300,1
2012/01/20,310,318,310,310,800,310,1
2012/01/23,302,311,302,311,1100,311,1
2012/01/26,311,311,311,311,100,311,1
2012/01/27,311,311,311,311,3800,311,1
2012/01/30,311,311,311,311,500,311,1
2012/02/07,311,311,311,311,400,311,1
2012/02/14,314,314,314,314,100,314,1
2012/02/17,314,314,314,314,100,314,1
2012/02/20,306,306,306,306,1300,306,1
2012/02/21,306,306,306,306,100,306,1
2012/02/28,317,317,317,317,600,317,1
2012/02/29,317,317,317,317,200,317,1
2012/03/02,321,321,321,321,100,321,1
2012/03/05,322,322,321,321,900,321,1
2012/03/06,321,321,321,321,1400,321,1
2012/03/07,322,328,321,328,1800,328,1
2012/03/08,336,336,336,336,1000,336,1
2012/03/09,336,336,336,336,200,336,1
2012/03/12,331,331,318,318,1100,318,1
2012/03/13,321,321,321,321,500,321,1
2012/03/14,330,330,330,330,100,330,1
2012/03/15,330,341,321,321,1200,321,1
2012/03/16,320,320,320,320,1000,320,1
2012/03/19,321,321,321,321,1500,321,1
2012/03/22,330,330,330,330,100,330,1
2012/03/23,330,330,330,330,200,330,1
2012/03/26,330,335,330,335,1500,335,1
2012/03/27,335,341,335,341,400,341,1
2012/03/28,341,349,341,349,2100,349,1
2012/03/29,349,390,349,375,700,375,1
2012/03/30,374,374,370,374,1000,374,1
2012/04/02,373,373,360,371,1400,371,1
2012/04/03,370,373,370,373,300,373,1
2012/04/04,371,373,364,364,1400,364,1
2012/04/05,364,364,358,358,1200,358,1
2012/04/06,363,363,358,363,400,363,1
2012/04/09,363,363,363,363,100,363,1
2012/04/10,363,363,360,363,600,363,1
2012/04/11,362,362,362,362,200,362,1
2012/04/12,359,359,359,359,100,359,1
2012/04/16,359,359,353,353,400,353,1
2012/04/17,360,363,360,363,400,363,1
2012/04/19,360,360,355,355,500,355,1
2012/04/20,350,350,350,350,300,350,1
2012/04/23,350,360,350,360,600,360,1
2012/04/24,344,357,344,349,1400,349,1
2012/04/25,323,325,323,324,1200,324,1
2012/04/26,326,326,312,312,300,312,1
2012/05/01,315,315,312,312,1000,312,1
2012/05/07,313,313,312,312,400,312,1
2012/05/09,312,312,312,312,400,312,1
2012/05/11,305,305,305,305,200,305,1
2012/05/15,310,310,308,308,300,308,1
2012/05/16,299,299,299,299,100,299,1
2012/05/18,294,294,294,294,100,294,1
2012/05/24,300,300,300,300,100,300,1
2012/05/30,310,310,310,310,100,310,1
2012/05/31,312,320,312,320,1300,320,1
2012/06/01,320,320,320,320,4600,320,1
2012/06/04,288,288,288,288,100,288,1
2012/06/08,290,290,290,290,100,290,1
2012/06/11,291,291,291,291,400,291,1
2012/06/13,290,290,290,290,2700,290,1
2012/06/19,292,313,292,313,400,313,1
2012/06/20,325,325,300,305,2000,305,1
2012/06/25,302,302,302,302,200,302,1
2012/06/26,302,302,302,302,100,302,1
2012/06/27,305,305,305,305,400,305,1
2012/06/28,307,307,307,307,400,307,1
2012/06/29,307,307,307,307,100,307,1
2012/07/02,310,310,307,307,300,307,1
2012/07/04,311,311,311,311,100,311,1
2012/07/06,312,316,312,312,300,312,1
2012/07/09,312,313,312,313,200,313,1
2012/07/13,315,315,315,315,100,315,1
2012/07/18,317,317,315,315,200,315,1
2012/07/20,307,307,307,307,100,307,1
2012/07/24,312,321,312,320,400,320,1
2012/07/25,302,306,302,306,200,306,1
2012/07/30,306,306,306,306,3000,306,1
2012/08/06,310,310,310,310,200,310,1
2012/08/10,306,306,306,306,100,306,1
2012/08/13,306,306,306,306,200,306,1
2012/08/27,320,320,320,320,5200,320,1
2012/08/28,320,320,320,320,400,320,1
2012/08/29,320,320,320,320,5300,320,1
2012/08/30,320,325,320,325,2600,325,1
2012/09/03,325,329,325,325,1400,325,1
2012/09/05,325,325,321,321,2000,321,1
2012/09/06,321,321,321,321,100,321,1
2012/09/07,315,315,315,315,300,315,1
2012/09/10,322,322,322,322,500,322,1
2012/09/11,324,324,324,324,100,324,1
2012/09/12,326,346,326,346,1300,346,1
2012/09/13,350,352,350,352,1000,352,1
2012/09/14,358,359,358,359,2500,359,1
2012/09/18,357,357,353,353,400,353,1
2012/09/27,350,350,350,350,2100,350,1
2012/09/28,333,333,332,332,400,332,1
2012/10/01,332,332,332,332,100,332,1
2012/10/02,323,323,323,323,100,323,1
2012/10/05,320,320,320,320,300,320,1
2012/10/09,320,320,320,320,100,320,1
2012/10/16,320,320,320,320,200,320,1
2012/10/19,320,320,320,320,100,320,1
2012/10/22,320,320,320,320,200,320,1
2012/10/25,319,319,319,319,200,319,1
2012/10/29,319,319,319,319,900,319,1
2012/10/31,319,319,319,319,700,319,1
2012/11/02,320,321,320,321,300,321,1
2012/11/06,323,323,323,323,200,323,1
2012/11/07,323,323,323,323,100,323,1
2012/11/21,350,350,350,350,100,350,1
2012/11/27,350,350,350,350,1600,350,1
2012/11/28,350,350,350,350,100,350,1
2012/11/29,350,350,350,350,1300,350,1
2012/12/03,350,350,350,350,100,350,1
2012/12/05,350,350,350,350,600,350,1
2012/12/06,342,342,342,342,100,342,1
2012/12/07,340,340,340,340,600,340,1
2012/12/12,348,348,341,342,400,342,1
2012/12/14,347,347,347,347,100,347,1
2012/12/19,347,347,347,347,100,347,1
2012/12/20,344,346,344,346,500,346,1
2012/12/21,344,344,344,344,100,344,1
2012/12/25,346,346,346,346,100,346,1
2012/12/26,330,331,330,331,400,331,1
2012/12/27,341,341,332,332,600,332,1
2013/01/04,348,348,348,348,400,348,1
2013/01/07,348,350,348,350,1400,350,1
2013/01/08,350,350,350,350,4100,350,1
2013/01/09,350,350,350,350,300,350,1
2013/01/11,343,343,343,343,300,343,1
2013/01/15,345,349,345,349,200,349,1
2013/01/17,335,340,335,340,2100,340,1
2013/01/18,340,348,340,348,400,348,1
2013/01/23,341,341,340,340,400,340,1
2013/01/24,340,346,340,346,300,346,1
2013/01/25,344,344,340,340,600,340,1
2013/01/28,340,344,340,341,2300,341,1
2013/01/29,339,350,339,350,3600,350,1
2013/01/30,350,350,350,350,1500,350,1
2013/02/01,350,352,350,350,700,350,1
2013/02/04,360,367,360,367,800,367,1
2013/02/05,367,367,360,360,10100,360,1
2013/02/06,360,360,360,360,500,360,1
2013/02/07,357,372,357,372,4500,372,1
2013/02/08,370,370,363,363,300,363,1
2013/02/13,360,360,360,360,1300,360,1
2013/02/15,359,359,359,359,500,359,1
2013/02/25,365,365,365,365,100,365,1
2013/02/26,371,371,365,365,300,365,1
2013/02/27,373,373,365,365,800,365,1
2013/02/28,357,357,356,356,3200,356,1
2013/03/04,360,361,358,361,300,361,1
2013/03/05,365,372,365,372,1700,372,1
2013/03/06,373,373,372,373,2200,373,1
2013/03/07,359,359,359,359,500,359,1
2013/03/11,375,376,375,376,600,376,1
2013/03/12,370,375,370,371,1400,371,1
2013/03/13,383,451,383,451,13700,451,1
2013/03/14,460,460,409,424,18700,424,1
2013/03/15,405,420,405,420,4200,420,1
2013/03/18,419,419,415,417,700,417,1
2013/03/19,417,420,407,420,2300,420,1
2013/03/21,424,424,424,424,200,424,1
2013/03/22,416,416,409,409,1200,409,1
2013/03/25,416,477,416,470,9700,470,1
2013/03/26,455,455,420,440,5100,440,1
2013/03/27,448,465,448,462,2000,462,1
2013/03/28,462,467,460,461,6500,461,1
2013/03/29,461,465,460,465,1400,465,1
2013/04/01,489,489,450,450,8200,450,1
2013/04/02,446,458,439,458,900,458,1
2013/04/04,459,460,445,445,400,445,1
2013/04/05,463,463,450,450,1500,450,1
2013/04/08,456,461,448,459,2300,459,1
2013/04/09,462,465,450,465,3300,465,1
2013/04/10,464,464,443,458,2000,458,1
2013/04/11,447,454,437,437,8200,437,1
2013/04/12,440,440,432,440,2200,440,1
2013/04/15,446,520,446,466,18700,466,1
2013/04/16,460,460,446,458,2600,458,1
2013/04/17,458,460,457,460,1300,460,1
2013/04/18,460,464,457,464,1200,464,1
2013/04/19,465,467,460,465,1600,465,1
2013/04/22,465,473,465,470,1800,470,1
2013/04/23,465,475,465,474,3200,474,1
2013/04/24,475,490,475,480,5500,480,1
2013/04/25,459,459,435,450,10200,450,1
2013/04/26,450,450,433,433,5000,433,1
2013/04/30,435,441,435,435,3300,435,1
2013/05/01,435,435,433,435,3300,435,1
2013/05/02,436,440,436,437,600,437,1
2013/05/07,424,442,424,442,5800,442,1
2013/05/08,430,440,430,440,2200,440,1
2013/05/09,435,448,435,448,7100,448,1
2013/05/10,442,448,442,448,500,448,1
2013/05/13,447,447,435,435,2700,435,1
2013/05/14,438,448,438,448,1900,448,1
2013/05/15,444,447,444,447,1100,447,1
2013/05/16,430,432,415,415,5100,415,1
2013/05/17,418,435,418,435,1100,435,1
2013/05/20,435,435,427,427,200,427,1
2013/05/21,435,435,425,426,1400,426,1
2013/05/22,427,430,427,428,400,428,1
2013/05/23,427,427,415,415,1400,415,1
2013/05/24,415,415,410,415,1800,415,1
2013/05/27,415,415,415,415,1800,415,1
2013/05/28,419,419,405,410,900,410,1
2013/05/29,412,412,407,407,700,407,1
2013/05/30,405,405,400,401,1000,401,1
2013/05/31,408,408,408,408,100,408,1
2013/06/03,406,406,406,406,100,406,1
2013/06/04,395,395,395,395,600,395,1
2013/06/05,395,395,386,395,2200,395,1
2013/06/06,400,400,400,400,400,400,1
2013/06/07,390,390,375,380,1300,380,1
2013/06/10,375,381,375,378,700,378,1
2013/06/11,370,388,370,388,1500,388,1
2013/06/13,385,388,385,388,400,388,1
2013/06/17,387,387,387,387,500,387,1
2013/06/18,390,400,390,400,900,400,1
2013/06/19,424,480,419,480,34200,480,1
2013/06/20,432,442,412,420,41000,420,1
2013/06/21,423,423,395,407,9200,407,1
2013/06/24,431,436,410,416,6900,416,1
2013/06/25,416,426,387,410,7100,410,1
2013/06/26,418,418,395,400,3800,400,1
2013/06/27,400,402,397,400,3600,400,1
2013/06/28,400,400,383,395,2000,395,1
2013/07/01,395,407,395,407,2300,407,1
2013/07/02,429,430,407,416,2700,416,1
2013/07/03,418,418,407,415,1800,415,1
2013/07/04,409,435,409,421,3500,421,1
2013/07/05,425,429,425,429,900,429,1
2013/07/08,437,437,423,423,1200,423,1
2013/07/09,425,425,422,422,200,422,1
2013/07/10,420,429,420,420,1800,420,1
2013/07/11,421,425,421,422,400,422,1
2013/07/12,425,425,423,423,1200,423,1
2013/07/16,424,430,424,430,600,430,1
2013/07/17,434,435,434,435,500,435,1
2013/07/18,435,435,425,426,800,426,1
2013/07/19,430,430,415,429,700,429,1
2013/07/22,428,430,420,430,1200,430,1
2013/07/24,426,430,426,430,1000,430,1
2013/07/25,434,435,430,431,6400,431,1
2013/07/26,432,432,424,424,1100,424,1
2013/07/29,424,424,420,422,3000,422,1
2013/08/02,428,428,428,428,100,428,1
2013/08/05,428,428,426,427,800,427,1
2013/08/06,427,427,422,422,400,422,1
2013/08/07,423,424,423,423,500,423,1
2013/08/08,423,423,420,420,900,420,1
2013/08/09,413,419,413,419,2300,419,1
2013/08/12,419,419,419,419,200,419,1
2013/08/13,427,428,427,428,300,428,1
2013/08/14,429,430,429,430,1000,430,1
2013/08/16,425,425,425,425,100,425,1
2013/08/19,422,422,422,422,100,422,1
2013/08/20,421,421,414,414,300,414,1
2013/08/21,425,425,411,422,1000,422,1
2013/08/22,414,426,414,426,2100,426,1
2013/08/23,419,419,419,419,100,419,1
2013/08/26,411,420,411,412,2900,412,1
2013/08/27,417,430,417,422,900,422,1
2013/08/28,422,422,422,422,4700,422,1
2013/08/29,422,422,422,422,400,422,1
2013/09/03,422,422,398,406,2900,406,1
2013/09/04,408,414,408,414,400,414,1
2013/09/05,414,419,414,419,600,419,1
2013/09/06,419,419,419,419,400,419,1
2013/09/09,423,423,419,420,1600,420,1
2013/09/10,419,419,419,419,4700,419,1
2013/09/11,426,426,426,426,100,426,1
2013/09/17,425,426,425,426,600,426,1
2013/09/18,425,428,425,428,900,428,1
2013/09/19,426,426,421,425,700,425,1
2013/09/20,427,427,427,427,200,427,1
2013/09/24,428,428,428,428,900,428,1
2013/09/25,430,433,430,433,700,433,1
2013/09/26,435,435,419,419,700,419,1
2013/09/30,427,428,425,425,900,425,1
2013/10/01,425,429,425,429,800,429,1
2013/10/02,430,430,429,429,1800,429,1
2013/10/04,429,445,428,429,1700,429,1
2013/10/07,430,437,430,437,1000,437,1
2013/10/08,437,437,437,437,200,437,1
2013/10/09,437,437,437,437,200,437,1
2013/10/10,449,458,430,430,1700,430,1
2013/10/11,445,470,433,435,2300,435,1
2013/10/15,436,436,436,436,200,436,1
2013/10/16,435,435,435,435,100,435,1
2013/10/17,435,436,431,436,600,436,1
2013/10/18,443,459,443,459,500,459,1
2013/10/21,459,473,456,473,1900,473,1
2013/10/22,472,473,456,473,2100,473,1
2013/10/23,473,473,473,473,100,473,1
2013/10/24,473,473,445,457,9200,457,1
2013/10/25,457,457,457,457,600,457,1
2013/10/28,457,458,457,457,1400,457,1
2013/10/30,457,473,457,472,1000,472,1
2013/10/31,472,472,472,472,300,472,1
2013/11/01,470,470,470,470,6300,470,1
2013/11/05,470,470,470,470,100,470,1
2013/11/06,445,473,445,473,3200,473,1
2013/11/07,470,470,469,470,300,470,1
2013/11/08,472,472,472,472,100,472,1
2013/11/11,470,480,439,475,1900,475,1
2013/11/15,474,474,474,474,300,474,1
2013/11/18,474,474,474,474,200,474,1
2013/11/19,488,490,487,487,500,487,1
2013/11/20,487,487,487,487,200,487,1
2013/11/21,465,487,465,487,300,487,1
2013/11/22,471,471,453,460,2400,460,1
2013/11/25,465,465,465,465,900,465,1
2013/11/26,466,469,466,469,300,469,1
2013/11/27,469,469,469,469,1400,469,1
2013/11/28,469,469,469,469,100,469,1
2013/11/29,454,470,454,470,300,470,1
2013/12/02,479,479,479,479,200,479,1
2013/12/03,463,480,463,480,300,480,1
2013/12/04,478,478,478,478,600,478,1
2013/12/05,478,478,478,478,200,478,1
2013/12/06,476,476,476,476,100,476,1
2013/12/09,466,470,463,470,1700,470,1
2013/12/11,470,470,470,470,2100,470,1
2013/12/12,470,470,470,470,1200,470,1
2013/12/13,486,486,462,462,1400,462,1
2013/12/16,462,462,461,461,600,461,1
2013/12/17,460,460,449,450,1400,450,1
2013/12/18,450,461,433,461,2200,461,1
2013/12/19,447,454,442,443,2600,443,1
2013/12/20,435,442,434,434,1000,434,1
2013/12/24,434,436,433,433,1800,433,1
2013/12/25,426,435,426,432,3700,432,1
2013/12/26,433,450,433,450,2200,450,1
2013/12/27,450,451,450,450,1300,450,1
2013/12/30,459,460,459,460,500,460,1
2014/01/06,460,463,460,462,600,462,1
2014/01/07,462,462,462,462,500,462,1
2014/01/08,478,481,478,480,10900,480,1
2014/01/09,464,480,464,480,1200,480,1
2014/01/10,464,480,464,479,1200,479,1
2014/01/14,475,475,475,475,200,475,1
2014/01/15,475,475,475,475,600,475,1
2014/01/16,474,474,470,470,900,470,1
2014/01/17,470,475,470,475,800,475,1
2014/01/20,476,480,475,480,4300,480,1
2014/01/21,469,484,469,484,3000,484,1
2014/01/23,479,479,479,479,100,479,1
2014/01/24,479,480,462,462,2600,462,1
2014/01/27,462,464,462,462,2500,462,1
2014/01/28,462,470,455,468,1600,468,1
2014/01/29,469,475,469,475,2300,475,1
2014/01/31,459,470,455,470,1300,470,1
2014/02/04,455,473,453,470,1000,470,1
2014/02/05,468,468,452,460,400,460,1
2014/02/07,460,460,460,460,100,460,1
2014/02/10,466,468,466,468,700,468,1
2014/02/12,444,460,444,454,700,454,1
2014/02/13,460,460,455,455,500,455,1
2014/02/14,450,453,450,453,900,453,1
2014/02/17,440,440,440,440,200,440,1
2014/02/18,456,456,456,456,200,456,1
2014/02/19,458,459,458,459,200,459,1
2014/02/20,458,458,458,458,100,458,1
2014/02/21,458,458,458,458,200,458,1
2014/02/25,450,450,450,450,700,450,1
2014/02/26,450,450,448,448,700,448,1
2014/02/27,448,449,448,449,2400,449,1
2014/02/28,449,449,447,447,1800,447,1
2014/03/03,448,451,434,434,2900,434,1
2014/03/04,437,441,437,439,1000,439,1
2014/03/05,440,442,440,442,600,442,1
2014/03/06,442,443,442,443,1800,443,1
2014/03/07,438,441,435,435,1100,435,1
2014/03/10,439,442,439,442,200,442,1
2014/03/11,442,444,442,444,3900,444,1
2014/03/12,444,445,443,445,1200,445,1
2014/03/13,444,444,444,444,1300,444,1
2014/03/14,439,444,439,444,700,444,1
2014/03/17,444,444,444,444,1000,444,1
2014/03/18,444,446,444,446,2100,446,1
2014/03/19,445,445,441,445,2800,445,1
2014/03/20,444,444,443,443,400,443,1
2014/03/24,435,445,435,445,1200,445,1
2014/03/25,445,446,445,446,1900,446,1
2014/03/26,468,468,445,445,2600,445,1
2014/03/27,446,468,446,465,5300,465,1
2014/03/28,465,470,465,468,12700,468,1
2014/03/31,468,469,465,468,10600,468,1
2014/04/01,468,484,465,470,17600,470,1
2014/04/02,474,486,467,474,27000,474,1
2014/04/03,475,479,471,476,8900,476,1
2014/04/04,476,478,474,474,9300,474,1
2014/04/07,474,475,472,472,11700,472,1
2014/04/08,474,475,470,474,13800,474,1
2014/04/09,474,474,468,470,5900,470,1
2014/04/10,470,475,470,473,4500,473,1
2014/04/11,461,475,461,470,11500,470,1
2014/04/14,480,482,467,470,18200,470,1
2014/04/15,470,471,468,471,5500,471,1
2014/04/16,470,475,470,472,14300,472,1
2014/04/17,472,474,471,474,12900,474,1
2014/04/18,474,478,473,478,22700,478,1
2014/04/21,479,485,478,480,39100,480,1
2014/04/22,482,482,478,479,26500,479,1
2014/04/23,479,480,477,477,16100,477,1
2014/04/24,480,495,479,489,34900,489,1
2014/04/25,440,474,422,447,107200,447,1
2014/04/28,444,444,413,416,22600,416,1
2014/04/30,414,420,408,408,10400,408,1
2014/05/01,411,414,404,413,6800,413,1
2014/05/02,416,416,411,411,5900,411,1
2014/05/07,417,417,405,406,3400,406,1
2014/05/08,406,406,396,400,12700,400,1
2014/05/09,394,399,390,393,9900,393,1
2014/05/12,401,409,401,409,6000,409,1
2014/05/13,400,410,398,398,2100,398,1
2014/05/14,402,410,402,410,3000,410,1
2014/05/15,414,414,411,411,1000,411,1
2014/05/16,409,412,409,412,2800,412,1
2014/05/19,408,409,391,391,4300,391,1
2014/05/20,388,397,386,386,4900,386,1
2014/05/21,410,410,409,409,900,409,1
2014/05/22,391,401,385,394,1700,394,1
2014/05/23,397,400,390,400,1700,400,1
2014/05/26,400,400,393,400,2600,400,1
2014/05/27,400,402,400,402,4300,402,1
2014/05/28,400,405,400,405,58800,405,1
2014/05/29,405,405,402,403,1400,403,1
2014/05/30,403,406,399,399,3000,399,1
2014/06/02,400,404,398,398,2600,398,1
2014/06/03,400,400,392,400,4700,400,1
2014/06/04,400,401,398,400,2200,400,1
2014/06/05,400,401,399,399,3100,399,1
2014/06/06,400,404,400,404,4800,404,1
2014/06/09,403,403,400,403,4600,403,1
2014/06/10,404,404,402,404,500,404,1
2014/06/11,404,404,402,404,700,404,1
2014/06/12,404,405,399,404,2900,404,1
2014/06/13,404,404,400,400,3500,400,1
2014/06/16,405,405,396,396,7300,396,1
2014/06/17,403,403,400,400,700,400,1
2014/06/18,401,422,401,412,11500,412,1
2014/06/19,413,417,410,416,3700,416,1
2014/06/20,404,405,396,403,9900,403,1
2014/06/23,403,405,403,405,900,405,1
2014/06/24,404,404,395,398,4700,398,1
2014/06/25,400,400,396,396,4400,396,1
2014/06/26,396,400,395,398,3100,398,1
2014/06/27,398,398,395,398,8200,398,1
2014/06/30,398,398,395,395,2100,395,1
2014/07/01,396,400,396,398,1000,398,1
2014/07/02,398,400,398,400,5000,400,1
2014/07/03,400,402,399,401,2200,401,1
2014/07/04,401,401,401,401,100,401,1
2014/07/07,400,400,399,399,1300,399,1
2014/07/08,400,400,400,400,1200,400,1
2014/07/09,400,402,400,402,200,402,1
2014/07/10,400,401,400,401,1500,401,1
2014/07/11,400,400,399,400,4400,400,1
2014/07/14,396,396,396,396,100,396,1
2014/07/15,398,403,397,403,3000,403,1
2014/07/16,403,403,403,403,500,403,1
2014/07/17,396,403,396,403,1100,403,1
2014/07/18,396,401,396,398,500,398,1
2014/07/22,398,403,398,401,3400,401,1
2014/07/23,400,400,396,400,3100,400,1
2014/07/24,401,402,401,402,1400,402,1
2014/07/25,400,403,400,403,4600,403,1
2014/07/28,403,413,403,408,4300,408,1
2014/07/29,409,410,409,409,1300,409,1
2014/07/30,409,409,407,407,600,407,1
2014/07/31,399,403,399,402,1300,402,1
2014/08/01,399,407,398,407,1200,407,1
2014/08/05,406,406,398,398,1700,398,1
2014/08/06,394,395,390,393,7600,393,1
2014/08/07,388,388,388,388,1400,388,1
2014/08/08,396,397,391,391,2600,391,1
2014/08/11,390,398,390,392,500,392,1
2014/08/12,392,395,392,395,1300,395,1
2014/08/15,394,394,392,392,1800,392,1
2014/08/18,399,399,394,394,600,394,1
2014/08/19,399,400,399,400,500,400,1
2014/08/20,400,400,400,400,200,400,1
2014/08/21,392,400,392,400,2800,400,1
2014/08/22,393,393,393,393,1100,393,1
2014/08/25,400,400,398,398,600,398,1
2014/08/26,400,400,399,399,1700,399,1
2014/08/27,400,400,399,399,3300,399,1
2014/08/28,400,403,400,403,3600,403,1
2014/08/29,403,404,392,402,5200,402,1
2014/09/01,402,404,400,401,3800,401,1
2014/09/02,400,402,393,395,4800,395,1
2014/09/03,398,400,398,399,2500,399,1
2014/09/04,395,400,395,400,1800,400,1
2014/09/05,400,400,400,400,2000,400,1
2014/09/08,400,400,396,396,1800,396,1
2014/09/09,397,400,396,400,2300,400,1
2014/09/10,393,393,393,393,700,393,1
2014/09/11,400,403,394,403,7200,403,1
2014/09/12,399,400,396,400,1100,400,1
2014/09/16,397,397,392,397,2500,397,1
2014/09/17,400,400,392,392,2000,392,1
2014/09/18,393,395,393,395,3700,395,1
2014/09/19,393,393,393,393,1100,393,1
2014/09/22,393,393,393,393,1000,393,1
2014/09/24,396,398,396,398,500,398,1
2014/09/25,393,397,393,395,2900,395,1
2014/09/26,394,397,393,397,1300,397,1
2014/09/29,397,399,395,399,5200,399,1
2014/09/30,400,400,395,395,2200,395,1
2014/10/01,394,399,392,392,5000,392,1
2014/10/02,392,396,392,396,2200,396,1
2014/10/03,396,396,395,395,300,395,1
2014/10/06,395,397,395,397,600,397,1
2014/10/07,394,398,394,398,2000,398,1
2014/10/08,399,399,393,395,2200,395,1
2014/10/09,395,396,395,396,400,396,1
2014/10/10,397,404,397,404,18200,404,1
2014/10/14,412,435,407,425,46100,425,1
2014/10/15,421,446,392,407,22800,407,1
2014/10/16,405,410,400,407,2900,407,1
2014/10/17,406,406,405,405,2300,405,1
2014/10/20,405,405,392,392,1600,392,1
2014/10/21,390,411,389,389,16600,389,1
2014/10/22,385,404,385,404,15300,404,1
2014/10/23,399,420,395,420,6300,420,1
2014/10/24,404,408,404,405,5200,405,1
2014/10/27,405,406,394,394,3900,394,1
2014/10/28,404,404,392,393,5700,393,1
2014/10/29,400,400,395,395,400,395,1
2014/10/30,404,404,404,404,100,404,1
2014/10/31,404,404,403,403,1200,403,1
2014/11/04,403,405,396,405,12400,405,1
2014/11/05,404,404,403,403,300,403,1
2014/11/06,403,404,390,390,4300,390,1
2014/11/07,390,391,390,391,1500,391,1
2014/11/10,397,397,395,395,500,395,1
2014/11/12,392,395,392,395,800,395,1
2014/11/13,395,395,392,392,1400,392,1
2014/11/14,391,397,391,393,1900,393,1
2014/11/17,400,400,398,398,300,398,1
2014/11/19,398,398,398,398,63000,398,1
2014/11/20,397,397,396,397,900,397,1
2014/11/21,392,395,385,395,15400,395,1
2014/11/25,389,393,370,378,21900,378,1
2014/11/26,383,384,380,380,2800,380,1
2014/11/27,380,382,378,378,6200,378,1
2014/11/28,382,388,382,388,1400,388,1
2014/12/01,389,389,387,389,1400,389,1
2014/12/02,386,386,385,385,1500,385,1
2014/12/03,385,389,383,383,1200,383,1
2014/12/04,388,388,385,385,2300,385,1
2014/12/05,389,390,386,386,1200,386,1
2014/12/08,389,389,386,388,1700,388,1
2014/12/09,386,386,381,381,3500,381,1
2014/12/10,387,387,386,386,1500,386,1
2014/12/11,386,386,386,386,1100,386,1
2014/12/12,390,466,390,466,510700,466,1
2014/12/15,394,414,386,386,476700,386,1
2014/12/16,378,378,356,365,77200,365,1
2014/12/17,357,365,347,355,41200,355,1
2014/12/18,350,354,346,354,30300,354,1
2014/12/19,348,354,348,352,18800,352,1
2014/12/22,354,363,354,360,34700,360,1
2014/12/24,360,362,355,357,19400,357,1
2014/12/25,357,357,352,353,15500,353,1
2014/12/26,359,360,351,353,14100,353,1
2014/12/29,356,366,354,357,11800,357,1
2014/12/30,357,366,357,361,6400,361,1
2015/01/05,365,370,365,366,6300,366,1
2015/01/06,366,370,364,370,4900,370,1
2015/01/07,370,371,360,365,7900,365,1
2015/01/08,363,370,361,368,6500,368,1
2015/01/09,368,370,363,364,12000,364,1
2015/01/13,364,364,361,361,11500,361,1
2015/01/14,361,365,361,365,1200,365,1
2015/01/15,365,365,360,364,4500,364,1
2015/01/16,364,364,361,363,2900,363,1
2015/01/19,365,374,365,373,10100,373,1
2015/01/20,373,453,373,392,451500,392,1
2015/01/21,396,410,363,366,138400,366,1
2015/01/22,370,446,366,446,199500,446,1
2015/01/23,422,476,400,405,178100,405,1
2015/01/26,413,460,405,426,45300,426,1
2015/01/27,430,488,409,434,89100,434,1
2015/01/28,430,470,430,438,52500,438,1
2015/01/29,444,444,406,412,37700,412,1
2015/01/30,412,413,400,403,31200,403,1
2015/02/02,395,404,394,398,11400,398,1
2015/02/03,397,397,381,381,30500,381,1
2015/02/04,383,387,380,382,11000,382,1
2015/02/05,382,401,382,390,7300,390,1
2015/02/06,398,399,387,393,2500,393,1
2015/02/09,393,404,393,400,6200,400,1
2015/02/10,396,396,387,395,5700,395,1
2015/02/12,390,390,377,382,15600,382,1
2015/02/13,382,406,382,399,14500,399,1
2015/02/16,405,406,397,400,4300,400,1
2015/02/17,400,400,390,395,6400,395,1
2015/02/18,394,394,387,388,6800,388,1
2015/02/19,388,415,388,415,7300,415,1
2015/02/20,431,435,406,411,23400,411,1
2015/02/23,411,411,397,397,10200,397,1
2015/02/24,400,405,396,405,5800,405,1
2015/02/25,402,404,400,401,6300,401,1
2015/02/26,407,407,400,402,2200,402,1
2015/02/27,410,460,407,420,49000,420,1
2015/03/02,430,500,426,500,238700,500,1
2015/03/03,490,491,428,441,146700,441,1
2015/03/04,427,427,411,418,62100,418,1
2015/03/05,418,427,412,426,38300,426,1
2015/03/06,422,427,420,426,21300,426,1
2015/03/09,430,452,421,424,23000,424,1
2015/03/10,426,426,404,408,27500,408,1
2015/03/11,408,416,404,416,11400,416,1
2015/03/12,410,421,410,413,14500,413,1
2015/03/13,408,418,405,405,26000,405,1
2015/03/16,405,413,405,413,10500,413,1
2015/03/17,407,409,404,404,9600,404,1
2015/03/18,405,410,404,410,4600,410,1
2015/03/19,409,409,407,409,19400,409,1
2015/03/20,407,413,407,409,4300,409,1
2015/03/23,414,414,411,411,2200,411,1
2015/03/24,415,415,411,415,4300,415,1
2015/03/25,415,415,411,412,4200,412,1
2015/03/26,413,413,407,410,17200,410,1
2015/03/27,410,417,410,415,8300,415,1
2015/03/30,417,427,415,427,17200,427,1
2015/03/31,431,440,429,436,18000,436,1
2015/04/01,433,439,431,439,12000,439,1
2015/04/02,434,438,422,422,16200,422,1
2015/04/03,426,435,424,426,10300,426,1
2015/04/06,434,434,418,422,29300,422,1
2015/04/07,422,428,422,424,9200,424,1
2015/04/08,424,428,423,426,3300,426,1
2015/04/09,430,430,426,426,7400,426,1
2015/04/10,427,433,426,427,10200,427,1
2015/04/13,428,432,427,428,4100,428,1
2015/04/14,428,430,426,428,17700,428,1
2015/04/15,426,430,426,428,2500,428,1
2015/04/16,427,431,427,429,7900,429,1
2015/04/17,429,435,428,431,4800,431,1
2015/04/20,431,446,430,440,38600,440,1
2015/04/21,440,456,436,454,36900,454,1
2015/04/22,448,450,441,443,16900,443,1
2015/04/23,440,441,431,434,25600,434,1
2015/04/24,433,444,433,436,19300,436,1
2015/04/27,408,415,403,407,41700,407,1
2015/04/28,407,466,406,406,179100,406,1
2015/04/30,411,440,406,407,61800,407,1
2015/05/01,403,410,403,407,11400,407,1
2015/05/07,403,410,400,400,16800,400,1
2015/05/08,394,410,383,410,15200,410,1
2015/05/11,410,410,403,405,2600,405,1
2015/05/12,404,407,399,407,1300,407,1
2015/05/13,409,410,401,410,9800,410,1
2015/05/14,403,403,392,393,7200,393,1
2015/05/15,392,396,388,388,21800,388,1
2015/05/18,388,394,388,389,4100,389,1
2015/05/19,389,389,386,387,2800,387,1
2015/05/20,388,456,387,412,150600,412,1
2015/05/21,420,425,409,421,25100,421,1
2015/05/22,420,420,414,420,7600,420,1
2015/05/25,419,423,418,423,7100,423,1
2015/05/26,415,417,412,417,9100,417,1
2015/05/27,417,417,411,411,5700,411,1
2015/05/28,415,415,411,411,5800,411,1
2015/05/29,415,415,412,412,1300,412,1
2015/06/01,413,414,413,413,19200,413,1
2015/06/02,413,417,412,417,3000,417,1
2015/06/03,414,414,410,410,1900,410,1
2015/06/04,410,413,403,410,8100,410,1
2015/06/05,410,415,406,410,1500,410,1
2015/06/08,414,414,407,407,1000,407,1
2015/06/09,407,412,407,411,600,411,1
2015/06/10,410,412,410,412,200,412,1
2015/06/11,412,412,410,411,500,411,1
2015/06/12,414,465,412,414,138000,414,1
2015/06/15,422,424,414,419,48000,419,1
2015/06/16,417,421,414,417,4800,417,1
2015/06/17,421,421,413,415,4600,415,1
2015/06/18,415,416,402,405,14000,405,1
2015/06/19,406,418,406,407,15600,407,1
2015/06/22,400,410,398,401,19200,401,1
2015/06/23,403,410,403,407,11100,407,1
2015/06/24,407,407,403,406,2300,406,1
2015/06/25,406,409,398,399,5700,399,1
2015/06/26,399,412,399,412,3000,412,1
2015/06/29,410,410,398,398,7400,398,1
2015/06/30,398,402,397,401,6800,401,1
2015/07/01,401,406,398,404,5200,404,1
2015/07/02,408,431,401,407,33200,407,1
2015/07/03,412,415,401,405,9200,405,1
2015/07/06,397,409,397,397,7100,397,1
2015/07/07,397,408,397,399,7000,399,1
2015/07/08,405,405,373,381,41700,381,1
2015/07/09,374,382,360,380,31400,380,1
2015/07/10,382,384,380,384,11800,384,1
2015/07/13,391,391,386,390,1100,390,1
2015/07/14,395,400,394,394,3900,394,1
2015/07/15,391,400,390,390,4400,390,1
2015/07/16,398,402,394,402,1600,402,1
2015/07/17,394,398,393,393,3000,393,1
2015/07/21,399,399,396,398,2000,398,1
2015/07/22,394,403,394,398,2400,398,1
2015/07/23,395,408,395,408,7900,408,1
2015/07/24,399,407,396,398,10500,398,1
2015/07/27,398,407,398,400,3200,400,1
2015/07/28,398,403,395,398,5000,398,1
2015/07/29,397,399,397,399,500,399,1
2015/07/30,401,402,401,401,400,401,1
2015/07/31,399,400,398,398,900,398,1
2015/08/03,398,403,396,403,3100,403,1
2015/08/04,396,396,396,396,100,396,1
2015/08/05,395,399,393,399,3200,399,1
2015/08/06,398,400,392,395,1400,395,1
2015/08/07,397,397,390,392,2100,392,1
2015/08/10,392,398,383,383,7700,383,1
2015/08/11,387,387,381,383,2900,383,1
2015/08/12,381,383,381,383,1300,383,1
2015/08/13,380,389,379,381,4900,381,1
2015/08/14,383,388,380,380,2800,380,1
2015/08/17,378,381,376,381,5400,381,1
2015/08/18,378,384,378,380,2000,380,1
2015/08/19,384,384,380,380,1400,380,1
2015/08/20,377,380,377,380,900,380,1
2015/08/21,372,383,372,378,3200,378,1
2015/08/24,362,373,352,352,9500,352,1
2015/08/25,342,350,322,330,16900,330,1
2015/08/26,330,342,330,338,2400,338,1
2015/08/27,344,357,344,356,2200,356,1
2015/08/28,360,364,360,362,2000,362,1
2015/08/31,362,373,362,373,2100,373,1
2015/09/01,373,374,371,371,3800,371,1
2015/09/02,350,368,350,368,3000,368,1
2015/09/03,368,373,362,362,1200,362,1
2015/09/04,354,357,354,357,900,357,1
2015/09/07,364,364,329,343,3000,343,1
2015/09/08,343,343,334,335,2400,335,1
2015/09/09,336,345,335,336,2800,336,1
2015/09/10,332,361,332,348,6700,348,1
2015/09/11,345,368,345,365,2400,365,1
2015/09/14,369,369,343,345,4100,345,1
2015/09/15,353,378,339,348,19700,348,1
2015/09/16,351,352,339,341,7900,341,1
2015/09/17,349,353,338,350,3500,350,1
2015/09/18,349,354,346,346,4600,346,1
2015/09/24,344,351,344,346,2900,346,1
2015/09/25,346,346,342,342,600,342,1
2015/09/28,343,351,343,346,1300,346,1
2015/09/29,354,354,343,348,4000,348,1
2015/09/30,350,352,344,351,1100,351,1
2015/10/01,343,352,343,352,1900,352,1
2015/10/05,354,355,348,348,800,348,1
2015/10/06,348,360,348,353,2700,353,1
2015/10/07,348,349,347,347,2000,347,1
2015/10/08,352,352,351,351,2800,351,1
2015/10/09,359,361,354,361,3200,361,1
2015/10/13,377,383,355,375,5500,375,1
2015/10/14,375,375,362,362,6800,362,1
2015/10/15,356,378,356,377,900,377,1
2015/10/16,375,375,361,369,1600,369,1
2015/10/19,370,370,362,362,400,362,1
2015/10/20,358,358,347,348,4200,348,1
2015/10/21,364,364,353,353,1200,353,1
2015/10/22,360,360,345,349,6700,349,1
2015/10/23,347,353,345,346,3700,346,1
2015/10/26,348,353,335,337,14300,337,1
2015/10/27,341,347,339,339,5700,339,1
2015/10/28,341,343,339,339,5300,339,1
2015/10/29,340,373,339,348,6900,348,1
2015/10/30,348,350,348,350,1200,350,1
2015/11/02,342,350,342,343,4200,343,1
2015/11/04,343,348,343,345,400,345,1
2015/11/05,345,356,341,343,7800,343,1
2015/11/06,344,344,339,343,1600,343,1
2015/11/09,345,346,343,346,2200,346,1
2015/11/10,342,343,342,342,2100,342,1
2015/11/11,344,347,344,346,2900,346,1
2015/11/12,341,346,341,346,600,346,1
2015/11/13,346,346,345,346,900,346,1
2015/11/16,346,350,340,345,1600,345,1
2015/11/17,345,345,345,345,200,345,1
2015/11/18,345,350,345,349,1400,349,1
2015/11/19,345,357,345,357,700,357,1
2015/11/20,349,352,349,352,500,352,1
2015/11/24,348,354,345,354,3000,354,1
2015/11/25,354,354,352,352,2900,352,1
2015/11/26,359,369,351,359,9500,359,1
2015/11/27,359,368,359,368,1600,368,1
2015/11/30,368,371,359,371,8100,371,1
2015/12/01,355,361,355,360,3200,360,1
2015/12/02,360,360,354,355,2600,355,1
2015/12/03,352,357,352,352,2900,352,1
2015/12/04,353,366,353,359,7400,359,1
2015/12/07,361,361,359,360,1700,360,1
2015/12/08,358,363,352,356,7000,356,1
2015/12/09,357,365,357,361,2900,361,1
2015/12/10,360,368,359,359,4300,359,1
2015/12/11,368,369,352,369,11800,369,1
2015/12/14,353,360,350,353,17100,353,1
2015/12/15,351,355,351,353,1100,353,1
2015/12/16,354,357,353,357,1400,357,1
2015/12/17,357,357,352,356,800,356,1
2015/12/18,358,358,353,353,2000,353,1
2015/12/21,341,348,340,342,6000,342,1
2015/12/22,339,346,339,346,4300,346,1
2015/12/24,345,349,333,335,11600,335,1
2015/12/25,335,335,325,326,9900,326,1
2015/12/28,328,344,328,344,3300,344,1
2015/12/29,344,346,344,344,3300,344,1
2015/12/30,346,348,346,348,200,348,1
2016/01/04,353,354,353,354,700,354,1
2016/01/05,353,353,345,350,1800,350,1
2016/01/06,352,354,348,354,900,354,1
2016/01/07,354,356,345,346,2500,346,1
2016/01/08,345,345,344,344,600,344,1
2016/01/12,344,344,338,338,8300,338,1
2016/01/13,337,339,336,336,10000,336,1
2016/01/14,336,336,336,336,2100,336,1
2016/01/15,335,349,335,335,3700,335,1
2016/01/18,335,335,330,330,3700,330,1
2016/01/19,331,332,331,332,400,332,1
2016/01/20,333,335,327,327,1700,327,1
2016/01/21,327,330,310,317,6200,317,1
2016/01/22,323,325,315,323,1100,323,1
2016/01/25,331,331,329,330,900,330,1
2016/01/26,330,338,330,335,2600,335,1
2016/01/27,335,345,335,342,1700,342,1
2016/01/28,342,343,342,342,2800,342,1
2016/01/29,342,345,342,345,1500,345,1
2016/02/01,345,350,344,345,4000,345,1
2016/02/02,344,344,344,344,800,344,1
2016/02/03,343,343,343,343,200,343,1
2016/02/04,343,343,338,338,1100,338,1
2016/02/05,340,341,331,341,1300,341,1
2016/02/08,345,345,343,343,2100,343,1
2016/02/09,336,336,335,335,500,335,1
2016/02/10,333,333,318,318,3400,318,1
2016/02/12,315,315,299,305,2600,305,1
2016/02/15,306,322,306,316,2500,316,1
2016/02/16,326,326,314,315,2300,315,1
2016/02/17,316,316,316,316,600,316,1
2016/02/18,311,325,311,319,600,319,1
2016/02/19,323,323,323,323,100,323,1
2016/02/22,320,331,311,323,2000,323,1
2016/02/24,320,330,320,329,600,329,1
2016/02/25,328,330,320,330,2800,330,1
2016/02/29,330,330,326,327,2100,327,1
2016/03/01,325,332,319,332,1100,332,1
2016/03/02,325,325,325,325,100,325,1
2016/03/03,325,325,324,324,200,324,1
2016/03/04,324,330,324,330,3100,330,1
2016/03/07,337,337,325,334,3900,334,1
2016/03/08,335,340,330,340,3600,340,1
2016/03/09,336,336,333,336,2800,336,1
2016/03/10,336,339,330,335,1600,335,1
2016/03/11,336,343,335,343,4500,343,1
2016/03/14,328,338,328,334,7800,334,1
2016/03/15,339,345,334,341,11500,341,1
2016/03/16,340,340,336,336,1000,336,1
2016/03/17,338,343,336,342,1800,342,1
2016/03/18,336,336,334,336,1100,336,1
2016/03/22,333,338,330,334,4100,334,1
2016/03/23,338,346,338,341,1900,341,1
2016/03/24,343,347,343,346,3100,346,1
2016/03/25,348,357,346,357,4500,357,1
2016/03/28,357,359,352,359,5400,359,1
2016/03/29,362,439,361,361,480000,361,1
2016/03/30,368,383,360,375,62900,375,1
2016/03/31,367,385,367,378,32900,378,1
2016/04/01,378,378,363,374,14700,374,1
2016/04/04,370,379,370,375,6800,375,1
2016/04/05,375,379,368,369,6700,369,1
2016/04/06,366,371,353,364,7900,364,1
2016/04/07,365,371,361,371,4000,371,1
2016/04/08,368,372,362,371,6100,371,1
2016/04/11,377,378,371,377,4200,377,1
2016/04/12,377,379,374,374,7500,374,1
2016/04/13,374,380,373,374,11000,374,1
2016/04/14,373,380,370,376,22400,376,1
2016/04/15,372,376,371,372,2900,372,1
2016/04/18,372,375,370,370,3700,370,1
2016/04/19,373,376,370,372,6800,372,1
2016/04/20,374,376,372,373,4700,373,1
2016/04/21,373,376,372,375,11200,375,1
2016/04/22,375,377,372,376,10300,376,1
2016/04/25,377,394,376,394,35100,394,1
2016/04/26,342,356,342,347,58500,347,1
2016/04/27,348,350,338,338,20200,338,1
2016/04/28,338,344,330,331,19800,331,1
2016/05/02,331,335,312,331,18300,331,1
2016/05/06,331,331,315,322,4600,322,1
2016/05/09,328,334,328,330,3000,330,1
2016/05/10,329,335,329,331,2300,331,1
2016/05/11,333,333,327,328,2700,328,1
2016/05/12,328,335,324,335,4100,335,1
2016/05/13,336,336,326,326,1600,326,1
2016/05/16,322,326,320,320,3700,320,1
2016/05/17,318,324,316,324,5400,324,1
2016/05/18,328,328,319,323,4000,323,1
2016/05/19,321,330,321,330,7700,330,1
2016/05/20,333,333,326,328,1300,328,1
2016/05/23,327,327,321,325,2600,325,1
2016/05/24,325,325,320,320,4200,320,1
2016/05/25,319,329,318,323,3300,323,1
2016/05/26,324,324,319,319,2500,319,1
2016/05/27,319,324,319,321,16500,321,1
2016/05/30,322,324,320,320,2000,320,1
2016/05/31,320,326,320,326,3000,326,1
2016/06/01,320,330,320,330,1500,330,1
2016/06/03,330,330,330,330,700,330,1
2016/06/06,318,322,318,322,900,322,1
2016/06/07,325,326,325,326,400,326,1
2016/06/08,322,331,319,328,3600,328,1
2016/06/09,326,329,326,329,1000,329,1
2016/06/10,330,330,330,330,100,330,1
2016/06/13,316,330,316,330,2200,330,1
2016/06/14,324,324,320,324,900,324,1
2016/06/15,324,324,318,318,1200,318,1
2016/06/16,319,319,307,316,2800,316,1
2016/06/17,316,335,308,329,14500,329,1
2016/06/20,313,318,293,308,19900,308,1
2016/06/21,310,314,299,314,4700,314,1
2016/06/22,312,312,304,304,4700,304,1
2016/06/23,304,306,300,300,1700,300,1
2016/06/24,308,308,286,286,4100,286,1
2016/06/27,286,299,286,289,4400,289,1
2016/06/28,289,303,289,298,3200,298,1
2016/06/29,298,304,298,299,2900,299,1
2016/06/30,299,301,299,301,300,301,1
2016/07/01,309,309,301,301,5200,301,1
2016/07/04,299,301,299,301,400,301,1
2016/07/05,299,304,299,304,3200,304,1
2016/07/06,307,307,300,304,5400,304,1
2016/07/07,303,303,300,300,400,300,1
2016/07/08,299,299,296,296,900,296,1
2016/07/12,303,303,303,303,700,303,1
2016/07/13,304,304,304,304,100,304,1
2016/07/14,304,309,299,299,3500,299,1
2016/07/15,301,303,299,301,2100,301,1
2016/07/19,301,301,299,299,1200,299,1
2016/07/20,300,300,300,300,100,300,1
2016/07/21,297,304,297,304,2100,304,1
2016/07/22,302,303,301,301,1600,301,1
2016/07/25,305,305,301,301,700,301,1
2016/07/26,301,301,295,295,8400,295,1
2016/07/27,298,303,297,303,1700,303,1
2016/07/28,303,304,300,300,3400,300,1
2016/07/29,303,303,297,297,700,297,1
2016/08/01,305,308,305,307,600,307,1
2016/08/02,305,312,295,311,5300,311,1
2016/08/03,300,301,298,301,3700,301,1
2016/08/04,300,300,300,300,1000,300,1
2016/08/05,308,308,300,300,500,300,1
2016/08/08,311,311,300,300,400,300,1
2016/08/09,294,302,294,302,800,302,1
2016/08/10,304,304,298,298,2000,298,1
2016/08/12,299,300,294,294,1800,294,1
2016/08/15,300,300,300,300,100,300,1
2016/08/16,309,309,309,309,500,309,1
2016/08/17,290,291,290,290,7400,290,1
2016/08/18,292,297,292,294,3900,294,1
2016/08/19,298,299,295,297,1900,297,1
2016/08/22,299,299,293,294,5900,294,1
2016/08/23,294,294,294,294,1000,294,1
2016/08/24,298,298,296,296,400,296,1
2016/08/25,295,295,292,292,2200,292,1
2016/08/29,299,299,299,299,1600,299,1
2016/08/30,299,299,293,297,5300,297,1
2016/08/31,300,300,295,295,400,295,1
2016/09/01,301,301,301,301,400,301,1
2016/09/02,303,303,300,300,1400,300,1
2016/09/05,300,303,299,303,2600,303,1
2016/09/06,300,300,299,300,900,300,1
2016/09/07,300,300,300,300,100,300,1
2016/09/08,297,300,295,296,6100,296,1
2016/09/09,296,304,296,304,3800,304,1
2016/09/12,288,304,288,300,24800,300,1
2016/09/13,300,305,296,300,6500,300,1
2016/09/14,292,299,291,299,6000,299,1
2016/09/15,294,299,292,292,2400,292,1
2016/09/16,292,298,292,298,2900,298,1
2016/09/20,299,300,295,300,4500,300,1
2016/09/21,300,300,300,300,100,300,1
2016/09/23,304,305,303,303,2100,303,1
2016/09/26,303,303,295,297,4900,297,1
2016/09/27,297,297,297,297,2000,297,1
2016/09/28,299,300,296,296,2100,296,1
2016/09/29,296,298,296,296,1800,296,1
2016/09/30,300,300,295,299,1800,299,1
2016/10/03,303,303,303,303,100,303,1
2016/10/04,301,301,293,294,1300,294,1
2016/10/05,296,296,296,296,300,296,1
2016/10/06,300,300,292,299,3800,299,1
2016/10/07,297,297,297,297,200,297,1
2016/10/11,297,305,297,300,2600,300,1
2016/10/12,295,301,295,301,400,301,1
2016/10/13,296,302,296,300,1800,300,1
2016/10/14,297,304,297,301,4200,301,1
2016/10/17,300,300,298,298,600,298,1
2016/10/18,299,300,299,300,1200,300,1
2016/10/19,301,303,301,303,500,303,1
2016/10/20,305,307,304,305,2000,305,1
2016/10/21,303,307,303,305,1400,305,1
2016/10/24,306,310,306,309,5500,309,1
2016/10/25,310,319,309,309,6100,309,1
2016/10/26,309,315,309,313,1700,313,1
2016/10/27,314,318,313,313,8900,313,1
2016/10/28,313,315,311,311,2300,311,1
2016/10/31,318,318,302,317,4700,317,1
2016/11/01,312,312,312,312,200,312,1
2016/11/02,309,312,303,311,5900,311,1
2016/11/04,311,311,304,305,5100,305,1
2016/11/07,302,312,301,312,5300,312,1
2016/11/08,309,310,303,303,2500,303,1
2016/11/09,305,310,298,298,11800,298,1
2016/11/10,305,307,300,303,2900,303,1
2016/11/11,300,308,300,308,3800,308,1
2016/11/14,308,308,302,302,400,302,1
2016/11/15,304,307,304,307,300,307,1
2016/11/16,302,304,302,304,1000,304,1
2016/11/17,309,309,309,309,1200,309,1
2016/11/18,310,310,309,309,400,309,1
2016/11/21,313,313,308,309,900,309,1
2016/11/22,309,312,309,312,1600,312,1
2016/11/24,313,317,308,308,4300,308,1
2016/11/25,318,318,318,318,900,318,1
2016/11/28,317,317,311,315,3100,315,1
2016/11/29,311,333,306,311,28600,311,1
2016/11/30,315,320,313,313,2600,313,1
2016/12/01,313,319,313,316,2700,316,1
2016/12/02,316,316,310,312,6900,312,1
2016/12/05,320,320,312,312,5200,312,1
2016/12/06,318,320,316,316,3200,316,1
2016/12/07,316,316,316,316,800,316,1
2016/12/08,320,332,320,331,14100,331,1
2016/12/09,330,330,321,325,12700,325,1
2016/12/12,325,334,323,326,9700,326,1
2016/12/13,326,330,325,329,5500,329,1
2016/12/14,330,330,326,328,8100,328,1
2016/12/15,323,325,313,322,21000,322,1
2016/12/16,322,322,320,320,2200,320,1
2016/12/19,319,320,315,320,5700,320,1
2016/12/20,319,320,316,320,2700,320,1
2016/12/21,320,320,312,314,3900,314,1
2016/12/22,314,314,310,311,7400,311,1
2016/12/26,312,319,311,315,4900,315,1
2016/12/27,315,315,306,313,7400,313,1
2016/12/28,314,320,314,317,3000,317,1
2016/12/29,317,317,317,317,300,317,1
2016/12/30,313,316,313,316,500,316,1
2017/01/04,319,323,319,320,3600,320,1
2017/01/05,320,322,320,322,1300,322,1
2017/01/06,322,322,318,320,2800,320,1
2017/01/10,323,327,323,325,4500,325,1
2017/01/11,325,329,324,328,2100,328,1
2017/01/12,330,330,316,324,13400,324,1
2017/01/13,325,335,325,328,2300,328,1
2017/01/16,334,334,325,325,1100,325,1
2017/01/17,325,325,320,324,2500,324,1
2017/01/18,314,343,312,343,21500,343,1
2017/01/19,342,415,328,331,241200,331,1
2017/01/20,335,340,331,335,14400,335,1
2017/01/23,338,338,334,337,2100,337,1
2017/01/24,335,339,334,336,3400,336,1
2017/01/25,336,338,334,337,4600,337,1
2017/01/26,339,339,336,336,3500,336,1
2017/01/27,336,340,336,338,2400,338,1
2017/01/30,337,337,332,334,3100,334,1
2017/01/31,346,346,333,340,4100,340,1
2017/02/01,340,340,335,335,1400,335,1
2017/02/02,334,335,334,335,800,335,1
2017/02/03,335,398,335,363,80300,363,1
2017/02/06,357,363,352,354,6300,354,1
2017/02/07,354,354,347,347,8600,347,1
2017/02/08,363,366,344,344,14600,344,1
2017/02/09,350,351,346,347,3400,347,1
2017/02/10,351,354,346,354,1700,354,1
2017/02/13,352,353,352,353,500,353,1
2017/02/14,354,354,350,351,1300,351,1
2017/02/15,358,358,358,358,200,358,1
2017/02/16,359,359,348,357,5100,357,1
2017/02/17,356,356,349,352,5100,352,1
2017/02/20,355,355,355,355,1200,355,1
2017/02/21,358,390,352,363,50400,363,1
2017/02/22,366,367,359,362,9600,362,1
2017/02/23,362,369,355,368,4600,368,1
2017/02/24,368,374,367,374,8100,374,1
2017/02/27,374,379,374,378,3900,378,1
2017/02/28,378,380,375,375,6000,375,1
2017/03/01,384,384,373,374,2700,374,1
2017/03/02,372,380,370,370,7600,370,1
2017/03/03,378,378,375,377,2800,377,1
2017/03/06,369,377,369,372,2000,372,1
2017/03/07,378,378,367,368,3200,368,1
2017/03/08,379,379,372,373,3400,373,1
2017/03/09,377,377,370,370,600,370,1
2017/03/10,370,378,369,373,3300,373,1
2017/03/13,373,375,370,370,3400,370,1
2017/03/14,379,384,375,384,14800,384,1
2017/03/15,371,376,371,372,10200,372,1
2017/03/16,374,374,370,374,1900,374,1
2017/03/17,372,375,366,371,3500,371,1
2017/03/21,379,379,373,373,5700,373,1
2017/03/22,372,377,371,377,2500,377,1
2017/03/23,378,379,378,379,1400,379,1
2017/03/24,380,380,373,379,1300,379,1
2017/03/27,381,381,374,374,6100,374,1
2017/03/28,377,399,377,380,16900,380,1
2017/03/29,387,392,380,392,16600,392,1
2017/03/30,394,401,394,399,13400,399,1
2017/03/31,403,409,402,403,14300,403,1
2017/04/03,408,408,403,405,8800,405,1
2017/04/04,410,410,402,405,17200,405,1
2017/04/05,401,404,395,395,5500,395,1
2017/04/06,384,398,384,385,23000,385,1
2017/04/07,385,394,385,390,2800,390,1
2017/04/10,390,400,390,394,2400,394,1
2017/04/11,391,395,388,389,18300,389,1
2017/04/12,386,386,367,368,20200,368,1
2017/04/13,370,371,363,365,6900,365,1
2017/04/14,370,370,362,363,2500,363,1
2017/04/17,360,376,360,375,7800,375,1
2017/04/18,376,383,374,375,7600,375,1
2017/04/19,370,373,368,373,2500,373,1
2017/04/20,377,378,374,376,5900,376,1
2017/04/21,375,379,373,373,15600,373,1
2017/04/24,379,399,373,380,26400,380,1
2017/04/25,368,380,363,371,61300,371,1
2017/04/26,337,353,337,347,82000,347,1
2017/04/27,347,347,339,346,21500,346,1
2017/04/28,341,346,340,340,11300,340,1
2017/05/01,342,342,333,334,9500,334,1
2017/05/02,335,337,331,334,6100,334,1
2017/05/08,338,338,320,328,22700,328,1
2017/05/09,329,332,327,330,8900,330,1
2017/05/10,329,333,329,332,9900,332,1
2017/05/11,330,335,330,335,10900,335,1
2017/05/12,333,337,332,333,5200,333,1
2017/05/15,335,337,334,335,2200,335,1
2017/05/16,334,339,333,336,6700,336,1
2017/05/17,336,337,336,336,1200,336,1
2017/05/18,336,399,333,340,203600,340,1
2017/05/19,340,343,338,338,13300,338,1
2017/05/22,340,344,338,344,8300,344,1
2017/05/23,341,346,340,343,14300,343,1
2017/05/24,343,347,343,343,3600,343,1
2017/05/25,345,347,342,342,2800,342,1
2017/05/26,343,344,339,341,8600,341,1
2017/05/29,341,344,341,341,3600,341,1
2017/05/30,342,346,341,341,3000,341,1
2017/05/31,341,345,340,345,5500,345,1
2017/06/01,342,345,341,343,3900,343,1
2017/06/02,344,344,340,341,4400,341,1
2017/06/05,343,359,340,359,34500,359,1
2017/06/06,356,377,347,377,30200,377,1
2017/06/07,375,408,366,408,87900,408,1
2017/06/08,376,385,371,375,66700,375,1
2017/06/09,370,370,351,356,31800,356,1
2017/06/12,363,379,359,359,21000,359,1
2017/06/13,359,367,359,361,6000,361,1
2017/06/14,362,376,359,376,8900,376,1
2017/06/15,370,370,363,368,4600,368,1
2017/06/16,368,370,364,365,12200,365,1
2017/06/19,366,370,365,369,19100,369,1
2017/06/20,346,356,346,349,38800,349,1
2017/06/21,350,359,350,357,14200,357,1
2017/06/22,358,358,352,352,2000,352,1
2017/06/23,352,354,351,352,3100,352,1
2017/06/26,354,354,351,351,2400,351,1
2017/06/27,351,353,350,351,5200,351,1
2017/06/28,350,352,350,352,6600,352,1
2017/06/29,350,353,350,353,5600,353,1
2017/06/30,351,351,347,350,5000,350,1
2017/07/03,350,360,350,351,6100,351,1
2017/07/04,355,355,351,351,1600,351,1
2017/07/05,351,353,351,353,1400,353,1
2017/07/06,353,353,350,350,700,350,1
2017/07/07,345,346,344,344,2500,344,1
2017/07/10,345,345,344,345,2700,345,1
2017/07/11,346,347,343,347,5100,347,1
2017/07/12,346,346,346,346,200,346,1
2017/07/13,346,349,346,349,2000,349,1
2017/07/14,349,350,349,350,1000,350,1
2017/07/18,349,349,347,347,3400,347,1
2017/07/19,347,351,346,346,4400,346,1
2017/07/20,347,348,346,348,1200,348,1
2017/07/21,348,348,347,347,500,347,1
2017/07/24,347,347,347,347,200,347,1
2017/07/25,348,348,348,348,200,348,1
2017/07/26,348,349,348,349,200,349,1
2017/07/27,349,351,349,349,1900,349,1
2017/07/28,349,351,348,348,2400,348,1
2017/07/31,346,346,345,345,2400,345,1
2017/08/01,345,345,343,343,3200,343,1
2017/08/02,346,346,343,344,1500,344,1
2017/08/03,345,348,343,348,4200,348,1
2017/08/04,347,347,341,341,3500,341,1
2017/08/07,341,346,340,340,9000,340,1
2017/08/08,342,344,342,343,1300,343,1
2017/08/09,341,341,340,341,2300,341,1
2017/08/10,339,339,338,338,2600,338,1
2017/08/14,334,334,331,331,6000,331,1
2017/08/15,332,334,332,333,600,333,1
2017/08/16,330,333,330,333,500,333,1
2017/08/17,334,337,332,337,900,337,1
2017/08/21,338,338,338,338,100,338,1
2017/08/22,338,338,337,338,700,338,1
2017/08/23,339,339,339,339,800,339,1
2017/08/24,339,343,339,343,1800,343,1
2017/08/25,342,343,334,343,1200,343,1
2017/08/28,343,343,336,343,4600,343,1
2017/08/30,338,338,336,336,1300,336,1
2017/08/31,340,349,340,349,1600,349,1
2017/09/01,349,349,338,339,3400,339,1
2017/09/04,339,343,337,337,6000,337,1
2017/09/05,336,336,335,335,1300,335,1
2017/09/06,335,335,331,332,2700,332,1
2017/09/07,332,332,332,332,100,332,1
2017/09/08,334,334,332,332,300,332,1
2017/09/11,333,334,332,332,1100,332,1
2017/09/12,335,341,335,341,3000,341,1
2017/09/13,341,350,340,349,13200,349,1
2017/09/14,341,342,334,334,12200,334,1
2017/09/15,338,338,337,337,400,337,1
2017/09/19,336,337,324,334,22800,334,1
2017/09/20,332,332,331,332,1100,332,1
2017/09/21,332,332,331,332,1500,332,1
2017/09/22,335,342,332,333,8200,333,1
2017/09/25,333,334,333,334,500,334,1
2017/09/26,334,334,332,333,1400,333,1
2017/09/27,333,334,332,332,3400,332,1
2017/09/28,334,335,332,333,1100,333,1
2017/09/29,332,336,331,333,5800,333,1
2017/10/02,336,336,336,336,500,336,1
2017/10/03,337,338,336,336,1600,336,1
2017/10/04,334,336,334,335,1100,335,1
2017/10/05,336,341,332,334,4400,334,1
2017/10/06,333,335,332,335,2400,335,1
2017/10/10,336,336,335,335,600,335,1
2017/10/11,335,335,333,335,1900,335,1
2017/10/12,335,336,335,335,700,335,1
2017/10/13,334,342,333,342,10600,342,1
2017/10/16,339,341,339,339,600,339,1
2017/10/17,340,350,340,345,9700,345,1
2017/10/18,349,349,340,342,2000,342,1
2017/10/19,343,348,342,342,3800,342,1
2017/10/20,345,345,344,344,400,344,1
2017/10/23,344,349,344,349,2400,349,1
2017/10/24,349,361,344,344,24900,344,1
2017/10/25,346,351,346,351,4100,351,1
2017/10/26,348,354,347,354,2200,354,1
2017/10/27,355,358,355,357,6700,357,1
2017/10/30,358,360,357,357,4600,357,1
2017/10/31,358,358,357,358,2600,358,1
2017/11/01,359,360,356,357,4900,357,1
2017/11/02,357,358,357,358,2500,358,1
2017/11/06,360,360,358,358,600,358,1
2017/11/07,357,357,355,355,900,355,1
2017/11/08,355,356,355,356,800,356,1
2017/11/09,355,356,355,355,900,355,1
2017/11/10,355,355,347,347,2900,347,1
2017/11/13,349,349,349,349,500,349,1
2017/11/14,348,355,348,355,800,355,1
2017/11/15,348,349,347,347,2400,347,1
2017/11/16,346,347,346,347,900,347,1
2017/11/17,348,348,348,348,100,348,1
2017/11/20,347,347,347,347,700,347,1
2017/11/21,350,350,350,350,300,350,1
2017/11/22,357,362,354,358,9500,358,1
2017/11/24,360,362,355,356,16500,356,1
2017/11/27,360,365,360,365,3200,365,1
2017/11/28,365,368,363,363,5300,363,1
2017/11/29,363,363,361,362,1600,362,1
2017/11/30,360,361,360,361,4000,361,1
2017/12/01,364,364,361,361,900,361,1
2017/12/04,361,367,361,365,2500,365,1
2017/12/05,361,362,359,359,5100,359,1
2017/12/06,361,364,357,363,6200,363,1
2017/12/07,360,361,360,361,3000,361,1
2017/12/08,360,365,360,360,3000,360,1
2017/12/11,360,365,360,365,7500,365,1
2017/12/12,365,369,365,369,5400,369,1
2017/12/13,370,374,365,369,13600,369,1
2017/12/14,372,376,368,368,11000,368,1
2017/12/15,367,367,350,353,23400,353,1
2017/12/18,355,367,355,356,5100,356,1
2017/12/19,356,360,355,360,7000,360,1
2017/12/20,355,367,353,365,18900,365,1
2017/12/21,355,360,355,358,6900,358,1
2017/12/22,363,363,355,358,3100,358,1
2017/12/25,355,356,355,355,4000,355,1
2017/12/26,355,359,355,355,2600,355,1
2017/12/27,355,357,355,357,300,357,1
2017/12/28,357,357,353,356,4100,356,1
2017/12/29,356,359,352,359,2100,359,1
2018/01/04,358,358,354,355,900,355,1
2018/01/05,356,356,354,354,1600,354,1
2018/01/09,356,364,356,364,3700,364,1
2018/01/10,364,364,353,354,11000,354,1
2018/01/11,364,365,356,365,1400,365,1
2018/01/12,365,365,363,363,4700,363,1
2018/01/15,363,372,363,372,12800,372,1
2018/01/16,373,373,367,372,1300,372,1
2018/01/17,373,374,370,374,1100,374,1
2018/01/18,374,376,372,376,8300,376,1
2018/01/19,376,377,364,370,7900,370,1
2018/01/22,373,374,368,374,7400,374,1
2018/01/23,374,376,369,376,2300,376,1
2018/01/24,372,380,372,380,1400,380,1
2018/01/25,378,378,373,373,1800,373,1
2018/01/26,377,380,377,380,1600,380,1
2018/01/29,383,384,380,380,11100,380,1
2018/01/30,381,381,370,373,3800,373,1
2018/01/31,379,380,369,369,7600,369,1
2018/02/01,377,377,377,377,1000,377,1
2018/02/02,385,385,369,372,1300,372,1
2018/02/05,372,372,367,372,2600,372,1
2018/02/06,367,368,333,363,21900,363,1
2018/02/07,366,367,353,362,10400,362,1
2018/02/08,361,362,357,362,1700,362,1
2018/02/09,357,362,350,351,5300,351,1
2018/02/13,358,363,358,363,700,363,1
2018/02/14,363,366,357,363,1000,363,1
2018/02/15,363,363,362,362,700,362,1
2018/02/16,367,367,363,363,800,363,1
2018/02/19,367,367,361,363,1000,363,1
2018/02/20,363,363,360,363,900,363,1
2018/02/21,365,399,356,367,32700,367,1
2018/02/22,372,373,369,369,2900,369,1
2018/02/23,380,380,377,378,1300,378,1
2018/02/26,375,376,374,374,1500,374,1
2018/02/27,375,375,374,374,2200,374,1
2018/02/28,368,369,368,369,700,369,1
2018/03/02,368,374,368,368,1500,368,1
2018/03/05,368,372,360,360,4600,360,1
2018/03/06,361,364,361,364,1100,364,1
2018/03/07,364,365,358,358,700,358,1
2018/03/08,358,359,358,358,500,358,1
2018/03/09,357,357,355,355,1200,355,1
2018/03/12,361,362,361,361,1200,361,1
2018/03/13,361,363,361,362,2100,362,1
2018/03/14,365,376,365,372,3200,372,1
2018/03/15,369,369,349,349,26900,349,1
2018/03/16,351,360,350,352,5800,352,1
2018/03/19,349,356,349,349,8200,349,1
2018/03/20,349,350,348,348,2700,348,1
2018/03/22,349,350,349,349,1100,349,1
2018/03/23,348,352,348,348,5800,348,1
2018/03/26,347,428,347,354,138600,354,1
2018/03/27,400,434,395,434,152400,434,1
2018/03/28,402,430,394,408,229900,408,1
2018/03/29,392,399,383,385,58900,385,1
2018/03/30,393,465,393,417,501500,417,1
2018/04/02,405,419,387,387,62400,387,1
2018/04/03,403,466,403,426,405100,426,1
2018/04/04,419,432,401,401,71500,401,1
2018/04/05,403,408,395,400,36400,400,1
2018/04/06,415,415,385,385,52500,385,1
2018/04/09,380,393,380,393,22900,393,1
2018/04/10,392,392,381,381,22800,381,1
2018/04/11,381,389,380,381,8900,381,1
2018/04/12,385,389,382,386,11300,386,1
2018/04/13,382,393,382,386,7500,386,1
2018/04/16,384,384,381,381,11900,381,1
2018/04/17,382,387,381,386,8200,386,1
2018/04/18,386,390,383,387,10800,387,1
2018/04/19,419,440,395,395,108500,395,1
2018/04/20,399,408,393,408,37300,408,1
2018/04/23,396,403,396,398,15800,398,1
2018/04/24,398,415,398,407,34000,407,1
2018/04/25,391,394,383,383,25300,383,1
2018/04/26,386,399,385,393,13800,393,1
2018/04/27,393,393,381,381,5900,381,1
2018/05/01,379,379,364,372,6900,372,1
2018/05/02,369,375,369,374,5300,374,1
2018/05/07,370,370,357,362,6900,362,1
2018/05/08,369,370,365,370,3600,370,1
2018/05/09,369,370,363,363,2800,363,1
2018/05/10,368,368,363,363,500,363,1
2018/05/11,364,364,360,360,1800,360,1
2018/05/14,360,365,360,360,5600,360,1
2018/05/15,361,365,361,363,1600,363,1
2018/05/16,363,377,363,368,2500,368,1
2018/05/17,368,376,368,375,9500,375,1
2018/05/18,375,383,375,381,4700,381,1
2018/05/21,381,383,378,382,12700,382,1
2018/05/22,375,380,375,380,6000,380,1
2018/05/23,384,385,376,382,17100,382,1
2018/05/24,382,382,368,374,9900,374,1
2018/05/25,375,384,374,380,9900,380,1
2018/05/28,380,387,380,386,900,386,1
2018/05/29,386,386,379,382,2400,382,1
2018/05/30,382,382,381,381,2700,381,1
2018/05/31,388,393,382,390,9400,390,1
2018/06/01,390,390,385,388,3100,388,1
2018/06/04,387,387,383,383,4500,383,1
2018/06/05,383,388,383,383,3300,383,1
2018/06/06,390,390,387,389,4100,389,1
2018/06/07,392,393,388,390,9600,390,1
2018/06/08,390,393,388,389,8600,389,1
2018/06/11,389,392,389,390,2400,390,1
2018/06/12,390,394,390,394,4100,394,1
2018/06/13,394,395,390,390,2800,390,1
2018/06/14,390,399,390,393,4400,393,1
2018/06/15,397,407,396,402,18100,402,1
2018/06/18,409,419,405,419,42200,419,1
2018/06/19,419,470,419,444,180900,444,1
2018/06/20,524,524,457,457,697700,457,1
2018/06/21,449,478,429,429,195900,429,1
2018/06/22,423,423,396,402,83600,402,1
2018/06/25,394,403,388,389,43000,389,1
2018/06/26,385,396,385,390,29000,390,1
2018/06/27,386,390,380,386,34200,386,1
2018/06/28,385,385,379,379,10700,379,1
2018/06/29,377,383,375,382,9300,382,1
2018/07/02,386,386,374,381,11300,381,1
2018/07/03,381,383,379,381,5300,381,1
2018/07/04,379,390,378,386,10000,386,1
2018/07/05,386,386,373,373,9500,373,1
2018/07/06,373,382,373,380,1600,380,1
2018/07/09,376,393,376,393,5600,393,1
2018/07/10,393,400,390,390,2500,390,1
2018/07/11,398,398,387,396,2700,396,1
2018/07/12,398,404,397,399,5300,399,1
2018/07/13,399,403,396,401,3900,401,1
2018/07/17,404,405,402,402,900,402,1
2018/07/18,400,408,399,405,11400,405,1
2018/07/19,405,409,403,403,7000,403,1
2018/07/20,403,405,401,402,6500,402,1
2018/07/23,403,405,400,402,1900,402,1
2018/07/24,402,405,402,403,3900,403,1
2018/07/25,404,404,398,398,7100,398,1
2018/07/26,403,403,400,400,1900,400,1
2018/07/27,400,404,400,402,3800,402,1
2018/07/30,402,402,400,401,4400,401,1
2018/07/31,405,405,400,402,4700,402,1
2018/08/01,403,403,401,403,1800,403,1
2018/08/02,404,404,402,402,1800,402,1
2018/08/03,403,403,401,401,4000,401,1
2018/08/06,401,404,400,403,2500,403,1
2018/08/07,404,404,402,402,6700,402,1
2018/08/08,401,404,400,404,7600,404,1
2018/08/09,404,406,402,406,5400,406,1
2018/08/10,405,405,403,403,800,403,1
2018/08/13,403,403,396,396,6700,396,1
2018/08/14,397,402,397,400,3100,400,1
