2014/03/26,851.0,1001.0,795.0,960.0,4973700,960,10.0
2014/03/27,900.0,920.0,810.0,810.0,5787700,810,10.0
2014/03/28,780.0,869.0,749.0,858.0,4894000,858,10.0
2014/03/31,867.0,895.0,746.0,752.0,4873600,752,10.0
2014/04/01,780.0,797.0,698.0,712.0,1935100,712,10.0
2014/04/02,724.0,735.0,674.0,717.0,1735800,717,10.0
2014/04/03,730.0,828.0,723.0,756.0,5683300,756,10.0
2014/04/04,741.0,795.0,728.0,778.0,2665100,778,10.0
2014/04/07,785.0,841.0,755.0,840.0,3161400,840,10.0
2014/04/08,840.0,840.0,786.0,793.0,1981300,793,10.0
2014/04/09,783.0,840.0,783.0,805.0,2043300,805,10.0
2014/04/10,816.0,852.0,703.0,725.0,2969400,725,10.0
2014/04/11,675.0,720.0,669.0,700.0,1046300,700,10.0
2014/04/14,714.0,732.0,680.0,684.0,514900,684,10.0
2014/04/15,700.0,706.0,634.0,649.0,529200,649,10.0
2014/04/16,640.0,677.0,640.0,650.0,504100,650,10.0
2014/04/17,664.0,706.0,656.0,705.0,811700,705,10.0
2014/04/18,692.0,727.0,683.0,698.0,1043800,698,10.0
2014/04/21,700.0,706.0,662.0,667.0,330000,667,10.0
2014/04/22,674.0,683.0,640.0,642.0,295900,642,10.0
2014/04/23,651.0,693.0,634.0,690.0,612900,690,10.0
2014/04/24,680.0,712.0,661.0,666.0,575900,666,10.0
2014/04/25,666.0,698.0,653.0,690.0,249600,690,10.0
2014/04/28,680.0,720.0,641.0,641.0,507300,641,10.0
2014/04/30,660.0,664.0,634.0,637.0,229300,637,10.0
2014/05/01,696.0,730.0,686.0,702.0,2440200,702,10.0
2014/05/02,725.0,773.0,718.0,742.0,2533300,742,10.0
2014/05/07,746.0,767.0,723.0,732.0,1117200,732,10.0
2014/05/08,747.0,749.0,712.0,715.0,518200,715,10.0
2014/05/09,712.0,723.0,696.0,712.0,206500,712,10.0
2014/05/12,700.0,710.0,654.0,658.0,376500,658,10.0
2014/05/13,675.0,683.0,657.0,662.0,217200,662,10.0
2014/05/14,666.0,692.0,663.0,680.0,213800,680,10.0
2014/05/15,676.0,710.0,669.0,704.0,348800,704,10.0
2014/05/16,669.0,694.0,605.0,611.0,880300,611,10.0
2014/05/19,588.0,588.0,511.0,511.0,798900,511,10.0
2014/05/20,505.0,548.0,502.0,516.0,743500,516,10.0
2014/05/21,500.0,538.0,495.0,534.0,555500,534,10.0
2014/05/22,554.0,634.0,553.0,578.0,2288000,578,10.0
2014/05/23,588.0,614.0,579.0,599.0,925600,599,10.0
2014/05/26,616.0,628.0,594.0,612.0,592600,612,10.0
2014/05/27,619.0,621.0,594.0,595.0,351300,595,10.0
2014/05/28,600.0,626.0,583.0,615.0,381200,615,10.0
2014/05/29,608.0,647.0,607.0,627.0,696200,627,10.0
2014/05/30,645.0,674.0,636.0,674.0,964200,674,10.0
2014/06/02,689.0,715.0,684.0,700.0,992200,700,10.0
2014/06/03,716.0,723.0,682.0,695.0,505500,695,10.0
2014/06/04,698.0,705.0,685.0,686.0,287900,686,10.0
2014/06/05,705.0,772.0,703.0,730.0,3795200,730,10.0
2014/06/06,735.0,775.0,735.0,773.0,1849700,773,10.0
2014/06/09,782.0,824.0,779.0,794.0,2353700,794,10.0
2014/06/10,811.0,828.0,771.0,810.0,3522400,810,10.0
2014/06/11,822.0,840.0,803.0,810.0,2191200,810,10.0
2014/06/12,800.0,823.0,796.0,805.0,903100,805,10.0
2014/06/13,813.0,877.0,809.0,860.0,2970000,860,10.0
2014/06/16,928.0,1010.0,910.0,959.0,7522100,959,10.0
2014/06/17,962.0,1016.0,896.0,984.0,4422400,984,10.0
2014/06/18,1044.0,1134.0,1020.0,1134.0,7813000,1134,10.0
2014/06/19,1224.0,1245.0,1073.0,1112.0,7892400,1112,10.0
2014/06/20,1101.0,1176.0,1063.0,1085.0,3947500,1085,10.0
2014/06/23,1110.0,1225.0,1092.0,1167.0,5930400,1167,10.0
2014/06/24,1209.0,1250.0,1137.0,1250.0,3204500,1250,10.0
2014/06/25,1220.0,1233.0,1163.0,1180.0,1989100,1180,10.0
2014/06/26,1184.0,1199.0,1110.0,1112.0,972400,1112,10.0
2014/06/27,1081.0,1083.0,997.0,1029.0,1093300,1029,10.0
2014/06/30,1020.0,1065.0,1007.0,1042.0,483800,1042,10.0
2014/07/01,1061.0,1123.0,1060.0,1104.0,610200,1104,10.0
2014/07/02,1126.0,1129.0,1066.0,1091.0,379800,1091,10.0
2014/07/03,1115.0,1235.0,1106.0,1220.0,1862100,1220,10.0
2014/07/04,1209.0,1257.0,1177.0,1190.0,1836900,1190,10.0
2014/07/07,1190.0,1227.0,1172.0,1182.0,517800,1182,10.0
2014/07/08,1173.0,1218.0,1171.0,1192.0,369800,1192,10.0
2014/07/09,1160.0,1165.0,1132.0,1138.0,514400,1138,10.0
2014/07/10,1165.0,1177.0,1095.0,1107.0,675800,1107,10.0
2014/07/11,1089.0,1174.0,1089.0,1162.0,512200,1162,10.0
2014/07/14,1192.0,1221.0,1175.0,1217.0,755900,1217,10.0
2014/07/15,1229.0,1242.0,1207.0,1224.0,934000,1224,10.0
2014/07/16,1186.0,1222.0,1145.0,1152.0,1030000,1152,10.0
2014/07/17,1159.0,1190.0,1116.0,1129.0,538600,1129,10.0
2014/07/18,1093.0,1160.0,1091.0,1150.0,368100,1150,10.0
2014/07/22,1180.0,1230.0,1165.0,1179.0,1046700,1179,10.0
2014/07/23,1250.0,1446.0,1250.0,1398.0,6454700,1398,10.0
2014/07/24,1389.0,1437.0,1360.0,1383.0,2217500,1383,10.0
2014/07/25,1430.0,1462.0,1390.0,1446.0,2983200,1446,10.0
2014/07/28,1420.0,1451.0,1407.0,1424.0,1307700,1424,10.0
2014/07/29,1460.0,1620.0,1455.0,1582.5,15880500,1582.5,2.0
2014/07/30,1650.0,1682.5,1550.0,1572.5,7671700,1572.5,2.0
2014/07/31,1592.5,1922.5,1560.0,1905.0,24422900,1905,2.0
2014/08/01,1862.5,2132.5,1857.5,1997.5,25729500,1997.5,2.0
2014/08/04,2067.5,2087.5,1942.5,1960.0,10098400,1960,2.0
2014/08/05,1895.0,1917.5,1610.0,1707.5,6667300,1707.5,2.0
2014/08/06,1735.0,1790.0,1565.0,1675.0,6525700,1675,2.0
2014/08/07,1685.0,1690.0,1515.0,1607.5,3790200,1607.5,2.0
2014/08/08,1570.0,1650.0,1431.0,1517.5,7070100,1517.5,2.0
2014/08/11,1690.0,1792.5,1650.0,1767.5,6689700,1767.5,2.0
2014/08/12,1770.0,1867.5,1677.5,1707.5,7431600,1707.5,2.0
2014/08/13,1647.5,1755.0,1625.0,1677.5,2792700,1677.5,2.0
2014/08/14,1712.5,1785.0,1590.0,1690.0,3974800,1690,2.0
2014/08/15,1650.0,1797.5,1625.0,1765.0,6201000,1765,2.0
2014/08/18,1730.0,1740.0,1665.0,1682.5,2079000,1682.5,2.0
2014/08/19,1707.5,1720.0,1630.0,1645.0,2023700,1645,2.0
2014/08/20,1680.0,1737.5,1662.5,1727.5,2455900,1727.5,2.0
2014/08/21,1745.0,1785.0,1690.0,1740.0,3298600,1740,2.0
2014/08/22,1780.0,1815.0,1715.0,1767.5,4169300,1767.5,2.0
2014/08/25,1825.0,1932.5,1802.5,1900.0,8408200,1900,2.0
2014/08/26,1927.5,1965.0,1835.0,1865.0,5368400,1865,2.0
2014/08/27,1887.5,1890.0,1805.0,1827.5,1896100,1827.5,2.0
2014/08/28,1897.5,1925.0,1780.0,1812.5,4847900,1812.5,2.0
2014/08/29,1765.0,1852.5,1765.0,1822.5,2121800,1822.5,2.0
2014/09/01,1852.5,1855.0,1780.0,1790.0,1646100,1790,2.0
2014/09/02,1775.0,1797.5,1605.0,1672.5,4329400,1672.5,2.0
2014/09/03,1657.5,1725.0,1615.0,1685.0,1714100,1685,2.0
2014/09/04,1720.0,1740.0,1640.0,1657.5,1497400,1657.5,2.0
2014/09/05,1675.0,1677.5,1612.5,1665.0,1201800,1665,2.0
2014/09/08,1650.0,1762.5,1612.5,1735.0,2532700,1735,2.0
2014/09/09,1707.5,1722.5,1660.0,1662.5,1248000,1662.5,2.0
2014/09/10,1677.5,1692.5,1625.0,1647.5,1160100,1647.5,2.0
2014/09/11,1625.0,1707.5,1600.0,1665.0,2401200,1665,2.0
2014/09/12,1662.5,1690.0,1627.5,1637.5,1283200,1637.5,2.0
2014/09/16,1635.0,1637.5,1600.0,1605.0,919700,1605,2.0
2014/09/17,1600.0,1625.0,1562.5,1605.0,1332800,1605,2.0
2014/09/18,1600.0,1602.5,1570.0,1577.5,662900,1577.5,2.0
2014/09/19,1575.0,1580.0,1530.0,1570.0,852200,1570,2.0
2014/09/22,1570.0,1575.0,1515.0,1530.0,982500,1530,2.0
2014/09/24,1505.0,1515.0,1480.0,1485.0,1267300,1485,2.0
2014/09/25,1600.0,1735.0,1592.5,1735.0,6639500,1735,2.0
2014/09/26,1755.0,1947.5,1727.5,1855.0,16329100,1855,2.0
2014/09/29,1900.0,1922.5,1827.5,1845.0,3389300,1845,2.0
2014/09/30,1880.0,1885.0,1740.0,1740.0,3887000,1740,2.0
2014/10/01,1845.0,1932.5,1700.0,1730.0,11097400,1730,2.0
2014/10/02,1660.0,1790.0,1650.0,1790.0,4487700,1790,2.0
2014/10/03,1810.0,1810.0,1727.5,1767.5,2362800,1767.5,2.0
2014/10/06,1802.5,1812.5,1760.0,1780.0,1654700,1780,2.0
2014/10/07,1762.5,1870.0,1750.0,1820.0,4553700,1820,2.0
2014/10/08,1795.0,1822.5,1760.0,1780.0,1888300,1780,2.0
2014/10/09,1790.0,1830.0,1685.0,1712.5,2017600,1712.5,2.0
2014/10/10,1665.0,1700.0,1617.5,1665.0,1845500,1665,2.0
2014/10/14,1595.0,1630.0,1555.0,1610.0,1294000,1610,2.0
2014/10/15,1640.0,1652.5,1575.0,1622.5,1106900,1622.5,2.0
2014/10/16,1552.5,1667.5,1520.0,1607.5,1965500,1607.5,2.0
2014/10/17,1620.0,1642.5,1580.0,1580.0,949200,1580,2.0
2014/10/20,1647.5,1710.0,1625.0,1675.0,1651000,1675,2.0
2014/10/21,1682.5,1682.5,1615.0,1630.0,1068900,1630,2.0
2014/10/22,1665.0,1730.0,1655.0,1707.5,1840000,1707.5,2.0
2014/10/23,1700.0,1717.5,1667.5,1705.0,1072600,1705,2.0
2014/10/24,1740.0,1740.0,1685.0,1690.0,909000,1690,2.0
2014/10/27,1702.5,1705.0,1675.0,1682.5,562700,1682.5,2.0
2014/10/28,1660.0,1695.0,1655.0,1685.0,752800,1685,2.0
2014/10/29,1710.0,1735.0,1677.5,1697.5,1319900,1697.5,2.0
2014/10/30,1700.0,1710.0,1665.0,1690.0,768000,1690,2.0
2014/10/31,1700.0,1750.0,1680.0,1742.5,1342600,1742.5,2.0
2014/11/04,1750.0,1765.0,1697.5,1722.5,1413000,1722.5,2.0
2014/11/05,1765.0,1852.5,1732.5,1852.5,4009200,1852.5,2.0
2014/11/06,1880.0,1920.0,1750.0,1830.0,5018300,1830,2.0
2014/11/07,1890.0,1912.5,1832.5,1850.0,2696700,1850,2.0
2014/11/10,1850.0,1867.5,1800.0,1850.0,1220400,1850,2.0
2014/11/11,1857.5,1885.0,1832.5,1870.0,1319200,1870,2.0
2014/11/12,1887.5,1892.5,1775.0,1792.5,2024900,1792.5,2.0
2014/11/13,1842.5,1862.5,1757.5,1765.0,2346600,1765,2.0
2014/11/14,1772.5,1775.0,1725.0,1775.0,1080700,1775,2.0
2014/11/17,1797.5,1820.0,1755.0,1780.0,1501200,1780,2.0
2014/11/18,1780.0,1815.0,1765.0,1790.0,1013400,1790,2.0
2014/11/19,1790.0,1795.0,1750.0,1757.5,593200,1757.5,2.0
2014/11/20,1752.5,1780.0,1735.0,1735.0,591200,1735,2.0
2014/11/21,1725.0,1732.5,1700.0,1715.0,702900,1715,2.0
2014/11/25,1740.0,1747.5,1710.0,1717.5,527600,1717.5,2.0
2014/11/26,1720.0,1777.5,1720.0,1755.0,925100,1755,2.0
2014/11/27,1580.0,1700.0,1580.0,1677.5,4598800,1677.5,2.0
2014/11/28,1665.0,1665.0,1632.5,1665.0,1156900,1665,2.0
2014/12/01,1650.0,1652.5,1607.5,1612.5,1000400,1612.5,2.0
2014/12/02,1600.0,1617.5,1587.5,1597.5,709700,1597.5,2.0
2014/12/03,1600.0,1600.0,1507.5,1510.0,1648700,1510,2.0
2014/12/04,1507.5,1572.5,1505.0,1535.0,1248600,1535,2.0
2014/12/05,1525.0,1567.5,1515.0,1562.5,715100,1562.5,2.0
2014/12/08,1570.0,1570.0,1510.0,1512.5,822500,1512.5,2.0
2014/12/09,1505.0,1515.0,1475.5,1487.0,1122400,1487,2.0
2014/12/10,1470.0,1472.0,1392.5,1409.5,1712100,1409.5,2.0
2014/12/11,1381.5,1457.5,1375.0,1425.0,1538100,1425,2.0
2014/12/12,1440.0,1450.0,1406.0,1420.0,729000,1420,2.0
2014/12/15,1410.0,1420.0,1325.0,1340.0,1491300,1340,2.0
2014/12/16,1313.0,1315.0,1188.5,1230.0,3554600,1230,2.0
2014/12/17,1211.0,1288.5,1207.0,1251.5,1610500,1251.5,2.0
2014/12/18,1292.0,1424.0,1258.0,1380.0,3844200,1380,2.0
2014/12/19,1440.0,1489.0,1425.0,1448.0,3082600,1448,2.0
2014/12/22,1465.5,1515.0,1411.0,1428.0,1810700,1428,2.0
2014/12/24,1447.0,1615.0,1375.0,1585.0,6599700,1585,2.0
2014/12/25,1530.0,1572.5,1512.5,1525.0,2380700,1525,2.0
2014/12/26,1555.0,1640.0,1540.0,1607.5,2357400,1607.5,2.0
2014/12/29,1630.0,1637.5,1552.5,1600.0,1697300,1600,2.0
2014/12/30,1605.0,1605.0,1540.0,1560.0,1640100,1560,2.0
2015/01/05,1567.5,1620.0,1562.5,1602.5,1484300,1602.5,2.0
2015/01/06,1555.0,1595.0,1527.5,1540.0,1090000,1540,2.0
2015/01/07,1540.0,1592.5,1532.5,1570.0,934400,1570,2.0
2015/01/08,1605.0,1620.0,1575.0,1602.5,1112600,1602.5,2.0
2015/01/09,1625.0,1627.5,1552.5,1570.0,1344100,1570,2.0
2015/01/13,1547.5,1587.5,1540.0,1560.0,763000,1560,2.0
2015/01/14,1547.5,1570.0,1517.5,1537.5,584700,1537.5,2.0
2015/01/15,1537.5,1545.0,1517.5,1545.0,386600,1545,2.0
2015/01/16,1532.5,1577.5,1500.0,1577.5,894300,1577.5,2.0
2015/01/19,1542.5,1560.0,1515.0,1517.5,530300,1517.5,2.0
2015/01/20,1517.5,1557.5,1515.0,1527.5,574100,1527.5,2.0
2015/01/21,1525.0,1535.0,1510.0,1512.5,347400,1512.5,2.0
2015/01/22,1540.0,1570.0,1520.0,1562.5,1026400,1562.5,2.0
2015/01/23,1580.0,1595.0,1555.0,1565.0,817400,1565,2.0
2015/01/26,1555.0,1572.5,1540.0,1555.0,436500,1555,2.0
2015/01/27,1557.5,1560.0,1527.5,1535.0,419700,1535,2.0
2015/01/28,1525.0,1542.5,1520.0,1527.5,321500,1527.5,2.0
2015/01/29,1522.5,1537.5,1510.0,1517.5,427100,1517.5,2.0
2015/01/30,1505.0,1550.0,1505.0,1550.0,564000,1550,2.0
2015/02/02,1530.0,1532.5,1490.0,1500.0,742000,1500,2.0
2015/02/03,1495.0,1505.0,1444.0,1480.0,801600,1480,2.0
2015/02/04,1455.0,1478.0,1450.0,1465.5,486200,1465.5,2.0
2015/02/05,1455.0,1484.5,1455.0,1455.0,304400,1455,2.0
2015/02/06,1459.5,1481.0,1455.0,1459.0,310200,1459,2.0
2015/02/09,1457.5,1465.0,1417.5,1436.5,493100,1436.5,2.0
2015/02/10,1422.0,1443.5,1412.5,1442.0,673700,1442,2.0
2015/02/12,1442.5,1443.5,1414.0,1414.0,486100,1414,2.0
2015/02/13,1410.5,1472.0,1403.5,1461.0,680200,1461,2.0
2015/02/16,1419.5,1468.0,1400.0,1445.5,1612400,1445.5,2.0
2015/02/17,1469.0,1469.0,1431.5,1447.0,544800,1447,2.0
2015/02/18,1454.5,1463.0,1445.0,1453.0,389500,1453,2.0
2015/02/19,1460.0,1463.0,1438.5,1446.5,375200,1446.5,2.0
2015/02/20,1462.5,1495.0,1457.5,1470.0,921300,1470,2.0
2015/02/23,1487.5,1487.5,1458.0,1458.0,412400,1458,2.0
2015/02/24,1455.0,1457.5,1436.5,1438.5,452700,1438.5,2.0
2015/02/25,1433.5,1450.0,1426.0,1439.5,394600,1439.5,2.0
2015/02/26,1427.5,1447.0,1426.5,1440.0,466000,1440,2.0
2015/02/27,1435.5,1490.0,1435.0,1487.0,667200,1487,2.0
2015/03/02,1505.0,1510.0,1460.0,1483.5,684700,1483.5,2.0
2015/03/03,1480.0,1480.0,1442.5,1456.0,405600,1456,2.0
2015/03/04,1440.5,1468.5,1435.5,1462.0,323300,1462,2.0
2015/03/05,1462.5,1466.0,1450.0,1451.0,204300,1451,2.0
2015/03/06,1451.0,1463.0,1443.0,1461.0,320800,1461,2.0
2015/03/09,1455.0,1484.0,1455.0,1484.0,540400,1484,2.0
2015/03/10,1484.0,1570.0,1484.0,1542.5,1546400,1542.5,2.0
2015/03/11,1525.0,1595.0,1520.0,1590.0,1579400,1590,2.0
2015/03/12,1600.0,1610.0,1562.5,1580.0,955800,1580,2.0
2015/03/13,1565.0,1577.5,1532.5,1547.5,542800,1547.5,2.0
2015/03/16,1527.5,1555.0,1499.0,1530.0,447500,1530,2.0
2015/03/17,1530.0,1550.0,1492.0,1502.5,692400,1502.5,2.0
2015/03/18,1520.0,1525.0,1499.0,1510.0,448400,1510,2.0
2015/03/19,1507.5,1525.0,1505.0,1525.0,281200,1525,2.0
2015/03/20,1525.0,1607.5,1515.0,1602.5,1439700,1602.5,2.0
2015/03/23,1610.0,1615.0,1562.5,1575.0,699200,1575,2.0
2015/03/24,1577.5,1585.0,1515.0,1530.0,590900,1530,2.0
2015/03/25,1520.0,1667.5,1510.0,1632.5,3762400,1632.5,2.0
2015/03/26,1597.5,1612.5,1530.0,1550.0,1585100,1550,2.0
2015/03/27,1537.5,1607.5,1537.5,1545.0,1029400,1545,2.0
2015/03/30,1565.0,1582.5,1550.0,1552.5,505400,1552.5,2.0
2015/03/31,1575.0,1587.5,1552.5,1567.5,608600,1567.5,2.0
2015/04/01,1580.0,1600.0,1557.5,1575.0,770600,1575,2.0
2015/04/02,1575.0,1587.5,1545.0,1562.5,591900,1562.5,2.0
2015/04/03,1570.0,1630.0,1560.0,1620.0,1562700,1620,2.0
2015/04/06,1605.0,1645.0,1595.0,1637.5,795500,1637.5,2.0
2015/04/07,1637.5,1640.0,1602.5,1605.0,954000,1605,2.0
2015/04/08,1615.0,1640.0,1602.5,1605.0,771100,1605,2.0
2015/04/09,1612.5,1617.5,1565.0,1577.5,789900,1577.5,2.0
2015/04/10,1585.0,1587.5,1565.0,1567.5,463900,1567.5,2.0
2015/04/13,1577.5,1650.0,1572.5,1620.0,1661500,1620,2.0
2015/04/14,1675.0,1707.5,1625.0,1642.5,2897600,1642.5,2.0
2015/04/15,1660.0,1675.0,1622.5,1637.5,943300,1637.5,2.0
2015/04/16,1650.0,1652.5,1600.0,1650.0,779500,1650,2.0
2015/04/17,1652.5,1655.0,1627.5,1637.5,523200,1637.5,2.0
2015/04/20,1610.0,1647.5,1607.5,1627.5,339500,1627.5,2.0
2015/04/21,1632.5,1660.0,1627.5,1630.0,736500,1630,2.0
2015/04/22,1632.5,1652.5,1615.0,1645.0,676800,1645,2.0
2015/04/23,1600.0,1637.5,1590.0,1632.5,1152700,1632.5,2.0
2015/04/24,1637.5,1665.0,1625.0,1650.0,828000,1650,2.0
2015/04/27,1642.5,1662.5,1640.0,1655.0,488200,1655,2.0
2015/04/28,1652.5,1687.5,1647.5,1682.5,934200,1682.5,2.0
2015/04/30,1670.0,1677.5,1617.5,1625.0,1015800,1625,2.0
2015/05/01,1605.0,1620.0,1552.5,1560.0,984100,1560,2.0
2015/05/07,1560.0,1567.5,1515.0,1515.0,740600,1515,2.0
2015/05/08,1520.0,1550.0,1517.5,1517.5,526800,1517.5,2.0
2015/05/11,1520.0,1530.0,1512.5,1515.0,451600,1515,2.0
2015/05/12,1507.5,1515.0,1500.0,1507.5,374400,1507.5,2.0
2015/05/13,1502.5,1537.5,1502.5,1527.5,285200,1527.5,2.0
2015/05/14,1525.0,1540.0,1517.5,1527.5,299700,1527.5,2.0
2015/05/15,1527.5,1540.0,1502.5,1505.0,566100,1505,2.0
2015/05/18,1505.0,1527.5,1502.5,1505.0,532400,1505,2.0
2015/05/19,1510.0,1512.5,1450.5,1472.0,1674500,1472,2.0
2015/05/20,1463.5,1473.0,1451.5,1454.0,1172800,1454,2.0
2015/05/21,1452.5,1479.5,1452.0,1470.0,750700,1470,2.0
2015/05/22,1470.0,1477.5,1467.5,1476.5,253000,1476.5,2.0
2015/05/25,1490.0,1494.5,1479.5,1489.5,390900,1489.5,2.0
2015/05/26,1525.0,1537.5,1505.0,1520.0,849000,1520,2.0
2015/05/27,1525.0,1527.5,1505.0,1505.0,345800,1505,2.0
2015/05/28,1505.0,1505.0,1488.5,1488.5,501700,1488.5,2.0
2015/05/29,1485.0,1532.5,1480.0,1532.5,510600,1532.5,2.0
2015/06/01,1515.0,1525.0,1505.0,1505.0,338000,1505,2.0
2015/06/02,1510.0,1510.0,1490.5,1494.0,296100,1494,2.0
2015/06/03,1490.0,1492.5,1488.0,1489.0,443400,1489,2.0
2015/06/04,1490.0,1493.0,1478.0,1480.0,398800,1480,2.0
2015/06/05,1477.0,1478.5,1468.0,1469.5,326100,1469.5,2.0
2015/06/08,1473.5,1473.5,1465.5,1470.0,151500,1470,2.0
2015/06/09,1467.5,1469.5,1441.0,1444.0,510400,1444,2.0
2015/06/10,1440.0,1464.5,1440.0,1462.5,274800,1462.5,2.0
2015/06/11,1465.0,1500.0,1464.5,1500.0,371400,1500,2.0
2015/06/12,1500.0,1522.5,1487.5,1522.5,568000,1522.5,2.0
2015/06/15,1535.0,1535.0,1493.0,1499.5,784600,1499.5,2.0
2015/06/16,1495.5,1512.5,1475.5,1480.0,330400,1480,2.0
2015/06/17,1495.0,1520.0,1490.0,1520.0,509600,1520,2.0
2015/06/18,1520.0,1520.0,1498.0,1505.0,377300,1505,2.0
2015/06/19,1505.0,1520.0,1499.5,1515.0,344500,1515,2.0
2015/06/22,1510.0,1530.0,1510.0,1517.5,324400,1517.5,2.0
2015/06/23,1537.5,1597.5,1532.5,1597.5,1760600,1597.5,2.0
2015/06/24,1610.0,1650.0,1580.0,1625.0,1963400,1625,2.0
2015/06/25,1602.5,1657.5,1602.5,1632.5,1100600,1632.5,2.0
2015/06/26,1635.0,1642.5,1607.5,1635.0,656200,1635,2.0
2015/06/29,1562.5,1632.5,1557.5,1605.0,1093600,1605,2.0
2015/06/30,1595.0,1622.5,1580.0,1595.0,565600,1595,2.0
2015/07/01,1600.0,1632.5,1590.0,1632.5,511500,1632.5,2.0
2015/07/02,1650.0,1650.0,1585.0,1592.5,908700,1592.5,2.0
2015/07/03,1602.5,1607.5,1582.5,1582.5,317800,1582.5,2.0
2015/07/06,1560.0,1575.0,1532.5,1545.0,439100,1545,2.0
2015/07/07,1575.0,1575.0,1555.0,1560.0,237400,1560,2.0
2015/07/08,1567.5,1567.5,1484.0,1497.5,687200,1497.5,2.0
2015/07/09,1450.0,1530.0,1400.0,1525.0,1052000,1525,2.0
2015/07/10,1512.5,1515.0,1460.0,1478.0,600700,1478,2.0
2015/07/13,1499.5,1515.0,1487.5,1512.5,314300,1512.5,2.0
2015/07/14,1520.0,1550.0,1520.0,1542.5,361000,1542.5,2.0
2015/07/15,1547.5,1565.0,1547.5,1557.5,192600,1557.5,2.0
2015/07/16,1540.0,1557.5,1540.0,1540.0,182300,1540,2.0
2015/07/17,1547.5,1565.0,1542.5,1565.0,265600,1565,2.0
2015/07/21,1582.5,1615.0,1577.5,1600.0,453500,1600,2.0
2015/07/22,1592.5,1617.5,1587.5,1617.5,312700,1617.5,2.0
2015/07/23,1607.5,1612.5,1582.5,1587.5,259900,1587.5,2.0
2015/07/24,1575.0,1592.5,1570.0,1582.5,233400,1582.5,2.0
2015/07/27,1570.0,1590.0,1567.5,1580.0,171100,1580,2.0
2015/07/28,1560.0,1565.0,1550.0,1565.0,253600,1565,2.0
2015/07/29,1564,1564,1501,1511,507800,1511,1
2015/07/30,1522,1539,1508,1514,335400,1514,1
2015/07/31,1506,1551,1506,1531,522400,1531,1
2015/08/03,1530,1530,1500,1506,344600,1506,1
2015/08/04,1506,1529,1484,1494,395400,1494,1
2015/08/05,1484,1497,1480,1485,478200,1485,1
2015/08/06,1487,1492,1470,1470,436900,1470,1
2015/08/07,1460,1469,1453,1460,577800,1460,1
2015/08/10,1480,1488,1454,1477,274700,1477,1
2015/08/11,1495,1525,1488,1525,534100,1525,1
2015/08/12,1520,1521,1491,1505,450200,1505,1
2015/08/13,1500,1515,1495,1502,230000,1502,1
2015/08/14,1507,1508,1459,1469,562600,1469,1
2015/08/17,1485,1505,1460,1489,429400,1489,1
2015/08/18,1503,1559,1503,1559,893200,1559,1
2015/08/19,1548,1550,1520,1536,405900,1536,1
2015/08/20,1500,1531,1500,1523,418200,1523,1
2015/08/21,1475,1508,1467,1481,706500,1481,1
2015/08/24,1430,1442,1315,1346,1763500,1346,1
2015/08/25,1256,1424,1212,1376,1791100,1376,1
2015/08/26,1380,1439,1366,1439,761500,1439,1
2015/08/27,1450,1514,1450,1489,1002100,1489,1
2015/08/28,1514,1528,1482,1484,629100,1484,1
2015/08/31,1471,1520,1457,1510,524300,1510,1
2015/09/01,1510,1510,1460,1462,638100,1462,1
2015/09/02,1402,1464,1400,1434,839700,1434,1
2015/09/03,1444,1469,1433,1444,421200,1444,1
2015/09/04,1416,1432,1373,1400,749900,1400,1
2015/09/07,1370,1423,1342,1394,419700,1394,1
2015/09/08,1380,1388,1341,1355,504400,1355,1
2015/09/09,1408,1423,1389,1409,537000,1409,1
2015/09/10,1375,1409,1373,1402,318400,1402,1
2015/09/11,1387,1409,1387,1390,281500,1390,1
2015/09/14,1393,1406,1384,1393,201900,1393,1
2015/09/15,1385,1405,1385,1395,335400,1395,1
2015/09/16,1400,1403,1390,1395,289300,1395,1
2015/09/17,1381,1414,1381,1402,296500,1402,1
2015/09/18,1391,1417,1391,1411,321800,1411,1
2015/09/24,1396,1411,1392,1400,271900,1400,1
2015/09/25,1393,1413,1390,1412,377400,1412,1
2015/09/28,1402,1442,1397,1442,386800,1442,1
2015/09/29,1412,1445,1400,1402,600600,1402,1
2015/09/30,1401,1425,1400,1413,287500,1413,1
2015/10/01,1413,1432,1410,1427,307200,1427,1
2015/10/02,1411,1436,1411,1430,190100,1430,1
2015/10/05,1433,1494,1433,1488,430400,1488,1
2015/10/06,1488,1495,1436,1445,511000,1445,1
2015/10/07,1450,1452,1414,1422,305800,1422,1
2015/10/08,1435,1436,1415,1421,339100,1421,1
2015/10/09,1420,1427,1408,1409,377200,1409,1
2015/10/13,1405,1409,1387,1387,356600,1387,1
2015/10/14,1375,1389,1368,1372,463400,1372,1
2015/10/15,1350,1377,1350,1361,407700,1361,1
2015/10/16,1370,1410,1364,1386,547200,1386,1
2015/10/19,1372,1382,1309,1319,834900,1319,1
2015/10/20,1330,1339,1300,1318,550500,1318,1
2015/10/21,1334,1351,1312,1338,697600,1338,1
2015/10/22,1338,1349,1321,1326,387400,1326,1
2015/10/23,1340,1342,1328,1339,409500,1339,1
2015/10/26,1330,1360,1327,1328,522100,1328,1
2015/10/27,1324,1336,1306,1308,405300,1308,1
2015/10/28,1320,1336,1312,1319,329400,1319,1
2015/10/29,1335,1467,1332,1435,2311900,1435,1
2015/10/30,1455,1526,1450,1499,2461000,1499,1
2015/11/02,1500,1539,1489,1522,1175400,1522,1
2015/11/04,1491,1508,1455,1476,965600,1476,1
2015/11/05,1455,1503,1455,1479,755100,1479,1
2015/11/06,1503,1541,1490,1504,1043000,1504,1
2015/11/09,1528,1528,1475,1513,758600,1513,1
2015/11/10,1495,1613,1495,1590,3521900,1590,1
2015/11/11,1670,1690,1594,1606,6007100,1606,1
2015/11/12,1581,1606,1521,1540,1888100,1540,1
2015/11/13,1516,1541,1495,1526,1187200,1526,1
2015/11/16,1495,1642,1488,1640,3537000,1640,1
2015/11/17,1650,1674,1601,1636,3180900,1636,1
2015/11/18,1644,1678,1640,1654,2325800,1654,1
2015/11/19,1669,1697,1624,1695,2915700,1695,1
2015/11/20,1700,1753,1666,1746,4780400,1746,1
2015/11/24,1764,1790,1711,1736,2722800,1736,1
2015/11/25,1729,1840,1703,1827,6739700,1827,1
2015/11/26,1900,1930,1834,1869,10741400,1869,1
2015/11/27,1870,1925,1835,1915,4880400,1915,1
2015/11/30,1920,1937,1865,1900,3370600,1900,1
2015/12/01,1899,1903,1805,1838,3580600,1838,1
2015/12/02,1819,1870,1807,1846,2138100,1846,1
2015/12/03,1865,1873,1817,1829,1555800,1829,1
2015/12/04,1810,1834,1762,1777,2207500,1777,1
2015/12/07,1830,1868,1816,1854,1897100,1854,1
2015/12/08,1880,1925,1867,1919,4967300,1919,1
2015/12/09,1919,1975,1869,1874,6463200,1874,1
2015/12/10,1859,1896,1811,1844,2153100,1844,1
2015/12/11,1860,1894,1838,1867,1557300,1867,1
2015/12/14,1818,1860,1815,1837,1164900,1837,1
2015/12/15,1835,1859,1731,1762,1928000,1762,1
2015/12/16,1820,1821,1769,1786,935700,1786,1
2015/12/17,1819,1878,1800,1857,2128500,1857,1
2015/12/18,1857,1874,1787,1792,1936000,1792,1
2015/12/21,1801,1883,1801,1877,2191600,1877,1
2015/12/22,1895,1917,1842,1865,2276400,1865,1
2015/12/24,1880,1905,1853,1871,1941800,1871,1
2015/12/25,1881,1881,1825,1831,1399600,1831,1
2015/12/28,1870,1920,1856,1914,2336200,1914,1
2015/12/29,1922,1975,1885,1964,4432200,1964,1
2015/12/30,1970,2047,1967,2046,6056400,2046,1
2016/01/04,2026,2057,1986,1991,3877400,1991,1
2016/01/05,1981,2070,1935,2050,4167900,2050,1
2016/01/06,2069,2094,1998,2024,3363800,2024,1
2016/01/07,2030,2068,1945,2021,4024700,2021,1
2016/01/08,1980,2016,1924,1938,3149600,1938,1
2016/01/12,1915,1958,1818,1858,3271400,1858,1
2016/01/13,1910,1973,1881,1953,2743100,1953,1
2016/01/14,1890,1906,1830,1897,2564700,1897,1
2016/01/15,1930,1935,1840,1842,1808100,1842,1
2016/01/18,1750,1824,1731,1813,2205300,1813,1
2016/01/19,1800,1822,1741,1769,1899900,1769,1
2016/01/20,1800,1826,1715,1722,2237900,1722,1
2016/01/21,1714,1809,1680,1682,1876600,1682,1
2016/01/22,1766,1815,1726,1802,1911800,1802,1
2016/01/25,1830,1909,1820,1900,2298800,1900,1
2016/01/26,1873,1920,1866,1884,1603200,1884,1
2016/01/27,1930,1970,1911,1968,2205700,1968,1
2016/01/28,2040,2048,1967,1975,3676400,1975,1
2016/01/29,1935,2010,1900,1998,2501800,1998,1
2016/02/01,1996,2045,1994,2032,2406200,2032,1
2016/02/02,2010,2077,1990,2005,2734900,2005,1
2016/02/03,1950,1977,1908,1943,1879100,1943,1
2016/02/04,1931,1949,1882,1889,1447300,1889,1
2016/02/05,1856,1895,1818,1842,1499800,1842,1
2016/02/08,1795,1933,1787,1914,1583700,1914,1
2016/02/09,1854,1874,1794,1800,2003800,1800,1
2016/02/10,1828,1832,1743,1783,1693900,1783,1
2016/02/12,1683,1691,1454,1504,5980100,1504,1
2016/02/15,1600,1605,1514,1541,3484500,1541,1
2016/02/16,1591,1669,1572,1619,2712000,1619,1
2016/02/17,1674,1677,1597,1639,1825900,1639,1
2016/02/18,1683,1777,1666,1750,2278000,1750,1
2016/02/19,1726,1778,1708,1774,1362200,1774,1
2016/02/22,1800,1881,1760,1880,2872500,1880,1
2016/02/23,1890,1915,1836,1859,1955700,1859,1
2016/02/24,1800,1899,1790,1888,1892100,1888,1
2016/02/25,1880,1939,1880,1911,1659100,1911,1
2016/02/26,1928,1950,1918,1930,1601300,1930,1
2016/02/29,1945,1955,1920,1933,1435500,1933,1
2016/03/01,1935,1944,1915,1926,1378900,1926,1
2016/03/02,1945,1968,1931,1940,1602800,1940,1
2016/03/03,1941,1968,1886,1919,1918100,1919,1
2016/03/04,1895,1920,1870,1920,1234300,1920,1
2016/03/07,1920,1980,1900,1978,1489000,1978,1
2016/03/08,1988,1989,1915,1966,1935200,1966,1
2016/03/09,1922,1965,1921,1940,900900,1940,1
2016/03/10,1956,2007,1953,1985,2292800,1985,1
2016/03/11,1988,2136,1966,2029,9369700,2029,1
2016/03/14,2040,2073,2016,2056,2418700,2056,1
2016/03/15,2067,2129,2047,2077,3445600,2077,1
2016/03/16,2077,2077,2026,2060,1503800,2060,1
2016/03/17,2050,2075,1987,2010,1801300,2010,1
2016/03/18,1980,2024,1962,2007,1270900,2007,1
2016/03/22,2048,2048,2005,2038,1109200,2038,1
2016/03/23,2030,2043,2003,2043,870600,2043,1
2016/03/24,2043,2092,2015,2089,1560800,2089,1
2016/03/25,2080,2088,2030,2035,1352600,2035,1
2016/03/28,2025,2050,2018,2046,906200,2046,1
2016/03/29,2051,2107,2051,2095,2140200,2095,1
2016/03/30,2100,2150,2090,2104,3770200,2104,1
2016/03/31,2130,2185,2080,2150,3115600,2150,1
2016/04/01,2187,2188,2111,2165,3707000,2165,1
2016/04/04,2152,2241,2116,2219,3994700,2219,1
2016/04/05,2200,2216,2084,2120,3211800,2120,1
2016/04/06,2070,2155,2055,2118,2033600,2118,1
2016/04/07,2135,2148,2093,2114,1318100,2114,1
2016/04/08,2090,2200,2090,2200,2963700,2200,1
2016/04/11,2200,2219,2173,2208,1837000,2208,1
2016/04/12,2200,2244,2177,2230,2858500,2230,1
2016/04/13,2242,2282,2222,2275,3145100,2275,1
2016/04/14,2288,2292,2235,2255,2351200,2255,1
2016/04/15,2233,2298,2230,2298,1870000,2298,1
2016/04/18,2250,2318,2235,2295,2148900,2295,1
2016/04/19,2360,2478,2341,2458,6752700,2458,1
2016/04/20,2530,2621,2358,2441,6149000,2441,1
2016/04/21,2521,2576,2472,2550,4007500,2550,1
2016/04/22,2530,2599,2495,2544,3629100,2544,1
2016/04/25,2534,2535,2445,2488,2718900,2488,1
2016/04/26,2445,2497,2360,2427,3182000,2427,1
2016/04/27,2450,2460,2361,2384,2752100,2384,1
2016/04/28,2400,2401,2321,2353,2622800,2353,1
2016/05/02,2280,2328,2239,2316,2074800,2316,1
2016/05/06,2345,2410,2321,2410,2072800,2410,1
2016/05/09,2430,2493,2405,2429,2898700,2429,1
2016/05/10,2452,2456,2393,2402,1946000,2402,1
2016/05/11,2420,2488,2406,2477,2414700,2477,1
2016/05/12,2462,2507,2422,2462,2449500,2462,1
2016/05/13,2510,2536,2455,2502,4001800,2502,1
2016/05/16,2452,2562,2445,2508,4604600,2508,1
2016/05/17,2495,2549,2463,2520,2459500,2520,1
2016/05/18,2506,2526,2290,2400,5128200,2400,1
2016/05/19,2403,2420,2314,2339,3081500,2339,1
2016/05/20,2316,2437,2315,2425,2230100,2425,1
2016/05/23,2444,2459,2392,2437,2023500,2437,1
2016/05/24,2440,2462,2416,2451,2218600,2451,1
2016/05/25,2460,2462,2423,2435,1223500,2435,1
2016/05/26,2404,2454,2360,2430,1878200,2430,1
2016/05/27,2420,2487,2413,2477,1913300,2477,1
2016/05/30,2501,2529,2490,2529,2225100,2529,1
2016/05/31,2527,2600,2502,2600,13064600,2600,1
2016/06/01,2590,2629,2526,2526,4804900,2526,1
2016/06/02,2548,2574,2495,2501,2440400,2501,1
2016/06/03,2515,2568,2501,2554,1868400,2554,1
2016/06/06,2530,2583,2506,2555,1398100,2555,1
2016/06/07,2562,2580,2546,2549,1838300,2549,1
2016/06/08,2550,2557,2511,2550,1543800,2550,1
2016/06/09,2550,2569,2541,2550,1177200,2550,1
2016/06/10,2564,2592,2556,2577,1561700,2577,1
2016/06/13,2578,2580,2487,2489,1850800,2489,1
2016/06/14,2450,2458,2290,2313,3520500,2313,1
2016/06/15,2290,2425,2289,2404,2474900,2404,1
2016/06/16,2417,2424,2222,2250,2598600,2250,1
2016/06/17,2300,2317,2172,2195,2316200,2195,1
2016/06/20,2277,2325,2220,2276,1246900,2276,1
2016/06/21,2276,2303,2250,2299,1027500,2299,1
2016/06/22,2283,2295,2209,2225,1524900,2225,1
2016/06/23,2200,2260,2181,2259,1245600,2259,1
2016/06/24,2350,2358,1837,2100,3292800,2100,1
2016/06/27,2090,2255,2060,2167,2025600,2167,1
2016/06/28,2115,2182,2105,2170,1621500,2170,1
2016/06/29,2220,2296,2190,2253,2054300,2253,1
2016/06/30,2310,2338,2278,2294,1604400,2294,1
2016/07/01,2330,2335,2285,2315,1226000,2315,1
2016/07/04,2325,2343,2306,2309,962000,2309,1
2016/07/05,2298,2309,2246,2279,1084000,2279,1
2016/07/06,2220,2255,2152,2207,1390500,2207,1
2016/07/07,2201,2240,2125,2140,1152700,2140,1
2016/07/08,2140,2152,2007,2115,1656300,2115,1
2016/07/11,2199,2202,2135,2156,1227200,2156,1
2016/07/12,2220,2278,2173,2212,1774500,2212,1
2016/07/13,2270,2270,2222,2239,1405600,2239,1
2016/07/14,2199,2213,2175,2201,1529400,2201,1
2016/07/15,2153,2167,2075,2140,1921600,2140,1
2016/07/19,2070,2120,1975,2100,2737300,2100,1
2016/07/20,2070,2095,2015,2060,1411200,2060,1
2016/07/21,2070,2090,1989,2006,2136200,2006,1
2016/07/22,1976,2000,1928,1950,1871500,1950,1
2016/07/25,1929,2029,1924,1962,1293800,1962,1
2016/07/26,1950,1989,1917,1949,940000,1949,1
2016/07/27,2020,2104,2019,2053,2510100,2053,1
2016/07/28,2077,2078,1989,1994,1283000,1994,1
2016/07/29,1995,1999,1927,1993,1968400,1993,1
2016/08/01,1980,2036,1977,2012,1180200,2012,1
2016/08/02,2012,2060,2005,2048,1112100,2048,1
2016/08/03,2057,2125,2048,2087,1930100,2087,1
2016/08/04,2104,2133,2076,2104,1385300,2104,1
2016/08/05,2130,2153,2051,2055,1588400,2055,1
2016/08/08,2076,2086,1982,2008,1141500,2008,1
2016/08/09,2008,2055,1995,2050,1008100,2050,1
2016/08/10,2050,2076,2022,2067,868500,2067,1
2016/08/12,2000,2059,1993,2055,1662100,2055,1
2016/08/15,2039,2090,2032,2077,765900,2077,1
2016/08/16,2080,2098,1852,1935,7804700,1935,1
2016/08/17,1910,1965,1862,1887,3050100,1887,1
2016/08/18,1810,1834,1640,1719,5182300,1719,1
2016/08/19,1710,1775,1680,1681,3611000,1681,1
2016/08/22,1710,1712,1571,1575,3964900,1575,1
2016/08/23,1496,1592,1481,1558,5135500,1558,1
2016/08/24,1582,1586,1503,1561,2486800,1561,1
2016/08/25,1586,1660,1556,1644,4151800,1644,1
2016/08/26,1654,1675,1588,1618,3346600,1618,1
2016/08/29,1631,1659,1571,1580,1856000,1580,1
2016/08/30,1580,1589,1530,1557,1588500,1557,1
2016/08/31,1589,1644,1572,1629,2172100,1629,1
2016/09/01,1650,1730,1621,1717,3208000,1717,1
2016/09/02,1740,1811,1721,1762,4248200,1762,1
2016/09/05,1762,1821,1761,1805,1958400,1805,1
2016/09/06,1815,1830,1773,1803,1292600,1803,1
2016/09/07,1774,1790,1747,1750,1247100,1750,1
2016/09/08,1755,1780,1705,1740,1410400,1740,1
2016/09/09,1740,1740,1706,1719,781400,1719,1
2016/09/12,1690,1706,1651,1667,878800,1667,1
2016/09/13,1651,1688,1651,1674,647400,1674,1
2016/09/14,1663,1668,1611,1623,914700,1623,1
2016/09/15,1600,1627,1587,1625,704800,1625,1
2016/09/16,1630,1648,1595,1606,802400,1606,1
2016/09/20,1596,1599,1561,1565,1225900,1565,1
2016/09/21,1565,1599,1555,1592,762900,1592,1
2016/09/23,1598,1650,1598,1634,900300,1634,1
2016/09/26,1651,1659,1611,1613,682700,1613,1
2016/09/27,1592,1613,1575,1613,642500,1613,1
2016/09/28,1610,1653,1606,1639,636900,1639,1
2016/09/29,1645,1678,1639,1655,964500,1655,1
2016/09/30,1604,1611,1571,1575,2131600,1575,1
2016/10/03,1552,1604,1550,1582,1450100,1582,1
2016/10/04,1588,1611,1581,1602,717200,1602,1
2016/10/05,1614,1645,1608,1633,814100,1633,1
2016/10/06,1649,1650,1602,1645,905900,1645,1
2016/10/07,1620,1627,1590,1594,1214300,1594,1
2016/10/11,1611,1622,1601,1619,490000,1619,1
2016/10/12,1610,1654,1608,1650,1115800,1650,1
2016/10/13,1650,1657,1627,1629,607400,1629,1
2016/10/14,1660,1660,1622,1632,438700,1632,1
2016/10/17,1630,1632,1602,1628,437800,1628,1
2016/10/18,1630,1653,1629,1650,800800,1650,1
2016/10/19,1650,1657,1641,1655,708200,1655,1
2016/10/20,1646,1671,1627,1629,787500,1629,1
2016/10/21,1621,1630,1590,1593,1019700,1593,1
2016/10/24,1600,1620,1591,1604,420100,1604,1
2016/10/25,1588,1602,1578,1588,629000,1588,1
2016/10/26,1590,1610,1585,1590,660100,1590,1
2016/10/27,1590,1590,1561,1569,813800,1569,1
2016/10/28,1570,1575,1552,1569,707300,1569,1
2016/10/31,1565,1580,1560,1577,609000,1577,1
2016/11/01,1577,1577,1550,1550,716200,1550,1
2016/11/02,1530,1532,1484,1493,1578000,1493,1
2016/11/04,1487,1488,1390,1396,2308700,1396,1
2016/11/07,1420,1437,1394,1397,1857600,1397,1
2016/11/08,1406,1427,1381,1390,802800,1390,1
2016/11/09,1395,1418,1281,1325,1841500,1325,1
2016/11/10,1390,1398,1368,1383,817600,1383,1
2016/11/11,1386,1395,1348,1352,840600,1352,1
2016/11/14,1360,1404,1356,1402,864300,1402,1
2016/11/15,1330,1487,1326,1475,2597700,1475,1
2016/11/16,1490,1554,1477,1521,2033100,1521,1
2016/11/17,1510,1540,1487,1524,1256400,1524,1
2016/11/18,1535,1549,1488,1500,1365400,1500,1
2016/11/21,1516,1522,1477,1493,1143700,1493,1
2016/11/22,1550,1559,1517,1553,2706900,1553,1
2016/11/24,1558,1559,1520,1538,951200,1538,1
2016/11/25,1536,1536,1486,1507,1064300,1507,1
2016/11/28,1500,1504,1460,1487,987700,1487,1
2016/11/29,1472,1509,1472,1490,643100,1490,1
2016/11/30,1496,1504,1483,1495,1153100,1495,1
2016/12/01,1495,1511,1485,1490,760300,1490,1
2016/12/02,1490,1490,1457,1473,644600,1473,1
2016/12/05,1455,1476,1447,1466,749700,1466,1
2016/12/06,1466,1474,1428,1428,811000,1428,1
2016/12/07,1414,1443,1398,1420,849400,1420,1
2016/12/08,1420,1430,1400,1408,679300,1408,1
2016/12/09,1400,1450,1399,1423,1106700,1423,1
2016/12/12,1483,1564,1471,1535,2806200,1535,1
2016/12/13,1552,1671,1550,1670,5029200,1670,1
2016/12/14,1725,1743,1600,1632,5980900,1632,1
2016/12/15,1660,1661,1603,1614,1712800,1614,1
2016/12/16,1615,1635,1601,1608,1247800,1608,1
2016/12/19,1609,1610,1562,1574,890300,1574,1
2016/12/20,1571,1646,1570,1623,1301800,1623,1
2016/12/21,1646,1655,1600,1607,1156800,1607,1
2016/12/22,1600,1636,1594,1633,1081100,1633,1
2016/12/26,1642,1653,1621,1631,1090000,1631,1
2016/12/27,1634,1675,1627,1637,1465000,1637,1
2016/12/28,1655,1674,1642,1656,1162100,1656,1
2016/12/29,1645,1663,1617,1633,939700,1633,1
2016/12/30,1634,1653,1618,1652,747800,1652,1
2017/01/04,1667,1669,1640,1652,1043900,1652,1
2017/01/05,1663,1713,1659,1700,2389800,1700,1
2017/01/06,1707,1738,1701,1719,2057600,1719,1
2017/01/10,1738,1767,1721,1723,1730700,1723,1
2017/01/11,1731,1739,1695,1701,1058200,1701,1
2017/01/12,1700,1708,1653,1665,1149100,1665,1
2017/01/13,1653,1706,1652,1698,974300,1698,1
2017/01/16,1698,1699,1663,1668,616900,1668,1
2017/01/17,1656,1674,1631,1631,866600,1631,1
2017/01/18,1612,1621,1590,1599,1081800,1599,1
2017/01/19,1605,1620,1584,1584,743900,1584,1
2017/01/20,1600,1607,1580,1588,746600,1588,1
2017/01/23,1595,1601,1565,1570,728800,1570,1
2017/01/24,1589,1589,1558,1577,674600,1577,1
2017/01/25,1589,1597,1577,1595,530600,1595,1
2017/01/26,1614,1617,1595,1611,835800,1611,1
2017/01/27,1617,1620,1595,1607,746500,1607,1
2017/01/30,1613,1640,1611,1626,857700,1626,1
2017/01/31,1608,1612,1590,1591,850100,1591,1
2017/02/01,1570,1590,1563,1580,797700,1580,1
2017/02/02,1577,1611,1575,1581,907300,1581,1
2017/02/03,1582,1590,1569,1571,686900,1571,1
2017/02/06,1581,1584,1564,1572,411800,1572,1
2017/02/07,1568,1575,1556,1566,454000,1566,1
2017/02/08,1561,1581,1561,1579,317700,1579,1
2017/02/09,1568,1579,1563,1567,278900,1567,1
2017/02/10,1584,1599,1569,1593,638000,1593,1
2017/02/13,1605,1639,1602,1617,829900,1617,1
2017/02/14,1634,1689,1622,1673,1689400,1673,1
2017/02/15,1611,1668,1611,1659,1708900,1659,1
2017/02/16,1655,1707,1655,1688,1742400,1688,1
2017/02/17,1688,1721,1675,1696,1439800,1696,1
2017/02/20,1703,1707,1644,1675,884200,1675,1
2017/02/21,1700,1730,1692,1720,1670700,1720,1
2017/02/22,1735,1757,1720,1742,1945000,1742,1
2017/02/23,1747,1824,1725,1814,3456700,1814,1
2017/02/24,1804,1829,1775,1781,1906400,1781,1
2017/02/27,1760,1785,1743,1749,917400,1749,1
2017/02/28,1768,1772,1724,1760,1310200,1760,1
2017/03/01,1736,1740,1704,1727,1270800,1727,1
2017/03/02,1742,1745,1706,1712,938500,1712,1
2017/03/03,1712,1736,1704,1712,719600,1712,1
2017/03/06,1716,1718,1675,1697,803500,1697,1
2017/03/07,1698,1698,1674,1675,586600,1675,1
2017/03/08,1662,1692,1651,1665,770800,1665,1
2017/03/09,1670,1691,1660,1690,585400,1690,1
2017/03/10,1719,1729,1682,1692,951500,1692,1
2017/03/13,1731,1734,1700,1703,878400,1703,1
2017/03/14,1714,1718,1665,1668,1233000,1668,1
2017/03/15,1665,1668,1620,1626,1602800,1626,1
2017/03/16,1630,1647,1615,1647,682600,1647,1
2017/03/17,1645,1652,1617,1621,637400,1621,1
2017/03/21,1616,1631,1605,1622,402000,1622,1
2017/03/22,1600,1614,1588,1588,669300,1588,1
2017/03/23,1591,1613,1583,1600,457200,1600,1
2017/03/24,1597,1628,1594,1627,389500,1627,1
2017/03/27,1627,1631,1595,1603,420100,1603,1
2017/03/28,1607,1627,1600,1613,335900,1613,1
2017/03/29,1629,1671,1620,1641,647200,1641,1
2017/03/30,1641,1658,1608,1609,492200,1609,1
2017/03/31,1606,1628,1598,1598,540200,1598,1
2017/04/03,1601,1616,1572,1593,923500,1593,1
2017/04/04,1593,1600,1541,1556,1034600,1556,1
2017/04/05,1615,1629,1557,1600,1412300,1600,1
2017/04/06,1593,1596,1545,1549,800200,1549,1
2017/04/07,1589,1607,1535,1574,1156400,1574,1
2017/04/10,1580,1615,1580,1589,685500,1589,1
2017/04/11,1570,1591,1565,1567,423500,1567,1
2017/04/12,1550,1557,1513,1514,956100,1514,1
2017/04/13,1500,1548,1492,1541,720900,1541,1
2017/04/14,1521,1531,1493,1494,672900,1494,1
2017/04/17,1465,1526,1463,1520,733300,1520,1
2017/04/18,1545,1555,1520,1533,417500,1533,1
2017/04/19,1524,1569,1523,1540,390800,1540,1
2017/04/20,1540,1540,1510,1510,502400,1510,1
2017/04/21,1513,1518,1493,1503,549600,1503,1
2017/04/24,1505,1519,1487,1497,591900,1497,1
2017/04/25,1497,1525,1496,1521,475500,1521,1
2017/04/26,1548,1548,1525,1545,457700,1545,1
2017/04/27,1546,1580,1540,1578,651800,1578,1
2017/04/28,1580,1598,1570,1575,608000,1575,1
2017/05/01,1570,1586,1568,1582,375500,1582,1
2017/05/02,1590,1593,1565,1571,521500,1571,1
2017/05/08,1615,1619,1576,1590,810000,1590,1
2017/05/09,1590,1605,1573,1577,619200,1577,1
2017/05/10,1587,1606,1586,1587,770400,1587,1
2017/05/11,1592,1593,1572,1587,555800,1587,1
2017/05/12,1570,1577,1545,1561,804100,1561,1
2017/05/15,1559,1561,1519,1534,847300,1534,1
2017/05/16,1521,1592,1520,1556,1185000,1556,1
2017/05/17,1550,1557,1521,1521,768000,1521,1
2017/05/18,1500,1526,1495,1514,761900,1514,1
2017/05/19,1514,1520,1498,1510,483500,1510,1
2017/05/22,1536,1536,1511,1524,266100,1524,1
2017/05/23,1519,1537,1515,1520,342700,1520,1
2017/05/24,1520,1526,1511,1520,508400,1520,1
2017/05/25,1515,1521,1510,1516,354100,1516,1
2017/05/26,1513,1544,1513,1535,661300,1535,1
2017/05/29,1524,1532,1505,1505,681000,1505,1
2017/05/30,1503,1512,1497,1511,484800,1511,1
2017/05/31,1520,1530,1505,1528,1222400,1528,1
2017/06/01,1515,1542,1514,1528,590300,1528,1
2017/06/02,1535,1538,1515,1518,454900,1518,1
2017/06/05,1517,1545,1516,1533,623900,1533,1
2017/06/06,1524,1530,1510,1510,427300,1510,1
2017/06/07,1505,1514,1501,1509,369500,1509,1
2017/06/08,1513,1513,1492,1495,700400,1495,1
2017/06/09,1515,1519,1482,1487,830800,1487,1
2017/06/12,1480,1496,1475,1476,695000,1476,1
2017/06/13,1470,1475,1460,1464,744200,1464,1
2017/06/14,1480,1515,1469,1478,1135000,1478,1
2017/06/15,1480,1483,1460,1470,573600,1470,1
2017/06/16,1465,1470,1451,1456,735100,1456,1
2017/06/19,1456,1472,1456,1461,490500,1461,1
2017/06/20,1470,1475,1462,1467,614400,1467,1
2017/06/21,1481,1602,1479,1582,4710000,1582,1
2017/06/22,1590,1630,1542,1568,2197700,1568,1
2017/06/23,1598,1606,1544,1558,1372200,1558,1
2017/06/26,1554,1558,1516,1539,1018300,1539,1
2017/06/27,1540,1565,1518,1520,709600,1520,1
2017/06/28,1510,1513,1482,1482,1252500,1482,1
2017/06/29,1496,1508,1486,1492,630500,1492,1
2017/06/30,1484,1499,1475,1495,615200,1495,1
2017/07/03,1499,1506,1486,1501,512100,1501,1
2017/07/04,1501,1505,1482,1489,578900,1489,1
2017/07/05,1481,1499,1472,1494,546000,1494,1
2017/07/06,1482,1499,1482,1494,432900,1494,1
2017/07/07,1485,1491,1475,1483,497200,1483,1
2017/07/10,1488,1506,1481,1500,688000,1500,1
2017/07/11,1500,1524,1499,1514,580300,1514,1
2017/07/12,1505,1526,1505,1514,420200,1514,1
2017/07/13,1523,1528,1503,1506,473700,1506,1
2017/07/14,1504,1511,1498,1504,388900,1504,1
2017/07/18,1520,1520,1502,1510,390400,1510,1
2017/07/19,1505,1540,1502,1502,461400,1502,1
2017/07/20,1507,1512,1495,1495,628500,1495,1
2017/07/21,1499,1504,1494,1499,398800,1499,1
2017/07/24,1503,1515,1496,1508,455600,1508,1
2017/07/25,1503,1530,1502,1511,541900,1511,1
2017/07/26,1519,1527,1512,1525,450400,1525,1
2017/07/27,1520,1527,1516,1523,367000,1523,1
2017/07/28,1518,1520,1500,1512,584900,1512,1
2017/07/31,1510,1518,1494,1501,587000,1501,1
2017/08/01,1498,1502,1480,1486,797300,1486,1
2017/08/02,1487,1504,1480,1481,454400,1481,1
2017/08/03,1486,1489,1468,1472,596500,1472,1
2017/08/04,1472,1492,1472,1478,487800,1478,1
2017/08/07,1490,1515,1487,1515,730100,1515,1
2017/08/08,1515,1525,1498,1509,654700,1509,1
2017/08/09,1503,1505,1485,1490,497900,1490,1
2017/08/10,1490,1497,1481,1485,323100,1485,1
2017/08/14,1473,1474,1457,1463,542800,1463,1
2017/08/15,1455,1462,1446,1448,1042700,1448,1
2017/08/16,1454,1464,1451,1460,409200,1460,1
2017/08/17,1471,1498,1470,1489,657300,1489,1
2017/08/18,1468,1480,1460,1463,462400,1463,1
2017/08/21,1474,1474,1438,1439,608100,1439,1
2017/08/22,1435,1442,1412,1415,744700,1415,1
2017/08/23,1420,1428,1409,1409,610900,1409,1
2017/08/24,1399,1406,1395,1395,712700,1395,1
2017/08/25,1406,1425,1404,1411,559000,1411,1
2017/08/28,1410,1422,1410,1413,275300,1413,1
2017/08/29,1405,1415,1398,1412,385200,1412,1
2017/08/30,1413,1442,1413,1441,520800,1441,1
2017/08/31,1445,1458,1442,1446,507400,1446,1
2017/09/01,1435,1454,1432,1454,513500,1454,1
2017/09/04,1454,1478,1450,1468,734600,1468,1
2017/09/05,1462,1475,1406,1412,961500,1412,1
2017/09/06,1395,1428,1381,1416,767800,1416,1
2017/09/07,1417,1423,1402,1404,458500,1404,1
2017/09/08,1396,1416,1396,1404,426700,1404,1
2017/09/11,1409,1428,1406,1408,352200,1408,1
2017/09/12,1417,1419,1408,1415,315600,1415,1
2017/09/13,1411,1421,1403,1417,446000,1417,1
2017/09/14,1416,1452,1416,1418,649900,1418,1
2017/09/15,1410,1430,1406,1430,492800,1430,1
2017/09/19,1460,1460,1439,1455,666000,1455,1
2017/09/20,1451,1451,1427,1429,513800,1429,1
2017/09/21,1423,1430,1409,1410,663400,1410,1
2017/09/22,1411,1414,1403,1405,411000,1405,1
2017/09/25,1407,1411,1400,1407,309300,1407,1
2017/09/26,1408,1432,1407,1414,487100,1414,1
2017/09/27,1434,1447,1421,1447,498900,1447,1
2017/09/28,1443,1447,1436,1444,331200,1444,1
2017/09/29,1446,1501,1440,1499,1437400,1499,1
2017/10/02,1505,1540,1503,1540,1277600,1540,1
2017/10/03,1545,1557,1520,1531,1090700,1531,1
2017/10/04,1533,1547,1473,1490,1326400,1490,1
2017/10/05,1485,1502,1476,1496,574200,1496,1
2017/10/06,1499,1515,1497,1513,553400,1513,1
2017/10/10,1514,1535,1512,1528,626800,1528,1
2017/10/11,1528,1553,1515,1534,1045400,1534,1
2017/10/12,1534,1548,1522,1524,657900,1524,1
2017/10/13,1525,1530,1500,1510,477400,1510,1
2017/10/16,1511,1523,1495,1504,463600,1504,1
2017/10/17,1508,1523,1505,1523,550700,1523,1
2017/10/18,1520,1533,1515,1520,428800,1520,1
2017/10/19,1520,1529,1517,1523,338200,1523,1
2017/10/20,1522,1525,1498,1511,490000,1511,1
2017/10/23,1524,1528,1506,1513,432800,1513,1
2017/10/24,1513,1515,1506,1510,273200,1510,1
2017/10/25,1507,1509,1480,1487,811300,1487,1
2017/10/26,1490,1497,1477,1489,378900,1489,1
2017/10/27,1488,1494,1482,1490,342500,1490,1
2017/10/30,1500,1518,1497,1515,653000,1515,1
2017/10/31,1515,1515,1482,1498,825100,1498,1
2017/11/01,1491,1505,1486,1501,641000,1501,1
2017/11/02,1496,1501,1480,1486,724100,1486,1
2017/11/06,1480,1489,1469,1475,1020200,1475,1
2017/11/07,1471,1485,1463,1480,580500,1480,1
2017/11/08,1466,1476,1460,1470,592300,1470,1
2017/11/09,1463,1473,1434,1452,908400,1452,1
2017/11/10,1435,1448,1433,1442,604800,1442,1
2017/11/13,1447,1449,1426,1426,440100,1426,1
2017/11/14,1460,1470,1436,1458,1210900,1458,1
2017/11/15,1451,1452,1380,1381,2849300,1381,1
2017/11/16,1400,1427,1387,1424,994500,1424,1
2017/11/17,1420,1428,1406,1421,894400,1421,1
2017/11/20,1410,1455,1403,1446,725900,1446,1
2017/11/21,1456,1465,1448,1449,611400,1449,1
2017/11/22,1449,1473,1442,1470,700300,1470,1
2017/11/24,1477,1488,1472,1478,577300,1478,1
2017/11/27,1481,1500,1481,1500,856600,1500,1
2017/11/28,1505,1507,1480,1485,625400,1485,1
2017/11/29,1499,1500,1477,1480,582500,1480,1
2017/11/30,1468,1499,1466,1487,903400,1487,1
2017/12/01,1487,1534,1487,1521,1714100,1521,1
2017/12/04,1522,1553,1522,1544,1293100,1544,1
2017/12/05,1553,1553,1515,1536,846000,1536,1
2017/12/06,1525,1550,1523,1532,783400,1532,1
2017/12/07,1533,1592,1533,1575,1728500,1575,1
2017/12/08,1590,1594,1569,1583,925400,1583,1
2017/12/11,1590,1615,1590,1602,1366400,1602,1
2017/12/12,1620,1639,1611,1639,1716400,1639,1
2017/12/13,1645,1673,1645,1663,1660400,1663,1
2017/12/14,1663,1664,1606,1626,1261700,1626,1
2017/12/15,1610,1668,1602,1654,1463600,1654,1
2017/12/18,1659,1670,1641,1664,1150200,1664,1
2017/12/19,1851,1865,1767,1825,9229500,1825,1
2017/12/20,1890,2150,1888,2060,17892500,2060,1
2017/12/21,2072,2080,1970,2014,5642000,2014,1
2017/12/22,2000,2077,1977,1999,4560000,1999,1
2017/12/25,1991,1998,1934,1949,2353500,1949,1
2017/12/26,1910,1994,1910,1936,2424600,1936,1
2017/12/27,1936,2012,1935,1999,2635500,1999,1
2017/12/28,2015,2026,1958,1971,2031300,1971,1
2017/12/29,1975,1977,1932,1941,1229300,1941,1
2018/01/04,1970,1984,1945,1967,1507800,1967,1
2018/01/05,1970,1973,1934,1973,1106600,1973,1
2018/01/09,1984,1987,1913,1950,1981400,1950,1
2018/01/10,1940,1955,1929,1936,1310500,1936,1
2018/01/11,1923,1923,1862,1868,2340800,1868,1
2018/01/12,1881,1892,1822,1836,1702400,1836,1
2018/01/15,1852,1886,1831,1871,1255900,1871,1
2018/01/16,1880,1937,1866,1933,1819100,1933,1
2018/01/17,1920,1959,1883,1932,1945000,1932,1
2018/01/18,1932,1941,1897,1906,1113800,1906,1
2018/01/19,1906,1922,1887,1917,691800,1917,1
2018/01/22,1913,1954,1906,1947,1083400,1947,1
2018/01/23,1960,2000,1959,1988,1737900,1988,1
2018/01/24,1995,2099,1992,2043,4773400,2043,1
2018/01/25,2011,2021,1950,1973,2213300,1973,1
2018/01/26,1996,2040,1985,2006,1724000,2006,1
2018/01/29,2022,2034,1971,1980,870000,1980,1
2018/01/30,1970,1994,1930,1944,1047400,1944,1
2018/01/31,1893,1910,1869,1888,2084000,1888,1
2018/02/01,1896,1930,1891,1930,852300,1930,1
2018/02/02,1912,1927,1894,1899,656600,1899,1
2018/02/05,1850,1894,1840,1880,900400,1880,1
2018/02/06,1773,1786,1677,1733,2675200,1733,1
2018/02/07,1828,1840,1762,1765,1325000,1765,1
2018/02/08,1780,1820,1780,1818,1091600,1818,1
2018/02/09,1718,1807,1710,1801,1131600,1801,1
2018/02/13,1844,1861,1801,1802,1073800,1802,1
2018/02/14,1803,1826,1757,1780,782300,1780,1
2018/02/15,1757,1799,1748,1755,1096600,1755,1
2018/02/16,1730,1730,1640,1668,3308600,1668,1
2018/02/19,1700,1700,1680,1687,868900,1687,1
2018/02/20,1700,1700,1671,1674,839800,1674,1
2018/02/21,1665,1667,1650,1663,1091600,1663,1
2018/02/22,1651,1656,1616,1626,1031800,1626,1
2018/02/23,1618,1634,1603,1622,1161400,1622,1
2018/02/26,1640,1641,1612,1630,843800,1630,1
2018/02/27,1646,1647,1608,1613,972100,1613,1
2018/02/28,1610,1629,1602,1603,853100,1603,1
2018/03/01,1600,1601,1560,1585,1478600,1585,1
2018/03/02,1551,1575,1543,1561,950300,1561,1
2018/03/05,1545,1568,1507,1510,994000,1510,1
2018/03/06,1546,1554,1508,1511,1006200,1511,1
2018/03/07,1525,1526,1484,1488,1240200,1488,1
2018/03/08,1502,1542,1495,1542,964400,1542,1
2018/03/09,1628,1629,1530,1536,1208900,1536,1
2018/03/12,1570,1570,1533,1558,717800,1558,1
2018/03/13,1554,1602,1554,1600,1113200,1600,1
2018/03/14,1590,1590,1562,1574,706100,1574,1
2018/03/15,1563,1580,1554,1561,479900,1561,1
2018/03/16,1570,1575,1528,1530,639500,1530,1
2018/03/19,1515,1549,1508,1525,582500,1525,1
2018/03/20,1511,1518,1490,1518,541900,1518,1
2018/03/22,1511,1539,1511,1536,536000,1536,1
2018/03/23,1503,1512,1471,1475,1085800,1475,1
2018/03/26,1472,1474,1430,1466,914700,1466,1
2018/03/27,1488,1528,1488,1508,876800,1508,1
2018/03/28,1496,1525,1482,1522,578300,1522,1
2018/03/29,1530,1530,1487,1502,593600,1502,1
2018/03/30,1511,1517,1500,1506,539400,1506,1
2018/04/02,1509,1538,1508,1518,571900,1518,1
2018/04/03,1496,1504,1473,1500,756700,1500,1
2018/04/04,1505,1507,1470,1475,568900,1475,1
2018/04/05,1485,1509,1483,1492,538000,1492,1
2018/04/06,1505,1508,1487,1487,571500,1487,1
2018/04/09,1495,1498,1476,1483,498100,1483,1
2018/04/10,1484,1484,1443,1450,1024700,1450,1
2018/04/11,1501,1504,1451,1454,1332500,1454,1
2018/04/12,1452,1452,1418,1421,1081600,1421,1
2018/04/13,1429,1435,1422,1432,621600,1432,1
2018/04/16,1439,1441,1407,1427,1125600,1427,1
2018/04/17,1429,1441,1414,1430,767000,1430,1
2018/04/18,1450,1458,1433,1445,1103300,1445,1
2018/04/19,1449,1477,1447,1453,953900,1453,1
2018/04/20,1448,1448,1404,1407,1532300,1407,1
2018/04/23,1405,1415,1392,1415,906600,1415,1
2018/04/24,1420,1452,1418,1440,677400,1440,1
2018/04/25,1423,1454,1422,1433,539600,1433,1
2018/04/26,1424,1440,1404,1407,792000,1407,1
2018/04/27,1416,1422,1400,1401,624400,1401,1
2018/05/01,1401,1413,1400,1406,456200,1406,1
2018/05/02,1414,1426,1409,1424,660400,1424,1
2018/05/07,1424,1431,1392,1399,836000,1399,1
2018/05/08,1410,1412,1397,1407,524900,1407,1
2018/05/09,1412,1425,1398,1400,518400,1400,1
2018/05/10,1407,1410,1397,1397,410500,1397,1
2018/05/11,1400,1407,1396,1399,515000,1399,1
2018/05/14,1403,1424,1397,1416,625700,1416,1
2018/05/15,1458,1477,1429,1452,2284800,1452,1
2018/05/16,1420,1420,1325,1354,3157400,1354,1
2018/05/17,1368,1389,1351,1378,1356400,1378,1
2018/05/18,1385,1417,1384,1404,980700,1404,1
2018/05/21,1421,1432,1407,1416,761800,1416,1
2018/05/22,1423,1460,1409,1455,991500,1455,1
2018/05/23,1464,1469,1423,1458,982900,1458,1
2018/05/24,1446,1474,1430,1455,861300,1455,1
2018/05/25,1449,1465,1437,1446,624800,1446,1
2018/05/28,1456,1460,1429,1434,404400,1434,1
2018/05/29,1429,1433,1407,1420,507800,1420,1
2018/05/30,1391,1397,1375,1392,914700,1392,1
2018/05/31,1405,1425,1397,1397,1553500,1397,1
2018/06/01,1397,1407,1372,1372,654600,1372,1
2018/06/04,1385,1389,1366,1371,416200,1371,1
2018/06/05,1369,1382,1360,1371,472500,1371,1
2018/06/06,1356,1360,1327,1329,1186000,1329,1
2018/06/07,1336,1347,1307,1318,1434300,1318,1
2018/06/08,1323,1333,1314,1330,611900,1330,1
2018/06/11,1334,1358,1329,1348,729600,1348,1
2018/06/12,1378,1437,1366,1430,2084000,1430,1
2018/06/13,1449,1461,1415,1461,1259700,1461,1
2018/06/14,1453,1454,1396,1397,948600,1397,1
2018/06/15,1411,1416,1388,1391,490400,1391,1
2018/06/18,1380,1381,1353,1355,521000,1355,1
2018/06/19,1355,1365,1315,1330,1201200,1330,1
2018/06/20,1322,1337,1283,1337,1236600,1337,1
2018/06/21,1337,1346,1315,1333,752400,1333,1
2018/06/22,1318,1330,1306,1307,592200,1307,1
2018/06/25,1337,1338,1303,1304,619000,1304,1
2018/06/26,1300,1342,1290,1329,1218600,1329,1
2018/06/27,1334,1363,1329,1357,741900,1357,1
2018/06/28,1328,1336,1305,1310,760100,1310,1
2018/06/29,1320,1322,1291,1298,1445700,1298,1
2018/07/02,1312,1323,1291,1295,952200,1295,1
2018/07/03,1312,1322,1298,1320,1083100,1320,1
2018/07/04,1313,1320,1299,1299,598000,1299,1
2018/07/05,1294,1303,1266,1274,973500,1274,1
2018/07/06,1268,1279,1257,1273,756900,1273,1
2018/07/09,1270,1321,1269,1318,572400,1318,1
2018/07/10,1321,1330,1304,1310,438700,1310,1
2018/07/11,1285,1307,1278,1293,504400,1293,1
2018/07/12,1291,1326,1291,1311,664100,1311,1
2018/07/13,1320,1384,1320,1384,1311200,1384,1
2018/07/17,1375,1375,1296,1300,1313900,1300,1
2018/07/18,1311,1355,1311,1349,1200700,1349,1
2018/07/19,1360,1372,1328,1333,546200,1333,1
2018/07/20,1334,1335,1314,1326,499200,1326,1
2018/07/23,1311,1315,1288,1288,819300,1288,1
2018/07/24,1299,1301,1286,1293,616000,1293,1
2018/07/25,1293,1308,1283,1302,726400,1302,1
2018/07/26,1295,1298,1290,1297,440200,1297,1
2018/07/27,1295,1302,1289,1301,395500,1301,1
2018/07/30,1310,1320,1299,1317,741700,1317,1
2018/07/31,1310,1323,1301,1314,552900,1314,1
2018/08/01,1314,1331,1302,1302,574100,1302,1
2018/08/02,1302,1314,1293,1294,507200,1294,1
2018/08/03,1299,1300,1274,1277,794400,1277,1
2018/08/06,1275,1276,1251,1251,742900,1251,1
2018/08/07,1250,1250,1227,1239,860900,1239,1
2018/08/08,1240,1250,1234,1250,467200,1250,1
2018/08/09,1254,1268,1245,1251,452900,1251,1
2018/08/10,1252,1253,1223,1226,648700,1226,1
2018/08/13,1220,1222,1144,1151,1268400,1151,1
2018/08/14,1153,1155,1120,1125,1361300,1125,1
