2017/11/29,2660.0,3160.0,2573.33,3083.33,577101,3083.33,3.0
2017/11/30,3533.33,3583.33,3520.0,3583.33,131100,3583.33,3.0
2017/12/01,4180.0,4263.33,3266.66,3666.66,720901,3666.66,3.0
2017/12/04,3586.66,3650.0,3133.33,3133.33,173700,3133.33,3.0
2017/12/05,3100.0,3416.66,2960.0,3040.0,273100,3040,3.0
2017/12/06,3103.33,3266.66,3000.0,3183.33,119900,3183.33,3.0
2017/12/07,3283.33,3473.33,3176.66,3203.33,182300,3203.33,3.0
2017/12/08,3253.33,3263.33,3046.66,3053.33,79000,3053.33,3.0
2017/12/11,3016.66,3060.0,2873.33,2940.0,59300,2940,3.0
2017/12/12,2966.66,3133.33,2966.66,3033.33,55100,3033.33,3.0
2017/12/13,3050.0,3190.0,3020.0,3190.0,65600,3190,3.0
2017/12/14,3280.0,3400.0,3173.33,3223.33,137700,3223.33,3.0
2017/12/15,3136.66,3156.66,3076.66,3083.33,27100,3083.33,3.0
2017/12/18,3073.33,3196.66,3073.33,3193.33,21300,3193.33,3.0
2017/12/19,3223.33,3240.0,3083.33,3166.66,18100,3166.66,3.0
2017/12/20,3166.66,3326.66,3133.33,3326.66,35700,3326.66,3.0
2017/12/21,3433.33,3560.0,3336.66,3550.0,97400,3550,3.0
2017/12/22,3650.0,4360.0,3626.66,4093.33,452400,4093.33,3.0
2017/12/25,4353.33,5093.33,4350.0,5093.33,442400,5093.33,3.0
2017/12/26,5899.99,6046.66,5266.66,5603.33,606101,5603.33,3.0
2017/12/27,5799.99,6203.33,5713.33,5853.33,388700,5853.33,3.0
2017/12/28,5853.33,6166.66,4766.66,5266.66,331800,5266.66,3.0
2017/12/29,5399.99,5566.66,4936.66,5183.33,181100,5183.33,3.0
2018/01/04,5133.33,5139.99,4883.33,5073.33,71700,5073.33,3.0
2018/01/05,4996.66,5000.0,4783.33,4833.33,43000,4833.33,3.0
2018/01/09,4883.33,4883.33,4406.66,4450.0,65800,4450,3.0
2018/01/10,4460.0,4733.33,4336.66,4583.33,86800,4583.33,3.0
2018/01/11,4463.33,4780.0,4373.33,4766.66,62600,4766.66,3.0
2018/01/12,4620.0,4783.33,4436.66,4476.66,80400,4476.66,3.0
2018/01/15,4476.66,4546.66,4383.33,4393.33,28000,4393.33,3.0
2018/01/16,4340.0,4363.33,4290.0,4296.66,25300,4296.66,3.0
2018/01/17,4273.33,4500.0,4200.0,4460.0,45300,4460,3.0
2018/01/18,4516.66,4583.33,4276.66,4283.33,47200,4283.33,3.0
2018/01/19,4916.66,5156.66,4783.33,4893.33,398400,4893.33,3.0
2018/01/22,4943.33,4943.33,4636.66,4683.33,58500,4683.33,3.0
2018/01/23,4760.0,4850.0,4700.0,4820.0,34800,4820,3.0
2018/01/24,4820.0,4966.66,4766.66,4913.33,37200,4913.33,3.0
2018/01/25,4930.0,5199.99,4846.66,5000.0,82600,5000,3.0
2018/01/26,5009.99,5089.99,4916.66,4950.0,32100,4950,3.0
2018/01/29,4933.33,4953.33,4770.0,4820.0,21000,4820,3.0
2018/01/30,4803.33,4803.33,4726.66,4743.33,12000,4743.33,3.0
2018/01/31,4666.66,4766.66,4610.0,4733.33,8400,4733.33,3.0
2018/02/01,4806.66,4806.66,4610.0,4720.0,10300,4720,3.0
2018/02/02,4666.66,4666.66,4603.33,4630.0,6400,4630,3.0
2018/02/05,4473.33,4616.66,4370.0,4433.33,12300,4433.33,3.0
2018/02/06,3926.66,4063.33,3736.66,3900.0,31800,3900,3.0
2018/02/07,4200.0,4336.66,3943.33,3943.33,15000,3943.33,3.0
2018/02/08,4043.33,4163.33,4033.33,4163.33,9600,4163.33,3.0
2018/02/09,3733.33,4253.33,3733.33,4183.33,12600,4183.33,3.0
2018/02/13,4383.33,4393.33,4030.0,4113.33,9500,4113.33,3.0
2018/02/14,4213.33,4213.33,4066.66,4140.0,8700,4140,3.0
2018/02/15,4150.0,4310.0,4150.0,4233.33,4100,4233.33,3.0
2018/02/16,4363.33,4533.33,4333.33,4533.33,14700,4533.33,3.0
2018/02/19,4706.66,4800.0,4676.66,4800.0,14300,4800,3.0
2018/02/20,4833.33,4916.66,4733.33,4760.0,13000,4760,3.0
2018/02/21,4833.33,4833.33,4760.0,4776.66,7600,4776.66,3.0
2018/02/22,4700.0,4800.0,4620.0,4653.33,10300,4653.33,3.0
2018/02/23,4666.66,4700.0,4590.0,4623.33,8800,4623.33,3.0
2018/02/26,4530,4635,4500,4510,17900,4510,1
2018/02/27,4580,4580,4310,4350,29200,4350,1
2018/02/28,4300,4300,4200,4290,26300,4290,1
2018/03/01,4205,4205,4080,4120,27900,4120,1
2018/03/02,3980,4085,3955,4085,23600,4085,1
2018/03/05,4015,4085,3775,3835,24600,3835,1
2018/03/06,3890,4080,3890,4050,15400,4050,1
2018/03/07,4000,4040,3815,3855,15300,3855,1
2018/03/08,3905,4000,3840,4000,13300,4000,1
2018/03/09,4085,4110,3970,4020,17900,4020,1
2018/03/12,4035,4175,4035,4115,14000,4115,1
2018/03/13,4075,4145,4050,4055,10200,4055,1
2018/03/14,4055,4100,4005,4050,10600,4050,1
2018/03/15,4045,4045,3910,3970,10000,3970,1
2018/03/16,3985,4060,3905,3935,8900,3935,1
2018/03/19,3900,3900,3620,3810,20400,3810,1
2018/03/20,3635,3745,3600,3700,9800,3700,1
2018/03/22,3645,3735,3620,3640,13300,3640,1
2018/03/23,3550,3550,3450,3455,19900,3455,1
2018/03/26,3335,3335,3175,3305,34500,3305,1
2018/03/27,3345,3425,3345,3400,13700,3400,1
2018/03/28,3345,3485,3335,3465,9400,3465,1
2018/03/29,3470,3615,3470,3555,7700,3555,1
2018/03/30,3530,3765,3460,3765,15900,3765,1
2018/04/02,3820,3895,3755,3830,18900,3830,1
2018/04/03,3760,3815,3700,3740,9600,3740,1
2018/04/04,3810,3820,3730,3780,8500,3780,1
2018/04/05,3780,3980,3740,3935,21800,3935,1
2018/04/06,3955,4115,3895,4080,50200,4080,1
2018/04/09,3380,3380,3380,3380,5700,3380,1
2018/04/10,2960,3025,2917,2940,146500,2940,1
2018/04/11,2944,2989,2755,2789,52600,2789,1
2018/04/12,2742,2755,2604,2625,49700,2625,1
2018/04/13,2625,2685,2528,2559,29200,2559,1
2018/04/16,2556,2556,2422,2454,30500,2454,1
2018/04/17,2420,2442,2312,2321,38500,2321,1
2018/04/18,2340,2748,2340,2632,66300,2632,1
2018/04/19,2582,2689,2532,2625,27200,2625,1
2018/04/20,2650,2776,2631,2672,18900,2672,1
2018/04/23,2731,2731,2675,2727,11200,2727,1
2018/04/24,2777,2799,2701,2750,12700,2750,1
2018/04/25,2704,2747,2702,2707,7100,2707,1
2018/04/26,2725,2725,2680,2682,6400,2682,1
2018/04/27,2699,2699,2579,2601,13200,2601,1
2018/05/01,2600,2605,2540,2555,9200,2555,1
2018/05/02,2542,2560,2542,2548,2800,2548,1
2018/05/07,2586,2586,2536,2537,3000,2537,1
2018/05/08,2537,2617,2537,2567,4000,2567,1
2018/05/09,2593,2593,2550,2553,2700,2553,1
2018/05/10,2568,2582,2513,2513,6100,2513,1
2018/05/11,2514,2527,2500,2511,4300,2511,1
2018/05/14,2511,2524,2501,2506,3700,2506,1
2018/05/15,2500,2506,2487,2487,9100,2487,1
2018/05/16,2457,2499,2448,2471,9800,2471,1
2018/05/17,2461,2467,2443,2465,5000,2465,1
2018/05/18,2465,2469,2445,2451,4600,2451,1
2018/05/21,2455,2537,2450,2491,6200,2491,1
2018/05/22,2841,2991,2805,2991,125300,2991,1
2018/05/23,3155,3190,2825,2910,198800,2910,1
2018/05/24,2920,2920,2760,2773,23000,2773,1
2018/05/25,2710,2740,2631,2651,20900,2651,1
2018/05/28,2700,2716,2655,2681,7200,2681,1
2018/05/29,2709,2709,2571,2571,12200,2571,1
2018/05/30,2538,2575,2500,2562,9300,2562,1
2018/05/31,2583,2605,2501,2515,6800,2515,1
2018/06/01,2516,2533,2500,2502,3700,2502,1
2018/06/04,2505,2510,2466,2477,4600,2477,1
2018/06/05,2475,2478,2402,2404,9100,2404,1
2018/06/06,2404,2419,2384,2405,5700,2405,1
2018/06/07,2499,2499,2404,2443,4900,2443,1
2018/06/08,2443,2468,2419,2437,1300,2437,1
2018/06/11,2431,2469,2412,2413,3700,2413,1
2018/06/12,2413,2440,2406,2425,7200,2425,1
2018/06/13,2431,2453,2421,2453,4700,2453,1
2018/06/14,2461,2497,2455,2457,2800,2457,1
2018/06/15,2457,2457,2435,2435,2200,2435,1
2018/06/18,2439,2440,2406,2415,4400,2415,1
2018/06/19,2410,2410,2275,2299,14900,2299,1
2018/06/20,2207,2269,2120,2155,16600,2155,1
2018/06/21,2156,2185,2101,2102,12800,2102,1
2018/06/22,2100,2110,2050,2060,9300,2060,1
2018/06/25,2030,2030,1930,1931,24400,1931,1
2018/06/26,1850,1871,1800,1815,23900,1815,1
2018/06/27,1806,1920,1806,1901,13600,1901,1
2018/06/28,1822,2010,1822,1855,18100,1855,1
2018/06/29,1895,1940,1871,1937,6000,1937,1
2018/07/02,1980,2159,1961,2073,19500,2073,1
2018/07/03,2072,2154,2062,2124,13100,2124,1
2018/07/04,2131,2172,2079,2107,13300,2107,1
2018/07/05,2060,2099,1941,1984,9300,1984,1
2018/07/06,1880,1912,1852,1905,17000,1905,1
2018/07/09,1857,1889,1830,1845,7500,1845,1
2018/07/10,1820,1820,1790,1791,11300,1791,1
2018/07/11,1769,1793,1750,1777,6400,1777,1
2018/07/12,1763,1796,1742,1742,9600,1742,1
2018/07/13,1729,1730,1705,1705,12900,1705,1
2018/07/17,1705,1706,1651,1655,10900,1655,1
2018/07/18,1640,1640,1602,1619,14700,1619,1
2018/07/19,1610,1616,1601,1616,15100,1616,1
2018/07/20,1616,1686,1616,1686,7000,1686,1
2018/07/23,1698,1698,1647,1647,7100,1647,1
2018/07/24,1648,1648,1611,1634,7800,1634,1
2018/07/25,1630,1642,1616,1638,10000,1638,1
2018/07/26,1631,1670,1625,1668,4500,1668,1
2018/07/27,1653,1695,1653,1658,4300,1658,1
2018/07/30,1639,1671,1630,1641,12700,1641,1
2018/07/31,1625,1640,1570,1570,23300,1570,1
2018/08/01,1550,1576,1545,1548,13400,1548,1
2018/08/02,1549,1585,1532,1552,7500,1552,1
2018/08/03,1554,1554,1521,1524,9400,1524,1
2018/08/06,1515,1516,1465,1469,11800,1469,1
2018/08/07,1466,1466,1397,1407,17800,1407,1
2018/08/08,1385,1420,1380,1410,9000,1410,1
2018/08/09,1429,1439,1390,1428,16400,1428,1
2018/08/10,1420,1420,1390,1390,7000,1390,1
2018/08/13,1406,1415,1372,1375,3600,1375,1
2018/08/14,1388,1439,1375,1375,7300,1375,1
