2007/01/04,460,460,460,460,100,460,1
2007/01/05,460,460,460,460,2300,460,1
2007/01/09,457,458,457,458,600,458,1
2007/01/10,458,465,457,465,3000,465,1
2007/01/11,463,463,461,461,600,461,1
2007/01/12,460,463,460,463,1200,463,1
2007/01/15,461,461,457,457,300,457,1
2007/01/16,457,465,457,464,25700,464,1
2007/01/17,460,460,460,460,200,460,1
2007/01/18,460,465,460,465,500,465,1
2007/01/19,469,469,469,469,100,469,1
2007/01/22,469,470,469,470,400,470,1
2007/01/25,470,470,470,470,500,470,1
2007/01/26,479,479,465,467,2800,467,1
2007/01/29,472,473,465,465,1700,465,1
2007/01/30,463,463,461,461,1700,461,1
2007/01/31,462,469,462,469,200,469,1
2007/02/01,461,463,460,463,700,463,1
2007/02/02,466,466,460,460,700,460,1
2007/02/05,464,464,464,464,100,464,1
2007/02/06,461,461,460,460,1100,460,1
2007/02/07,460,465,458,465,3900,465,1
2007/02/08,460,465,460,465,600,465,1
2007/02/09,459,460,459,460,200,460,1
2007/02/13,460,463,460,460,4100,460,1
2007/02/14,459,460,456,456,1900,456,1
2007/02/15,444,444,444,444,1200,444,1
2007/02/16,450,450,450,450,700,450,1
2007/02/19,452,452,452,452,200,452,1
2007/02/20,450,450,450,450,500,450,1
2007/02/21,448,448,448,448,600,448,1
2007/02/22,448,456,448,456,1200,456,1
2007/02/23,450,455,450,452,1900,452,1
2007/02/26,454,457,454,457,3300,457,1
2007/02/27,459,459,453,453,1600,453,1
2007/02/28,453,453,448,448,900,448,1
2007/03/01,447,448,447,448,200,448,1
2007/03/02,448,448,448,448,100,448,1
2007/03/05,450,450,446,446,700,446,1
2007/03/06,446,446,446,446,700,446,1
2007/03/07,446,446,445,445,200,445,1
2007/03/09,444,444,443,443,300,443,1
2007/03/12,443,447,441,447,700,447,1
2007/03/13,444,444,444,444,100,444,1
2007/03/14,444,445,444,444,500,444,1
2007/03/15,445,446,444,444,300,444,1
2007/03/16,440,441,440,440,2500,440,1
2007/03/19,440,440,431,435,2700,435,1
2007/03/20,432,432,432,432,200,432,1
2007/03/22,432,433,430,430,3300,430,1
2007/03/23,430,432,430,432,2000,432,1
2007/03/26,435,445,434,445,700,445,1
2007/03/27,445,447,445,445,2600,445,1
2007/03/28,447,447,446,446,600,446,1
2007/03/29,447,447,447,447,100,447,1
2007/03/30,452,458,450,450,700,450,1
2007/04/03,450,450,450,450,100,450,1
2007/04/04,455,455,450,450,1100,450,1
2007/04/05,450,450,442,442,300,442,1
2007/04/09,445,450,445,450,500,450,1
2007/04/10,450,450,450,450,100,450,1
2007/04/11,450,451,450,451,300,451,1
2007/04/13,452,452,452,452,200,452,1
2007/04/16,452,452,450,450,400,450,1
2007/04/17,454,454,454,454,200,454,1
2007/04/18,450,450,450,450,500,450,1
2007/04/19,451,451,450,450,300,450,1
2007/04/20,455,455,453,453,1200,453,1
2007/04/23,457,457,457,457,300,457,1
2007/04/24,457,457,453,453,1600,453,1
2007/04/25,458,458,458,458,800,458,1
2007/04/26,455,460,455,460,500,460,1
2007/04/27,465,465,465,465,1300,465,1
2007/05/01,460,465,460,465,1200,465,1
2007/05/07,464,464,464,464,400,464,1
2007/05/08,460,460,460,460,200,460,1
2007/05/09,460,460,460,460,1100,460,1
2007/05/10,460,460,440,440,1200,440,1
2007/05/14,446,446,445,445,200,445,1
2007/05/15,440,442,439,439,1200,439,1
2007/05/16,445,445,445,445,100,445,1
2007/05/17,441,441,440,440,200,440,1
2007/05/18,440,440,440,440,100,440,1
2007/05/21,442,442,441,441,300,441,1
2007/05/22,441,448,441,448,3200,448,1
2007/05/23,443,450,443,450,200,450,1
2007/05/24,450,458,450,458,500,458,1
2007/05/25,460,460,460,460,3400,460,1
2007/05/28,460,462,460,462,400,462,1
2007/05/29,460,460,460,460,100,460,1
2007/05/30,442,442,442,442,100,442,1
2007/05/31,442,445,442,445,1500,445,1
2007/06/01,442,457,442,457,1200,457,1
2007/06/05,457,457,452,452,4200,452,1
2007/06/06,450,450,449,449,600,449,1
2007/06/07,449,449,449,449,200,449,1
2007/06/08,449,449,447,447,500,447,1
2007/06/11,445,445,445,445,2900,445,1
2007/06/12,445,445,444,444,200,444,1
2007/06/13,445,445,445,445,600,445,1
2007/06/14,445,445,445,445,100,445,1
2007/06/15,444,444,443,443,1200,443,1
2007/06/18,445,445,445,445,1100,445,1
2007/06/19,445,445,445,445,900,445,1
2007/06/20,445,445,445,445,2000,445,1
2007/06/21,450,452,450,452,400,452,1
2007/06/22,455,455,450,450,900,450,1
2007/06/25,450,451,450,451,1100,451,1
2007/06/26,451,456,451,456,2700,456,1
2007/06/27,456,456,451,455,2100,455,1
2007/06/28,457,457,457,457,700,457,1
2007/06/29,475,475,475,475,4200,475,1
2007/07/02,470,473,453,473,2800,473,1
2007/07/03,470,473,470,473,300,473,1
2007/07/04,470,470,470,470,1200,470,1
2007/07/05,462,470,461,470,1600,470,1
2007/07/06,469,470,469,470,1700,470,1
2007/07/09,470,470,470,470,300,470,1
2007/07/10,465,465,462,465,900,465,1
2007/07/11,465,465,460,460,700,460,1
2007/07/13,460,469,460,469,900,469,1
2007/07/18,465,465,465,465,100,465,1
2007/07/19,470,470,470,470,2000,470,1
2007/07/20,470,475,470,471,1300,471,1
2007/07/23,470,470,470,470,2200,470,1
2007/07/24,470,474,469,474,4100,474,1
2007/07/25,474,474,471,471,500,471,1
2007/07/26,471,474,450,473,4800,473,1
2007/07/27,453,463,453,454,4100,454,1
2007/07/30,455,465,455,465,2700,465,1
2007/07/31,474,474,461,461,1200,461,1
2007/08/03,470,475,469,475,1200,475,1
2007/08/06,475,475,465,465,1600,465,1
2007/08/07,473,474,465,473,500,473,1
2007/08/08,470,471,470,471,300,471,1
2007/08/09,472,472,466,466,3400,466,1
2007/08/10,470,470,466,469,2000,469,1
2007/08/13,470,475,470,471,1700,471,1
2007/08/14,466,470,465,470,10200,470,1
2007/08/15,430,440,426,426,6400,426,1
2007/08/16,423,428,422,428,2000,428,1
2007/08/17,429,431,425,425,1600,425,1
2007/08/20,420,425,420,425,1700,425,1
2007/08/21,430,435,430,431,800,431,1
2007/08/22,435,435,435,435,100,435,1
2007/08/23,435,435,430,431,600,431,1
2007/08/24,431,431,431,431,200,431,1
2007/08/27,435,445,435,444,2800,444,1
2007/08/28,431,431,431,431,100,431,1
2007/08/29,430,431,430,431,1000,431,1
2007/08/30,430,430,430,430,200,430,1
2007/08/31,427,427,427,427,200,427,1
2007/09/03,425,425,425,425,1000,425,1
2007/09/04,430,430,430,430,500,430,1
2007/09/05,426,426,426,426,500,426,1
2007/09/06,426,429,425,429,1100,429,1
2007/09/07,427,427,427,427,4000,427,1
2007/09/10,426,426,423,423,1500,423,1
2007/09/13,421,421,421,421,500,421,1
2007/09/14,420,420,420,420,200,420,1
2007/09/18,421,421,418,418,3900,418,1
2007/09/19,420,420,420,420,200,420,1
2007/09/20,420,420,415,415,1200,415,1
2007/09/21,410,415,410,415,300,415,1
2007/09/25,411,412,411,412,200,412,1
2007/09/26,412,425,412,425,300,425,1
2007/09/27,429,429,420,420,1800,420,1
2007/09/28,410,410,400,401,2000,401,1
2007/10/01,403,403,402,402,1400,402,1
2007/10/02,402,403,402,402,300,402,1
2007/10/03,402,402,402,402,100,402,1
2007/10/04,403,403,395,395,1200,395,1
2007/10/05,393,400,387,400,600,400,1
2007/10/09,419,419,419,419,1000,419,1
2007/10/10,395,395,395,395,1000,395,1
2007/10/11,400,400,400,400,4400,400,1
2007/10/12,409,410,387,390,8800,390,1
2007/10/15,400,400,377,377,5200,377,1
2007/10/16,392,400,387,400,2400,400,1
2007/10/17,395,395,386,386,200,386,1
2007/10/18,387,396,387,396,200,396,1
2007/10/19,388,398,388,393,4600,393,1
2007/10/22,385,397,385,397,2100,397,1
2007/10/23,392,392,392,392,700,392,1
2007/10/24,392,397,392,392,1900,392,1
2007/10/25,396,397,396,397,300,397,1
2007/10/26,400,400,400,400,1500,400,1
2007/10/29,396,396,395,395,300,395,1
2007/10/30,395,395,395,395,100,395,1
2007/10/31,390,392,390,392,3000,392,1
2007/11/01,391,391,389,389,1000,389,1
2007/11/02,389,389,389,389,100,389,1
2007/11/05,380,380,380,380,1200,380,1
2007/11/06,380,380,380,380,100,380,1
2007/11/07,385,389,385,385,800,385,1
2007/11/08,388,389,388,389,300,389,1
2007/11/09,385,385,385,385,100,385,1
2007/11/12,380,380,380,380,100,380,1
2007/11/13,380,381,380,381,500,381,1
2007/11/14,384,384,376,376,700,376,1
2007/11/15,377,378,377,377,4400,377,1
2007/11/16,375,376,375,376,1100,376,1
2007/11/19,370,371,370,371,200,371,1
2007/11/20,371,371,370,370,200,370,1
2007/11/21,370,375,370,375,700,375,1
2007/11/22,372,372,371,372,2100,372,1
2007/11/26,397,397,376,382,2100,382,1
2007/11/27,388,388,382,387,2700,387,1
2007/11/28,380,380,380,380,200,380,1
2007/11/29,379,379,378,378,400,378,1
2007/11/30,377,377,377,377,100,377,1
2007/12/03,377,377,377,377,1300,377,1
2007/12/04,380,380,375,375,300,375,1
2007/12/05,375,378,375,375,1200,375,1
2007/12/06,372,384,372,384,400,384,1
2007/12/07,422,422,400,400,7200,400,1
2007/12/10,400,400,400,400,200,400,1
2007/12/11,386,386,386,386,1100,386,1
2007/12/13,393,393,393,393,100,393,1
2007/12/17,388,393,388,393,200,393,1
2007/12/19,389,389,369,370,3000,370,1
2007/12/20,362,371,362,371,1300,371,1
2007/12/21,365,365,363,364,1600,364,1
2007/12/25,368,370,366,368,3900,368,1
2007/12/26,371,379,371,371,600,371,1
2007/12/27,388,388,376,380,2600,380,1
2007/12/28,380,380,370,372,1100,372,1
2008/01/04,370,370,370,370,1000,370,1
2008/01/07,368,370,355,355,4900,355,1
2008/01/08,358,358,352,352,2400,352,1
2008/01/09,380,380,380,380,500,380,1
2008/01/10,355,355,355,355,1000,355,1
2008/01/11,360,365,355,356,900,356,1
2008/01/15,360,360,356,360,600,360,1
2008/01/16,348,358,348,353,500,353,1
2008/01/17,333,356,306,316,2700,316,1
2008/01/18,321,321,320,320,1300,320,1
2008/01/21,326,326,321,321,1200,321,1
2008/01/22,331,331,306,319,1900,319,1
2008/01/23,319,345,319,345,2100,345,1
2008/01/24,344,344,344,344,100,344,1
2008/01/25,357,367,357,367,1900,367,1
2008/01/30,360,360,355,355,300,355,1
2008/01/31,364,365,364,365,300,365,1
2008/02/05,330,360,330,360,2200,360,1
2008/02/06,335,335,335,335,500,335,1
2008/02/07,338,338,338,338,5000,338,1
2008/02/08,339,339,339,339,200,339,1
2008/02/12,338,338,330,330,300,330,1
2008/02/18,327,338,327,331,300,331,1
2008/02/19,323,323,323,323,200,323,1
2008/02/20,323,335,323,335,900,335,1
2008/02/22,330,335,330,335,400,335,1
2008/02/25,335,339,335,339,300,339,1
2008/02/26,337,337,336,336,800,336,1
2008/02/27,340,340,340,340,2300,340,1
2008/02/28,332,332,330,330,2200,330,1
2008/02/29,330,330,330,330,300,330,1
2008/03/06,330,331,330,331,300,331,1
2008/03/10,330,330,330,330,100,330,1
2008/03/14,330,330,330,330,100,330,1
2008/03/18,320,320,320,320,200,320,1
2008/03/19,321,321,321,321,100,321,1
2008/03/24,321,321,321,321,1000,321,1
2008/03/25,335,335,335,335,300,335,1
2008/03/26,331,335,331,335,400,335,1
2008/03/27,335,339,335,339,2000,339,1
2008/03/28,339,339,339,339,200,339,1
2008/03/31,340,340,331,340,1600,340,1
2008/04/01,332,340,332,340,200,340,1
2008/04/02,339,340,339,340,1100,340,1
2008/04/04,334,340,334,340,1000,340,1
2008/04/07,340,340,331,331,300,331,1
2008/04/08,327,337,326,330,1400,330,1
2008/04/09,330,338,330,338,300,338,1
2008/04/11,330,330,330,330,1400,330,1
2008/04/14,330,330,330,330,1200,330,1
2008/04/15,322,322,321,321,300,321,1
2008/04/16,322,322,322,322,1100,322,1
2008/04/17,332,332,332,332,200,332,1
2008/04/18,330,330,330,330,1000,330,1
2008/04/22,330,330,330,330,100,330,1
2008/04/23,331,331,331,331,100,331,1
2008/04/24,338,338,332,332,900,332,1
2008/04/25,340,340,340,340,1800,340,1
2008/04/28,339,339,339,339,100,339,1
2008/04/30,336,340,335,335,400,335,1
2008/05/02,335,335,330,330,2000,330,1
2008/05/07,330,330,330,330,100,330,1
2008/05/08,332,332,325,327,2400,327,1
2008/05/09,330,330,327,327,1000,327,1
2008/05/12,334,340,334,339,2100,339,1
2008/05/14,339,339,336,339,700,339,1
2008/05/15,339,339,339,339,700,339,1
2008/05/19,340,340,340,340,1200,340,1
2008/05/20,339,340,335,340,1900,340,1
2008/05/22,340,341,340,341,1000,341,1
2008/05/26,341,341,330,339,1600,339,1
2008/05/27,342,342,342,342,4800,342,1
2008/05/29,340,340,339,339,200,339,1
2008/06/02,337,337,337,337,200,337,1
2008/06/04,330,330,330,330,1000,330,1
2008/06/09,340,340,337,337,1100,337,1
2008/06/10,335,335,335,335,2000,335,1
2008/06/13,335,335,335,335,1000,335,1
2008/06/16,336,336,336,336,100,336,1
2008/06/18,340,340,340,340,1700,340,1
2008/06/19,340,340,340,340,800,340,1
2008/06/20,340,342,340,342,1900,342,1
2008/06/23,345,346,345,345,1900,345,1
2008/06/24,345,345,343,344,4600,344,1
2008/06/25,346,346,345,345,3100,345,1
2008/06/26,350,350,350,350,300,350,1
2008/06/27,366,375,366,375,7000,375,1
2008/06/30,365,369,361,365,2500,365,1
2008/07/01,375,375,370,370,300,370,1
2008/07/02,363,363,362,362,600,362,1
2008/07/03,363,366,363,366,400,366,1
2008/07/07,365,365,361,361,200,361,1
2008/07/08,361,361,360,361,1700,361,1
2008/07/09,361,361,361,361,200,361,1
2008/07/10,354,361,354,361,300,361,1
2008/07/11,361,364,361,364,1100,364,1
2008/07/14,364,365,364,364,600,364,1
2008/07/16,364,364,364,364,200,364,1
2008/07/17,364,369,364,369,2000,369,1
2008/07/22,370,370,365,365,700,365,1
2008/07/23,365,380,365,380,1300,380,1
2008/07/24,384,390,384,390,700,390,1
2008/07/25,364,379,364,370,2500,370,1
2008/07/28,370,380,370,380,1000,380,1
2008/07/30,380,380,375,375,500,375,1
2008/07/31,375,375,375,375,200,375,1
2008/08/01,385,389,385,389,2200,389,1
2008/08/04,385,385,370,370,1300,370,1
2008/08/05,380,390,380,390,1200,390,1
2008/08/06,390,390,390,390,100,390,1
2008/08/07,389,389,364,378,1700,378,1
2008/08/08,381,387,381,385,1800,385,1
2008/08/11,384,385,382,382,1200,382,1
2008/08/12,385,389,381,381,2500,381,1
2008/08/13,387,387,381,385,1500,385,1
2008/08/14,385,387,384,387,2100,387,1
2008/08/15,327,345,327,337,3500,337,1
2008/08/18,342,342,337,342,400,342,1
2008/08/19,342,345,340,340,500,340,1
2008/08/20,347,349,347,348,1200,348,1
2008/08/22,349,349,348,348,600,348,1
2008/08/25,348,348,335,337,3300,337,1
2008/08/26,337,344,337,344,300,344,1
2008/08/27,335,339,330,339,1800,339,1
2008/08/28,333,337,333,337,300,337,1
2008/09/01,333,333,300,306,1400,306,1
2008/09/02,310,310,300,300,1100,300,1
2008/09/03,302,315,290,291,6700,291,1
2008/09/05,292,292,292,292,1000,292,1
2008/09/09,295,295,295,295,100,295,1
2008/09/11,296,296,296,296,200,296,1
2008/09/16,297,297,297,297,500,297,1
2008/09/18,297,297,297,297,100,297,1
2008/09/19,300,309,300,309,200,309,1
2008/09/22,297,310,297,310,500,310,1
2008/09/24,306,306,306,306,500,306,1
2008/09/26,337,337,337,337,1600,337,1
2008/09/30,333,333,333,333,200,333,1
2008/10/02,302,302,301,301,1200,301,1
2008/10/03,301,301,301,301,100,301,1
2008/10/06,302,302,301,301,2400,301,1
2008/10/07,300,302,300,302,6500,302,1
2008/10/08,300,300,300,300,2500,300,1
2008/10/09,297,303,297,300,2200,300,1
2008/10/10,298,300,298,300,500,300,1
2008/10/14,301,306,301,305,400,305,1
2008/10/17,300,300,300,300,100,300,1
2008/10/22,300,305,300,305,500,305,1
2008/10/24,307,311,307,311,500,311,1
2008/10/27,316,320,316,320,1600,320,1
2008/10/28,314,315,295,315,4900,315,1
2008/10/30,295,297,295,297,1200,297,1
2008/10/31,296,306,296,306,200,306,1
2008/11/04,297,297,297,297,300,297,1
2008/11/05,300,300,300,300,200,300,1
2008/11/06,301,301,300,300,200,300,1
2008/11/07,300,300,300,300,100,300,1
2008/11/10,300,300,300,300,1000,300,1
2008/11/11,300,300,300,300,400,300,1
2008/11/12,301,301,300,300,1000,300,1
2008/11/13,301,301,301,301,100,301,1
2008/11/14,300,300,300,300,1300,300,1
2008/11/18,300,300,300,300,200,300,1
2008/11/19,301,301,301,301,100,301,1
2008/11/20,301,302,301,302,500,302,1
2008/11/21,304,305,304,305,800,305,1
2008/11/25,306,308,286,286,2400,286,1
2008/11/26,303,315,303,315,400,315,1
2008/11/27,319,319,318,318,2000,318,1
2008/12/01,306,306,306,306,100,306,1
2008/12/02,308,308,308,308,300,308,1
2008/12/04,313,318,313,318,1200,318,1
2008/12/05,318,318,318,318,8500,318,1
2008/12/12,318,318,310,310,1000,310,1
2008/12/17,305,305,305,305,1200,305,1
2008/12/18,305,305,303,303,800,303,1
2008/12/19,300,300,300,300,1000,300,1
2008/12/25,301,309,301,309,800,309,1
2008/12/26,310,310,305,305,1800,305,1
2009/01/06,303,303,297,297,1200,297,1
2009/01/07,298,298,286,286,2600,286,1
2009/01/08,300,300,300,300,100,300,1
2009/01/14,300,300,300,300,100,300,1
2009/01/16,300,300,300,300,100,300,1
2009/01/22,301,301,301,301,100,301,1
2009/01/23,301,308,301,308,500,308,1
2009/01/26,310,310,310,310,100,310,1
2009/01/27,310,310,309,310,2200,310,1
2009/01/28,300,300,300,300,300,300,1
2009/01/30,303,303,303,303,100,303,1
2009/02/02,288,288,288,288,1000,288,1
2009/02/10,291,291,291,291,100,291,1
2009/02/12,291,310,291,310,1100,310,1
2009/02/18,285,285,285,285,400,285,1
2009/02/23,287,288,287,287,300,287,1
2009/02/24,287,287,287,287,500,287,1
2009/02/26,290,309,290,309,1400,309,1
2009/02/27,310,310,310,310,1800,310,1
2009/03/02,297,297,297,297,100,297,1
2009/03/03,295,295,295,295,1000,295,1
2009/03/04,298,298,298,298,200,298,1
2009/03/05,288,288,287,287,600,287,1
2009/03/10,286,286,286,286,500,286,1
2009/03/11,293,293,293,293,100,293,1
2009/03/17,290,290,290,290,100,290,1
2009/03/18,290,290,290,290,100,290,1
2009/03/24,285,285,275,275,800,275,1
2009/03/25,278,279,278,279,200,279,1
2009/03/26,285,285,285,285,1300,285,1
2009/03/27,285,285,285,285,2000,285,1
2009/03/30,285,285,280,280,700,280,1
2009/04/01,285,285,285,285,100,285,1
2009/04/02,280,285,280,285,3600,285,1
2009/04/03,280,285,280,285,1400,285,1
2009/04/06,260,260,260,260,1000,260,1
2009/04/07,270,270,270,270,1500,270,1
2009/04/08,267,267,267,267,1000,267,1
2009/04/09,268,268,250,254,8400,254,1
2009/04/13,260,260,260,260,500,260,1
2009/04/17,267,267,267,267,700,267,1
2009/04/20,265,265,265,265,100,265,1
2009/04/21,265,265,260,260,2300,260,1
2009/04/22,260,260,260,260,100,260,1
2009/04/23,260,260,260,260,200,260,1
2009/04/24,262,264,261,261,600,261,1
2009/04/27,287,287,275,275,1900,275,1
2009/04/30,260,260,260,260,1000,260,1
2009/05/01,263,265,263,265,300,265,1
2009/05/07,264,264,264,264,100,264,1
2009/05/11,265,265,264,264,2300,264,1
2009/05/12,264,264,264,264,1000,264,1
2009/05/13,264,265,260,260,4600,260,1
2009/05/15,263,263,262,262,1200,262,1
2009/05/18,275,275,275,275,100,275,1
2009/05/26,270,272,270,272,2100,272,1
2009/05/27,277,300,277,280,5800,280,1
2009/05/29,275,275,266,266,1000,266,1
2009/06/02,279,279,279,279,300,279,1
2009/06/03,280,289,280,289,400,289,1
2009/06/04,304,305,304,305,1100,305,1
2009/06/05,281,281,281,281,700,281,1
2009/06/08,296,296,282,282,200,282,1
2009/06/09,290,290,290,290,100,290,1
2009/06/10,295,295,290,290,600,290,1
2009/06/11,290,290,290,290,1000,290,1
2009/06/12,295,295,295,295,4000,295,1
2009/06/15,300,306,300,306,1900,306,1
2009/06/16,306,306,300,300,1100,300,1
2009/06/17,302,302,300,300,1100,300,1
2009/06/18,300,300,299,300,3100,300,1
2009/06/19,307,307,301,301,200,301,1
2009/06/22,309,309,309,309,100,309,1
2009/06/23,305,305,305,305,100,305,1
2009/06/24,307,316,307,316,2500,316,1
2009/06/25,315,316,315,316,500,316,1
2009/06/26,321,336,320,335,6700,335,1
2009/06/29,335,335,330,335,800,335,1
2009/06/30,330,330,320,329,2200,329,1
2009/07/01,351,351,348,349,1500,349,1
2009/07/02,348,348,337,337,200,337,1
2009/07/03,337,337,337,337,100,337,1
2009/07/06,337,337,337,337,100,337,1
2009/07/07,337,337,337,337,2000,337,1
2009/07/08,335,335,330,330,500,330,1
2009/07/09,325,325,325,325,1100,325,1
2009/07/13,329,329,329,329,100,329,1
2009/07/14,320,320,320,320,4100,320,1
2009/07/15,320,320,320,320,1100,320,1
2009/07/17,328,330,328,330,1100,330,1
2009/07/21,320,320,319,319,5600,319,1
2009/07/22,330,331,330,331,3000,331,1
2009/07/23,329,329,329,329,100,329,1
2009/07/24,330,346,330,346,3600,346,1
2009/07/27,350,350,349,350,1600,350,1
2009/07/28,350,361,350,361,1400,361,1
2009/07/29,361,362,361,361,2200,361,1
2009/07/30,362,364,360,362,1700,362,1
2009/07/31,363,363,360,360,500,360,1
2009/08/03,362,362,362,362,2700,362,1
2009/08/04,364,364,363,363,600,363,1
2009/08/05,363,364,363,364,600,364,1
2009/08/06,366,367,366,367,2300,367,1
2009/08/07,368,371,364,364,1700,364,1
2009/08/10,370,372,366,372,1600,372,1
2009/08/11,373,379,373,377,1500,377,1
2009/08/12,379,379,377,377,1600,377,1
2009/08/13,378,380,374,374,11300,374,1
2009/08/14,375,390,375,390,7200,390,1
2009/08/17,324,340,319,331,13900,331,1
2009/08/18,331,335,330,330,4500,330,1
2009/08/19,335,340,335,340,1200,340,1
2009/08/20,340,340,328,328,800,328,1
2009/08/21,328,328,321,321,1000,321,1
2009/08/24,331,336,321,334,3400,334,1
2009/08/25,334,334,331,331,2400,331,1
2009/08/26,331,333,328,330,500,330,1
2009/08/27,335,335,327,327,2500,327,1
2009/08/28,322,322,322,322,100,322,1
2009/08/31,323,323,323,323,100,323,1
2009/09/01,322,322,322,322,400,322,1
2009/09/02,321,321,321,321,200,321,1
2009/09/03,320,320,320,320,1200,320,1
2009/09/04,320,320,320,320,200,320,1
2009/09/07,320,320,320,320,300,320,1
2009/09/08,320,320,320,320,400,320,1
2009/09/11,325,325,325,325,100,325,1
2009/09/14,320,320,311,311,1400,311,1
2009/09/15,313,313,310,310,500,310,1
2009/09/16,311,311,310,310,1000,310,1
2009/09/17,312,312,300,300,1600,300,1
2009/09/18,304,304,300,300,1100,300,1
2009/09/25,315,316,301,301,1600,301,1
2009/09/28,301,301,301,301,100,301,1
2009/10/02,300,300,295,295,1000,295,1
2009/10/05,294,294,293,293,400,293,1
2009/10/06,293,293,293,293,700,293,1
2009/10/14,294,294,294,294,100,294,1
2009/10/15,295,295,295,295,100,295,1
2009/10/20,297,311,297,311,1200,311,1
2009/10/22,296,296,296,296,1000,296,1
2009/10/26,301,301,301,301,100,301,1
2009/10/27,310,310,310,310,1600,310,1
2009/10/28,300,300,296,296,200,296,1
2009/11/04,296,296,291,291,1600,291,1
2009/11/12,292,292,290,290,500,290,1
2009/11/13,290,290,290,290,1300,290,1
2009/11/16,290,290,280,280,1800,280,1
2009/11/17,281,281,280,280,700,280,1
2009/11/18,281,281,281,281,100,281,1
2009/11/19,282,290,282,290,200,290,1
2009/11/24,305,305,305,305,1200,305,1
2009/11/26,308,308,308,308,500,308,1
2009/11/27,310,310,310,310,1600,310,1
2009/12/01,310,310,310,310,100,310,1
2009/12/02,310,310,310,310,400,310,1
2009/12/03,310,319,310,315,2900,315,1
2009/12/04,346,346,304,304,6800,304,1
2009/12/07,299,299,299,299,100,299,1
2009/12/11,284,284,284,284,400,284,1
2009/12/14,283,290,283,290,200,290,1
2009/12/17,299,299,299,299,700,299,1
2009/12/18,299,299,290,290,1300,290,1
2009/12/22,299,299,290,290,200,290,1
2009/12/24,293,300,293,299,400,299,1
2009/12/25,314,314,284,284,2800,284,1
2009/12/28,289,289,289,289,1000,289,1
2010/01/07,290,290,290,290,100,290,1
2010/01/13,310,310,310,310,1000,310,1
2010/01/14,305,305,305,305,100,305,1
2010/01/22,305,305,305,305,100,305,1
2010/01/25,305,305,305,305,200,305,1
2010/01/26,308,308,308,308,100,308,1
2010/01/27,310,310,298,298,1800,298,1
2010/01/29,300,300,300,300,1000,300,1
2010/02/03,300,301,300,301,300,301,1
2010/02/05,298,298,290,290,2500,290,1
2010/02/08,294,294,294,294,100,294,1
2010/02/15,294,294,294,294,100,294,1
2010/02/17,292,292,292,292,100,292,1
2010/02/18,293,293,293,293,700,293,1
2010/02/23,293,293,293,293,100,293,1
2010/02/24,293,293,292,293,1200,293,1
2010/02/25,293,293,293,293,700,293,1
2010/02/26,285,293,285,293,2100,293,1
2010/03/01,285,285,285,285,1000,285,1
2010/03/02,286,286,286,286,100,286,1
2010/03/11,290,290,290,290,100,290,1
2010/03/15,290,290,290,290,200,290,1
2010/03/16,290,290,290,290,100,290,1
2010/03/17,298,298,298,298,100,298,1
2010/03/18,296,296,288,290,1200,290,1
2010/03/19,294,294,294,294,300,294,1
2010/03/24,299,299,293,293,200,293,1
2010/03/25,295,295,294,295,1600,295,1
2010/03/26,303,303,303,303,1600,303,1
2010/03/29,295,295,290,290,2100,290,1
2010/03/30,290,311,285,311,1900,311,1
2010/04/01,301,301,301,301,100,301,1
2010/04/05,295,295,295,295,800,295,1
2010/04/06,295,295,294,295,2400,295,1
2010/04/07,290,295,290,295,5000,295,1
2010/04/08,295,295,295,295,2500,295,1
2010/04/09,295,298,295,298,1100,298,1
2010/04/13,299,299,299,299,100,299,1
2010/04/14,300,300,300,300,3300,300,1
2010/04/15,308,322,300,322,1200,322,1
2010/04/20,319,319,319,319,100,319,1
2010/04/21,308,311,308,311,500,311,1
2010/04/22,310,312,310,312,200,312,1
2010/04/23,320,320,307,311,1500,311,1
2010/04/26,312,320,312,320,400,320,1
2010/04/27,321,321,310,310,2000,310,1
2010/04/30,320,320,315,315,500,315,1
2010/05/07,310,311,300,300,3500,300,1
2010/05/10,308,308,301,302,300,302,1
2010/05/11,310,310,300,300,3100,300,1
2010/05/12,309,309,309,309,100,309,1
2010/05/13,311,312,310,310,2300,310,1
2010/05/14,315,315,315,315,100,315,1
2010/05/18,308,308,308,308,100,308,1
2010/05/19,307,307,307,307,1000,307,1
2010/05/20,304,304,304,304,600,304,1
2010/05/21,300,314,300,314,3400,314,1
2010/05/24,306,306,306,306,100,306,1
2010/05/25,305,305,305,305,200,305,1
2010/05/26,311,311,311,311,700,311,1
2010/05/27,318,318,302,303,4400,303,1
2010/05/28,318,318,318,318,1000,318,1
2010/05/31,318,318,318,318,100,318,1
2010/06/01,318,318,318,318,100,318,1
2010/06/02,317,317,317,317,100,317,1
2010/06/07,303,303,303,303,100,303,1
2010/06/08,317,317,317,317,100,317,1
2010/06/11,314,314,314,314,100,314,1
2010/06/14,306,306,306,306,100,306,1
2010/06/16,312,312,312,312,200,312,1
2010/06/17,315,315,301,311,2200,311,1
2010/06/18,316,316,316,316,200,316,1
2010/06/21,320,320,320,320,1300,320,1
2010/06/22,321,322,321,322,1200,322,1
2010/06/23,324,324,324,324,500,324,1
2010/06/24,325,327,323,325,1800,325,1
2010/06/25,328,328,320,327,6200,327,1
2010/06/28,312,312,304,312,2500,312,1
2010/06/29,306,311,306,311,200,311,1
2010/06/30,314,314,310,310,800,310,1
2010/07/02,301,309,301,309,1100,309,1
2010/07/05,309,309,309,309,300,309,1
2010/07/06,310,310,309,309,200,309,1
2010/07/07,311,311,311,311,100,311,1
2010/07/13,310,310,310,310,100,310,1
2010/07/14,310,314,310,314,900,314,1
2010/07/15,319,325,319,325,1600,325,1
2010/07/16,317,317,315,315,1500,315,1
2010/07/20,311,311,303,303,1900,303,1
2010/07/23,310,310,310,310,300,310,1
2010/07/26,314,315,311,315,800,315,1
2010/07/27,318,320,312,312,1700,312,1
2010/07/30,312,312,312,312,100,312,1
2010/08/02,314,315,314,315,300,315,1
2010/08/03,314,315,314,315,3600,315,1
2010/08/04,317,322,317,322,1200,322,1
2010/08/05,314,325,314,324,2200,324,1
2010/08/06,324,324,316,316,2700,316,1
2010/08/09,318,319,318,319,1000,319,1
2010/08/10,321,321,300,318,2300,318,1
2010/08/12,318,318,318,318,1000,318,1
2010/08/13,309,318,309,318,2000,318,1
2010/08/16,318,320,305,314,3000,314,1
2010/08/17,308,308,300,300,3300,300,1
2010/08/18,288,306,288,294,3600,294,1
2010/08/19,290,302,290,302,200,302,1
2010/08/20,302,302,300,300,1200,300,1
2010/08/23,298,298,282,282,1200,282,1
2010/08/24,290,290,280,280,1100,280,1
2010/08/25,272,272,272,272,1100,272,1
2010/08/26,280,280,273,273,300,273,1
2010/08/27,289,289,289,289,1600,289,1
2010/08/31,286,286,286,286,100,286,1
2010/09/02,280,280,272,273,2300,273,1
2010/09/03,273,273,273,273,1200,273,1
2010/09/06,266,272,266,272,800,272,1
2010/09/07,268,269,268,269,700,269,1
2010/09/08,262,265,262,265,1500,265,1
2010/09/09,266,271,266,271,1100,271,1
2010/09/10,263,268,263,268,1600,268,1
2010/09/16,269,269,269,269,300,269,1
2010/09/17,276,276,264,264,800,264,1
2010/09/21,264,264,264,264,1000,264,1
2010/09/22,270,270,270,270,900,270,1
2010/09/24,262,270,262,270,2900,270,1
2010/09/27,278,278,276,276,1700,276,1
2010/09/28,266,266,265,265,300,265,1
2010/09/29,272,272,272,272,100,272,1
2010/09/30,269,270,269,270,1300,270,1
2010/10/01,270,274,264,274,3500,274,1
2010/10/04,267,267,267,267,100,267,1
2010/10/05,259,259,259,259,1400,259,1
2010/10/07,267,267,266,266,300,266,1
2010/10/08,258,262,258,262,1200,262,1
2010/10/15,255,255,255,255,1200,255,1
2010/10/18,255,255,255,255,200,255,1
2010/10/19,254,254,254,254,1000,254,1
2010/10/20,255,255,255,255,400,255,1
2010/10/21,254,254,254,254,100,254,1
2010/10/22,255,255,247,247,1600,247,1
2010/10/25,245,245,245,245,1400,245,1
2010/10/26,249,249,240,240,1600,240,1
2010/10/27,248,249,248,249,2900,249,1
2010/10/29,245,245,245,245,500,245,1
2010/11/01,240,240,240,240,600,240,1
2010/11/02,250,250,250,250,300,250,1
2010/11/04,240,250,240,250,1700,250,1
2010/11/10,258,262,258,262,300,262,1
2010/11/11,262,262,260,260,400,260,1
2010/11/12,260,260,257,257,1100,257,1
2010/11/16,258,258,258,258,100,258,1
2010/11/18,256,256,256,256,1000,256,1
2010/11/19,256,256,256,256,500,256,1
2010/11/22,257,265,257,265,2100,265,1
2010/11/24,265,266,265,266,1700,266,1
2010/11/25,270,270,269,270,1800,270,1
2010/11/26,275,275,260,260,3200,260,1
2010/11/30,266,275,266,275,2300,275,1
2010/12/01,277,278,277,278,700,278,1
2010/12/02,279,279,261,263,3600,263,1
2010/12/03,285,285,285,285,7300,285,1
2010/12/06,285,285,285,285,1000,285,1
2010/12/07,280,280,277,277,300,277,1
2010/12/08,284,284,284,284,100,284,1
2010/12/09,272,272,272,272,100,272,1
2010/12/13,278,278,278,278,200,278,1
2010/12/16,275,275,275,275,400,275,1
2010/12/17,285,285,285,285,1000,285,1
2010/12/21,271,274,271,274,2100,274,1
2010/12/22,271,271,271,271,1100,271,1
2010/12/24,273,275,273,275,300,275,1
2010/12/27,271,275,268,275,2300,275,1
2010/12/28,280,285,280,285,400,285,1
2010/12/30,277,277,274,277,400,277,1
2011/01/04,277,277,277,277,600,277,1
2011/01/05,277,277,277,277,1000,277,1
2011/01/06,285,285,285,285,100,285,1
2011/01/11,285,285,283,283,200,283,1
2011/01/12,282,284,276,284,2700,284,1
2011/01/14,284,285,284,284,700,284,1
2011/01/17,285,290,275,290,3200,290,1
2011/01/19,290,290,290,290,1300,290,1
2011/01/20,289,295,289,290,5700,290,1
2011/01/24,282,295,282,295,1400,295,1
2011/01/25,295,297,295,297,7400,297,1
2011/01/26,297,302,297,302,4500,302,1
2011/01/27,302,305,298,305,3200,305,1
2011/01/28,305,305,305,305,1100,305,1
2011/01/31,300,300,293,293,200,293,1
2011/02/01,305,305,305,305,600,305,1
2011/02/03,291,298,291,298,900,298,1
2011/02/07,298,298,298,298,100,298,1
2011/02/08,300,305,300,305,500,305,1
2011/02/10,306,306,302,302,2000,302,1
2011/02/14,303,303,303,303,500,303,1
2011/02/15,303,303,303,303,700,303,1
2011/02/16,302,302,289,289,500,289,1
2011/02/17,296,296,296,296,100,296,1
2011/02/21,300,302,300,300,400,300,1
2011/02/22,299,299,296,296,200,296,1
2011/02/23,300,300,300,300,400,300,1
2011/02/24,300,300,300,300,100,300,1
2011/02/25,300,300,300,300,1300,300,1
2011/02/28,300,300,300,300,200,300,1
2011/03/01,293,293,293,293,100,293,1
2011/03/02,298,298,298,298,100,298,1
2011/03/03,299,299,299,299,200,299,1
2011/03/04,299,300,299,300,1100,300,1
2011/03/07,305,305,305,305,3100,305,1
2011/03/08,298,298,298,298,200,298,1
2011/03/10,298,298,298,298,100,298,1
2011/03/11,321,321,305,315,1800,315,1
2011/03/14,256,265,256,265,2600,265,1
2011/03/15,267,270,240,241,2900,241,1
2011/03/16,241,251,241,251,400,251,1
2011/03/17,258,266,258,266,400,266,1
2011/03/18,270,270,270,270,300,270,1
2011/03/22,270,278,270,278,1300,278,1
2011/03/23,285,287,285,287,400,287,1
2011/03/24,285,285,285,285,200,285,1
2011/03/25,281,281,280,280,1500,280,1
2011/03/28,280,280,280,280,2100,280,1
2011/03/29,270,288,270,288,2200,288,1
2011/03/31,280,280,280,280,1000,280,1
2011/04/01,282,287,276,276,3100,276,1
2011/04/04,276,276,261,268,8200,268,1
2011/04/06,263,276,263,276,2500,276,1
2011/04/08,284,284,284,284,600,284,1
2011/04/14,276,276,276,276,200,276,1
2011/04/18,278,278,276,276,300,276,1
2011/04/19,268,276,268,276,2800,276,1
2011/04/20,276,276,276,276,300,276,1
2011/04/21,268,268,268,268,1000,268,1
2011/04/22,262,262,262,262,1000,262,1
2011/04/25,262,265,262,262,1200,262,1
2011/04/27,277,277,277,277,1500,277,1
2011/05/02,284,284,284,284,1100,284,1
2011/05/06,281,281,273,281,3000,281,1
2011/05/09,283,283,277,283,2600,283,1
2011/05/10,281,282,281,282,600,282,1
2011/05/16,282,282,278,278,1300,278,1
2011/05/17,277,280,245,245,7100,245,1
2011/05/20,275,275,273,273,1600,273,1
2011/05/23,277,278,277,278,1600,278,1
2011/05/24,284,285,280,280,1800,280,1
2011/05/25,284,288,282,288,500,288,1
2011/05/26,284,290,284,290,1900,290,1
2011/05/27,306,313,305,305,4100,305,1
2011/05/30,305,305,287,287,800,287,1
2011/05/31,300,300,299,299,200,299,1
2011/06/02,299,299,299,299,500,299,1
2011/06/03,299,299,299,299,200,299,1
2011/06/06,294,294,294,294,1600,294,1
2011/06/13,294,294,294,294,100,294,1
2011/06/17,300,300,300,300,100,300,1
2011/06/20,292,308,292,308,2800,308,1
2011/06/21,304,307,303,307,2400,307,1
2011/06/22,307,307,302,303,2600,303,1
2011/06/23,305,320,304,320,1300,320,1
2011/06/24,320,320,310,313,900,313,1
2011/06/27,297,300,297,299,7100,299,1
2011/06/29,315,315,315,315,1000,315,1
2011/06/30,308,308,308,308,1300,308,1
2011/07/01,304,304,304,304,1100,304,1
2011/07/04,304,305,304,305,2400,305,1
2011/07/05,303,308,303,308,2800,308,1
2011/07/06,300,305,300,305,2500,305,1
2011/07/07,301,308,301,308,1200,308,1
2011/07/08,303,303,300,301,1300,301,1
2011/07/11,298,299,298,299,6400,299,1
2011/07/12,300,310,300,310,3200,310,1
2011/07/13,313,313,311,311,600,311,1
2011/07/14,304,310,303,310,300,310,1
2011/07/15,306,309,306,309,1100,309,1
2011/07/19,301,312,299,302,11100,302,1
2011/07/20,300,300,300,300,3500,300,1
2011/07/21,300,300,300,300,1000,300,1
2011/07/22,300,300,300,300,1500,300,1
2011/07/25,306,306,306,306,400,306,1
2011/07/26,306,307,306,307,1300,307,1
2011/07/27,306,306,304,306,2600,306,1
2011/07/28,304,304,304,304,200,304,1
2011/07/29,305,306,305,305,700,305,1
2011/08/01,305,305,305,305,2300,305,1
2011/08/02,305,305,305,305,400,305,1
2011/08/03,305,305,298,298,4200,298,1
2011/08/04,305,305,305,305,300,305,1
2011/08/05,293,305,293,305,1400,305,1
2011/08/09,300,300,298,298,2200,298,1
2011/08/10,299,303,299,300,1300,300,1
2011/08/11,296,300,295,300,4200,300,1
2011/08/12,300,304,300,300,300,300,1
2011/08/15,300,305,300,305,2600,305,1
2011/08/16,300,305,295,304,6300,304,1
2011/08/17,270,283,267,280,11300,280,1
2011/08/18,280,283,280,283,700,283,1
2011/08/19,281,281,273,273,300,273,1
2011/08/22,272,280,266,266,1200,266,1
2011/08/24,270,290,270,281,2200,281,1
2011/08/25,273,280,273,280,1100,280,1
2011/08/26,287,287,280,280,2700,280,1
2011/08/29,278,278,254,268,2600,268,1
2011/08/30,268,272,266,272,2400,272,1
2011/09/01,269,269,268,268,200,268,1
2011/09/02,261,261,261,261,1000,261,1
2011/09/05,262,270,262,270,400,270,1
2011/09/06,261,261,261,261,1200,261,1
2011/09/07,260,261,260,261,2100,261,1
2011/09/08,265,265,260,260,1500,260,1
2011/09/12,260,260,260,260,200,260,1
2011/09/13,264,264,264,264,100,264,1
2011/09/14,257,260,257,260,200,260,1
2011/09/15,260,260,260,260,100,260,1
2011/09/16,261,261,261,261,200,261,1
2011/09/20,262,268,262,264,700,264,1
2011/09/21,270,270,270,270,400,270,1
2011/09/22,272,272,270,270,300,270,1
2011/09/26,268,270,268,270,1500,270,1
2011/09/27,269,269,261,261,2900,261,1
2011/09/28,264,264,264,264,200,264,1
2011/09/29,264,264,264,264,200,264,1
2011/09/30,264,264,264,264,200,264,1
2011/10/03,264,264,264,264,100,264,1
2011/10/05,263,264,263,264,1000,264,1
2011/10/06,265,268,261,268,500,268,1
2011/10/07,263,263,263,263,100,263,1
2011/10/13,263,263,263,263,100,263,1
2011/10/14,264,264,264,264,100,264,1
2011/10/17,265,265,261,261,600,261,1
2011/10/18,261,261,261,261,100,261,1
2011/10/21,261,261,261,261,500,261,1
2011/10/24,264,264,262,262,500,262,1
2011/10/25,264,264,264,264,1000,264,1
2011/10/26,266,266,266,266,200,266,1
2011/10/27,265,265,265,265,1600,265,1
2011/11/01,265,265,265,265,100,265,1
2011/11/02,265,265,265,265,100,265,1
2011/11/10,257,257,253,253,1100,253,1
2011/11/11,250,250,250,250,1000,250,1
2011/11/15,258,258,258,258,400,258,1
2011/11/16,258,258,258,258,200,258,1
2011/11/17,258,258,258,258,100,258,1
2011/11/18,255,255,255,255,1000,255,1
2011/11/21,263,263,256,256,600,256,1
2011/11/22,260,261,260,261,300,261,1
2011/11/25,268,268,264,267,1600,267,1
2011/11/28,267,271,267,271,2100,271,1
2011/11/29,271,271,271,271,300,271,1
2011/11/30,271,271,270,270,200,270,1
2011/12/01,270,273,270,273,1800,273,1
2011/12/02,300,300,298,298,7600,298,1
2011/12/05,270,270,270,270,100,270,1
2011/12/09,270,270,270,270,100,270,1
2011/12/12,267,267,267,267,300,267,1
2011/12/13,268,268,268,268,200,268,1
2011/12/14,270,270,268,268,200,268,1
2011/12/15,268,268,268,268,100,268,1
2011/12/16,268,275,268,275,300,275,1
2011/12/19,271,271,267,267,600,267,1
2011/12/21,271,271,271,271,100,271,1
2011/12/22,272,278,272,278,900,278,1
2011/12/26,264,271,264,264,2400,264,1
2011/12/27,271,271,271,271,1600,271,1
2011/12/28,264,272,264,272,2300,272,1
2012/01/04,272,272,272,272,200,272,1
2012/01/05,271,274,271,274,1200,274,1
2012/01/06,277,282,277,282,400,282,1
2012/01/12,273,273,273,273,200,273,1
2012/01/16,265,265,265,265,1000,265,1
2012/01/17,265,265,265,265,100,265,1
2012/01/18,267,267,267,267,200,267,1
2012/01/19,268,268,266,266,1200,266,1
2012/01/20,266,266,266,266,1000,266,1
2012/01/23,267,268,267,268,300,268,1
2012/01/24,274,274,274,274,200,274,1
2012/01/25,275,275,274,274,900,274,1
2012/01/26,282,282,278,280,1000,280,1
2012/01/27,283,283,281,281,1500,281,1
2012/01/30,281,281,281,281,100,281,1
2012/01/31,281,288,281,283,700,283,1
2012/02/01,281,281,277,277,1000,277,1
2012/02/03,282,282,282,282,400,282,1
2012/02/06,284,284,284,284,200,284,1
2012/02/07,280,280,280,280,200,280,1
2012/02/09,278,286,278,286,1100,286,1
2012/02/10,280,281,280,281,300,281,1
2012/02/14,289,289,289,289,100,289,1
2012/02/15,290,290,290,290,800,290,1
2012/02/16,289,289,282,282,500,282,1
2012/02/20,289,289,281,281,200,281,1
2012/02/22,284,288,284,288,2000,288,1
2012/02/23,288,288,288,288,700,288,1
2012/02/24,290,290,286,286,1000,286,1
2012/02/27,295,295,295,295,1300,295,1
2012/02/28,287,295,287,295,600,295,1
2012/02/29,287,287,287,287,100,287,1
2012/03/01,290,290,290,290,300,290,1
2012/03/05,282,282,282,282,600,282,1
2012/03/08,283,283,282,282,1000,282,1
2012/03/09,283,290,280,283,1900,283,1
2012/03/12,285,292,285,292,200,292,1
2012/03/13,284,284,284,284,500,284,1
2012/03/15,294,294,293,293,1400,293,1
2012/03/19,312,312,307,307,4100,307,1
2012/03/21,306,306,292,292,1100,292,1
2012/03/23,298,307,298,307,500,307,1
2012/03/26,306,306,304,305,400,305,1
2012/03/27,305,305,305,305,1300,305,1
2012/03/28,297,297,297,297,1000,297,1
2012/03/29,299,299,299,299,200,299,1
2012/03/30,291,297,291,297,2300,297,1
2012/04/02,295,298,295,298,2200,298,1
2012/04/03,294,298,293,293,4000,293,1
2012/04/04,290,290,290,290,1000,290,1
2012/04/05,296,296,296,296,300,296,1
2012/04/06,293,296,290,296,1300,296,1
2012/04/09,297,307,297,307,1200,307,1
2012/04/10,296,296,295,295,1100,295,1
2012/04/11,296,296,296,296,1000,296,1
2012/04/12,296,296,292,292,1300,292,1
2012/04/16,296,296,296,296,1000,296,1
2012/04/17,294,300,294,300,1300,300,1
2012/04/23,300,300,300,300,100,300,1
2012/04/25,300,300,299,299,300,299,1
2012/04/26,299,300,299,300,500,300,1
2012/04/27,302,302,302,302,2400,302,1
2012/05/01,302,302,301,301,1000,301,1
2012/05/02,303,303,303,303,300,303,1
2012/05/07,300,300,300,300,600,300,1
2012/05/09,300,300,300,300,100,300,1
2012/05/10,298,298,298,298,100,298,1
2012/05/14,297,297,297,297,1000,297,1
2012/05/15,296,296,296,296,100,296,1
2012/05/16,296,296,296,296,200,296,1
2012/05/18,295,296,295,296,2100,296,1
2012/05/21,297,297,297,297,200,297,1
2012/05/22,297,297,296,296,1800,296,1
2012/05/23,296,310,296,310,1300,310,1
2012/05/24,298,298,298,298,1000,298,1
2012/05/25,307,307,306,307,4900,307,1
2012/05/28,299,300,299,300,200,300,1
2012/05/29,301,301,301,301,100,301,1
2012/05/30,307,307,300,300,600,300,1
2012/05/31,300,300,300,300,100,300,1
2012/06/01,300,300,300,300,100,300,1
2012/06/04,299,299,298,298,300,298,1
2012/06/05,299,299,299,299,600,299,1
2012/06/06,290,295,290,293,3900,293,1
2012/06/07,294,294,294,294,100,294,1
2012/06/08,295,295,294,294,500,294,1
2012/06/18,300,304,300,304,1500,304,1
2012/06/22,302,305,302,305,1800,305,1
2012/06/25,305,305,304,304,500,304,1
2012/06/26,305,306,304,306,500,306,1
2012/06/27,297,302,297,302,3700,302,1
2012/06/28,305,305,305,305,1000,305,1
2012/06/29,313,313,311,312,6200,312,1
2012/07/02,312,312,312,312,300,312,1
2012/07/03,308,314,308,314,400,314,1
2012/07/04,318,318,309,309,1400,309,1
2012/07/05,310,310,310,310,200,310,1
2012/07/06,312,314,312,314,600,314,1
2012/07/09,314,314,311,311,1300,311,1
2012/07/10,314,314,314,314,1000,314,1
2012/07/11,315,315,315,315,500,315,1
2012/07/12,315,315,312,312,1400,312,1
2012/07/18,315,315,309,309,1100,309,1
2012/07/19,310,310,309,309,1200,309,1
2012/07/23,310,310,310,310,200,310,1
2012/07/24,310,310,310,310,1000,310,1
2012/07/25,311,311,311,311,400,311,1
2012/07/26,310,311,309,311,500,311,1
2012/07/27,313,321,313,320,4300,320,1
2012/07/30,323,324,323,323,1300,323,1
2012/07/31,320,320,320,320,400,320,1
2012/08/01,314,315,314,315,200,315,1
2012/08/02,320,320,320,320,1000,320,1
2012/08/06,318,320,318,320,1100,320,1
2012/08/07,320,321,319,319,2400,319,1
2012/08/08,319,319,319,319,100,319,1
2012/08/09,319,319,319,319,100,319,1
2012/08/10,319,322,319,322,2200,322,1
2012/08/13,330,333,328,333,4200,333,1
2012/08/14,334,336,330,332,3500,332,1
2012/08/15,340,360,335,342,6700,342,1
2012/08/16,305,309,301,308,13000,308,1
2012/08/17,309,309,304,304,1400,304,1
2012/08/20,305,305,300,301,1700,301,1
2012/08/22,303,304,297,297,5800,297,1
2012/08/23,304,304,304,304,500,304,1
2012/08/24,303,303,292,302,5700,302,1
2012/08/27,298,302,294,302,7300,302,1
2012/08/28,302,304,294,304,4600,304,1
2012/08/29,296,300,293,300,3100,300,1
2012/08/30,298,298,298,298,200,298,1
2012/09/03,298,298,298,298,100,298,1
2012/09/04,295,295,295,295,200,295,1
2012/09/05,290,290,290,290,1000,290,1
2012/09/07,290,290,288,288,300,288,1
2012/09/10,288,288,288,288,900,288,1
2012/09/11,288,288,280,280,1500,280,1
2012/09/12,280,280,280,280,100,280,1
2012/09/13,285,285,285,285,500,285,1
2012/09/14,285,285,285,285,200,285,1
2012/09/18,293,293,293,293,1000,293,1
2012/09/20,282,285,281,285,2300,285,1
2012/09/21,289,289,289,289,400,289,1
2012/09/24,289,289,289,289,100,289,1
2012/09/25,289,289,289,289,100,289,1
2012/09/26,281,289,281,289,3000,289,1
2012/09/27,286,287,284,287,2500,287,1
2012/09/28,279,280,271,280,3700,280,1
2012/10/01,288,288,284,284,1200,284,1
2012/10/04,285,285,285,285,100,285,1
2012/10/05,284,284,284,284,100,284,1
2012/10/09,285,288,285,288,1100,288,1
2012/10/10,285,289,285,289,300,289,1
2012/10/11,289,290,289,290,900,290,1
2012/10/12,288,288,288,288,200,288,1
2012/10/15,287,287,287,287,100,287,1
2012/10/16,289,290,289,290,1300,290,1
2012/10/17,288,288,288,288,100,288,1
2012/10/22,290,290,290,290,300,290,1
2012/10/23,290,292,290,292,600,292,1
2012/10/24,294,294,294,294,100,294,1
2012/10/26,296,297,296,297,1400,297,1
2012/10/31,294,294,294,294,200,294,1
2012/11/01,294,294,289,289,1000,289,1
2012/11/02,288,288,284,284,500,284,1
2012/11/05,282,282,279,279,700,279,1
2012/11/06,279,279,279,279,500,279,1
2012/11/07,279,284,279,284,1400,284,1
2012/11/09,278,280,269,270,4500,270,1
2012/11/12,278,279,277,277,2800,277,1
2012/11/13,279,279,279,279,100,279,1
2012/11/14,276,276,276,276,1200,276,1
2012/11/16,280,280,280,280,100,280,1
2012/11/22,294,294,294,294,1000,294,1
2012/11/26,288,293,288,293,300,293,1
2012/11/27,294,294,288,289,1700,289,1
2012/11/29,289,294,289,294,1200,294,1
2012/11/30,300,307,300,307,300,307,1
2012/12/03,300,300,298,298,1300,298,1
2012/12/04,299,299,295,295,2100,295,1
2012/12/05,304,304,301,301,1100,301,1
2012/12/06,300,300,297,300,300,300,1
2012/12/07,305,306,295,295,7800,295,1
2012/12/10,295,295,295,295,1000,295,1
2012/12/11,295,295,295,295,100,295,1
2012/12/13,295,295,295,295,800,295,1
2012/12/14,290,295,290,295,300,295,1
2012/12/17,295,295,295,295,200,295,1
2012/12/18,294,295,294,295,600,295,1
2012/12/19,295,300,295,300,1300,300,1
2012/12/20,298,298,298,298,100,298,1
2012/12/21,299,299,299,299,100,299,1
2012/12/25,298,299,298,299,200,299,1
2012/12/26,300,300,299,300,400,300,1
2012/12/27,300,300,300,300,1700,300,1
2012/12/28,300,300,300,300,400,300,1
2013/01/08,308,308,298,298,1800,298,1
2013/01/09,301,301,295,295,1200,295,1
2013/01/10,298,298,298,298,100,298,1
2013/01/11,309,309,309,309,1000,309,1
2013/01/15,299,305,299,305,1100,305,1
2013/01/16,307,307,307,307,1300,307,1
2013/01/18,307,308,305,305,800,305,1
2013/01/21,306,306,306,306,300,306,1
2013/01/22,309,309,309,309,1000,309,1
2013/01/23,309,309,305,305,1200,305,1
2013/01/24,307,311,306,311,700,311,1
2013/01/25,313,313,301,302,3700,302,1
2013/01/28,302,302,302,302,1000,302,1
2013/01/29,301,305,301,305,1100,305,1
2013/01/30,305,306,305,306,800,306,1
2013/01/31,302,305,302,305,1100,305,1
2013/02/01,306,306,304,304,1400,304,1
2013/02/04,302,305,302,304,1700,304,1
2013/02/05,305,305,304,304,2300,304,1
2013/02/06,303,303,300,303,2500,303,1
2013/02/07,306,306,306,306,300,306,1
2013/02/08,303,320,303,320,10100,320,1
2013/02/12,312,317,312,317,600,317,1
2013/02/13,310,319,310,317,2100,317,1
2013/02/14,309,309,308,308,1100,308,1
2013/02/15,314,314,314,314,300,314,1
2013/02/18,309,314,309,312,3700,312,1
2013/02/19,309,309,309,309,500,309,1
2013/02/20,311,311,303,303,1600,303,1
2013/02/21,305,310,303,303,2300,303,1
2013/02/25,310,310,310,310,300,310,1
2013/02/26,310,314,307,314,1400,314,1
2013/02/27,314,314,313,313,1500,313,1
2013/02/28,310,314,310,314,1000,314,1
2013/03/04,313,313,308,308,2000,308,1
2013/03/06,312,312,305,305,2200,305,1
2013/03/07,310,310,310,310,100,310,1
2013/03/08,310,313,309,313,1600,313,1
2013/03/11,316,317,314,316,4800,316,1
2013/03/12,319,319,319,319,100,319,1
2013/03/13,322,322,319,319,1200,319,1
2013/03/14,320,320,317,317,3800,317,1
2013/03/18,320,320,320,320,1000,320,1
2013/03/19,319,320,317,317,1400,317,1
2013/03/21,318,330,317,321,7900,321,1
2013/03/22,328,328,328,328,500,328,1
2013/03/25,321,328,321,328,2800,328,1
2013/03/26,328,328,328,328,700,328,1
2013/03/27,330,350,330,340,3600,340,1
2013/03/28,341,355,341,346,6300,346,1
2013/03/29,351,351,345,347,5600,347,1
2013/04/01,347,376,338,346,14200,346,1
2013/04/02,362,362,336,336,2400,336,1
2013/04/03,348,348,348,348,1100,348,1
2013/04/04,332,338,330,338,900,338,1
2013/04/05,336,337,336,337,1700,337,1
2013/04/08,337,343,337,343,2700,343,1
2013/04/09,341,343,338,340,4300,340,1
2013/04/10,343,343,342,342,1500,342,1
2013/04/11,343,345,343,345,2900,345,1
2013/04/12,345,346,345,345,700,345,1
2013/04/15,346,346,345,345,3500,345,1
2013/04/16,347,347,346,346,1500,346,1
2013/04/17,347,347,347,347,1000,347,1
2013/04/18,350,357,350,357,1500,357,1
2013/04/19,360,360,350,358,3200,358,1
2013/04/22,365,370,364,370,4100,370,1
2013/04/23,378,378,376,376,1200,376,1
2013/04/24,375,375,359,363,2000,363,1
2013/04/25,364,366,364,364,2200,364,1
2013/04/26,375,375,375,375,1100,375,1
2013/04/30,368,368,366,366,3100,366,1
2013/05/01,366,368,365,365,1600,365,1
2013/05/02,375,375,366,375,4000,375,1
2013/05/07,375,379,375,375,2400,375,1
2013/05/08,379,380,372,372,1200,372,1
2013/05/09,372,373,372,373,3500,373,1
2013/05/10,375,375,373,373,2100,373,1
2013/05/13,376,389,374,389,3000,389,1
2013/05/14,389,390,380,380,1400,380,1
2013/05/15,389,389,381,381,900,381,1
2013/05/16,381,385,381,385,1700,385,1
2013/05/17,381,390,378,389,3100,389,1
2013/05/20,390,390,389,389,3000,389,1
2013/05/21,389,389,387,387,200,387,1
2013/05/22,389,389,389,389,300,389,1
2013/05/23,390,390,389,389,5200,389,1
2013/05/24,387,387,387,387,1100,387,1
2013/05/27,399,399,387,387,4200,387,1
2013/05/28,390,390,387,387,200,387,1
2013/05/29,394,394,394,394,100,394,1
2013/05/30,388,388,388,388,100,388,1
2013/05/31,386,386,385,385,2100,385,1
2013/06/03,373,373,373,373,100,373,1
2013/06/04,369,369,369,369,1000,369,1
2013/06/05,370,370,370,370,100,370,1
2013/06/06,373,373,370,370,200,370,1
2013/06/07,368,368,363,363,2700,363,1
2013/06/10,359,363,358,363,600,363,1
2013/06/11,355,355,355,355,3500,355,1
2013/06/12,351,351,351,351,100,351,1
2013/06/13,358,358,358,358,100,358,1
2013/06/14,357,357,357,357,300,357,1
2013/06/17,357,362,357,362,3000,362,1
2013/06/18,362,362,362,362,400,362,1
2013/06/19,352,352,352,352,500,352,1
2013/06/20,357,357,357,357,100,357,1
2013/06/21,353,353,353,353,400,353,1
2013/06/25,361,368,361,363,1100,363,1
2013/06/26,370,370,361,362,2300,362,1
2013/06/27,370,370,358,359,3600,359,1
2013/06/28,367,376,361,361,4800,361,1
2013/07/01,374,376,363,370,4400,370,1
2013/07/02,362,379,362,379,4900,379,1
2013/07/03,372,378,372,378,3600,378,1
2013/07/04,370,372,370,372,3500,372,1
2013/07/05,370,372,370,370,4200,370,1
2013/07/08,369,370,368,370,4000,370,1
2013/07/10,374,375,371,372,1700,372,1
2013/07/11,372,375,372,374,1200,374,1
2013/07/12,374,374,374,374,200,374,1
2013/07/16,372,375,372,372,2000,372,1
2013/07/17,375,377,373,377,1200,377,1
2013/07/18,377,379,375,375,6300,375,1
2013/07/19,375,380,375,380,2300,380,1
2013/07/22,383,385,383,383,2100,383,1
2013/07/23,389,389,384,387,800,387,1
2013/07/24,385,386,385,386,600,386,1
2013/07/25,387,387,377,377,2400,377,1
2013/07/26,380,388,380,388,3300,388,1
2013/07/29,378,388,378,387,6200,387,1
2013/07/30,387,395,387,388,5400,388,1
2013/07/31,392,394,390,394,2800,394,1
2013/08/01,390,395,390,395,600,395,1
2013/08/02,398,399,397,398,7100,398,1
2013/08/05,398,398,397,398,2200,398,1
2013/08/06,396,398,396,398,200,398,1
2013/08/07,400,401,396,400,10900,400,1
2013/08/08,402,402,398,400,5800,400,1
2013/08/09,400,400,397,400,5100,400,1
2013/08/12,400,400,392,392,4500,392,1
2013/08/13,396,398,394,398,3900,398,1
2013/08/14,397,398,397,398,7100,398,1
2013/08/15,399,404,397,401,22900,401,1
2013/08/16,348,356,336,347,33600,347,1
2013/08/19,355,359,351,359,7600,359,1
2013/08/20,360,360,358,359,1900,359,1
2013/08/21,358,358,349,349,6900,349,1
2013/08/22,349,358,343,355,2700,355,1
2013/08/23,350,350,350,350,600,350,1
2013/08/26,350,360,345,360,3200,360,1
2013/08/27,360,360,352,359,4900,359,1
2013/08/28,348,348,343,348,5200,348,1
2013/08/29,343,348,343,348,2100,348,1
2013/08/30,340,346,340,345,1200,345,1
2013/09/02,341,343,341,343,300,343,1
2013/09/03,341,341,336,339,4300,339,1
2013/09/04,339,339,339,339,400,339,1
2013/09/05,331,333,331,332,900,332,1
2013/09/06,333,333,313,316,5500,316,1
2013/09/09,320,330,319,320,4100,320,1
2013/09/10,332,332,313,327,6000,327,1
2013/09/11,330,335,321,335,4700,335,1
2013/09/12,327,330,327,328,400,328,1
2013/09/13,328,328,326,326,1100,326,1
2013/09/17,328,335,328,335,800,335,1
2013/09/19,334,335,327,327,1200,327,1
2013/09/20,330,337,330,336,3200,336,1
2013/09/24,332,336,332,333,600,333,1
2013/09/25,331,337,329,332,2400,332,1
2013/09/26,336,336,336,336,400,336,1
2013/09/27,336,336,336,336,1100,336,1
2013/09/30,333,336,333,335,1400,335,1
2013/10/01,328,335,327,335,2500,335,1
2013/10/02,330,335,324,335,1500,335,1
2013/10/03,335,335,333,335,3900,335,1
2013/10/07,330,330,329,329,1000,329,1
2013/10/08,326,329,326,329,1700,329,1
2013/10/09,330,330,330,330,100,330,1
2013/10/10,330,330,330,330,200,330,1
2013/10/11,325,326,325,326,500,326,1
2013/10/15,326,326,326,326,2200,326,1
2013/10/16,330,330,327,327,900,327,1
2013/10/17,328,328,328,328,400,328,1
2013/10/18,326,328,326,328,3300,328,1
2013/10/21,326,330,326,330,1100,330,1
2013/10/22,330,330,328,329,1000,329,1
2013/10/23,330,330,326,328,4300,328,1
2013/10/24,325,328,325,328,6300,328,1
2013/10/25,334,338,326,338,3100,338,1
2013/10/29,338,338,325,325,3300,325,1
2013/10/30,330,330,324,329,4500,329,1
2013/11/01,329,329,327,327,200,327,1
2013/11/05,327,329,327,329,1000,329,1
2013/11/06,328,328,328,328,100,328,1
2013/11/07,325,327,325,327,1100,327,1
2013/11/08,325,327,325,327,1100,327,1
2013/11/11,328,328,328,328,500,328,1
2013/11/12,328,328,320,320,4100,320,1
2013/11/13,325,325,320,324,1300,324,1
2013/11/14,323,324,323,324,400,324,1
2013/11/15,325,328,325,328,700,328,1
2013/11/18,326,330,324,326,6600,326,1
2013/11/19,326,335,326,335,2200,335,1
2013/11/20,325,328,322,327,5300,327,1
2013/11/22,329,330,324,324,800,324,1
2013/11/25,325,334,324,334,3300,334,1
2013/11/26,333,333,329,332,2900,332,1
2013/11/27,334,334,327,327,8500,327,1
2013/11/28,327,330,327,330,1200,330,1
2013/11/29,332,332,332,332,600,332,1
2013/12/02,332,334,330,332,4400,332,1
2013/12/03,332,335,327,330,2600,330,1
2013/12/04,333,333,333,333,400,333,1
2013/12/05,333,334,331,334,3300,334,1
2013/12/06,337,338,332,332,8400,332,1
2013/12/09,331,340,329,339,3800,339,1
2013/12/10,340,340,339,339,1500,339,1
2013/12/11,333,333,333,333,500,333,1
2013/12/13,332,332,332,332,200,332,1
2013/12/16,333,335,323,335,5200,335,1
2013/12/17,330,330,330,330,200,330,1
2013/12/18,327,333,327,327,2000,327,1
2013/12/19,328,333,326,327,4500,327,1
2013/12/20,333,333,330,330,3600,330,1
2013/12/24,333,337,331,337,6700,337,1
2013/12/25,331,336,331,336,4200,336,1
2013/12/26,336,338,335,335,2300,335,1
2013/12/27,339,339,332,333,6200,333,1
2013/12/30,335,340,334,339,2800,339,1
2014/01/06,339,347,335,347,2100,347,1
2014/01/07,345,345,337,337,1200,337,1
2014/01/08,340,340,337,337,2300,337,1
2014/01/09,340,340,339,340,2900,340,1
2014/01/10,340,340,340,340,3100,340,1
2014/01/14,340,342,340,340,1000,340,1
2014/01/16,340,346,340,346,600,346,1
2014/01/17,346,346,346,346,100,346,1
2014/01/20,346,346,342,342,400,342,1
2014/01/21,346,346,344,346,2600,346,1
2014/01/22,347,349,344,349,1300,349,1
2014/01/23,349,349,343,343,2200,343,1
2014/01/24,345,350,345,350,2900,350,1
2014/01/27,343,351,343,350,2900,350,1
2014/01/29,349,349,349,349,400,349,1
2014/01/30,345,349,341,349,1200,349,1
2014/01/31,350,350,341,341,4200,341,1
2014/02/03,341,345,341,345,2700,345,1
2014/02/04,340,340,330,330,6900,330,1
2014/02/05,330,330,328,328,2600,328,1
2014/02/07,339,339,339,339,100,339,1
2014/02/10,338,338,338,338,100,338,1
2014/02/12,338,338,337,337,1300,337,1
2014/02/13,335,340,335,340,1100,340,1
2014/02/14,340,340,340,340,100,340,1
2014/02/17,340,340,339,340,2500,340,1
2014/02/18,325,335,325,335,2000,335,1
2014/02/19,338,338,336,336,1900,336,1
2014/02/20,339,339,338,338,800,338,1
2014/02/21,339,339,339,339,100,339,1
2014/02/24,335,335,335,335,1000,335,1
2014/02/25,335,340,333,333,2300,333,1
2014/02/26,333,339,333,339,1300,339,1
2014/02/27,332,340,332,339,1500,339,1
2014/02/28,339,339,332,332,1100,332,1
2014/03/03,332,335,332,333,500,333,1
2014/03/04,333,335,331,335,1500,335,1
2014/03/06,334,339,334,339,1300,339,1
2014/03/07,333,333,333,333,900,333,1
2014/03/10,332,332,332,332,300,332,1
2014/03/11,332,332,332,332,100,332,1
2014/03/12,330,330,328,330,1800,330,1
2014/03/13,334,334,334,334,200,334,1
2014/03/14,334,334,334,334,300,334,1
2014/03/17,328,328,328,328,1400,328,1
2014/03/20,330,330,330,330,1000,330,1
2014/03/24,330,331,330,331,800,331,1
2014/03/25,331,331,330,330,3800,330,1
2014/03/26,330,330,328,328,1900,328,1
2014/03/27,336,338,336,338,1200,338,1
2014/03/28,336,339,336,339,1600,339,1
2014/03/31,340,340,338,338,5800,338,1
2014/04/01,345,345,340,340,1100,340,1
2014/04/02,341,345,341,345,500,345,1
2014/04/03,342,345,342,343,300,343,1
2014/04/04,343,346,343,346,1700,346,1
2014/04/07,345,346,340,345,1000,345,1
2014/04/08,345,345,342,342,1400,342,1
2014/04/09,342,346,341,341,1800,341,1
2014/04/10,346,347,346,347,1200,347,1
2014/04/11,343,343,342,343,700,343,1
2014/04/14,345,346,344,344,2400,344,1
2014/04/15,344,346,341,341,900,341,1
2014/04/16,343,343,338,341,4300,341,1
2014/04/17,343,343,343,343,300,343,1
2014/04/18,341,342,341,342,300,342,1
2014/04/21,345,346,345,345,2100,345,1
2014/04/22,345,345,345,345,800,345,1
2014/04/23,345,345,343,344,400,344,1
2014/04/24,344,346,344,346,400,346,1
2014/04/25,349,349,345,345,1100,345,1
2014/04/28,350,350,350,350,100,350,1
2014/04/30,347,347,347,347,100,347,1
2014/05/01,350,350,345,346,1500,346,1
2014/05/08,358,358,358,358,200,358,1
2014/05/09,350,350,350,350,100,350,1
2014/05/12,350,360,347,349,4900,349,1
2014/05/13,350,350,349,350,1200,350,1
2014/05/14,350,350,348,348,1500,348,1
2014/05/15,348,350,348,348,1900,348,1
2014/05/16,348,348,347,347,1100,347,1
2014/05/19,349,349,349,349,1000,349,1
2014/05/20,349,349,349,349,100,349,1
2014/05/21,349,349,349,349,400,349,1
2014/05/22,349,349,347,347,1300,347,1
2014/05/23,347,347,346,347,1400,347,1
2014/05/26,347,350,347,347,1800,347,1
2014/05/27,358,358,350,350,5100,350,1
2014/05/28,349,349,349,349,1800,349,1
2014/05/29,347,347,347,347,1000,347,1
2014/05/30,350,350,350,350,600,350,1
2014/06/02,358,358,358,358,4000,358,1
2014/06/03,352,354,352,354,800,354,1
2014/06/04,353,353,351,351,3500,351,1
2014/06/05,352,352,352,352,100,352,1
2014/06/06,352,356,352,352,3800,352,1
2014/06/09,358,358,354,354,2400,354,1
2014/06/10,355,360,355,355,2700,355,1
2014/06/11,358,359,356,358,2100,358,1
2014/06/12,356,356,354,355,4800,355,1
2014/06/13,355,357,355,357,2500,357,1
2014/06/16,365,365,359,359,6500,359,1
2014/06/17,359,361,359,359,2300,359,1
2014/06/18,367,367,359,360,4800,360,1
2014/06/19,365,368,362,364,4500,364,1
2014/06/20,365,365,365,365,2100,365,1
2014/06/23,370,370,365,365,4200,365,1
2014/06/24,366,368,366,368,2000,368,1
2014/06/25,369,369,369,369,200,369,1
2014/06/26,369,372,369,372,2300,372,1
2014/06/27,375,380,372,380,15600,380,1
2014/06/30,380,390,375,380,4900,380,1
2014/07/01,390,390,382,382,5000,382,1
2014/07/02,386,395,385,386,7500,386,1
2014/07/03,386,387,384,384,5300,384,1
2014/07/04,386,386,383,385,1900,385,1
2014/07/07,385,389,385,389,2000,389,1
2014/07/08,390,390,385,385,4300,385,1
2014/07/09,382,386,382,386,4200,386,1
2014/07/11,386,386,381,381,3800,381,1
2014/07/14,381,381,377,377,8500,377,1
2014/07/15,381,387,381,387,2600,387,1
2014/07/16,387,392,387,392,3500,392,1
2014/07/22,392,392,376,389,9800,389,1
2014/07/23,385,385,378,380,1700,380,1
2014/07/24,381,389,381,389,2300,389,1
2014/07/25,389,389,388,389,1200,389,1
2014/07/28,386,388,385,388,1900,388,1
2014/07/29,389,394,389,391,7300,391,1
2014/07/30,394,394,390,393,8200,393,1
2014/07/31,395,395,394,394,4500,394,1
2014/08/01,394,396,394,395,9300,395,1
2014/08/04,394,397,394,397,6600,397,1
2014/08/05,394,399,394,399,13100,399,1
2014/08/06,398,398,393,396,7100,396,1
2014/08/07,395,398,395,398,4200,398,1
2014/08/08,396,398,392,398,3800,398,1
2014/08/11,397,398,392,397,7900,397,1
2014/08/12,393,395,392,393,5900,393,1
2014/08/13,390,393,389,392,12400,392,1
2014/08/14,392,397,392,397,12500,397,1
2014/08/15,396,400,392,399,23000,399,1
2014/08/18,363,367,361,364,30400,364,1
2014/08/19,365,366,364,366,6900,366,1
2014/08/20,367,367,364,364,9300,364,1
2014/08/21,364,364,361,364,7300,364,1
2014/08/22,361,361,358,359,5900,359,1
2014/08/25,360,360,352,353,10400,353,1
2014/08/26,356,362,349,362,9800,362,1
2014/08/27,362,367,361,365,4900,365,1
2014/08/28,365,366,356,359,3000,359,1
2014/08/29,361,366,360,360,4300,360,1
2014/09/01,360,361,358,360,5700,360,1
2014/09/02,360,363,360,362,4600,362,1
2014/09/03,363,363,363,363,200,363,1
2014/09/04,365,365,356,357,2800,357,1
2014/09/05,358,358,355,355,1000,355,1
2014/09/08,355,355,355,355,1200,355,1
2014/09/09,356,360,355,360,3300,360,1
2014/09/10,358,360,358,360,600,360,1
2014/09/11,359,359,359,359,900,359,1
2014/09/12,363,363,359,363,2000,363,1
2014/09/16,365,365,363,363,2300,363,1
2014/09/17,364,364,361,361,300,361,1
2014/09/18,363,365,360,364,3500,364,1
2014/09/19,365,365,365,365,1200,365,1
2014/09/22,365,365,360,360,1400,360,1
2014/09/24,363,363,360,360,2100,360,1
2014/09/25,360,360,359,360,1100,360,1
2014/09/26,360,362,360,362,1800,362,1
2014/09/29,365,365,360,360,2700,360,1
2014/09/30,362,364,361,361,5900,361,1
2014/10/01,364,365,363,363,3400,363,1
2014/10/02,363,363,362,362,3200,362,1
2014/10/03,361,361,360,361,3000,361,1
2014/10/06,361,361,360,361,900,361,1
2014/10/07,360,361,360,360,800,360,1
2014/10/08,360,365,360,365,1200,365,1
2014/10/09,361,361,360,360,1000,360,1
2014/10/10,360,360,358,358,5500,358,1
2014/10/14,357,357,353,355,400,355,1
2014/10/15,355,355,355,355,1400,355,1
2014/10/16,355,355,355,355,500,355,1
2014/10/17,355,363,355,355,1800,355,1
2014/10/20,355,355,355,355,500,355,1
2014/10/21,357,358,357,358,3300,358,1
2014/10/22,359,359,359,359,500,359,1
2014/10/23,356,358,356,358,800,358,1
2014/10/24,358,358,358,358,300,358,1
2014/10/27,358,359,358,358,2700,358,1
2014/10/29,358,358,356,356,3000,356,1
2014/10/30,358,358,358,358,1000,358,1
2014/10/31,360,360,360,360,100,360,1
2014/11/04,358,358,355,356,4900,356,1
2014/11/05,360,360,360,360,700,360,1
2014/11/06,359,359,358,358,300,358,1
2014/11/07,357,358,357,358,700,358,1
2014/11/10,358,359,358,358,3000,358,1
2014/11/11,358,361,358,361,4500,361,1
2014/11/12,359,360,359,360,2000,360,1
2014/11/13,360,361,360,361,2200,361,1
2014/11/14,361,362,361,362,2300,362,1
2014/11/17,361,361,360,360,1400,360,1
2014/11/18,361,361,360,361,2100,361,1
2014/11/19,360,360,359,359,2200,359,1
2014/11/20,358,361,358,361,4500,361,1
2014/11/21,362,362,358,361,500,361,1
2014/11/25,358,360,358,360,1600,360,1
2014/11/26,360,362,360,362,1400,362,1
2014/11/27,364,364,362,362,2200,362,1
2014/11/28,362,362,360,360,2200,360,1
2014/12/01,364,364,364,364,1200,364,1
2014/12/02,360,361,360,361,1200,361,1
2014/12/03,362,362,362,362,100,362,1
2014/12/04,363,366,362,366,3300,366,1
2014/12/05,370,370,360,367,9200,367,1
2014/12/08,367,368,366,368,3300,368,1
2014/12/09,368,368,361,361,2300,361,1
2014/12/10,361,364,361,364,900,364,1
2014/12/11,365,365,365,365,1100,365,1
2014/12/12,362,362,362,362,100,362,1
2014/12/15,362,362,362,362,100,362,1
2014/12/16,361,361,355,360,5900,360,1
2014/12/17,360,360,360,360,400,360,1
2014/12/18,360,363,360,362,1400,362,1
2014/12/19,362,363,360,363,2800,363,1
2014/12/22,363,363,362,362,900,362,1
2014/12/24,362,363,360,363,2300,363,1
2014/12/25,360,363,360,361,4400,361,1
2014/12/26,364,364,360,361,2600,361,1
2014/12/29,361,362,361,361,3100,361,1
2014/12/30,363,363,360,362,2000,362,1
2015/01/05,362,364,362,364,2400,364,1
2015/01/06,362,363,362,363,2500,363,1
2015/01/07,363,363,361,362,700,362,1
2015/01/08,363,364,363,364,900,364,1
2015/01/09,362,365,362,365,2400,365,1
2015/01/13,365,365,364,365,3600,365,1
2015/01/15,366,366,366,366,1000,366,1
2015/01/16,365,366,362,362,5600,362,1
2015/01/19,364,364,362,362,2100,362,1
2015/01/20,362,364,362,364,1700,364,1
2015/01/21,365,365,365,365,500,365,1
2015/01/22,369,370,366,366,2700,366,1
2015/01/23,369,369,369,369,100,369,1
2015/01/26,370,370,369,370,400,370,1
2015/01/27,370,371,370,370,2200,370,1
2015/01/28,371,371,369,370,1100,370,1
2015/01/29,367,368,367,368,400,368,1
2015/01/30,368,368,367,367,800,367,1
2015/02/02,371,371,368,368,2500,368,1
2015/02/03,368,370,367,367,400,367,1
2015/02/04,366,367,366,367,1100,367,1
2015/02/05,370,372,370,372,2200,372,1
2015/02/06,372,374,372,374,1600,374,1
2015/02/09,375,375,365,365,1600,365,1
2015/02/12,370,372,365,372,1800,372,1
2015/02/13,368,375,368,375,1700,375,1
2015/02/16,375,375,372,372,5100,372,1
2015/02/17,379,379,373,379,1700,379,1
2015/02/18,370,372,370,370,5100,370,1
2015/02/19,370,370,369,369,2000,369,1
2015/02/20,374,375,374,375,2100,375,1
2015/02/23,379,379,375,375,1200,375,1
2015/02/24,378,379,378,378,800,378,1
2015/02/25,379,379,377,377,500,377,1
2015/02/26,375,379,375,379,1800,379,1
2015/02/27,383,383,379,379,3800,379,1
2015/03/02,379,380,369,369,4700,369,1
2015/03/03,372,372,370,370,1500,370,1
2015/03/04,372,372,372,372,600,372,1
2015/03/05,375,375,375,375,100,375,1
2015/03/06,375,380,374,374,3800,374,1
2015/03/09,375,375,375,375,1200,375,1
2015/03/10,377,377,374,375,2300,375,1
2015/03/11,374,375,373,375,1300,375,1
2015/03/12,375,375,371,375,1100,375,1
2015/03/13,374,377,374,377,1000,377,1
2015/03/16,377,377,376,376,2000,376,1
2015/03/17,378,378,378,378,700,378,1
2015/03/18,378,378,376,378,1900,378,1
2015/03/19,380,384,380,384,5600,384,1
2015/03/20,384,385,380,385,3600,385,1
2015/03/23,387,392,382,391,6900,391,1
2015/03/24,392,393,392,393,2100,393,1
2015/03/25,391,395,391,395,2600,395,1
2015/03/26,389,395,389,394,4500,394,1
2015/03/27,394,394,387,394,2500,394,1
2015/03/30,391,392,385,385,2500,385,1
2015/03/31,387,398,386,397,5800,397,1
2015/04/01,389,390,389,390,1400,390,1
2015/04/02,398,398,390,397,1700,397,1
2015/04/03,397,397,391,397,1300,397,1
2015/04/06,398,400,395,398,3100,398,1
2015/04/07,400,400,391,398,4700,398,1
2015/04/08,397,397,396,396,1200,396,1
2015/04/09,397,399,396,399,1800,399,1
2015/04/10,399,399,391,399,3600,399,1
2015/04/13,398,398,395,398,2200,398,1
2015/04/14,392,398,392,398,3300,398,1
2015/04/15,392,400,392,400,4700,400,1
2015/04/16,400,400,393,399,1400,399,1
2015/04/17,394,400,394,398,3400,398,1
2015/04/20,394,410,394,404,3300,404,1
2015/04/21,404,408,400,408,9600,408,1
2015/04/22,405,407,395,397,2100,397,1
2015/04/23,398,400,398,398,2000,398,1
2015/04/24,394,405,394,400,3000,400,1
2015/04/27,405,405,400,400,9200,400,1
2015/04/28,400,400,395,398,9200,398,1
2015/04/30,398,401,398,400,2600,400,1
2015/05/01,398,402,398,402,1600,402,1
2015/05/07,406,406,400,405,5100,405,1
2015/05/08,399,402,399,402,2500,402,1
2015/05/11,400,404,399,404,3200,404,1
2015/05/12,404,404,404,404,100,404,1
2015/05/13,404,404,404,404,100,404,1
2015/05/14,404,404,402,402,1200,402,1
2015/05/15,405,405,405,405,2500,405,1
2015/05/18,405,405,399,405,10200,405,1
2015/05/19,405,405,400,401,3000,401,1
2015/05/20,402,405,402,405,1700,405,1
2015/05/21,405,408,405,408,1900,408,1
2015/05/22,407,407,406,406,3000,406,1
2015/05/25,407,408,406,408,2900,408,1
2015/05/26,409,411,408,411,2900,411,1
2015/05/27,413,416,413,416,7700,416,1
2015/05/28,420,420,417,420,3600,420,1
2015/05/29,420,422,420,420,3700,420,1
2015/06/01,420,430,416,430,7700,430,1
2015/06/02,430,455,430,446,6900,446,1
2015/06/03,446,446,432,436,4600,436,1
2015/06/04,435,446,435,444,2100,444,1
2015/06/05,441,443,435,443,1400,443,1
2015/06/08,448,449,448,449,3000,449,1
2015/06/09,449,449,440,440,4100,440,1
2015/06/10,440,450,440,450,3200,450,1
2015/06/11,448,448,432,446,3400,446,1
2015/06/12,446,446,446,446,100,446,1
2015/06/15,438,449,432,443,6500,443,1
2015/06/16,444,444,436,436,1500,436,1
2015/06/17,443,443,435,435,2300,435,1
2015/06/18,437,443,435,438,7500,438,1
2015/06/19,438,438,390,428,13700,428,1
2015/06/22,435,435,425,425,1400,425,1
2015/06/23,426,427,425,425,6500,425,1
2015/06/24,433,433,433,433,1200,433,1
2015/06/25,430,437,430,437,900,437,1
2015/06/26,440,447,430,430,8600,430,1
2015/06/29,430,435,420,429,4000,429,1
2015/06/30,421,438,421,438,5900,438,1
2015/07/01,437,438,437,438,2400,438,1
2015/07/02,440,445,439,445,3800,445,1
2015/07/03,444,444,440,440,1400,440,1
2015/07/06,440,440,435,435,5900,435,1
2015/07/07,435,445,435,445,600,445,1
2015/07/08,445,445,435,441,9600,441,1
2015/07/09,422,436,400,436,12900,436,1
2015/07/10,421,426,418,425,3700,425,1
2015/07/13,421,440,421,437,4700,437,1
2015/07/14,439,439,439,439,2000,439,1
2015/07/15,439,444,439,443,2800,443,1
2015/07/16,440,440,438,438,3300,438,1
2015/07/17,438,440,438,440,3700,440,1
2015/07/21,440,442,440,442,3700,442,1
2015/07/22,440,442,440,442,700,442,1
2015/07/23,441,442,415,434,19900,434,1
2015/07/24,433,438,433,436,1300,436,1
2015/07/27,436,439,432,439,3300,439,1
2015/07/28,437,437,437,437,100,437,1
2015/07/29,440,442,431,431,5600,431,1
2015/07/30,432,440,430,433,6100,433,1
2015/07/31,436,436,432,432,4800,432,1
2015/08/03,438,440,436,439,12500,439,1
2015/08/04,439,439,433,437,4200,437,1
2015/08/05,433,440,433,440,3600,440,1
2015/08/06,439,440,438,439,3300,439,1
2015/08/07,439,440,437,437,7300,437,1
2015/08/10,437,442,436,442,6400,442,1
2015/08/11,442,444,438,442,6900,442,1
2015/08/12,442,444,440,440,6500,440,1
2015/08/13,440,442,440,442,7000,442,1
2015/08/14,440,443,440,441,12100,441,1
2015/08/17,440,450,440,444,23100,444,1
2015/08/18,391,410,391,401,52500,401,1
2015/08/19,402,422,401,401,16700,401,1
2015/08/20,408,408,401,402,5400,402,1
2015/08/21,401,414,398,401,13100,401,1
2015/08/24,392,395,385,385,14200,385,1
2015/08/25,371,390,364,385,11900,385,1
2015/08/26,415,415,391,391,5600,391,1
2015/08/27,383,397,381,386,7600,386,1
2015/08/28,385,397,380,386,5600,386,1
2015/08/31,388,389,385,385,8300,385,1
2015/09/01,386,386,385,385,2400,385,1
2015/09/02,386,386,385,385,4900,385,1
2015/09/03,386,386,385,385,1900,385,1
2015/09/04,385,385,385,385,600,385,1
2015/09/07,377,377,377,377,1900,377,1
2015/09/08,384,384,380,381,300,381,1
2015/09/09,381,389,381,389,2900,389,1
2015/09/10,382,382,381,381,1000,381,1
2015/09/11,382,387,382,387,200,387,1
2015/09/14,383,423,383,419,12900,419,1
2015/09/15,392,401,392,395,700,395,1
2015/09/16,387,391,385,389,5200,389,1
2015/09/17,381,384,376,383,6700,383,1
2015/09/18,385,385,385,385,100,385,1
2015/09/24,381,384,381,384,200,384,1
2015/09/25,389,389,378,378,1700,378,1
2015/09/28,410,410,380,380,7900,380,1
2015/09/29,381,382,380,382,6400,382,1
2015/09/30,383,383,381,382,1400,382,1
2015/10/01,381,381,381,381,1100,381,1
2015/10/02,381,382,380,381,7100,381,1
2015/10/05,380,380,380,380,100,380,1
2015/10/06,386,386,382,384,11200,384,1
2015/10/07,397,397,397,397,6000,397,1
2015/10/13,387,387,387,387,1000,387,1
2015/10/14,387,387,386,386,1100,386,1
2015/10/15,387,390,386,390,700,390,1
2015/10/16,388,395,385,395,2700,395,1
2015/10/19,390,396,390,396,4200,396,1
2015/10/20,394,397,394,396,4500,396,1
2015/10/21,396,396,395,395,1000,395,1
2015/10/22,395,395,395,395,1600,395,1
2015/10/23,394,395,393,395,600,395,1
2015/10/26,398,398,392,392,1500,392,1
2015/10/27,396,396,395,395,2100,395,1
2015/10/28,395,396,394,394,400,394,1
2015/10/29,395,395,395,395,400,395,1
2015/10/30,394,395,394,395,800,395,1
2015/11/02,397,398,396,398,1500,398,1
2015/11/04,397,397,393,393,400,393,1
2015/11/05,393,393,393,393,300,393,1
2015/11/06,394,394,394,394,100,394,1
2015/11/09,394,394,394,394,1000,394,1
2015/11/10,394,394,394,394,2500,394,1
2015/11/11,393,395,391,395,1600,395,1
2015/11/12,395,396,391,392,3200,392,1
2015/11/13,390,391,390,391,1700,391,1
2015/11/16,391,398,391,398,2700,398,1
2015/11/17,396,397,396,396,1300,396,1
2015/11/18,391,396,391,396,1100,396,1
2015/11/19,393,396,393,396,2200,396,1
2015/11/20,397,397,395,397,800,397,1
2015/11/24,397,398,395,395,2100,395,1
2015/11/25,395,395,395,395,500,395,1
2015/11/26,398,402,398,402,2500,402,1
2015/11/27,407,407,400,400,4500,400,1
2015/11/30,401,401,398,398,400,398,1
2015/12/01,401,401,396,396,1100,396,1
2015/12/02,400,405,400,405,1400,405,1
2015/12/03,402,407,401,405,1500,405,1
2015/12/04,409,409,409,409,6600,409,1
2015/12/07,401,402,401,402,1100,402,1
2015/12/08,409,409,402,402,1200,402,1
2015/12/09,407,407,402,402,2400,402,1
2015/12/10,401,403,401,403,1200,403,1
2015/12/11,403,403,402,402,1100,402,1
2015/12/14,401,401,401,401,1400,401,1
2015/12/15,401,401,401,401,500,401,1
2015/12/16,401,405,401,405,1100,405,1
2015/12/17,405,405,401,405,500,405,1
2015/12/18,401,402,401,402,1100,402,1
2015/12/21,402,406,400,401,1100,401,1
2015/12/22,400,400,400,400,600,400,1
2015/12/24,405,405,399,399,500,399,1
2015/12/25,404,404,402,402,1000,402,1
2015/12/28,404,404,403,403,1700,403,1
2015/12/29,402,402,402,402,600,402,1
2015/12/30,400,400,400,400,100,400,1
2016/01/04,406,406,405,405,1600,405,1
2016/01/05,400,400,400,400,900,400,1
2016/01/06,404,404,400,400,5900,400,1
2016/01/07,400,401,400,400,2500,400,1
2016/01/08,400,400,400,400,1200,400,1
2016/01/12,400,400,380,380,3600,380,1
2016/01/13,396,396,396,396,200,396,1
2016/01/15,385,390,385,390,1200,390,1
2016/01/18,397,397,397,397,900,397,1
2016/01/19,397,397,397,397,100,397,1
2016/01/20,381,381,377,377,1700,377,1
2016/01/21,377,378,377,378,700,378,1
2016/01/22,373,380,373,380,3300,380,1
2016/01/25,378,381,378,381,2000,381,1
2016/01/26,382,384,377,384,1300,384,1
2016/01/27,392,399,392,399,2200,399,1
2016/01/29,389,390,389,390,1100,390,1
2016/02/01,399,399,399,399,1000,399,1
2016/02/02,399,399,399,399,100,399,1
2016/02/04,395,399,395,395,800,395,1
2016/02/05,400,400,400,400,300,400,1
2016/02/08,398,398,385,387,1300,387,1
2016/02/09,395,395,386,386,200,386,1
2016/02/10,380,380,380,380,400,380,1
2016/02/12,356,367,349,364,8000,364,1
2016/02/15,356,371,356,370,2300,370,1
2016/02/16,370,372,366,366,900,366,1
2016/02/17,366,374,355,355,2900,355,1
2016/02/18,362,362,362,362,100,362,1
2016/02/19,360,362,360,362,400,362,1
2016/02/22,370,370,370,370,100,370,1
2016/02/23,365,376,365,376,300,376,1
2016/02/24,372,372,372,372,100,372,1
2016/02/25,375,383,375,383,700,383,1
2016/02/26,382,389,376,376,2300,376,1
2016/02/29,376,376,376,376,100,376,1
2016/03/01,376,376,370,370,1600,370,1
2016/03/02,370,384,370,373,1000,373,1
2016/03/03,372,378,371,373,700,373,1
2016/03/04,379,379,376,376,1400,376,1
2016/03/07,380,380,380,380,200,380,1
2016/03/08,384,384,382,382,500,382,1
2016/03/09,383,383,383,383,400,383,1
2016/03/10,393,393,393,393,200,393,1
2016/03/11,392,393,390,390,1400,390,1
2016/03/14,382,398,382,396,800,396,1
2016/03/16,395,396,395,396,1300,396,1
2016/03/18,396,396,393,395,500,395,1
2016/03/22,390,390,387,387,800,387,1
2016/03/23,395,395,395,395,800,395,1
2016/03/24,390,390,390,390,1800,390,1
2016/03/25,394,394,386,394,2000,394,1
2016/03/28,393,398,393,398,1200,398,1
2016/03/29,398,398,394,398,1600,398,1
2016/03/30,398,400,398,400,3600,400,1
2016/03/31,397,397,397,397,700,397,1
2016/04/01,400,400,396,396,1700,396,1
2016/04/04,399,399,399,399,400,399,1
2016/04/05,398,398,398,398,200,398,1
2016/04/06,397,397,397,397,400,397,1
2016/04/07,395,396,395,396,700,396,1
2016/04/11,399,399,399,399,900,399,1
2016/04/12,399,400,399,400,2300,400,1
2016/04/13,400,400,395,395,2200,395,1
2016/04/14,400,400,400,400,1100,400,1
2016/04/15,400,400,396,396,2200,396,1
2016/04/18,396,396,396,396,100,396,1
2016/04/19,396,396,396,396,1100,396,1
2016/04/20,398,400,394,400,2100,400,1
2016/04/21,400,400,397,400,600,400,1
2016/04/22,393,395,393,395,1500,395,1
2016/04/25,396,400,396,400,3600,400,1
2016/04/26,400,402,400,402,7600,402,1
2016/04/27,403,403,400,400,3900,400,1
2016/04/28,404,404,404,404,200,404,1
2016/05/02,405,405,401,404,3000,404,1
2016/05/06,404,413,404,413,2900,413,1
2016/05/09,411,413,405,405,4900,405,1
2016/05/10,410,412,400,403,4900,403,1
2016/05/11,413,413,406,410,2900,410,1
2016/05/12,412,412,407,410,2300,410,1
2016/05/13,413,413,401,402,8900,402,1
2016/05/16,410,410,410,410,1200,410,1
2016/05/17,413,413,410,413,1300,413,1
2016/05/18,413,413,406,412,3900,412,1
2016/05/19,411,411,411,411,100,411,1
2016/05/20,412,412,410,410,2500,410,1
2016/05/23,410,412,407,412,1400,412,1
2016/05/24,408,408,405,405,3700,405,1
2016/05/25,409,409,405,405,1300,405,1
2016/05/26,405,408,405,406,2100,406,1
2016/05/27,409,409,408,409,4000,409,1
2016/05/30,408,408,405,408,8000,408,1
2016/05/31,413,413,407,407,4900,407,1
2016/06/01,405,413,405,413,1800,413,1
2016/06/02,412,412,412,412,100,412,1
2016/06/03,407,407,407,407,100,407,1
2016/06/06,411,411,411,411,900,411,1
2016/06/08,406,406,406,406,900,406,1
2016/06/09,411,411,411,411,100,411,1
2016/06/10,412,412,402,410,1900,410,1
2016/06/13,403,403,403,403,100,403,1
2016/06/14,406,406,399,399,1900,399,1
2016/06/15,396,396,396,396,600,396,1
2016/06/16,394,394,390,392,2200,392,1
2016/06/17,391,395,389,389,1700,389,1
2016/06/20,388,398,388,398,600,398,1
2016/06/21,390,390,390,390,500,390,1
2016/06/22,394,394,388,388,1300,388,1
2016/06/24,390,397,385,385,3700,385,1
2016/06/27,398,400,398,400,5900,400,1
2016/06/28,399,406,399,405,8700,405,1
2016/06/30,397,397,397,397,500,397,1
2016/07/01,397,397,397,397,100,397,1
2016/07/04,401,410,401,409,2400,409,1
2016/07/05,406,414,406,414,2200,414,1
2016/07/06,415,415,412,412,1400,412,1
2016/07/07,410,410,400,410,2500,410,1
2016/07/11,410,410,410,410,100,410,1
2016/07/12,409,409,409,409,200,409,1
2016/07/13,410,412,410,412,2100,412,1
2016/07/19,412,412,406,406,5300,406,1
2016/07/20,410,414,406,410,5000,410,1
2016/07/21,413,413,411,411,1600,411,1
2016/07/22,412,412,410,410,1200,410,1
2016/07/25,406,410,406,410,2800,410,1
2016/07/26,411,411,411,411,400,411,1
2016/07/27,410,411,410,410,2600,410,1
2016/07/28,411,411,410,410,2900,410,1
2016/07/29,413,413,412,413,2600,413,1
2016/08/01,413,418,411,418,9600,418,1
2016/08/02,440,440,398,414,64000,414,1
2016/08/03,409,414,409,414,3300,414,1
2016/08/04,405,405,400,405,7000,405,1
2016/08/05,400,404,384,397,7100,397,1
2016/08/08,390,398,390,396,7100,396,1
2016/08/09,394,395,388,394,8600,394,1
2016/08/10,390,392,389,391,9600,391,1
2016/08/12,389,399,388,399,10600,399,1
2016/08/15,399,399,394,398,8500,398,1
2016/08/16,397,399,380,395,32700,395,1
2016/08/17,366,378,362,371,30600,371,1
2016/08/18,372,372,366,366,7700,366,1
2016/08/19,367,367,366,366,6600,366,1
2016/08/22,364,379,363,377,9300,377,1
2016/08/23,376,377,367,377,11100,377,1
2016/08/24,377,377,374,376,5200,376,1
2016/08/25,376,379,374,375,4100,375,1
2016/08/26,375,379,373,376,6800,376,1
2016/08/29,371,371,368,368,6200,368,1
2016/08/30,372,372,369,369,300,369,1
2016/09/01,369,369,369,369,2100,369,1
2016/09/02,366,366,366,366,1100,366,1
2016/09/05,373,373,373,373,500,373,1
2016/09/06,370,370,370,370,100,370,1
2016/09/07,375,375,375,375,100,375,1
2016/09/08,375,375,370,370,500,370,1
2016/09/09,375,375,370,371,1700,371,1
2016/09/12,373,373,373,373,300,373,1
2016/09/13,373,373,373,373,100,373,1
2016/09/14,371,371,370,370,1200,370,1
2016/09/15,371,371,371,371,200,371,1
2016/09/16,374,374,371,371,800,371,1
2016/09/20,371,371,371,371,1200,371,1
2016/09/21,371,373,370,373,1700,373,1
2016/09/23,373,373,372,372,1300,372,1
2016/09/26,373,375,369,370,3300,370,1
2016/09/27,369,369,365,365,8000,365,1
2016/09/28,365,372,365,366,5000,366,1
2016/09/29,366,367,365,365,1300,365,1
2016/09/30,365,370,364,364,3200,364,1
2016/10/03,369,369,364,366,2300,366,1
2016/10/04,364,365,364,365,300,365,1
2016/10/05,366,367,364,367,1000,367,1
2016/10/06,367,372,366,367,2100,367,1
2016/10/07,364,365,364,364,1300,364,1
2016/10/11,365,365,364,365,1900,365,1
2016/10/12,364,365,364,365,1200,365,1
2016/10/13,365,365,365,365,1000,365,1
2016/10/14,367,368,367,367,800,367,1
2016/10/17,372,373,367,373,1200,373,1
2016/10/18,367,369,364,367,1700,367,1
2016/10/19,367,370,367,370,800,370,1
2016/10/21,371,371,371,371,1100,371,1
2016/10/24,371,374,363,367,3200,367,1
2016/10/25,369,370,369,370,400,370,1
2016/10/26,370,370,370,370,1200,370,1
2016/10/27,370,370,366,370,5100,370,1
2016/10/28,370,370,370,370,200,370,1
2016/10/31,368,375,368,375,3200,375,1
2016/11/01,375,375,375,375,1500,375,1
2016/11/02,373,373,372,373,2300,373,1
2016/11/04,374,374,373,373,400,373,1
2016/11/07,374,374,372,372,2500,372,1
2016/11/08,372,372,372,372,1000,372,1
2016/11/09,375,375,373,373,600,373,1
2016/11/10,373,374,373,373,2500,373,1
2016/11/11,375,375,375,375,600,375,1
2016/11/14,373,376,373,376,200,376,1
2016/11/15,377,377,377,377,1700,377,1
2016/11/16,378,378,376,376,1400,376,1
2016/11/18,385,385,370,379,4300,379,1
2016/11/21,380,381,378,381,3000,381,1
2016/11/22,383,388,383,387,1400,387,1
2016/11/24,388,390,387,390,4900,390,1
2016/11/25,390,395,390,395,4900,395,1
2016/11/28,397,398,390,395,6300,395,1
2016/11/29,394,399,394,399,2300,399,1
2016/11/30,399,399,396,398,2800,398,1
2016/12/01,398,400,395,395,5300,395,1
2016/12/02,394,403,385,402,9200,402,1
2016/12/05,394,394,393,393,800,393,1
2016/12/06,394,394,391,391,1700,391,1
2016/12/08,391,393,391,393,1100,393,1
2016/12/09,387,399,387,399,2400,399,1
2016/12/12,394,398,382,383,3000,383,1
2016/12/13,385,394,385,394,1100,394,1
2016/12/14,394,394,394,394,100,394,1
2016/12/15,390,394,390,394,1100,394,1
2016/12/16,390,392,390,392,1100,392,1
2016/12/19,389,389,385,389,1700,389,1
2016/12/20,388,389,388,389,1400,389,1
2016/12/21,390,390,390,390,600,390,1
2016/12/22,389,389,382,385,5200,385,1
2016/12/26,387,389,387,388,1400,388,1
2016/12/27,388,388,382,382,6600,382,1
2016/12/28,384,387,384,387,600,387,1
2016/12/29,386,386,384,386,700,386,1
2016/12/30,385,385,385,385,300,385,1
2017/01/04,384,387,384,387,1800,387,1
2017/01/05,387,393,387,392,2800,392,1
2017/01/06,394,394,394,394,1000,394,1
2017/01/10,390,394,390,394,7200,394,1
2017/01/11,393,393,393,393,300,393,1
2017/01/12,390,391,390,390,600,390,1
2017/01/13,389,390,388,388,2300,388,1
2017/01/16,387,387,387,387,1000,387,1
2017/01/17,387,387,387,387,700,387,1
2017/01/18,385,386,385,386,1400,386,1
2017/01/19,388,388,388,388,100,388,1
2017/01/20,386,392,386,386,2200,386,1
2017/01/23,386,392,386,392,900,392,1
2017/01/25,385,387,385,387,3100,387,1
2017/01/26,389,390,385,390,2600,390,1
2017/01/27,390,390,387,387,1500,387,1
2017/01/30,387,390,387,390,200,390,1
2017/01/31,388,391,388,391,1200,391,1
2017/02/01,387,391,387,389,1200,389,1
2017/02/02,392,392,388,392,700,392,1
2017/02/03,392,392,392,392,600,392,1
2017/02/06,392,393,392,393,900,393,1
2017/02/08,393,395,393,395,1600,395,1
2017/02/09,397,397,395,395,1900,395,1
2017/02/10,396,396,396,396,200,396,1
2017/02/14,395,398,393,398,2400,398,1
2017/02/15,398,398,387,397,2500,397,1
2017/02/16,397,397,389,389,500,389,1
2017/02/17,386,395,385,385,3200,385,1
2017/02/20,385,390,385,390,2200,390,1
2017/02/21,390,390,390,390,200,390,1
2017/02/22,390,398,390,398,1100,398,1
2017/02/23,392,394,392,394,800,394,1
2017/02/24,394,394,387,387,1000,387,1
2017/02/27,395,395,394,394,2200,394,1
2017/02/28,392,393,392,393,800,393,1
2017/03/01,395,395,387,387,2500,387,1
2017/03/02,390,390,390,390,1000,390,1
2017/03/03,388,392,386,392,2400,392,1
2017/03/06,392,392,392,392,100,392,1
2017/03/07,394,394,391,391,1600,391,1
2017/03/08,391,394,391,393,3800,393,1
2017/03/09,393,393,393,393,1200,393,1
2017/03/10,393,393,391,391,900,391,1
2017/03/13,392,393,391,391,1300,391,1
2017/03/14,394,394,393,393,2400,393,1
2017/03/15,394,394,394,394,1100,394,1
2017/03/16,394,395,393,394,2600,394,1
2017/03/17,394,394,391,391,2200,391,1
2017/03/21,390,391,390,391,3800,391,1
2017/03/22,391,392,390,390,3400,390,1
2017/03/23,390,390,389,389,900,389,1
2017/03/24,391,391,387,388,1700,388,1
2017/03/27,394,394,387,387,3400,387,1
2017/03/28,394,394,394,394,100,394,1
2017/03/29,395,397,394,397,2400,397,1
2017/03/30,397,400,397,400,6800,400,1
2017/03/31,400,400,400,400,100,400,1
2017/04/03,401,402,398,398,1300,398,1
2017/04/04,400,400,396,396,2400,396,1
2017/04/05,396,396,396,396,100,396,1
2017/04/06,397,397,393,393,600,393,1
2017/04/07,393,393,393,393,200,393,1
2017/04/11,398,398,398,398,100,398,1
2017/04/12,400,400,394,395,2500,395,1
2017/04/13,395,398,395,398,2300,398,1
2017/04/14,398,398,397,397,400,397,1
2017/04/17,399,399,399,399,100,399,1
2017/04/18,399,401,399,400,1500,400,1
2017/04/19,401,401,400,400,200,400,1
2017/04/20,392,396,392,396,2500,396,1
2017/04/21,402,402,396,396,2000,396,1
2017/04/24,405,405,397,397,3300,397,1
2017/04/25,405,405,403,404,2100,404,1
2017/04/26,404,405,401,401,1300,401,1
2017/04/27,406,406,404,404,1000,404,1
2017/04/28,404,404,403,403,200,403,1
2017/05/01,403,403,402,402,300,402,1
2017/05/02,403,403,403,403,2200,403,1
2017/05/08,403,403,403,403,1800,403,1
2017/05/09,403,403,403,403,1400,403,1
2017/05/10,404,405,404,405,4100,405,1
2017/05/11,407,410,406,407,3200,407,1
2017/05/12,407,407,407,407,1200,407,1
2017/05/15,410,410,407,407,1100,407,1
2017/05/16,408,408,408,408,500,408,1
2017/05/17,408,408,406,406,1600,406,1
2017/05/18,408,408,399,399,2400,399,1
2017/05/19,407,412,407,412,5000,412,1
2017/05/22,412,412,406,406,1600,406,1
2017/05/23,411,411,407,407,2200,407,1
2017/05/24,412,412,408,412,3200,412,1
2017/05/25,412,414,410,414,1900,414,1
2017/05/26,416,416,414,414,6000,414,1
2017/05/29,415,420,414,420,5500,420,1
2017/05/30,420,426,420,420,4500,420,1
2017/05/31,420,420,420,420,800,420,1
2017/06/01,420,420,420,420,1200,420,1
2017/06/02,424,424,424,424,2600,424,1
2017/06/05,424,425,413,415,2100,415,1
2017/06/06,423,423,419,423,2200,423,1
2017/06/07,423,423,420,420,500,420,1
2017/06/08,421,421,421,421,200,421,1
2017/06/09,415,420,415,415,2300,415,1
2017/06/12,415,415,415,415,2200,415,1
2017/06/13,425,426,425,426,2000,426,1
2017/06/14,426,426,416,425,3300,425,1
2017/06/15,425,425,425,425,800,425,1
2017/06/16,427,427,415,425,3100,425,1
2017/06/19,425,425,425,425,500,425,1
2017/06/20,425,428,425,428,3600,428,1
2017/06/21,428,429,428,429,3500,429,1
2017/06/22,430,438,422,427,3400,427,1
2017/06/23,437,439,427,439,5400,439,1
2017/06/26,440,443,433,439,11000,439,1
2017/06/27,439,439,432,432,2200,432,1
2017/06/28,439,444,432,432,5700,432,1
2017/06/29,444,444,437,440,2400,440,1
2017/06/30,444,444,440,444,6700,444,1
2017/07/03,444,445,441,445,4700,445,1
2017/07/04,450,450,441,442,3000,442,1
2017/07/05,445,445,442,443,1300,443,1
2017/07/06,444,447,444,447,1200,447,1
2017/07/07,447,448,441,443,2100,443,1
2017/07/10,448,450,443,446,4400,446,1
2017/07/11,447,450,445,450,2500,450,1
2017/07/12,450,451,445,445,5300,445,1
2017/07/13,450,450,450,450,700,450,1
2017/07/14,451,453,450,450,4000,450,1
2017/07/18,450,454,450,450,4900,450,1
2017/07/19,450,452,450,452,2000,452,1
2017/07/20,452,452,450,452,4200,452,1
2017/07/21,453,455,451,452,3100,452,1
2017/07/24,458,460,453,460,7200,460,1
2017/07/25,462,463,460,461,5300,461,1
2017/07/26,461,464,460,464,9200,464,1
2017/07/27,464,469,464,469,18600,469,1
2017/07/28,470,470,466,470,10500,470,1
2017/07/31,472,477,472,477,8400,477,1
2017/08/01,478,485,478,478,14200,478,1
2017/08/02,478,487,478,479,8200,479,1
2017/08/03,479,479,463,464,16900,464,1
2017/08/04,472,475,467,471,4300,471,1
2017/08/07,468,474,467,467,11400,467,1
2017/08/08,469,470,467,470,11200,470,1
2017/08/09,470,471,468,468,6800,468,1
2017/08/10,468,474,468,472,8800,472,1
2017/08/14,472,475,471,475,14000,475,1
2017/08/15,477,482,475,480,22500,480,1
2017/08/16,437,440,425,430,54600,430,1
2017/08/17,436,439,431,432,14000,432,1
2017/08/18,432,433,428,431,8600,431,1
2017/08/21,429,429,425,426,7400,426,1
2017/08/22,424,424,420,421,11300,421,1
2017/08/23,422,423,421,421,5400,421,1
2017/08/24,423,430,423,429,1400,429,1
2017/08/25,424,430,424,430,5700,430,1
2017/08/28,430,431,423,431,9100,431,1
2017/08/29,424,429,420,427,10900,427,1
2017/08/30,424,427,421,424,3900,424,1
2017/08/31,422,423,422,423,3800,423,1
2017/09/01,423,424,423,423,600,423,1
2017/09/04,425,425,422,424,8300,424,1
2017/09/05,423,423,422,423,1200,423,1
2017/09/06,420,422,420,422,1900,422,1
2017/09/07,422,422,422,422,100,422,1
2017/09/08,422,422,422,422,1000,422,1
2017/09/11,423,429,421,426,1500,426,1
2017/09/12,426,426,426,426,100,426,1
2017/09/13,420,423,420,422,2400,422,1
2017/09/14,423,423,421,421,1600,421,1
2017/09/15,423,423,421,421,600,421,1
2017/09/19,428,428,422,423,2800,423,1
2017/09/20,423,425,421,425,1800,425,1
2017/09/21,422,423,418,420,5700,420,1
2017/09/22,422,423,419,423,4300,423,1
2017/09/25,423,456,420,456,11300,456,1
2017/09/26,459,459,434,434,15500,434,1
2017/09/27,437,445,435,440,3400,440,1
2017/09/28,441,445,441,445,6200,445,1
2017/09/29,445,445,417,418,16700,418,1
2017/10/02,418,428,418,427,7500,427,1
2017/10/03,426,427,424,427,1700,427,1
2017/10/04,427,428,426,428,1400,428,1
2017/10/05,428,428,427,427,200,427,1
2017/10/06,429,431,427,427,2900,427,1
2017/10/10,435,435,428,433,3900,433,1
2017/10/11,435,435,430,433,1900,433,1
2017/10/12,434,435,433,435,2700,435,1
2017/10/13,436,436,426,426,3000,426,1
2017/10/16,428,428,428,428,200,428,1
2017/10/17,428,428,425,427,1600,427,1
2017/10/18,430,431,428,429,2100,429,1
2017/10/19,426,427,426,426,1500,426,1
2017/10/20,426,428,426,428,1600,428,1
2017/10/23,432,432,426,427,1500,427,1
2017/10/24,430,430,430,430,400,430,1
2017/10/25,429,431,428,428,4200,428,1
2017/10/26,428,428,427,427,1200,427,1
2017/10/27,427,431,427,431,1300,431,1
2017/10/31,428,430,427,427,3800,427,1
2017/11/01,435,435,425,428,3200,428,1
2017/11/02,429,430,429,430,200,430,1
2017/11/06,429,430,429,429,2000,429,1
2017/11/07,430,431,429,431,2400,431,1
2017/11/08,433,433,432,432,600,432,1
2017/11/09,430,430,430,430,1000,430,1
2017/11/10,428,430,421,430,4900,430,1
2017/11/13,430,430,422,422,800,422,1
2017/11/14,432,432,432,432,100,432,1
2017/11/15,428,428,424,424,1300,424,1
2017/11/16,430,430,430,430,600,430,1
2017/11/17,431,431,431,431,200,431,1
2017/11/20,430,431,430,431,1600,431,1
2017/11/21,423,423,423,423,1100,423,1
2017/11/22,427,427,427,427,400,427,1
2017/11/24,428,433,428,433,1100,433,1
2017/11/27,430,431,428,428,4400,428,1
2017/11/28,429,435,428,435,2200,435,1
2017/11/30,433,435,433,435,1600,435,1
2017/12/01,433,451,433,435,8100,435,1
2017/12/04,447,447,437,437,600,437,1
2017/12/05,435,445,435,444,2200,444,1
2017/12/06,443,443,435,440,2300,440,1
2017/12/07,434,437,434,435,2300,435,1
2017/12/08,435,435,433,434,2300,434,1
2017/12/11,434,440,434,435,600,435,1
2017/12/12,434,434,434,434,1200,434,1
2017/12/13,440,440,436,437,1300,437,1
2017/12/14,437,440,435,435,2900,435,1
2017/12/15,442,442,440,440,1100,440,1
2017/12/18,445,445,445,445,3100,445,1
2017/12/19,445,445,445,445,200,445,1
2017/12/20,441,441,438,440,800,440,1
2017/12/21,437,437,437,437,300,437,1
2017/12/22,437,440,437,439,3000,439,1
2017/12/25,441,441,440,440,1200,440,1
2017/12/26,439,441,434,441,3200,441,1
2017/12/27,439,442,437,439,2000,439,1
2017/12/28,442,442,438,438,200,438,1
2017/12/29,438,438,435,435,900,435,1
2018/01/04,439,440,437,437,800,437,1
2018/01/05,438,438,435,437,1600,437,1
2018/01/09,437,442,437,442,5200,442,1
2018/01/10,440,440,435,440,5400,440,1
2018/01/11,439,440,438,440,700,440,1
2018/01/12,441,442,441,442,600,442,1
2018/01/15,441,441,437,441,1400,441,1
2018/01/16,442,443,442,443,2200,443,1
2018/01/17,443,446,443,446,600,446,1
2018/01/18,447,450,443,449,2500,449,1
2018/01/19,448,450,442,442,2900,442,1
2018/01/22,445,446,442,442,1700,442,1
2018/01/23,445,450,443,450,900,450,1
2018/01/24,449,452,448,448,2800,448,1
2018/01/25,448,460,447,460,2300,460,1
2018/01/26,458,458,449,449,6100,449,1
2018/01/29,448,451,446,448,2400,448,1
2018/01/30,448,450,441,441,8100,441,1
2018/01/31,440,442,440,441,3600,441,1
2018/02/01,443,447,443,443,1900,443,1
2018/02/02,442,442,441,441,1500,441,1
2018/02/05,436,439,435,435,5100,435,1
2018/02/06,423,429,410,415,10900,415,1
2018/02/07,419,426,419,421,4200,421,1
2018/02/08,427,437,425,437,3100,437,1
2018/02/09,430,430,414,425,2600,425,1
2018/02/13,439,439,429,434,2000,434,1
2018/02/14,431,440,429,440,1700,440,1
2018/02/15,444,444,432,432,3900,432,1
2018/02/16,432,432,425,427,3900,427,1
2018/02/19,435,435,434,434,700,434,1
2018/02/20,432,436,429,431,1700,431,1
2018/02/21,438,440,435,435,800,435,1
2018/02/23,436,440,436,439,2000,439,1
2018/02/26,433,437,433,437,1900,437,1
2018/02/27,438,441,438,440,2600,440,1
2018/02/28,440,443,440,440,2200,440,1
2018/03/01,443,443,439,439,2600,439,1
2018/03/02,437,437,437,437,100,437,1
2018/03/05,440,444,436,436,2600,436,1
2018/03/06,439,439,435,435,1800,435,1
2018/03/07,442,442,440,440,300,440,1
2018/03/09,443,444,435,437,2000,437,1
2018/03/12,437,437,435,436,1400,436,1
2018/03/14,435,440,435,440,1100,440,1
2018/03/15,436,436,436,436,100,436,1
2018/03/16,436,436,435,435,700,435,1
2018/03/19,435,440,435,439,3900,439,1
2018/03/20,436,442,436,438,700,438,1
2018/03/22,435,435,435,435,1100,435,1
2018/03/23,445,445,436,436,1200,436,1
2018/03/26,432,433,432,433,900,433,1
2018/03/27,445,446,431,439,2700,439,1
2018/03/28,443,443,443,443,1000,443,1
2018/03/29,447,447,439,442,2100,442,1
2018/03/30,445,448,445,448,3800,448,1
2018/04/02,450,450,447,447,900,447,1
2018/04/03,447,450,442,442,3000,442,1
2018/04/04,457,457,446,449,5000,449,1
2018/04/05,448,448,448,448,1000,448,1
2018/04/06,459,459,449,449,1300,449,1
2018/04/09,457,457,447,447,1100,447,1
2018/04/10,459,459,451,451,900,451,1
2018/04/11,453,457,453,457,900,457,1
2018/04/12,457,458,450,451,3200,451,1
2018/04/13,459,459,459,459,1000,459,1
2018/04/16,452,457,452,452,2800,452,1
2018/04/17,449,449,446,446,4500,446,1
2018/04/18,450,450,449,449,1300,449,1
2018/04/19,448,448,448,448,200,448,1
2018/04/20,462,462,462,462,1000,462,1
2018/04/23,462,462,460,460,1100,460,1
2018/04/24,461,461,453,454,400,454,1
2018/04/25,459,463,456,463,2500,463,1
2018/04/26,463,463,456,460,4100,460,1
2018/04/27,463,463,458,463,2700,463,1
2018/05/01,464,469,463,468,4200,468,1
2018/05/02,469,470,469,469,3700,469,1
2018/05/07,473,473,468,473,5200,473,1
2018/05/08,479,479,463,464,4000,464,1
2018/05/09,478,478,470,470,700,470,1
2018/05/10,471,471,468,470,1400,470,1
2018/05/11,474,474,474,474,1000,474,1
2018/05/14,475,475,472,474,3300,474,1
2018/05/15,474,474,472,472,1000,472,1
2018/05/16,474,474,472,472,1900,472,1
2018/05/17,475,475,472,473,1500,473,1
2018/05/18,475,475,471,473,2800,473,1
2018/05/21,477,480,476,476,4500,476,1
2018/05/22,468,475,465,475,7900,475,1
2018/05/23,475,475,467,470,500,470,1
2018/05/24,473,475,472,475,1100,475,1
2018/05/25,476,476,475,475,4100,475,1
2018/05/28,463,473,463,473,200,473,1
2018/05/29,475,475,473,473,1300,473,1
2018/05/30,465,465,465,465,2300,465,1
2018/05/31,466,466,466,466,300,466,1
2018/06/01,474,474,466,466,1200,466,1
2018/06/04,474,474,467,467,1100,467,1
2018/06/05,466,466,465,465,1600,465,1
2018/06/06,472,472,465,465,700,465,1
2018/06/07,467,467,465,465,800,465,1
2018/06/08,468,472,468,472,200,472,1
2018/06/11,472,473,472,473,300,473,1
2018/06/12,473,478,471,471,3600,471,1
2018/06/13,478,481,471,479,1500,479,1
2018/06/14,484,485,478,478,4200,478,1
2018/06/15,478,485,477,484,600,484,1
2018/06/18,484,484,484,484,200,484,1
2018/06/19,484,484,480,480,2500,480,1
2018/06/20,483,483,468,468,1900,468,1
2018/06/21,471,481,471,481,1400,481,1
2018/06/22,481,493,479,493,6700,493,1
2018/06/25,495,495,463,480,5000,480,1
2018/06/26,463,465,461,463,6100,463,1
2018/06/27,456,465,456,463,2200,463,1
2018/06/28,461,476,460,474,2900,474,1
2018/06/29,496,496,484,484,8000,484,1
2018/07/02,496,496,480,480,8200,480,1
2018/07/03,496,496,493,493,700,493,1
2018/07/04,491,491,473,482,2300,482,1
2018/07/05,474,479,471,479,3200,479,1
2018/07/06,479,479,479,479,100,479,1
2018/07/09,470,472,470,470,1900,470,1
2018/07/10,477,477,472,477,500,477,1
2018/07/11,471,471,469,469,3700,469,1
2018/07/12,466,466,460,460,5000,460,1
2018/07/13,461,474,460,460,2300,460,1
2018/07/17,463,464,463,464,700,464,1
2018/07/18,463,470,462,466,3300,466,1
2018/07/19,467,477,467,477,2300,477,1
2018/07/20,475,475,467,474,800,474,1
2018/07/23,480,486,480,486,3100,486,1
2018/07/24,475,475,475,475,1000,475,1
2018/07/25,475,479,472,479,500,479,1
2018/07/26,479,479,471,475,3700,475,1
2018/07/27,469,484,469,484,10600,484,1
2018/07/30,480,483,478,478,4600,478,1
2018/07/31,473,480,472,480,7400,480,1
2018/08/01,478,483,476,476,4100,476,1
2018/08/02,480,480,478,478,700,478,1
2018/08/03,477,478,464,473,7300,473,1
2018/08/06,472,478,472,478,3900,478,1
2018/08/07,472,478,468,475,6000,475,1
2018/08/08,478,478,468,473,7800,473,1
2018/08/09,470,474,469,473,6600,473,1
2018/08/10,474,474,460,460,11300,460,1
2018/08/13,462,462,455,455,6900,455,1
2018/08/14,450,465,445,464,16400,464,1
