2007/01/12,1480.0,1530.0,1480.0,1530.0,3000,1530,0.1
2007/01/15,1600.0,1600.0,1600.0,1600.0,1000,1600,0.1
2007/01/16,1650.0,1650.0,1650.0,1650.0,2000,1650,0.1
2007/01/18,1660.0,1660.0,1610.0,1610.0,2000,1610,0.1
2007/01/19,1620.0,1620.0,1620.0,1620.0,2000,1620,0.1
2007/01/25,1620.0,1620.0,1620.0,1620.0,1000,1620,0.1
2007/01/26,1700.0,1700.0,1700.0,1700.0,1000,1700,0.1
2007/01/29,1690.0,1690.0,1690.0,1690.0,1000,1690,0.1
2007/02/23,1720.0,1720.0,1720.0,1720.0,2000,1720,0.1
2007/02/26,1720.0,1720.0,1720.0,1720.0,3000,1720,0.1
2007/03/09,1700.0,1700.0,1700.0,1700.0,1000,1700,0.1
2007/03/15,1660.0,1660.0,1660.0,1660.0,1000,1660,0.1
2007/03/20,1560.0,1560.0,1550.0,1550.0,3000,1550,0.1
2007/03/22,1540.0,1540.0,1500.0,1500.0,4000,1500,0.1
2007/03/23,1450.0,1450.0,1450.0,1450.0,4000,1450,0.1
2007/03/26,1450.0,1450.0,1450.0,1450.0,4000,1450,0.1
2007/03/27,1450.0,1450.0,1450.0,1450.0,1000,1450,0.1
2007/03/30,1500.0,1500.0,1500.0,1500.0,3000,1500,0.1
2007/04/10,1450.0,1450.0,1450.0,1450.0,1000,1450,0.1
2007/04/11,1430.0,1430.0,1430.0,1430.0,1000,1430,0.1
2007/04/17,1470.0,1470.0,1470.0,1470.0,1000,1470,0.1
2007/04/19,1220.0,1220.0,1220.0,1220.0,5000,1220,0.1
2007/04/20,1250.0,1280.0,1230.0,1280.0,6000,1280,0.1
2007/04/23,1250.0,1250.0,1250.0,1250.0,2000,1250,0.1
2007/04/25,1260.0,1450.0,1260.0,1450.0,2000,1450,0.1
2007/04/26,1500.0,1500.0,1500.0,1500.0,4000,1500,0.1
2007/05/08,1450.0,1450.0,1440.0,1440.0,4000,1440,0.1
2007/05/09,1430.0,1430.0,1410.0,1410.0,5000,1410,0.1
2007/05/15,1410.0,1410.0,1410.0,1410.0,1000,1410,0.1
2007/05/22,1450.0,1450.0,1450.0,1450.0,1000,1450,0.1
2007/05/24,1450.0,1450.0,1450.0,1450.0,1000,1450,0.1
2007/05/25,1450.0,1450.0,1450.0,1450.0,2000,1450,0.1
2007/05/28,1550.0,1550.0,1450.0,1450.0,4000,1450,0.1
2007/06/05,1450.0,1450.0,1450.0,1450.0,2000,1450,0.1
2007/06/07,1400.0,1400.0,1350.0,1350.0,5000,1350,0.1
2007/06/14,1380.0,1380.0,1380.0,1380.0,1000,1380,0.1
2007/06/21,1550.0,1550.0,1550.0,1550.0,1000,1550,0.1
2007/06/27,1700.0,1700.0,1700.0,1700.0,1000,1700,0.1
2007/06/28,1780.0,1780.0,1780.0,1780.0,4000,1780,0.1
2007/06/29,1780.0,1780.0,1780.0,1780.0,1000,1780,0.1
2007/07/04,1740.0,1740.0,1740.0,1740.0,1000,1740,0.1
2007/07/09,1740.0,1740.0,1740.0,1740.0,1000,1740,0.1
2007/07/11,1740.0,1740.0,1740.0,1740.0,4000,1740,0.1
2007/07/18,1740.0,1740.0,1740.0,1740.0,1000,1740,0.1
2007/07/25,1700.0,1700.0,1700.0,1700.0,3000,1700,0.1
2007/08/27,1640.0,1640.0,1640.0,1640.0,7000,1640,0.1
2007/09/04,1380.0,1380.0,1380.0,1380.0,1000,1380,0.1
2007/09/05,1390.0,1390.0,1390.0,1390.0,1000,1390,0.1
2007/09/27,1470.0,1470.0,1470.0,1470.0,4000,1470,0.1
2007/10/10,1420.0,1420.0,1420.0,1420.0,1000,1420,0.1
2007/10/25,1430.0,1430.0,1430.0,1430.0,5000,1430,0.1
2007/10/30,1180.0,1180.0,1180.0,1180.0,2000,1180,0.1
2007/11/01,1180.0,1190.0,1180.0,1190.0,2000,1190,0.1
2007/11/08,1190.0,1190.0,1190.0,1190.0,1000,1190,0.1
2007/11/09,1590.0,1590.0,1590.0,1590.0,1000,1590,0.1
2007/11/12,1600.0,1600.0,1250.0,1250.0,2000,1250,0.1
2007/11/21,1220.0,1220.0,1220.0,1220.0,1000,1220,0.1
2007/11/27,1280.0,1280.0,1280.0,1280.0,5000,1280,0.1
2007/11/29,1480.0,1480.0,1480.0,1480.0,1000,1480,0.1
2007/12/04,1250.0,1250.0,1250.0,1250.0,1000,1250,0.1
2007/12/10,1220.0,1220.0,1220.0,1220.0,1000,1220,0.1
2007/12/14,1430.0,1430.0,1430.0,1430.0,1000,1430,0.1
2007/12/25,1400.0,1400.0,1400.0,1400.0,3000,1400,0.1
2008/01/25,1300.0,1300.0,1300.0,1300.0,1000,1300,0.1
2008/01/28,1360.0,1360.0,1360.0,1360.0,2000,1360,0.1
2008/01/29,1410.0,1410.0,1410.0,1410.0,6000,1410,0.1
2008/01/30,1200.0,1400.0,1200.0,1400.0,8000,1400,0.1
2008/02/08,1180.0,1180.0,1100.0,1100.0,2000,1100,0.1
2008/02/14,1110.0,1110.0,1110.0,1110.0,1000,1110,0.1
2008/02/18,1080.0,1080.0,1080.0,1080.0,1000,1080,0.1
2008/02/19,1020.0,1020.0,1000.0,1000.0,3000,1000,0.1
2008/02/26,1030.0,1030.0,1030.0,1030.0,1000,1030,0.1
2008/02/28,1140.0,1140.0,1140.0,1140.0,3000,1140,0.1
2008/02/29,1190.0,1190.0,1190.0,1190.0,1000,1190,0.1
2008/03/26,1240.0,1240.0,1240.0,1240.0,5000,1240,0.1
2008/04/09,1000.0,1000.0,1000.0,1000.0,1000,1000,0.1
2008/04/21,1000.0,1000.0,1000.0,1000.0,8000,1000,0.1
2008/04/28,1060.0,1060.0,1060.0,1060.0,1000,1060,0.1
2008/04/30,1110.0,1110.0,1110.0,1110.0,1000,1110,0.1
2008/05/02,1210.0,1210.0,1210.0,1210.0,3000,1210,0.1
2008/05/12,1020.0,1020.0,1020.0,1020.0,1000,1020,0.1
2008/05/16,1010.0,1010.0,1010.0,1010.0,3000,1010,0.1
2008/05/20,1050.0,1050.0,1050.0,1050.0,1000,1050,0.1
2008/05/21,1050.0,1050.0,1050.0,1050.0,2000,1050,0.1
2008/05/23,1040.0,1040.0,1040.0,1040.0,1000,1040,0.1
2008/05/27,1100.0,1100.0,1100.0,1100.0,1000,1100,0.1
2008/05/28,1150.0,1150.0,1150.0,1150.0,1000,1150,0.1
2008/05/29,1200.0,1200.0,1200.0,1200.0,1000,1200,0.1
2008/05/30,1260.0,1260.0,1260.0,1260.0,1000,1260,0.1
2008/06/25,1230.0,1230.0,1230.0,1230.0,5000,1230,0.1
2008/06/26,1290.0,1290.0,1290.0,1290.0,2000,1290,0.1
2008/06/27,1330.0,1330.0,1330.0,1330.0,2000,1330,0.1
2008/07/04,1300.0,1300.0,1300.0,1300.0,1000,1300,0.1
2008/07/25,1300.0,1300.0,1300.0,1300.0,4000,1300,0.1
2008/07/28,1360.0,1360.0,1360.0,1360.0,4000,1360,0.1
2008/08/04,1160.0,1160.0,1160.0,1160.0,1000,1160,0.1
2008/08/05,1040.0,1040.0,1040.0,1040.0,3000,1040,0.1
2008/08/06,1300.0,1300.0,1300.0,1300.0,1000,1300,0.1
2008/08/25,1290.0,1290.0,1290.0,1290.0,4000,1290,0.1
2008/09/01,1020.0,1020.0,1020.0,1020.0,4000,1020,0.1
2008/09/03,1040.0,1040.0,1040.0,1040.0,1000,1040,0.1
2008/09/04,1050.0,1050.0,1050.0,1050.0,1000,1050,0.1
2008/09/18,600.0,600.0,600.0,600.0,2000,600,0.1
2008/09/19,900.0,900.0,900.0,900.0,2000,900,0.1
2008/09/22,1170.0,1170.0,1170.0,1170.0,1000,1170,0.1
2008/09/24,920.0,1000.0,920.0,1000.0,2000,1000,0.1
2008/09/29,1100.0,1100.0,1100.0,1100.0,1000,1100,0.1
2008/09/30,1150.0,1150.0,1150.0,1150.0,4000,1150,0.1
2008/10/27,1150.0,1150.0,1150.0,1150.0,4000,1150,0.1
2008/11/07,1140.0,1140.0,1140.0,1140.0,1000,1140,0.1
2008/11/10,1150.0,1150.0,1150.0,1150.0,3000,1150,0.1
2008/11/25,1140.0,1140.0,1140.0,1140.0,3000,1140,0.1
2008/11/26,1190.0,1190.0,1190.0,1190.0,2000,1190,0.1
2008/12/12,1190.0,1190.0,1190.0,1190.0,1000,1190,0.1
2008/12/25,1170.0,1170.0,1170.0,1170.0,3000,1170,0.1
2009/01/13,1150.0,1150.0,1150.0,1150.0,2000,1150,0.1
2009/01/26,1120.0,1120.0,1120.0,1120.0,9000,1120,0.1
2009/02/09,1100.0,1120.0,1100.0,1120.0,2000,1120,0.1
2009/02/13,610.0,610.0,610.0,610.0,5000,610,0.1
2009/02/23,1000.0,1000.0,1000.0,1000.0,1000,1000,0.1
2009/02/25,1000.0,1000.0,1000.0,1000.0,6000,1000,0.1
2009/03/03,800.0,800.0,800.0,800.0,1000,800,0.1
2009/03/25,800.0,800.0,800.0,800.0,1000,800,0.1
2009/03/30,920.0,920.0,920.0,920.0,1000,920,0.1
2009/03/31,960.0,960.0,960.0,960.0,1000,960,0.1
2009/04/17,1000.0,1000.0,1000.0,1000.0,3000,1000,0.1
2009/04/27,1000.0,1000.0,1000.0,1000.0,4000,1000,0.1
2009/04/28,1050.0,1050.0,1050.0,1050.0,1000,1050,0.1
2009/04/30,1100.0,1100.0,1100.0,1100.0,1000,1100,0.1
2009/05/07,960.0,960.0,960.0,960.0,1000,960,0.1
2009/05/25,960.0,960.0,960.0,960.0,1000,960,0.1
2009/05/26,1000.0,1000.0,1000.0,1000.0,1000,1000,0.1
2009/05/29,1150.0,1150.0,1150.0,1150.0,2000,1150,0.1
2009/06/22,1130.0,1130.0,1130.0,1130.0,1000,1130,0.1
2009/06/24,1050.0,1050.0,1050.0,1050.0,1000,1050,0.1
2009/06/25,1050.0,1050.0,1050.0,1050.0,2000,1050,0.1
2009/06/26,1100.0,1110.0,1100.0,1100.0,6000,1100,0.1
2009/06/29,1140.0,1140.0,1140.0,1140.0,3000,1140,0.1
2009/07/10,930.0,930.0,930.0,930.0,5000,930,0.1
2009/07/13,870.0,870.0,860.0,860.0,5000,860,0.1
2009/07/14,930.0,980.0,930.0,980.0,3000,980,0.1
2009/07/29,1070.0,1070.0,1070.0,1070.0,1000,1070,0.1
2009/07/30,1120.0,1120.0,1120.0,1120.0,5000,1120,0.1
2009/07/31,1130.0,1130.0,1130.0,1130.0,3000,1130,0.1
2009/08/24,960.0,960.0,960.0,960.0,1000,960,0.1
2009/08/27,1050.0,1050.0,1050.0,1050.0,4000,1050,0.1
2009/08/28,1100.0,1100.0,1100.0,1100.0,1000,1100,0.1
2009/09/25,1090.0,1090.0,1090.0,1090.0,5000,1090,0.1
2009/10/14,1000.0,1000.0,1000.0,1000.0,4000,1000,0.1
2009/10/15,1000.0,1000.0,1000.0,1000.0,2000,1000,0.1
2009/10/22,1010.0,1010.0,1000.0,1000.0,4000,1000,0.1
2009/10/26,1000.0,1000.0,1000.0,1000.0,2000,1000,0.1
2009/10/27,1050.0,1050.0,1050.0,1050.0,3000,1050,0.1
2009/11/02,1050.0,1050.0,1050.0,1050.0,1000,1050,0.1
2009/11/04,1000.0,1000.0,1000.0,1000.0,1000,1000,0.1
2009/11/25,1000.0,1000.0,1000.0,1000.0,5000,1000,0.1
2009/12/15,1000.0,1000.0,1000.0,1000.0,3000,1000,0.1
2009/12/17,1000.0,1000.0,1000.0,1000.0,1000,1000,0.1
2009/12/21,1000.0,1000.0,1000.0,1000.0,5000,1000,0.1
2009/12/24,1000.0,1000.0,1000.0,1000.0,12000,1000,0.1
2009/12/28,1100.0,1100.0,1100.0,1100.0,2000,1100,0.1
2009/12/29,1150.0,1150.0,1150.0,1150.0,4000,1150,0.1
2010/01/25,1200.0,1200.0,1200.0,1200.0,1000,1200,0.1
2010/02/04,1010.0,1010.0,1000.0,1000.0,11000,1000,0.1
2010/02/05,1000.0,1000.0,1000.0,1000.0,4000,1000,0.1
2010/02/08,1000.0,1000.0,1000.0,1000.0,8000,1000,0.1
2010/02/09,1000.0,1000.0,1000.0,1000.0,1000,1000,0.1
2010/02/12,990.0,990.0,990.0,990.0,1000,990,0.1
2010/02/16,1000.0,1000.0,1000.0,1000.0,2000,1000,0.1
2010/02/17,990.0,1000.0,990.0,1000.0,11000,1000,0.1
2010/02/18,1000.0,1000.0,1000.0,1000.0,2000,1000,0.1
2010/02/19,1000.0,1000.0,1000.0,1000.0,2000,1000,0.1
2010/02/22,1000.0,1000.0,1000.0,1000.0,1000,1000,0.1
2010/02/23,1020.0,1020.0,1020.0,1020.0,5000,1020,0.1
2010/02/25,1000.0,1000.0,1000.0,1000.0,1000,1000,0.1
2010/02/26,1050.0,1050.0,1050.0,1050.0,13000,1050,0.1
2010/03/01,1050.0,1050.0,1050.0,1050.0,1000,1050,0.1
2010/03/05,1000.0,1000.0,1000.0,1000.0,1000,1000,0.1
2010/03/09,1010.0,1010.0,1010.0,1010.0,2000,1010,0.1
2010/03/10,1000.0,1000.0,1000.0,1000.0,1000,1000,0.1
2010/03/15,1000.0,1000.0,1000.0,1000.0,1000,1000,0.1
2010/03/17,1050.0,1050.0,1050.0,1050.0,1000,1050,0.1
2010/03/30,1100.0,1100.0,1100.0,1100.0,1000,1100,0.1
2010/03/31,1150.0,1150.0,1150.0,1150.0,1000,1150,0.1
2010/04/09,1060.0,1080.0,1060.0,1080.0,2000,1080,0.1
2010/04/13,1150.0,1160.0,1150.0,1160.0,2000,1160,0.1
2010/04/14,1200.0,1200.0,1200.0,1200.0,2000,1200,0.1
2010/04/20,1100.0,1100.0,1030.0,1030.0,5000,1030,0.1
2010/04/21,1090.0,1090.0,1090.0,1090.0,1000,1090,0.1
2010/04/26,1110.0,1110.0,1110.0,1110.0,1000,1110,0.1
2010/04/28,1220.0,1220.0,1220.0,1220.0,5000,1220,0.1
2010/05/07,1080.0,1080.0,1080.0,1080.0,1000,1080,0.1
2010/05/10,1030.0,1030.0,1030.0,1030.0,1000,1030,0.1
2010/05/11,1060.0,1060.0,1060.0,1060.0,1000,1060,0.1
2010/05/25,1060.0,1060.0,1060.0,1060.0,1000,1060,0.1
2010/05/28,1110.0,1110.0,1110.0,1110.0,1000,1110,0.1
2010/06/04,1610.0,1610.0,1610.0,1610.0,3000,1610,0.1
2010/06/24,1100.0,1100.0,1100.0,1100.0,2000,1100,0.1
2010/06/25,1100.0,1100.0,1100.0,1100.0,1000,1100,0.1
2010/07/26,1160.0,1160.0,1160.0,1160.0,4000,1160,0.1
2010/07/28,1220.0,1220.0,1220.0,1220.0,4000,1220,0.1
2010/07/29,1340.0,1340.0,1340.0,1340.0,6000,1340,0.1
2010/08/25,1300.0,1300.0,1300.0,1300.0,9000,1300,0.1
2010/09/27,1300.0,1300.0,1300.0,1300.0,3000,1300,0.1
2010/09/28,1300.0,1300.0,1300.0,1300.0,1000,1300,0.1
2010/09/29,1300.0,1300.0,1300.0,1300.0,7000,1300,0.1
2010/10/18,1000.0,1000.0,900.0,900.0,3000,900,0.1
2010/10/25,950.0,950.0,950.0,950.0,1000,950,0.1
2010/10/26,990.0,990.0,990.0,990.0,1000,990,0.1
2010/10/27,1030.0,1030.0,1030.0,1030.0,3000,1030,0.1
2010/11/10,1030.0,1030.0,1030.0,1030.0,1000,1030,0.1
2010/11/15,1000.0,1000.0,1000.0,1000.0,1000,1000,0.1
2010/11/16,990.0,990.0,990.0,990.0,4000,990,0.1
2010/11/18,1000.0,1000.0,1000.0,1000.0,2000,1000,0.1
2010/11/19,1000.0,1000.0,1000.0,1000.0,5000,1000,0.1
2010/11/24,1000.0,1040.0,1000.0,1040.0,8000,1040,0.1
2010/11/25,1040.0,1040.0,1040.0,1040.0,4000,1040,0.1
2010/12/02,1000.0,1000.0,1000.0,1000.0,9000,1000,0.1
2010/12/20,950.0,950.0,950.0,950.0,3000,950,0.1
2010/12/24,1000.0,1000.0,1000.0,1000.0,1000,1000,0.1
2010/12/27,1000.0,1000.0,930.0,930.0,14000,930,0.1
2010/12/28,980.0,980.0,980.0,980.0,1000,980,0.1
2011/01/07,980.0,980.0,980.0,980.0,4000,980,0.1
2011/01/21,990.0,1030.0,990.0,1030.0,5000,1030,0.1
2011/01/25,1030.0,1030.0,1030.0,1030.0,5000,1030,0.1
2011/02/21,1050.0,1050.0,1050.0,1050.0,2000,1050,0.1
2011/02/24,1020.0,1050.0,1020.0,1050.0,3000,1050,0.1
2011/02/25,1050.0,1050.0,1050.0,1050.0,3000,1050,0.1
2011/03/22,1100.0,1100.0,1100.0,1100.0,1000,1100,0.1
2011/03/25,1100.0,1100.0,1100.0,1100.0,2000,1100,0.1
2011/03/28,1200.0,1200.0,1200.0,1200.0,1000,1200,0.1
2011/03/29,1200.0,1200.0,1160.0,1160.0,4000,1160,0.1
2011/03/31,1010.0,1010.0,900.0,900.0,6000,900,0.1
2011/04/01,960.0,960.0,960.0,960.0,2000,960,0.1
2011/04/08,950.0,950.0,950.0,950.0,1000,950,0.1
2011/04/12,970.0,970.0,970.0,970.0,2000,970,0.1
2011/04/25,970.0,970.0,970.0,970.0,1000,970,0.1
2011/04/26,1010.0,1010.0,1010.0,1010.0,2000,1010,0.1
2011/05/19,900.0,900.0,900.0,900.0,5000,900,0.1
2011/05/20,930.0,930.0,930.0,930.0,1000,930,0.1
2011/05/23,900.0,900.0,880.0,880.0,3000,880,0.1
2011/05/25,910.0,920.0,910.0,920.0,3000,920,0.1
2011/05/26,960.0,960.0,960.0,960.0,1000,960,0.1
2011/05/27,1000.0,1000.0,1000.0,1000.0,4000,1000,0.1
2011/06/02,950.0,950.0,950.0,950.0,3000,950,0.1
2011/06/08,910.0,910.0,910.0,910.0,1000,910,0.1
2011/06/13,900.0,900.0,900.0,900.0,1000,900,0.1
2011/06/15,950.0,1000.0,950.0,1000.0,10000,1000,0.1
2011/06/20,940.0,940.0,910.0,910.0,4000,910,0.1
2011/06/27,920.0,920.0,920.0,920.0,1000,920,0.1
2011/06/28,970.0,970.0,970.0,970.0,6000,970,0.1
2011/06/29,1000.0,1000.0,1000.0,1000.0,12000,1000,0.1
2011/07/11,940.0,940.0,940.0,940.0,2000,940,0.1
2011/07/25,990.0,1000.0,990.0,1000.0,5000,1000,0.1
2011/07/26,1040.0,1040.0,1040.0,1040.0,9000,1040,0.1
2011/08/24,1050.0,1090.0,1050.0,1090.0,5000,1090,0.1
2011/08/25,1090.0,1090.0,940.0,940.0,5000,940,0.1
2011/09/26,950.0,950.0,950.0,950.0,1000,950,0.1
2011/09/29,1040.0,1040.0,1040.0,1040.0,4000,1040,0.1
2011/10/11,940.0,940.0,940.0,940.0,2000,940,0.1
2011/10/26,990.0,990.0,990.0,990.0,1000,990,0.1
2011/10/27,1030.0,1030.0,1030.0,1030.0,3000,1030,0.1
2011/10/28,1050.0,1050.0,1050.0,1050.0,5000,1050,0.1
2011/10/31,1050.0,1050.0,1050.0,1050.0,1000,1050,0.1
2011/11/07,970.0,980.0,970.0,980.0,3000,980,0.1
2011/11/09,960.0,960.0,960.0,960.0,2000,960,0.1
2011/11/22,970.0,970.0,970.0,970.0,2000,970,0.1
2011/11/25,970.0,970.0,970.0,970.0,1000,970,0.1
2011/11/28,1000.0,1000.0,1000.0,1000.0,4000,1000,0.1
2011/12/21,1040.0,1040.0,1040.0,1040.0,1000,1040,0.1
2011/12/26,1040.0,1040.0,1040.0,1040.0,10000,1040,0.1
2012/01/17,990.0,990.0,990.0,990.0,3000,990,0.1
2012/01/25,990.0,1000.0,990.0,1000.0,9000,1000,0.1
2012/02/15,980.0,980.0,980.0,980.0,2000,980,0.1
2012/02/17,940.0,940.0,920.0,920.0,5000,920,0.1
2012/02/20,960.0,980.0,960.0,980.0,3000,980,0.1
2012/02/21,960.0,960.0,960.0,960.0,2000,960,0.1
2012/02/22,950.0,970.0,950.0,970.0,6000,970,0.1
2012/02/23,970.0,990.0,970.0,990.0,6000,990,0.1
2012/02/27,970.0,970.0,970.0,970.0,1000,970,0.1
2012/02/28,990.0,990.0,970.0,970.0,8000,970,0.1
2012/03/06,990.0,990.0,990.0,990.0,1000,990,0.1
2012/03/07,980.0,980.0,980.0,980.0,1000,980,0.1
2012/03/19,1000.0,1000.0,1000.0,1000.0,2000,1000,0.1
2012/03/21,1030.0,1030.0,1030.0,1030.0,1000,1030,0.1
2012/03/26,1030.0,1030.0,1030.0,1030.0,2000,1030,0.1
2012/03/27,1080.0,1080.0,1040.0,1040.0,4000,1040,0.1
2012/04/06,1070.0,1070.0,1070.0,1070.0,1000,1070,0.1
2012/04/09,1070.0,1070.0,1070.0,1070.0,2000,1070,0.1
2012/04/10,970.0,970.0,970.0,970.0,1000,970,0.1
2012/04/13,970.0,970.0,970.0,970.0,1000,970,0.1
2012/04/23,1000.0,1010.0,1000.0,1010.0,2000,1010,0.1
2012/04/25,1010.0,1010.0,1010.0,1010.0,2000,1010,0.1
2012/04/26,1020.0,1020.0,1020.0,1020.0,2000,1020,0.1
2012/05/21,1040.0,1040.0,1040.0,1040.0,1000,1040,0.1
2012/05/25,1000.0,1000.0,1000.0,1000.0,5000,1000,0.1
2012/06/08,1000.0,1000.0,1000.0,1000.0,1000,1000,0.1
2012/06/11,1000.0,1000.0,1000.0,1000.0,1000,1000,0.1
2012/06/13,1000.0,1000.0,1000.0,1000.0,1000,1000,0.1
2012/06/14,1010.0,1010.0,1010.0,1010.0,1000,1010,0.1
2012/06/21,1010.0,1010.0,1010.0,1010.0,2000,1010,0.1
2012/06/25,1010.0,1010.0,1010.0,1010.0,1000,1010,0.1
2012/06/26,1040.0,1040.0,1010.0,1010.0,4000,1010,0.1
2012/07/02,1050.0,1050.0,1050.0,1050.0,4000,1050,0.1
2012/07/03,1040.0,1050.0,1040.0,1050.0,3000,1050,0.1
2012/07/04,1040.0,1040.0,1040.0,1040.0,1000,1040,0.1
2012/07/05,1030.0,1030.0,1030.0,1030.0,2000,1030,0.1
2012/07/06,1020.0,1050.0,1020.0,1050.0,5000,1050,0.1
2012/07/12,1040.0,1040.0,1040.0,1040.0,1000,1040,0.1
2012/07/25,1040.0,1050.0,1040.0,1050.0,13000,1050,0.1
2012/07/26,1040.0,1040.0,1040.0,1040.0,3000,1040,0.1
2012/08/01,1040.0,1040.0,1040.0,1040.0,2000,1040,0.1
2012/08/07,1040.0,1040.0,1040.0,1040.0,2000,1040,0.1
2012/08/27,1040.0,1040.0,1040.0,1040.0,8000,1040,0.1
2012/09/03,1000.0,1000.0,1000.0,1000.0,3000,1000,0.1
2012/09/12,970.0,980.0,930.0,930.0,5000,930,0.1
2012/09/21,880.0,880.0,880.0,880.0,4000,880,0.1
2012/09/27,990.0,990.0,990.0,990.0,4000,990,0.1
2012/10/12,1000.0,1000.0,1000.0,1000.0,6000,1000,0.1
2012/10/16,1000.0,1000.0,1000.0,1000.0,5000,1000,0.1
2012/10/25,1000.0,1000.0,1000.0,1000.0,1000,1000,0.1
2012/10/26,1050.0,1050.0,1050.0,1050.0,4000,1050,0.1
2012/10/29,1000.0,1000.0,1000.0,1000.0,2000,1000,0.1
2012/11/01,1000.0,1000.0,1000.0,1000.0,2000,1000,0.1
2012/11/06,1000.0,1000.0,1000.0,1000.0,1000,1000,0.1
2012/11/26,1000.0,1000.0,1000.0,1000.0,3000,1000,0.1
2012/11/27,1030.0,1030.0,1030.0,1030.0,2000,1030,0.1
2012/12/03,1030.0,1030.0,1030.0,1030.0,1000,1030,0.1
2012/12/05,1030.0,1030.0,1030.0,1030.0,1000,1030,0.1
2012/12/07,1010.0,1010.0,1010.0,1010.0,3000,1010,0.1
2012/12/10,1020.0,1020.0,1020.0,1020.0,2000,1020,0.1
2012/12/11,1020.0,1020.0,1020.0,1020.0,2000,1020,0.1
2012/12/13,1020.0,1020.0,1010.0,1010.0,3000,1010,0.1
2012/12/18,1020.0,1020.0,1000.0,1000.0,3000,1000,0.1
2012/12/25,1000.0,1000.0,1000.0,1000.0,1000,1000,0.1
2012/12/26,1040.0,1040.0,1040.0,1040.0,3000,1040,0.1
2013/01/04,1030.0,1040.0,1030.0,1040.0,2000,1040,0.1
2013/01/09,1050.0,1050.0,1050.0,1050.0,8000,1050,0.1
2013/01/10,1050.0,1050.0,1050.0,1050.0,4000,1050,0.1
2013/01/11,1050.0,1050.0,1050.0,1050.0,4000,1050,0.1
2013/01/15,1100.0,1100.0,1100.0,1100.0,1000,1100,0.1
2013/01/18,1000.0,1000.0,1000.0,1000.0,4000,1000,0.1
2013/01/22,1000.0,1000.0,1000.0,1000.0,2000,1000,0.1
2013/01/23,1000.0,1000.0,1000.0,1000.0,2000,1000,0.1
2013/01/25,1010.0,1020.0,1010.0,1020.0,3000,1020,0.1
2013/01/28,1060.0,1060.0,1060.0,1060.0,8000,1060,0.1
2013/02/06,1020.0,1030.0,1020.0,1030.0,2000,1030,0.1
2013/02/08,1030.0,1030.0,1030.0,1030.0,10000,1030,0.1
2013/02/15,1030.0,1030.0,1030.0,1030.0,2000,1030,0.1
2013/02/20,1030.0,1030.0,1030.0,1030.0,2000,1030,0.1
2013/02/21,1030.0,1030.0,1030.0,1030.0,3000,1030,0.1
2013/02/25,1030.0,1030.0,1030.0,1030.0,3000,1030,0.1
2013/02/26,1010.0,1010.0,1010.0,1010.0,4000,1010,0.1
2013/02/27,1010.0,1010.0,1010.0,1010.0,1000,1010,0.1
2013/02/28,1000.0,1010.0,1000.0,1010.0,4000,1010,0.1
2013/03/01,1010.0,1010.0,1010.0,1010.0,4000,1010,0.1
2013/03/04,1010.0,1010.0,1010.0,1010.0,3000,1010,0.1
2013/03/05,1010.0,1010.0,1010.0,1010.0,3000,1010,0.1
2013/03/06,1010.0,1010.0,1010.0,1010.0,3000,1010,0.1
2013/03/08,1010.0,1010.0,1010.0,1010.0,3000,1010,0.1
2013/03/11,1010.0,1010.0,1010.0,1010.0,5000,1010,0.1
2013/03/12,1010.0,1010.0,1010.0,1010.0,3000,1010,0.1
2013/03/13,1010.0,1010.0,1010.0,1010.0,3000,1010,0.1
2013/03/14,1010.0,1010.0,1010.0,1010.0,2000,1010,0.1
2013/03/15,1030.0,1030.0,1030.0,1030.0,4000,1030,0.1
2013/03/18,1030.0,1030.0,1030.0,1030.0,3000,1030,0.1
2013/03/19,1040.0,1100.0,1040.0,1100.0,8000,1100,0.1
2013/03/21,1070.0,1070.0,1060.0,1060.0,2000,1060,0.1
2013/03/25,1060.0,1060.0,1050.0,1050.0,4000,1050,0.1
2013/03/26,1050.0,1050.0,1040.0,1040.0,4000,1040,0.1
2013/03/27,1040.0,1040.0,1040.0,1040.0,1000,1040,0.1
2013/04/01,1040.0,1040.0,1030.0,1030.0,6000,1030,0.1
2013/04/05,1000.0,1000.0,1000.0,1000.0,2000,1000,0.1
2013/04/08,1030.0,1030.0,1030.0,1030.0,2000,1030,0.1
2013/04/09,1030.0,1030.0,1030.0,1030.0,1000,1030,0.1
2013/04/10,1030.0,1030.0,1030.0,1030.0,3000,1030,0.1
2013/04/11,1030.0,1050.0,1030.0,1050.0,5000,1050,0.1
2013/04/12,1050.0,1070.0,1040.0,1070.0,7000,1070,0.1
2013/04/15,1040.0,1040.0,1030.0,1030.0,3000,1030,0.1
2013/04/16,1050.0,1050.0,1050.0,1050.0,1000,1050,0.1
2013/04/17,1050.0,1050.0,1050.0,1050.0,3000,1050,0.1
2013/04/18,1040.0,1040.0,1040.0,1040.0,3000,1040,0.1
2013/04/19,1040.0,1040.0,1040.0,1040.0,3000,1040,0.1
2013/04/23,1050.0,1050.0,1030.0,1030.0,7000,1030,0.1
2013/04/25,1040.0,1070.0,1040.0,1070.0,7000,1070,0.1
2013/04/26,1110.0,1110.0,1070.0,1070.0,6000,1070,0.1
2013/04/30,1070.0,1070.0,1060.0,1060.0,2000,1060,0.1
2013/05/01,1060.0,1060.0,1060.0,1060.0,4000,1060,0.1
2013/05/02,1070.0,1070.0,1070.0,1070.0,1000,1070,0.1
2013/05/16,1090.0,1090.0,1090.0,1090.0,1000,1090,0.1
2013/05/17,1090.0,1090.0,1090.0,1090.0,1000,1090,0.1
2013/05/22,1090.0,1090.0,1090.0,1090.0,2000,1090,0.1
2013/05/23,1090.0,1090.0,1090.0,1090.0,1000,1090,0.1
2013/05/27,1090.0,1090.0,1000.0,1000.0,14000,1000,0.1
2013/05/31,970.0,970.0,970.0,970.0,8000,970,0.1
2013/06/05,1000.0,1000.0,1000.0,1000.0,4000,1000,0.1
2013/06/06,1000.0,1000.0,990.0,990.0,4000,990,0.1
2013/06/10,970.0,970.0,970.0,970.0,1000,970,0.1
2013/06/14,1000.0,1020.0,1000.0,1020.0,2000,1020,0.1
2013/06/25,1050.0,1050.0,1050.0,1050.0,6000,1050,0.1
2013/06/26,1100.0,1100.0,1100.0,1100.0,12000,1100,0.1
2013/06/27,1100.0,1100.0,1100.0,1100.0,2000,1100,0.1
2013/07/16,1010.0,1020.0,1010.0,1020.0,3000,1020,0.1
2013/07/25,1030.0,1030.0,1030.0,1030.0,1000,1030,0.1
2013/07/26,1080.0,1080.0,1080.0,1080.0,7000,1080,0.1
2013/08/12,1030.0,1030.0,1030.0,1030.0,3000,1030,0.1
2013/08/13,1030.0,1030.0,1030.0,1030.0,2000,1030,0.1
2013/08/14,1100.0,1100.0,1100.0,1100.0,1000,1100,0.1
2013/08/20,1100.0,1100.0,1100.0,1100.0,1000,1100,0.1
2013/08/21,1100.0,1100.0,1100.0,1100.0,1000,1100,0.1
2013/08/26,1100.0,1100.0,1100.0,1100.0,4000,1100,0.1
2013/08/28,1050.0,1050.0,1050.0,1050.0,2000,1050,0.1
2013/09/19,1060.0,1060.0,1060.0,1060.0,1000,1060,0.1
2013/09/24,1100.0,1100.0,1100.0,1100.0,1000,1100,0.1
2013/09/25,1100.0,1100.0,1100.0,1100.0,2000,1100,0.1
2013/09/26,1060.0,1060.0,1060.0,1060.0,5000,1060,0.1
2013/10/10,1180.0,1180.0,1180.0,1180.0,4000,1180,0.1
2013/10/11,1180.0,1180.0,1180.0,1180.0,4000,1180,0.1
2013/10/15,1160.0,1160.0,1160.0,1160.0,2000,1160,0.1
2013/10/16,1160.0,1160.0,1100.0,1100.0,7000,1100,0.1
2013/10/28,1200.0,1200.0,1150.0,1150.0,5000,1150,0.1
2013/11/05,1250.0,1300.0,1250.0,1300.0,2000,1300,0.1
2013/11/06,1350.0,1410.0,1250.0,1270.0,15000,1270,0.1
2013/11/07,1220.0,1270.0,1220.0,1270.0,4000,1270,0.1
2013/11/08,1220.0,1220.0,1170.0,1170.0,2000,1170,0.1
2013/11/11,1170.0,1170.0,1170.0,1170.0,2000,1170,0.1
2013/11/20,1170.0,1170.0,1170.0,1170.0,2000,1170,0.1
2013/11/25,1170.0,1170.0,1170.0,1170.0,3000,1170,0.1
2013/11/29,1170.0,1170.0,1170.0,1170.0,1000,1170,0.1
2013/12/02,1160.0,1160.0,1160.0,1160.0,6000,1160,0.1
2013/12/09,1060.0,1060.0,1060.0,1060.0,10000,1060,0.1
2013/12/11,1110.0,1110.0,1110.0,1110.0,1000,1110,0.1
2013/12/13,1080.0,1080.0,1080.0,1080.0,4000,1080,0.1
2013/12/16,1080.0,1080.0,1080.0,1080.0,5000,1080,0.1
2013/12/17,1080.0,1080.0,1080.0,1080.0,5000,1080,0.1
2013/12/18,1090.0,1090.0,1090.0,1090.0,1000,1090,0.1
2013/12/19,1070.0,1080.0,1070.0,1080.0,8000,1080,0.1
2013/12/24,1080.0,1080.0,1080.0,1080.0,2000,1080,0.1
2013/12/25,1080.0,1100.0,1080.0,1100.0,5000,1100,0.1
2013/12/26,1120.0,1120.0,1120.0,1120.0,3000,1120,0.1
2013/12/30,1080.0,1080.0,1080.0,1080.0,2000,1080,0.1
2014/01/06,1100.0,1100.0,1080.0,1080.0,4000,1080,0.1
2014/01/07,1100.0,1100.0,1100.0,1100.0,1000,1100,0.1
2014/01/08,1100.0,1120.0,1100.0,1120.0,5000,1120,0.1
2014/01/09,1140.0,1140.0,1140.0,1140.0,1000,1140,0.1
2014/01/10,1150.0,1200.0,1150.0,1160.0,16000,1160,0.1
2014/01/15,1190.0,1220.0,1190.0,1210.0,5000,1210,0.1
2014/01/16,1210.0,1210.0,1200.0,1200.0,3000,1200,0.1
2014/01/17,1230.0,1230.0,1230.0,1230.0,1000,1230,0.1
2014/01/20,1270.0,1270.0,1270.0,1270.0,1000,1270,0.1
2014/01/21,1300.0,1300.0,1290.0,1290.0,3000,1290,0.1
2014/01/22,1320.0,1320.0,1320.0,1320.0,1000,1320,0.1
2014/01/24,1250.0,1250.0,1190.0,1190.0,4000,1190,0.1
2014/01/27,1200.0,1200.0,1200.0,1200.0,4000,1200,0.1
2014/01/28,1260.0,1260.0,1260.0,1260.0,6000,1260,0.1
2014/01/30,1210.0,1210.0,1210.0,1210.0,2000,1210,0.1
2014/02/03,1210.0,1210.0,1210.0,1210.0,3000,1210,0.1
2014/02/04,1160.0,1160.0,1150.0,1150.0,4000,1150,0.1
2014/02/07,1170.0,1170.0,1170.0,1170.0,4000,1170,0.1
2014/02/10,1170.0,1170.0,1170.0,1170.0,2000,1170,0.1
2014/02/14,1170.0,1170.0,1170.0,1170.0,2000,1170,0.1
2014/02/18,1170.0,1170.0,1170.0,1170.0,1000,1170,0.1
2014/02/19,1170.0,1170.0,1170.0,1170.0,1000,1170,0.1
2014/02/20,1170.0,1170.0,1170.0,1170.0,1000,1170,0.1
2014/02/24,1170.0,1170.0,1170.0,1170.0,3000,1170,0.1
2014/02/25,1190.0,1190.0,1190.0,1190.0,1000,1190,0.1
2014/02/26,1210.0,1210.0,1210.0,1210.0,3000,1210,0.1
2014/03/12,1210.0,1210.0,1210.0,1210.0,1000,1210,0.1
2014/03/17,1250.0,1250.0,1250.0,1250.0,1000,1250,0.1
2014/03/19,1200.0,1200.0,1200.0,1200.0,2000,1200,0.1
2014/03/24,1200.0,1200.0,1200.0,1200.0,1000,1200,0.1
2014/03/25,1200.0,1200.0,1200.0,1200.0,1000,1200,0.1
2014/03/26,1260.0,1260.0,1180.0,1180.0,3000,1180,0.1
2014/03/31,1150.0,1150.0,1150.0,1150.0,2000,1150,0.1
2014/04/07,1150.0,1150.0,1150.0,1150.0,1000,1150,0.1
2014/04/18,1080.0,1080.0,1080.0,1080.0,5000,1080,0.1
2014/04/21,1130.0,1130.0,1130.0,1130.0,8000,1130,0.1
2014/04/28,1150.0,1150.0,1150.0,1150.0,3000,1150,0.1
2014/05/19,1150.0,1150.0,1150.0,1150.0,1000,1150,0.1
2014/05/22,1150.0,1150.0,1150.0,1150.0,1000,1150,0.1
2014/05/26,1180.0,1180.0,1180.0,1180.0,1000,1180,0.1
2014/05/27,1180.0,1180.0,1180.0,1180.0,3000,1180,0.1
2014/05/30,1150.0,1150.0,1150.0,1150.0,1000,1150,0.1
2014/06/02,1110.0,1110.0,1110.0,1110.0,2000,1110,0.1
2014/06/12,1140.0,1140.0,1140.0,1140.0,1000,1140,0.1
2014/06/19,1160.0,1160.0,1160.0,1160.0,1000,1160,0.1
2014/06/23,1150.0,1150.0,1150.0,1150.0,1000,1150,0.1
2014/06/26,1200.0,1200.0,1200.0,1200.0,10000,1200,0.1
2014/07/02,1180.0,1180.0,1180.0,1180.0,1000,1180,0.1
2014/07/03,1170.0,1170.0,1170.0,1170.0,2000,1170,0.1
2014/07/07,1180.0,1180.0,1170.0,1170.0,5000,1170,0.1
2014/07/11,1170.0,1170.0,1160.0,1160.0,3000,1160,0.1
2014/07/14,1160.0,1160.0,1160.0,1160.0,2000,1160,0.1
2014/07/17,1170.0,1170.0,1170.0,1170.0,3000,1170,0.1
2014/07/18,1160.0,1160.0,1160.0,1160.0,1000,1160,0.1
2014/07/25,1180.0,1180.0,1180.0,1180.0,1000,1180,0.1
2014/07/28,1230.0,1300.0,1200.0,1200.0,17000,1200,0.1
2014/07/29,1200.0,1200.0,1200.0,1200.0,4000,1200,0.1
2014/07/30,1200.0,1200.0,1200.0,1200.0,1000,1200,0.1
2014/08/04,1200.0,1200.0,1200.0,1200.0,1000,1200,0.1
2014/08/05,1150.0,1150.0,1150.0,1150.0,9000,1150,0.1
2014/08/06,1150.0,1150.0,1150.0,1150.0,6000,1150,0.1
2014/08/13,1190.0,1190.0,1190.0,1190.0,3000,1190,0.1
2014/08/19,1150.0,1150.0,1150.0,1150.0,5000,1150,0.1
2014/08/22,1150.0,1150.0,1150.0,1150.0,2000,1150,0.1
2014/08/25,1160.0,1200.0,1160.0,1200.0,7000,1200,0.1
2014/08/26,1230.0,1230.0,1230.0,1230.0,3000,1230,0.1
2014/08/28,1180.0,1180.0,1180.0,1180.0,2000,1180,0.1
2014/09/01,1190.0,1190.0,1180.0,1180.0,10000,1180,0.1
2014/09/02,1190.0,1190.0,1190.0,1190.0,2000,1190,0.1
2014/09/03,1200.0,1200.0,1200.0,1200.0,3000,1200,0.1
2014/09/08,1210.0,1210.0,1210.0,1210.0,1000,1210,0.1
2014/09/17,1210.0,1210.0,1210.0,1210.0,1000,1210,0.1
2014/09/22,1180.0,1180.0,1180.0,1180.0,1000,1180,0.1
2014/09/25,1230.0,1230.0,1230.0,1230.0,1000,1230,0.1
2014/09/26,1200.0,1200.0,1200.0,1200.0,6000,1200,0.1
2014/09/29,1170.0,1170.0,1160.0,1170.0,6000,1170,0.1
2014/09/30,1170.0,1170.0,1150.0,1150.0,6000,1150,0.1
2014/10/01,1150.0,1150.0,1130.0,1130.0,8000,1130,0.1
2014/10/09,1140.0,1140.0,1130.0,1130.0,2000,1130,0.1
2014/10/10,1120.0,1120.0,1120.0,1120.0,6000,1120,0.1
2014/10/14,1130.0,1130.0,1090.0,1090.0,5000,1090,0.1
2014/10/22,1090.0,1090.0,1090.0,1090.0,3000,1090,0.1
2014/10/27,1110.0,1110.0,1110.0,1110.0,1000,1110,0.1
2014/10/28,1100.0,1100.0,1100.0,1100.0,8000,1100,0.1
2014/10/31,1110.0,1110.0,1110.0,1110.0,3000,1110,0.1
2014/11/04,1130.0,1130.0,1090.0,1100.0,16000,1100,0.1
2014/11/05,1110.0,1110.0,1110.0,1110.0,1000,1110,0.1
2014/11/07,1120.0,1120.0,1120.0,1120.0,1000,1120,0.1
2014/11/11,1140.0,1140.0,1140.0,1140.0,1000,1140,0.1
2014/11/17,1130.0,1130.0,1130.0,1130.0,1000,1130,0.1
2014/11/18,1130.0,1130.0,1130.0,1130.0,2000,1130,0.1
2014/11/19,1140.0,1150.0,1140.0,1150.0,2000,1150,0.1
2014/11/21,1140.0,1140.0,1140.0,1140.0,1000,1140,0.1
2014/11/26,1140.0,1140.0,1140.0,1140.0,6000,1140,0.1
2014/12/01,1130.0,1130.0,1130.0,1130.0,5000,1130,0.1
2014/12/02,1150.0,1150.0,1150.0,1150.0,1000,1150,0.1
2014/12/08,1140.0,1140.0,1140.0,1140.0,1000,1140,0.1
2014/12/15,1130.0,1130.0,1120.0,1120.0,5000,1120,0.1
2014/12/22,1120.0,1120.0,1120.0,1120.0,5000,1120,0.1
2014/12/24,1130.0,1130.0,1130.0,1130.0,3000,1130,0.1
2014/12/26,1180.0,1180.0,1180.0,1180.0,12000,1180,0.1
2014/12/29,1180.0,1180.0,1140.0,1140.0,3000,1140,0.1
2014/12/30,1160.0,1160.0,1150.0,1150.0,6000,1150,0.1
2015/01/05,1180.0,1180.0,1180.0,1180.0,2000,1180,0.1
2015/01/09,1140.0,1140.0,1140.0,1140.0,5000,1140,0.1
2015/01/15,1140.0,1140.0,1140.0,1140.0,4000,1140,0.1
2015/01/26,1140.0,1140.0,1140.0,1140.0,1000,1140,0.1
2015/01/27,1180.0,1180.0,1140.0,1140.0,5000,1140,0.1
2015/01/28,1120.0,1120.0,1120.0,1120.0,1000,1120,0.1
2015/01/29,1090.0,1130.0,1090.0,1130.0,16000,1130,0.1
2015/02/05,1170.0,1170.0,1170.0,1170.0,1000,1170,0.1
2015/02/13,1140.0,1140.0,1140.0,1140.0,1000,1140,0.1
2015/02/19,1180.0,1190.0,1180.0,1190.0,2000,1190,0.1
2015/02/20,1170.0,1180.0,1170.0,1180.0,14000,1180,0.1
2015/02/23,1180.0,1200.0,1180.0,1200.0,6000,1200,0.1
2015/02/24,1200.0,1210.0,1200.0,1210.0,5000,1210,0.1
2015/02/25,1230.0,1230.0,1190.0,1190.0,15000,1190,0.1
2015/02/27,1220.0,1220.0,1220.0,1220.0,1000,1220,0.1
2015/03/02,1190.0,1190.0,1190.0,1190.0,2000,1190,0.1
2015/03/03,1220.0,1240.0,1220.0,1240.0,2000,1240,0.1
2015/03/04,1270.0,1290.0,1270.0,1290.0,3000,1290,0.1
2015/03/06,1220.0,1220.0,1220.0,1220.0,3000,1220,0.1
2015/03/09,1250.0,1720.0,1240.0,1580.0,43000,1580,0.1
2015/03/10,1710.0,1710.0,1330.0,1450.0,25000,1450,0.1
2015/03/11,1400.0,1400.0,1340.0,1340.0,9000,1340,0.1
2015/03/12,1340.0,1340.0,1340.0,1340.0,1000,1340,0.1
2015/03/13,1340.0,1340.0,1340.0,1340.0,3000,1340,0.1
2015/03/16,1340.0,1380.0,1330.0,1340.0,4000,1340,0.1
2015/03/17,1330.0,1840.0,1290.0,1840.0,73000,1840,0.1
2015/03/18,1840.0,2140.0,1500.0,1850.0,76000,1850,0.1
2015/03/19,1650.0,1840.0,1550.0,1820.0,37000,1820,0.1
2015/03/23,1670.0,1670.0,1360.0,1500.0,51000,1500,0.1
2015/03/24,1470.0,1600.0,1470.0,1600.0,7000,1600,0.1
2015/03/25,1600.0,1600.0,1460.0,1560.0,18000,1560,0.1
2015/03/26,1460.0,1460.0,1450.0,1450.0,5000,1450,0.1
2015/03/30,1430.0,1430.0,1430.0,1430.0,2000,1430,0.1
2015/03/31,1430.0,1430.0,1430.0,1430.0,4000,1430,0.1
2015/04/01,1440.0,1440.0,1440.0,1440.0,1000,1440,0.1
2015/04/02,1450.0,1450.0,1450.0,1450.0,1000,1450,0.1
2015/04/08,1460.0,1500.0,1460.0,1460.0,5000,1460,0.1
2015/04/09,1460.0,1460.0,1450.0,1450.0,2000,1450,0.1
2015/04/10,1430.0,1430.0,1430.0,1430.0,1000,1430,0.1
2015/04/15,1470.0,1470.0,1440.0,1440.0,4000,1440,0.1
2015/04/16,1480.0,1500.0,1480.0,1500.0,5000,1500,0.1
2015/04/17,1550.0,1550.0,1550.0,1550.0,6000,1550,0.1
2015/04/21,1460.0,1460.0,1450.0,1450.0,10000,1450,0.1
2015/04/22,1460.0,1520.0,1440.0,1450.0,9000,1450,0.1
2015/04/27,1450.0,1450.0,1450.0,1450.0,5000,1450,0.1
2015/04/30,1440.0,1440.0,1440.0,1440.0,4000,1440,0.1
2015/05/01,1440.0,1440.0,1430.0,1430.0,3000,1430,0.1
2015/05/07,1420.0,1420.0,1420.0,1420.0,1000,1420,0.1
2015/05/08,1420.0,1420.0,1420.0,1420.0,1000,1420,0.1
2015/05/11,1460.0,1490.0,1460.0,1490.0,3000,1490,0.1
2015/05/12,1450.0,1450.0,1450.0,1450.0,1000,1450,0.1
2015/05/13,1450.0,1450.0,1450.0,1450.0,1000,1450,0.1
2015/05/18,1440.0,1440.0,1440.0,1440.0,2000,1440,0.1
2015/05/20,1430.0,1430.0,1430.0,1430.0,1000,1430,0.1
2015/05/21,1440.0,1440.0,1440.0,1440.0,1000,1440,0.1
2015/05/22,1440.0,1440.0,1440.0,1440.0,2000,1440,0.1
2015/05/25,1440.0,1450.0,1440.0,1450.0,4000,1450,0.1
2015/05/26,1450.0,1450.0,1440.0,1450.0,4000,1450,0.1
2015/05/27,1450.0,1450.0,1450.0,1450.0,5000,1450,0.1
2015/05/28,1450.0,1450.0,1450.0,1450.0,5000,1450,0.1
2015/06/01,1480.0,1500.0,1480.0,1500.0,6000,1500,0.1
2015/06/02,1480.0,1480.0,1480.0,1480.0,8000,1480,0.1
2015/06/03,1470.0,1470.0,1460.0,1460.0,2000,1460,0.1
2015/06/04,1460.0,1460.0,1450.0,1450.0,5000,1450,0.1
2015/06/08,1450.0,1450.0,1450.0,1450.0,4000,1450,0.1
2015/06/09,1450.0,1450.0,1450.0,1450.0,7000,1450,0.1
2015/06/10,1450.0,1450.0,1440.0,1440.0,2000,1440,0.1
2015/06/11,1450.0,1450.0,1440.0,1440.0,6000,1440,0.1
2015/06/15,1450.0,1450.0,1450.0,1450.0,3000,1450,0.1
2015/06/17,1430.0,1430.0,1430.0,1430.0,4000,1430,0.1
2015/06/18,1420.0,1420.0,1420.0,1420.0,5000,1420,0.1
2015/06/19,1430.0,1430.0,1430.0,1430.0,6000,1430,0.1
2015/06/22,1430.0,1430.0,1430.0,1430.0,5000,1430,0.1
2015/06/23,1430.0,1430.0,1430.0,1430.0,3000,1430,0.1
2015/06/24,1430.0,1430.0,1430.0,1430.0,1000,1430,0.1
2015/06/25,1430.0,1430.0,1430.0,1430.0,8000,1430,0.1
2015/06/30,1420.0,1420.0,1410.0,1410.0,6000,1410,0.1
2015/07/01,1400.0,1400.0,1400.0,1400.0,2000,1400,0.1
2015/07/02,1440.0,1440.0,1440.0,1440.0,1000,1440,0.1
2015/07/03,1420.0,1420.0,1420.0,1420.0,1000,1420,0.1
2015/07/09,1420.0,1420.0,1390.0,1390.0,3000,1390,0.1
2015/07/13,1370.0,1370.0,1370.0,1370.0,1000,1370,0.1
2015/07/15,1400.0,1400.0,1400.0,1400.0,4000,1400,0.1
2015/07/17,1370.0,1370.0,1370.0,1370.0,2000,1370,0.1
2015/07/21,1370.0,1370.0,1370.0,1370.0,2000,1370,0.1
2015/07/24,1420.0,1420.0,1420.0,1420.0,2000,1420,0.1
2015/07/27,1430.0,1430.0,1420.0,1420.0,4000,1420,0.1
2015/07/28,1420.0,1420.0,1420.0,1420.0,1000,1420,0.1
2015/08/12,1390.0,1390.0,1390.0,1390.0,1000,1390,0.1
2015/08/14,1390.0,1390.0,1390.0,1390.0,1000,1390,0.1
2015/08/17,1430.0,1430.0,1430.0,1430.0,1000,1430,0.1
2015/08/24,1390.0,1390.0,1390.0,1390.0,1000,1390,0.1
2015/08/25,1390.0,1390.0,1390.0,1390.0,5000,1390,0.1
2015/08/26,1340.0,1340.0,1340.0,1340.0,1000,1340,0.1
2015/08/27,1440.0,1440.0,1440.0,1440.0,1000,1440,0.1
2015/09/01,1390.0,1420.0,1390.0,1420.0,2000,1420,0.1
2015/09/24,1360.0,1360.0,1360.0,1360.0,1000,1360,0.1
2015/09/25,1360.0,1360.0,1360.0,1360.0,1000,1360,0.1
2015/09/28,1400.0,1400.0,1400.0,1400.0,2000,1400,0.1
2015/10/13,1400.0,1400.0,1400.0,1400.0,3000,1400,0.1
2015/10/22,1360.0,1360.0,1360.0,1360.0,1000,1360,0.1
2015/10/23,1400.0,1400.0,1400.0,1400.0,2000,1400,0.1
2015/10/26,1400.0,1400.0,1400.0,1400.0,2000,1400,0.1
2015/10/27,1390.0,1400.0,1390.0,1400.0,2000,1400,0.1
2015/10/28,1400.0,1400.0,1400.0,1400.0,1000,1400,0.1
2015/10/29,1400.0,1400.0,1400.0,1400.0,2000,1400,0.1
2015/11/06,1380.0,1390.0,1380.0,1390.0,2000,1390,0.1
2015/11/09,1430.0,1430.0,1380.0,1380.0,6000,1380,0.1
2015/11/10,1420.0,1420.0,1420.0,1420.0,1000,1420,0.1
2015/11/19,1370.0,1370.0,1370.0,1370.0,1000,1370,0.1
2015/11/20,1390.0,1390.0,1390.0,1390.0,1000,1390,0.1
2015/11/24,1390.0,1390.0,1390.0,1390.0,4000,1390,0.1
2015/11/25,1390.0,1420.0,1390.0,1420.0,3000,1420,0.1
2015/11/26,1450.0,1470.0,1410.0,1410.0,4000,1410,0.1
2015/11/27,1420.0,1420.0,1420.0,1420.0,2000,1420,0.1
2015/11/30,1420.0,1420.0,1420.0,1420.0,1000,1420,0.1
2015/12/01,1410.0,1410.0,1410.0,1410.0,3000,1410,0.1
2015/12/03,1370.0,1370.0,1370.0,1370.0,1000,1370,0.1
2015/12/04,1380.0,1380.0,1380.0,1380.0,2000,1380,0.1
2015/12/07,1370.0,1370.0,1370.0,1370.0,2000,1370,0.1
2015/12/08,1370.0,1370.0,1370.0,1370.0,6000,1370,0.1
2015/12/09,1370.0,1370.0,1370.0,1370.0,1000,1370,0.1
2015/12/10,1370.0,1370.0,1370.0,1370.0,1000,1370,0.1
2015/12/11,1380.0,1380.0,1380.0,1380.0,1000,1380,0.1
2015/12/14,1350.0,1350.0,1350.0,1350.0,1000,1350,0.1
2015/12/15,1370.0,1370.0,1370.0,1370.0,1000,1370,0.1
2015/12/16,1360.0,1360.0,1360.0,1360.0,2000,1360,0.1
2015/12/17,1310.0,1310.0,1310.0,1310.0,5000,1310,0.1
2015/12/18,1330.0,1390.0,1330.0,1330.0,10000,1330,0.1
2015/12/21,1330.0,1380.0,1330.0,1380.0,7000,1380,0.1
2015/12/22,1330.0,1330.0,1310.0,1310.0,5000,1310,0.1
2015/12/24,1360.0,1360.0,1340.0,1340.0,2000,1340,0.1
2015/12/25,1340.0,1340.0,1300.0,1300.0,5000,1300,0.1
2015/12/28,1350.0,1350.0,1350.0,1350.0,2000,1350,0.1
2015/12/29,1350.0,1350.0,1350.0,1350.0,1000,1350,0.1
2015/12/30,1350.0,1360.0,1350.0,1350.0,4000,1350,0.1
2016/01/12,1350.0,1350.0,1350.0,1350.0,3000,1350,0.1
2016/01/25,1350.0,1350.0,1350.0,1350.0,5000,1350,0.1
2016/01/27,1300.0,1300.0,1100.0,1200.0,30000,1200,0.1
2016/01/28,1210.0,1240.0,1210.0,1240.0,2000,1240,0.1
2016/01/29,1210.0,1210.0,1210.0,1210.0,1000,1210,0.1
2016/02/01,1250.0,1250.0,1220.0,1250.0,4000,1250,0.1
2016/02/02,1290.0,1290.0,1290.0,1290.0,1000,1290,0.1
2016/02/03,1270.0,1270.0,1270.0,1270.0,1000,1270,0.1
2016/02/05,1240.0,1240.0,1210.0,1210.0,2000,1210,0.1
2016/02/08,1260.0,1260.0,1260.0,1260.0,1000,1260,0.1
2016/02/09,1210.0,1210.0,1210.0,1210.0,1000,1210,0.1
2016/02/10,1170.0,1170.0,1170.0,1170.0,1000,1170,0.1
2016/02/15,1270.0,1270.0,1270.0,1270.0,1000,1270,0.1
2016/02/16,1200.0,1200.0,1200.0,1200.0,19000,1200,0.1
2016/02/22,1200.0,1200.0,1200.0,1200.0,4000,1200,0.1
2016/02/23,1240.0,1240.0,1240.0,1240.0,10000,1240,0.1
2016/02/25,1220.0,1220.0,1220.0,1220.0,3000,1220,0.1
2016/03/02,1200.0,1200.0,1200.0,1200.0,1000,1200,0.1
2016/03/04,1210.0,1210.0,1210.0,1210.0,1000,1210,0.1
2016/03/07,1240.0,1240.0,1240.0,1240.0,3000,1240,0.1
2016/03/14,1250.0,1250.0,1250.0,1250.0,3000,1250,0.1
2016/03/17,1250.0,1280.0,1250.0,1280.0,4000,1280,0.1
2016/03/22,1280.0,1280.0,1280.0,1280.0,2000,1280,0.1
2016/03/25,1280.0,1280.0,1280.0,1280.0,2000,1280,0.1
2016/04/05,1240.0,1240.0,1240.0,1240.0,2000,1240,0.1
2016/04/11,1270.0,1270.0,1270.0,1270.0,3000,1270,0.1
2016/04/14,1280.0,1280.0,1280.0,1280.0,1000,1280,0.1
2016/04/15,1300.0,1350.0,1300.0,1350.0,10000,1350,0.1
2016/04/18,1350.0,1360.0,1350.0,1360.0,4000,1360,0.1
2016/04/20,1310.0,1310.0,1310.0,1310.0,1000,1310,0.1
2016/04/21,1300.0,1400.0,1300.0,1400.0,3000,1400,0.1
2016/04/25,1400.0,1400.0,1400.0,1400.0,2000,1400,0.1
2016/04/28,1330.0,1330.0,1320.0,1320.0,8000,1320,0.1
2016/05/02,1310.0,1310.0,1310.0,1310.0,2000,1310,0.1
2016/05/06,1310.0,1360.0,1310.0,1360.0,2000,1360,0.1
2016/05/13,1340.0,1340.0,1340.0,1340.0,2000,1340,0.1
2016/05/19,1340.0,1340.0,1340.0,1340.0,1000,1340,0.1
2016/05/23,1340.0,1340.0,1340.0,1340.0,1000,1340,0.1
2016/05/24,1340.0,1340.0,1340.0,1340.0,1000,1340,0.1
2016/05/25,1340.0,1340.0,1340.0,1340.0,3000,1340,0.1
2016/05/26,1340.0,1340.0,1340.0,1340.0,1000,1340,0.1
2016/05/27,1340.0,1340.0,1340.0,1340.0,1000,1340,0.1
2016/05/30,1340.0,1340.0,1340.0,1340.0,1000,1340,0.1
2016/05/31,1360.0,1360.0,1340.0,1340.0,4000,1340,0.1
2016/06/01,1340.0,1340.0,1340.0,1340.0,1000,1340,0.1
2016/06/06,1340.0,1340.0,1340.0,1340.0,1000,1340,0.1
2016/06/13,1340.0,1340.0,1340.0,1340.0,2000,1340,0.1
2016/06/14,1340.0,1350.0,1340.0,1350.0,6000,1350,0.1
2016/06/15,1350.0,1350.0,1350.0,1350.0,7000,1350,0.1
2016/06/16,1330.0,1330.0,1330.0,1330.0,5000,1330,0.1
2016/06/23,1330.0,1330.0,1330.0,1330.0,1000,1330,0.1
2016/06/24,1330.0,1330.0,1280.0,1280.0,5000,1280,0.1
2016/06/27,1340.0,1340.0,1340.0,1340.0,1000,1340,0.1
2016/06/28,1380.0,1380.0,1380.0,1380.0,8000,1380,0.1
2016/07/05,1350.0,1350.0,1350.0,1350.0,1000,1350,0.1
2016/07/06,1330.0,1330.0,1330.0,1330.0,1000,1330,0.1
2016/07/07,1330.0,1330.0,1330.0,1330.0,1000,1330,0.1
2016/07/11,1330.0,1330.0,1330.0,1330.0,1000,1330,0.1
2016/07/15,1340.0,1350.0,1340.0,1350.0,10000,1350,0.1
2016/07/19,1350.0,1350.0,1340.0,1340.0,9000,1340,0.1
2016/07/20,1370.0,1410.0,1340.0,1400.0,9000,1400,0.1
2016/07/21,1400.0,1400.0,1350.0,1350.0,2000,1350,0.1
2016/07/22,1360.0,1360.0,1340.0,1350.0,5000,1350,0.1
2016/07/25,1400.0,1400.0,1400.0,1400.0,2000,1400,0.1
2016/07/26,1410.0,1410.0,1410.0,1410.0,3000,1410,0.1
2016/07/27,1420.0,1420.0,1420.0,1420.0,1000,1420,0.1
2016/07/28,1400.0,1400.0,1400.0,1400.0,1000,1400,0.1
2016/07/29,1450.0,1460.0,1450.0,1460.0,9000,1460,0.1
2016/08/01,1480.0,1480.0,1480.0,1480.0,2000,1480,0.1
2016/08/03,1450.0,1450.0,1450.0,1450.0,1000,1450,0.1
2016/08/05,1450.0,1450.0,1450.0,1450.0,1000,1450,0.1
2016/08/08,1450.0,1450.0,1450.0,1450.0,1000,1450,0.1
2016/08/10,1410.0,1410.0,1410.0,1410.0,1000,1410,0.1
2016/08/15,1400.0,1400.0,1400.0,1400.0,7000,1400,0.1
2016/08/18,1380.0,1380.0,1350.0,1350.0,7000,1350,0.1
2016/08/19,1330.0,1330.0,1300.0,1300.0,9000,1300,0.1
2016/08/24,1310.0,1310.0,1310.0,1310.0,2000,1310,0.1
2016/08/25,1320.0,1320.0,1320.0,1320.0,1000,1320,0.1
2016/08/26,1370.0,1370.0,1370.0,1370.0,5000,1370,0.1
2016/08/29,1370.0,1370.0,1370.0,1370.0,1000,1370,0.1
2016/09/09,1350.0,1350.0,1350.0,1350.0,2000,1350,0.1
2016/09/14,1330.0,1370.0,1330.0,1370.0,4000,1370,0.1
2016/09/15,1370.0,1370.0,1370.0,1370.0,1000,1370,0.1
2016/09/16,1380.0,1380.0,1380.0,1380.0,4000,1380,0.1
2016/09/20,1360.0,1360.0,1360.0,1360.0,1000,1360,0.1
2016/09/26,1380.0,1380.0,1380.0,1380.0,3000,1380,0.1
2016/09/27,1390.0,1390.0,1380.0,1380.0,5000,1380,0.1
2016/09/28,1370.0,1370.0,1370.0,1370.0,2000,1370,0.1
2016/09/29,1370.0,1370.0,1370.0,1370.0,1000,1370,0.1
2016/10/03,1350.0,1350.0,1350.0,1350.0,1000,1350,0.1
2016/10/05,1360.0,1370.0,1360.0,1370.0,4000,1370,0.1
2016/10/07,1400.0,1400.0,1400.0,1400.0,1000,1400,0.1
2016/10/12,1360.0,1360.0,1360.0,1360.0,1000,1360,0.1
2016/10/13,1660.0,1860.0,1620.0,1620.0,111000,1620,0.1
2016/10/14,1700.0,1700.0,1560.0,1660.0,22000,1660,0.1
2016/10/17,1660.0,1660.0,1620.0,1620.0,6000,1620,0.1
2016/10/18,1600.0,1700.0,1600.0,1700.0,57000,1700,0.1
2016/10/19,1720.0,1730.0,1680.0,1680.0,37000,1680,0.1
2016/10/20,1710.0,1750.0,1710.0,1750.0,16000,1750,0.1
2016/10/21,1750.0,1750.0,1740.0,1750.0,16000,1750,0.1
2016/10/24,1750.0,1750.0,1740.0,1740.0,6000,1740,0.1
2016/10/25,1710.0,1710.0,1680.0,1680.0,15000,1680,0.1
2016/10/26,1670.0,1720.0,1670.0,1720.0,10000,1720,0.1
2016/10/27,1680.0,1720.0,1650.0,1720.0,16000,1720,0.1
2016/10/28,1720.0,1720.0,1720.0,1720.0,11000,1720,0.1
2016/10/31,1720.0,1720.0,1720.0,1720.0,7000,1720,0.1
2016/11/01,1720.0,1720.0,1720.0,1720.0,11000,1720,0.1
2016/11/02,1720.0,1720.0,1720.0,1720.0,12000,1720,0.1
2016/11/04,1700.0,1720.0,1700.0,1720.0,15000,1720,0.1
2016/11/07,1720.0,1720.0,1690.0,1690.0,22000,1690,0.1
2016/11/08,1700.0,1720.0,1700.0,1700.0,16000,1700,0.1
2016/11/09,1700.0,1720.0,1680.0,1680.0,21000,1680,0.1
2016/11/10,1710.0,1720.0,1710.0,1720.0,21000,1720,0.1
2016/11/14,1720.0,1720.0,1670.0,1670.0,4000,1670,0.1
2016/11/15,1720.0,1720.0,1720.0,1720.0,12000,1720,0.1
2016/11/16,1720.0,1720.0,1720.0,1720.0,10000,1720,0.1
2016/11/17,1720.0,1720.0,1720.0,1720.0,12000,1720,0.1
2016/11/18,1720.0,1720.0,1720.0,1720.0,11000,1720,0.1
2016/11/21,1720.0,1730.0,1720.0,1730.0,11000,1730,0.1
2016/11/22,1720.0,1720.0,1720.0,1720.0,14000,1720,0.1
2016/11/24,1710.0,1720.0,1710.0,1720.0,3000,1720,0.1
2016/11/25,1720.0,1740.0,1720.0,1720.0,15000,1720,0.1
2016/11/28,1720.0,1720.0,1720.0,1720.0,1000,1720,0.1
2016/11/30,1720.0,1720.0,1720.0,1720.0,1000,1720,0.1
2016/12/02,1720.0,1720.0,1710.0,1710.0,3000,1710,0.1
2016/12/05,1710.0,1720.0,1710.0,1720.0,5000,1720,0.1
2016/12/07,1710.0,1720.0,1710.0,1720.0,12000,1720,0.1
2016/12/08,1710.0,1710.0,1700.0,1700.0,4000,1700,0.1
2016/12/09,1700.0,1700.0,1700.0,1700.0,6000,1700,0.1
2016/12/12,1700.0,1700.0,1670.0,1670.0,8000,1670,0.1
2016/12/13,1700.0,1700.0,1670.0,1700.0,6000,1700,0.1
2016/12/14,1700.0,1700.0,1680.0,1680.0,6000,1680,0.1
2016/12/15,1700.0,1700.0,1700.0,1700.0,1000,1700,0.1
2016/12/16,1700.0,1700.0,1690.0,1690.0,4000,1690,0.1
2016/12/19,1710.0,1800.0,1710.0,1800.0,22000,1800,0.1
2016/12/21,1800.0,1800.0,1800.0,1800.0,4000,1800,0.1
2016/12/22,1800.0,1800.0,1800.0,1800.0,7000,1800,0.1
2016/12/26,1820.0,1930.0,1820.0,1830.0,10000,1830,0.1
2016/12/27,1900.0,1950.0,1900.0,1920.0,9000,1920,0.1
2016/12/28,1930.0,1980.0,1930.0,1980.0,3000,1980,0.1
2016/12/29,1980.0,1980.0,1890.0,1890.0,4000,1890,0.1
2016/12/30,1970.0,2010.0,1970.0,2010.0,5000,2010,0.1
2017/01/04,2090.0,2340.0,2090.0,2280.0,30000,2280,0.1
2017/01/05,2290.0,2290.0,2200.0,2290.0,18000,2290,0.1
2017/01/06,2240.0,2300.0,2240.0,2300.0,9000,2300,0.1
2017/01/10,2300.0,2300.0,2270.0,2270.0,65000,2270,0.1
2017/01/11,2300.0,2600.0,2300.0,2440.0,19000,2440,0.1
2017/01/12,2600.0,3000.0,2600.0,2700.0,44000,2700,0.1
2017/01/13,2700.0,3500.0,2700.0,3330.0,45000,3330,0.1
2017/01/16,3330.0,3450.0,3300.0,3300.0,24000,3300,0.1
2017/01/17,3270.0,3270.0,2780.0,2800.0,20000,2800,0.1
2017/01/18,2940.0,2970.0,2900.0,2900.0,16000,2900,0.1
2017/01/19,2900.0,2900.0,2820.0,2820.0,4000,2820,0.1
2017/01/20,2740.0,2740.0,2680.0,2690.0,11000,2690,0.1
2017/01/23,2770.0,2770.0,2750.0,2750.0,7000,2750,0.1
2017/01/24,2670.0,2670.0,2650.0,2660.0,5000,2660,0.1
2017/01/25,2800.0,2950.0,2800.0,2950.0,2000,2950,0.1
2017/01/26,3000.0,3030.0,2990.0,3030.0,6000,3030,0.1
2017/01/27,3080.0,3080.0,2870.0,2870.0,28000,2870,0.1
2017/01/30,2880.0,2890.0,2870.0,2870.0,4000,2870,0.1
2017/01/31,2950.0,3030.0,2950.0,3030.0,4000,3030,0.1
2017/02/01,3000.0,3000.0,3000.0,3000.0,1000,3000,0.1
2017/02/02,2900.0,2900.0,2860.0,2860.0,5000,2860,0.1
2017/02/03,2870.0,2930.0,2850.0,2930.0,4000,2930,0.1
2017/02/06,2850.0,2850.0,2850.0,2850.0,2000,2850,0.1
2017/02/07,2910.0,2910.0,2910.0,2910.0,11000,2910,0.1
2017/02/08,2860.0,2860.0,2860.0,2860.0,1000,2860,0.1
2017/02/09,2860.0,2860.0,2860.0,2860.0,31000,2860,0.1
2017/02/10,2860.0,2910.0,2750.0,2880.0,14000,2880,0.1
2017/02/13,2880.0,2880.0,2880.0,2880.0,2000,2880,0.1
2017/02/16,2880.0,2880.0,2790.0,2790.0,4000,2790,0.1
2017/02/20,2760.0,2770.0,2730.0,2770.0,6000,2770,0.1
2017/02/21,2770.0,2770.0,2770.0,2770.0,1000,2770,0.1
2017/02/22,2750.0,2750.0,2750.0,2750.0,3000,2750,0.1
2017/02/24,2800.0,2800.0,2760.0,2760.0,10000,2760,0.1
2017/02/27,2900.0,2990.0,2900.0,2950.0,9000,2950,0.1
2017/02/28,3000.0,3000.0,3000.0,3000.0,1000,3000,0.1
2017/03/01,2840.0,2840.0,2820.0,2820.0,6000,2820,0.1
2017/03/02,2820.0,2900.0,2820.0,2900.0,7000,2900,0.1
2017/03/06,2900.0,2900.0,2900.0,2900.0,3000,2900,0.1
2017/03/07,2900.0,3100.0,2900.0,3000.0,14000,3000,0.1
2017/03/08,3250.0,3250.0,3090.0,3090.0,8000,3090,0.1
2017/03/09,3100.0,3150.0,3100.0,3150.0,3000,3150,0.1
2017/03/10,3140.0,3200.0,3130.0,3200.0,6000,3200,0.1
2017/03/13,3280.0,3300.0,3220.0,3220.0,11000,3220,0.1
2017/03/14,3230.0,3230.0,3230.0,3230.0,3000,3230,0.1
2017/03/15,3220.0,3220.0,3210.0,3210.0,10000,3210,0.1
2017/03/16,3210.0,3210.0,3210.0,3210.0,2000,3210,0.1
2017/03/17,3240.0,3280.0,3240.0,3240.0,10000,3240,0.1
2017/03/21,3350.0,3390.0,3350.0,3390.0,2000,3390,0.1
2017/03/22,3350.0,3350.0,3350.0,3350.0,1000,3350,0.1
2017/03/23,3320.0,3320.0,3300.0,3300.0,5000,3300,0.1
2017/03/24,3390.0,3400.0,3390.0,3400.0,6000,3400,0.1
2017/03/27,3400.0,3460.0,3400.0,3400.0,17000,3400,0.1
2017/03/28,3390.0,3390.0,3390.0,3390.0,3000,3390,0.1
2017/03/29,3390.0,3460.0,3390.0,3460.0,6000,3460,0.1
2017/03/30,3480.0,3480.0,3460.0,3460.0,6000,3460,0.1
2017/04/03,3420.0,3420.0,3420.0,3420.0,1000,3420,0.1
2017/04/04,3420.0,3420.0,3420.0,3420.0,1000,3420,0.1
2017/04/06,3370.0,3370.0,3300.0,3300.0,2000,3300,0.1
2017/04/10,3460.0,3500.0,3460.0,3500.0,3000,3500,0.1
2017/04/11,3540.0,3580.0,3540.0,3580.0,5000,3580,0.1
2017/04/12,3420.0,3420.0,3420.0,3420.0,1000,3420,0.1
2017/04/17,3300.0,3300.0,2870.0,2920.0,10000,2920,0.1
2017/04/18,2920.0,3000.0,2920.0,2920.0,13000,2920,0.1
2017/04/19,3000.0,3000.0,3000.0,3000.0,1000,3000,0.1
2017/04/20,3040.0,3040.0,3040.0,3040.0,1000,3040,0.1
2017/04/21,3080.0,3080.0,3080.0,3080.0,1000,3080,0.1
2017/04/24,2940.0,2940.0,2940.0,2940.0,1000,2940,0.1
2017/04/27,2930.0,2930.0,2930.0,2930.0,1000,2930,0.1
2017/04/28,2940.0,2940.0,2940.0,2940.0,1000,2940,0.1
2017/05/01,3010.0,3010.0,2880.0,2880.0,2000,2880,0.1
2017/05/02,2880.0,2880.0,2880.0,2880.0,1000,2880,0.1
2017/05/09,2880.0,2960.0,2880.0,2960.0,2000,2960,0.1
2017/05/12,2960.0,2960.0,2960.0,2960.0,1000,2960,0.1
2017/05/15,3040.0,3040.0,3040.0,3040.0,3000,3040,0.1
2017/05/19,2880.0,2970.0,2880.0,2970.0,3000,2970,0.1
2017/05/22,2890.0,2890.0,2780.0,2780.0,13000,2780,0.1
2017/05/23,2780.0,2830.0,2750.0,2830.0,3000,2830,0.1
2017/05/25,2830.0,2830.0,2830.0,2830.0,1000,2830,0.1
2017/05/29,2790.0,2790.0,2790.0,2790.0,1000,2790,0.1
2017/05/30,2760.0,2760.0,2760.0,2760.0,1000,2760,0.1
2017/06/01,2840.0,2840.0,2840.0,2840.0,1000,2840,0.1
2017/06/05,2810.0,2810.0,2800.0,2800.0,2000,2800,0.1
2017/06/06,2750.0,2750.0,2750.0,2750.0,1000,2750,0.1
2017/06/08,2700.0,2700.0,2700.0,2700.0,2000,2700,0.1
2017/06/09,2700.0,2700.0,2610.0,2610.0,5000,2610,0.1
2017/06/12,2580.0,2580.0,2580.0,2580.0,1000,2580,0.1
2017/06/13,2550.0,2710.0,2550.0,2710.0,6000,2710,0.1
2017/06/14,2610.0,2650.0,2610.0,2650.0,4000,2650,0.1
2017/06/15,2650.0,2650.0,2650.0,2650.0,1000,2650,0.1
2017/06/16,2570.0,2570.0,2570.0,2570.0,4000,2570,0.1
2017/06/23,2570.0,2570.0,2570.0,2570.0,2000,2570,0.1
2017/06/26,2650.0,2670.0,2650.0,2670.0,4000,2670,0.1
2017/06/27,2750.0,2750.0,2750.0,2750.0,6000,2750,0.1
2017/07/05,2740.0,2740.0,2740.0,2740.0,1000,2740,0.1
2017/07/14,2980.0,3240.0,2980.0,3040.0,27000,3040,0.1
2017/07/18,3120.0,3140.0,3010.0,3140.0,6000,3140,0.1
2017/07/19,3120.0,3120.0,3120.0,3120.0,1000,3120,0.1
2017/07/20,3030.0,3030.0,3000.0,3000.0,24000,3000,0.1
2017/07/21,3080.0,3080.0,3000.0,3000.0,2000,3000,0.1
2017/07/24,3000.0,3000.0,3000.0,3000.0,1000,3000,0.1
2017/07/26,3080.0,3100.0,3080.0,3100.0,2000,3100,0.1
2017/07/27,3140.0,3140.0,3140.0,3140.0,4000,3140,0.1
2017/07/28,3140.0,3140.0,3140.0,3140.0,3000,3140,0.1
2017/07/31,3070.0,3100.0,3070.0,3100.0,2000,3100,0.1
2017/08/01,3180.0,3190.0,3180.0,3190.0,6000,3190,0.1
2017/08/02,3200.0,3200.0,3130.0,3150.0,5000,3150,0.1
2017/08/03,3140.0,3140.0,3140.0,3140.0,1000,3140,0.1
2017/08/04,3140.0,3150.0,3140.0,3150.0,3000,3150,0.1
2017/08/07,3180.0,3180.0,3180.0,3180.0,1000,3180,0.1
2017/08/09,3050.0,3050.0,3050.0,3050.0,5000,3050,0.1
2017/08/10,3010.0,3010.0,3010.0,3010.0,3000,3010,0.1
2017/08/16,3080.0,3080.0,3080.0,3080.0,1000,3080,0.1
2017/08/17,3030.0,3100.0,3030.0,3100.0,2000,3100,0.1
2017/08/23,3130.0,3130.0,3130.0,3130.0,1000,3130,0.1
2017/08/25,3130.0,3130.0,3130.0,3130.0,3000,3130,0.1
2017/08/28,3140.0,3150.0,3140.0,3150.0,2000,3150,0.1
2017/08/29,3080,3080,3080,3080,100,3080,1
2017/08/31,3070,3070,3070,3070,100,3070,1
2017/09/04,3070,3130,3070,3130,400,3130,1
2017/09/11,3060,3060,3050,3060,600,3060,1
2017/09/12,3130,3130,3130,3130,200,3130,1
2017/09/13,3130,3130,3130,3130,100,3130,1
2017/09/14,3120,3120,3120,3120,100,3120,1
2017/09/19,3150,3150,3100,3100,900,3100,1
2017/09/21,3100,3135,3100,3135,700,3135,1
2017/09/25,3135,3170,3100,3130,1100,3130,1
2017/09/29,3155,3155,3155,3155,100,3155,1
2017/10/02,3200,3200,3150,3150,1100,3150,1
2017/10/03,3165,3170,3165,3170,300,3170,1
2017/10/04,3200,3330,3200,3330,300,3330,1
2017/10/05,3400,3400,3400,3400,600,3400,1
2017/10/06,3400,3400,3400,3400,200,3400,1
2017/10/10,3400,3400,3400,3400,1100,3400,1
2017/10/11,3415,3415,3415,3415,100,3415,1
2017/10/12,3430,3450,3400,3450,300,3450,1
2017/10/13,3250,3250,3140,3140,1800,3140,1
2017/10/16,3120,3150,3120,3150,700,3150,1
2017/10/17,3145,3145,3145,3145,100,3145,1
2017/10/18,3140,3140,3110,3110,400,3110,1
2017/10/20,3090,3090,3090,3090,500,3090,1
2017/10/23,3050,3050,3050,3050,700,3050,1
2017/10/24,3050,3050,3040,3050,500,3050,1
2017/10/25,3050,3050,3050,3050,100,3050,1
2017/10/27,3030,3030,3030,3030,300,3030,1
2017/10/30,3040,3040,2970,2970,1200,2970,1
2017/11/06,2970,2970,2950,2950,600,2950,1
2017/11/07,2930,2930,2930,2930,500,2930,1
2017/11/08,2920,2920,2920,2920,100,2920,1
2017/11/09,2870,2870,2870,2870,300,2870,1
2017/11/10,2790,2790,2750,2770,600,2770,1
2017/11/13,2780,2830,2780,2830,600,2830,1
2017/11/14,2780,2780,2780,2780,1000,2780,1
2017/11/15,2730,2730,2650,2650,1800,2650,1
2017/11/16,2612,2650,2612,2650,300,2650,1
2017/11/17,2780,2880,2780,2872,600,2872,1
2017/11/21,2796,2796,2785,2785,400,2785,1
2017/11/22,2760,2765,2760,2765,700,2765,1
2017/11/24,2760,2800,2735,2800,800,2800,1
2017/11/27,2735,2735,2711,2711,500,2711,1
2017/11/28,2692,2692,2692,2692,500,2692,1
2017/11/29,2692,2870,2692,2870,400,2870,1
2017/11/30,2899,2899,2899,2899,100,2899,1
2017/12/01,2898,2898,2880,2880,400,2880,1
2017/12/04,2874,2874,2860,2860,200,2860,1
2017/12/08,2843,2843,2760,2760,200,2760,1
2017/12/12,2710,2890,2710,2890,700,2890,1
2017/12/14,2800,2827,2800,2827,300,2827,1
2017/12/15,2801,2801,2801,2801,100,2801,1
2017/12/18,2802,2850,2750,2850,400,2850,1
2017/12/19,2875,2875,2875,2875,200,2875,1
2017/12/21,2825,2835,2825,2835,600,2835,1
2017/12/22,2840,3000,2800,2830,1600,2830,1
2017/12/25,3035,3050,2900,3050,1000,3050,1
2017/12/26,3100,3120,2980,2980,1000,2980,1
2017/12/28,3045,3045,3045,3045,100,3045,1
2018/01/04,3050,3095,3050,3095,200,3095,1
2018/01/05,3130,3130,3130,3130,100,3130,1
2018/01/09,3150,3150,3130,3130,400,3130,1
2018/01/10,3130,3130,3005,3005,900,3005,1
2018/01/11,3000,3050,3000,3020,700,3020,1
2018/01/12,3050,3050,3000,3000,1000,3000,1
2018/01/15,3015,3015,2985,2985,800,2985,1
2018/01/23,3060,3060,3060,3060,100,3060,1
2018/01/24,3060,3060,3030,3030,200,3030,1
2018/01/25,3030,3030,3015,3015,600,3015,1
2018/01/26,2999,3040,2999,3040,200,3040,1
2018/01/29,3040,3060,3000,3000,800,3000,1
2018/01/30,3000,3015,3000,3000,1200,3000,1
2018/02/01,3040,3040,3000,3000,800,3000,1
2018/02/05,3000,3025,3000,3025,300,3025,1
2018/02/06,2851,2900,2800,2800,1200,2800,1
2018/02/08,2900,2950,2900,2950,300,2950,1
2018/02/14,2901,2901,2804,2806,300,2806,1
2018/02/15,2853,2953,2853,2953,200,2953,1
2018/02/16,2960,2960,2960,2960,300,2960,1
2018/02/19,2960,2960,2960,2960,300,2960,1
2018/02/20,2960,2960,2959,2959,300,2959,1
2018/02/23,2990,2990,2955,2955,400,2955,1
2018/02/26,2925,2955,2925,2955,400,2955,1
2018/02/27,2962,2962,2962,2962,100,2962,1
2018/03/09,2912,2912,2912,2912,100,2912,1
2018/03/12,2970,2970,2970,2970,300,2970,1
2018/03/14,2960,2960,2930,2930,800,2930,1
2018/03/15,2930,2930,2930,2930,100,2930,1
2018/03/16,2930,2930,2930,2930,100,2930,1
2018/03/22,2900,2900,2900,2900,500,2900,1
2018/03/23,2880,2880,2870,2870,200,2870,1
2018/03/26,2820,2820,2820,2820,100,2820,1
2018/03/30,2869,2870,2869,2870,700,2870,1
2018/04/02,2900,2900,2900,2900,300,2900,1
2018/04/17,2884,2884,2851,2851,1000,2851,1
2018/04/18,2850,2850,2850,2850,100,2850,1
2018/04/19,2900,2900,2900,2900,200,2900,1
2018/04/23,2901,2901,2870,2870,200,2870,1
2018/04/24,2870,2870,2870,2870,100,2870,1
2018/04/26,2913,2913,2913,2913,100,2913,1
2018/05/01,2915,2915,2915,2915,100,2915,1
2018/05/02,2901,2901,2901,2901,100,2901,1
2018/05/10,2900,2900,2880,2880,300,2880,1
2018/05/11,2880,2880,2870,2870,200,2870,1
2018/05/14,2840,2840,2830,2830,400,2830,1
2018/05/15,2810,2810,2810,2810,200,2810,1
2018/05/17,2880,2880,2880,2880,100,2880,1
2018/05/24,2820,2820,2820,2820,300,2820,1
2018/05/25,2820,2820,2820,2820,100,2820,1
2018/05/28,2822,2822,2822,2822,100,2822,1
2018/05/30,2800,2800,2800,2800,300,2800,1
2018/06/01,2800,2800,2800,2800,100,2800,1
2018/06/07,2800,2800,2800,2800,100,2800,1
2018/06/11,2800,2800,2800,2800,100,2800,1
2018/06/18,2820,2820,2820,2820,200,2820,1
2018/06/20,2770,2770,2770,2770,200,2770,1
2018/06/21,2761,2761,2761,2761,100,2761,1
2018/06/22,2761,2761,2761,2761,200,2761,1
2018/06/25,2761,2761,2751,2751,700,2751,1
2018/06/26,2730,2730,2730,2730,200,2730,1
2018/06/27,2721,2751,2721,2751,300,2751,1
2018/07/02,2748,2748,2748,2748,100,2748,1
2018/07/10,2740,2748,2740,2748,400,2748,1
2018/07/11,2750,2750,2750,2750,500,2750,1
2018/07/25,2745,2745,2745,2745,100,2745,1
2018/08/07,2745,2745,2745,2745,100,2745,1
2018/08/08,2695,2695,2695,2695,600,2695,1
2018/08/13,2670,2670,2670,2670,100,2670,1
