2007/01/04,915,915,915,915,1500,915,1
2007/01/05,869,870,869,870,300,870,1
2007/01/09,870,899,870,899,400,899,1
2007/01/10,871,871,871,871,100,871,1
2007/01/12,882,882,882,882,100,882,1
2007/01/15,885,896,885,895,700,895,1
2007/01/16,887,890,887,890,200,890,1
2007/01/17,885,900,885,900,3500,900,1
2007/01/18,900,900,892,899,1600,899,1
2007/01/19,893,910,893,910,3700,910,1
2007/01/22,920,920,915,915,7500,915,1
2007/01/23,920,920,910,920,6000,920,1
2007/01/24,930,950,930,950,4000,950,1
2007/01/25,960,960,940,958,8100,958,1
2007/01/26,957,958,950,950,600,950,1
2007/01/29,950,950,905,910,2500,910,1
2007/01/30,920,925,890,925,3400,925,1
2007/01/31,935,935,891,905,2600,905,1
2007/02/01,934,935,911,934,2300,934,1
2007/02/02,934,935,934,935,3200,935,1
2007/02/05,935,935,900,900,6400,900,1
2007/02/06,900,900,900,900,100,900,1
2007/02/07,900,900,900,900,100,900,1
2007/02/08,910,910,910,910,100,910,1
2007/02/13,907,935,901,930,1800,930,1
2007/02/14,906,906,906,906,1400,906,1
2007/02/15,930,931,910,929,3900,929,1
2007/02/16,924,930,924,930,1300,930,1
2007/02/19,940,940,920,937,5800,937,1
2007/02/20,940,940,920,922,6300,922,1
2007/02/21,922,927,922,927,400,927,1
2007/02/22,932,933,932,933,400,933,1
2007/02/23,950,950,950,950,5900,950,1
2007/02/26,940,950,940,950,8000,950,1
2007/02/27,948,950,945,949,3900,949,1
2007/02/28,941,960,930,949,5400,949,1
2007/03/01,950,950,945,945,1700,945,1
2007/03/02,950,950,930,940,2300,940,1
2007/03/06,930,930,930,930,300,930,1
2007/03/08,930,930,930,930,300,930,1
2007/03/09,910,918,910,918,300,918,1
2007/03/12,935,935,915,935,500,935,1
2007/03/14,911,934,911,934,700,934,1
2007/03/15,935,945,920,945,1800,945,1
2007/03/16,955,960,945,960,3800,960,1
2007/03/19,978,978,966,977,1900,977,1
2007/03/20,987,987,975,975,5200,975,1
2007/03/22,966,970,966,967,1300,967,1
2007/03/23,987,987,968,968,6200,968,1
2007/03/26,979,989,968,968,1800,968,1
2007/03/27,968,968,926,950,2600,950,1
2007/03/28,959,959,959,959,100,959,1
2007/03/29,940,940,935,935,600,935,1
2007/03/30,970,970,931,931,4600,931,1
2007/04/02,931,939,931,932,700,932,1
2007/04/03,933,949,933,949,400,949,1
2007/04/04,949,949,934,934,1000,934,1
2007/04/05,974,974,974,974,5800,974,1
2007/04/09,938,938,935,935,1500,935,1
2007/04/10,932,932,925,927,1000,927,1
2007/04/11,921,921,911,911,5000,911,1
2007/04/12,911,920,910,910,3000,910,1
2007/04/13,905,906,905,906,400,906,1
2007/04/16,914,922,910,922,1200,922,1
2007/04/17,922,922,920,920,300,920,1
2007/04/18,930,930,919,919,5000,919,1
2007/04/19,921,933,920,933,1900,933,1
2007/04/20,923,931,921,931,7100,931,1
2007/04/23,931,931,930,930,200,930,1
2007/04/24,930,930,927,930,800,930,1
2007/04/25,950,950,920,920,11000,920,1
2007/04/26,934,940,926,940,1200,940,1
2007/04/27,940,940,922,922,2800,922,1
2007/05/01,952,952,920,920,4100,920,1
2007/05/02,949,949,949,949,100,949,1
2007/05/07,989,989,923,923,2800,923,1
2007/05/08,945,945,940,940,2500,940,1
2007/05/09,920,922,920,922,3400,922,1
2007/05/10,927,936,927,935,900,935,1
2007/05/11,935,935,924,924,900,924,1
2007/05/14,924,929,924,928,500,928,1
2007/05/15,930,930,921,921,2100,921,1
2007/05/16,925,925,925,925,300,925,1
2007/05/17,920,940,920,940,900,940,1
2007/05/18,938,949,925,949,3900,949,1
2007/05/21,949,953,949,950,6300,950,1
2007/05/22,940,940,935,935,5900,935,1
2007/05/23,940,951,940,943,700,943,1
2007/05/24,944,960,944,960,800,960,1
2007/05/25,970,970,960,964,6000,964,1
2007/05/28,960,960,938,938,1500,938,1
2007/05/29,943,947,943,947,500,947,1
2007/05/30,950,960,950,960,300,960,1
2007/05/31,970,970,967,970,3400,970,1
2007/06/01,980,980,980,980,1500,980,1
2007/06/04,988,988,988,988,100,988,1
2007/06/05,980,980,970,970,200,970,1
2007/06/07,970,970,960,960,300,960,1
2007/06/08,957,970,957,970,300,970,1
2007/06/11,980,990,969,969,3100,969,1
2007/06/12,970,980,965,980,700,980,1
2007/06/13,980,980,961,980,300,980,1
2007/06/14,969,970,969,970,400,970,1
2007/06/15,969,985,969,980,2700,980,1
2007/06/18,900,910,880,897,22000,897,1
2007/06/19,902,917,901,906,9000,906,1
2007/06/20,907,907,902,902,8700,902,1
2007/06/21,900,904,900,901,1300,901,1
2007/06/22,903,907,901,907,1700,907,1
2007/06/25,901,901,890,893,8400,893,1
2007/06/26,900,900,891,895,500,895,1
2007/06/27,891,891,891,891,300,891,1
2007/06/28,893,901,893,901,700,901,1
2007/06/29,910,910,910,910,2100,910,1
2007/07/02,913,913,890,890,4700,890,1
2007/07/03,889,889,861,861,1900,861,1
2007/07/04,865,875,865,875,1200,875,1
2007/07/05,866,866,851,851,1100,851,1
2007/07/09,878,878,870,870,800,870,1
2007/07/10,860,860,860,860,1700,860,1
2007/07/11,860,861,860,861,1100,861,1
2007/07/12,861,868,858,868,1400,868,1
2007/07/13,864,864,858,858,300,858,1
2007/07/17,852,860,852,856,1000,856,1
2007/07/18,857,867,857,860,1400,860,1
2007/07/19,880,886,880,886,1700,886,1
2007/07/20,906,906,875,880,5900,880,1
2007/07/23,870,870,868,870,3400,870,1
2007/07/24,873,873,870,870,2400,870,1
2007/07/25,870,870,865,865,6100,865,1
2007/07/26,849,849,849,849,300,849,1
2007/07/27,846,846,845,845,300,845,1
2007/07/30,848,848,848,848,200,848,1
2007/07/31,897,897,857,860,8000,860,1
2007/08/01,899,899,899,899,1600,899,1
2007/08/03,890,890,890,890,1500,890,1
2007/08/06,880,880,880,880,300,880,1
2007/08/07,875,875,870,870,1500,870,1
2007/08/09,870,870,870,870,1500,870,1
2007/08/14,851,851,851,851,600,851,1
2007/08/16,853,855,853,855,500,855,1
2007/08/17,889,889,863,864,3100,864,1
2007/08/20,907,908,907,907,5600,907,1
2007/08/21,880,881,880,881,900,881,1
2007/08/22,881,881,880,880,400,880,1
2007/08/23,885,890,884,890,2400,890,1
2007/08/24,907,907,886,886,6400,886,1
2007/08/29,861,861,861,861,200,861,1
2007/08/30,865,865,846,846,1800,846,1
2007/08/31,860,860,836,840,4500,840,1
2007/09/03,830,830,825,830,2400,830,1
2007/09/04,830,850,830,850,5500,850,1
2007/09/05,800,811,800,811,1300,811,1
2007/09/06,800,800,800,800,9900,800,1
2007/09/10,800,800,800,800,400,800,1
2007/09/11,760,780,760,780,3400,780,1
2007/09/12,790,790,790,790,500,790,1
2007/09/14,829,830,829,830,3300,830,1
2007/09/18,871,871,850,850,6000,850,1
2007/09/19,895,895,895,895,1400,895,1
2007/09/20,935,935,935,935,5100,935,1
2007/09/21,917,919,916,916,3500,916,1
2007/09/25,1016,1016,900,900,11300,900,1
2007/09/26,888,888,888,888,700,888,1
2007/09/27,891,891,890,891,1400,891,1
2007/09/28,894,895,894,894,2300,894,1
2007/10/01,910,910,820,820,5500,820,1
2007/10/02,870,870,870,870,1700,870,1
2007/10/04,811,811,811,811,100,811,1
2007/10/05,816,825,815,825,1300,825,1
2007/10/09,825,828,816,816,2900,816,1
2007/10/10,821,821,812,820,5400,820,1
2007/10/11,820,820,810,810,3300,810,1
2007/10/12,809,810,800,810,3100,810,1
2007/10/17,801,801,800,800,500,800,1
2007/10/18,809,809,800,800,3000,800,1
2007/10/19,800,800,792,800,2500,800,1
2007/10/22,800,800,750,760,9700,760,1
2007/10/23,761,761,759,760,2600,760,1
2007/10/24,760,770,750,770,7300,770,1
2007/10/25,760,760,750,760,9700,760,1
2007/10/26,750,750,750,750,1100,750,1
2007/10/29,751,751,750,750,700,750,1
2007/10/30,750,750,743,750,700,750,1
2007/10/31,742,742,690,690,8200,690,1
2007/11/01,710,710,690,690,7800,690,1
2007/11/02,683,683,660,665,4100,665,1
2007/11/05,666,666,660,660,3000,660,1
2007/11/06,660,660,660,660,3000,660,1
2007/11/07,660,660,650,650,3900,650,1
2007/11/08,600,610,600,610,1600,610,1
2007/11/09,611,611,610,610,3400,610,1
2007/11/12,610,610,610,610,100,610,1
2007/11/13,610,610,610,610,100,610,1
2007/11/14,620,620,610,610,1200,610,1
2007/11/15,611,611,611,611,100,611,1
2007/11/16,647,647,620,620,7100,620,1
2007/11/19,622,635,621,621,1600,621,1
2007/11/20,652,652,625,625,10500,625,1
2007/11/21,639,640,626,626,2100,626,1
2007/11/22,640,660,640,660,3700,660,1
2007/11/26,668,668,668,668,1000,668,1
2007/11/27,668,668,660,660,200,660,1
2007/11/28,665,665,665,665,100,665,1
2007/11/29,671,700,671,700,700,700,1
2007/11/30,729,729,700,700,4200,700,1
2007/12/03,690,690,690,690,200,690,1
2007/12/04,651,651,651,651,100,651,1
2007/12/05,651,651,651,651,200,651,1
2007/12/06,650,650,630,630,1200,630,1
2007/12/07,631,650,630,650,3000,650,1
2007/12/10,630,630,630,630,3300,630,1
2007/12/11,620,621,620,620,2000,620,1
2007/12/12,618,618,615,615,2200,615,1
2007/12/13,612,612,612,612,2400,612,1
2007/12/14,605,615,605,615,3100,615,1
2007/12/17,585,599,585,599,3800,599,1
2007/12/18,619,619,601,601,1600,601,1
2007/12/19,601,602,593,600,12000,600,1
2007/12/20,610,610,610,610,7700,610,1
2007/12/21,600,605,585,605,3000,605,1
2007/12/25,635,635,635,635,12400,635,1
2007/12/27,634,640,630,640,1200,640,1
2007/12/28,660,660,660,660,6800,660,1
2008/01/07,659,659,659,659,1900,659,1
2008/01/09,602,602,601,601,2600,601,1
2008/01/10,602,602,602,602,300,602,1
2008/01/11,602,602,602,602,200,602,1
2008/01/16,572,572,501,535,5400,535,1
2008/01/17,520,535,500,535,1000,535,1
2008/01/18,525,555,525,555,2600,555,1
2008/01/21,582,582,522,572,11900,572,1
2008/01/23,565,595,565,595,800,595,1
2008/01/24,595,595,595,595,400,595,1
2008/01/25,625,626,625,625,33600,625,1
2008/01/28,555,555,555,555,1900,555,1
2008/01/29,551,551,551,551,1200,551,1
2008/01/30,610,610,610,610,100,610,1
2008/01/31,640,640,640,640,2300,640,1
2008/02/01,650,650,650,650,2000,650,1
2008/02/06,621,621,581,581,200,581,1
2008/02/08,561,561,561,561,300,561,1
2008/02/14,595,600,595,600,5600,600,1
2008/02/15,600,605,600,605,1000,605,1
2008/02/18,630,630,623,630,2700,630,1
2008/02/19,630,632,629,630,2900,630,1
2008/02/20,630,630,629,629,7700,629,1
2008/02/21,630,630,630,630,1100,630,1
2008/02/22,632,640,631,639,1500,639,1
2008/02/25,650,650,650,650,11100,650,1
2008/02/26,630,630,630,630,200,630,1
2008/02/28,650,650,642,642,400,642,1
2008/02/29,674,674,674,674,2000,674,1
2008/03/03,774,774,772,772,2100,772,1
2008/03/04,722,722,710,710,300,710,1
2008/03/10,699,699,699,699,100,699,1
2008/03/12,699,699,699,699,400,699,1
2008/03/14,660,660,660,660,100,660,1
2008/03/17,670,670,633,633,3300,633,1
2008/03/18,723,723,720,720,1700,720,1
2008/03/19,720,750,720,750,1300,750,1
2008/03/21,787,787,750,750,6600,750,1
2008/03/24,750,778,750,778,1400,778,1
2008/03/25,816,816,710,710,7500,710,1
2008/03/26,700,700,670,671,2800,671,1
2008/03/27,673,678,670,670,1400,670,1
2008/03/28,670,693,670,693,2100,693,1
2008/03/31,690,690,690,690,1700,690,1
2008/04/01,685,685,685,685,1800,685,1
2008/04/08,670,670,650,660,2400,660,1
2008/04/09,661,661,640,640,2200,640,1
2008/04/11,641,676,641,676,1800,676,1
2008/04/14,666,666,666,666,1000,666,1
2008/04/15,700,700,670,680,2200,680,1
2008/04/16,714,714,714,714,8500,714,1
2008/04/17,714,715,697,697,4400,697,1
2008/04/18,707,707,698,700,5800,700,1
2008/04/21,709,709,689,689,6400,689,1
2008/04/22,689,700,689,700,2300,700,1
2008/04/23,700,700,700,700,2700,700,1
2008/04/24,700,720,693,710,4800,710,1
2008/04/25,709,709,700,700,14200,700,1
2008/04/28,700,706,700,700,2800,700,1
2008/04/30,710,710,699,700,2500,700,1
2008/05/01,710,710,695,695,4400,695,1
2008/05/07,715,715,715,715,1800,715,1
2008/05/12,685,700,680,700,1700,700,1
2008/05/13,700,700,700,700,1000,700,1
2008/05/14,700,700,700,700,1200,700,1
2008/05/15,700,700,700,700,600,700,1
2008/05/16,700,700,700,700,2800,700,1
2008/05/19,702,702,691,700,6500,700,1
2008/05/20,700,700,691,700,6900,700,1
2008/05/21,699,699,699,699,100,699,1
2008/05/22,699,710,699,710,3800,710,1
2008/05/23,700,707,700,707,7500,707,1
2008/05/28,706,706,683,690,1800,690,1
2008/05/29,700,700,700,700,1600,700,1
2008/05/30,709,709,670,670,5100,670,1
2008/06/02,670,670,670,670,200,670,1
2008/06/04,652,660,651,660,1600,660,1
2008/06/05,660,670,660,670,1000,670,1
2008/06/06,670,670,670,670,300,670,1
2008/06/09,650,659,650,659,3800,659,1
2008/06/10,668,668,648,650,2300,650,1
2008/06/11,660,660,630,660,1700,660,1
2008/06/16,650,650,640,641,5100,641,1
2008/06/17,650,650,650,650,600,650,1
2008/06/18,665,665,655,658,3200,658,1
2008/06/19,660,660,654,654,2700,654,1
2008/06/20,644,644,640,640,8800,640,1
2008/06/23,640,641,640,640,3300,640,1
2008/06/24,640,660,636,660,2500,660,1
2008/06/25,650,650,621,621,8800,621,1
2008/06/26,649,649,649,649,100,649,1
2008/06/27,630,630,630,630,1200,630,1
2008/06/30,640,640,640,640,2700,640,1
2008/07/01,638,638,638,638,100,638,1
2008/07/02,630,630,630,630,1900,630,1
2008/07/07,629,629,629,629,100,629,1
2008/07/08,620,620,610,610,2900,610,1
2008/07/09,610,610,580,610,4000,610,1
2008/07/10,600,600,590,590,1400,590,1
2008/07/11,583,590,583,590,1300,590,1
2008/07/15,591,591,570,570,3600,570,1
2008/07/16,560,562,555,555,5600,555,1
2008/07/17,555,575,555,560,2300,560,1
2008/07/18,560,580,560,580,1800,580,1
2008/07/22,570,570,570,570,8100,570,1
2008/07/23,572,572,562,562,1900,562,1
2008/07/24,581,590,570,590,1200,590,1
2008/07/25,600,600,600,600,8100,600,1
2008/07/28,600,600,600,600,1200,600,1
2008/07/30,611,624,610,610,1000,610,1
2008/07/31,590,590,590,590,2500,590,1
2008/08/01,600,600,600,600,2000,600,1
2008/08/04,599,599,599,599,100,599,1
2008/08/06,580,580,580,580,700,580,1
2008/08/07,555,570,555,570,500,570,1
2008/08/11,526,535,526,535,1100,535,1
2008/08/12,546,546,546,546,100,546,1
2008/08/14,560,560,557,557,1000,557,1
2008/08/15,560,566,560,566,1300,566,1
2008/08/18,596,596,580,580,3900,580,1
2008/08/19,570,580,565,575,5500,575,1
2008/08/20,575,575,573,573,8800,573,1
2008/08/21,573,575,573,575,500,575,1
2008/08/22,576,580,575,575,1600,575,1
2008/08/25,600,600,600,600,8200,600,1
2008/08/27,590,590,575,575,900,575,1
2008/08/28,560,570,560,570,1600,570,1
2008/08/29,569,569,560,560,2200,560,1
2008/09/01,560,560,560,560,2100,560,1
2008/09/08,530,530,500,500,5100,500,1
2008/09/09,500,500,500,500,1000,500,1
2008/09/10,500,500,500,500,700,500,1
2008/09/16,495,495,495,495,300,495,1
2008/09/17,500,529,500,524,5400,524,1
2008/09/18,550,600,550,600,12800,600,1
2008/09/19,660,660,630,630,3200,630,1
2008/09/22,660,660,650,650,7400,650,1
2008/09/24,645,650,645,645,3500,645,1
2008/09/25,670,670,670,670,15500,670,1
2008/09/26,641,641,641,641,100,641,1
2008/09/29,623,625,585,585,2300,585,1
2008/09/30,585,585,500,501,5000,501,1
2008/10/01,536,546,536,536,5400,536,1
2008/10/02,584,584,584,584,2200,584,1
2008/10/03,517,517,505,505,600,505,1
2008/10/06,505,505,505,505,200,505,1
2008/10/07,465,465,465,465,400,465,1
2008/10/15,512,512,510,510,200,510,1
2008/10/16,520,520,520,520,1000,520,1
2008/10/17,560,570,560,560,1400,560,1
2008/10/20,630,630,630,630,1800,630,1
2008/10/21,661,661,661,661,7900,661,1
2008/10/22,615,615,615,615,1300,615,1
2008/10/23,605,615,605,615,600,615,1
2008/10/24,645,645,645,645,3600,645,1
2008/10/27,645,645,645,645,1900,645,1
2008/10/28,630,630,630,630,200,630,1
2008/10/29,640,640,640,640,600,640,1
2008/10/31,645,645,595,595,3500,595,1
2008/11/04,600,600,600,600,2000,600,1
2008/11/07,590,590,590,590,1000,590,1
2008/11/10,590,590,590,590,100,590,1
2008/11/11,595,595,595,595,1100,595,1
2008/11/12,590,590,590,590,100,590,1
2008/11/13,590,600,590,600,2700,600,1
2008/11/17,600,600,600,600,1000,600,1
2008/11/18,610,610,585,600,3600,600,1
2008/11/19,600,605,600,605,5500,605,1
2008/11/20,605,605,585,585,7400,585,1
2008/11/21,587,600,565,600,1000,600,1
2008/11/25,580,580,580,580,4700,580,1
2008/11/26,605,605,605,605,4400,605,1
2008/11/27,560,580,560,580,200,580,1
2008/11/28,600,600,600,600,1600,600,1
2008/12/02,605,605,560,580,3300,580,1
2008/12/08,577,579,577,579,2000,579,1
2008/12/11,551,578,551,578,600,578,1
2008/12/15,568,580,568,580,1000,580,1
2008/12/16,584,590,584,590,800,590,1
2008/12/17,595,598,590,595,1900,595,1
2008/12/18,598,600,598,600,3500,600,1
2008/12/19,590,600,590,600,3100,600,1
2008/12/22,600,600,580,581,9200,581,1
2008/12/24,587,600,587,600,3100,600,1
2008/12/25,580,580,580,580,3500,580,1
2008/12/26,580,580,580,580,3500,580,1
2008/12/29,581,581,580,580,700,580,1
2008/12/30,580,580,580,580,1600,580,1
2009/01/06,598,598,598,598,2100,598,1
2009/01/07,555,576,555,576,2300,576,1
2009/01/08,560,560,530,550,1300,550,1
2009/01/09,541,545,541,545,1200,545,1
2009/01/15,535,545,535,545,1800,545,1
2009/01/16,545,545,525,545,1600,545,1
2009/01/19,554,554,535,535,5900,535,1
2009/01/20,540,540,530,537,8200,537,1
2009/01/21,530,532,530,530,1000,530,1
2009/01/22,530,540,530,535,1100,535,1
2009/01/23,534,534,534,534,3900,534,1
2009/01/26,540,540,540,540,3900,540,1
2009/01/30,539,539,539,539,3800,539,1
2009/02/02,509,509,509,509,100,509,1
2009/02/03,509,509,509,509,200,509,1
2009/02/05,501,501,501,501,100,501,1
2009/02/06,510,510,510,510,100,510,1
2009/02/09,460,466,460,466,3200,466,1
2009/02/10,451,461,451,461,600,461,1
2009/02/12,450,450,450,450,1300,450,1
2009/02/17,437,450,423,450,11300,450,1
2009/02/18,447,447,447,447,1700,447,1
2009/02/19,452,455,449,453,3500,453,1
2009/02/20,449,449,428,428,9900,428,1
2009/02/23,423,423,415,420,1000,420,1
2009/02/24,414,414,380,380,2000,380,1
2009/02/25,385,385,385,385,5000,385,1
2009/02/26,385,385,385,385,5500,385,1
2009/02/27,384,384,359,359,2500,359,1
2009/03/03,319,319,319,319,400,319,1
2009/03/04,380,380,380,380,3300,380,1
2009/03/11,350,350,350,350,100,350,1
2009/03/12,340,340,335,335,30100,335,1
2009/03/13,330,344,324,344,1300,344,1
2009/03/16,343,345,343,345,400,345,1
2009/03/17,347,350,340,350,1600,350,1
2009/03/18,369,369,350,350,3700,350,1
2009/03/19,349,349,349,349,400,349,1
2009/03/23,366,370,366,366,9700,366,1
2009/03/24,380,380,380,380,3400,380,1
2009/03/25,380,380,380,380,5100,380,1
2009/03/26,380,380,380,380,5100,380,1
2009/03/27,380,380,380,380,700,380,1
2009/03/30,400,400,400,400,1100,400,1
2009/03/31,400,400,400,400,2500,400,1
2009/04/01,415,415,415,415,2800,415,1
2009/04/02,400,400,400,400,4300,400,1
2009/04/03,400,400,400,400,2300,400,1
2009/04/07,400,400,400,400,500,400,1
2009/04/08,400,401,400,401,500,401,1
2009/04/09,401,403,401,403,500,403,1
2009/04/10,403,403,403,403,400,403,1
2009/04/13,430,430,430,430,1500,430,1
2009/04/14,430,430,430,430,2100,430,1
2009/04/15,430,430,430,430,4200,430,1
2009/04/16,430,445,430,445,400,445,1
2009/04/17,449,470,449,470,7900,470,1
2009/04/20,465,465,465,465,9200,465,1
2009/04/21,460,460,440,450,2400,450,1
2009/04/22,435,450,435,450,3600,450,1
2009/04/23,450,465,450,450,2200,450,1
2009/04/24,454,454,454,454,4100,454,1
2009/04/27,459,459,459,459,4100,459,1
2009/04/28,450,460,450,455,1400,455,1
2009/04/30,444,445,430,430,2000,430,1
2009/05/01,430,435,430,435,1400,435,1
2009/05/07,515,515,515,515,2600,515,1
2009/05/08,515,515,515,515,200,515,1
2009/05/11,450,455,450,450,1500,450,1
2009/05/12,448,449,448,449,400,449,1
2009/05/13,439,440,439,440,700,440,1
2009/05/14,442,451,442,450,2500,450,1
2009/05/15,450,455,450,455,3600,455,1
2009/05/18,460,460,460,460,1100,460,1
2009/05/19,455,465,455,455,5800,455,1
2009/05/20,460,460,460,460,8500,460,1
2009/05/21,460,460,450,450,2000,450,1
2009/05/22,450,450,447,447,800,447,1
2009/05/25,450,450,450,450,4000,450,1
2009/05/26,455,455,455,455,5300,455,1
2009/05/29,460,460,460,460,2300,460,1
2009/06/01,465,465,465,465,2700,465,1
2009/06/02,465,465,465,465,1500,465,1
2009/06/04,465,465,460,460,1600,460,1
2009/06/05,461,461,461,461,100,461,1
2009/06/08,465,465,460,465,700,465,1
2009/06/11,467,467,467,467,1700,467,1
2009/06/12,450,479,450,479,7000,479,1
2009/06/16,460,470,448,470,6200,470,1
2009/06/17,470,470,450,450,900,450,1
2009/06/18,480,480,450,470,5100,470,1
2009/06/19,450,465,450,465,3500,465,1
2009/06/22,460,460,445,455,12000,455,1
2009/06/23,450,450,440,440,1300,440,1
2009/06/24,441,446,430,445,4500,445,1
2009/06/25,430,438,421,438,5800,438,1
2009/06/26,442,442,442,442,4000,442,1
2009/06/29,419,422,411,422,5500,422,1
2009/06/30,417,423,417,421,2200,421,1
2009/07/01,418,418,418,418,800,418,1
2009/07/02,428,428,428,428,3000,428,1
2009/07/03,413,413,413,413,800,413,1
2009/07/06,453,466,431,459,30300,459,1
2009/07/07,460,460,440,450,5600,450,1
2009/07/08,425,425,416,416,2600,416,1
2009/07/09,431,445,412,412,2300,412,1
2009/07/10,413,413,412,412,500,412,1
2009/07/13,407,407,407,407,200,407,1
2009/07/14,407,415,407,415,1300,415,1
2009/07/15,415,420,415,420,1200,420,1
2009/07/16,430,430,430,430,100,430,1
2009/07/17,440,455,440,455,6200,455,1
2009/07/21,465,465,433,448,8800,448,1
2009/07/22,450,450,448,448,1600,448,1
2009/07/23,445,448,441,441,2900,441,1
2009/07/24,449,449,441,441,3800,441,1
2009/07/27,450,450,430,434,4800,434,1
2009/07/29,430,430,425,425,1800,425,1
2009/07/30,440,440,440,440,300,440,1
2009/07/31,454,454,454,454,4200,454,1
2009/08/04,445,447,445,447,1000,447,1
2009/08/06,432,432,431,431,1100,431,1
2009/08/07,431,431,431,431,900,431,1
2009/08/10,422,422,422,422,1300,422,1
2009/08/11,437,437,437,437,200,437,1
2009/08/12,431,432,420,430,1800,430,1
2009/08/17,435,438,425,425,1700,425,1
2009/08/18,435,446,435,446,1500,446,1
2009/08/19,435,450,435,450,5400,450,1
2009/08/20,445,445,439,439,8300,439,1
2009/08/21,438,439,421,430,4000,430,1
2009/08/24,426,426,426,426,100,426,1
2009/08/25,430,430,430,430,3600,430,1
2009/08/26,430,430,421,421,4500,421,1
2009/08/27,426,426,421,421,1200,421,1
2009/08/28,426,432,426,432,6100,432,1
2009/08/31,442,442,432,433,5300,433,1
2009/09/01,445,445,431,431,3200,431,1
2009/09/02,441,441,436,436,200,436,1
2009/09/03,433,433,426,426,1600,426,1
2009/09/04,419,428,419,419,6600,419,1
2009/09/07,418,418,418,418,1200,418,1
2009/09/09,415,415,413,413,4100,413,1
2009/09/10,420,420,420,420,100,420,1
2009/09/14,445,455,420,455,25100,455,1
2009/09/15,450,465,450,455,10700,455,1
2009/09/16,440,440,430,430,4700,430,1
2009/09/17,445,445,441,442,2800,442,1
2009/09/18,435,445,433,444,3200,444,1
2009/09/24,445,445,445,445,9100,445,1
2009/09/25,445,445,445,445,3200,445,1
2009/09/28,450,450,445,445,3400,445,1
2009/09/29,445,445,443,443,1300,443,1
2009/09/30,445,445,431,431,2000,431,1
2009/10/01,426,426,426,426,300,426,1
2009/10/02,440,440,420,440,3500,440,1
2009/10/05,421,421,410,410,2900,410,1
2009/10/06,412,414,412,414,400,414,1
2009/10/13,428,428,428,428,500,428,1
2009/10/14,428,434,428,429,1600,429,1
2009/10/15,429,429,420,423,1500,423,1
2009/10/16,425,430,425,430,1200,430,1
2009/10/19,440,440,420,430,6800,430,1
2009/10/20,440,440,420,420,9900,420,1
2009/10/21,421,422,418,418,900,418,1
2009/10/22,419,419,419,419,500,419,1
2009/10/23,420,420,415,415,4000,415,1
2009/10/26,425,425,415,415,3800,415,1
2009/10/28,415,415,415,415,2200,415,1
2009/10/29,410,410,410,410,100,410,1
2009/10/30,415,415,415,415,4400,415,1
2009/11/02,410,410,400,400,3000,400,1
2009/11/04,400,400,400,400,600,400,1
2009/11/05,400,400,400,400,100,400,1
2009/11/09,380,380,370,370,600,370,1
2009/11/10,380,380,380,380,2200,380,1
2009/11/12,370,370,370,370,1100,370,1
2009/11/16,373,393,373,393,1000,393,1
2009/11/17,390,390,390,390,500,390,1
2009/11/18,420,420,400,400,3100,400,1
2009/11/19,401,420,401,420,1500,420,1
2009/11/20,430,430,430,430,8700,430,1
2009/11/24,406,430,406,430,1500,430,1
2009/11/25,430,430,400,400,3500,400,1
2009/11/26,390,390,390,390,3400,390,1
2009/11/27,380,380,380,380,600,380,1
2009/11/30,399,399,390,390,2300,390,1
2009/12/01,370,370,370,370,600,370,1
2009/12/02,385,385,385,385,2800,385,1
2009/12/07,385,385,385,385,300,385,1
2009/12/08,385,385,385,385,100,385,1
2009/12/10,370,370,370,370,300,370,1
2009/12/14,372,375,372,374,1100,374,1
2009/12/16,391,410,391,410,5700,410,1
2009/12/17,400,424,400,424,13600,424,1
2009/12/18,420,420,420,420,1000,420,1
2009/12/21,400,400,400,400,9400,400,1
2009/12/22,390,390,385,387,1200,387,1
2009/12/24,387,399,380,399,6200,399,1
2009/12/25,400,400,400,400,6800,400,1
2009/12/29,390,390,390,390,200,390,1
2009/12/30,399,399,359,379,15500,379,1
2010/01/04,379,379,379,379,100,379,1
2010/01/05,395,395,395,395,2800,395,1
2010/01/07,379,379,372,372,1700,372,1
2010/01/08,385,385,385,385,100,385,1
2010/01/13,380,380,380,380,3400,380,1
2010/01/14,380,388,380,388,2500,388,1
2010/01/15,385,399,383,383,8200,383,1
2010/01/18,385,385,375,375,3300,375,1
2010/01/19,385,385,385,385,1000,385,1
2010/01/20,384,384,377,377,9900,377,1
2010/01/21,377,379,377,379,2600,379,1
2010/01/22,378,379,378,379,1100,379,1
2010/01/25,382,382,380,380,4100,380,1
2010/01/26,382,382,382,382,3500,382,1
2010/01/27,381,381,380,380,300,380,1
2010/01/28,380,380,375,380,2400,380,1
2010/01/29,370,375,370,375,2200,375,1
2010/02/01,380,380,380,380,2700,380,1
2010/02/03,372,372,372,372,1200,372,1
2010/02/04,372,375,372,375,1900,375,1
2010/02/10,375,375,375,375,600,375,1
2010/02/12,375,380,375,375,2400,375,1
2010/02/15,369,373,364,373,3900,373,1
2010/02/16,372,372,368,371,4700,371,1
2010/02/17,370,370,369,369,400,369,1
2010/02/18,370,370,355,358,4200,358,1
2010/02/19,359,363,350,363,6200,363,1
2010/02/22,362,362,343,344,16300,344,1
2010/02/23,344,344,343,343,2600,343,1
2010/02/24,350,350,344,344,400,344,1
2010/02/25,340,340,320,322,7300,322,1
2010/02/26,330,330,312,319,11200,319,1
2010/03/01,318,318,309,312,7900,312,1
2010/03/02,312,317,303,307,9300,307,1
2010/03/03,307,315,307,315,3000,315,1
2010/03/04,320,320,313,313,3100,313,1
2010/03/05,305,315,305,315,1300,315,1
2010/03/08,315,315,307,307,1300,307,1
2010/03/09,307,307,307,307,200,307,1
2010/03/10,310,310,310,310,100,310,1
2010/03/11,310,315,310,315,200,315,1
2010/03/12,310,315,310,315,400,315,1
2010/03/17,320,330,320,330,8600,330,1
2010/03/18,337,337,309,312,15700,312,1
2010/03/19,313,321,313,321,1100,321,1
2010/03/23,325,325,325,325,11300,325,1
2010/03/24,326,333,326,333,1400,333,1
2010/03/25,325,335,315,335,6800,335,1
2010/03/26,337,337,335,335,3900,335,1
2010/03/29,335,335,333,333,3000,333,1
2010/03/30,333,337,332,333,1900,333,1
2010/03/31,339,339,339,339,2100,339,1
2010/04/01,340,340,339,339,7100,339,1
2010/04/02,337,337,337,337,3000,337,1
2010/04/05,329,329,329,329,5000,329,1
2010/04/06,329,330,329,329,2000,329,1
2010/04/07,331,331,331,331,300,331,1
2010/04/08,331,338,331,338,400,338,1
2010/04/09,332,339,328,333,3500,333,1
2010/04/12,334,335,334,335,500,335,1
2010/04/13,340,342,340,342,1000,342,1
2010/04/14,334,338,334,335,6300,335,1
2010/04/15,343,349,343,349,1000,349,1
2010/04/16,350,360,350,360,14000,360,1
2010/04/19,360,360,359,360,4100,360,1
2010/04/20,373,373,373,373,9100,373,1
2010/04/21,375,375,350,358,4600,358,1
2010/04/22,360,395,360,395,1100,395,1
2010/04/23,395,395,374,380,3700,380,1
2010/04/26,390,390,385,385,3400,385,1
2010/04/27,387,390,387,390,200,390,1
2010/04/28,390,390,387,387,700,387,1
2010/04/30,389,389,389,389,3300,389,1
2010/05/06,400,400,399,399,6300,399,1
2010/05/07,391,395,380,395,2900,395,1
2010/05/10,380,390,380,390,6000,390,1
2010/05/11,387,387,382,382,1100,382,1
2010/05/12,382,382,378,379,1100,379,1
2010/05/13,376,392,376,392,1100,392,1
2010/05/17,399,400,399,400,2200,400,1
2010/05/18,400,415,400,415,9600,415,1
2010/05/19,420,420,396,420,2800,420,1
2010/05/20,435,440,420,439,13600,439,1
2010/05/21,429,429,415,425,2300,425,1
2010/05/24,430,430,430,430,1500,430,1
2010/05/25,430,430,425,425,3000,425,1
2010/05/26,435,435,430,430,3000,430,1
2010/05/27,430,435,425,435,1300,435,1
2010/05/28,435,435,435,435,3000,435,1
2010/05/31,439,439,430,435,3400,435,1
2010/06/01,442,442,425,442,2300,442,1
2010/06/03,430,430,430,430,1500,430,1
2010/06/04,420,420,418,420,1600,420,1
2010/06/08,405,419,405,419,900,419,1
2010/06/09,411,435,411,419,3800,419,1
2010/06/10,430,430,430,430,100,430,1
2010/06/11,410,410,403,407,2600,407,1
2010/06/14,406,412,406,410,1500,410,1
2010/06/15,410,410,410,410,100,410,1
2010/06/16,405,420,405,420,500,420,1
2010/06/17,412,429,412,429,4400,429,1
2010/06/18,420,428,420,428,2000,428,1
2010/06/21,420,427,410,427,9200,427,1
2010/06/22,415,418,410,410,2400,410,1
2010/06/23,410,410,410,410,100,410,1
2010/06/24,426,426,426,426,400,426,1
2010/06/25,430,430,430,430,5700,430,1
2010/06/28,414,414,414,414,1200,414,1
2010/06/29,413,413,413,413,500,413,1
2010/06/30,413,420,413,420,1800,420,1
2010/07/01,417,417,415,415,800,415,1
2010/07/02,430,430,430,430,2200,430,1
2010/07/05,420,420,420,420,500,420,1
2010/07/07,415,415,415,415,300,415,1
2010/07/08,416,416,416,416,200,416,1
2010/07/14,420,425,420,425,4400,425,1
2010/07/15,420,420,415,420,2100,420,1
2010/07/16,420,420,414,420,3400,420,1
2010/07/20,420,420,420,420,8000,420,1
2010/07/21,419,419,419,419,200,419,1
2010/07/22,419,419,417,417,800,417,1
2010/07/23,419,419,411,411,5300,411,1
2010/07/26,419,419,395,402,8400,402,1
2010/07/27,410,410,410,410,1200,410,1
2010/07/28,415,415,410,410,1200,410,1
2010/07/29,410,410,410,410,200,410,1
2010/07/30,420,420,420,420,7900,420,1
2010/08/05,410,418,410,418,1900,418,1
2010/08/06,410,410,410,410,1000,410,1
2010/08/09,410,410,406,406,2200,406,1
2010/08/10,411,411,405,405,2200,405,1
2010/08/12,408,408,408,408,100,408,1
2010/08/16,408,411,408,411,1600,411,1
2010/08/17,411,411,411,411,100,411,1
2010/08/18,417,417,412,415,2300,415,1
2010/08/19,415,420,415,420,9500,420,1
2010/08/20,412,412,412,412,8000,412,1
2010/08/23,412,412,409,411,800,411,1
2010/08/24,410,410,401,410,1000,410,1
2010/08/25,410,410,410,410,2900,410,1
2010/08/26,420,420,420,420,2900,420,1
2010/08/31,420,420,420,420,2000,420,1
2010/09/01,420,420,420,420,2300,420,1
2010/09/03,410,410,410,410,500,410,1
2010/09/06,410,410,410,410,600,410,1
2010/09/08,406,410,405,410,1200,410,1
2010/09/13,405,405,405,405,800,405,1
2010/09/14,407,409,407,409,400,409,1
2010/09/15,409,410,408,408,5700,408,1
2010/09/16,410,410,410,410,700,410,1
2010/09/17,415,415,413,413,1500,413,1
2010/09/21,419,419,401,405,11000,405,1
2010/09/22,405,405,405,405,300,405,1
2010/09/24,403,403,403,403,3200,403,1
2010/09/27,413,413,413,413,2900,413,1
2010/09/30,410,410,410,410,2000,410,1
2010/10/01,410,410,410,410,2300,410,1
2010/10/04,405,405,405,405,300,405,1
2010/10/05,400,400,400,400,1000,400,1
2010/10/14,400,400,400,400,200,400,1
2010/10/15,400,405,400,405,3000,405,1
2010/10/18,420,420,420,420,1000,420,1
2010/10/19,412,412,371,371,13500,371,1
2010/10/20,389,389,389,389,11100,389,1
2010/10/21,397,397,397,397,300,397,1
2010/10/22,397,397,382,397,300,397,1
2010/10/25,381,394,381,394,5100,394,1
2010/10/26,390,390,390,390,3500,390,1
2010/10/27,390,390,390,390,200,390,1
2010/10/28,390,390,390,390,200,390,1
2010/10/29,390,390,390,390,1800,390,1
2010/11/01,397,397,397,397,2400,397,1
2010/11/04,395,395,395,395,200,395,1
2010/11/05,390,390,390,390,500,390,1
2010/11/09,390,390,382,385,1500,385,1
2010/11/10,385,387,379,379,3200,379,1
2010/11/11,379,379,379,379,300,379,1
2010/11/12,372,372,372,372,500,372,1
2010/11/15,379,379,367,370,2600,370,1
2010/11/16,370,370,370,370,1200,370,1
2010/11/17,371,378,371,378,300,378,1
2010/11/18,386,386,385,385,4000,385,1
2010/11/19,385,390,370,379,5600,379,1
2010/11/22,374,382,374,376,9500,376,1
2010/11/24,376,384,376,384,1500,384,1
2010/11/25,377,377,377,377,4000,377,1
2010/11/26,387,387,380,382,4100,382,1
2010/11/29,382,390,381,389,2800,389,1
2010/11/30,389,389,385,385,2400,385,1
2010/12/01,382,385,382,385,900,385,1
2010/12/02,420,420,385,400,4900,400,1
2010/12/03,390,398,390,398,1200,398,1
2010/12/06,383,383,380,380,1000,380,1
2010/12/07,381,381,381,381,1500,381,1
2010/12/08,389,389,389,389,500,389,1
2010/12/09,381,381,377,377,1100,377,1
2010/12/10,379,379,377,377,600,377,1
2010/12/13,379,379,379,379,300,379,1
2010/12/14,379,384,379,384,400,384,1
2010/12/15,380,380,380,380,1100,380,1
2010/12/16,380,381,380,380,1100,380,1
2010/12/17,383,385,383,385,4500,385,1
2010/12/20,390,390,376,376,13800,376,1
2010/12/21,377,380,375,380,1400,380,1
2010/12/22,380,380,375,375,1700,375,1
2010/12/24,380,380,373,373,4600,373,1
2010/12/27,375,375,374,375,5500,375,1
2010/12/28,371,375,371,375,2500,375,1
2010/12/29,371,374,371,374,300,374,1
2010/12/30,378,378,378,378,6200,378,1
2011/01/04,390,390,390,390,2500,390,1
2011/01/05,389,389,389,389,100,389,1
2011/01/06,373,381,373,381,600,381,1
2011/01/07,380,381,372,381,3800,381,1
2011/01/11,381,381,381,381,300,381,1
2011/01/12,381,381,381,381,200,381,1
2011/01/13,382,382,382,382,200,382,1
2011/01/14,383,390,383,390,7100,390,1
2011/01/17,395,396,395,396,700,396,1
2011/01/18,404,404,403,403,1700,403,1
2011/01/19,403,408,403,408,600,408,1
2011/01/20,420,420,409,409,8000,409,1
2011/01/21,409,410,405,405,1300,405,1
2011/01/24,400,400,392,395,1700,395,1
2011/01/25,400,400,400,400,3000,400,1
2011/01/26,405,405,405,405,3000,405,1
2011/01/27,405,405,405,405,1100,405,1
2011/01/28,405,405,400,400,1400,400,1
2011/01/31,410,410,408,408,2100,408,1
2011/02/01,420,420,420,420,2300,420,1
2011/02/02,406,406,406,406,300,406,1
2011/02/03,406,406,406,406,400,406,1
2011/02/04,405,405,405,405,400,405,1
2011/02/08,405,405,398,400,2200,400,1
2011/02/09,400,400,400,400,400,400,1
2011/02/10,402,402,402,402,100,402,1
2011/02/14,405,420,405,420,5600,420,1
2011/02/15,420,425,410,412,12400,412,1
2011/02/16,412,412,407,410,3700,410,1
2011/02/17,411,414,410,414,1300,414,1
2011/02/18,414,415,410,410,2800,410,1
2011/02/21,424,425,411,413,11400,413,1
2011/02/22,414,416,406,410,2300,410,1
2011/02/23,410,411,410,410,2000,410,1
2011/02/24,411,411,403,403,1400,403,1
2011/02/25,411,412,411,412,3200,412,1
2011/02/28,420,420,420,420,4700,420,1
2011/03/01,404,412,404,410,1400,410,1
2011/03/02,403,407,403,405,700,405,1
2011/03/03,406,406,395,395,11700,395,1
2011/03/04,409,409,396,398,3000,398,1
2011/03/07,404,404,397,400,14000,400,1
2011/03/08,395,395,395,395,2500,395,1
2011/03/09,395,396,395,396,1300,396,1
2011/03/10,395,395,394,394,300,394,1
2011/03/11,393,393,392,392,700,392,1
2011/03/14,388,388,362,362,5600,362,1
2011/03/15,355,355,334,334,700,334,1
2011/03/16,333,341,333,336,1100,336,1
2011/03/17,336,340,325,330,7100,330,1
2011/03/18,338,365,325,365,7500,365,1
2011/03/22,357,363,357,360,13900,360,1
2011/03/23,360,360,355,355,2900,355,1
2011/03/24,356,369,356,362,1700,362,1
2011/03/25,357,357,344,355,8900,355,1
2011/03/28,363,363,342,346,4800,346,1
2011/03/29,346,346,346,346,800,346,1
2011/03/30,352,361,352,360,1200,360,1
2011/03/31,346,353,346,352,4400,352,1
2011/04/01,359,359,351,359,3400,359,1
2011/04/04,359,359,357,357,1100,357,1
2011/04/05,357,357,352,352,2400,352,1
2011/04/06,352,359,350,350,1100,350,1
2011/04/07,350,350,350,350,200,350,1
2011/04/08,350,350,350,350,200,350,1
2011/04/11,349,352,349,351,600,351,1
2011/04/12,350,350,350,350,100,350,1
2011/04/13,350,353,350,353,600,353,1
2011/04/14,354,361,354,358,2100,358,1
2011/04/15,358,365,357,365,500,365,1
2011/04/18,370,370,363,364,2300,364,1
2011/04/19,365,369,364,366,800,366,1
2011/04/20,359,359,356,356,10000,356,1
2011/04/21,355,366,355,366,600,366,1
2011/04/22,364,364,362,362,900,362,1
2011/04/25,364,364,361,361,4500,361,1
2011/04/26,365,365,359,359,4600,359,1
2011/04/27,358,361,358,361,300,361,1
2011/04/28,370,370,361,361,2500,361,1
2011/05/02,360,360,341,359,6400,359,1
2011/05/06,362,362,345,348,6800,348,1
2011/05/09,348,359,348,359,1400,359,1
2011/05/10,351,356,349,356,1800,356,1
2011/05/11,355,355,351,351,1400,351,1
2011/05/12,351,351,346,349,2500,349,1
2011/05/13,349,350,349,350,400,350,1
2011/05/16,350,360,350,356,3800,356,1
2011/05/17,355,359,355,359,1200,359,1
2011/05/18,356,356,356,356,2300,356,1
2011/05/19,357,370,357,370,2200,370,1
2011/05/20,364,365,364,365,14000,365,1
2011/05/23,365,370,365,370,1500,370,1
2011/05/24,370,370,367,367,2900,367,1
2011/05/25,359,359,355,357,5400,357,1
2011/05/26,367,367,367,367,3400,367,1
2011/05/30,366,366,357,357,3000,357,1
2011/05/31,365,365,364,364,2000,364,1
2011/06/01,368,368,362,362,2800,362,1
2011/06/02,362,363,362,362,1600,362,1
2011/06/03,362,362,362,362,1600,362,1
2011/06/08,362,362,362,362,400,362,1
2011/06/09,354,354,351,353,1400,353,1
2011/06/10,343,354,343,350,1400,350,1
2011/06/13,350,350,350,350,500,350,1
2011/06/14,355,357,355,356,3200,356,1
2011/06/15,357,361,355,361,5800,361,1
2011/06/16,361,370,361,367,3200,367,1
2011/06/17,375,376,371,375,6400,375,1
2011/06/20,390,390,373,373,17900,373,1
2011/06/21,369,380,369,380,2800,380,1
2011/06/22,381,390,381,384,800,384,1
2011/06/23,385,385,383,385,600,385,1
2011/06/24,385,385,383,385,4900,385,1
2011/06/27,395,395,384,384,3600,384,1
2011/06/28,383,383,378,378,1500,378,1
2011/06/29,378,386,378,386,1100,386,1
2011/06/30,386,386,382,385,5800,385,1
2011/07/01,384,384,382,382,6500,382,1
2011/07/04,382,382,371,371,6800,371,1
2011/07/05,373,375,372,372,3200,372,1
2011/07/06,373,375,372,372,1700,372,1
2011/07/07,372,372,371,371,1400,371,1
2011/07/08,370,373,369,371,3200,371,1
2011/07/11,371,374,371,374,300,374,1
2011/07/12,373,374,373,373,700,373,1
2011/07/13,373,385,373,375,5600,375,1
2011/07/14,376,390,376,390,12800,390,1
2011/07/15,386,407,385,404,10500,404,1
2011/07/19,405,405,398,400,6500,400,1
2011/07/20,390,400,383,387,10700,387,1
2011/07/21,395,400,393,395,3800,395,1
2011/07/22,400,405,400,400,3600,400,1
2011/07/25,406,406,394,394,6000,394,1
2011/07/26,404,404,400,400,3900,400,1
2011/07/27,387,392,387,391,7300,391,1
2011/07/28,383,390,382,390,1800,390,1
2011/07/29,399,399,399,399,6300,399,1
2011/08/01,420,420,384,395,5800,395,1
2011/08/04,387,388,387,387,2300,387,1
2011/08/05,386,386,380,380,900,380,1
2011/08/08,376,376,375,375,800,375,1
2011/08/09,373,390,373,390,2300,390,1
2011/08/11,382,382,375,375,600,375,1
2011/08/12,377,386,377,386,900,386,1
2011/08/15,386,386,383,383,500,383,1
2011/08/16,386,390,386,388,600,388,1
2011/08/17,387,391,387,390,1000,390,1
2011/08/18,391,391,390,390,1800,390,1
2011/08/19,390,401,385,401,5700,401,1
2011/08/22,440,478,409,411,79100,411,1
2011/08/23,425,425,386,387,26100,387,1
2011/08/24,390,415,385,386,25500,386,1
2011/08/25,386,393,386,388,10600,388,1
2011/08/26,390,390,386,387,5300,387,1
2011/08/29,386,389,384,385,11800,385,1
2011/08/30,385,386,385,386,5800,386,1
2011/08/31,385,385,385,385,5500,385,1
2011/09/01,388,388,386,386,5600,386,1
2011/09/02,386,388,386,387,9800,387,1
2011/09/05,384,385,384,385,15900,385,1
2011/09/06,385,386,384,384,5100,384,1
2011/09/07,384,384,383,384,3500,384,1
2011/09/08,384,385,384,384,4300,384,1
2011/09/09,384,384,383,384,6200,384,1
2011/09/12,383,384,383,384,8300,384,1
2011/09/13,384,385,384,384,2100,384,1
2011/09/14,383,384,383,383,6200,383,1
2011/09/15,384,385,384,385,4300,385,1
2011/09/16,385,386,385,386,5400,386,1
2011/09/20,387,387,385,387,11300,387,1
2011/09/21,386,386,386,386,3100,386,1
2011/09/22,386,386,385,385,5700,385,1
2011/09/26,395,395,385,386,6200,386,1
2011/09/27,385,386,384,385,7000,385,1
2011/09/28,384,385,384,384,2500,384,1
2011/09/29,385,385,385,385,100,385,1
2011/09/30,385,385,384,384,5200,384,1
2011/10/03,384,384,384,384,3200,384,1
2011/10/04,384,384,384,384,1500,384,1
2011/10/05,384,384,384,384,12200,384,1
2011/10/06,384,384,384,384,23300,384,1
2011/10/07,384,384,384,384,6100,384,1
2011/10/11,384,385,384,385,8500,385,1
2011/10/12,385,385,384,384,9700,384,1
2011/10/13,384,385,384,384,4300,384,1
2011/10/14,385,386,384,386,1800,386,1
2011/10/17,386,386,386,386,100,386,1
2011/10/18,383,383,376,378,3600,378,1
2011/10/19,378,378,378,378,3600,378,1
2011/10/20,396,396,380,390,12000,390,1
2011/10/21,381,381,376,377,1900,377,1
2011/10/25,387,391,387,387,2600,387,1
2011/10/26,397,397,397,397,3900,397,1
2011/10/27,390,390,385,386,1400,386,1
2011/10/28,385,385,385,385,800,385,1
2011/10/31,404,404,404,404,1500,404,1
2011/11/01,483,483,390,395,8300,395,1
2011/11/02,395,395,395,395,2700,395,1
2011/11/04,393,393,393,393,1000,393,1
2011/11/07,393,393,393,393,1200,393,1
2011/11/08,385,386,385,385,1100,385,1
2011/11/09,385,385,385,385,2300,385,1
2011/11/10,382,383,374,378,1500,378,1
2011/11/11,378,385,378,385,200,385,1
2011/11/15,390,390,388,388,900,388,1
2011/11/17,391,395,391,395,900,395,1
2011/11/18,395,400,395,399,2400,399,1
2011/11/21,400,400,400,400,7000,400,1
2011/11/22,400,401,400,400,1200,400,1
2011/11/24,400,410,400,410,1200,410,1
2011/11/25,408,410,393,393,6700,393,1
2011/11/28,400,420,400,418,6400,418,1
2011/11/29,413,417,413,417,200,417,1
2011/11/30,418,418,405,405,2500,405,1
2011/12/01,409,417,409,417,1800,417,1
2011/12/02,417,417,417,417,2000,417,1
2011/12/07,421,421,407,414,5200,414,1
2011/12/08,411,411,411,411,100,411,1
2011/12/12,410,410,400,410,1100,410,1
2011/12/13,415,415,415,415,100,415,1
2011/12/15,425,425,425,425,100,425,1
2011/12/16,440,440,430,430,3000,430,1
2011/12/19,432,432,425,425,2300,425,1
2011/12/20,446,446,433,435,7600,435,1
2011/12/21,438,476,438,476,3800,476,1
2011/12/22,468,468,413,416,13400,416,1
2011/12/26,424,424,420,420,4500,420,1
2011/12/27,448,448,431,431,1200,431,1
2011/12/28,460,460,437,460,1000,460,1
2011/12/29,468,486,468,486,500,486,1
2011/12/30,510,530,510,510,7000,510,1
2012/01/04,467,471,467,471,600,471,1
2012/01/05,463,463,460,460,500,460,1
2012/01/06,455,455,455,455,1000,455,1
2012/01/10,455,455,455,455,200,455,1
2012/01/11,442,449,442,449,800,449,1
2012/01/12,446,449,445,449,900,449,1
2012/01/13,448,448,431,440,900,440,1
2012/01/16,440,440,440,440,500,440,1
2012/01/17,440,440,435,440,1100,440,1
2012/01/18,440,440,440,440,900,440,1
2012/01/19,440,440,440,440,2200,440,1
2012/01/20,440,440,424,440,7400,440,1
2012/01/23,440,440,440,440,500,440,1
2012/01/24,441,441,440,440,1200,440,1
2012/01/25,448,448,448,448,2900,448,1
2012/01/26,458,458,440,440,3600,440,1
2012/01/27,432,432,420,429,1600,429,1
2012/01/30,425,425,419,424,5400,424,1
2012/01/31,420,420,416,416,2700,416,1
2012/02/01,424,426,424,426,2400,426,1
2012/02/03,426,434,426,434,300,434,1
2012/02/07,430,430,428,428,1000,428,1
2012/02/08,422,425,420,425,3500,425,1
2012/02/09,420,420,420,420,100,420,1
2012/02/10,425,427,414,415,1700,415,1
2012/02/13,416,416,410,415,2500,415,1
2012/02/14,423,430,423,430,200,430,1
2012/02/15,440,440,430,430,2200,430,1
2012/02/16,430,430,430,430,1200,430,1
2012/02/17,446,446,440,440,1600,440,1
2012/02/20,462,462,462,462,6700,462,1
2012/02/22,451,452,451,452,400,452,1
2012/02/23,465,480,465,480,4400,480,1
2012/02/24,480,480,475,480,5600,480,1
2012/02/27,480,532,480,500,12200,500,1
2012/02/28,488,495,488,495,1100,495,1
2012/02/29,498,530,498,500,2000,500,1
2012/03/01,493,500,493,500,400,500,1
2012/03/02,520,520,500,515,2200,515,1
2012/03/05,508,508,508,508,1000,508,1
2012/03/06,493,508,493,508,300,508,1
2012/03/08,498,499,495,499,600,499,1
2012/03/09,500,503,500,503,300,503,1
2012/03/12,510,520,510,520,3700,520,1
2012/03/13,520,540,502,540,3000,540,1
2012/03/14,550,575,550,550,8100,550,1
2012/03/15,542,569,542,562,2400,562,1
2012/03/16,564,564,550,555,3900,555,1
2012/03/19,551,560,535,560,2600,560,1
2012/03/21,574,574,551,572,11800,572,1
2012/03/22,570,575,565,575,1600,575,1
2012/03/23,585,586,580,585,12300,585,1
2012/03/26,595,620,581,618,26000,618,1
2012/03/27,625,650,625,630,7700,630,1
2012/03/28,630,630,610,620,1800,620,1
2012/03/29,615,635,615,635,3700,635,1
2012/03/30,648,660,630,660,9000,660,1
2012/04/02,655,730,655,730,12600,730,1
2012/04/03,750,800,750,784,25200,784,1
2012/04/04,785,810,707,788,27800,788,1
2012/04/05,760,780,742,777,7600,777,1
2012/04/06,750,750,718,750,13000,750,1
2012/04/09,750,755,730,730,6700,730,1
2012/04/10,721,721,700,700,4600,700,1
2012/04/11,700,707,700,707,3000,707,1
2012/04/12,707,707,707,707,500,707,1
2012/04/13,707,707,707,707,100,707,1
2012/04/16,707,707,701,707,900,707,1
2012/04/17,705,705,670,675,2500,675,1
2012/04/18,678,683,678,681,1900,681,1
2012/04/19,681,690,681,682,2100,682,1
2012/04/20,702,702,660,660,9500,660,1
2012/04/23,680,680,680,680,2100,680,1
2012/04/24,672,672,672,672,100,672,1
2012/04/25,679,680,675,680,5100,680,1
2012/04/26,689,725,688,725,5700,725,1
2012/04/27,709,709,660,660,2500,660,1
2012/05/01,636,636,615,615,3700,615,1
2012/05/02,600,600,570,589,7200,589,1
2012/05/07,598,645,598,645,3500,645,1
2012/05/08,645,655,635,638,1500,638,1
2012/05/09,638,638,638,638,100,638,1
2012/05/10,630,630,600,610,800,610,1
2012/05/15,602,602,602,602,200,602,1
2012/05/16,602,602,585,585,1400,585,1
2012/05/17,575,575,515,530,11700,530,1
2012/05/18,520,530,520,530,4100,530,1
2012/05/21,520,520,500,500,9200,500,1
2012/05/22,530,530,492,495,2100,495,1
2012/05/23,493,493,493,493,1400,493,1
2012/05/24,490,493,485,485,3700,485,1
2012/05/25,495,505,495,505,2300,505,1
2012/05/28,515,515,515,515,3400,515,1
2012/05/29,515,515,515,515,100,515,1
2012/05/30,505,562,502,562,1400,562,1
2012/05/31,523,523,500,500,3800,500,1
2012/06/01,530,530,500,500,2900,500,1
2012/06/04,500,500,480,480,300,480,1
2012/06/05,468,490,468,490,400,490,1
2012/06/06,501,501,501,501,1100,501,1
2012/06/08,491,491,491,491,900,491,1
2012/06/11,501,502,501,502,3200,502,1
2012/06/12,502,502,491,491,3000,491,1
2012/06/13,496,496,496,496,100,496,1
2012/06/14,502,510,502,510,1300,510,1
2012/06/15,496,518,496,518,2200,518,1
2012/06/18,545,545,526,530,3000,530,1
2012/06/19,540,540,533,538,2100,538,1
2012/06/20,533,547,528,528,8800,528,1
2012/06/21,528,529,528,529,300,529,1
2012/06/22,526,530,526,530,1200,530,1
2012/06/25,534,536,527,536,3800,536,1
2012/06/26,542,542,542,542,2300,542,1
2012/06/27,541,541,541,541,100,541,1
2012/06/28,530,530,525,525,1200,525,1
2012/06/29,537,537,525,525,5100,525,1
2012/07/02,535,535,530,530,2400,530,1
2012/07/03,535,540,519,530,3500,530,1
2012/07/04,520,520,512,515,2400,515,1
2012/07/05,515,525,512,512,700,512,1
2012/07/06,515,516,500,515,3900,515,1
2012/07/09,515,515,509,509,3800,509,1
2012/07/10,511,511,505,505,1400,505,1
2012/07/11,505,510,505,510,200,510,1
2012/07/13,511,513,511,513,700,513,1
2012/07/17,513,518,513,514,1600,514,1
2012/07/18,511,512,511,512,1600,512,1
2012/07/19,521,521,516,516,900,516,1
2012/07/20,526,526,526,526,5800,526,1
2012/07/23,510,512,510,512,1900,512,1
2012/07/24,515,525,515,525,1400,525,1
2012/07/25,515,515,483,510,6200,510,1
2012/07/26,519,519,519,519,2400,519,1
2012/07/27,510,510,485,499,5100,499,1
2012/07/30,483,490,483,490,6600,490,1
2012/07/31,494,494,494,494,4100,494,1
2012/08/01,499,499,499,499,1600,499,1
2012/08/02,498,498,482,482,300,482,1
2012/08/03,483,483,483,483,500,483,1
2012/08/06,483,483,483,483,400,483,1
2012/08/07,476,483,470,470,2200,470,1
2012/08/08,471,475,470,475,900,475,1
2012/08/09,475,475,465,466,3700,466,1
2012/08/10,451,459,443,450,8100,450,1
2012/08/13,450,455,450,451,1400,451,1
2012/08/14,453,461,453,453,2400,453,1
2012/08/15,454,468,453,453,2800,453,1
2012/08/16,456,456,449,455,2600,455,1
2012/08/17,460,460,458,460,2300,460,1
2012/08/20,452,452,451,451,8500,451,1
2012/08/21,451,451,446,446,3200,446,1
2012/08/22,447,453,442,443,2500,443,1
2012/08/23,444,444,438,439,1500,439,1
2012/08/24,438,439,435,438,6800,438,1
2012/08/27,437,438,428,428,4900,428,1
2012/08/28,430,432,430,432,500,432,1
2012/08/29,430,430,428,428,1600,428,1
2012/08/30,426,426,426,426,400,426,1
2012/08/31,432,432,415,418,7100,418,1
2012/09/03,417,418,416,418,1200,418,1
2012/09/04,417,417,416,416,1400,416,1
2012/09/05,415,415,412,412,800,412,1
2012/09/06,404,404,401,401,2500,401,1
2012/09/07,402,410,402,410,300,410,1
2012/09/11,400,400,399,400,7000,400,1
2012/09/12,398,398,393,394,5700,394,1
2012/09/13,394,394,380,380,11900,380,1
2012/09/14,384,386,381,381,5400,381,1
2012/09/18,383,392,383,391,1400,391,1
2012/09/19,397,397,377,386,11200,386,1
2012/09/20,379,380,377,377,9500,377,1
2012/09/21,377,378,374,374,2000,374,1
2012/09/24,375,375,375,375,900,375,1
2012/09/25,374,375,374,375,4200,375,1
2012/09/26,376,376,376,376,3800,376,1
2012/09/27,376,385,376,385,2700,385,1
2012/09/28,386,388,384,385,1800,385,1
2012/10/01,372,376,372,374,800,374,1
2012/10/02,389,389,389,389,2600,389,1
2012/10/03,389,389,389,389,700,389,1
2012/10/04,388,397,388,397,800,397,1
2012/10/05,397,397,397,397,100,397,1
2012/10/09,397,397,397,397,100,397,1
2012/10/10,391,391,391,391,100,391,1
2012/10/11,392,405,392,405,1500,405,1
2012/10/12,404,404,404,404,100,404,1
2012/10/15,403,416,403,410,600,410,1
2012/10/17,418,428,418,428,500,428,1
2012/10/18,436,436,413,413,2500,413,1
2012/10/19,421,421,413,420,3600,420,1
2012/10/22,412,412,406,409,8900,409,1
2012/10/23,410,415,410,415,800,415,1
2012/10/24,420,421,417,417,500,417,1
2012/10/25,409,410,405,405,5000,405,1
2012/10/26,405,405,405,405,4800,405,1
2012/10/29,405,405,405,405,1500,405,1
2012/10/30,401,401,401,401,900,401,1
2012/10/31,413,413,413,413,1300,413,1
2012/11/01,413,413,413,413,2900,413,1
2012/11/02,407,407,400,400,1200,400,1
2012/11/06,400,408,400,408,700,408,1
2012/11/12,400,400,400,400,100,400,1
2012/11/13,400,400,400,400,1100,400,1
2012/11/14,400,400,400,400,1500,400,1
2012/11/15,400,405,400,405,1500,405,1
2012/11/16,420,425,420,425,900,425,1
2012/11/19,418,422,418,422,500,422,1
2012/11/20,430,430,424,425,7900,425,1
2012/11/21,426,426,424,424,500,424,1
2012/11/22,425,425,422,425,4000,425,1
2012/11/26,429,429,429,429,2900,429,1
2012/11/27,429,431,429,431,500,431,1
2012/11/28,430,430,424,424,500,424,1
2012/11/29,424,425,424,424,300,424,1
2012/11/30,430,430,424,424,3700,424,1
2012/12/03,420,420,418,418,400,418,1
2012/12/04,417,417,409,409,500,409,1
2012/12/05,412,413,412,413,300,413,1
2012/12/06,417,422,417,422,500,422,1
2012/12/07,424,424,424,424,200,424,1
2012/12/10,420,422,420,422,200,422,1
2012/12/11,425,427,421,421,1700,421,1
2012/12/12,423,427,423,424,2300,424,1
2012/12/13,424,428,424,428,1700,428,1
2012/12/14,425,426,425,425,6900,425,1
2012/12/17,425,428,425,428,1300,428,1
2012/12/18,425,430,425,430,2700,430,1
2012/12/19,430,437,430,437,1700,437,1
2012/12/20,432,435,432,434,9800,434,1
2012/12/21,431,431,431,431,200,431,1
2012/12/25,434,436,420,436,8300,436,1
2012/12/26,425,437,425,433,2800,433,1
2012/12/27,438,445,438,445,1500,445,1
2012/12/28,439,439,436,438,9600,438,1
2013/01/04,443,443,433,433,1500,433,1
2013/01/07,444,444,435,435,2600,435,1
2013/01/08,435,435,432,432,300,432,1
2013/01/09,430,430,430,430,500,430,1
2013/01/10,440,440,440,440,200,440,1
2013/01/11,440,440,439,439,700,439,1
2013/01/15,441,445,441,445,2600,445,1
2013/01/16,453,455,452,453,1000,453,1
2013/01/17,452,455,452,454,1200,454,1
2013/01/18,446,454,446,454,1200,454,1
2013/01/21,459,459,455,459,7600,459,1
2013/01/23,455,455,455,455,600,455,1
2013/01/24,456,456,442,448,1000,448,1
2013/01/25,440,448,440,445,3800,445,1
2013/01/28,455,455,434,448,8700,448,1
2013/01/29,456,465,435,465,3700,465,1
2013/01/30,457,457,457,457,1000,457,1
2013/01/31,464,464,464,464,2200,464,1
2013/02/01,463,463,463,463,1800,463,1
2013/02/04,463,465,463,465,400,465,1
2013/02/05,463,465,455,465,700,465,1
2013/02/06,459,459,450,450,5500,450,1
2013/02/07,450,450,450,450,100,450,1
2013/02/08,447,447,441,441,1400,441,1
2013/02/12,441,441,441,441,200,441,1
2013/02/13,439,439,439,439,400,439,1
2013/02/14,444,450,442,442,2000,442,1
2013/02/15,446,446,435,435,5400,435,1
2013/02/18,435,439,435,439,2100,439,1
2013/02/19,436,436,436,436,100,436,1
2013/02/20,444,446,444,446,7200,446,1
2013/02/21,450,450,443,443,200,443,1
2013/02/22,444,446,443,446,500,446,1
2013/02/25,454,454,446,453,3800,453,1
2013/02/26,461,461,440,441,5100,441,1
2013/02/27,442,442,436,436,2200,436,1
2013/02/28,444,444,444,444,1100,444,1
2013/03/01,439,445,439,445,400,445,1
2013/03/04,453,453,445,445,2900,445,1
2013/03/05,450,450,440,440,1700,440,1
2013/03/06,438,440,438,440,21200,440,1
2013/03/07,440,440,440,440,2000,440,1
2013/03/08,440,441,440,440,900,440,1
2013/03/11,445,448,445,448,800,448,1
2013/03/12,445,445,445,445,700,445,1
2013/03/13,446,450,445,450,1300,450,1
2013/03/14,453,453,450,452,4100,452,1
2013/03/15,452,457,452,456,5100,456,1
2013/03/18,462,462,461,462,1500,462,1
2013/03/19,462,462,450,460,3400,460,1
2013/03/21,460,460,460,460,7300,460,1
2013/03/22,460,460,452,456,2300,456,1
2013/03/25,461,461,460,460,2800,460,1
2013/03/26,468,469,460,460,6300,460,1
2013/03/27,469,469,453,460,1900,460,1
2013/03/28,436,441,436,441,15200,441,1
2013/03/29,442,442,434,434,1300,434,1
2013/04/01,440,441,438,438,3100,438,1
2013/04/02,436,436,436,436,600,436,1
2013/04/03,442,442,436,436,400,436,1
2013/04/04,433,435,433,435,2100,435,1
2013/04/05,435,440,435,440,2700,440,1
2013/04/08,432,436,432,436,1300,436,1
2013/04/09,436,436,436,436,1000,436,1
2013/04/10,437,438,437,438,400,438,1
2013/04/11,441,441,432,432,1200,432,1
2013/04/12,435,443,433,443,2200,443,1
2013/04/15,440,440,431,431,6400,431,1
2013/04/16,434,434,432,432,300,432,1
2013/04/17,435,437,435,437,900,437,1
2013/04/18,441,441,441,441,1100,441,1
2013/04/19,444,446,444,446,1200,446,1
2013/04/22,445,455,445,455,20200,455,1
2013/04/23,447,490,445,458,25800,458,1
2013/04/24,474,474,460,462,9300,462,1
2013/04/25,470,473,470,472,6400,472,1
2013/04/26,482,483,470,483,6300,483,1
2013/04/30,490,493,475,490,19300,490,1
2013/05/01,490,490,482,482,4500,482,1
2013/05/02,482,483,482,483,400,483,1
2013/05/07,483,483,482,483,10500,483,1
2013/05/08,490,492,476,476,4900,476,1
2013/05/09,477,484,476,484,2200,484,1
2013/05/13,485,486,485,485,4600,485,1
2013/05/14,485,485,475,475,6200,475,1
2013/05/15,480,480,470,475,3600,475,1
2013/05/16,474,476,474,476,5400,476,1
2013/05/17,483,483,480,480,1400,480,1
2013/05/20,488,488,483,488,7100,488,1
2013/05/21,485,485,484,484,200,484,1
2013/05/22,480,489,480,489,1200,489,1
2013/05/23,487,487,481,481,3300,481,1
2013/05/24,489,489,477,477,8300,477,1
2013/05/27,486,486,475,475,3300,475,1
2013/05/28,477,477,473,475,3200,475,1
2013/05/29,475,475,475,475,3000,475,1
2013/05/30,475,476,475,476,300,476,1
2013/05/31,484,484,476,476,7100,476,1
2013/06/03,461,461,461,461,500,461,1
2013/06/04,462,475,461,475,3000,475,1
2013/06/05,476,476,476,476,2500,476,1
2013/06/06,472,472,471,471,1200,471,1
2013/06/07,466,468,452,468,2100,468,1
2013/06/10,454,467,454,466,4200,466,1
2013/06/11,465,465,465,465,3700,465,1
2013/06/13,457,457,457,457,1500,457,1
2013/06/14,460,466,460,466,1700,466,1
2013/06/17,465,467,456,467,3300,467,1
2013/06/18,479,479,476,476,2300,476,1
2013/06/19,472,472,466,467,1900,467,1
2013/06/20,470,470,470,470,6100,470,1
2013/06/21,470,470,460,460,2300,460,1
2013/06/24,461,465,461,465,1000,465,1
2013/06/25,475,475,467,473,3200,473,1
2013/06/26,473,473,473,473,2600,473,1
2013/06/27,465,465,461,463,300,463,1
2013/06/28,464,464,464,464,1100,464,1
2013/07/01,467,467,467,467,100,467,1
2013/07/02,470,470,470,470,2000,470,1
2013/07/03,448,456,448,456,200,456,1
2013/07/04,456,460,456,460,2100,460,1
2013/07/05,468,468,468,468,100,468,1
2013/07/09,468,468,447,447,1300,447,1
2013/07/10,466,466,456,456,1400,456,1
2013/07/11,448,448,448,448,29500,448,1
2013/07/12,460,461,460,461,1300,461,1
2013/07/16,461,462,461,462,1000,462,1
2013/07/17,465,465,461,461,2200,461,1
2013/07/18,461,462,460,460,1100,460,1
2013/07/19,466,469,466,466,1200,466,1
2013/07/22,469,469,469,469,7000,469,1
2013/07/23,469,469,467,467,400,467,1
2013/07/24,467,483,464,483,5500,483,1
2013/07/25,483,483,478,482,3000,482,1
2013/07/26,482,505,482,505,11000,505,1
2013/07/29,499,499,480,480,3700,480,1
2013/07/30,465,466,465,465,4200,465,1
2013/07/31,481,481,470,470,4700,470,1
2013/08/01,477,477,466,466,2300,466,1
2013/08/02,479,479,479,479,200,479,1
2013/08/05,471,472,448,459,2700,459,1
2013/08/06,461,467,461,467,400,467,1
2013/08/07,468,468,459,460,1400,460,1
2013/08/08,459,459,432,450,3000,450,1
2013/08/09,455,455,455,455,1000,455,1
2013/08/12,442,442,442,442,20100,442,1
2013/08/13,443,443,442,442,1300,442,1
2013/08/14,458,458,458,458,100,458,1
2013/08/16,466,470,466,470,9300,470,1
2013/08/19,470,471,454,462,8700,462,1
2013/08/20,465,465,465,465,5900,465,1
2013/08/22,464,464,464,464,200,464,1
2013/08/23,463,463,461,462,3400,462,1
2013/08/26,450,450,446,450,13400,450,1
2013/08/27,474,474,474,474,1500,474,1
2013/08/28,474,474,445,445,1500,445,1
2013/08/29,450,451,450,451,600,451,1
2013/08/30,468,468,468,468,2800,468,1
2013/09/03,454,454,454,454,200,454,1
2013/09/04,455,455,455,455,100,455,1
2013/09/05,454,454,454,454,200,454,1
2013/09/09,458,458,458,458,1200,458,1
2013/09/10,460,462,446,453,7300,453,1
2013/09/11,449,452,441,452,3600,452,1
2013/09/12,444,450,444,445,2000,445,1
2013/09/13,445,448,445,448,800,448,1
2013/09/17,450,450,450,450,200,450,1
2013/09/18,461,461,461,461,400,461,1
2013/09/19,462,466,460,466,2400,466,1
2013/09/20,474,474,474,474,6900,474,1
2013/09/24,467,475,467,475,1000,475,1
2013/09/25,485,485,471,485,13400,485,1
2013/09/26,465,470,462,462,1400,462,1
2013/09/27,467,470,463,470,600,470,1
2013/09/30,477,477,477,477,1200,477,1
2013/10/01,476,476,476,476,200,476,1
2013/10/02,470,470,463,464,4400,464,1
2013/10/03,464,464,460,460,1300,460,1
2013/10/04,460,470,460,470,3600,470,1
2013/10/09,470,470,470,470,500,470,1
2013/10/10,466,466,466,466,500,466,1
2013/10/11,463,470,463,470,1400,470,1
2013/10/15,474,474,470,470,200,470,1
2013/10/17,470,470,468,468,1100,468,1
2013/10/18,471,471,468,468,3100,468,1
2013/10/21,475,475,468,475,10800,475,1
2013/10/22,471,475,471,475,600,475,1
2013/10/23,476,476,475,475,700,475,1
2013/10/24,475,478,475,475,400,475,1
2013/10/25,479,479,475,479,2600,479,1
2013/10/28,480,480,475,475,3400,475,1
2013/10/29,475,475,475,475,200,475,1
2013/10/30,475,475,467,467,1500,467,1
2013/10/31,477,477,469,469,1000,469,1
2013/11/01,479,480,468,468,5300,468,1
2013/11/05,468,468,460,460,2000,460,1
2013/11/06,464,468,464,468,800,468,1
2013/11/07,471,471,468,468,1100,468,1
2013/11/08,468,468,468,468,200,468,1
2013/11/11,468,468,452,453,2300,453,1
2013/11/12,455,455,455,455,200,455,1
2013/11/13,474,474,474,474,200,474,1
2013/11/14,460,465,450,465,2500,465,1
2013/11/15,465,465,465,465,100,465,1
2013/11/18,473,473,462,462,1800,462,1
2013/11/19,468,470,462,470,4600,470,1
2013/11/20,469,469,457,462,8600,462,1
2013/11/21,456,456,451,456,1600,456,1
2013/11/22,460,461,457,460,1100,460,1
2013/11/25,455,461,455,461,3500,461,1
2013/11/26,470,470,464,464,2900,464,1
2013/11/27,462,464,462,464,1500,464,1
2013/11/28,462,463,452,463,3400,463,1
2013/11/29,465,467,465,467,1200,467,1
2013/12/02,475,476,468,476,5000,476,1
2013/12/03,479,486,479,486,3600,486,1
2013/12/04,472,485,472,485,500,485,1
2013/12/05,468,474,468,474,11100,474,1
2013/12/09,466,468,466,468,1700,468,1
2013/12/10,468,469,468,469,400,469,1
2013/12/11,470,470,466,466,2900,466,1
2013/12/12,468,470,468,470,300,470,1
2013/12/13,464,469,456,461,3700,461,1
2013/12/16,463,479,463,474,13000,474,1
2013/12/17,474,475,474,474,2800,474,1
2013/12/18,482,482,475,475,800,475,1
2013/12/19,481,481,471,481,1300,481,1
2013/12/20,483,483,483,483,5500,483,1
2013/12/24,479,481,475,475,2100,475,1
2013/12/25,470,474,470,470,8500,470,1
2013/12/26,480,480,477,477,3100,477,1
2013/12/27,483,483,479,480,4000,480,1
2013/12/30,478,490,478,486,2700,486,1
2014/01/06,486,488,486,488,500,488,1
2014/01/07,490,490,486,486,4700,486,1
2014/01/08,489,489,485,485,1000,485,1
2014/01/10,493,493,493,493,100,493,1
2014/01/14,495,495,495,495,300,495,1
2014/01/15,490,492,490,492,1100,492,1
2014/01/16,492,500,487,500,2500,500,1
2014/01/17,502,510,502,510,2800,510,1
2014/01/20,515,519,515,519,7300,519,1
2014/01/21,517,517,516,516,700,516,1
2014/01/22,517,518,510,510,1200,510,1
2014/01/23,510,510,510,510,100,510,1
2014/01/24,510,510,510,510,2600,510,1
2014/01/27,520,520,486,486,3100,486,1
2014/01/28,500,520,499,520,1300,520,1
2014/01/29,512,550,512,518,38300,518,1
2014/01/30,498,498,485,491,34200,491,1
2014/01/31,506,506,481,483,4800,483,1
2014/02/03,481,486,475,475,1800,475,1
2014/02/04,468,512,467,470,59300,470,1
2014/02/06,480,480,480,480,200,480,1
2014/02/07,486,486,486,486,100,486,1
2014/02/10,478,486,462,485,9600,485,1
2014/02/12,486,488,476,476,11300,476,1
2014/02/13,476,476,476,476,300,476,1
2014/02/14,476,484,476,484,300,484,1
2014/02/17,479,479,476,476,2600,476,1
2014/02/18,476,476,476,476,2400,476,1
2014/02/19,489,495,489,495,800,495,1
2014/02/20,487,487,487,487,5900,487,1
2014/02/21,481,490,480,489,1300,489,1
2014/02/24,489,489,488,488,60700,488,1
2014/02/25,490,490,482,487,3500,487,1
2014/02/26,487,487,483,483,2700,483,1
2014/02/27,485,485,484,485,700,485,1
2014/02/28,485,485,485,485,900,485,1
2014/03/03,480,487,480,487,200,487,1
2014/03/04,495,495,495,495,1600,495,1
2014/03/05,479,494,473,494,700,494,1
2014/03/06,482,484,482,484,200,484,1
2014/03/10,490,490,490,490,100,490,1
2014/03/11,490,491,487,487,400,487,1
2014/03/12,476,476,476,476,100,476,1
2014/03/13,492,492,492,492,100,492,1
2014/03/14,491,498,491,498,400,498,1
2014/03/17,498,520,498,498,2300,498,1
2014/03/18,506,506,500,500,1200,500,1
2014/03/19,510,510,505,505,2800,505,1
2014/03/20,525,525,504,504,67800,504,1
2014/03/25,514,520,500,520,3300,520,1
2014/03/26,530,530,510,510,2600,510,1
2014/03/27,490,490,490,490,1000,490,1
2014/03/28,480,480,480,480,1900,480,1
2014/03/31,480,480,479,479,3100,479,1
2014/04/01,480,480,475,475,2100,475,1
2014/04/02,474,474,474,474,100,474,1
2014/04/03,480,480,474,480,2100,480,1
2014/04/04,476,478,476,478,800,478,1
2014/04/07,480,480,473,473,500,473,1
2014/04/08,473,473,473,473,600,473,1
2014/04/09,475,478,465,465,4400,465,1
2014/04/10,470,470,470,470,1000,470,1
2014/04/11,470,470,470,470,1000,470,1
2014/04/14,473,473,473,473,500,473,1
2014/04/15,478,478,475,475,1200,475,1
2014/04/16,483,483,483,483,100,483,1
2014/04/17,478,483,478,483,200,483,1
2014/04/18,489,489,477,487,6400,487,1
2014/04/21,479,479,474,474,6000,474,1
2014/04/22,474,476,474,476,700,476,1
2014/04/23,477,477,476,476,600,476,1
2014/04/24,480,484,469,469,1900,469,1
2014/04/25,476,478,470,478,3700,478,1
2014/04/28,478,478,476,476,2600,476,1
2014/04/30,484,484,484,484,1000,484,1
2014/05/01,482,482,482,482,100,482,1
2014/05/07,490,490,472,472,2000,472,1
2014/05/09,472,472,472,472,400,472,1
2014/05/12,465,465,465,465,100,465,1
2014/05/13,472,472,447,447,1200,447,1
2014/05/14,471,471,455,455,1100,455,1
2014/05/15,456,456,455,456,1300,456,1
2014/05/16,471,471,457,460,700,460,1
2014/05/19,465,465,460,460,1500,460,1
2014/05/20,468,468,468,468,5900,468,1
2014/05/21,464,464,464,464,100,464,1
2014/05/22,465,467,465,467,700,467,1
2014/05/23,466,467,465,467,3300,467,1
2014/05/26,475,475,475,475,2600,475,1
2014/05/27,468,468,468,468,900,468,1
2014/05/30,474,474,474,474,2600,474,1
2014/06/03,466,466,465,466,400,466,1
2014/06/04,462,462,462,462,500,462,1
2014/06/05,464,464,464,464,500,464,1
2014/06/06,464,464,464,464,400,464,1
2014/06/09,465,465,465,465,400,465,1
2014/06/10,465,465,465,465,400,465,1
2014/06/11,465,465,465,465,400,465,1
2014/06/12,465,465,465,465,500,465,1
2014/06/13,457,469,457,469,800,469,1
2014/06/16,471,471,469,469,600,469,1
2014/06/17,473,473,473,473,100,473,1
2014/06/18,468,468,468,468,1200,468,1
2014/06/19,472,473,465,468,2500,468,1
2014/06/20,468,468,456,460,7000,460,1
2014/06/23,462,469,462,463,400,463,1
2014/06/24,464,465,460,460,1700,460,1
2014/06/25,457,458,457,458,3700,458,1
2014/06/26,459,459,441,441,4300,441,1
2014/06/27,450,450,450,450,100,450,1
2014/06/30,459,459,459,459,900,459,1
2014/07/01,459,459,450,455,1800,455,1
2014/07/02,460,460,460,460,1600,460,1
2014/07/03,452,452,452,452,300,452,1
2014/07/04,452,452,452,452,100,452,1
2014/07/07,460,460,460,460,100,460,1
2014/07/08,460,460,460,460,5000,460,1
2014/07/09,457,457,457,457,100,457,1
2014/07/10,449,449,449,449,1000,449,1
2014/07/11,457,457,450,450,800,450,1
2014/07/14,456,464,456,464,6400,464,1
2014/07/16,467,468,467,468,400,468,1
2014/07/17,468,468,444,452,8000,452,1
2014/07/18,460,460,460,460,1600,460,1
2014/07/22,467,467,467,467,6800,467,1
2014/07/23,463,465,457,465,1400,465,1
2014/07/24,465,465,447,460,2300,460,1
2014/07/25,455,460,445,453,4600,453,1
2014/07/28,453,453,448,448,23600,448,1
2014/07/29,450,450,445,450,21500,450,1
2014/07/30,447,455,444,455,18300,455,1
2014/07/31,451,458,451,458,3300,458,1
2014/08/01,458,458,458,458,1600,458,1
2014/08/04,446,446,446,446,200,446,1
2014/08/05,445,450,443,450,2600,450,1
2014/08/06,448,448,447,447,5200,447,1
2014/08/08,450,458,450,458,58500,458,1
2014/08/11,450,450,445,445,7500,445,1
2014/08/12,450,450,434,434,3300,434,1
2014/08/13,439,440,439,440,300,440,1
2014/08/14,440,440,436,436,1100,436,1
2014/08/18,449,449,436,436,2900,436,1
2014/08/19,443,443,435,443,2800,443,1
2014/08/20,443,443,436,436,8600,436,1
2014/08/22,441,441,441,441,100,441,1
2014/08/25,450,450,447,448,3600,448,1
2014/08/26,448,448,448,448,2600,448,1
2014/08/29,445,445,445,445,1100,445,1
2014/09/01,445,445,445,445,1600,445,1
2014/09/02,445,445,445,445,100,445,1
2014/09/03,443,443,443,443,4900,443,1
2014/09/04,445,445,445,445,600,445,1
2014/09/05,445,445,445,445,100,445,1
2014/09/08,438,438,438,438,100,438,1
2014/09/11,430,430,430,430,6800,430,1
2014/09/12,447,448,430,430,2200,430,1
2014/09/16,438,440,438,440,3000,440,1
2014/09/17,439,442,433,442,3600,442,1
2014/09/18,448,450,447,450,900,450,1
2014/09/19,457,462,457,462,900,462,1
2014/09/22,459,459,439,441,7800,441,1
2014/09/24,441,449,441,449,1100,449,1
2014/09/25,441,445,431,444,6400,444,1
2014/09/26,428,444,428,444,1400,444,1
2014/09/29,444,444,440,440,500,440,1
2014/09/30,439,439,439,439,1300,439,1
2014/10/01,431,431,431,431,100,431,1
2014/10/02,445,445,427,427,2100,427,1
2014/10/06,424,424,424,424,400,424,1
2014/10/10,439,439,439,439,500,439,1
2014/10/14,444,444,442,442,300,442,1
2014/10/15,445,455,445,455,900,455,1
2014/10/16,460,460,455,455,1300,455,1
2014/10/17,457,460,455,455,1800,455,1
2014/10/20,463,463,451,451,7000,451,1
2014/10/22,448,454,448,454,500,454,1
2014/10/23,458,463,458,460,800,460,1
2014/10/24,460,460,457,457,4400,457,1
2014/10/27,449,449,440,440,4400,440,1
2014/10/29,441,442,424,439,4900,439,1
2014/10/30,440,440,440,440,200,440,1
2014/10/31,448,448,445,445,3200,445,1
2014/11/04,433,435,433,435,3500,435,1
2014/11/05,435,435,435,435,100,435,1
2014/11/06,449,449,433,437,4300,437,1
2014/11/07,429,429,429,429,600,429,1
2014/11/10,439,439,439,439,500,439,1
2014/11/11,432,435,429,435,1500,435,1
2014/11/12,430,431,430,430,1100,430,1
2014/11/13,427,430,427,430,700,430,1
2014/11/14,432,432,424,424,2700,424,1
2014/11/17,432,432,430,430,300,430,1
2014/11/18,438,440,438,440,1200,440,1
2014/11/19,440,440,435,435,1900,435,1
2014/11/20,441,441,434,435,9600,435,1
2014/11/21,435,448,431,443,2800,443,1
2014/11/25,446,446,435,435,5200,435,1
2014/11/26,440,440,433,436,3800,436,1
2014/11/27,438,441,437,441,900,441,1
2014/11/28,436,436,436,436,2500,436,1
2014/12/01,428,436,428,436,800,436,1
2014/12/02,436,436,431,431,2700,431,1
2014/12/03,427,429,424,429,2900,429,1
2014/12/04,430,438,430,430,1800,430,1
2014/12/05,430,431,430,430,3200,430,1
2014/12/08,430,432,430,432,1200,432,1
2014/12/09,432,432,432,432,800,432,1
2014/12/10,432,432,422,426,8500,426,1
2014/12/11,426,426,425,425,7900,425,1
2014/12/12,425,426,423,424,13700,424,1
2014/12/15,425,425,425,425,100,425,1
2014/12/16,423,423,423,423,500,423,1
2014/12/17,425,425,425,425,600,425,1
2014/12/18,426,426,426,426,7800,426,1
2014/12/19,426,429,425,428,6500,428,1
2014/12/22,425,425,409,424,8200,424,1
2014/12/24,425,425,420,420,22500,420,1
2014/12/25,423,423,416,416,4700,416,1
2014/12/26,423,423,422,423,4300,423,1
2014/12/29,425,436,425,436,9100,436,1
2014/12/30,429,430,428,430,1700,430,1
2015/01/05,426,426,426,426,300,426,1
2015/01/06,429,429,429,429,2200,429,1
2015/01/07,413,420,413,418,2500,418,1
2015/01/08,428,430,424,430,3900,430,1
2015/01/13,429,430,429,430,1300,430,1
2015/01/14,430,437,429,437,1000,437,1
2015/01/15,437,440,435,438,4300,438,1
2015/01/16,436,440,434,438,2900,438,1
2015/01/19,438,442,438,440,1500,440,1
2015/01/20,442,442,441,441,6700,441,1
2015/01/21,438,438,438,438,200,438,1
2015/01/22,440,440,436,436,700,436,1
2015/01/23,435,439,435,439,4100,439,1
2015/01/26,439,439,437,437,3700,437,1
2015/01/27,437,440,437,438,1100,438,1
2015/01/28,436,437,436,437,500,437,1
2015/01/29,438,453,438,448,7900,448,1
2015/01/30,464,464,448,448,5300,448,1
2015/02/02,440,440,440,440,100,440,1
2015/02/03,442,442,430,430,5700,430,1
2015/02/10,426,430,426,430,1100,430,1
2015/02/12,438,439,432,439,600,439,1
2015/02/13,436,436,434,434,400,434,1
2015/02/16,439,439,432,438,400,438,1
2015/02/17,442,442,436,438,1300,438,1
2015/02/18,442,442,441,442,1200,442,1
2015/02/19,440,440,426,438,2500,438,1
2015/02/20,444,444,438,438,5800,438,1
2015/02/23,441,441,441,441,100,441,1
2015/02/24,445,445,445,445,400,445,1
2015/02/25,444,444,443,443,2700,443,1
2015/02/26,446,446,427,433,10300,433,1
2015/02/27,432,432,428,430,5000,430,1
2015/03/02,425,431,425,425,1100,425,1
2015/03/03,430,430,429,430,700,430,1
2015/03/04,430,430,430,430,1800,430,1
2015/03/06,425,425,425,425,100,425,1
2015/03/09,427,427,427,427,200,427,1
2015/03/11,429,430,429,430,900,430,1
2015/03/12,430,438,430,438,900,438,1
2015/03/13,430,431,427,427,2400,427,1
2015/03/16,429,430,426,426,2000,426,1
2015/03/17,430,431,426,431,7100,431,1
2015/03/18,445,445,429,429,1200,429,1
2015/03/19,429,437,426,437,5400,437,1
2015/03/20,436,436,428,428,10500,428,1
2015/03/23,433,435,426,431,4300,431,1
2015/03/24,431,431,426,429,4300,429,1
2015/03/25,430,435,430,435,3700,435,1
2015/03/26,427,430,427,430,4100,430,1
2015/03/27,426,426,426,426,300,426,1
2015/03/30,426,428,426,428,1300,428,1
2015/03/31,430,430,429,430,1700,430,1
2015/04/01,438,440,438,440,1900,440,1
2015/04/02,430,430,430,430,200,430,1
2015/04/03,428,430,428,430,200,430,1
2015/04/08,428,428,428,428,100,428,1
2015/04/09,430,430,429,429,400,429,1
2015/04/10,445,445,445,445,1600,445,1
2015/04/13,430,438,430,436,2400,436,1
2015/04/14,439,439,433,433,1100,433,1
2015/04/16,440,440,435,435,1200,435,1
2015/04/17,442,442,432,435,2500,435,1
2015/04/20,432,432,428,428,7100,428,1
2015/04/22,429,429,429,429,2000,429,1
2015/04/23,434,434,432,432,300,432,1
2015/04/24,437,437,436,437,3800,437,1
2015/04/27,440,440,440,440,3200,440,1
2015/04/28,437,437,437,437,1000,437,1
2015/04/30,440,440,436,436,1200,436,1
2015/05/01,430,430,430,430,200,430,1
2015/05/07,440,440,430,432,2500,432,1
2015/05/08,432,432,432,432,200,432,1
2015/05/11,430,430,430,430,1200,430,1
2015/05/14,434,434,431,431,2300,431,1
2015/05/15,434,440,433,433,3300,433,1
2015/05/18,449,449,439,439,1700,439,1
2015/05/19,438,438,430,435,4500,435,1
2015/05/20,434,435,434,435,11000,435,1
2015/05/21,435,435,435,435,200,435,1
2015/05/22,435,435,435,435,100,435,1
2015/05/25,439,439,431,435,17500,435,1
2015/05/26,437,437,437,437,4100,437,1
2015/05/27,443,443,442,442,600,442,1
2015/05/28,442,442,441,441,1100,441,1
2015/05/29,444,444,434,434,1900,434,1
2015/06/01,440,440,440,440,4200,440,1
2015/06/03,439,439,434,435,1400,435,1
2015/06/05,433,433,433,433,100,433,1
2015/06/08,432,432,432,432,500,432,1
2015/06/09,432,432,430,430,900,430,1
2015/06/10,430,430,430,430,3200,430,1
2015/06/11,440,440,432,432,1200,432,1
2015/06/15,435,435,434,435,1400,435,1
2015/06/16,435,435,433,433,2600,433,1
2015/06/17,434,435,434,434,2500,434,1
2015/06/18,439,439,433,433,900,433,1
2015/06/19,432,435,432,433,2700,433,1
2015/06/22,435,435,433,433,5800,433,1
2015/06/23,433,433,433,433,1800,433,1
2015/06/24,434,434,432,432,2600,432,1
2015/06/25,434,434,434,434,4300,434,1
2015/06/26,434,434,434,434,3000,434,1
2015/06/29,433,433,431,432,1700,432,1
2015/06/30,431,431,431,431,1400,431,1
2015/07/01,432,440,432,440,3400,440,1
2015/07/02,439,439,432,432,2500,432,1
2015/07/03,436,436,436,436,100,436,1
2015/07/06,437,437,432,432,1500,432,1
2015/07/07,432,436,432,432,2100,432,1
2015/07/09,432,432,418,418,3000,418,1
2015/07/10,413,421,413,421,700,421,1
2015/07/13,425,431,425,431,800,431,1
2015/07/14,435,440,434,440,3100,440,1
2015/07/15,441,450,437,450,2500,450,1
2015/07/16,453,453,441,450,6900,450,1
2015/07/17,454,454,443,452,2700,452,1
2015/07/21,444,444,441,441,5500,441,1
2015/07/22,440,440,440,440,800,440,1
2015/07/23,440,440,440,440,500,440,1
2015/07/24,447,447,441,441,3700,441,1
2015/07/27,436,444,436,444,3200,444,1
2015/07/28,436,444,435,444,900,444,1
2015/07/30,439,444,439,444,600,444,1
2015/07/31,442,442,434,434,5600,434,1
2015/08/03,434,435,434,435,7400,435,1
2015/08/04,437,448,437,440,900,440,1
2015/08/05,442,448,442,448,400,448,1
2015/08/06,440,440,440,440,58000,440,1
2015/08/07,446,446,433,437,1600,437,1
2015/08/10,431,433,421,425,5400,425,1
2015/08/11,425,431,425,425,4500,425,1
2015/08/12,427,430,425,429,5600,429,1
2015/08/13,429,432,429,432,1100,432,1
2015/08/14,445,445,437,439,1400,439,1
2015/08/17,445,445,441,441,1200,441,1
2015/08/18,447,447,443,443,1000,443,1
2015/08/19,443,443,439,439,3300,439,1
2015/08/20,443,443,437,437,7800,437,1
2015/08/21,430,430,430,430,400,430,1
2015/08/24,422,428,422,428,62000,428,1
2015/08/25,436,436,435,436,3200,436,1
2015/08/26,444,444,433,434,4800,434,1
2015/08/27,434,434,427,430,500,430,1
2015/08/28,428,433,428,433,200,433,1
2015/08/31,438,440,438,440,2300,440,1
2015/09/01,444,444,444,444,3100,444,1
2015/09/03,441,441,440,440,300,440,1
2015/09/08,435,435,435,435,100,435,1
2015/09/09,435,440,435,440,800,440,1
2015/09/10,447,447,428,428,19200,428,1
2015/09/11,428,435,428,435,5900,435,1
2015/09/14,440,449,436,437,1900,437,1
2015/09/15,445,446,435,440,8700,440,1
2015/09/16,442,448,442,447,4300,447,1
2015/09/17,445,447,444,445,2000,445,1
2015/09/18,449,449,433,441,6100,441,1
2015/09/24,457,457,443,448,10200,448,1
2015/09/25,456,457,450,454,11600,454,1
2015/09/28,446,446,444,445,2000,445,1
2015/09/30,454,454,454,454,900,454,1
2015/10/01,453,453,453,453,1000,453,1
2015/10/02,455,455,455,455,3200,455,1
2015/10/05,460,479,460,470,6900,470,1
2015/10/06,483,484,480,483,7000,483,1
2015/10/07,473,473,465,468,4500,468,1
2015/10/08,480,481,477,480,2100,480,1
2015/10/09,480,480,478,478,1400,478,1
2015/10/13,477,477,475,475,400,475,1
2015/10/14,478,480,477,477,2900,477,1
2015/10/15,477,477,476,476,500,476,1
2015/10/16,478,490,478,490,5100,490,1
2015/10/19,487,488,479,488,2900,488,1
2015/10/20,489,489,489,489,5600,489,1
2015/10/21,489,490,489,490,2500,490,1
2015/10/22,490,490,490,490,600,490,1
2015/10/23,490,490,480,490,4600,490,1
2015/10/26,490,490,485,485,9500,485,1
2015/10/28,490,490,490,490,100,490,1
2015/10/29,489,492,489,492,2600,492,1
2015/10/30,500,500,494,494,8100,494,1
2015/11/02,496,496,496,496,100,496,1
2015/11/04,495,495,490,490,300,490,1
2015/11/05,486,486,462,485,6300,485,1
2015/11/06,484,485,481,485,1600,485,1
2015/11/09,485,485,483,483,2300,483,1
2015/11/11,480,480,480,480,1000,480,1
2015/11/12,472,472,447,447,2800,447,1
2015/11/13,451,490,451,460,8200,460,1
2015/11/16,462,465,462,465,1500,465,1
2015/11/17,465,473,465,473,2800,473,1
2015/11/18,485,485,471,472,2500,472,1
2015/11/19,474,481,474,481,1600,481,1
2015/11/20,485,487,482,482,7800,482,1
2015/11/24,480,482,480,482,300,482,1
2015/11/25,489,489,483,489,3200,489,1
2015/11/26,490,490,489,489,4100,489,1
2015/11/27,487,487,481,481,1300,481,1
2015/11/30,490,490,479,479,3200,479,1
2015/12/01,479,494,479,494,5800,494,1
2015/12/02,490,493,490,492,7100,492,1
2015/12/03,490,492,490,492,5800,492,1
2015/12/07,501,504,480,480,5300,480,1
2015/12/08,472,491,472,491,12000,491,1
2015/12/11,485,491,485,491,1100,491,1
2015/12/15,499,500,493,500,1900,500,1
2015/12/16,507,517,505,509,3100,509,1
2015/12/17,515,535,515,524,6700,524,1
2015/12/18,529,530,524,524,8400,524,1
2015/12/21,530,530,530,530,6400,530,1
2015/12/22,513,514,507,514,3400,514,1
2015/12/24,516,519,497,519,1500,519,1
2015/12/25,529,529,500,501,4400,501,1
2015/12/28,511,511,481,506,13500,506,1
2015/12/29,531,540,531,535,2400,535,1
2015/12/30,539,539,512,534,1000,534,1
2016/01/04,542,542,535,542,1400,542,1
2016/01/05,547,547,532,532,2300,532,1
2016/01/06,542,543,540,543,1300,543,1
2016/01/07,533,550,520,529,5200,529,1
2016/01/08,529,529,529,529,1000,529,1
2016/01/12,518,518,511,512,2700,512,1
2016/01/13,522,550,522,530,9100,530,1
2016/01/14,527,535,526,526,2600,526,1
2016/01/15,527,528,517,517,8400,517,1
2016/01/18,527,527,517,520,1100,520,1
2016/01/19,520,520,505,514,5500,514,1
2016/01/20,514,522,498,498,6300,498,1
2016/01/21,490,503,486,487,1100,487,1
2016/01/22,503,523,503,522,600,522,1
2016/01/25,526,527,516,516,3100,516,1
2016/01/26,525,525,499,499,4700,499,1
2016/01/27,516,516,515,515,200,515,1
2016/01/28,510,510,510,510,600,510,1
2016/01/29,510,510,500,500,1000,500,1
2016/02/01,520,525,520,525,2600,525,1
2016/02/02,510,510,510,510,1200,510,1
2016/02/03,508,510,495,510,4400,510,1
2016/02/04,510,510,510,510,900,510,1
2016/02/05,510,510,510,510,2000,510,1
2016/02/08,521,521,521,521,900,521,1
2016/02/09,490,490,490,490,1600,490,1
2016/02/10,483,489,482,489,500,489,1
2016/02/12,494,494,461,461,1400,461,1
2016/02/15,493,512,493,512,1100,512,1
2016/02/17,510,510,510,510,100,510,1
2016/02/18,518,518,515,517,1200,517,1
2016/02/19,517,520,513,516,1700,516,1
2016/02/22,526,531,520,520,8500,520,1
2016/02/23,521,523,505,515,2800,515,1
2016/02/24,515,515,512,515,1900,515,1
2016/02/25,520,521,515,521,4400,521,1
2016/02/26,529,529,510,511,8600,511,1
2016/02/29,515,515,514,515,1600,515,1
2016/03/01,513,513,480,486,5900,486,1
2016/03/02,492,493,470,473,6100,473,1
2016/03/03,487,487,480,480,3400,480,1
2016/03/04,478,502,478,502,3100,502,1
2016/03/07,501,501,491,491,700,491,1
2016/03/08,497,497,495,495,400,495,1
2016/03/09,487,487,477,477,900,477,1
2016/03/10,485,485,477,481,700,481,1
2016/03/11,481,482,473,482,1200,482,1
2016/03/14,488,500,488,495,3000,495,1
2016/03/15,503,503,494,494,400,494,1
2016/03/17,496,497,492,492,2200,492,1
2016/03/18,500,502,500,501,1100,501,1
2016/03/22,515,515,504,505,5500,505,1
2016/03/23,504,504,504,504,300,504,1
2016/03/24,504,510,501,510,900,510,1
2016/03/25,516,516,500,500,3200,500,1
2016/03/28,510,510,509,509,2300,509,1
2016/03/29,504,504,504,504,200,504,1
2016/03/30,505,505,504,504,700,504,1
2016/03/31,507,507,507,507,800,507,1
2016/04/01,510,510,510,510,1300,510,1
2016/04/04,490,490,490,490,200,490,1
2016/04/06,490,492,472,480,3100,480,1
2016/04/08,480,480,480,480,100,480,1
2016/04/11,480,480,480,480,100,480,1
2016/04/13,481,481,478,478,700,478,1
2016/04/14,480,481,480,481,600,481,1
2016/04/15,482,486,482,482,1600,482,1
2016/04/18,482,482,480,482,1600,482,1
2016/04/19,486,492,485,492,1800,492,1
2016/04/20,484,485,484,485,6700,485,1
2016/04/21,486,486,468,476,3100,476,1
2016/04/22,480,482,480,482,700,482,1
2016/04/25,492,497,491,495,4600,495,1
2016/04/26,495,495,494,494,3500,494,1
2016/04/27,490,490,489,490,3800,490,1
2016/04/28,495,495,490,490,1600,490,1
2016/05/02,490,490,490,490,100,490,1
2016/05/06,490,490,485,485,2400,485,1
2016/05/09,485,485,469,469,1300,469,1
2016/05/10,469,469,469,469,100,469,1
2016/05/11,489,489,489,489,2200,489,1
2016/05/12,465,478,465,470,2900,470,1
2016/05/13,472,478,472,477,400,477,1
2016/05/16,485,485,485,485,200,485,1
2016/05/17,481,485,481,485,500,485,1
2016/05/18,489,489,485,489,900,489,1
2016/05/19,489,491,489,491,2700,491,1
2016/05/20,490,490,472,472,7000,472,1
2016/05/23,468,468,465,465,2200,465,1
2016/05/24,472,479,472,479,600,479,1
2016/05/25,480,480,470,476,3900,476,1
2016/05/26,468,469,468,468,4000,468,1
2016/05/27,469,470,465,465,3000,465,1
2016/05/30,464,464,464,464,1100,464,1
2016/05/31,460,460,459,460,3300,460,1
2016/06/01,460,460,460,460,2000,460,1
2016/06/02,445,451,445,451,1500,451,1
2016/06/03,451,453,451,451,3500,451,1
2016/06/08,451,451,450,450,1500,450,1
2016/06/10,426,440,426,438,8100,438,1
2016/06/13,435,435,432,432,700,432,1
2016/06/14,435,435,435,435,1400,435,1
2016/06/15,435,435,434,435,800,435,1
2016/06/16,431,431,431,431,100,431,1
2016/06/17,435,440,433,435,1700,435,1
2016/06/20,435,435,430,430,6400,430,1
2016/06/22,430,430,427,427,600,427,1
2016/06/23,429,430,429,430,700,430,1
2016/06/24,438,438,406,419,3700,419,1
2016/06/27,426,426,425,426,3700,426,1
2016/06/28,426,426,426,426,200,426,1
2016/06/29,433,433,420,425,1700,425,1
2016/06/30,433,433,425,425,1100,425,1
2016/07/01,443,443,443,443,1600,443,1
2016/07/04,459,459,459,459,200,459,1
2016/07/05,446,446,446,446,100,446,1
2016/07/06,438,445,438,445,500,445,1
2016/07/07,446,450,445,445,600,445,1
2016/07/08,437,437,437,437,800,437,1
2016/07/11,435,440,435,440,1100,440,1
2016/07/12,448,455,448,455,600,455,1
2016/07/13,455,460,455,460,2600,460,1
2016/07/14,460,460,460,460,1700,460,1
2016/07/15,467,467,467,467,200,467,1
2016/07/19,481,485,476,485,2000,485,1
2016/07/20,490,490,471,476,13000,476,1
2016/07/21,472,475,472,475,400,475,1
2016/07/22,478,485,478,485,1800,485,1
2016/07/25,470,485,470,477,6300,477,1
2016/07/26,487,487,487,487,4100,487,1
2016/07/27,490,495,490,495,300,495,1
2016/07/28,487,498,487,489,4300,489,1
2016/07/29,490,490,490,490,3700,490,1
2016/08/01,506,506,484,484,1600,484,1
2016/08/02,491,491,491,491,100,491,1
2016/08/03,491,495,491,495,300,495,1
2016/08/04,495,495,487,487,6500,487,1
2016/08/05,487,487,487,487,100,487,1
2016/08/08,494,494,494,494,900,494,1
2016/08/09,494,500,494,500,600,500,1
2016/08/12,482,482,468,468,1000,468,1
2016/08/15,468,473,468,470,4100,470,1
2016/08/16,470,470,470,470,900,470,1
2016/08/18,482,482,470,470,2400,470,1
2016/08/19,470,470,470,470,2500,470,1
2016/08/22,462,465,462,465,5100,465,1
2016/08/23,461,462,445,456,2900,456,1
2016/08/24,455,460,455,455,2100,455,1
2016/08/25,455,461,455,461,2800,461,1
2016/08/26,469,469,465,465,2400,465,1
2016/08/29,465,465,457,457,900,457,1
2016/08/30,458,458,457,457,600,457,1
2016/08/31,460,460,460,460,1000,460,1
2016/09/01,468,468,468,468,1400,468,1
2016/09/02,458,460,452,452,2000,452,1
2016/09/05,450,451,450,450,700,450,1
2016/09/08,448,448,448,448,100,448,1
2016/09/09,448,448,448,448,100,448,1
2016/09/12,440,440,440,440,100,440,1
2016/09/13,441,441,440,441,1600,441,1
2016/09/14,441,441,440,440,800,440,1
2016/09/15,437,438,435,435,1200,435,1
2016/09/16,440,440,440,440,1300,440,1
2016/09/20,441,441,423,423,9800,423,1
2016/09/21,427,430,427,430,1000,430,1
2016/09/23,440,440,439,439,2700,439,1
2016/09/26,446,446,446,446,2500,446,1
2016/09/27,440,440,424,434,4400,434,1
2016/09/28,435,435,435,435,500,435,1
2016/09/30,442,442,442,442,2400,442,1
2016/10/03,434,435,430,430,1900,430,1
2016/10/04,431,431,430,430,900,430,1
2016/10/06,431,431,431,431,3200,431,1
2016/10/07,430,430,418,418,2100,418,1
2016/10/11,422,422,418,418,900,418,1
2016/10/12,414,420,414,414,5800,414,1
2016/10/13,410,410,410,410,500,410,1
2016/10/14,411,425,410,425,1300,425,1
2016/10/18,440,440,440,440,600,440,1
2016/10/19,440,440,439,439,700,439,1
2016/10/20,447,447,443,443,5300,443,1
2016/10/21,440,440,429,439,1600,439,1
2016/10/24,447,447,447,447,100,447,1
2016/10/25,445,445,444,444,3000,444,1
2016/10/26,444,444,444,444,2500,444,1
2016/10/27,444,444,441,441,600,441,1
2016/10/28,441,441,428,430,1400,430,1
2016/10/31,437,447,437,442,3800,442,1
2016/11/01,442,442,442,442,1700,442,1
2016/11/02,434,434,434,434,100,434,1
2016/11/04,428,432,428,431,700,431,1
2016/11/08,425,425,425,425,1000,425,1
2016/11/09,426,426,426,426,100,426,1
2016/11/10,452,452,449,450,5200,450,1
2016/11/11,450,450,441,441,1600,441,1
2016/11/14,441,441,441,441,1100,441,1
2016/11/16,449,449,449,449,100,449,1
2016/11/17,449,452,449,452,2100,452,1
2016/11/18,454,454,451,454,2400,454,1
2016/11/21,462,462,454,454,5000,454,1
2016/11/22,454,454,453,453,600,453,1
2016/11/24,454,455,452,455,1100,455,1
2016/11/25,462,462,451,452,3400,452,1
2016/11/28,452,452,441,449,2600,449,1
2016/11/29,459,459,459,459,200,459,1
2016/11/30,459,459,450,451,2400,451,1
2016/12/02,459,459,459,459,1500,459,1
2016/12/05,450,450,450,450,500,450,1
2016/12/06,445,445,445,445,400,445,1
2016/12/07,440,440,440,440,100,440,1
2016/12/08,445,445,445,445,700,445,1
2016/12/12,450,450,450,450,900,450,1
2016/12/13,451,452,449,450,2900,450,1
2016/12/14,450,450,449,449,400,449,1
2016/12/15,450,450,450,450,4000,450,1
2016/12/16,450,450,450,450,500,450,1
2016/12/19,450,450,447,450,1400,450,1
2016/12/20,449,449,449,449,4800,449,1
2016/12/21,450,450,450,450,200,450,1
2016/12/22,450,450,448,448,2700,448,1
2016/12/26,450,450,450,450,3200,450,1
2016/12/27,450,450,450,450,5400,450,1
2016/12/29,466,466,466,466,2900,466,1
2016/12/30,480,480,460,460,2000,460,1
2017/01/04,452,452,450,450,1300,450,1
2017/01/05,455,455,455,455,1000,455,1
2017/01/06,455,455,455,455,200,455,1
2017/01/10,463,463,450,450,4200,450,1
2017/01/11,450,450,450,450,300,450,1
2017/01/13,450,450,440,440,6600,440,1
2017/01/16,440,440,435,435,2200,435,1
2017/01/18,446,446,445,445,700,445,1
2017/01/19,446,446,446,446,800,446,1
2017/01/20,446,446,440,440,5300,440,1
2017/01/23,448,451,448,451,300,451,1
2017/01/24,450,450,448,450,600,450,1
2017/01/25,454,454,450,450,2700,450,1
2017/01/26,456,456,455,455,2600,455,1
2017/01/27,451,463,451,463,1700,463,1
2017/01/30,458,458,450,450,900,450,1
2017/01/31,450,450,450,450,1100,450,1
2017/02/01,450,450,450,450,1500,450,1
2017/02/03,446,446,441,445,2400,445,1
2017/02/07,450,450,450,450,100,450,1
2017/02/09,445,445,445,445,100,445,1
2017/02/13,445,445,444,444,200,444,1
2017/02/14,449,449,449,449,500,449,1
2017/02/15,445,450,445,447,4000,447,1
2017/02/16,447,447,447,447,100,447,1
2017/02/17,454,455,454,455,2200,455,1
2017/02/20,463,463,453,453,5500,453,1
2017/02/21,450,450,449,449,600,449,1
2017/02/22,448,449,448,448,2200,448,1
2017/02/23,456,458,450,450,5800,450,1
2017/02/24,445,445,443,445,5100,445,1
2017/02/27,449,449,437,440,4400,440,1
2017/02/28,442,442,436,440,2900,440,1
2017/03/02,441,441,441,441,1100,441,1
2017/03/03,449,449,449,449,1500,449,1
2017/03/06,437,438,430,430,13800,430,1
2017/03/07,430,436,430,436,200,436,1
2017/03/08,432,436,432,436,900,436,1
2017/03/09,435,438,435,438,2800,438,1
2017/03/10,439,439,434,434,1300,434,1
2017/03/13,438,438,438,438,900,438,1
2017/03/14,438,438,438,438,300,438,1
2017/03/15,435,435,432,432,900,432,1
2017/03/16,438,438,432,434,1500,434,1
2017/03/17,440,440,439,439,1200,439,1
2017/03/21,437,439,437,439,5000,439,1
2017/03/22,439,439,434,434,300,434,1
2017/03/23,434,440,434,440,700,440,1
2017/03/24,438,444,435,440,3500,440,1
2017/03/27,440,440,435,435,2700,435,1
2017/03/28,435,435,420,429,12100,429,1
2017/03/29,432,432,424,424,700,424,1
2017/03/30,424,424,411,415,18100,415,1
2017/03/31,420,420,410,413,4300,413,1
2017/04/03,418,420,408,408,5500,408,1
2017/04/04,408,413,408,410,600,410,1
2017/04/05,411,411,411,411,100,411,1
2017/04/06,411,418,409,414,3900,414,1
2017/04/07,414,414,407,410,5600,410,1
2017/04/10,412,415,409,414,1400,414,1
2017/04/11,414,416,410,410,3500,410,1
2017/04/12,414,414,410,410,1200,410,1
2017/04/13,410,416,410,411,1100,411,1
2017/04/14,411,411,411,411,100,411,1
2017/04/17,411,414,411,414,1200,414,1
2017/04/18,414,416,411,411,1400,411,1
2017/04/19,412,417,412,415,1300,415,1
2017/04/20,413,413,409,410,6500,410,1
2017/04/21,410,410,410,410,200,410,1
2017/04/24,411,415,411,411,900,411,1
2017/04/25,412,414,411,411,3900,411,1
2017/04/26,415,423,407,407,9100,407,1
2017/04/27,409,423,409,414,7200,414,1
2017/04/28,418,418,410,411,5700,411,1
2017/05/01,411,411,408,410,500,410,1
2017/05/02,412,419,412,412,5300,412,1
2017/05/08,416,421,416,416,4200,416,1
2017/05/09,419,419,417,417,1600,417,1
2017/05/10,415,418,406,416,8500,416,1
2017/05/11,408,416,408,416,8500,416,1
2017/05/12,410,416,410,412,4300,412,1
2017/05/15,416,416,409,409,3100,409,1
2017/05/16,405,415,405,412,7400,412,1
2017/05/17,412,415,405,415,4200,415,1
2017/05/18,408,409,408,409,1400,409,1
2017/05/19,409,410,408,410,800,410,1
2017/05/22,407,408,407,407,9200,407,1
2017/05/23,408,413,408,409,800,409,1
2017/05/24,408,411,408,411,1000,411,1
2017/05/25,409,411,407,407,7300,407,1
2017/05/26,407,407,404,404,6500,404,1
2017/05/29,405,412,405,406,5700,406,1
2017/05/30,407,410,406,406,3400,406,1
2017/05/31,408,410,408,410,3200,410,1
2017/06/01,410,410,407,410,2100,410,1
2017/06/02,411,418,409,411,5000,411,1
2017/06/05,412,412,408,408,600,408,1
2017/06/06,411,411,409,409,700,409,1
2017/06/07,411,411,411,411,100,411,1
2017/06/08,408,409,408,408,2200,408,1
2017/06/09,408,412,408,410,1900,410,1
2017/06/12,408,408,408,408,800,408,1
2017/06/13,411,411,408,409,2200,409,1
2017/06/14,411,411,411,411,100,411,1
2017/06/15,411,411,410,410,500,410,1
2017/06/16,411,411,410,410,8100,410,1
2017/06/19,418,418,412,416,6700,416,1
2017/06/20,420,420,414,416,10800,416,1
2017/06/21,420,420,412,413,6000,413,1
2017/06/22,411,415,411,414,3300,414,1
2017/06/23,416,421,414,414,11500,414,1
2017/06/26,418,421,417,417,16500,417,1
2017/06/27,423,428,423,427,13400,427,1
2017/06/28,424,426,424,426,1800,426,1
2017/06/29,420,424,420,424,3100,424,1
2017/06/30,426,426,419,426,5000,426,1
2017/07/03,424,425,424,425,1400,425,1
2017/07/04,421,427,421,421,2600,421,1
2017/07/05,425,427,425,427,700,427,1
2017/07/06,421,427,420,421,4800,421,1
2017/07/07,424,424,420,420,3600,420,1
2017/07/10,429,442,427,435,39800,435,1
2017/07/11,443,451,438,440,12200,440,1
2017/07/12,441,443,438,438,8000,438,1
2017/07/13,446,446,438,445,7600,445,1
2017/07/14,444,444,440,440,1000,440,1
2017/07/18,437,445,437,443,3900,443,1
2017/07/19,455,462,448,460,6800,460,1
2017/07/20,480,480,451,455,21700,455,1
2017/07/21,461,474,460,470,5800,470,1
2017/07/24,464,474,453,459,12600,459,1
2017/07/25,461,465,445,449,23900,449,1
2017/07/26,451,456,449,449,9400,449,1
2017/07/27,452,455,450,451,1600,451,1
2017/07/28,452,461,447,449,4800,449,1
2017/07/31,457,457,432,437,14100,437,1
2017/08/01,459,460,442,442,5700,442,1
2017/08/02,439,448,439,444,1200,444,1
2017/08/03,444,444,438,438,6000,438,1
2017/08/04,439,442,439,441,1000,441,1
2017/08/07,438,445,435,435,9700,435,1
2017/08/08,434,434,434,434,1100,434,1
2017/08/09,442,442,419,425,31200,425,1
2017/08/10,417,419,411,411,17100,411,1
2017/08/14,411,414,410,410,3700,410,1
2017/08/15,418,419,418,419,800,419,1
2017/08/16,416,419,416,419,1400,419,1
2017/08/17,422,423,422,423,200,423,1
2017/08/18,423,430,418,424,16100,424,1
2017/08/21,430,430,417,420,8700,420,1
2017/08/22,428,428,421,421,5800,421,1
2017/08/23,425,435,425,426,2400,426,1
2017/08/24,427,430,425,429,1300,429,1
2017/08/25,430,435,426,435,15100,435,1
2017/08/28,441,441,426,433,6500,433,1
2017/08/29,429,437,429,432,4000,432,1
2017/08/30,435,436,434,435,1300,435,1
2017/08/31,443,443,439,439,3800,439,1
2017/09/01,456,471,434,440,15300,440,1
2017/09/04,441,448,427,427,10600,427,1
2017/09/05,429,444,427,441,8300,441,1
2017/09/06,442,442,430,441,2800,441,1
2017/09/07,440,440,440,440,200,440,1
2017/09/08,439,439,437,437,1100,437,1
2017/09/11,433,438,433,437,1700,437,1
2017/09/12,440,445,433,437,7500,437,1
2017/09/13,440,443,434,435,14100,435,1
2017/09/14,436,440,433,436,10100,436,1
2017/09/15,436,436,432,432,4700,432,1
2017/09/19,440,441,435,438,4200,438,1
2017/09/20,446,446,436,437,9300,437,1
2017/09/21,438,438,438,438,100,438,1
2017/09/22,439,445,439,445,1200,445,1
2017/09/25,438,445,437,440,3700,440,1
2017/09/26,450,450,439,441,7700,441,1
2017/09/27,441,452,441,445,2400,445,1
2017/09/28,457,462,456,462,3800,462,1
2017/09/29,463,464,462,462,3400,462,1
2017/10/02,475,475,460,460,3400,460,1
2017/10/03,460,460,459,459,800,459,1
2017/10/04,459,460,458,458,800,458,1
2017/10/05,457,458,452,452,2200,452,1
2017/10/06,455,455,437,439,7000,439,1
2017/10/10,445,445,445,445,300,445,1
2017/10/11,440,450,440,450,800,450,1
2017/10/12,451,451,443,443,700,443,1
2017/10/13,443,443,440,440,1800,440,1
2017/10/16,445,446,445,446,200,446,1
2017/10/17,450,455,449,450,4100,450,1
2017/10/18,457,457,445,447,2900,447,1
2017/10/19,448,455,432,435,46200,435,1
2017/10/20,435,435,423,430,13700,430,1
2017/10/23,438,447,429,439,2100,439,1
2017/10/24,443,443,439,440,2600,440,1
2017/10/25,435,440,433,440,8900,440,1
2017/10/26,448,448,438,438,3600,438,1
2017/10/27,438,440,438,440,500,440,1
2017/10/30,441,444,425,438,7700,438,1
2017/10/31,437,444,437,444,2000,444,1
2017/11/01,448,459,441,445,13200,445,1
2017/11/02,453,453,439,442,2200,442,1
2017/11/07,441,446,438,446,300,446,1
2017/11/08,450,450,443,448,3900,448,1
2017/11/09,410,419,403,416,101900,416,1
2017/11/10,416,418,412,416,1100,416,1
2017/11/13,418,418,409,409,5300,409,1
2017/11/14,408,409,403,407,11700,407,1
2017/11/15,415,415,400,400,9900,400,1
2017/11/16,399,400,398,400,3000,400,1
2017/11/17,408,408,404,406,5000,406,1
2017/11/20,409,409,400,400,9300,400,1
2017/11/21,400,401,399,399,6800,399,1
2017/11/22,399,400,399,399,1100,399,1
2017/11/24,407,409,404,405,3700,405,1
2017/11/27,408,408,400,400,6500,400,1
2017/11/28,401,403,401,403,300,403,1
2017/11/29,406,407,398,398,5600,398,1
2017/11/30,402,407,395,400,41800,400,1
2017/12/01,400,410,399,402,4400,402,1
2017/12/04,402,406,398,398,4300,398,1
2017/12/05,398,398,395,395,1100,395,1
2017/12/06,396,397,390,390,8400,390,1
2017/12/07,394,399,394,394,1400,394,1
2017/12/08,399,399,390,390,2500,390,1
2017/12/11,400,400,391,394,8100,394,1
2017/12/12,394,394,391,394,5500,394,1
2017/12/13,398,398,397,397,1300,397,1
2017/12/14,396,396,394,394,2200,394,1
2017/12/15,395,396,382,395,48500,395,1
2017/12/18,395,396,387,387,10000,387,1
2017/12/19,387,389,384,389,19800,389,1
2017/12/20,390,390,383,383,13700,383,1
2017/12/21,383,385,378,380,7800,380,1
2017/12/22,381,385,380,385,6900,385,1
2017/12/25,390,390,380,383,8000,383,1
2017/12/26,390,390,379,380,9100,380,1
2017/12/27,379,382,379,382,1500,382,1
2017/12/28,383,389,381,388,1400,388,1
2017/12/29,388,389,388,389,7800,389,1
2018/01/04,395,395,393,393,2600,393,1
2018/01/05,393,393,387,388,2200,388,1
2018/01/09,393,393,383,386,12300,386,1
2018/01/10,391,391,389,390,2300,390,1
2018/01/11,387,391,387,390,1200,390,1
2018/01/12,392,394,390,390,1200,390,1
2018/01/15,393,393,390,390,5600,390,1
2018/01/16,390,395,387,390,11200,390,1
2018/01/17,393,393,391,391,2200,391,1
2018/01/18,393,393,390,390,3700,390,1
2018/01/19,391,391,390,391,2700,391,1
2018/01/22,394,394,388,391,9500,391,1
2018/01/23,391,391,390,390,3400,390,1
2018/01/24,390,390,381,389,12000,389,1
2018/01/25,388,390,388,390,5400,390,1
2018/01/26,387,389,385,389,6900,389,1
2018/01/29,393,393,390,390,3100,390,1
2018/01/30,386,390,385,390,12000,390,1
2018/01/31,386,387,386,387,2800,387,1
2018/02/01,390,390,385,388,12900,388,1
2018/02/02,388,388,384,387,2600,387,1
2018/02/05,386,386,386,386,1600,386,1
2018/02/06,376,380,365,371,11700,371,1
2018/02/07,372,380,372,379,900,379,1
2018/02/08,374,376,369,369,2000,369,1
2018/02/09,365,365,357,358,17400,358,1
2018/02/13,379,379,365,365,1500,365,1
2018/02/14,368,368,360,360,2700,360,1
2018/02/16,365,365,365,365,2000,365,1
2018/02/19,381,382,380,382,2000,382,1
2018/02/20,381,381,376,376,6500,376,1
2018/02/21,379,380,379,380,600,380,1
2018/02/22,383,383,373,373,3700,373,1
2018/02/23,373,379,373,379,7100,379,1
2018/02/26,379,379,375,375,4000,375,1
2018/02/27,368,368,368,368,2000,368,1
2018/02/28,376,380,376,380,2100,380,1
2018/03/01,380,380,380,380,100,380,1
2018/03/02,380,380,371,371,2500,371,1
2018/03/05,373,379,371,371,500,371,1
2018/03/06,371,373,371,373,1300,373,1
2018/03/07,374,374,372,372,300,372,1
2018/03/08,372,379,372,372,1500,372,1
2018/03/09,370,370,369,369,2900,369,1
2018/03/12,379,379,378,378,1200,378,1
2018/03/13,378,378,378,378,100,378,1
2018/03/14,380,380,380,380,500,380,1
2018/03/15,381,381,380,380,1800,380,1
2018/03/16,377,377,377,377,3000,377,1
2018/03/19,381,382,376,382,2500,382,1
2018/03/20,375,377,373,377,5000,377,1
2018/03/22,376,377,376,377,900,377,1
2018/03/23,371,376,371,371,1000,371,1
2018/03/26,368,376,368,371,1400,371,1
2018/03/27,384,384,375,375,6800,375,1
2018/03/28,375,375,375,375,200,375,1
2018/03/29,381,381,381,381,500,381,1
2018/03/30,381,381,381,381,2700,381,1
2018/04/02,381,381,375,375,200,375,1
2018/04/03,367,367,367,367,2200,367,1
2018/04/04,368,368,368,368,100,368,1
2018/04/06,371,371,369,369,400,369,1
2018/04/09,370,374,368,374,1600,374,1
2018/04/10,371,371,371,371,100,371,1
2018/04/11,371,371,371,371,100,371,1
2018/04/12,378,378,367,367,3100,367,1
2018/04/13,368,370,364,364,9600,364,1
2018/04/16,365,365,365,365,500,365,1
2018/04/17,367,368,360,365,2500,365,1
2018/04/18,372,372,360,360,2100,360,1
2018/04/19,368,374,364,374,3100,374,1
2018/04/20,375,375,367,371,4900,371,1
2018/04/23,371,371,365,365,2700,365,1
2018/04/24,365,367,357,367,2300,367,1
2018/04/25,368,368,367,368,3900,368,1
2018/04/26,371,371,362,367,4300,367,1
2018/04/27,375,375,367,373,2200,373,1
2018/05/01,372,373,370,373,3300,373,1
2018/05/02,368,373,368,373,700,373,1
2018/05/07,375,375,370,370,2900,370,1
2018/05/08,375,390,375,381,6100,381,1
2018/05/09,381,381,380,380,1500,380,1
2018/05/10,381,384,381,384,900,384,1
2018/05/11,376,385,373,382,10000,382,1
2018/05/14,382,390,378,390,31400,390,1
2018/05/15,383,390,383,383,8400,383,1
2018/05/16,383,383,383,383,3400,383,1
2018/05/17,385,400,385,391,6300,391,1
2018/05/18,397,397,394,394,5200,394,1
2018/05/21,394,394,388,388,7400,388,1
2018/05/22,388,390,388,390,400,390,1
2018/05/23,388,393,388,393,1700,393,1
2018/05/24,394,394,393,394,3000,394,1
2018/05/25,397,402,391,398,13800,398,1
2018/05/28,405,405,394,403,9500,403,1
2018/05/29,405,405,394,400,6700,400,1
2018/05/30,400,404,391,393,16000,393,1
2018/05/31,396,403,392,392,8400,392,1
2018/06/01,400,402,391,392,3900,392,1
2018/06/04,391,398,389,391,3900,391,1
2018/06/05,391,398,391,392,2800,392,1
2018/06/06,392,393,392,393,1300,393,1
2018/06/07,398,398,398,398,2200,398,1
2018/06/08,393,399,393,399,1800,399,1
2018/06/11,399,399,391,392,3000,392,1
2018/06/12,392,399,392,399,400,399,1
2018/06/14,395,395,381,392,4000,392,1
2018/06/15,384,392,384,385,3800,385,1
2018/06/18,380,393,380,390,5000,390,1
2018/06/19,392,395,384,385,7100,385,1
2018/06/20,384,394,383,393,8500,393,1
2018/06/21,387,391,377,380,7300,380,1
2018/06/22,380,381,378,378,1100,378,1
2018/06/25,378,378,375,377,5100,377,1
2018/06/26,380,380,380,380,2600,380,1
2018/06/27,380,382,372,379,4100,379,1
2018/06/28,375,378,366,368,3300,368,1
2018/06/29,374,374,362,362,3200,362,1
2018/07/02,371,375,371,375,2100,375,1
2018/07/04,367,375,366,375,900,375,1
2018/07/05,367,367,367,367,100,367,1
2018/07/06,383,383,378,378,200,378,1
2018/07/09,378,378,374,374,1000,374,1
2018/07/10,373,376,371,376,400,376,1
2018/07/12,377,378,377,378,700,378,1
2018/07/13,382,382,382,382,400,382,1
2018/07/17,380,380,378,380,1700,380,1
2018/07/18,381,384,381,384,600,384,1
2018/07/19,384,384,381,381,2300,381,1
2018/07/20,382,382,374,374,7900,374,1
2018/07/23,370,380,370,380,3100,380,1
2018/07/24,374,377,371,375,4700,375,1
2018/07/25,371,375,369,375,6100,375,1
2018/07/26,377,377,369,369,7900,369,1
2018/07/27,377,377,369,369,2500,369,1
2018/07/30,370,376,368,368,5000,368,1
2018/07/31,373,373,373,373,3100,373,1
2018/08/01,370,370,370,370,1700,370,1
2018/08/02,372,372,370,370,2300,370,1
2018/08/03,367,367,366,367,1400,367,1
2018/08/06,367,367,367,367,200,367,1
2018/08/07,364,370,363,363,7800,363,1
2018/08/08,363,366,361,362,5700,362,1
2018/08/10,363,366,363,366,500,366,1
2018/08/13,363,366,361,361,1700,361,1
2018/08/14,367,367,367,367,200,367,1
