2007/01/10,5800.0,5800.0,5800.0,5800.0,2000,5800,0.1
2007/01/11,5800.0,5800.0,5700.0,5800.0,4000,5800,0.1
2007/01/15,5800.0,5800.0,5700.0,5700.0,4000,5700,0.1
2007/01/16,5700.0,5700.0,5700.0,5700.0,3000,5700,0.1
2007/01/19,5700.0,5700.0,5700.0,5700.0,1000,5700,0.1
2007/01/22,5740.0,5740.0,5700.0,5700.0,7000,5700,0.1
2007/01/23,5710.0,5710.0,5710.0,5710.0,1000,5710,0.1
2007/01/24,5700.0,5700.0,5700.0,5700.0,3000,5700,0.1
2007/01/25,5700.0,5700.0,5700.0,5700.0,6000,5700,0.1
2007/01/26,5760.0,5760.0,5760.0,5760.0,2000,5760,0.1
2007/01/29,5760.0,5760.0,5760.0,5760.0,1000,5760,0.1
2007/02/02,5500.0,5500.0,5500.0,5500.0,2000,5500,0.1
2007/02/05,5500.0,5500.0,5410.0,5410.0,3000,5410,0.1
2007/02/06,5500.0,5500.0,5500.0,5500.0,3000,5500,0.1
2007/02/08,5400.0,5400.0,5400.0,5400.0,2000,5400,0.1
2007/02/13,5300.0,5300.0,5300.0,5300.0,6000,5300,0.1
2007/02/14,5300.0,5300.0,5100.0,5100.0,10000,5100,0.1
2007/02/15,5000.0,5000.0,4910.0,4910.0,7000,4910,0.1
2007/02/19,5000.0,5000.0,5000.0,5000.0,2000,5000,0.1
2007/02/20,5000.0,5000.0,4900.0,4900.0,5000,4900,0.1
2007/02/23,4990.0,4990.0,4990.0,4990.0,1000,4990,0.1
2007/02/26,5000.0,5000.0,4990.0,5000.0,5000,5000,0.1
2007/02/27,5000.0,5000.0,5000.0,5000.0,3000,5000,0.1
2007/02/28,5000.0,5000.0,5000.0,5000.0,6000,5000,0.1
2007/03/01,5000.0,5000.0,5000.0,5000.0,3000,5000,0.1
2007/03/05,5000.0,5000.0,5000.0,5000.0,3000,5000,0.1
2007/03/08,5000.0,5000.0,5000.0,5000.0,9000,5000,0.1
2007/03/09,5000.0,5150.0,5000.0,5150.0,6000,5150,0.1
2007/03/12,5160.0,5400.0,5160.0,5400.0,9000,5400,0.1
2007/03/13,5400.0,5400.0,5400.0,5400.0,5000,5400,0.1
2007/03/14,5400.0,5400.0,5400.0,5400.0,2000,5400,0.1
2007/03/15,5200.0,5400.0,5200.0,5400.0,8000,5400,0.1
2007/03/16,5400.0,5400.0,5400.0,5400.0,10000,5400,0.1
2007/03/22,5400.0,5400.0,5400.0,5400.0,2000,5400,0.1
2007/03/23,5300.0,5300.0,5300.0,5300.0,1000,5300,0.1
2007/03/26,5400.0,5400.0,5300.0,5300.0,4000,5300,0.1
2007/03/27,5300.0,5300.0,5300.0,5300.0,1000,5300,0.1
2007/03/28,5000.0,5000.0,5000.0,5000.0,2000,5000,0.1
2007/04/02,5000.0,5000.0,5000.0,5000.0,5000,5000,0.1
2007/04/03,5000.0,5000.0,5000.0,5000.0,5000,5000,0.1
2007/04/04,5000.0,5000.0,5000.0,5000.0,7000,5000,0.1
2007/04/05,5000.0,5000.0,5000.0,5000.0,6000,5000,0.1
2007/04/06,5010.0,5010.0,5000.0,5000.0,9000,5000,0.1
2007/04/09,5000.0,5000.0,5000.0,5000.0,1000,5000,0.1
2007/04/12,5010.0,5010.0,5010.0,5010.0,3000,5010,0.1
2007/04/13,5000.0,5000.0,4990.0,4990.0,7000,4990,0.1
2007/04/16,5000.0,5000.0,5000.0,5000.0,7000,5000,0.1
2007/04/17,5000.0,5000.0,5000.0,5000.0,1000,5000,0.1
2007/04/20,5000.0,5000.0,5000.0,5000.0,2000,5000,0.1
2007/04/26,5000.0,5050.0,4900.0,5000.0,6000,5000,0.1
2007/04/27,5100.0,5100.0,5000.0,5000.0,6000,5000,0.1
2007/05/02,5000.0,5000.0,5000.0,5000.0,1000,5000,0.1
2007/05/07,5000.0,5000.0,5000.0,5000.0,6000,5000,0.1
2007/05/08,5010.0,5010.0,5000.0,5000.0,6000,5000,0.1
2007/05/10,4900.0,4900.0,4900.0,4900.0,13000,4900,0.1
2007/05/18,4860.0,4860.0,4860.0,4860.0,1000,4860,0.1
2007/05/25,4860.0,4860.0,4860.0,4860.0,2000,4860,0.1
2007/05/28,5390.0,5390.0,5390.0,5390.0,1000,5390,0.1
2007/05/29,5390.0,5390.0,5390.0,5390.0,3000,5390,0.1
2007/05/30,5300.0,5300.0,5300.0,5300.0,2000,5300,0.1
2007/06/20,4860.0,4860.0,4860.0,4860.0,1000,4860,0.1
2007/06/26,4860.0,4860.0,4860.0,4860.0,1000,4860,0.1
2007/06/27,4860.0,4860.0,4860.0,4860.0,2000,4860,0.1
2007/07/03,4700.0,4700.0,4700.0,4700.0,3000,4700,0.1
2007/07/04,4700.0,4840.0,4700.0,4840.0,3000,4840,0.1
2007/07/05,4690.0,4690.0,4690.0,4690.0,1000,4690,0.1
2007/07/06,4690.0,4690.0,4690.0,4690.0,1000,4690,0.1
2007/07/09,4740.0,4740.0,4740.0,4740.0,1000,4740,0.1
2007/07/10,4740.0,4880.0,4740.0,4880.0,6000,4880,0.1
2007/07/11,4880.0,5000.0,4880.0,5000.0,3000,5000,0.1
2007/07/12,5000.0,5000.0,5000.0,5000.0,1000,5000,0.1
2007/07/13,5000.0,5000.0,5000.0,5000.0,1000,5000,0.1
2007/07/18,4900.0,4900.0,4900.0,4900.0,3000,4900,0.1
2007/07/19,4900.0,4900.0,4900.0,4900.0,3000,4900,0.1
2007/07/26,4900.0,4900.0,4900.0,4900.0,1000,4900,0.1
2007/07/27,4800.0,4800.0,4800.0,4800.0,2000,4800,0.1
2007/07/30,4800.0,4800.0,4800.0,4800.0,1000,4800,0.1
2007/08/02,4800.0,4800.0,4800.0,4800.0,1000,4800,0.1
2007/08/07,4700.0,4700.0,4550.0,4550.0,4000,4550,0.1
2007/08/17,4900.0,4900.0,4850.0,4850.0,4000,4850,0.1
2007/08/20,4860.0,4860.0,4850.0,4850.0,4000,4850,0.1
2007/08/22,4850.0,4850.0,4850.0,4850.0,2000,4850,0.1
2007/08/23,4800.0,4800.0,4800.0,4800.0,2000,4800,0.1
2007/08/24,4800.0,4800.0,4800.0,4800.0,5000,4800,0.1
2007/08/27,4800.0,4800.0,4800.0,4800.0,6000,4800,0.1
2007/08/28,4750.0,4750.0,4700.0,4700.0,5000,4700,0.1
2007/08/30,4700.0,4700.0,4700.0,4700.0,3000,4700,0.1
2007/09/04,4700.0,4700.0,4700.0,4700.0,3000,4700,0.1
2007/09/06,4700.0,4700.0,4700.0,4700.0,1000,4700,0.1
2007/09/10,4650.0,4650.0,4650.0,4650.0,3000,4650,0.1
2007/09/11,4640.0,4640.0,4640.0,4640.0,1000,4640,0.1
2007/09/12,4640.0,4640.0,4620.0,4620.0,7000,4620,0.1
2007/09/18,4590.0,4590.0,4590.0,4590.0,4000,4590,0.1
2007/09/19,4500.0,4500.0,4500.0,4500.0,1000,4500,0.1
2007/09/21,4500.0,4500.0,4500.0,4500.0,1000,4500,0.1
2007/09/26,4490.0,4490.0,4490.0,4490.0,1000,4490,0.1
2007/09/27,4490.0,4490.0,4490.0,4490.0,1000,4490,0.1
2007/10/01,4490.0,4490.0,4490.0,4490.0,1000,4490,0.1
2007/10/03,4390.0,4390.0,4390.0,4390.0,2000,4390,0.1
2007/10/04,4300.0,4300.0,4300.0,4300.0,3000,4300,0.1
2007/10/09,4250.0,4250.0,4250.0,4250.0,3000,4250,0.1
2007/10/12,4250.0,4250.0,4250.0,4250.0,4000,4250,0.1
2007/10/15,4250.0,4250.0,4250.0,4250.0,4000,4250,0.1
2007/10/16,4250.0,4250.0,4250.0,4250.0,5000,4250,0.1
2007/10/17,4240.0,4240.0,4240.0,4240.0,3000,4240,0.1
2007/10/18,4240.0,4240.0,4240.0,4240.0,2000,4240,0.1
2007/10/22,4240.0,4240.0,4240.0,4240.0,2000,4240,0.1
2007/10/23,4190.0,4190.0,4190.0,4190.0,2000,4190,0.1
2007/10/26,4180.0,4180.0,4180.0,4180.0,6000,4180,0.1
2007/10/29,4180.0,4180.0,4180.0,4180.0,2000,4180,0.1
2007/10/30,4180.0,4180.0,4180.0,4180.0,3000,4180,0.1
2007/11/08,4180.0,4180.0,4180.0,4180.0,2000,4180,0.1
2007/11/19,4100.0,4100.0,4100.0,4100.0,3000,4100,0.1
2007/11/20,4100.0,4100.0,4100.0,4100.0,2000,4100,0.1
2007/11/22,4000.0,4000.0,4000.0,4000.0,3000,4000,0.1
2007/11/26,4000.0,4000.0,4000.0,4000.0,2000,4000,0.1
2007/11/27,4000.0,4000.0,4000.0,4000.0,4000,4000,0.1
2007/12/03,3950.0,3950.0,3950.0,3950.0,4000,3950,0.1
2007/12/10,3950.0,3950.0,3950.0,3950.0,3000,3950,0.1
2007/12/11,4060.0,4060.0,4060.0,4060.0,5000,4060,0.1
2007/12/12,4060.0,4060.0,4060.0,4060.0,6000,4060,0.1
2007/12/13,4010.0,4010.0,4010.0,4010.0,3000,4010,0.1
2007/12/18,4010.0,4010.0,4000.0,4000.0,2000,4000,0.1
2007/12/26,4010.0,4010.0,4010.0,4010.0,2000,4010,0.1
2007/12/27,4200.0,4200.0,4130.0,4130.0,3000,4130,0.1
2008/01/07,4080.0,4080.0,4080.0,4080.0,2000,4080,0.1
2008/01/18,4030.0,4030.0,4030.0,4030.0,2000,4030,0.1
2008/01/23,4000.0,4000.0,4000.0,4000.0,2000,4000,0.1
2008/01/25,4000.0,4100.0,4000.0,4100.0,2000,4100,0.1
2008/01/28,4100.0,4100.0,4100.0,4100.0,2000,4100,0.1
2008/02/08,3700.0,3700.0,3700.0,3700.0,1000,3700,0.1
2008/02/12,3700.0,3700.0,3700.0,3700.0,3000,3700,0.1
2008/02/18,3700.0,3700.0,3700.0,3700.0,2000,3700,0.1
2008/02/19,3700.0,3700.0,3700.0,3700.0,2000,3700,0.1
2008/02/22,3700.0,3700.0,3700.0,3700.0,2000,3700,0.1
2008/02/26,3700.0,3700.0,3700.0,3700.0,1000,3700,0.1
2008/03/03,4150.0,4150.0,4150.0,4150.0,3000,4150,0.1
2008/03/07,4150.0,4150.0,4150.0,4150.0,2000,4150,0.1
2008/03/10,4140.0,4140.0,4140.0,4140.0,3000,4140,0.1
2008/03/11,4140.0,4140.0,4140.0,4140.0,3000,4140,0.1
2008/03/12,4130.0,4130.0,4130.0,4130.0,3000,4130,0.1
2008/03/14,4130.0,4130.0,4130.0,4130.0,3000,4130,0.1
2008/03/24,3330.0,3330.0,3330.0,3330.0,1000,3330,0.1
2008/03/25,3420.0,3420.0,3420.0,3420.0,1000,3420,0.1
2008/03/31,4300.0,4300.0,4300.0,4300.0,6000,4300,0.1
2008/04/01,4300.0,4300.0,4300.0,4300.0,6000,4300,0.1
2008/04/03,4300.0,4300.0,4300.0,4300.0,1000,4300,0.1
2008/04/04,4550.0,4870.0,4550.0,4870.0,3000,4870,0.1
2008/04/07,4870.0,4870.0,4870.0,4870.0,3000,4870,0.1
2008/04/08,4870.0,5000.0,4870.0,5000.0,4000,5000,0.1
2008/04/09,5000.0,5000.0,5000.0,5000.0,3000,5000,0.1
2008/04/11,4250.0,4500.0,4250.0,4500.0,2000,4500,0.1
2008/04/16,4450.0,4470.0,4450.0,4450.0,4000,4450,0.1
2008/04/17,5000.0,5000.0,5000.0,5000.0,1000,5000,0.1
2008/04/25,4950.0,4990.0,4950.0,4960.0,3000,4960,0.1
2008/04/28,4960.0,4990.0,4960.0,4990.0,2000,4990,0.1
2008/05/16,4150.0,4150.0,4150.0,4150.0,1000,4150,0.1
2008/05/26,4000.0,4000.0,4000.0,4000.0,2000,4000,0.1
2008/05/27,4010.0,4180.0,4010.0,4150.0,9000,4150,0.1
2008/05/29,4750.0,5000.0,4750.0,5000.0,2000,5000,0.1
2008/06/06,5000.0,5100.0,4990.0,5100.0,30000,5100,0.1
2008/06/26,4500.0,4500.0,4500.0,4500.0,1000,4500,0.1
2008/06/27,4500.0,4500.0,4500.0,4500.0,2000,4500,0.1
2008/07/03,4490.0,4490.0,4490.0,4490.0,2000,4490,0.1
2008/07/09,4000.0,4000.0,4000.0,4000.0,1000,4000,0.1
2008/07/14,4330.0,4450.0,4330.0,4450.0,6000,4450,0.1
2008/07/25,4450.0,4450.0,4450.0,4450.0,2000,4450,0.1
2008/07/28,4440.0,4440.0,4440.0,4440.0,1000,4440,0.1
2008/08/19,4400.0,4400.0,4400.0,4400.0,1000,4400,0.1
2008/08/26,4340.0,4340.0,4340.0,4340.0,1000,4340,0.1
2008/08/27,4340.0,4340.0,4340.0,4340.0,2000,4340,0.1
2008/09/01,3900.0,3900.0,3900.0,3900.0,1000,3900,0.1
2008/09/18,3560.0,3560.0,3560.0,3560.0,1000,3560,0.1
2008/09/25,3270.0,3270.0,3270.0,3270.0,3000,3270,0.1
2008/09/29,3540.0,3540.0,3530.0,3530.0,6000,3530,0.1
2008/10/08,3200.0,3200.0,3200.0,3200.0,1000,3200,0.1
2008/10/22,3350.0,3350.0,3350.0,3350.0,1000,3350,0.1
2008/10/24,3330.0,3330.0,3330.0,3330.0,2000,3330,0.1
2008/10/27,3240.0,3240.0,3240.0,3240.0,2000,3240,0.1
2008/11/25,2790.0,2790.0,2790.0,2790.0,1000,2790,0.1
2008/11/26,2800.0,2800.0,2800.0,2800.0,1000,2800,0.1
2008/11/28,2940.0,2940.0,2940.0,2940.0,5000,2940,0.1
2008/12/02,2900.0,2900.0,2900.0,2900.0,5000,2900,0.1
2008/12/09,2900.0,2900.0,2900.0,2900.0,12000,2900,0.1
2008/12/11,2900.0,2900.0,2900.0,2900.0,3000,2900,0.1
2008/12/26,2840.0,2840.0,2840.0,2840.0,3000,2840,0.1
2008/12/29,2840.0,2840.0,2840.0,2840.0,3000,2840,0.1
2009/01/06,2800.0,2800.0,2800.0,2800.0,1000,2800,0.1
2009/01/07,2750.0,2750.0,2750.0,2750.0,1000,2750,0.1
2009/01/23,2550.0,2550.0,2550.0,2550.0,1000,2550,0.1
2009/01/26,2630.0,2650.0,2630.0,2650.0,3000,2650,0.1
2009/01/28,2830.0,2830.0,2830.0,2830.0,5000,2830,0.1
2009/02/04,2830.0,2830.0,2830.0,2830.0,2000,2830,0.1
2009/02/12,2830.0,2830.0,2800.0,2800.0,3000,2800,0.1
2009/02/13,2800.0,2800.0,2800.0,2800.0,2000,2800,0.1
2009/02/18,2800.0,2800.0,2800.0,2800.0,1000,2800,0.1
2009/02/20,2800.0,2800.0,2800.0,2800.0,1000,2800,0.1
2009/02/23,2800.0,2800.0,2800.0,2800.0,1000,2800,0.1
2009/02/24,2800.0,2800.0,2800.0,2800.0,1000,2800,0.1
2009/02/26,2800.0,2800.0,2800.0,2800.0,1000,2800,0.1
2009/02/27,2880.0,2960.0,2880.0,2960.0,3000,2960,0.1
2009/03/02,2970.0,2970.0,2960.0,2960.0,3000,2960,0.1
2009/03/05,2960.0,2960.0,2960.0,2960.0,1000,2960,0.1
2009/03/10,2960.0,2960.0,2960.0,2960.0,2000,2960,0.1
2009/03/16,2960.0,2960.0,2960.0,2960.0,1000,2960,0.1
2009/03/30,3200.0,3200.0,3200.0,3200.0,4000,3200,0.1
2009/04/02,3200.0,3200.0,3200.0,3200.0,3000,3200,0.1
2009/04/03,3500.0,3500.0,3500.0,3500.0,2000,3500,0.1
2009/04/09,3500.0,3500.0,3500.0,3500.0,1000,3500,0.1
2009/04/10,3500.0,3500.0,3500.0,3500.0,1000,3500,0.1
2009/04/13,3500.0,3500.0,3500.0,3500.0,1000,3500,0.1
2009/04/15,3500.0,3500.0,3500.0,3500.0,1000,3500,0.1
2009/04/16,3500.0,3500.0,3500.0,3500.0,1000,3500,0.1
2009/04/17,3500.0,3500.0,3500.0,3500.0,2000,3500,0.1
2009/04/24,3500.0,3500.0,3500.0,3500.0,2000,3500,0.1
2009/04/27,3500.0,3500.0,3500.0,3500.0,2000,3500,0.1
2009/04/28,2900.0,2900.0,2900.0,2900.0,1000,2900,0.1
2009/05/01,2850.0,2850.0,2850.0,2850.0,1000,2850,0.1
2009/05/08,2850.0,2850.0,2850.0,2850.0,1000,2850,0.1
2009/05/18,2800.0,2990.0,2800.0,2990.0,2000,2990,0.1
2009/05/20,2980.0,2980.0,2980.0,2980.0,1000,2980,0.1
2009/05/26,2980.0,2980.0,2980.0,2980.0,3000,2980,0.1
2009/05/27,3000.0,3000.0,3000.0,3000.0,2000,3000,0.1
2009/06/10,2980.0,2980.0,2980.0,2980.0,1000,2980,0.1
2009/06/15,2970.0,2970.0,2970.0,2970.0,1000,2970,0.1
2009/06/18,2970.0,2970.0,2970.0,2970.0,1000,2970,0.1
2009/06/26,2900.0,2900.0,2900.0,2900.0,4000,2900,0.1
2009/06/29,2900.0,2900.0,2900.0,2900.0,2000,2900,0.1
2009/06/30,2900.0,2900.0,2900.0,2900.0,3000,2900,0.1
2009/07/02,2900.0,2900.0,2900.0,2900.0,1000,2900,0.1
2009/07/09,2900.0,3050.0,2900.0,3050.0,5000,3050,0.1
2009/07/10,3050.0,3050.0,3050.0,3050.0,6000,3050,0.1
2009/07/16,2900.0,2900.0,2900.0,2900.0,3000,2900,0.1
2009/07/17,2800.0,2800.0,2800.0,2800.0,3000,2800,0.1
2009/07/23,2800.0,2800.0,2800.0,2800.0,2000,2800,0.1
2009/07/24,2900.0,2900.0,2900.0,2900.0,3000,2900,0.1
2009/07/27,2900.0,2900.0,2900.0,2900.0,3000,2900,0.1
2009/07/29,2750.0,2750.0,2750.0,2750.0,1000,2750,0.1
2009/08/07,2900.0,2900.0,2900.0,2900.0,1000,2900,0.1
2009/08/11,2800.0,2800.0,2800.0,2800.0,2000,2800,0.1
2009/08/18,2750.0,2750.0,2750.0,2750.0,1000,2750,0.1
2009/08/19,2800.0,2800.0,2800.0,2800.0,1000,2800,0.1
2009/08/24,2800.0,3000.0,2800.0,3000.0,3000,3000,0.1
2009/08/25,2990.0,2990.0,2990.0,2990.0,3000,2990,0.1
2009/08/26,2990.0,2990.0,2990.0,2990.0,2000,2990,0.1
2009/09/24,2800.0,2850.0,2800.0,2850.0,3000,2850,0.1
2009/09/25,2840.0,2840.0,2840.0,2840.0,2000,2840,0.1
2009/09/28,2840.0,2840.0,2690.0,2690.0,4000,2690,0.1
2009/10/09,2740.0,2740.0,2740.0,2740.0,1000,2740,0.1
2009/10/13,2690.0,2690.0,2660.0,2660.0,5000,2660,0.1
2009/10/14,2660.0,2660.0,2650.0,2650.0,4000,2650,0.1
2009/10/20,2660.0,2660.0,2660.0,2660.0,2000,2660,0.1
2009/10/21,2700.0,2750.0,2650.0,2750.0,4000,2750,0.1
2009/10/23,2750.0,2750.0,2750.0,2750.0,5000,2750,0.1
2009/10/26,2800.0,2800.0,2800.0,2800.0,3000,2800,0.1
2009/10/27,2800.0,2800.0,2800.0,2800.0,3000,2800,0.1
2009/11/20,2550.0,2550.0,2550.0,2550.0,5000,2550,0.1
2009/11/24,2500.0,2650.0,2500.0,2650.0,6000,2650,0.1
2009/11/25,2600.0,2600.0,2600.0,2600.0,2000,2600,0.1
2009/11/26,2600.0,2600.0,2550.0,2550.0,3000,2550,0.1
2009/11/27,2550.0,2550.0,2550.0,2550.0,2000,2550,0.1
2009/12/01,2510.0,2510.0,2510.0,2510.0,4000,2510,0.1
2009/12/03,2510.0,2510.0,2500.0,2500.0,3000,2500,0.1
2009/12/07,2510.0,2650.0,2510.0,2650.0,4000,2650,0.1
2009/12/08,2650.0,2700.0,2650.0,2700.0,2000,2700,0.1
2009/12/10,2700.0,2700.0,2700.0,2700.0,12000,2700,0.1
2009/12/11,2600.0,2600.0,2600.0,2600.0,1000,2600,0.1
2009/12/17,2560.0,2610.0,2560.0,2610.0,4000,2610,0.1
2009/12/24,2600.0,2700.0,2600.0,2700.0,5000,2700,0.1
2009/12/25,2700.0,2700.0,2700.0,2700.0,3000,2700,0.1
2009/12/28,2700.0,2700.0,2700.0,2700.0,3000,2700,0.1
2010/01/07,2700.0,2700.0,2700.0,2700.0,5000,2700,0.1
2010/01/15,2600.0,2600.0,2600.0,2600.0,1000,2600,0.1
2010/01/18,2610.0,2610.0,2610.0,2610.0,5000,2610,0.1
2010/01/20,2600.0,2700.0,2600.0,2700.0,9000,2700,0.1
2010/01/26,2690.0,2690.0,2690.0,2690.0,3000,2690,0.1
2010/01/27,2690.0,2690.0,2690.0,2690.0,3000,2690,0.1
2010/01/29,2610.0,2610.0,2570.0,2570.0,3000,2570,0.1
2010/02/01,2520.0,2600.0,2520.0,2600.0,3000,2600,0.1
2010/02/02,2550.0,2550.0,2550.0,2550.0,1000,2550,0.1
2010/02/04,2550.0,2550.0,2550.0,2550.0,1000,2550,0.1
2010/02/10,2520.0,2520.0,2520.0,2520.0,2000,2520,0.1
2010/02/19,2530.0,2530.0,2530.0,2530.0,1000,2530,0.1
2010/02/23,2610.0,2610.0,2510.0,2610.0,6000,2610,0.1
2010/02/25,2500.0,2580.0,2500.0,2500.0,13000,2500,0.1
2010/02/26,2570.0,2570.0,2570.0,2570.0,3000,2570,0.1
2010/03/01,2560.0,2560.0,2560.0,2560.0,2000,2560,0.1
2010/03/03,2620.0,2620.0,2620.0,2620.0,2000,2620,0.1
2010/03/11,2600.0,2600.0,2600.0,2600.0,1000,2600,0.1
2010/03/12,2560.0,2560.0,2560.0,2560.0,2000,2560,0.1
2010/03/15,2640.0,2640.0,2640.0,2640.0,1000,2640,0.1
2010/03/16,2560.0,2560.0,2560.0,2560.0,1000,2560,0.1
2010/03/19,2640.0,2640.0,2640.0,2640.0,1000,2640,0.1
2010/03/23,2560.0,2650.0,2560.0,2650.0,3000,2650,0.1
2010/03/24,2600.0,2690.0,2600.0,2690.0,2000,2690,0.1
2010/03/26,2690.0,2690.0,2610.0,2610.0,4000,2610,0.1
2010/03/29,2610.0,2610.0,2610.0,2610.0,3000,2610,0.1
2010/03/31,2550.0,2550.0,2550.0,2550.0,1000,2550,0.1
2010/04/01,2550.0,2600.0,2550.0,2600.0,3000,2600,0.1
2010/04/14,2550.0,2600.0,2550.0,2600.0,11000,2600,0.1
2010/04/16,2590.0,2590.0,2590.0,2590.0,1000,2590,0.1
2010/04/21,2700.0,2700.0,2700.0,2700.0,1000,2700,0.1
2010/04/22,2620.0,2740.0,2620.0,2740.0,6000,2740,0.1
2010/04/23,2650.0,2650.0,2650.0,2650.0,5000,2650,0.1
2010/04/26,2650.0,2650.0,2600.0,2600.0,4000,2600,0.1
2010/04/27,2660.0,2660.0,2660.0,2660.0,2000,2660,0.1
2010/04/28,2610.0,2610.0,2460.0,2550.0,12000,2550,0.1
2010/04/30,2550.0,2560.0,2550.0,2560.0,2000,2560,0.1
2010/05/11,2540.0,2540.0,2540.0,2540.0,1000,2540,0.1
2010/05/12,2560.0,2560.0,2550.0,2550.0,2000,2550,0.1
2010/05/13,2610.0,2610.0,2610.0,2610.0,1000,2610,0.1
2010/05/14,2670.0,2670.0,2670.0,2670.0,1000,2670,0.1
2010/05/20,2600.0,2600.0,2600.0,2600.0,1000,2600,0.1
2010/05/21,2600.0,2600.0,2600.0,2600.0,1000,2600,0.1
2010/05/25,2600.0,2600.0,2600.0,2600.0,4000,2600,0.1
2010/05/27,2600.0,2600.0,2550.0,2550.0,3000,2550,0.1
2010/05/31,2500.0,2500.0,2500.0,2500.0,1000,2500,0.1
2010/06/02,2460.0,2460.0,2460.0,2460.0,3000,2460,0.1
2010/06/04,2450.0,2450.0,2450.0,2450.0,1000,2450,0.1
2010/06/09,2380.0,2380.0,2380.0,2380.0,2000,2380,0.1
2010/06/11,2350.0,2350.0,2300.0,2300.0,3000,2300,0.1
2010/06/14,2300.0,2300.0,2300.0,2300.0,2000,2300,0.1
2010/06/15,2300.0,2300.0,2250.0,2250.0,16000,2250,0.1
2010/06/17,2250.0,2250.0,2250.0,2250.0,5000,2250,0.1
2010/06/18,2250.0,2250.0,2250.0,2250.0,2000,2250,0.1
2010/06/21,2200.0,2250.0,2200.0,2250.0,6000,2250,0.1
2010/06/22,2200.0,2200.0,2200.0,2200.0,7000,2200,0.1
2010/06/23,2280.0,2280.0,2170.0,2170.0,10000,2170,0.1
2010/06/24,2150.0,2170.0,2140.0,2170.0,5000,2170,0.1
2010/06/25,2170.0,2170.0,2170.0,2170.0,5000,2170,0.1
2010/06/28,2170.0,2170.0,2150.0,2150.0,10000,2150,0.1
2010/06/29,2200.0,2200.0,2200.0,2200.0,10000,2200,0.1
2010/07/01,2300.0,2300.0,2300.0,2300.0,1000,2300,0.1
2010/07/05,2300.0,2300.0,2140.0,2140.0,11000,2140,0.1
2010/07/06,2100.0,2100.0,2080.0,2080.0,3000,2080,0.1
2010/07/07,2100.0,2100.0,2080.0,2080.0,5000,2080,0.1
2010/07/08,2070.0,2070.0,2050.0,2050.0,2000,2050,0.1
2010/07/09,2060.0,2060.0,2050.0,2050.0,4000,2050,0.1
2010/07/12,2050.0,2120.0,2050.0,2120.0,6000,2120,0.1
2010/07/13,2040.0,2040.0,2030.0,2030.0,7000,2030,0.1
2010/07/20,2030.0,2030.0,2020.0,2030.0,17000,2030,0.1
2010/07/21,2020.0,2020.0,2010.0,2010.0,9000,2010,0.1
2010/07/22,2020.0,2110.0,2010.0,2110.0,7000,2110,0.1
2010/07/23,2030.0,2140.0,2020.0,2140.0,5000,2140,0.1
2010/07/26,2140.0,2140.0,2000.0,2000.0,16000,2000,0.1
2010/07/27,2010.0,2070.0,2010.0,2070.0,13000,2070,0.1
2010/07/28,2010.0,2010.0,2010.0,2010.0,5000,2010,0.1
2010/07/29,2010.0,2010.0,2010.0,2010.0,4000,2010,0.1
2010/07/30,2090.0,2120.0,2090.0,2120.0,3000,2120,0.1
2010/08/06,2040.0,2040.0,2040.0,2040.0,1000,2040,0.1
2010/08/11,2030.0,2030.0,2030.0,2030.0,1000,2030,0.1
2010/08/23,2030.0,2090.0,2030.0,2090.0,3000,2090,0.1
2010/08/24,2200.0,2200.0,2200.0,2200.0,1000,2200,0.1
2010/08/26,2200.0,2200.0,2200.0,2200.0,3000,2200,0.1
2010/08/27,2200.0,2200.0,2200.0,2200.0,4000,2200,0.1
2010/09/01,2040.0,2040.0,2040.0,2040.0,9000,2040,0.1
2010/09/07,2040.0,2040.0,2000.0,2000.0,9000,2000,0.1
2010/09/08,2010.0,2010.0,2010.0,2010.0,2000,2010,0.1
2010/09/09,2020.0,2020.0,2020.0,2020.0,1000,2020,0.1
2010/09/10,2020.0,2020.0,2020.0,2020.0,1000,2020,0.1
2010/09/13,2070.0,2160.0,2070.0,2160.0,3000,2160,0.1
2010/09/21,2080.0,2130.0,2050.0,2130.0,8000,2130,0.1
2010/09/24,2130.0,2130.0,2130.0,2130.0,4000,2130,0.1
2010/09/27,2130.0,2130.0,2130.0,2130.0,5000,2130,0.1
2010/09/28,2070.0,2070.0,2070.0,2070.0,3000,2070,0.1
2010/10/14,2150.0,2150.0,2150.0,2150.0,3000,2150,0.1
2010/10/15,2110.0,2110.0,2110.0,2110.0,2000,2110,0.1
2010/10/18,2100.0,2100.0,2100.0,2100.0,2000,2100,0.1
2010/10/20,2130.0,2200.0,2130.0,2200.0,2000,2200,0.1
2010/10/22,2280.0,2280.0,2280.0,2280.0,1000,2280,0.1
2010/10/26,2280.0,2280.0,2280.0,2280.0,3000,2280,0.1
2010/10/27,2270.0,2270.0,2270.0,2270.0,4000,2270,0.1
2010/10/28,2150.0,2150.0,2150.0,2150.0,4000,2150,0.1
2010/11/02,2150.0,2150.0,2150.0,2150.0,7000,2150,0.1
2010/11/04,2230.0,2230.0,2230.0,2230.0,45000,2230,0.1
2010/11/09,2150.0,2150.0,2150.0,2150.0,2000,2150,0.1
2010/11/12,2150.0,2150.0,2150.0,2150.0,5000,2150,0.1
2010/11/18,2160.0,2160.0,2150.0,2150.0,5000,2150,0.1
2010/11/22,2100.0,2100.0,2100.0,2100.0,1000,2100,0.1
2010/11/26,2250.0,2250.0,2250.0,2250.0,3000,2250,0.1
2010/11/29,2250.0,2250.0,2250.0,2250.0,4000,2250,0.1
2010/12/03,2250.0,2400.0,2250.0,2400.0,4000,2400,0.1
2010/12/07,2260.0,2400.0,2260.0,2400.0,6000,2400,0.1
2010/12/10,2400.0,2400.0,2250.0,2250.0,12000,2250,0.1
2010/12/13,2200.0,2200.0,2200.0,2200.0,1000,2200,0.1
2010/12/14,2190.0,2190.0,2110.0,2190.0,26000,2190,0.1
2010/12/15,2130.0,2180.0,2130.0,2180.0,9000,2180,0.1
2010/12/16,2200.0,2200.0,2200.0,2200.0,7000,2200,0.1
2010/12/17,2160.0,2160.0,2100.0,2100.0,10000,2100,0.1
2010/12/20,2100.0,2100.0,2100.0,2100.0,1000,2100,0.1
2010/12/21,2100.0,2100.0,2080.0,2080.0,2000,2080,0.1
2010/12/22,2130.0,2130.0,2130.0,2130.0,1000,2130,0.1
2010/12/24,2120.0,2140.0,2080.0,2140.0,12000,2140,0.1
2010/12/27,2140.0,2140.0,2090.0,2090.0,9000,2090,0.1
2010/12/28,2090.0,2090.0,2050.0,2050.0,12000,2050,0.1
2010/12/29,2060.0,2060.0,2060.0,2060.0,15000,2060,0.1
2011/01/04,2080.0,2080.0,2080.0,2080.0,1000,2080,0.1
2011/01/05,2090.0,2110.0,2090.0,2110.0,2000,2110,0.1
2011/01/06,2120.0,2130.0,2120.0,2130.0,2000,2130,0.1
2011/01/07,2180.0,2180.0,2180.0,2180.0,1000,2180,0.1
2011/01/12,2230.0,2230.0,2230.0,2230.0,1000,2230,0.1
2011/01/13,2230.0,2230.0,2230.0,2230.0,2000,2230,0.1
2011/01/20,2190.0,2190.0,2190.0,2190.0,1000,2190,0.1
2011/01/24,2300.0,2300.0,2300.0,2300.0,1000,2300,0.1
2011/01/25,2300.0,2300.0,2300.0,2300.0,3000,2300,0.1
2011/01/26,2220.0,2290.0,2220.0,2290.0,2000,2290,0.1
2011/01/27,2290.0,2290.0,2290.0,2290.0,4000,2290,0.1
2011/02/03,2250.0,2250.0,2250.0,2250.0,1000,2250,0.1
2011/02/10,2120.0,2190.0,2120.0,2190.0,16000,2190,0.1
2011/02/16,2200.0,2200.0,2200.0,2200.0,10000,2200,0.1
2011/02/17,2230.0,2230.0,2230.0,2230.0,1000,2230,0.1
2011/02/21,2200.0,2250.0,2200.0,2250.0,4000,2250,0.1
2011/02/23,2190.0,2240.0,2180.0,2240.0,3000,2240,0.1
2011/02/24,2180.0,2230.0,2180.0,2230.0,6000,2230,0.1
2011/02/25,2230.0,2230.0,2230.0,2230.0,3000,2230,0.1
2011/02/28,2230.0,2230.0,2170.0,2220.0,13000,2220,0.1
2011/03/01,2220.0,2220.0,2220.0,2220.0,3000,2220,0.1
2011/03/02,2180.0,2180.0,2180.0,2180.0,1000,2180,0.1
2011/03/03,2170.0,2170.0,2160.0,2160.0,5000,2160,0.1
2011/03/04,2180.0,2180.0,2180.0,2180.0,1000,2180,0.1
2011/03/08,2160.0,2160.0,2130.0,2130.0,7000,2130,0.1
2011/03/09,2130.0,2130.0,2130.0,2130.0,1000,2130,0.1
2011/03/10,2150.0,2150.0,2150.0,2150.0,2000,2150,0.1
2011/03/14,2070.0,2070.0,2010.0,2020.0,4000,2020,0.1
2011/03/15,2030.0,2030.0,1820.0,1830.0,14000,1830,0.1
2011/03/16,1740.0,1980.0,1740.0,1950.0,4000,1950,0.1
2011/03/17,1990.0,1990.0,1990.0,1990.0,1000,1990,0.1
2011/03/18,2050.0,2050.0,2050.0,2050.0,1000,2050,0.1
2011/03/22,2090.0,2090.0,2090.0,2090.0,1000,2090,0.1
2011/03/23,2090.0,2090.0,2090.0,2090.0,1000,2090,0.1
2011/03/24,2050.0,2130.0,2050.0,2130.0,2000,2130,0.1
2011/03/25,2120.0,2120.0,2100.0,2100.0,6000,2100,0.1
2011/03/28,2100.0,2100.0,2100.0,2100.0,6000,2100,0.1
2011/03/29,2100.0,2100.0,2100.0,2100.0,1000,2100,0.1
2011/03/30,2100.0,2100.0,2100.0,2100.0,5000,2100,0.1
2011/04/01,2150.0,2190.0,2150.0,2190.0,5000,2190,0.1
2011/04/04,2200.0,2200.0,2200.0,2200.0,1000,2200,0.1
2011/04/05,2140.0,2140.0,2140.0,2140.0,2000,2140,0.1
2011/04/06,2120.0,2170.0,2120.0,2170.0,6000,2170,0.1
2011/04/07,2130.0,2130.0,2130.0,2130.0,3000,2130,0.1
2011/04/08,2170.0,2170.0,2170.0,2170.0,1000,2170,0.1
2011/04/18,2140.0,2140.0,2140.0,2140.0,2000,2140,0.1
2011/04/19,2110.0,2130.0,2110.0,2130.0,2000,2130,0.1
2011/04/21,2130.0,2200.0,2130.0,2200.0,5000,2200,0.1
2011/04/22,2130.0,2180.0,2130.0,2180.0,2000,2180,0.1
2011/04/25,2140.0,2140.0,2120.0,2120.0,3000,2120,0.1
2011/04/26,2180.0,2180.0,2100.0,2100.0,8000,2100,0.1
2011/04/27,2110.0,2150.0,2110.0,2150.0,5000,2150,0.1
2011/04/28,2170.0,2170.0,2170.0,2170.0,2000,2170,0.1
2011/05/02,2170.0,2170.0,2170.0,2170.0,1000,2170,0.1
2011/05/09,2160.0,2160.0,2160.0,2160.0,1000,2160,0.1
2011/05/10,2150.0,2150.0,2150.0,2150.0,1000,2150,0.1
2011/05/16,2150.0,2150.0,2150.0,2150.0,1000,2150,0.1
2011/05/23,2130.0,2200.0,2130.0,2200.0,2000,2200,0.1
2011/05/24,2140.0,2200.0,2140.0,2200.0,2000,2200,0.1
2011/05/26,2190.0,2190.0,2190.0,2190.0,3000,2190,0.1
2011/05/27,2180.0,2180.0,2180.0,2180.0,4000,2180,0.1
2011/06/13,2250.0,2250.0,2250.0,2250.0,1000,2250,0.1
2011/06/14,2170.0,2200.0,2160.0,2200.0,7000,2200,0.1
2011/06/17,2160.0,2160.0,2160.0,2160.0,2000,2160,0.1
2011/06/20,2160.0,2160.0,2160.0,2160.0,2000,2160,0.1
2011/06/21,2160.0,2180.0,2160.0,2180.0,2000,2180,0.1
2011/06/22,2180.0,2180.0,2180.0,2180.0,1000,2180,0.1
2011/06/24,2180.0,2180.0,2170.0,2170.0,3000,2170,0.1
2011/06/27,2170.0,2170.0,2170.0,2170.0,6000,2170,0.1
2011/06/29,2170.0,2300.0,2170.0,2300.0,6000,2300,0.1
2011/07/04,2290.0,2290.0,2290.0,2290.0,6000,2290,0.1
2011/07/06,2150.0,2160.0,2150.0,2160.0,2000,2160,0.1
2011/07/08,2160.0,2160.0,2160.0,2160.0,9000,2160,0.1
2011/07/14,2150.0,2150.0,2150.0,2150.0,1000,2150,0.1
2011/07/15,2120.0,2120.0,2120.0,2120.0,4000,2120,0.1
2011/07/20,2140.0,2190.0,2120.0,2190.0,8000,2190,0.1
2011/07/25,2160.0,2160.0,2160.0,2160.0,2000,2160,0.1
2011/07/26,2160.0,2160.0,2160.0,2160.0,4000,2160,0.1
2011/07/27,2150.0,2150.0,2120.0,2120.0,8000,2120,0.1
2011/08/05,2070.0,2070.0,2070.0,2070.0,2000,2070,0.1
2011/08/08,2100.0,2140.0,2100.0,2140.0,3000,2140,0.1
2011/08/09,2100.0,2110.0,2100.0,2110.0,2000,2110,0.1
2011/08/22,2110.0,2150.0,2110.0,2150.0,2000,2150,0.1
2011/08/23,2200.0,2200.0,2200.0,2200.0,2000,2200,0.1
2011/08/26,2180.0,2180.0,2180.0,2180.0,3000,2180,0.1
2011/08/29,2180.0,2180.0,2110.0,2110.0,7000,2110,0.1
2011/09/01,2130.0,2140.0,2130.0,2140.0,2000,2140,0.1
2011/09/14,2140.0,2140.0,2100.0,2100.0,4000,2100,0.1
2011/09/20,2160.0,2160.0,2160.0,2160.0,1000,2160,0.1
2011/09/22,2120.0,2120.0,2120.0,2120.0,3000,2120,0.1
2011/09/26,2120.0,2170.0,2120.0,2170.0,3000,2170,0.1
2011/09/27,2170.0,2170.0,2150.0,2150.0,10000,2150,0.1
2011/09/30,2100.0,2100.0,2100.0,2100.0,3000,2100,0.1
2011/10/07,2050.0,2050.0,2050.0,2050.0,1000,2050,0.1
2011/10/17,2050.0,2050.0,2050.0,2050.0,1000,2050,0.1
2011/10/24,2100.0,2110.0,2100.0,2110.0,7000,2110,0.1
2011/10/25,2110.0,2110.0,2090.0,2090.0,5000,2090,0.1
2011/10/27,2090.0,2140.0,2090.0,2140.0,5000,2140,0.1
2011/11/07,2120.0,2120.0,2120.0,2120.0,1000,2120,0.1
2011/11/09,2060.0,2060.0,2060.0,2060.0,6000,2060,0.1
2011/11/11,2050.0,2050.0,2050.0,2050.0,2000,2050,0.1
2011/11/21,2070.0,2150.0,2070.0,2150.0,2000,2150,0.1
2011/11/22,2100.0,2100.0,2100.0,2100.0,3000,2100,0.1
2011/11/25,2100.0,2100.0,2100.0,2100.0,2000,2100,0.1
2011/11/28,2100.0,2150.0,2100.0,2150.0,4000,2150,0.1
2011/12/02,2100.0,2190.0,2100.0,2190.0,3000,2190,0.1
2011/12/09,2190.0,2190.0,2190.0,2190.0,9000,2190,0.1
2011/12/15,2190.0,2190.0,2190.0,2190.0,7000,2190,0.1
2011/12/20,2200.0,2290.0,2200.0,2290.0,2000,2290,0.1
2011/12/26,2290.0,2380.0,2290.0,2380.0,3000,2380,0.1
2011/12/27,2380.0,2380.0,2380.0,2380.0,4000,2380,0.1
2011/12/29,2380.0,2380.0,2380.0,2380.0,1000,2380,0.1
2012/01/11,2220.0,2220.0,2220.0,2220.0,4000,2220,0.1
2012/01/17,2220.0,2220.0,2220.0,2220.0,3000,2220,0.1
2012/01/19,2220.0,2220.0,2220.0,2220.0,1000,2220,0.1
2012/01/24,2200.0,2200.0,2200.0,2200.0,1000,2200,0.1
2012/01/26,2200.0,2200.0,2200.0,2200.0,3000,2200,0.1
2012/01/27,2200.0,2200.0,2200.0,2200.0,4000,2200,0.1
2012/01/30,2200.0,2200.0,2200.0,2200.0,1000,2200,0.1
2012/01/31,2220.0,2220.0,2220.0,2220.0,1000,2220,0.1
2012/02/03,2170.0,2170.0,2170.0,2170.0,2000,2170,0.1
2012/02/07,2200.0,2200.0,2200.0,2200.0,1000,2200,0.1
2012/02/08,2200.0,2200.0,2200.0,2200.0,2000,2200,0.1
2012/02/09,2180.0,2180.0,2180.0,2180.0,3000,2180,0.1
2012/02/10,2180.0,2180.0,2180.0,2180.0,1000,2180,0.1
2012/02/15,2220.0,2220.0,2220.0,2220.0,1000,2220,0.1
2012/02/20,2220.0,2220.0,2220.0,2220.0,2000,2220,0.1
2012/02/22,2320.0,2320.0,2240.0,2240.0,3000,2240,0.1
2012/02/23,2230.0,2230.0,2230.0,2230.0,1000,2230,0.1
2012/02/24,2230.0,2270.0,2220.0,2270.0,16000,2270,0.1
2012/02/27,2270.0,2270.0,2270.0,2270.0,4000,2270,0.1
2012/02/28,2270.0,2270.0,2270.0,2270.0,1000,2270,0.1
2012/03/01,2210.0,2210.0,2210.0,2210.0,1000,2210,0.1
2012/03/05,2270.0,2270.0,2270.0,2270.0,1000,2270,0.1
2012/03/12,2330.0,2330.0,2330.0,2330.0,1000,2330,0.1
2012/03/14,2250.0,2250.0,2250.0,2250.0,1000,2250,0.1
2012/03/21,2270.0,2270.0,2270.0,2270.0,1000,2270,0.1
2012/03/26,2270.0,2270.0,2270.0,2270.0,2000,2270,0.1
2012/03/27,2270.0,2270.0,2230.0,2230.0,15000,2230,0.1
2012/03/28,2230.0,2230.0,2230.0,2230.0,1000,2230,0.1
2012/04/16,2170.0,2170.0,2170.0,2170.0,2000,2170,0.1
2012/04/18,2120.0,2120.0,2120.0,2120.0,4000,2120,0.1
2012/04/23,2170.0,2170.0,2130.0,2130.0,7000,2130,0.1
2012/04/26,2180.0,2180.0,2180.0,2180.0,3000,2180,0.1
2012/04/27,2180.0,2180.0,2140.0,2140.0,8000,2140,0.1
2012/05/01,2120.0,2120.0,2120.0,2120.0,9000,2120,0.1
2012/05/14,2110.0,2110.0,2110.0,2110.0,1000,2110,0.1
2012/05/18,2030.0,2030.0,2030.0,2030.0,3000,2030,0.1
2012/05/22,2130.0,2130.0,2130.0,2130.0,1000,2130,0.1
2012/05/23,2100.0,2100.0,2100.0,2100.0,7000,2100,0.1
2012/05/25,2160.0,2180.0,2160.0,2180.0,8000,2180,0.1
2012/05/28,2160.0,2160.0,2160.0,2160.0,4000,2160,0.1
2012/05/31,2100.0,2100.0,2100.0,2100.0,2000,2100,0.1
2012/06/19,2100.0,2180.0,2100.0,2180.0,6000,2180,0.1
2012/06/26,2180.0,2200.0,2180.0,2200.0,7000,2200,0.1
2012/06/27,2200.0,2200.0,2200.0,2200.0,5000,2200,0.1
2012/06/28,2180.0,2180.0,2100.0,2100.0,3000,2100,0.1
2012/06/29,2170.0,2170.0,2170.0,2170.0,2000,2170,0.1
2012/07/02,2240.0,2240.0,2240.0,2240.0,2000,2240,0.1
2012/07/03,2310.0,2360.0,2310.0,2360.0,8000,2360,0.1
2012/07/04,2330.0,2330.0,2330.0,2330.0,2000,2330,0.1
2012/07/05,2320.0,2320.0,2320.0,2320.0,2000,2320,0.1
2012/07/06,2310.0,2310.0,2310.0,2310.0,2000,2310,0.1
2012/07/09,2300.0,2300.0,2300.0,2300.0,2000,2300,0.1
2012/07/10,2290.0,2290.0,2290.0,2290.0,7000,2290,0.1
2012/07/11,2210.0,2270.0,2210.0,2270.0,2000,2270,0.1
2012/07/24,2270.0,2270.0,2270.0,2270.0,1000,2270,0.1
2012/07/26,2270.0,2270.0,2270.0,2270.0,3000,2270,0.1
2012/07/27,2270.0,2270.0,2270.0,2270.0,4000,2270,0.1
2012/08/02,2040.0,2120.0,2040.0,2070.0,4000,2070,0.1
2012/08/10,2120.0,2130.0,2120.0,2130.0,9000,2130,0.1
2012/08/13,2130.0,2130.0,2130.0,2130.0,1000,2130,0.1
2012/08/17,2200.0,2200.0,2200.0,2200.0,2000,2200,0.1
2012/08/20,2240.0,2240.0,2210.0,2210.0,3000,2210,0.1
2012/08/21,2270.0,2270.0,2270.0,2270.0,4000,2270,0.1
2012/08/22,2330.0,2330.0,2330.0,2330.0,2000,2330,0.1
2012/08/23,2330.0,2330.0,2330.0,2330.0,2000,2330,0.1
2012/08/24,2330.0,2330.0,2330.0,2330.0,5000,2330,0.1
2012/08/27,2290.0,2290.0,2290.0,2290.0,3000,2290,0.1
2012/08/28,2200.0,2200.0,2200.0,2200.0,4000,2200,0.1
2012/09/05,2200.0,2200.0,2200.0,2200.0,1000,2200,0.1
2012/09/12,2120.0,2120.0,2120.0,2120.0,3000,2120,0.1
2012/09/19,2180.0,2180.0,2180.0,2180.0,1000,2180,0.1
2012/09/25,2190.0,2230.0,2190.0,2230.0,3000,2230,0.1
2012/09/27,2190.0,2240.0,2190.0,2240.0,6000,2240,0.1
2012/10/18,2160.0,2160.0,2160.0,2160.0,1000,2160,0.1
2012/10/19,2100.0,2170.0,2100.0,2170.0,2000,2170,0.1
2012/10/23,2220.0,2220.0,2200.0,2200.0,3000,2200,0.1
2012/10/26,2200.0,2200.0,2200.0,2200.0,3000,2200,0.1
2012/10/29,2200.0,2200.0,2200.0,2200.0,3000,2200,0.1
2012/11/20,2200.0,2200.0,2200.0,2200.0,1000,2200,0.1
2012/11/21,2250.0,2250.0,2250.0,2250.0,1000,2250,0.1
2012/11/26,2250.0,2250.0,2220.0,2220.0,4000,2220,0.1
2012/11/27,2220.0,2220.0,2200.0,2200.0,5000,2200,0.1
2012/12/03,2130.0,2130.0,2130.0,2130.0,3000,2130,0.1
2012/12/05,2150.0,2150.0,2150.0,2150.0,5000,2150,0.1
2012/12/06,2220.0,2220.0,2220.0,2220.0,1000,2220,0.1
2012/12/07,2200.0,2200.0,2200.0,2200.0,1000,2200,0.1
2012/12/10,2220.0,2270.0,2200.0,2200.0,9000,2200,0.1
2012/12/14,2200.0,2200.0,2200.0,2200.0,7000,2200,0.1
2012/12/18,2190.0,2190.0,2190.0,2190.0,1000,2190,0.1
2012/12/20,2180.0,2180.0,2180.0,2180.0,1000,2180,0.1
2012/12/21,2150.0,2160.0,2150.0,2150.0,12000,2150,0.1
2012/12/25,2150.0,2150.0,2150.0,2150.0,20000,2150,0.1
2012/12/26,2200.0,2200.0,2200.0,2200.0,3000,2200,0.1
2012/12/27,2200.0,2200.0,2200.0,2200.0,5000,2200,0.1
2013/01/11,2200.0,2200.0,2200.0,2200.0,4000,2200,0.1
2013/01/17,2200.0,2200.0,2200.0,2200.0,2000,2200,0.1
2013/01/21,2250.0,2250.0,2250.0,2250.0,1000,2250,0.1
2013/01/25,2250.0,2250.0,2250.0,2250.0,3000,2250,0.1
2013/01/28,2250.0,2320.0,2250.0,2320.0,4000,2320,0.1
2013/01/29,2210.0,3050.0,2210.0,3050.0,59000,3050,0.1
2013/01/30,3050.0,3290.0,2660.0,3200.0,21000,3200,0.1
2013/01/31,3200.0,3200.0,3180.0,3180.0,3000,3180,0.1
2013/02/04,3180.0,3500.0,3180.0,3500.0,16000,3500,0.1
2013/02/08,3020.0,3500.0,3020.0,3500.0,23000,3500,0.1
2013/02/14,3180.0,3500.0,3180.0,3500.0,3000,3500,0.1
2013/02/19,3000.0,3500.0,3000.0,3500.0,36000,3500,0.1
2013/02/21,3490.0,3490.0,3490.0,3490.0,1000,3490,0.1
2013/02/22,3290.0,3490.0,3220.0,3490.0,18000,3490,0.1
2013/02/26,3450.0,3450.0,3400.0,3450.0,3000,3450,0.1
2013/02/27,3450.0,3450.0,3300.0,3450.0,5000,3450,0.1
2013/03/04,3290.0,3290.0,3290.0,3290.0,2000,3290,0.1
2013/03/05,3370.0,3420.0,3370.0,3420.0,2000,3420,0.1
2013/03/08,3400.0,3400.0,3400.0,3400.0,1000,3400,0.1
2013/03/11,3200.0,3200.0,3200.0,3200.0,4000,3200,0.1
2013/03/18,3250.0,3250.0,3250.0,3250.0,1000,3250,0.1
2013/03/21,3000.0,3000.0,3000.0,3000.0,1000,3000,0.1
2013/03/22,3000.0,3250.0,3000.0,3180.0,12000,3180,0.1
2013/03/26,3180.0,3250.0,3180.0,3250.0,2000,3250,0.1
2013/03/27,3250.0,3350.0,3250.0,3350.0,5000,3350,0.1
2013/04/01,3200.0,3290.0,3200.0,3290.0,4000,3290,0.1
2013/04/16,3140.0,3250.0,3140.0,3250.0,5000,3250,0.1
2013/04/17,2990.0,3140.0,2990.0,3140.0,12000,3140,0.1
2013/04/18,3060.0,3140.0,3060.0,3140.0,3000,3140,0.1
2013/04/22,3140.0,3140.0,3140.0,3140.0,1000,3140,0.1
2013/04/24,3060.0,3130.0,3060.0,3130.0,3000,3130,0.1
2013/04/25,3060.0,3120.0,3060.0,3120.0,3000,3120,0.1
2013/04/26,3120.0,3120.0,3120.0,3120.0,2000,3120,0.1
2013/04/30,3120.0,3120.0,3120.0,3120.0,2000,3120,0.1
2013/05/02,3060.0,3100.0,3060.0,3100.0,2000,3100,0.1
2013/05/07,3100.0,3100.0,3100.0,3100.0,1000,3100,0.1
2013/05/16,3030.0,3100.0,3030.0,3100.0,2000,3100,0.1
2013/05/20,3180.0,3180.0,3180.0,3180.0,1000,3180,0.1
2013/05/22,3140.0,3140.0,3000.0,3000.0,4000,3000,0.1
2013/05/23,2990.0,3070.0,2990.0,3070.0,2000,3070,0.1
2013/05/24,3070.0,3070.0,3070.0,3070.0,1000,3070,0.1
2013/05/27,3070.0,3100.0,3070.0,3100.0,2000,3100,0.1
2013/06/03,3000.0,3000.0,3000.0,3000.0,1000,3000,0.1
2013/06/04,2990.0,3080.0,2990.0,3080.0,7000,3080,0.1
2013/06/05,3000.0,3100.0,3000.0,3100.0,11000,3100,0.1
2013/06/06,2940.0,2940.0,2300.0,2300.0,10000,2300,0.1
2013/06/07,2940.0,3080.0,2940.0,3050.0,7000,3050,0.1
2013/06/10,2970.0,3040.0,2970.0,3040.0,2000,3040,0.1
2013/06/13,2990.0,2990.0,2990.0,2990.0,1000,2990,0.1
2013/06/21,2830.0,2830.0,2830.0,2830.0,1000,2830,0.1
2013/06/25,2900.0,2900.0,2900.0,2900.0,3000,2900,0.1
2013/06/27,2900.0,2900.0,2900.0,2900.0,3000,2900,0.1
2013/07/01,2800.0,2800.0,2800.0,2800.0,3000,2800,0.1
2013/07/02,2880.0,2880.0,2880.0,2880.0,4000,2880,0.1
2013/07/09,2960.0,2960.0,2960.0,2960.0,1000,2960,0.1
2013/07/10,2960.0,3000.0,2960.0,3000.0,4000,3000,0.1
2013/07/23,2900.0,2900.0,2900.0,2900.0,2000,2900,0.1
2013/07/26,2970.0,2970.0,2970.0,2970.0,2000,2970,0.1
2013/07/29,3000.0,3000.0,3000.0,3000.0,1000,3000,0.1
2013/08/05,2700.0,2710.0,2700.0,2710.0,2000,2710,0.1
2013/08/08,2750.0,2750.0,2750.0,2750.0,1000,2750,0.1
2013/08/12,2750.0,2750.0,2750.0,2750.0,2000,2750,0.1
2013/08/15,2700.0,2700.0,2700.0,2700.0,4000,2700,0.1
2013/08/16,2620.0,2620.0,2620.0,2620.0,1000,2620,0.1
2013/08/19,2620.0,2650.0,2620.0,2650.0,2000,2650,0.1
2013/08/21,2660.0,2660.0,2660.0,2660.0,2000,2660,0.1
2013/08/23,2660.0,2700.0,2660.0,2700.0,3000,2700,0.1
2013/08/26,2770.0,2770.0,2770.0,2770.0,2000,2770,0.1
2013/08/27,2760.0,2760.0,2760.0,2760.0,3000,2760,0.1
2013/08/30,2600.0,2600.0,2600.0,2600.0,5000,2600,0.1
2013/09/05,2660.0,2660.0,2660.0,2660.0,1000,2660,0.1
2013/09/10,2690.0,2690.0,2690.0,2690.0,1000,2690,0.1
2013/09/12,2720.0,2720.0,2720.0,2720.0,1000,2720,0.1
2013/09/17,2720.0,2720.0,2710.0,2710.0,2000,2710,0.1
2013/09/20,2660.0,2660.0,2630.0,2640.0,5000,2640,0.1
2013/09/24,2580.0,2640.0,2580.0,2640.0,4000,2640,0.1
2013/09/26,2670.0,2670.0,2670.0,2670.0,2000,2670,0.1
2013/09/27,2670.0,2670.0,2670.0,2670.0,2000,2670,0.1
2013/10/03,2670.0,2670.0,2670.0,2670.0,1000,2670,0.1
2013/10/22,2770.0,2770.0,2770.0,2770.0,1000,2770,0.1
2013/10/25,2770.0,2770.0,2770.0,2770.0,3000,2770,0.1
2013/10/28,2770.0,2770.0,2770.0,2770.0,3000,2770,0.1
2013/10/29,2690.0,2690.0,2690.0,2690.0,1000,2690,0.1
2013/10/31,2670.0,2670.0,2670.0,2670.0,2000,2670,0.1
2013/11/07,2700.0,2700.0,2700.0,2700.0,1000,2700,0.1
2013/11/11,2660.0,2690.0,2610.0,2610.0,12000,2610,0.1
2013/11/12,2690.0,2700.0,2690.0,2700.0,8000,2700,0.1
2013/11/13,2650.0,2650.0,2650.0,2650.0,1000,2650,0.1
2013/11/21,2700.0,2700.0,2700.0,2700.0,1000,2700,0.1
2013/11/25,2630.0,2660.0,2630.0,2660.0,2000,2660,0.1
2013/11/26,2700.0,2760.0,2700.0,2760.0,9000,2760,0.1
2013/11/27,2760.0,2760.0,2760.0,2760.0,3000,2760,0.1
2013/12/02,2730.0,2730.0,2730.0,2730.0,1000,2730,0.1
2013/12/09,2650.0,2650.0,2650.0,2650.0,11000,2650,0.1
2013/12/10,2650.0,2720.0,2650.0,2650.0,16000,2650,0.1
2013/12/11,2690.0,2690.0,2690.0,2690.0,1000,2690,0.1
2013/12/16,2690.0,2690.0,2690.0,2690.0,4000,2690,0.1
2013/12/18,2650.0,2650.0,2650.0,2650.0,4000,2650,0.1
2013/12/19,2630.0,2630.0,2550.0,2600.0,7000,2600,0.1
2013/12/24,2600.0,2600.0,2600.0,2600.0,1000,2600,0.1
2013/12/25,2760.0,2760.0,2610.0,2650.0,4000,2650,0.1
2013/12/26,2710.0,2710.0,2710.0,2710.0,2000,2710,0.1
2013/12/27,2690.0,2690.0,2680.0,2680.0,31000,2680,0.1
2014/01/06,2680.0,2680.0,2680.0,2680.0,10000,2680,0.1
2014/01/09,2630.0,2630.0,2630.0,2630.0,2000,2630,0.1
2014/01/14,2700.0,2700.0,2700.0,2700.0,1000,2700,0.1
2014/01/22,2670.0,2670.0,2670.0,2670.0,1000,2670,0.1
2014/01/23,2700.0,2700.0,2700.0,2700.0,2000,2700,0.1
2014/01/24,2760.0,2760.0,2760.0,2760.0,2000,2760,0.1
2014/01/27,2740.0,2740.0,2700.0,2700.0,3000,2700,0.1
2014/01/29,2700.0,2700.0,2700.0,2700.0,2000,2700,0.1
2014/02/03,2660.0,2660.0,2660.0,2660.0,1000,2660,0.1
2014/02/18,2660.0,2660.0,2660.0,2660.0,1000,2660,0.1
2014/02/19,2660.0,2660.0,2660.0,2660.0,1000,2660,0.1
2014/02/21,2580.0,2580.0,2350.0,2480.0,32000,2480,0.1
2014/02/24,2520.0,2520.0,2520.0,2520.0,2000,2520,0.1
2014/02/25,2590.0,2590.0,2590.0,2590.0,2000,2590,0.1
2014/02/27,2590.0,2590.0,2560.0,2560.0,4000,2560,0.1
2014/03/03,2560.0,2560.0,2560.0,2560.0,1000,2560,0.1
2014/03/04,2500.0,2500.0,2500.0,2500.0,9000,2500,0.1
2014/03/05,2510.0,2590.0,2510.0,2590.0,2000,2590,0.1
2014/03/10,2550.0,2550.0,2500.0,2500.0,11000,2500,0.1
2014/03/13,2510.0,2510.0,2510.0,2510.0,1000,2510,0.1
2014/03/19,2500.0,2500.0,2500.0,2500.0,2000,2500,0.1
2014/03/24,2550.0,2550.0,2550.0,2550.0,1000,2550,0.1
2014/03/25,2550.0,2610.0,2550.0,2610.0,3000,2610,0.1
2014/03/27,2630.0,2630.0,2630.0,2630.0,3000,2630,0.1
2014/04/02,2550.0,2550.0,2550.0,2550.0,3000,2550,0.1
2014/04/10,2480.0,2480.0,2480.0,2480.0,5000,2480,0.1
2014/04/11,2480.0,2480.0,2480.0,2480.0,2000,2480,0.1
2014/04/15,2480.0,2480.0,2480.0,2480.0,1000,2480,0.1
2014/04/16,2510.0,2590.0,2510.0,2590.0,2000,2590,0.1
2014/04/23,2590.0,2590.0,2590.0,2590.0,1000,2590,0.1
2014/04/24,2550.0,2550.0,2550.0,2550.0,1000,2550,0.1
2014/04/25,2610.0,2610.0,2610.0,2610.0,2000,2610,0.1
2014/04/28,2610.0,2610.0,2610.0,2610.0,2000,2610,0.1
2014/05/08,2560.0,2560.0,2550.0,2550.0,2000,2550,0.1
2014/05/09,2500.0,2500.0,2500.0,2500.0,1000,2500,0.1
2014/05/22,2480.0,2500.0,2480.0,2500.0,6000,2500,0.1
2014/05/23,2500.0,2500.0,2500.0,2500.0,2000,2500,0.1
2014/05/26,2550.0,2550.0,2550.0,2550.0,1000,2550,0.1
2014/05/27,2550.0,2550.0,2550.0,2550.0,1000,2550,0.1
2014/05/29,2470.0,2470.0,2470.0,2470.0,1000,2470,0.1
2014/06/03,2420.0,2420.0,2420.0,2420.0,1000,2420,0.1
2014/06/17,2550.0,2550.0,2550.0,2550.0,3000,2550,0.1
2014/06/18,2470.0,2470.0,2470.0,2470.0,1000,2470,0.1
2014/06/23,2470.0,2470.0,2460.0,2460.0,3000,2460,0.1
2014/06/24,2450.0,2450.0,2450.0,2450.0,3000,2450,0.1
2014/06/26,2520.0,2520.0,2520.0,2520.0,2000,2520,0.1
2014/06/27,2570.0,2570.0,2570.0,2570.0,3000,2570,0.1
2014/07/04,2570.0,2570.0,2570.0,2570.0,5000,2570,0.1
2014/07/07,2550.0,2560.0,2550.0,2560.0,3000,2560,0.1
2014/07/08,2600.0,2600.0,2600.0,2600.0,3000,2600,0.1
2014/07/10,2600.0,2630.0,2600.0,2630.0,6000,2630,0.1
2014/07/11,2600.0,2600.0,2600.0,2600.0,1000,2600,0.1
2014/07/25,2570.0,2570.0,2570.0,2570.0,1000,2570,0.1
2014/07/28,2570.0,2570.0,2570.0,2570.0,2000,2570,0.1
2014/07/29,2550.0,2550.0,2550.0,2550.0,1000,2550,0.1
2014/08/05,2520.0,2520.0,2520.0,2520.0,1000,2520,0.1
2014/08/11,2540.0,2540.0,2540.0,2540.0,2000,2540,0.1
2014/08/12,2590.0,2590.0,2590.0,2590.0,1000,2590,0.1
2014/08/25,2580.0,2580.0,2500.0,2500.0,5000,2500,0.1
2014/08/26,2570.0,2570.0,2570.0,2570.0,2000,2570,0.1
2014/08/27,2570.0,2610.0,2570.0,2610.0,2000,2610,0.1
2014/08/28,2610.0,2610.0,2610.0,2610.0,5000,2610,0.1
2014/08/29,2560.0,2560.0,2560.0,2560.0,1000,2560,0.1
2014/09/02,2590.0,2590.0,2590.0,2590.0,4000,2590,0.1
2014/09/04,2610.0,2610.0,2610.0,2610.0,2000,2610,0.1
2014/09/08,2610.0,2610.0,2610.0,2610.0,1000,2610,0.1
2014/09/12,2530.0,2530.0,2530.0,2530.0,10000,2530,0.1
2014/09/18,2650.0,2660.0,2650.0,2660.0,8000,2660,0.1
2014/09/25,2600.0,2600.0,2600.0,2600.0,2000,2600,0.1
2014/09/26,2590.0,2590.0,2590.0,2590.0,2000,2590,0.1
2014/09/29,2650.0,2650.0,2650.0,2650.0,2000,2650,0.1
2014/10/09,2600.0,2600.0,2600.0,2600.0,2000,2600,0.1
2014/10/10,2570.0,2570.0,2570.0,2570.0,1000,2570,0.1
2014/10/17,2500.0,2500.0,2500.0,2500.0,5000,2500,0.1
2014/10/20,2650.0,2650.0,2650.0,2650.0,1000,2650,0.1
2014/10/24,2630.0,2630.0,2630.0,2630.0,3000,2630,0.1
2014/10/27,2630.0,2630.0,2630.0,2630.0,2000,2630,0.1
2014/10/29,2640.0,2640.0,2640.0,2640.0,2000,2640,0.1
2014/10/30,2560.0,2640.0,2560.0,2640.0,2000,2640,0.1
2014/10/31,2560.0,2560.0,2560.0,2560.0,1000,2560,0.1
2014/11/04,2600.0,2600.0,2600.0,2600.0,1000,2600,0.1
2014/11/13,2600.0,2700.0,2600.0,2700.0,10000,2700,0.1
2014/11/14,2600.0,2600.0,2570.0,2570.0,2000,2570,0.1
2014/11/17,2570.0,2600.0,2570.0,2600.0,5000,2600,0.1
2014/11/20,2600.0,2600.0,2600.0,2600.0,2000,2600,0.1
2014/11/25,2600.0,2600.0,2600.0,2600.0,3000,2600,0.1
2014/11/26,2640.0,2640.0,2640.0,2640.0,3000,2640,0.1
2014/11/27,2640.0,2640.0,2640.0,2640.0,2000,2640,0.1
2014/11/28,2620.0,2620.0,2620.0,2620.0,1000,2620,0.1
2014/12/01,2610.0,2610.0,2610.0,2610.0,1000,2610,0.1
2014/12/05,2620.0,2620.0,2620.0,2620.0,2000,2620,0.1
2014/12/08,2610.0,2610.0,2610.0,2610.0,2000,2610,0.1
2014/12/09,2610.0,2680.0,2610.0,2680.0,8000,2680,0.1
2014/12/16,2670.0,2670.0,2670.0,2670.0,4000,2670,0.1
2014/12/17,2600.0,2630.0,2600.0,2630.0,2000,2630,0.1
2014/12/24,2630.0,2630.0,2630.0,2630.0,1000,2630,0.1
2014/12/25,2600.0,2620.0,2600.0,2620.0,3000,2620,0.1
2014/12/26,2620.0,2670.0,2620.0,2620.0,4000,2620,0.1
2014/12/29,2670.0,2670.0,2670.0,2670.0,3000,2670,0.1
2015/01/07,2620.0,2620.0,2620.0,2620.0,3000,2620,0.1
2015/01/08,2630.0,2630.0,2630.0,2630.0,1000,2630,0.1
2015/01/09,2640.0,2640.0,2640.0,2640.0,2000,2640,0.1
2015/01/13,2640.0,2640.0,2640.0,2640.0,1000,2640,0.1
2015/01/14,2640.0,2640.0,2640.0,2640.0,1000,2640,0.1
2015/01/15,2640.0,2640.0,2640.0,2640.0,1000,2640,0.1
2015/01/19,2650.0,2650.0,2650.0,2650.0,5000,2650,0.1
2015/01/23,2650.0,2650.0,2650.0,2650.0,1000,2650,0.1
2015/01/26,2650.0,2650.0,2650.0,2650.0,1000,2650,0.1
2015/01/27,2650.0,2670.0,2640.0,2640.0,9000,2640,0.1
2015/01/28,2640.0,2640.0,2640.0,2640.0,1000,2640,0.1
2015/01/30,2640.0,2640.0,2630.0,2630.0,2000,2630,0.1
2015/02/02,2630.0,2630.0,2620.0,2620.0,3000,2620,0.1
2015/02/03,2630.0,2630.0,2630.0,2630.0,2000,2630,0.1
2015/02/04,2630.0,2630.0,2630.0,2630.0,1000,2630,0.1
2015/02/09,2620.0,2650.0,2620.0,2650.0,6000,2650,0.1
2015/02/17,2570.0,2570.0,2570.0,2570.0,1000,2570,0.1
2015/02/20,2620.0,2620.0,2610.0,2610.0,3000,2610,0.1
2015/02/23,2640.0,2640.0,2640.0,2640.0,1000,2640,0.1
2015/02/26,2680.0,2680.0,2680.0,2680.0,1000,2680,0.1
2015/02/27,2640.0,2640.0,2640.0,2640.0,4000,2640,0.1
2015/03/02,2630.0,2680.0,2630.0,2630.0,14000,2630,0.1
2015/03/05,2650.0,2650.0,2650.0,2650.0,1000,2650,0.1
2015/03/09,2660.0,2660.0,2660.0,2660.0,2000,2660,0.1
2015/03/18,2660.0,2660.0,2660.0,2660.0,1000,2660,0.1
2015/03/19,2700.0,2700.0,2700.0,2700.0,2000,2700,0.1
2015/03/20,2690.0,2690.0,2690.0,2690.0,1000,2690,0.1
2015/03/23,2690.0,2690.0,2690.0,2690.0,2000,2690,0.1
2015/03/26,2690.0,2690.0,2690.0,2690.0,2000,2690,0.1
2015/03/27,2680.0,2680.0,2660.0,2660.0,4000,2660,0.1
2015/04/02,2580.0,2580.0,2580.0,2580.0,4000,2580,0.1
2015/04/08,2600.0,2600.0,2600.0,2600.0,1000,2600,0.1
2015/04/09,2600.0,2600.0,2600.0,2600.0,1000,2600,0.1
2015/04/10,2600.0,2600.0,2600.0,2600.0,2000,2600,0.1
2015/04/21,2620.0,2620.0,2620.0,2620.0,1000,2620,0.1
2015/04/23,2680.0,2680.0,2680.0,2680.0,1000,2680,0.1
2015/04/24,2680.0,2680.0,2610.0,2610.0,3000,2610,0.1
2015/04/27,2680.0,2680.0,2680.0,2680.0,2000,2680,0.1
2015/05/07,2650.0,2650.0,2600.0,2600.0,3000,2600,0.1
2015/05/13,2610.0,2610.0,2610.0,2610.0,5000,2610,0.1
2015/05/15,2610.0,2610.0,2610.0,2610.0,1000,2610,0.1
2015/05/19,2610.0,2610.0,2600.0,2600.0,2000,2600,0.1
2015/05/20,2600.0,2600.0,2600.0,2600.0,3000,2600,0.1
2015/05/21,2640.0,2640.0,2640.0,2640.0,2000,2640,0.1
2015/05/22,2620.0,2650.0,2620.0,2650.0,2000,2650,0.1
2015/05/26,2630.0,2630.0,2630.0,2630.0,2000,2630,0.1
2015/05/27,2690.0,2690.0,2610.0,2610.0,4000,2610,0.1
2015/05/28,2660.0,2660.0,2640.0,2640.0,4000,2640,0.1
2015/05/29,2650.0,2650.0,2650.0,2650.0,1000,2650,0.1
2015/06/01,2650.0,2650.0,2650.0,2650.0,2000,2650,0.1
2015/06/05,2650.0,2650.0,2650.0,2650.0,6000,2650,0.1
2015/06/08,2650.0,2650.0,2650.0,2650.0,1000,2650,0.1
2015/06/15,2680.0,2680.0,2680.0,2680.0,1000,2680,0.1
2015/06/22,2700.0,2700.0,2700.0,2700.0,1000,2700,0.1
2015/06/23,2710.0,2810.0,2710.0,2810.0,4000,2810,0.1
2015/06/25,2760.0,2760.0,2760.0,2760.0,1000,2760,0.1
2015/06/26,2750.0,2750.0,2700.0,2700.0,3000,2700,0.1
2015/06/29,2720.0,2740.0,2720.0,2740.0,3000,2740,0.1
2015/07/01,2690.0,2690.0,2690.0,2690.0,1000,2690,0.1
2015/07/03,2700.0,2750.0,2700.0,2750.0,7000,2750,0.1
2015/07/06,2710.0,2710.0,2710.0,2710.0,1000,2710,0.1
2015/07/07,2700.0,2730.0,2700.0,2730.0,2000,2730,0.1
2015/07/08,2700.0,2700.0,2700.0,2700.0,1000,2700,0.1
2015/07/09,2650.0,2650.0,2650.0,2650.0,3000,2650,0.1
2015/07/13,2610.0,2610.0,2610.0,2610.0,2000,2610,0.1
2015/07/14,2680.0,2680.0,2680.0,2680.0,5000,2680,0.1
2015/07/15,2720.0,2720.0,2720.0,2720.0,1000,2720,0.1
2015/07/21,2700.0,2700.0,2700.0,2700.0,1000,2700,0.1
2015/07/24,2700.0,2700.0,2620.0,2630.0,7000,2630,0.1
2015/07/27,2660.0,2700.0,2660.0,2700.0,3000,2700,0.1
2015/07/28,2700.0,2700.0,2650.0,2650.0,3000,2650,0.1
2015/08/03,2700.0,2700.0,2700.0,2700.0,1000,2700,0.1
2015/08/05,2700.0,2700.0,2700.0,2700.0,2000,2700,0.1
2015/08/06,2700.0,2700.0,2700.0,2700.0,3000,2700,0.1
2015/08/07,2750.0,2750.0,2750.0,2750.0,4000,2750,0.1
2015/08/12,2700.0,2700.0,2700.0,2700.0,2000,2700,0.1
2015/08/14,2700.0,2700.0,2660.0,2660.0,4000,2660,0.1
2015/08/17,2660.0,2660.0,2660.0,2660.0,1000,2660,0.1
2015/08/20,2650.0,2650.0,2650.0,2650.0,4000,2650,0.1
2015/08/21,2650.0,2650.0,2650.0,2650.0,1000,2650,0.1
2015/08/24,2620.0,2620.0,2620.0,2620.0,3000,2620,0.1
2015/08/25,2600.0,2600.0,2560.0,2560.0,6000,2560,0.1
2015/08/26,2570.0,2640.0,2570.0,2640.0,3000,2640,0.1
2015/08/27,2640.0,2640.0,2640.0,2640.0,2000,2640,0.1
2015/08/31,2690.0,2690.0,2570.0,2570.0,8000,2570,0.1
2015/09/01,2600.0,2600.0,2600.0,2600.0,5000,2600,0.1
2015/09/03,2600.0,2600.0,2600.0,2600.0,1000,2600,0.1
2015/09/09,2600.0,2600.0,2600.0,2600.0,7000,2600,0.1
2015/09/10,2570.0,2570.0,2570.0,2570.0,2000,2570,0.1
2015/09/11,2570.0,2570.0,2570.0,2570.0,1000,2570,0.1
2015/09/14,2570.0,2570.0,2570.0,2570.0,2000,2570,0.1
2015/09/15,2580.0,2580.0,2580.0,2580.0,1000,2580,0.1
2015/09/17,2570.0,2570.0,2570.0,2570.0,12000,2570,0.1
2015/09/24,2570.0,2570.0,2570.0,2570.0,5000,2570,0.1
2015/09/25,2640.0,2640.0,2640.0,2640.0,2000,2640,0.1
2015/09/28,2620.0,2620.0,2620.0,2620.0,2000,2620,0.1
2015/10/01,2600.0,2600.0,2600.0,2600.0,1000,2600,0.1
2015/10/05,2570.0,2570.0,2570.0,2570.0,2000,2570,0.1
2015/10/07,2570.0,2570.0,2570.0,2570.0,1000,2570,0.1
2015/10/08,2570.0,2570.0,2570.0,2570.0,1000,2570,0.1
2015/10/13,2540.0,2540.0,2540.0,2540.0,1000,2540,0.1
2015/10/14,2600.0,2600.0,2600.0,2600.0,1000,2600,0.1
2015/10/26,2610.0,2610.0,2600.0,2600.0,4000,2600,0.1
2015/10/27,2600.0,2600.0,2600.0,2600.0,2000,2600,0.1
2015/10/28,2570.0,2570.0,2570.0,2570.0,1000,2570,0.1
2015/10/30,2560.0,2630.0,2560.0,2630.0,11000,2630,0.1
2015/11/02,2560.0,2560.0,2560.0,2560.0,1000,2560,0.1
2015/11/04,2560.0,2560.0,2550.0,2550.0,3000,2550,0.1
2015/11/05,2550.0,2550.0,2550.0,2550.0,3000,2550,0.1
2015/11/06,2540.0,2540.0,2540.0,2540.0,5000,2540,0.1
2015/11/09,2550.0,2550.0,2510.0,2530.0,7000,2530,0.1
2015/11/10,2570.0,2570.0,2570.0,2570.0,5000,2570,0.1
2015/11/11,2560.0,2560.0,2520.0,2560.0,5000,2560,0.1
2015/11/12,2520.0,2520.0,2520.0,2520.0,1000,2520,0.1
2015/11/13,2560.0,2560.0,2530.0,2530.0,2000,2530,0.1
2015/11/19,2530.0,2530.0,2530.0,2530.0,7000,2530,0.1
2015/11/26,2530.0,2570.0,2530.0,2570.0,3000,2570,0.1
2015/11/27,2570.0,2570.0,2510.0,2540.0,5000,2540,0.1
2015/11/30,2540.0,2540.0,2540.0,2540.0,1000,2540,0.1
2015/12/02,2580.0,2580.0,2580.0,2580.0,2000,2580,0.1
2015/12/07,2590.0,2590.0,2590.0,2590.0,2000,2590,0.1
2015/12/08,2570.0,2570.0,2570.0,2570.0,1000,2570,0.1
2015/12/10,2570.0,2570.0,2570.0,2570.0,5000,2570,0.1
2015/12/11,2570.0,2570.0,2570.0,2570.0,4000,2570,0.1
2015/12/14,2540.0,2540.0,2540.0,2540.0,1000,2540,0.1
2015/12/15,2540.0,2540.0,2540.0,2540.0,4000,2540,0.1
2015/12/18,2530.0,2560.0,2530.0,2560.0,6000,2560,0.1
2015/12/21,2550.0,2550.0,2550.0,2550.0,2000,2550,0.1
2015/12/22,2550.0,2550.0,2550.0,2550.0,7000,2550,0.1
2015/12/25,2550.0,2550.0,2510.0,2510.0,3000,2510,0.1
2015/12/28,2560.0,2560.0,2560.0,2560.0,2000,2560,0.1
2015/12/29,2530.0,2530.0,2530.0,2530.0,2000,2530,0.1
2016/01/12,2500.0,2500.0,2500.0,2500.0,6000,2500,0.1
2016/01/18,2500.0,2560.0,2500.0,2560.0,5000,2560,0.1
2016/01/20,2450.0,2450.0,2450.0,2450.0,2000,2450,0.1
2016/01/26,2510.0,2510.0,2510.0,2510.0,1000,2510,0.1
2016/01/27,2510.0,2510.0,2510.0,2510.0,3000,2510,0.1
2016/01/28,2500.0,2570.0,2500.0,2570.0,5000,2570,0.1
2016/02/02,2570.0,2570.0,2570.0,2570.0,2000,2570,0.1
2016/02/04,2570.0,2570.0,2570.0,2570.0,1000,2570,0.1
2016/02/05,2570.0,2570.0,2570.0,2570.0,1000,2570,0.1
2016/02/08,2570.0,2570.0,2570.0,2570.0,1000,2570,0.1
2016/02/09,2570.0,2570.0,2350.0,2350.0,5000,2350,0.1
2016/02/10,2430.0,2430.0,2360.0,2360.0,3000,2360,0.1
2016/02/17,2440.0,2440.0,2440.0,2440.0,1000,2440,0.1
2016/02/22,2550.0,2550.0,2550.0,2550.0,1000,2550,0.1
2016/02/24,2550.0,2550.0,2550.0,2550.0,1000,2550,0.1
2016/02/25,2550.0,2550.0,2550.0,2550.0,2000,2550,0.1
2016/02/26,2550.0,2590.0,2550.0,2590.0,3000,2590,0.1
2016/02/29,2650.0,2650.0,2650.0,2650.0,3000,2650,0.1
2016/03/01,2650.0,2650.0,2650.0,2650.0,1000,2650,0.1
2016/03/02,2650.0,2650.0,2650.0,2650.0,1000,2650,0.1
2016/03/03,2650.0,2650.0,2650.0,2650.0,1000,2650,0.1
2016/03/04,2650.0,2650.0,2650.0,2650.0,1000,2650,0.1
2016/03/07,2650.0,2650.0,2650.0,2650.0,2000,2650,0.1
2016/03/08,2650.0,2650.0,2650.0,2650.0,1000,2650,0.1
2016/03/09,2650.0,2650.0,2650.0,2650.0,1000,2650,0.1
2016/03/10,2650.0,2650.0,2650.0,2650.0,1000,2650,0.1
2016/03/11,2650.0,2650.0,2650.0,2650.0,1000,2650,0.1
2016/03/14,2650.0,2650.0,2520.0,2520.0,5000,2520,0.1
2016/03/22,2520.0,2520.0,2440.0,2500.0,15000,2500,0.1
2016/03/25,2520.0,2580.0,2520.0,2580.0,9000,2580,0.1
2016/03/28,2580.0,2580.0,2580.0,2580.0,3000,2580,0.1
2016/03/29,2540.0,2540.0,2540.0,2540.0,1000,2540,0.1
2016/03/30,2540.0,2540.0,2540.0,2540.0,1000,2540,0.1
2016/03/31,2540.0,2540.0,2540.0,2540.0,1000,2540,0.1
2016/04/04,2540.0,2540.0,2540.0,2540.0,1000,2540,0.1
2016/04/05,2540.0,2540.0,2540.0,2540.0,1000,2540,0.1
2016/04/06,2530.0,2530.0,2420.0,2450.0,5000,2450,0.1
2016/04/19,2450.0,2450.0,2450.0,2450.0,2000,2450,0.1
2016/04/26,2510.0,2530.0,2510.0,2530.0,3000,2530,0.1
2016/04/27,2530.0,2530.0,2530.0,2530.0,2000,2530,0.1
2016/05/02,2530.0,2530.0,2530.0,2530.0,2000,2530,0.1
2016/05/10,2530.0,2530.0,2530.0,2530.0,9000,2530,0.1
2016/05/12,2550.0,2550.0,2550.0,2550.0,1000,2550,0.1
2016/05/20,2550.0,2550.0,2550.0,2550.0,1000,2550,0.1
2016/05/27,2550.0,2550.0,2550.0,2550.0,2000,2550,0.1
2016/06/01,2500.0,2500.0,2500.0,2500.0,2000,2500,0.1
2016/06/07,2470.0,2470.0,2470.0,2470.0,1000,2470,0.1
2016/06/08,2440.0,2440.0,2440.0,2440.0,4000,2440,0.1
2016/06/10,2440.0,2440.0,2440.0,2440.0,25000,2440,0.1
2016/06/13,2480.0,2480.0,2480.0,2480.0,1000,2480,0.1
2016/06/15,2470.0,2470.0,2470.0,2470.0,1000,2470,0.1
2016/06/16,2390.0,2390.0,2390.0,2390.0,1000,2390,0.1
2016/06/24,2460.0,2460.0,2460.0,2460.0,3000,2460,0.1
2016/06/27,2460.0,2460.0,2450.0,2450.0,3000,2450,0.1
2016/06/28,2390.0,2390.0,2390.0,2390.0,8000,2390,0.1
2016/06/30,2390.0,2390.0,2390.0,2390.0,2000,2390,0.1
2016/07/07,2450.0,2450.0,2450.0,2450.0,4000,2450,0.1
2016/07/08,2470.0,2530.0,2450.0,2450.0,11000,2450,0.1
2016/07/11,2430.0,2430.0,2430.0,2430.0,1000,2430,0.1
2016/07/12,2420.0,2420.0,2420.0,2420.0,1000,2420,0.1
2016/07/15,2450.0,2450.0,2450.0,2450.0,1000,2450,0.1
2016/07/19,2430.0,2430.0,2430.0,2430.0,1000,2430,0.1
2016/07/25,2480.0,2480.0,2480.0,2480.0,1000,2480,0.1
2016/07/26,2480.0,2480.0,2480.0,2480.0,3000,2480,0.1
2016/07/27,2450.0,2450.0,2450.0,2450.0,1000,2450,0.1
2016/08/05,2420.0,2420.0,2420.0,2420.0,1000,2420,0.1
2016/08/12,2450.0,2450.0,2450.0,2450.0,5000,2450,0.1
2016/08/23,2480.0,2480.0,2480.0,2480.0,1000,2480,0.1
2016/08/25,2400.0,2420.0,2400.0,2420.0,6000,2420,0.1
2016/08/26,2470.0,2470.0,2470.0,2470.0,1000,2470,0.1
2016/08/29,2460.0,2460.0,2460.0,2460.0,3000,2460,0.1
2016/08/31,2460.0,2460.0,2460.0,2460.0,1000,2460,0.1
2016/09/01,2420.0,2420.0,2420.0,2420.0,1000,2420,0.1
2016/09/06,2410.0,2410.0,2410.0,2410.0,2000,2410,0.1
2016/09/13,2420.0,2420.0,2420.0,2420.0,1000,2420,0.1
2016/09/26,2450.0,2530.0,2450.0,2530.0,8000,2530,0.1
2016/09/27,2520.0,2520.0,2520.0,2520.0,2000,2520,0.1
2016/10/07,2510.0,2510.0,2510.0,2510.0,1000,2510,0.1
2016/10/18,2490.0,2490.0,2450.0,2450.0,3000,2450,0.1
2016/10/21,2370.0,2370.0,2370.0,2370.0,10000,2370,0.1
2016/10/25,2430.0,2430.0,2430.0,2430.0,1000,2430,0.1
2016/10/27,2460.0,2460.0,2460.0,2460.0,2000,2460,0.1
2016/10/28,2460.0,2460.0,2460.0,2460.0,2000,2460,0.1
2016/10/31,2470.0,2470.0,2470.0,2470.0,1000,2470,0.1
2016/11/04,2440.0,2440.0,2440.0,2440.0,1000,2440,0.1
2016/11/09,2420.0,2420.0,2420.0,2420.0,1000,2420,0.1
2016/11/10,2420.0,2420.0,2420.0,2420.0,1000,2420,0.1
2016/11/11,2450.0,2450.0,2450.0,2450.0,2000,2450,0.1
2016/11/14,2450.0,2450.0,2450.0,2450.0,2000,2450,0.1
2016/11/18,2450.0,2450.0,2450.0,2450.0,1000,2450,0.1
2016/11/24,2450.0,2450.0,2450.0,2450.0,1000,2450,0.1
2016/11/25,2450.0,2450.0,2450.0,2450.0,4000,2450,0.1
2016/11/28,2450.0,2450.0,2450.0,2450.0,2000,2450,0.1
2016/11/29,2470.0,2470.0,2470.0,2470.0,1000,2470,0.1
2016/12/02,2480.0,2480.0,2480.0,2480.0,2000,2480,0.1
2016/12/06,2480.0,2480.0,2480.0,2480.0,2000,2480,0.1
2016/12/07,2480.0,2480.0,2450.0,2460.0,5000,2460,0.1
2016/12/08,2460.0,2460.0,2440.0,2440.0,3000,2440,0.1
2016/12/09,2450.0,2480.0,2450.0,2450.0,11000,2450,0.1
2016/12/14,2470.0,2470.0,2440.0,2440.0,10000,2440,0.1
2016/12/16,2460.0,2490.0,2460.0,2490.0,4000,2490,0.1
2016/12/19,2460.0,2470.0,2460.0,2470.0,3000,2470,0.1
2016/12/20,2500.0,2530.0,2500.0,2530.0,11000,2530,0.1
2016/12/21,2530.0,2670.0,2530.0,2670.0,4000,2670,0.1
2016/12/22,2660.0,2660.0,2660.0,2660.0,1000,2660,0.1
2016/12/26,2590.0,2590.0,2580.0,2580.0,3000,2580,0.1
2016/12/27,2580.0,2580.0,2580.0,2580.0,3000,2580,0.1
2016/12/30,2520.0,2570.0,2520.0,2570.0,2000,2570,0.1
2017/01/04,2570.0,2570.0,2570.0,2570.0,1000,2570,0.1
2017/01/06,2530.0,2540.0,2530.0,2540.0,5000,2540,0.1
2017/01/12,2530.0,2530.0,2530.0,2530.0,5000,2530,0.1
2017/01/16,2550.0,2550.0,2550.0,2550.0,1000,2550,0.1
2017/01/17,2550.0,2600.0,2550.0,2600.0,6000,2600,0.1
2017/01/18,2600.0,2600.0,2600.0,2600.0,5000,2600,0.1
2017/01/19,2600.0,2780.0,2600.0,2780.0,8000,2780,0.1
2017/01/20,2790.0,2790.0,2790.0,2790.0,2000,2790,0.1
2017/01/24,2630.0,2630.0,2630.0,2630.0,1000,2630,0.1
2017/01/25,2600.0,2600.0,2570.0,2580.0,6000,2580,0.1
2017/01/26,2610.0,2610.0,2610.0,2610.0,2000,2610,0.1
2017/01/27,2610.0,2610.0,2590.0,2590.0,3000,2590,0.1
2017/02/02,2600.0,2600.0,2600.0,2600.0,1000,2600,0.1
2017/02/07,2590.0,2590.0,2590.0,2590.0,1000,2590,0.1
2017/02/08,2600.0,2600.0,2600.0,2600.0,5000,2600,0.1
2017/02/10,2570.0,2570.0,2570.0,2570.0,1000,2570,0.1
2017/02/14,2570.0,2570.0,2570.0,2570.0,3000,2570,0.1
2017/02/16,2570.0,2640.0,2570.0,2640.0,2000,2640,0.1
2017/02/17,2540.0,2570.0,2540.0,2550.0,19000,2550,0.1
2017/02/20,2570.0,2590.0,2570.0,2590.0,2000,2590,0.1
2017/02/23,2590.0,2600.0,2590.0,2600.0,3000,2600,0.1
2017/02/24,2600.0,2600.0,2580.0,2580.0,6000,2580,0.1
2017/02/27,2580.0,2610.0,2580.0,2610.0,3000,2610,0.1
2017/02/28,2600.0,2600.0,2600.0,2600.0,1000,2600,0.1
2017/03/06,2610.0,2610.0,2610.0,2610.0,2000,2610,0.1
2017/03/07,2640.0,2640.0,2640.0,2640.0,3000,2640,0.1
2017/03/09,2640.0,2640.0,2640.0,2640.0,4000,2640,0.1
2017/03/10,2640.0,2640.0,2640.0,2640.0,2000,2640,0.1
2017/03/13,2650.0,2650.0,2650.0,2650.0,1000,2650,0.1
2017/03/14,2660.0,2660.0,2610.0,2610.0,5000,2610,0.1
2017/03/16,2610.0,2610.0,2610.0,2610.0,1000,2610,0.1
2017/03/17,2700.0,2700.0,2700.0,2700.0,10000,2700,0.1
2017/03/24,2700.0,2700.0,2600.0,2600.0,8000,2600,0.1
2017/03/27,2670.0,2670.0,2670.0,2670.0,2000,2670,0.1
2017/03/28,2620.0,2620.0,2620.0,2620.0,2000,2620,0.1
2017/03/30,2660.0,2660.0,2660.0,2660.0,1000,2660,0.1
2017/03/31,2730.0,2730.0,2650.0,2650.0,3000,2650,0.1
2017/04/12,2600.0,2600.0,2590.0,2590.0,2000,2590,0.1
2017/04/13,2570.0,2570.0,2550.0,2550.0,3000,2550,0.1
2017/04/18,2570.0,2570.0,2570.0,2570.0,1000,2570,0.1
2017/04/19,2510.0,2510.0,2510.0,2510.0,11000,2510,0.1
2017/04/21,2640.0,2640.0,2630.0,2630.0,2000,2630,0.1
2017/04/24,2630.0,2630.0,2630.0,2630.0,1000,2630,0.1
2017/04/25,2600.0,2600.0,2600.0,2600.0,1000,2600,0.1
2017/04/26,2600.0,2610.0,2600.0,2610.0,2000,2610,0.1
2017/04/27,2610.0,2610.0,2610.0,2610.0,2000,2610,0.1
2017/05/01,2600.0,2600.0,2600.0,2600.0,4000,2600,0.1
2017/05/02,2580.0,2580.0,2580.0,2580.0,1000,2580,0.1
2017/05/11,2650.0,2650.0,2650.0,2650.0,1000,2650,0.1
2017/05/12,2630.0,2630.0,2630.0,2630.0,1000,2630,0.1
2017/05/15,2680.0,2680.0,2680.0,2680.0,1000,2680,0.1
2017/05/16,2650.0,2650.0,2650.0,2650.0,5000,2650,0.1
2017/05/17,2630.0,2630.0,2630.0,2630.0,1000,2630,0.1
2017/05/18,2630.0,2630.0,2630.0,2630.0,1000,2630,0.1
2017/05/26,2630.0,2630.0,2630.0,2630.0,3000,2630,0.1
2017/05/29,2630.0,2630.0,2630.0,2630.0,5000,2630,0.1
2017/05/31,2630.0,2640.0,2630.0,2630.0,17000,2630,0.1
2017/06/01,2600.0,2600.0,2600.0,2600.0,1000,2600,0.1
2017/06/05,2650.0,2650.0,2650.0,2650.0,2000,2650,0.1
2017/06/09,2570.0,2600.0,2570.0,2600.0,6000,2600,0.1
2017/06/12,2600.0,2600.0,2600.0,2600.0,3000,2600,0.1
2017/06/15,2560.0,2580.0,2560.0,2580.0,10000,2580,0.1
2017/06/16,2500.0,2570.0,2500.0,2570.0,24000,2570,0.1
2017/06/19,2580.0,2580.0,2580.0,2580.0,1000,2580,0.1
2017/06/20,2560.0,2560.0,2560.0,2560.0,1000,2560,0.1
2017/06/21,2540.0,2560.0,2540.0,2560.0,7000,2560,0.1
2017/06/22,2580.0,2630.0,2580.0,2630.0,5000,2630,0.1
2017/06/23,2630.0,2630.0,2630.0,2630.0,2000,2630,0.1
2017/06/26,2630.0,2630.0,2620.0,2620.0,4000,2620,0.1
2017/06/27,2620.0,2620.0,2590.0,2590.0,4000,2590,0.1
2017/06/29,2580.0,2580.0,2580.0,2580.0,3000,2580,0.1
2017/07/04,2590.0,2590.0,2570.0,2580.0,10000,2580,0.1
2017/07/05,2580.0,2590.0,2580.0,2580.0,5000,2580,0.1
2017/07/11,2590.0,2590.0,2590.0,2590.0,5000,2590,0.1
2017/07/18,2590.0,2590.0,2590.0,2590.0,1000,2590,0.1
2017/07/25,2590.0,2590.0,2590.0,2590.0,2000,2590,0.1
2017/07/26,2590.0,2590.0,2590.0,2590.0,2000,2590,0.1
2017/07/27,2590.0,2590.0,2590.0,2590.0,1000,2590,0.1
2017/07/31,2590.0,2620.0,2590.0,2620.0,6000,2620,0.1
2017/08/01,2650.0,2650.0,2650.0,2650.0,2000,2650,0.1
2017/08/02,2650.0,2650.0,2650.0,2650.0,9000,2650,0.1
2017/08/03,2650.0,2650.0,2640.0,2650.0,3000,2650,0.1
2017/08/10,2600.0,2600.0,2600.0,2600.0,2000,2600,0.1
2017/08/15,2650.0,2650.0,2650.0,2650.0,2000,2650,0.1
2017/08/16,2570.0,2590.0,2570.0,2590.0,11000,2590,0.1
2017/08/17,2590.0,2590.0,2560.0,2560.0,5000,2560,0.1
2017/08/18,2600.0,2600.0,2600.0,2600.0,1000,2600,0.1
2017/08/22,2610.0,2610.0,2610.0,2610.0,1000,2610,0.1
2017/08/25,2610.0,2610.0,2610.0,2610.0,2000,2610,0.1
2017/08/28,2610.0,2610.0,2610.0,2610.0,3000,2610,0.1
2017/08/29,2620.0,2620.0,2620.0,2620.0,1000,2620,0.1
2017/09/01,2630.0,2630.0,2630.0,2630.0,1000,2630,0.1
2017/09/04,2640.0,2640.0,2640.0,2640.0,2000,2640,0.1
2017/09/08,2640.0,2640.0,2640.0,2640.0,1000,2640,0.1
2017/09/13,2640.0,2640.0,2640.0,2640.0,2000,2640,0.1
2017/09/15,2640.0,2650.0,2640.0,2650.0,5000,2650,0.1
2017/09/19,2650.0,2650.0,2650.0,2650.0,3000,2650,0.1
2017/09/20,2670.0,2700.0,2670.0,2700.0,7000,2700,0.1
2017/09/21,2650.0,2650.0,2620.0,2620.0,7000,2620,0.1
2017/09/26,2680.0,2680.0,2680.0,2680.0,1000,2680,0.1
2017/09/27,2656,2656,2656,2656,300,2656,1
2017/09/28,2616,2626,2616,2622,400,2622,1
2017/09/29,2622,2622,2622,2622,200,2622,1
2017/10/03,2612,2612,2612,2612,100,2612,1
2017/10/04,2613,2613,2613,2613,100,2613,1
2017/10/05,2625,2625,2625,2625,100,2625,1
2017/10/10,2620,2650,2620,2650,300,2650,1
2017/10/13,2650,2660,2650,2650,700,2650,1
2017/10/16,2650,2650,2650,2650,200,2650,1
2017/10/17,2630,2630,2621,2621,300,2621,1
2017/10/19,2649,2649,2649,2649,100,2649,1
2017/10/20,2635,2635,2620,2620,600,2620,1
2017/10/23,2630,2660,2630,2660,1000,2660,1
2017/10/24,2626,2626,2626,2626,400,2626,1
2017/10/26,2665,2665,2665,2665,100,2665,1
2017/10/27,2665,2665,2665,2665,100,2665,1
2017/10/31,2665,2665,2665,2665,100,2665,1
2017/11/01,2665,2800,2665,2800,2200,2800,1
2017/11/02,2801,2802,2801,2802,500,2802,1
2017/11/10,2752,2753,2730,2753,1200,2753,1
2017/11/13,2753,2753,2753,2753,100,2753,1
2017/11/21,2753,2753,2610,2660,3800,2660,1
2017/11/27,2660,2660,2660,2660,900,2660,1
2017/11/28,2659,2659,2656,2656,700,2656,1
2017/11/29,2656,2660,2656,2656,800,2656,1
2017/11/30,2656,2658,2656,2656,2300,2656,1
2017/12/04,2656,2656,2656,2656,100,2656,1
2017/12/05,2660,2700,2660,2700,200,2700,1
2017/12/06,2703,2703,2703,2703,600,2703,1
2017/12/08,2784,2784,2784,2784,100,2784,1
2017/12/11,2867,2867,2867,2867,400,2867,1
2017/12/14,2867,2867,2867,2867,300,2867,1
2017/12/15,2861,2861,2761,2761,700,2761,1
2017/12/18,2730,2730,2730,2730,100,2730,1
2017/12/20,2740,2740,2740,2740,100,2740,1
2017/12/25,2742,2742,2742,2742,100,2742,1
2017/12/27,2743,2743,2737,2739,1400,2739,1
2017/12/28,2732,2732,2732,2732,100,2732,1
2017/12/29,2740,2740,2740,2740,1200,2740,1
2018/01/04,2780,2780,2780,2780,100,2780,1
2018/01/05,2780,2780,2780,2780,300,2780,1
2018/01/09,2780,2780,2780,2780,100,2780,1
2018/01/12,2830,2830,2830,2830,100,2830,1
2018/01/16,2870,2870,2870,2870,100,2870,1
2018/01/18,2885,2885,2885,2885,100,2885,1
2018/01/19,2835,2835,2830,2830,200,2830,1
2018/01/22,2880,2880,2880,2880,100,2880,1
2018/01/24,2880,2880,2880,2880,100,2880,1
2018/01/25,2880,2880,2880,2880,200,2880,1
2018/01/26,2880,2880,2880,2880,200,2880,1
2018/01/29,2880,2880,2880,2880,200,2880,1
2018/01/30,2871,2871,2871,2871,500,2871,1
2018/01/31,2871,2871,2871,2871,100,2871,1
2018/02/02,2810,2840,2810,2840,700,2840,1
2018/02/06,2800,2800,2774,2774,1500,2774,1
2018/02/07,2820,2820,2820,2820,100,2820,1
2018/02/08,2800,2800,2800,2800,200,2800,1
2018/02/09,2800,2800,2800,2800,200,2800,1
2018/02/14,2800,2800,2800,2800,100,2800,1
2018/02/19,3000,3000,3000,3000,200,3000,1
2018/02/21,2781,2781,2781,2781,100,2781,1
2018/02/27,2820,2820,2820,2820,100,2820,1
2018/02/28,2772,2772,2772,2772,100,2772,1
2018/03/01,2775,2775,2775,2775,100,2775,1
2018/03/02,2820,2820,2820,2820,100,2820,1
2018/03/05,2800,2800,2800,2800,400,2800,1
2018/03/07,2800,2800,2800,2800,1000,2800,1
2018/03/08,2795,2795,2756,2756,600,2756,1
2018/03/14,2731,2731,2731,2731,300,2731,1
2018/03/15,2770,2770,2770,2770,100,2770,1
2018/03/16,2770,2770,2770,2770,100,2770,1
2018/03/26,2820,2820,2820,2820,200,2820,1
2018/03/27,2820,2820,2820,2820,100,2820,1
2018/04/25,2750,2750,2750,2750,100,2750,1
2018/04/26,2783,2783,2783,2783,100,2783,1
2018/04/27,2783,2783,2783,2783,100,2783,1
2018/05/01,2749,2749,2749,2749,100,2749,1
2018/05/02,2700,2700,2700,2700,600,2700,1
2018/05/07,2730,2730,2730,2730,100,2730,1
2018/05/09,2702,2702,2702,2702,400,2702,1
2018/05/10,2703,2703,2703,2703,100,2703,1
2018/05/11,2745,2745,2745,2745,200,2745,1
2018/05/14,2785,2785,2785,2785,100,2785,1
2018/05/17,2724,2730,2723,2730,300,2730,1
2018/05/18,2740,2740,2740,2740,200,2740,1
2018/05/23,2741,2741,2741,2741,100,2741,1
2018/05/25,2743,2743,2743,2743,200,2743,1
2018/05/28,2746,2746,2746,2746,100,2746,1
2018/05/30,2746,2746,2746,2746,100,2746,1
2018/06/01,2721,2721,2650,2650,800,2650,1
2018/06/05,2700,2700,2700,2700,100,2700,1
2018/06/11,2700,2700,2651,2651,1400,2651,1
2018/06/15,2699,2700,2699,2700,800,2700,1
2018/06/26,2700,2700,2700,2700,100,2700,1
2018/06/27,2709,2709,2709,2709,100,2709,1
2018/06/28,2710,2710,2710,2710,100,2710,1
2018/07/03,2666,2666,2660,2660,600,2660,1
2018/07/04,2655,2655,2655,2655,100,2655,1
2018/07/05,2655,2655,2655,2655,300,2655,1
2018/07/13,2720,2720,2720,2720,500,2720,1
2018/07/23,2700,2700,2700,2700,200,2700,1
2018/07/25,2655,2655,2615,2615,300,2615,1
2018/07/26,2685,2685,2685,2685,100,2685,1
2018/07/27,2718,2718,2618,2626,600,2626,1
2018/07/31,2626,2626,2626,2626,1000,2626,1
2018/08/01,2600,2600,2600,2600,800,2600,1
2018/08/03,2576,2580,2522,2522,6900,2522,1
2018/08/10,2668,2668,2668,2668,200,2668,1
