2007/01/05,660,660,660,660,1000,660,1
2007/01/09,611,621,611,616,8000,616,1
2007/01/10,636,636,636,636,1000,636,1
2007/01/15,616,626,616,626,2000,626,1
2007/01/16,634,634,634,634,1000,634,1
2007/01/17,630,630,615,630,7000,630,1
2007/01/18,620,631,620,631,9000,631,1
2007/01/25,640,640,630,630,3000,630,1
2007/01/30,638,638,638,638,1000,638,1
2007/02/02,630,630,630,630,1000,630,1
2007/02/05,639,639,639,639,1000,639,1
2007/02/13,630,630,630,630,10000,630,1
2007/02/15,630,630,630,630,14000,630,1
2007/02/16,631,631,631,631,1000,631,1
2007/02/21,631,631,631,631,2000,631,1
2007/02/22,631,631,630,630,5000,630,1
2007/02/23,660,660,660,660,1000,660,1
2007/02/26,641,665,640,665,4000,665,1
2007/02/28,631,631,630,631,6000,631,1
2007/03/02,630,630,630,630,2000,630,1
2007/03/05,630,630,630,630,5000,630,1
2007/03/06,630,630,630,630,1000,630,1
2007/03/08,648,668,648,668,2000,668,1
2007/03/09,670,670,670,670,1000,670,1
2007/03/12,680,680,680,680,1000,680,1
2007/03/15,671,671,671,671,1000,671,1
2007/03/16,673,673,671,671,3000,671,1
2007/03/19,666,666,666,666,2000,666,1
2007/03/23,688,688,688,688,1000,688,1
2007/03/26,687,687,687,687,1000,687,1
2007/04/10,678,678,678,678,1000,678,1
2007/04/25,678,678,678,678,1000,678,1
2007/05/01,605,630,600,630,4000,630,1
2007/05/10,650,650,650,650,1000,650,1
2007/05/15,640,640,640,640,1000,640,1
2007/05/21,630,630,630,630,1000,630,1
2007/05/25,637,640,637,640,3000,640,1
2007/05/28,639,639,639,639,1000,639,1
2007/05/29,625,625,625,625,1000,625,1
2007/05/30,624,624,624,624,2000,624,1
2007/05/31,624,624,624,624,2000,624,1
2007/06/04,630,630,630,630,1000,630,1
2007/06/06,610,610,610,610,1000,610,1
2007/06/07,626,626,626,626,1000,626,1
2007/06/11,626,626,626,626,1000,626,1
2007/06/21,626,626,626,626,1000,626,1
2007/06/25,675,675,675,675,2000,675,1
2007/06/27,606,606,606,606,1000,606,1
2007/06/29,606,606,606,606,4000,606,1
2007/07/10,651,651,621,621,2000,621,1
2007/07/19,650,650,650,650,1000,650,1
2007/07/20,649,649,649,649,1000,649,1
2007/07/25,649,650,649,650,3000,650,1
2007/07/31,620,620,620,620,1000,620,1
2007/08/01,630,630,630,630,1000,630,1
2007/08/10,619,619,619,619,1000,619,1
2007/08/16,581,581,581,581,1000,581,1
2007/08/24,575,575,575,575,1000,575,1
2007/08/31,565,565,565,565,4000,565,1
2007/09/05,551,551,551,551,1000,551,1
2007/09/10,551,551,551,551,1000,551,1
2007/09/11,551,551,551,551,1000,551,1
2007/09/20,546,546,546,546,1000,546,1
2007/09/25,545,560,545,560,2000,560,1
2007/10/10,558,558,510,510,2000,510,1
2007/10/17,520,520,520,520,1000,520,1
2007/10/25,569,569,569,569,1000,569,1
2007/11/06,542,545,542,545,5000,545,1
2007/11/07,545,545,545,545,7000,545,1
2007/11/08,540,540,540,540,2000,540,1
2007/11/09,540,540,540,540,2000,540,1
2007/11/12,541,541,540,540,11000,540,1
2007/11/13,540,540,540,540,1000,540,1
2007/11/16,543,543,543,543,5000,543,1
2007/11/20,540,540,540,540,1000,540,1
2007/11/22,550,550,550,550,1000,550,1
2007/11/26,530,530,530,530,1000,530,1
2007/11/27,511,530,511,530,3000,530,1
2007/11/28,531,531,531,531,4000,531,1
2007/12/07,526,526,526,526,1000,526,1
2007/12/10,556,556,556,556,1000,556,1
2007/12/13,530,530,530,530,1000,530,1
2007/12/18,530,530,530,530,1000,530,1
2007/12/19,530,530,530,530,1000,530,1
2007/12/20,530,530,530,530,1000,530,1
2007/12/25,550,550,550,550,2000,550,1
2008/01/10,620,620,620,620,1000,620,1
2008/01/11,615,615,615,615,1000,615,1
2008/01/25,592,592,592,592,1000,592,1
2008/02/12,587,587,587,587,1000,587,1
2008/02/21,550,550,550,550,2000,550,1
2008/02/25,550,560,550,560,2000,560,1
2008/02/27,550,550,550,550,2000,550,1
2008/02/28,550,550,550,550,1000,550,1
2008/02/29,550,550,550,550,2000,550,1
2008/03/03,550,550,550,550,4000,550,1
2008/03/04,550,550,549,550,11000,550,1
2008/03/05,550,550,550,550,1000,550,1
2008/03/10,550,550,550,550,1000,550,1
2008/03/11,550,550,550,550,4000,550,1
2008/03/12,550,550,550,550,3000,550,1
2008/03/13,550,550,550,550,1000,550,1
2008/03/14,550,550,550,550,2000,550,1
2008/03/18,548,548,548,548,5000,548,1
2008/03/25,558,558,558,558,1000,558,1
2008/04/01,557,557,557,557,5000,557,1
2008/04/09,550,550,550,550,3000,550,1
2008/04/10,559,560,559,560,4000,560,1
2008/04/16,550,550,550,550,2000,550,1
2008/04/18,550,550,550,550,2000,550,1
2008/04/25,599,599,599,599,1000,599,1
2008/04/28,550,550,550,550,2000,550,1
2008/05/12,590,590,590,590,1000,590,1
2008/05/20,550,550,550,550,1000,550,1
2008/05/23,549,550,549,550,2000,550,1
2008/05/28,550,550,550,550,2000,550,1
2008/06/05,550,550,550,550,1000,550,1
2008/06/10,550,550,550,550,1000,550,1
2008/06/25,550,550,550,550,1000,550,1
2008/07/10,549,580,549,580,2000,580,1
2008/07/25,579,579,579,579,4000,579,1
2008/08/12,580,580,580,580,1000,580,1
2008/08/25,579,579,579,579,1000,579,1
2008/09/10,539,539,539,539,1000,539,1
2008/09/25,588,588,588,588,1000,588,1
2008/10/10,549,549,549,549,1000,549,1
2008/10/14,440,440,440,440,2000,440,1
2008/10/24,455,455,455,455,2000,455,1
2008/10/27,395,395,395,395,1000,395,1
2008/10/30,395,395,395,395,1000,395,1
2008/11/05,395,395,395,395,1000,395,1
2008/11/06,395,395,395,395,1000,395,1
2008/11/07,395,395,395,395,1000,395,1
2008/11/10,410,410,410,410,1000,410,1
2008/11/25,399,399,399,399,2000,399,1
2008/12/10,369,369,369,369,2000,369,1
2008/12/24,300,300,300,300,1000,300,1
2008/12/25,319,319,319,319,3000,319,1
2009/01/13,303,303,303,303,2000,303,1
2009/01/23,303,304,303,304,3000,304,1
2009/01/30,303,303,303,303,1000,303,1
2009/02/02,303,303,303,303,1000,303,1
2009/02/05,300,300,300,300,1000,300,1
2009/02/10,380,380,380,380,1000,380,1
2009/02/16,460,460,460,460,3000,460,1
2009/02/25,445,445,445,445,1000,445,1
2009/03/10,437,437,437,437,2000,437,1
2009/03/16,517,517,517,517,4000,517,1
2009/03/18,419,419,419,419,1000,419,1
2009/03/25,464,464,464,464,1000,464,1
2009/04/01,377,377,377,377,100,377,1
2009/04/10,402,402,401,402,2100,402,1
2009/04/14,400,400,400,400,1000,400,1
2009/04/15,409,450,409,450,5700,450,1
2009/04/24,460,460,450,450,1700,450,1
2009/05/11,470,470,469,469,1100,469,1
2009/05/15,470,470,470,470,4000,470,1
2009/05/25,449,449,449,449,1100,449,1
2009/06/10,448,448,448,448,1000,448,1
2009/06/15,528,528,528,528,4200,528,1
2009/06/16,433,436,433,435,900,435,1
2009/06/17,450,450,450,450,400,450,1
2009/06/18,470,470,465,465,400,465,1
2009/06/22,410,410,410,410,800,410,1
2009/06/25,470,470,470,470,1100,470,1
2009/07/03,418,418,418,418,100,418,1
2009/07/06,468,468,468,468,200,468,1
2009/07/07,420,420,420,420,200,420,1
2009/07/10,465,465,465,465,1200,465,1
2009/07/15,460,460,460,460,3800,460,1
2009/07/16,460,460,460,460,500,460,1
2009/07/24,465,465,465,465,3600,465,1
2009/07/27,450,450,450,450,100,450,1
2009/08/10,448,448,448,448,1000,448,1
2009/08/17,446,446,446,446,4200,446,1
2009/08/25,456,501,456,501,1200,501,1
2009/08/28,450,450,450,450,300,450,1
2009/08/31,420,420,420,420,200,420,1
2009/09/01,439,439,439,439,100,439,1
2009/09/10,479,479,479,479,900,479,1
2009/09/15,479,479,479,479,2100,479,1
2009/09/16,479,479,479,479,1800,479,1
2009/09/17,429,429,429,429,100,429,1
2009/09/25,500,500,500,500,1000,500,1
2009/10/13,498,498,498,498,900,498,1
2009/10/15,480,480,480,480,3900,480,1
2009/10/20,480,480,480,480,100,480,1
2009/10/23,480,480,480,480,1200,480,1
2009/10/30,499,499,499,499,100,499,1
2009/11/10,498,498,498,498,900,498,1
2009/11/13,433,433,433,433,2000,433,1
2009/11/16,435,450,435,450,4700,450,1
2009/11/17,450,450,450,450,4200,450,1
2009/11/24,464,464,464,464,100,464,1
2009/11/25,474,474,474,474,1100,474,1
2009/12/02,440,440,440,440,1000,440,1
2009/12/10,440,440,440,440,1100,440,1
2009/12/11,391,391,391,391,2000,391,1
2009/12/15,396,410,396,410,300,410,1
2009/12/16,420,430,410,410,5400,410,1
2009/12/22,390,410,390,410,1100,410,1
2009/12/25,410,410,410,410,1400,410,1
2010/01/06,384,400,384,400,1200,400,1
2010/01/07,400,400,400,400,100,400,1
2010/01/08,400,400,400,400,100,400,1
2010/01/12,404,405,404,405,1100,405,1
2010/01/15,405,405,405,405,4700,405,1
2010/01/20,400,400,400,400,2000,400,1
2010/01/25,403,403,403,403,1300,403,1
2010/01/26,400,400,400,400,2000,400,1
2010/01/27,400,400,400,400,1000,400,1
2010/01/28,400,400,400,400,1000,400,1
2010/01/29,400,400,400,400,1000,400,1
2010/02/01,400,400,400,400,3000,400,1
2010/02/08,400,400,400,400,100,400,1
2010/02/09,400,400,400,400,300,400,1
2010/02/10,440,440,440,440,1000,440,1
2010/02/15,419,419,419,419,3000,419,1
2010/02/16,419,419,419,419,1200,419,1
2010/02/25,429,430,429,430,1200,430,1
2010/03/08,440,440,440,440,600,440,1
2010/03/10,438,438,438,438,1100,438,1
2010/03/15,438,438,438,438,4200,438,1
2010/03/25,438,438,438,438,1300,438,1
2010/04/08,480,480,480,480,100,480,1
2010/04/12,480,490,480,480,3900,480,1
2010/04/13,480,480,480,480,2700,480,1
2010/04/15,480,480,480,480,1400,480,1
2010/04/16,480,480,480,480,1000,480,1
2010/04/19,480,480,480,480,1000,480,1
2010/04/20,479,479,479,479,500,479,1
2010/04/23,490,490,490,490,1000,490,1
2010/04/26,480,480,480,480,800,480,1
2010/04/30,480,480,480,480,100,480,1
2010/05/07,480,490,480,490,600,490,1
2010/05/10,489,489,489,489,1000,489,1
2010/05/17,489,490,489,490,1300,490,1
2010/05/18,510,510,510,510,100,510,1
2010/05/19,509,509,509,509,3500,509,1
2010/05/25,609,609,609,609,900,609,1
2010/05/28,450,450,450,450,100,450,1
2010/05/31,450,450,450,450,2900,450,1
2010/06/03,450,450,450,450,700,450,1
2010/06/09,451,451,451,451,100,451,1
2010/06/10,510,510,510,510,800,510,1
2010/06/15,509,509,509,509,3700,509,1
2010/06/21,500,500,500,500,1200,500,1
2010/06/25,500,500,500,500,1000,500,1
2010/07/09,490,490,490,490,200,490,1
2010/07/12,500,500,500,500,1000,500,1
2010/07/15,500,500,500,500,3700,500,1
2010/07/21,490,490,490,490,200,490,1
2010/07/23,500,500,500,500,1000,500,1
2010/08/09,490,490,490,490,100,490,1
2010/08/10,499,499,443,450,2100,450,1
2010/08/16,450,450,450,450,2000,450,1
2010/08/18,470,470,470,470,2100,470,1
2010/08/19,498,498,498,498,800,498,1
2010/08/25,497,497,497,497,1000,497,1
2010/09/06,426,435,426,435,5500,435,1
2010/09/09,453,453,453,453,100,453,1
2010/09/10,485,485,485,485,1000,485,1
2010/09/15,468,468,468,468,4100,468,1
2010/09/22,442,442,442,442,100,442,1
2010/09/24,442,442,442,442,1100,442,1
2010/10/08,442,442,442,442,100,442,1
2010/10/12,442,442,441,441,1500,441,1
2010/10/15,441,441,441,441,4200,441,1
2010/10/25,442,442,442,442,1100,442,1
2010/11/08,450,450,450,450,600,450,1
2010/11/10,485,485,485,485,1000,485,1
2010/11/11,485,500,485,500,600,500,1
2010/11/15,484,484,450,450,4900,450,1
2010/11/19,450,451,445,445,1500,445,1
2010/11/25,448,450,448,450,1100,450,1
2010/12/08,450,465,450,450,1200,450,1
2010/12/09,450,450,450,450,200,450,1
2010/12/10,465,480,443,443,1700,443,1
2010/12/14,459,459,459,459,100,459,1
2010/12/15,458,458,458,458,4100,458,1
2010/12/22,469,469,469,469,300,469,1
2010/12/24,460,460,460,460,1100,460,1
2011/01/07,462,462,455,455,1000,455,1
2011/01/11,500,500,500,500,900,500,1
2011/01/13,470,480,470,480,2100,480,1
2011/01/17,480,480,480,480,3900,480,1
2011/01/24,480,480,480,480,600,480,1
2011/01/25,498,499,498,499,1000,499,1
2011/02/03,459,459,459,459,200,459,1
2011/02/04,460,460,460,460,100,460,1
2011/02/09,500,520,485,485,3100,485,1
2011/02/10,561,565,500,500,3800,500,1
2011/02/14,475,515,475,515,400,515,1
2011/02/15,515,515,515,515,3400,515,1
2011/02/16,480,480,466,466,500,466,1
2011/02/25,535,535,535,535,900,535,1
2011/03/01,500,500,500,500,300,500,1
2011/03/07,483,498,483,498,2500,498,1
2011/03/09,495,495,495,495,100,495,1
2011/03/10,495,500,495,500,1000,500,1
2011/03/14,450,498,450,498,700,498,1
2011/03/15,498,498,498,498,3700,498,1
2011/03/24,485,485,485,485,100,485,1
2011/03/25,485,485,485,485,1000,485,1
2011/04/07,480,485,480,485,1000,485,1
2011/04/08,484,485,484,485,200,485,1
2011/04/11,500,500,500,500,900,500,1
2011/04/13,474,498,474,498,1300,498,1
2011/04/15,498,500,498,498,4200,498,1
2011/04/22,475,475,471,471,300,471,1
2011/04/25,495,495,467,467,1100,467,1
2011/04/27,475,475,475,475,100,475,1
2011/04/28,461,461,461,461,100,461,1
2011/05/02,460,460,460,460,1000,460,1
2011/05/06,465,465,465,465,100,465,1
2011/05/09,470,470,470,470,300,470,1
2011/05/10,470,470,470,470,1100,470,1
2011/05/11,470,470,470,470,3700,470,1
2011/05/16,470,470,465,465,4200,465,1
2011/05/17,465,465,444,456,1700,456,1
2011/05/19,450,466,450,466,1200,466,1
2011/05/24,468,468,468,468,100,468,1
2011/05/25,464,468,464,468,1100,468,1
2011/05/26,465,465,465,465,100,465,1
2011/05/27,452,452,452,452,300,452,1
2011/06/01,452,452,452,452,300,452,1
2011/06/07,460,462,446,462,800,462,1
2011/06/10,464,464,464,464,1000,464,1
2011/06/14,469,469,469,469,100,469,1
2011/06/15,469,469,469,469,1700,469,1
2011/06/16,469,469,469,469,1800,469,1
2011/06/17,469,469,469,469,400,469,1
2011/06/20,468,468,468,468,500,468,1
2011/06/23,465,465,465,465,100,465,1
2011/06/24,470,470,460,460,1200,460,1
2011/07/05,450,460,450,460,2900,460,1
2011/07/06,453,453,450,450,3300,450,1
2011/07/08,450,450,450,450,200,450,1
2011/07/11,450,450,450,450,1200,450,1
2011/07/13,450,450,450,450,100,450,1
2011/07/14,450,465,450,457,1200,457,1
2011/07/15,456,456,456,456,5200,456,1
2011/07/25,463,463,450,450,2700,450,1
2011/08/05,432,432,432,432,400,432,1
2011/08/09,432,440,432,440,500,440,1
2011/08/10,440,440,440,440,1100,440,1
2011/08/15,440,440,440,440,4200,440,1
2011/08/16,440,440,440,440,300,440,1
2011/08/23,440,440,440,440,200,440,1
2011/08/24,464,464,464,464,100,464,1
2011/08/25,464,464,464,464,1000,464,1
2011/09/01,464,464,464,464,800,464,1
2011/09/07,472,472,472,472,100,472,1
2011/09/09,471,471,471,471,100,471,1
2011/09/12,470,471,450,450,3200,450,1
2011/09/13,445,445,445,445,300,445,1
2011/09/15,445,445,445,445,2700,445,1
2011/09/16,445,445,445,445,600,445,1
2011/09/20,445,445,445,445,400,445,1
2011/09/21,450,450,450,450,400,450,1
2011/09/22,450,450,450,450,1200,450,1
2011/09/26,440,440,440,440,100,440,1
2011/10/04,440,440,440,440,400,440,1
2011/10/05,440,440,431,431,300,431,1
2011/10/06,440,440,440,440,100,440,1
2011/10/07,450,460,450,460,300,460,1
2011/10/11,450,450,441,441,1500,441,1
2011/10/12,432,432,431,431,400,431,1
2011/10/13,410,434,410,434,6800,434,1
2011/10/14,410,410,410,410,1500,410,1
2011/10/17,410,426,410,426,4100,426,1
2011/10/18,426,426,426,426,1300,426,1
2011/10/19,420,426,420,426,600,426,1
2011/10/24,430,430,422,430,300,430,1
2011/10/25,428,428,428,428,1200,428,1
2011/11/01,430,430,430,430,100,430,1
2011/11/02,421,428,420,428,400,428,1
2011/11/07,444,444,444,444,100,444,1
2011/11/08,444,444,444,444,100,444,1
2011/11/09,440,440,440,440,100,440,1
2011/11/10,438,439,431,431,1600,431,1
2011/11/11,439,439,439,439,100,439,1
2011/11/14,433,438,433,438,500,438,1
2011/11/15,438,438,438,438,4300,438,1
2011/11/22,431,431,431,431,200,431,1
2011/11/24,439,439,439,439,200,439,1
2011/11/25,454,454,447,447,1500,447,1
2011/12/07,444,444,442,442,500,442,1
2011/12/08,440,440,440,440,200,440,1
2011/12/09,440,440,440,440,100,440,1
2011/12/12,449,449,449,449,1200,449,1
2011/12/14,458,458,440,440,5200,440,1
2011/12/15,440,445,440,440,1400,440,1
2011/12/19,442,443,442,443,400,443,1
2011/12/20,458,458,458,458,3200,458,1
2011/12/21,458,458,458,458,100,458,1
2011/12/22,474,474,474,474,1300,474,1
2012/01/06,471,474,469,474,500,474,1
2012/01/10,474,474,460,460,1700,460,1
2012/01/12,460,460,460,460,700,460,1
2012/01/13,465,475,465,475,200,475,1
2012/01/16,475,475,463,463,4300,463,1
2012/01/17,448,448,448,448,1000,448,1
2012/01/19,448,448,440,440,300,440,1
2012/01/20,424,435,424,430,400,430,1
2012/01/23,431,447,431,440,300,440,1
2012/01/24,436,458,436,458,300,458,1
2012/01/25,457,457,436,436,1300,436,1
2012/01/26,440,440,440,440,300,440,1
2012/01/27,435,435,435,435,1500,435,1
2012/01/30,435,435,431,431,300,431,1
2012/01/31,431,431,431,431,100,431,1
2012/02/01,431,431,431,431,100,431,1
2012/02/02,431,431,431,431,100,431,1
2012/02/03,423,426,378,378,7500,378,1
2012/02/06,400,419,400,419,2300,419,1
2012/02/07,425,425,410,425,800,425,1
2012/02/08,430,430,430,430,500,430,1
2012/02/09,434,434,430,430,200,430,1
2012/02/10,422,430,422,430,1500,430,1
2012/02/13,426,426,426,426,400,426,1
2012/02/14,434,435,430,435,300,435,1
2012/02/15,434,434,434,434,4300,434,1
2012/02/23,430,430,430,430,100,430,1
2012/02/24,431,431,431,431,1100,431,1
2012/02/27,511,511,511,511,2300,511,1
2012/02/28,443,459,441,455,2300,455,1
2012/02/29,450,450,442,442,300,442,1
2012/03/01,445,445,445,445,100,445,1
2012/03/02,451,451,451,451,100,451,1
2012/03/05,459,459,451,451,200,451,1
2012/03/06,443,443,443,443,700,443,1
2012/03/12,449,449,449,449,1200,449,1
2012/03/13,446,446,446,446,100,446,1
2012/03/14,454,468,446,468,2200,468,1
2012/03/15,468,468,468,468,4000,468,1
2012/03/19,445,445,445,445,100,445,1
2012/03/21,445,445,445,445,200,445,1
2012/03/22,449,450,449,450,2100,450,1
2012/03/23,450,450,450,450,1100,450,1
2012/03/27,445,450,445,450,900,450,1
2012/04/06,440,440,440,440,100,440,1
2012/04/09,440,440,440,440,100,440,1
2012/04/10,450,450,440,440,1600,440,1
2012/04/13,445,445,445,445,100,445,1
2012/04/16,445,445,445,445,4100,445,1
2012/04/19,450,450,450,450,100,450,1
2012/04/25,450,450,450,450,1000,450,1
2012/05/07,450,450,450,450,400,450,1
2012/05/08,450,450,450,450,1400,450,1
2012/05/09,452,452,452,452,300,452,1
2012/05/10,460,460,460,460,1200,460,1
2012/05/14,460,460,453,453,1000,453,1
2012/05/15,453,460,412,412,6600,412,1
2012/05/17,412,412,412,412,200,412,1
2012/05/25,470,470,470,470,1100,470,1
2012/05/29,470,470,470,470,100,470,1
2012/06/04,440,440,440,440,100,440,1
2012/06/11,500,500,500,500,1100,500,1
2012/06/12,450,450,450,450,4500,450,1
2012/06/13,450,450,450,450,200,450,1
2012/06/14,445,445,445,445,1100,445,1
2012/06/15,445,445,445,445,4200,445,1
2012/06/19,437,437,437,437,600,437,1
2012/06/20,430,430,430,430,700,430,1
2012/06/22,433,433,433,433,100,433,1
2012/06/25,445,445,445,445,1100,445,1
2012/06/28,437,437,437,437,100,437,1
2012/07/03,413,413,413,413,4600,413,1
2012/07/06,445,445,445,445,100,445,1
2012/07/09,445,445,445,445,300,445,1
2012/07/10,445,445,445,445,1200,445,1
2012/07/12,445,445,445,445,100,445,1
2012/07/13,445,445,445,445,700,445,1
2012/07/17,443,443,438,438,6000,438,1
2012/07/19,440,440,440,440,300,440,1
2012/07/24,432,432,432,432,800,432,1
2012/07/25,456,456,456,456,2900,456,1
2012/08/07,445,445,445,445,200,445,1
2012/08/09,442,450,442,450,400,450,1
2012/08/10,490,490,490,490,900,490,1
2012/08/14,479,479,471,471,1300,471,1
2012/08/15,470,470,470,470,4200,470,1
2012/08/20,454,466,450,450,2700,450,1
2012/08/23,450,450,450,450,100,450,1
2012/08/24,450,450,450,450,1100,450,1
2012/08/27,450,450,445,445,1300,445,1
2012/08/29,450,450,450,450,1100,450,1
2012/08/30,450,450,450,450,300,450,1
2012/09/03,442,442,442,442,300,442,1
2012/09/05,442,442,442,442,200,442,1
2012/09/07,443,444,443,444,300,444,1
2012/09/10,445,445,445,445,1100,445,1
2012/09/11,445,445,445,445,2600,445,1
2012/09/13,450,450,450,450,600,450,1
2012/09/14,445,445,442,442,1600,442,1
2012/09/18,442,442,437,437,4400,437,1
2012/09/19,429,429,429,429,300,429,1
2012/09/20,430,430,430,430,600,430,1
2012/09/25,440,440,432,432,1900,432,1
2012/09/27,420,420,420,420,900,420,1
2012/10/01,415,415,415,415,300,415,1
2012/10/02,415,415,415,415,200,415,1
2012/10/05,414,414,408,408,600,408,1
2012/10/09,415,415,415,415,100,415,1
2012/10/10,420,420,413,413,1100,413,1
2012/10/12,415,415,415,415,500,415,1
2012/10/15,416,416,411,411,5900,411,1
2012/10/17,420,420,420,420,5100,420,1
2012/10/23,412,412,400,400,4100,400,1
2012/10/24,400,400,400,400,300,400,1
2012/10/25,400,400,400,400,2900,400,1
2012/10/26,392,392,374,391,3800,391,1
2012/10/29,398,398,398,398,100,398,1
2012/10/31,390,390,390,390,1200,390,1
2012/11/05,399,399,399,399,200,399,1
2012/11/06,396,396,396,396,200,396,1
2012/11/07,394,394,394,394,200,394,1
2012/11/09,400,400,400,400,100,400,1
2012/11/12,400,400,400,400,1600,400,1
2012/11/13,402,440,402,405,17200,405,1
2012/11/14,410,412,372,389,5500,389,1
2012/11/15,389,395,389,395,1300,395,1
2012/11/16,399,400,395,400,400,400,1
2012/11/19,400,400,385,388,5500,388,1
2012/11/20,400,400,395,395,1100,395,1
2012/11/21,392,399,392,399,400,399,1
2012/11/22,399,400,399,400,2300,400,1
2012/11/28,392,392,392,392,1400,392,1
2012/11/29,400,400,400,400,400,400,1
2012/11/30,400,400,399,399,900,399,1
2012/12/03,400,400,400,400,700,400,1
2012/12/05,395,395,395,395,200,395,1
2012/12/06,395,395,395,395,100,395,1
2012/12/07,399,400,399,400,2200,400,1
2012/12/10,400,400,400,400,3900,400,1
2012/12/11,398,398,395,395,1200,395,1
2012/12/12,394,400,394,400,1200,400,1
2012/12/13,400,400,400,400,500,400,1
2012/12/14,400,411,395,400,5800,400,1
2012/12/17,402,408,400,400,5900,400,1
2012/12/18,394,395,394,395,1200,395,1
2012/12/19,397,397,396,396,500,396,1
2012/12/20,395,399,395,399,500,399,1
2012/12/21,399,400,399,400,300,400,1
2012/12/25,400,400,400,400,1600,400,1
2012/12/28,398,403,398,403,1300,403,1
2013/01/04,405,405,393,402,4000,402,1
2013/01/07,405,409,405,409,2600,409,1
2013/01/09,408,422,408,421,1800,421,1
2013/01/10,427,427,420,420,2800,420,1
2013/01/11,416,416,416,416,400,416,1
2013/01/15,416,427,416,427,4700,427,1
2013/01/16,420,420,417,418,2000,418,1
2013/01/17,427,427,427,427,1000,427,1
2013/01/18,417,426,417,426,1100,426,1
2013/01/21,422,422,420,420,2500,420,1
2013/01/22,421,421,420,420,5000,420,1
2013/01/23,420,420,419,419,2700,419,1
2013/01/24,420,420,420,420,1300,420,1
2013/01/25,420,420,419,420,3300,420,1
2013/01/28,420,420,420,420,4300,420,1
2013/01/29,420,420,420,420,4100,420,1
2013/01/30,421,421,421,421,1100,421,1
2013/01/31,422,422,422,422,1000,422,1
2013/02/04,427,431,427,431,3200,431,1
2013/02/05,433,435,425,433,4800,433,1
2013/02/06,427,437,425,437,7600,437,1
2013/02/07,438,442,435,435,5600,435,1
2013/02/08,435,435,434,435,9800,435,1
2013/02/12,436,447,435,440,18900,440,1
2013/02/13,440,440,398,405,39800,405,1
2013/02/14,410,411,398,400,9300,400,1
2013/02/15,401,402,398,398,9300,398,1
2013/02/18,397,402,397,401,900,401,1
2013/02/19,405,405,405,405,400,405,1
2013/02/20,400,400,394,395,4700,395,1
2013/02/21,395,400,395,400,2100,400,1
2013/02/22,400,405,400,405,1100,405,1
2013/02/25,410,410,406,406,5700,406,1
2013/02/26,406,413,406,412,700,412,1
2013/02/28,400,401,400,401,1100,401,1
2013/03/01,405,405,400,400,3900,400,1
2013/03/04,407,408,405,405,1400,405,1
2013/03/05,407,407,405,406,1800,406,1
2013/03/06,405,408,405,405,800,405,1
2013/03/07,408,410,408,409,1300,409,1
2013/03/08,415,420,415,420,3600,420,1
2013/03/11,426,426,416,420,3700,420,1
2013/03/12,419,421,418,421,2500,421,1
2013/03/14,424,424,416,416,1900,416,1
2013/03/15,418,426,415,426,10900,426,1
2013/03/18,433,440,427,427,7000,427,1
2013/03/19,425,427,421,421,3600,421,1
2013/03/21,425,428,422,427,12900,427,1
2013/03/22,430,438,430,438,1600,438,1
2013/03/25,440,440,422,422,2400,422,1
2013/03/26,434,436,430,430,800,430,1
2013/03/27,433,433,432,432,800,432,1
2013/03/28,432,434,428,428,2000,428,1
2013/03/29,426,426,406,420,2500,420,1
2013/04/01,420,420,405,405,4100,405,1
2013/04/02,403,412,400,412,1700,412,1
2013/04/05,412,412,400,401,2500,401,1
2013/04/09,413,417,413,417,1400,417,1
2013/04/10,418,418,412,418,1800,418,1
2013/04/11,410,414,410,414,1100,414,1
2013/04/12,417,417,417,417,400,417,1
2013/04/15,419,426,419,426,2000,426,1
2013/04/16,426,427,426,426,4600,426,1
2013/04/17,428,428,419,419,600,419,1
2013/04/18,421,425,421,425,1300,425,1
2013/04/19,425,428,425,427,1700,427,1
2013/04/22,430,433,430,433,400,433,1
2013/04/23,435,437,434,434,2300,434,1
2013/04/24,438,439,438,439,1300,439,1
2013/04/25,440,440,440,440,1100,440,1
2013/04/26,439,439,431,431,1600,431,1
2013/04/30,430,434,421,431,3000,431,1
2013/05/01,431,431,431,431,1000,431,1
2013/05/02,430,440,427,438,3600,438,1
2013/05/07,447,447,442,442,1400,442,1
2013/05/08,444,451,443,443,2700,443,1
2013/05/09,448,449,442,448,4000,448,1
2013/05/10,450,488,450,450,10600,450,1
2013/05/13,450,454,448,450,10900,450,1
2013/05/14,449,481,449,457,36600,457,1
2013/05/15,468,474,420,450,44800,450,1
2013/05/16,449,449,424,431,3100,431,1
2013/05/17,430,437,425,436,6100,436,1
2013/05/20,440,440,432,432,6500,432,1
2013/05/21,440,440,435,436,2900,436,1
2013/05/22,437,437,416,425,3200,425,1
2013/05/23,435,435,419,419,7900,419,1
2013/05/24,420,433,414,420,6100,420,1
2013/05/27,416,416,382,400,7200,400,1
2013/05/28,400,405,390,405,1600,405,1
2013/05/29,410,410,400,405,2900,405,1
2013/05/30,405,405,398,398,2700,398,1
2013/05/31,405,405,404,404,200,404,1
2013/06/03,401,401,396,396,1100,396,1
2013/06/04,396,396,392,393,1300,393,1
2013/06/05,395,395,395,395,300,395,1
2013/06/06,396,399,378,379,6400,379,1
2013/06/07,379,379,355,355,14800,355,1
2013/06/10,390,425,390,410,4500,410,1
2013/06/11,404,404,393,400,4900,400,1
2013/06/12,395,397,395,397,200,397,1
2013/06/13,397,397,386,386,2300,386,1
2013/06/14,400,412,400,406,7000,406,1
2013/06/17,406,406,406,406,2400,406,1
2013/06/18,407,409,407,409,900,409,1
2013/06/19,413,421,413,421,2200,421,1
2013/06/20,432,449,431,449,7700,449,1
2013/06/21,448,449,440,448,4500,448,1
2013/06/24,440,440,440,440,300,440,1
2013/06/25,440,440,440,440,1100,440,1
2013/06/26,417,427,412,412,1700,412,1
2013/06/27,403,408,403,404,2500,404,1
2013/06/28,412,412,408,408,1900,408,1
2013/07/01,416,428,416,428,1300,428,1
2013/07/02,428,432,428,432,1000,432,1
2013/07/03,434,435,434,435,700,435,1
2013/07/04,435,436,435,436,700,436,1
2013/07/05,436,436,436,436,600,436,1
2013/07/08,439,440,439,440,200,440,1
2013/07/09,430,430,417,420,2200,420,1
2013/07/10,435,435,435,435,1200,435,1
2013/07/11,434,434,434,434,200,434,1
2013/07/16,442,442,424,424,11200,424,1
2013/07/18,432,432,432,432,600,432,1
2013/07/19,433,433,432,432,700,432,1
2013/07/22,432,433,430,433,1200,433,1
2013/07/23,433,433,422,422,1500,422,1
2013/07/24,435,436,435,435,1300,435,1
2013/07/25,448,448,426,426,15400,426,1
2013/07/26,434,434,434,434,100,434,1
2013/07/29,434,435,430,430,1700,430,1
2013/07/30,430,430,422,422,1200,422,1
2013/08/01,422,422,422,422,100,422,1
2013/08/02,422,422,422,422,500,422,1
2013/08/05,430,430,430,430,800,430,1
2013/08/06,430,430,430,430,1000,430,1
2013/08/07,430,430,425,425,600,425,1
2013/08/08,425,425,425,425,800,425,1
2013/08/09,431,434,431,434,300,434,1
2013/08/12,440,440,440,440,1200,440,1
2013/08/13,430,430,425,430,4700,430,1
2013/08/14,430,430,430,430,11600,430,1
2013/08/15,430,435,430,435,1200,435,1
2013/08/16,435,435,435,435,2600,435,1
2013/08/20,455,455,436,436,2900,436,1
2013/08/21,447,447,426,430,4200,430,1
2013/08/22,434,439,434,439,1100,439,1
2013/08/23,454,454,445,445,1800,445,1
2013/08/26,445,445,425,425,4100,425,1
2013/08/27,426,426,426,426,100,426,1
2013/08/29,426,426,426,426,700,426,1
2013/08/30,426,429,426,429,600,429,1
2013/09/03,430,430,430,430,600,430,1
2013/09/04,430,430,430,430,800,430,1
2013/09/05,423,423,423,423,5000,423,1
2013/09/06,425,425,425,425,400,425,1
2013/09/09,428,430,428,430,1000,430,1
2013/09/10,429,429,429,429,1700,429,1
2013/09/11,422,422,419,419,1300,419,1
2013/09/12,420,420,411,413,2400,413,1
2013/09/13,413,423,413,423,2400,423,1
2013/09/17,430,453,426,450,7500,450,1
2013/09/18,450,460,450,450,5000,450,1
2013/09/19,460,466,460,466,5200,466,1
2013/09/20,466,467,466,466,900,466,1
2013/09/24,460,460,459,460,7700,460,1
2013/09/25,473,473,462,465,1200,465,1
2013/09/26,437,457,437,455,3000,455,1
2013/09/27,460,466,450,450,2500,450,1
2013/09/30,462,462,462,462,100,462,1
2013/10/01,460,466,450,466,2400,466,1
2013/10/02,464,464,459,459,4100,459,1
2013/10/03,459,467,459,467,900,467,1
2013/10/04,460,460,460,460,2300,460,1
2013/10/07,462,462,462,462,200,462,1
2013/10/08,463,463,463,463,400,463,1
2013/10/09,465,467,465,466,500,466,1
2013/10/10,470,472,470,472,1700,472,1
2013/10/11,473,480,470,480,600,480,1
2013/10/15,480,520,480,505,3500,505,1
2013/10/16,510,517,506,507,4900,507,1
2013/10/17,517,517,492,499,7000,499,1
2013/10/18,499,499,492,492,200,492,1
2013/10/21,472,478,472,478,1300,478,1
2013/10/22,499,499,480,481,3700,481,1
2013/10/23,480,482,480,482,1800,482,1
2013/10/24,481,481,471,471,1700,471,1
2013/10/25,477,478,476,478,1400,478,1
2013/10/28,462,462,460,460,3100,460,1
2013/10/29,470,470,470,470,400,470,1
2013/10/30,470,470,470,470,100,470,1
2013/11/01,461,461,460,460,1000,460,1
2013/11/05,463,463,463,463,300,463,1
2013/11/06,461,498,461,470,4700,470,1
2013/11/07,469,481,469,475,2800,475,1
2013/11/08,475,475,474,475,900,475,1
2013/11/11,475,475,475,475,2000,475,1
2013/11/12,473,555,473,555,118000,555,1
2013/11/13,575,630,502,527,142900,527,1
2013/11/14,557,600,535,540,61900,540,1
2013/11/15,553,573,528,528,22100,528,1
2013/11/18,541,580,541,570,24200,570,1
2013/11/19,588,588,569,572,10100,572,1
2013/11/20,576,638,565,624,42900,624,1
2013/11/21,654,695,643,660,51100,660,1
2013/11/22,659,659,611,649,16200,649,1
2013/11/25,650,663,628,663,15500,663,1
2013/11/26,665,665,642,652,10900,652,1
2013/11/27,652,652,632,645,9600,645,1
2013/11/28,649,649,623,634,4900,634,1
2013/11/29,625,634,601,622,18200,622,1
2013/12/02,625,679,625,660,23900,660,1
2013/12/03,676,729,674,683,29600,683,1
2013/12/04,677,695,670,683,11300,683,1
2013/12/05,705,729,705,713,12200,713,1
2013/12/06,715,715,693,698,4200,698,1
2013/12/09,712,725,708,716,7500,716,1
2013/12/10,716,717,701,711,4500,711,1
2013/12/11,707,707,685,701,4400,701,1
2013/12/12,700,700,680,694,7800,694,1
2013/12/13,700,710,678,695,7700,695,1
2013/12/16,695,700,658,660,13900,660,1
2013/12/17,645,649,636,636,10300,636,1
2013/12/18,626,640,626,640,12300,640,1
2013/12/19,647,649,623,623,7000,623,1
2013/12/20,616,645,615,639,16100,639,1
2013/12/24,621,648,621,630,8000,630,1
2013/12/25,645,647,631,635,6900,635,1
2013/12/26,630,719,630,668,10800,668,1
2013/12/27,688,688,666,666,2300,666,1
2013/12/30,686,692,670,672,8900,672,1
2014/01/06,679,700,679,700,6500,700,1
2014/01/07,695,695,672,689,11800,689,1
2014/01/08,700,720,690,710,19000,710,1
2014/01/09,724,745,712,734,11700,734,1
2014/01/10,755,760,742,744,9400,744,1
2014/01/14,725,736,710,718,6400,718,1
2014/01/15,723,739,718,726,6200,726,1
2014/01/16,739,758,733,749,10900,749,1
2014/01/17,750,754,748,750,5300,750,1
2014/01/20,746,760,730,760,11500,760,1
2014/01/21,750,758,741,746,4900,746,1
2014/01/22,748,754,720,725,11800,725,1
2014/01/23,727,730,725,730,2200,730,1
2014/01/24,723,736,705,714,9100,714,1
2014/01/27,699,706,689,691,6300,691,1
2014/01/28,699,707,699,707,1800,707,1
2014/01/29,723,735,723,730,1400,730,1
2014/01/30,720,720,695,696,500,696,1
2014/01/31,705,705,667,688,10000,688,1
2014/02/03,678,688,655,655,6500,655,1
2014/02/04,615,617,580,604,24100,604,1
2014/02/05,607,644,607,644,4800,644,1
2014/02/06,650,650,628,630,3600,630,1
2014/02/07,642,646,641,646,2000,646,1
2014/02/10,678,678,667,672,6100,672,1
2014/02/12,683,706,683,706,10600,706,1
2014/02/13,703,710,678,701,27900,701,1
2014/02/14,697,697,650,670,15200,670,1
2014/02/17,670,670,667,667,3300,667,1
2014/02/18,665,685,664,685,5200,685,1
2014/02/19,690,720,689,700,10800,700,1
2014/02/20,710,740,704,708,12200,708,1
2014/02/21,703,719,703,719,2700,719,1
2014/02/24,710,714,701,714,2100,714,1
2014/02/25,718,718,689,694,3700,694,1
2014/02/26,694,704,694,704,200,704,1
2014/02/27,704,704,682,689,2400,689,1
2014/02/28,708,708,692,692,900,692,1
2014/03/03,702,708,694,708,6300,708,1
2014/03/04,700,700,695,695,1500,695,1
2014/03/05,700,708,699,708,2900,708,1
2014/03/06,700,714,686,701,2300,701,1
2014/03/07,702,705,697,703,1600,703,1
2014/03/10,700,703,700,700,1500,700,1
2014/03/11,699,700,699,700,2100,700,1
2014/03/12,698,698,681,683,2800,683,1
2014/03/13,689,691,684,684,4100,684,1
2014/03/14,687,687,673,678,5700,678,1
2014/03/17,678,678,661,661,9600,661,1
2014/03/18,667,667,640,652,10300,652,1
2014/03/19,655,655,645,655,2300,655,1
2014/03/20,655,658,602,614,8400,614,1
2014/03/24,620,651,620,642,5500,642,1
2014/03/25,665,665,648,648,1800,648,1
2014/03/26,648,650,642,642,2000,642,1
2014/03/27,640,642,640,642,500,642,1
2014/03/28,640,645,638,645,2200,645,1
2014/03/31,660,660,638,652,3000,652,1
2014/04/01,651,651,651,651,2300,651,1
2014/04/02,660,669,660,669,2200,669,1
2014/04/03,669,689,669,688,3300,688,1
2014/04/04,686,686,677,677,2500,677,1
2014/04/07,675,675,655,659,3400,659,1
2014/04/08,650,651,649,650,3600,650,1
2014/04/09,645,668,645,649,2700,649,1
2014/04/10,665,665,646,646,2800,646,1
2014/04/11,650,650,610,632,5600,632,1
2014/04/14,650,650,641,641,1800,641,1
2014/04/15,644,644,630,633,6900,633,1
2014/04/16,633,633,624,633,5400,633,1
2014/04/17,633,633,627,633,300,633,1
2014/04/18,630,631,617,617,3400,617,1
2014/04/21,630,630,621,621,1500,621,1
2014/04/22,641,643,624,625,2000,625,1
2014/04/23,634,634,634,634,100,634,1
2014/04/24,631,634,626,634,1000,634,1
2014/04/25,630,630,625,625,2800,625,1
2014/04/28,615,615,615,615,600,615,1
2014/04/30,620,620,620,620,500,620,1
2014/05/01,613,615,609,610,2200,610,1
2014/05/02,628,630,626,630,1700,630,1
2014/05/07,640,640,621,621,800,621,1
2014/05/08,630,630,616,616,500,616,1
2014/05/09,614,620,613,615,2100,615,1
2014/05/12,610,620,606,617,11500,617,1
2014/05/13,625,625,549,583,16800,583,1
2014/05/14,586,586,540,540,19900,540,1
2014/05/15,520,534,520,529,8700,529,1
2014/05/16,521,534,492,492,6500,492,1
2014/05/19,492,493,451,453,6300,453,1
2014/05/20,456,456,445,450,10600,450,1
2014/05/21,444,456,444,445,7100,445,1
2014/05/22,457,465,451,458,3600,458,1
2014/05/23,461,465,459,461,7000,461,1
2014/05/26,473,499,473,487,6500,487,1
2014/05/27,481,492,474,476,9700,476,1
2014/05/28,478,487,478,483,1700,483,1
2014/05/29,480,481,476,476,3200,476,1
2014/05/30,478,483,465,479,5300,479,1
2014/06/02,480,485,476,483,1600,483,1
2014/06/03,485,487,481,481,5600,481,1
2014/06/04,500,555,500,507,14100,507,1
2014/06/05,517,517,500,505,8100,505,1
2014/06/06,511,511,507,507,1300,507,1
2014/06/09,509,514,508,509,900,509,1
2014/06/10,518,518,518,518,1000,518,1
2014/06/11,519,519,511,515,1300,515,1
2014/06/12,511,519,501,519,4700,519,1
2014/06/13,512,518,506,518,3800,518,1
2014/06/16,518,520,518,518,4300,518,1
2014/06/17,508,508,493,503,6000,503,1
2014/06/18,504,504,496,496,1900,496,1
2014/06/19,495,505,494,500,4600,500,1
2014/06/20,501,507,500,500,4700,500,1
2014/06/23,506,506,502,505,700,505,1
2014/06/24,503,507,501,505,2600,505,1
2014/06/25,507,510,505,510,4500,510,1
2014/06/26,509,509,500,501,6800,501,1
2014/06/27,506,506,495,500,4500,500,1
2014/06/30,495,505,495,497,6900,497,1
2014/07/01,500,507,500,500,3100,500,1
2014/07/02,507,510,502,505,3200,505,1
2014/07/03,506,512,506,512,2000,512,1
2014/07/04,515,516,514,514,2500,514,1
2014/07/07,515,517,515,517,600,517,1
2014/07/08,515,520,514,520,4100,520,1
2014/07/09,510,516,510,515,3700,515,1
2014/07/10,518,518,509,509,2600,509,1
2014/07/11,512,513,509,510,4000,510,1
2014/07/14,507,516,507,515,1100,515,1
2014/07/15,515,517,506,513,17700,513,1
2014/07/16,515,520,514,520,900,520,1
2014/07/17,524,524,515,516,1200,516,1
2014/07/18,513,513,513,513,900,513,1
2014/07/22,513,524,513,524,500,524,1
2014/07/23,522,530,522,530,2700,530,1
2014/07/24,530,540,530,538,2700,538,1
2014/07/25,535,536,525,535,5900,535,1
2014/07/28,537,537,537,537,600,537,1
2014/07/29,532,534,532,533,700,533,1
2014/07/30,535,535,514,521,3200,521,1
2014/07/31,521,527,518,527,3500,527,1
2014/08/01,518,524,518,524,300,524,1
2014/08/04,527,528,527,527,400,527,1
2014/08/05,527,530,523,523,1200,523,1
2014/08/06,523,523,523,523,400,523,1
2014/08/07,525,525,525,525,100,525,1
2014/08/08,525,525,520,520,1400,520,1
2014/08/11,530,530,529,529,1100,529,1
2014/08/12,526,526,526,526,100,526,1
2014/08/13,529,554,528,549,6300,549,1
2014/08/14,541,546,538,538,2900,538,1
2014/08/15,531,531,521,529,8500,529,1
2014/08/18,530,535,529,530,1300,530,1
2014/08/19,540,540,540,540,100,540,1
2014/08/20,540,540,532,534,600,534,1
2014/08/21,537,538,529,529,4100,529,1
2014/08/22,530,532,530,532,500,532,1
2014/08/25,535,535,533,535,2200,535,1
2014/08/26,538,538,538,538,100,538,1
2014/08/27,533,534,533,533,1000,533,1
2014/08/28,536,536,532,532,2500,532,1
2014/08/29,536,536,532,533,1100,533,1
2014/09/01,535,536,535,536,900,536,1
2014/09/02,537,537,534,534,600,534,1
2014/09/03,539,554,534,542,5100,542,1
2014/09/04,545,548,545,547,2600,547,1
2014/09/05,550,554,550,554,4300,554,1
2014/09/08,551,551,549,549,1400,549,1
2014/09/09,550,554,550,553,1600,553,1
2014/09/10,554,570,552,570,6900,570,1
2014/09/11,574,574,560,562,4300,562,1
2014/09/12,563,569,555,560,7400,560,1
2014/09/16,560,570,550,556,5600,556,1
2014/09/17,555,555,550,550,1400,550,1
2014/09/18,551,555,551,551,800,551,1
2014/09/19,549,549,545,545,2100,545,1
2014/09/22,565,565,550,551,3500,551,1
2014/09/24,563,563,559,560,3300,560,1
2014/09/25,566,569,557,561,2700,561,1
2014/09/26,551,580,551,580,4000,580,1
2014/09/29,570,570,570,570,1500,570,1
2014/09/30,568,568,562,563,2900,563,1
2014/10/01,561,563,561,563,1100,563,1
2014/10/02,551,556,540,540,5700,540,1
2014/10/03,540,552,540,552,800,552,1
2014/10/06,553,556,553,555,1900,555,1
2014/10/07,550,553,550,550,2200,550,1
2014/10/08,550,550,543,550,1900,550,1
2014/10/09,555,557,546,553,2700,553,1
2014/10/10,540,555,540,555,6600,555,1
2014/10/14,538,540,531,540,1200,540,1
2014/10/15,530,538,530,538,4300,538,1
2014/10/16,530,530,520,520,1500,520,1
2014/10/17,520,520,517,520,1900,520,1
2014/10/20,520,524,520,524,400,524,1
2014/10/21,526,526,521,521,700,521,1
2014/10/22,528,535,528,535,400,535,1
2014/10/23,530,536,530,536,1200,536,1
2014/10/24,555,555,535,535,1800,535,1
2014/10/27,530,530,520,525,1000,525,1
2014/10/28,539,539,539,539,100,539,1
2014/10/29,545,549,544,549,2000,549,1
2014/10/30,543,544,525,525,4200,525,1
2014/10/31,530,535,525,535,2800,535,1
2014/11/04,542,548,540,543,4500,543,1
2014/11/05,544,560,540,547,1900,547,1
2014/11/06,547,547,547,547,100,547,1
2014/11/07,549,550,548,550,2000,550,1
2014/11/10,568,568,548,553,2600,553,1
2014/11/11,553,560,545,560,3400,560,1
2014/11/12,550,660,550,660,151000,660,1
2014/11/13,661,680,594,617,115100,617,1
2014/11/14,621,621,598,600,14800,600,1
2014/11/17,601,601,571,571,8900,571,1
2014/11/18,590,603,578,603,5300,603,1
2014/11/19,593,596,593,595,2100,595,1
2014/11/20,585,593,584,593,5100,593,1
2014/11/21,602,602,593,593,500,593,1
2014/11/25,601,605,600,604,1500,604,1
2014/11/26,604,614,600,600,6200,600,1
2014/11/27,600,608,600,608,700,608,1
2014/11/28,607,608,598,600,1800,600,1
2014/12/01,605,619,605,614,2100,614,1
2014/12/02,614,614,604,604,1100,604,1
2014/12/03,605,606,595,600,3100,600,1
2014/12/04,600,600,600,600,1000,600,1
2014/12/05,600,603,600,603,900,603,1
2014/12/08,602,610,593,600,4200,600,1
2014/12/09,600,603,595,595,1000,595,1
2014/12/10,605,605,600,600,2200,600,1
2014/12/11,590,597,582,597,5700,597,1
2014/12/12,607,607,600,600,1600,600,1
2014/12/15,600,600,582,582,4400,582,1
2014/12/16,573,587,573,582,23300,582,1
2014/12/17,590,590,576,581,1000,581,1
2014/12/18,585,592,570,575,11500,575,1
2014/12/19,580,592,576,587,6900,587,1
2014/12/22,586,590,586,590,2800,590,1
2014/12/24,591,601,591,600,16100,600,1
2014/12/25,602,602,592,592,1700,592,1
2014/12/26,593,598,593,598,400,598,1
2014/12/29,608,611,608,611,3600,611,1
2014/12/30,617,618,611,618,800,618,1
2015/01/05,609,616,609,616,600,616,1
2015/01/06,612,614,593,600,7000,600,1
2015/01/07,604,618,590,607,4300,607,1
2015/01/08,617,618,608,618,1700,618,1
2015/01/09,635,635,620,620,2800,620,1
2015/01/13,618,618,618,618,1500,618,1
2015/01/14,620,620,618,620,4800,620,1
2015/01/15,620,620,620,620,3600,620,1
2015/01/16,620,620,620,620,300,620,1
2015/01/20,625,625,615,615,500,615,1
2015/01/21,617,617,617,617,100,617,1
2015/01/22,627,627,625,625,200,625,1
2015/01/23,628,628,627,627,700,627,1
2015/01/26,620,620,617,617,200,617,1
2015/01/27,617,621,617,621,500,621,1
2015/01/28,621,630,621,630,700,630,1
2015/01/30,620,620,617,617,200,617,1
2015/02/02,619,619,612,612,300,612,1
2015/02/03,610,610,604,604,3400,604,1
2015/02/04,612,613,603,603,5200,603,1
2015/02/05,615,615,615,615,300,615,1
2015/02/06,610,610,602,602,5900,602,1
2015/02/09,613,614,603,607,2800,607,1
2015/02/10,617,617,617,617,1200,617,1
2015/02/12,618,625,618,625,3300,625,1
2015/02/13,625,650,610,612,7300,612,1
2015/02/16,614,615,610,610,11500,610,1
2015/02/17,608,608,605,607,2300,607,1
2015/02/18,610,612,610,610,1100,610,1
2015/02/19,612,612,612,612,600,612,1
2015/02/20,614,614,585,600,2000,600,1
2015/02/23,618,618,618,618,400,618,1
2015/02/24,617,617,607,616,400,616,1
2015/02/25,616,616,606,608,1400,608,1
2015/02/26,608,620,608,619,2900,619,1
2015/02/27,623,623,616,622,1400,622,1
2015/03/02,625,635,625,633,2700,633,1
2015/03/03,627,630,620,630,3200,630,1
2015/03/04,620,630,617,630,1000,630,1
2015/03/05,620,635,619,634,3300,634,1
2015/03/09,630,634,623,633,1000,633,1
2015/03/10,635,635,621,621,1500,621,1
2015/03/11,622,622,620,620,1200,620,1
2015/03/12,625,625,625,625,100,625,1
2015/03/13,616,621,616,619,3300,619,1
2015/03/16,619,627,619,624,1800,624,1
2015/03/17,629,629,622,627,13200,627,1
2015/03/18,635,637,627,635,4000,635,1
2015/03/19,637,637,615,615,14300,615,1
2015/03/20,624,624,624,624,1100,624,1
2015/03/23,624,625,624,625,1800,625,1
2015/03/24,625,627,624,626,3600,626,1
2015/03/25,637,637,625,627,5700,627,1
2015/03/26,618,638,618,638,5100,638,1
2015/03/27,621,621,621,621,200,621,1
2015/03/30,625,625,625,625,2100,625,1
2015/03/31,629,629,629,629,100,629,1
2015/04/01,620,620,620,620,1300,620,1
2015/04/02,621,621,621,621,200,621,1
2015/04/03,621,621,621,621,100,621,1
2015/04/06,621,621,620,621,3000,621,1
2015/04/07,622,625,622,625,800,625,1
2015/04/08,625,630,625,628,2400,628,1
2015/04/09,633,634,633,634,700,634,1
2015/04/10,631,631,627,627,2000,627,1
2015/04/13,628,628,627,627,200,627,1
2015/04/15,628,632,628,632,1400,632,1
2015/04/16,634,639,634,637,3200,637,1
2015/04/17,639,648,637,648,3600,648,1
2015/04/20,660,660,649,650,6700,650,1
2015/04/21,648,648,640,640,1600,640,1
2015/04/22,633,636,633,636,200,636,1
2015/04/23,648,650,648,650,2100,650,1
2015/04/24,657,670,657,666,2900,666,1
2015/04/27,666,666,662,662,1100,662,1
2015/04/28,658,662,650,651,900,651,1
2015/04/30,657,657,641,643,1000,643,1
2015/05/01,640,650,630,638,2000,638,1
2015/05/07,638,638,635,635,1400,635,1
2015/05/08,638,645,638,645,300,645,1
2015/05/11,648,648,640,640,4100,640,1
2015/05/12,640,660,640,660,500,660,1
2015/05/13,655,760,647,760,51200,760,1
2015/05/14,775,910,773,909,776700,909,1
2015/05/15,890,890,767,769,226600,769,1
2015/05/18,756,758,723,738,46100,738,1
2015/05/19,726,734,710,719,39700,719,1
2015/05/20,713,725,712,712,15300,712,1
2015/05/21,742,808,727,770,84300,770,1
2015/05/22,770,770,741,744,16700,744,1
2015/05/25,796,880,776,818,109000,818,1
2015/05/26,878,895,838,854,53900,854,1
2015/05/27,842,843,817,840,23100,840,1
2015/05/28,855,855,810,810,16500,810,1
2015/05/29,824,830,811,812,13100,812,1
2015/06/01,800,820,774,810,11100,810,1
2015/06/02,806,806,786,790,5700,790,1
2015/06/03,810,810,794,794,3000,794,1
2015/06/04,800,814,795,808,16500,808,1
2015/06/05,809,830,809,820,7100,820,1
2015/06/08,828,839,814,814,10500,814,1
2015/06/09,839,839,820,834,15000,834,1
2015/06/10,835,845,834,845,12900,845,1
2015/06/11,845,845,824,834,8500,834,1
2015/06/12,835,835,790,800,35800,800,1
2015/06/15,780,781,772,774,20100,774,1
2015/06/16,780,780,760,763,7900,763,1
2015/06/17,761,770,761,766,3900,766,1
2015/06/18,764,765,750,750,5500,750,1
2015/06/19,753,759,753,758,1900,758,1
2015/06/22,762,792,753,787,7000,787,1
2015/06/23,772,810,772,805,7400,805,1
2015/06/24,811,815,795,815,3800,815,1
2015/06/25,802,803,788,798,2200,798,1
2015/06/26,785,798,781,798,700,798,1
2015/06/29,768,773,767,772,2300,772,1
2015/06/30,785,786,780,781,1200,781,1
2015/07/01,796,806,796,806,4500,806,1
2015/07/02,795,796,793,793,1200,793,1
2015/07/03,782,803,780,803,1600,803,1
2015/07/06,773,803,773,784,2500,784,1
2015/07/07,772,795,772,780,300,780,1
2015/07/08,780,780,738,739,8200,739,1
2015/07/09,740,740,710,740,2200,740,1
2015/07/10,760,760,743,755,1800,755,1
2015/07/13,759,767,758,767,1000,767,1
2015/07/14,769,778,767,778,5900,778,1
2015/07/15,778,797,778,797,6700,797,1
2015/07/16,797,801,797,800,7400,800,1
2015/07/17,786,800,785,800,1500,800,1
2015/07/21,800,800,780,792,1300,792,1
2015/07/22,769,778,761,778,7000,778,1
2015/07/23,779,779,769,779,1500,779,1
2015/07/24,800,800,800,800,3300,800,1
2015/07/28,798,798,775,775,300,775,1
2015/07/29,775,775,745,760,7300,760,1
2015/07/30,761,776,761,776,600,776,1
2015/07/31,761,761,750,750,2100,750,1
2015/08/03,775,775,753,753,1200,753,1
2015/08/04,753,765,753,765,500,765,1
2015/08/05,759,759,740,759,2300,759,1
2015/08/06,760,760,750,754,400,754,1
2015/08/07,752,752,734,740,3500,740,1
2015/08/10,746,750,725,725,2600,725,1
2015/08/11,726,726,720,721,1600,721,1
2015/08/12,717,721,710,710,1400,710,1
2015/08/13,709,859,702,787,87300,787,1
2015/08/14,802,802,777,778,12400,778,1
2015/08/17,795,809,789,802,9300,802,1
2015/08/18,809,809,786,803,3600,803,1
2015/08/19,790,790,780,780,1300,780,1
2015/08/20,780,782,778,780,800,780,1
2015/08/21,777,777,740,755,7200,755,1
2015/08/24,740,740,677,677,11300,677,1
2015/08/25,627,668,600,620,16200,620,1
2015/08/26,670,670,633,660,2500,660,1
2015/08/27,662,680,662,670,3500,670,1
2015/08/28,671,722,671,710,8200,710,1
2015/08/31,710,710,688,692,1400,692,1
2015/09/01,692,692,670,670,1500,670,1
2015/09/02,670,685,670,685,600,685,1
2015/09/03,688,704,688,704,3600,704,1
2015/09/07,679,679,635,641,2200,641,1
2015/09/08,627,633,618,618,2900,618,1
2015/09/09,631,651,631,650,2900,650,1
2015/09/10,674,674,672,672,1000,672,1
2015/09/11,673,673,658,660,2400,660,1
2015/09/14,661,672,661,672,900,672,1
2015/09/15,672,675,672,675,2200,675,1
2015/09/17,675,687,675,687,2600,687,1
2015/09/18,676,695,666,670,1100,670,1
2015/09/25,690,690,675,675,1700,675,1
2015/09/28,675,726,675,700,1800,700,1
2015/09/29,667,683,667,683,1000,683,1
2015/10/06,696,698,696,697,1100,697,1
2015/10/07,699,713,699,713,1200,713,1
2015/10/08,720,737,720,720,1400,720,1
2015/10/09,737,743,735,735,1900,735,1
2015/10/13,747,748,735,748,2400,748,1
2015/10/14,744,745,725,725,2500,725,1
2015/10/15,726,734,725,734,1000,734,1
2015/10/16,734,736,734,736,1300,736,1
2015/10/19,736,736,736,736,800,736,1
2015/10/20,764,764,718,718,900,718,1
2015/10/21,716,746,716,722,1200,722,1
2015/10/22,722,722,717,717,1500,717,1
2015/10/23,742,742,711,711,2100,711,1
2015/10/26,734,734,725,734,1700,734,1
2015/10/27,719,724,710,711,2400,711,1
2015/10/28,711,711,710,710,1300,710,1
2015/10/29,725,725,715,725,1000,725,1
2015/10/30,716,716,710,711,1200,711,1
2015/11/02,726,726,707,711,5300,711,1
2015/11/04,726,737,711,717,8800,717,1
2015/11/05,716,730,716,725,700,725,1
2015/11/06,740,740,726,728,3700,728,1
2015/11/09,743,743,725,735,9300,735,1
2015/11/10,750,754,740,746,2700,746,1
2015/11/11,761,761,746,760,4500,760,1
2015/11/12,764,809,763,778,42200,778,1
2015/11/13,774,775,757,772,13300,772,1
2015/11/16,778,781,772,772,3600,772,1
2015/11/17,778,782,777,782,3900,782,1
2015/11/18,786,799,782,785,6900,785,1
2015/11/19,778,778,751,765,5900,765,1
2015/11/20,760,767,748,763,5800,763,1
2015/11/24,783,783,768,778,4600,778,1
2015/11/25,780,780,763,766,3800,766,1
2015/11/26,755,760,755,760,1200,760,1
2015/11/27,762,772,762,772,1100,772,1
2015/11/30,788,788,767,767,1800,767,1
2015/12/01,777,789,765,787,1200,787,1
2015/12/02,783,792,783,792,400,792,1
2015/12/03,778,795,777,784,1500,784,1
2015/12/04,780,789,778,789,1300,789,1
2015/12/07,804,804,789,796,900,796,1
2015/12/08,807,807,797,805,2000,805,1
2015/12/09,799,802,798,798,1600,798,1
2015/12/10,794,794,789,789,1800,789,1
2015/12/11,774,780,764,773,1400,773,1
2015/12/14,774,774,763,765,1400,765,1
2015/12/15,765,766,757,757,3200,757,1
2015/12/17,766,766,766,766,500,766,1
2015/12/18,779,779,774,774,300,774,1
2015/12/21,787,787,771,771,1200,771,1
2015/12/24,771,771,768,768,500,768,1
2015/12/25,757,757,741,745,1100,745,1
2015/12/28,751,754,751,754,300,754,1
2015/12/29,757,757,755,755,200,755,1
2015/12/30,759,759,750,750,200,750,1
2016/01/04,752,752,750,750,500,750,1
2016/01/05,750,750,746,746,300,746,1
2016/01/06,746,747,745,745,1000,745,1
2016/01/07,741,741,741,741,400,741,1
2016/01/08,750,750,750,750,200,750,1
2016/01/12,758,758,725,725,2500,725,1
2016/01/13,710,719,708,717,1700,717,1
2016/01/14,730,730,716,716,1100,716,1
2016/01/15,717,725,716,725,1400,725,1
2016/01/18,714,714,700,700,3600,700,1
2016/01/20,715,715,679,679,1400,679,1
2016/01/21,690,690,656,656,1900,656,1
2016/01/22,657,659,631,659,1400,659,1
2016/01/25,671,671,666,666,800,666,1
2016/01/27,663,674,663,674,500,674,1
2016/01/29,682,688,682,688,500,688,1
2016/02/01,700,700,699,699,300,699,1
2016/02/02,699,699,699,699,200,699,1
2016/02/04,702,703,702,703,200,703,1
2016/02/05,703,703,695,695,1500,695,1
2016/02/08,702,707,702,707,200,707,1
2016/02/09,699,700,674,694,1100,694,1
2016/02/10,689,689,651,651,2100,651,1
2016/02/12,601,615,601,614,1800,614,1
2016/02/15,614,689,614,645,3300,645,1
2016/02/16,696,700,682,690,3300,690,1
2016/02/17,690,698,685,690,3000,690,1
2016/02/18,687,687,687,687,100,687,1
2016/02/19,688,688,688,688,400,688,1
2016/02/23,689,700,687,687,500,687,1
2016/02/24,669,669,665,665,2100,665,1
2016/02/25,700,700,677,677,900,677,1
2016/02/26,675,676,670,671,2900,671,1
2016/02/29,691,695,691,695,400,695,1
2016/03/01,685,685,685,685,100,685,1
2016/03/02,690,702,690,702,200,702,1
2016/03/03,703,703,690,690,400,690,1
2016/03/08,670,670,670,670,1000,670,1
2016/03/09,670,680,669,669,1500,669,1
2016/03/10,679,679,679,679,800,679,1
2016/03/11,678,680,666,680,1000,680,1
2016/03/14,685,686,681,685,1000,685,1
2016/03/15,689,698,685,691,1400,691,1
2016/03/16,695,699,695,699,800,699,1
2016/03/17,707,708,701,701,400,701,1
2016/03/18,745,745,729,732,2900,732,1
2016/03/22,725,735,725,730,400,730,1
2016/03/23,727,729,727,729,300,729,1
2016/03/24,725,735,720,720,1500,720,1
2016/03/25,721,721,718,718,1200,718,1
2016/03/28,703,708,702,708,3900,708,1
2016/03/31,700,700,700,700,100,700,1
2016/04/04,675,675,675,675,200,675,1
2016/04/05,672,672,662,662,500,662,1
2016/04/06,662,662,628,648,1700,648,1
2016/04/07,648,648,647,647,200,647,1
2016/04/08,646,650,645,650,600,650,1
2016/04/11,650,650,645,650,1300,650,1
2016/04/12,645,650,636,650,400,650,1
2016/04/13,640,645,627,645,1300,645,1
2016/04/14,660,661,658,661,1300,661,1
2016/04/15,661,664,661,661,4300,661,1
2016/04/18,661,661,643,643,1300,643,1
2016/04/20,650,650,650,650,900,650,1
2016/04/21,656,664,656,664,3300,664,1
2016/04/22,661,662,659,662,1500,662,1
2016/04/25,672,672,660,663,3500,663,1
2016/04/26,663,663,659,659,1600,659,1
2016/04/27,669,669,669,669,300,669,1
2016/04/28,669,669,669,669,300,669,1
2016/05/02,632,650,631,650,1700,650,1
2016/05/06,651,651,649,649,1000,649,1
2016/05/09,650,655,648,653,1400,653,1
2016/05/10,660,660,657,659,2800,659,1
2016/05/11,656,660,656,660,800,660,1
2016/05/12,654,654,654,654,200,654,1
2016/05/13,674,675,640,640,8200,640,1
2016/05/16,649,690,615,615,21900,615,1
2016/05/17,625,625,601,611,4800,611,1
2016/05/18,601,611,601,604,2600,604,1
2016/05/19,604,605,603,603,800,603,1
2016/05/20,605,607,593,599,4800,599,1
2016/05/23,603,604,600,604,2600,604,1
2016/05/24,605,606,605,606,400,606,1
2016/05/25,607,610,607,607,1700,607,1
2016/05/27,607,616,607,609,1400,609,1
2016/05/30,608,609,608,609,1700,609,1
2016/05/31,620,620,620,620,1100,620,1
2016/06/01,616,618,615,615,1400,615,1
2016/06/02,616,616,615,615,900,615,1
2016/06/03,615,615,610,610,300,610,1
2016/06/06,611,614,611,614,200,614,1
2016/06/07,617,617,607,607,3400,607,1
2016/06/08,608,625,606,607,4500,607,1
2016/06/09,607,608,607,608,300,608,1
2016/06/10,615,615,601,602,3000,602,1
2016/06/13,609,609,595,595,1600,595,1
2016/06/14,593,593,589,589,1700,589,1
2016/06/15,589,599,589,599,3700,599,1
2016/06/16,584,584,568,571,2800,571,1
2016/06/17,571,571,571,571,2200,571,1
2016/06/20,572,574,568,568,2400,568,1
2016/06/21,569,569,568,568,600,568,1
2016/06/22,569,569,567,567,1200,567,1
2016/06/23,568,568,567,567,1100,567,1
2016/06/24,577,577,553,553,1200,553,1
2016/06/27,550,555,548,548,1900,548,1
2016/06/28,568,615,568,570,3100,570,1
2016/06/30,600,600,600,600,100,600,1
2016/07/01,591,591,579,579,300,579,1
2016/07/04,583,583,583,583,100,583,1
2016/07/06,584,584,584,584,200,584,1
2016/07/07,587,596,587,596,200,596,1
2016/07/08,592,602,592,602,500,602,1
2016/07/11,605,610,602,610,1800,610,1
2016/07/12,614,614,612,612,800,612,1
2016/07/13,615,620,607,618,3000,618,1
2016/07/14,618,628,616,616,1100,616,1
2016/07/15,616,625,616,625,5500,625,1
2016/07/19,625,630,625,630,14500,630,1
2016/07/21,687,687,650,650,2800,650,1
2016/07/22,663,663,659,659,400,659,1
2016/07/25,689,689,659,659,5400,659,1
2016/07/27,631,641,631,641,700,641,1
2016/07/28,641,641,620,620,1500,620,1
2016/07/29,620,620,620,620,200,620,1
2016/08/01,620,620,620,620,200,620,1
2016/08/03,615,615,615,615,200,615,1
2016/08/04,616,616,616,616,900,616,1
2016/08/08,619,620,619,620,900,620,1
2016/08/09,622,628,622,628,300,628,1
2016/08/10,648,648,648,648,800,648,1
2016/08/12,620,630,620,630,1200,630,1
2016/08/15,633,646,632,639,3000,639,1
2016/08/16,639,639,639,639,3000,639,1
2016/08/17,633,633,630,630,600,630,1
2016/08/18,637,637,627,627,300,627,1
2016/08/22,626,626,626,626,100,626,1
2016/08/23,626,626,626,626,1200,626,1
2016/08/25,627,627,627,627,500,627,1
2016/08/26,620,620,620,620,1100,620,1
2016/08/29,621,624,621,621,2800,621,1
2016/08/30,620,620,617,617,1200,617,1
2016/08/31,617,617,617,617,100,617,1
2016/09/01,614,614,611,611,1200,611,1
2016/09/05,611,611,604,610,3300,610,1
2016/09/07,610,611,610,610,600,610,1
2016/09/08,610,610,609,610,600,610,1
2016/09/09,608,611,607,611,1100,611,1
2016/09/12,620,620,604,604,1600,604,1
2016/09/13,605,633,590,595,17700,595,1
2016/09/14,591,592,591,591,2100,591,1
2016/09/15,590,590,585,585,3500,585,1
2016/09/16,587,587,586,586,300,586,1
2016/09/20,586,587,585,586,1400,586,1
2016/09/21,582,585,582,585,2600,585,1
2016/09/23,587,587,587,587,600,587,1
2016/09/26,581,581,581,581,1700,581,1
2016/09/27,583,586,575,576,5800,576,1
2016/09/28,575,577,575,575,2600,575,1
2016/09/29,575,579,575,579,200,579,1
2016/09/30,578,578,572,572,3500,572,1
2016/10/04,577,577,570,570,1000,570,1
2016/10/05,576,576,573,575,400,575,1
2016/10/06,570,575,562,570,12800,570,1
2016/10/07,571,584,570,584,24000,584,1
2016/10/11,584,584,583,583,2600,583,1
2016/10/12,583,586,583,586,4100,586,1
2016/10/13,587,598,587,598,200,598,1
2016/10/14,600,608,599,599,2200,599,1
2016/10/17,599,604,599,604,1800,604,1
2016/10/18,605,606,600,604,3600,604,1
2016/10/19,606,606,592,603,800,603,1
2016/10/20,606,606,603,603,400,603,1
2016/10/21,603,611,603,607,2000,607,1
2016/10/24,610,611,606,609,1900,609,1
2016/10/25,610,612,610,612,1900,612,1
2016/10/26,616,617,616,617,600,617,1
2016/10/28,618,619,618,619,3600,619,1
2016/10/31,619,619,619,619,700,619,1
2016/11/01,615,615,615,615,500,615,1
2016/11/04,615,615,615,615,100,615,1
2016/11/07,614,615,614,615,600,615,1
2016/11/08,615,615,612,612,1300,612,1
2016/11/09,606,612,606,606,800,606,1
2016/11/10,616,619,609,619,3800,619,1
2016/11/11,619,626,618,620,2000,620,1
2016/11/14,629,629,620,629,3800,629,1
2016/11/15,629,633,629,629,2000,629,1
2016/11/16,629,631,629,631,600,631,1
2016/11/17,631,636,631,636,500,636,1
2016/11/18,652,652,636,641,1900,641,1
2016/11/21,641,641,641,641,600,641,1
2016/11/22,641,645,638,638,1600,638,1
2016/11/24,639,642,639,641,2000,641,1
2016/11/25,641,643,641,643,1200,643,1
2016/11/28,645,645,645,645,800,645,1
2016/11/29,648,648,639,645,1900,645,1
2016/11/30,645,654,644,652,1300,652,1
2016/12/01,655,655,655,655,800,655,1
2016/12/02,655,665,638,645,6400,645,1
2016/12/05,655,660,650,650,3400,650,1
2016/12/07,654,658,654,658,200,658,1
2016/12/08,667,668,667,668,1400,668,1
2016/12/09,670,675,669,675,1900,675,1
2016/12/12,677,679,670,670,4000,670,1
2016/12/13,677,678,677,678,700,678,1
2016/12/14,676,678,676,676,900,676,1
2016/12/15,676,691,676,691,2800,691,1
2016/12/16,691,698,691,692,1300,692,1
2016/12/19,698,700,695,700,900,700,1
2016/12/20,735,735,707,710,4500,710,1
2016/12/21,720,720,716,716,200,716,1
2016/12/22,719,719,716,719,2200,719,1
2016/12/26,725,729,719,719,2700,719,1
2016/12/27,719,720,719,720,1100,720,1
2016/12/29,720,720,717,717,500,717,1
2017/01/04,717,720,709,718,2500,718,1
2017/01/05,718,740,717,717,500,717,1
2017/01/06,714,725,701,701,1700,701,1
2017/01/10,703,705,703,705,1000,705,1
2017/01/11,705,709,705,705,2200,705,1
2017/01/12,706,710,706,710,500,710,1
2017/01/13,702,720,702,719,1400,719,1
2017/01/16,719,719,716,716,3100,716,1
2017/01/23,710,710,710,710,1600,710,1
2017/01/24,711,711,710,710,300,710,1
2017/01/25,711,711,681,698,2000,698,1
2017/01/26,703,703,703,703,200,703,1
2017/01/27,704,706,701,701,700,701,1
2017/01/30,702,702,702,702,100,702,1
2017/01/31,703,703,703,703,300,703,1
2017/02/01,710,711,710,711,300,711,1
2017/02/02,711,711,710,710,400,710,1
2017/02/03,710,710,710,710,100,710,1
2017/02/07,712,712,712,712,100,712,1
2017/02/08,712,714,712,714,1800,714,1
2017/02/09,724,729,724,726,1700,726,1
2017/02/10,734,734,732,732,1000,732,1
2017/02/13,735,740,732,740,400,740,1
2017/02/14,733,750,704,704,4200,704,1
2017/02/15,704,709,704,709,5600,709,1
2017/02/16,713,715,709,715,1200,715,1
2017/02/17,711,715,710,710,1500,710,1
2017/02/20,724,732,718,722,1800,722,1
2017/02/21,735,735,735,735,700,735,1
2017/02/22,734,735,734,735,4400,735,1
2017/02/23,735,735,734,734,2000,734,1
2017/02/24,735,736,735,736,11200,736,1
2017/02/27,749,749,740,740,1300,740,1
2017/02/28,740,740,739,740,2300,740,1
2017/03/01,740,741,740,741,300,741,1
2017/03/02,744,749,744,749,600,749,1
2017/03/03,749,749,749,749,100,749,1
2017/03/06,749,749,745,749,1000,749,1
2017/03/07,750,767,750,767,900,767,1
2017/03/08,767,767,767,767,1300,767,1
2017/03/09,766,772,766,772,1200,772,1
2017/03/10,773,776,772,772,2800,772,1
2017/03/13,785,788,784,788,2200,788,1
2017/03/14,789,800,789,800,1900,800,1
2017/03/15,802,803,785,785,6100,785,1
2017/03/16,785,785,785,785,400,785,1
2017/03/17,778,780,778,779,1500,779,1
2017/03/21,794,794,779,779,300,779,1
2017/03/22,781,781,775,775,600,775,1
2017/03/24,770,770,770,770,500,770,1
2017/03/27,771,771,768,768,400,768,1
2017/03/28,765,765,762,765,1000,765,1
2017/04/03,763,763,757,757,300,757,1
2017/04/04,751,757,726,748,1500,748,1
2017/04/05,748,748,748,748,100,748,1
2017/04/06,733,733,733,733,700,733,1
2017/04/07,733,733,731,732,800,732,1
2017/04/10,732,732,732,732,1200,732,1
2017/04/11,731,732,731,732,300,732,1
2017/04/12,730,730,702,721,4500,721,1
2017/04/13,710,710,710,710,100,710,1
2017/04/17,710,713,710,710,4000,710,1
2017/04/18,711,711,710,710,300,710,1
2017/04/19,701,710,701,710,1100,710,1
2017/04/21,714,714,708,714,3600,714,1
2017/04/24,717,722,717,722,200,722,1
2017/04/25,725,725,700,722,1900,722,1
2017/04/26,727,728,727,728,200,728,1
2017/04/27,720,728,706,721,1600,721,1
2017/04/28,720,721,720,721,2100,721,1
2017/05/01,721,721,720,721,1000,721,1
2017/05/02,722,736,722,736,1200,736,1
2017/05/08,751,751,742,742,600,742,1
2017/05/09,751,768,751,762,800,762,1
2017/05/10,770,777,767,771,1100,771,1
2017/05/11,766,770,766,768,500,768,1
2017/05/12,778,778,768,768,400,768,1
2017/05/15,768,827,768,791,3900,791,1
2017/05/16,805,820,805,810,4000,810,1
2017/05/17,810,814,809,809,2800,809,1
2017/05/18,807,809,807,809,1700,809,1
2017/05/19,809,809,803,803,1800,803,1
2017/05/22,805,812,803,810,4100,810,1
2017/05/23,805,820,805,814,4200,814,1
2017/05/24,815,824,815,824,4300,824,1
2017/05/25,825,837,824,837,8000,837,1
2017/05/26,838,838,832,837,2600,837,1
2017/05/29,837,838,837,837,4700,837,1
2017/05/30,837,842,832,832,5000,832,1
2017/05/31,832,842,832,842,6900,842,1
2017/06/01,849,864,849,864,3600,864,1
2017/06/02,856,858,856,858,700,858,1
2017/06/05,859,875,859,875,1700,875,1
2017/06/06,870,870,864,864,1000,864,1
2017/06/07,861,861,860,860,400,860,1
2017/06/08,860,870,860,870,1300,870,1
2017/06/09,878,878,877,878,1100,878,1
2017/06/12,884,884,874,874,2300,874,1
2017/06/13,875,877,874,877,1400,877,1
2017/06/14,883,884,877,877,1700,877,1
2017/06/15,877,877,875,876,3700,876,1
2017/06/16,883,901,883,897,10000,897,1
2017/06/19,910,937,910,924,4400,924,1
2017/06/20,910,924,910,924,13100,924,1
2017/06/21,932,964,932,939,13500,939,1
2017/06/22,939,960,926,960,14300,960,1
2017/06/23,975,975,953,956,6700,956,1
2017/06/26,951,969,951,956,2000,956,1
2017/06/27,976,980,957,970,3100,970,1
2017/06/28,975,975,965,967,500,967,1
2017/06/29,979,980,968,980,1300,980,1
2017/06/30,969,969,967,967,200,967,1
2017/07/03,952,952,947,947,1300,947,1
2017/07/04,947,947,931,946,1000,946,1
2017/07/05,933,934,933,933,1500,933,1
2017/07/06,937,947,937,947,600,947,1
2017/07/07,944,944,925,936,8100,936,1
2017/07/10,947,960,947,950,6100,950,1
2017/07/12,955,959,955,956,1900,956,1
2017/07/13,963,990,963,983,6000,983,1
2017/07/14,985,992,985,988,4700,988,1
2017/07/18,988,989,968,968,12700,968,1
2017/07/19,968,988,968,983,1100,983,1
2017/07/20,990,1007,990,992,4000,992,1
2017/07/21,988,988,980,980,1800,980,1
2017/07/24,994,994,985,985,200,985,1
2017/07/25,1026,1026,1010,1010,7500,1010,1
2017/07/26,1010,1028,998,998,2400,998,1
2017/07/27,999,1016,999,1013,6200,1013,1
2017/07/28,1013,1013,1000,1000,2300,1000,1
2017/07/31,1000,1000,1000,1000,100,1000,1
2017/08/01,1008,1008,996,996,700,996,1
2017/08/02,984,984,979,979,1100,979,1
2017/08/03,1027,1027,992,995,1500,995,1
2017/08/04,1015,1015,965,965,400,965,1
2017/08/07,965,997,965,997,800,997,1
2017/08/08,995,995,965,967,2300,967,1
2017/08/09,1000,1000,964,970,2500,970,1
2017/08/10,969,969,950,969,5300,969,1
2017/08/14,975,1038,960,960,15900,960,1
2017/08/15,960,960,921,929,7200,929,1
2017/08/16,930,944,930,942,2200,942,1
2017/08/17,949,949,934,949,900,949,1
2017/08/18,940,940,938,938,1400,938,1
2017/08/22,927,933,927,933,1000,933,1
2017/08/23,940,943,895,939,6200,939,1
2017/08/24,909,918,909,917,4100,917,1
2017/08/25,917,934,917,932,1000,932,1
2017/08/28,930,950,925,950,6100,950,1
2017/08/29,959,974,951,954,2100,954,1
2017/08/30,954,954,938,939,2100,939,1
2017/08/31,944,945,937,938,1000,938,1
2017/09/01,937,942,937,942,1300,942,1
2017/09/04,957,957,937,957,1900,957,1
2017/09/05,957,960,952,960,3900,960,1
2017/09/06,941,962,941,962,1600,962,1
2017/09/07,972,972,960,964,5900,964,1
2017/09/08,967,978,964,978,1700,978,1
2017/09/11,980,988,960,988,3000,988,1
2017/09/12,988,988,965,988,1300,988,1
2017/09/13,988,1005,980,1000,2700,1000,1
2017/09/14,1001,1001,983,995,1700,995,1
2017/09/15,995,1010,995,1006,3500,1006,1
2017/09/19,1000,1000,993,1000,2300,1000,1
2017/09/20,1000,1000,990,1000,1900,1000,1
2017/09/21,991,1006,990,1005,600,1005,1
2017/09/22,998,1000,998,1000,600,1000,1
2017/09/25,1000,1005,975,1000,3900,1000,1
2017/09/26,999,1030,996,996,900,996,1
2017/09/27,1019,1019,1019,1019,100,1019,1
2017/09/28,1019,1025,1019,1023,3700,1023,1
2017/09/29,1019,1019,1019,1019,100,1019,1
2017/10/02,1016,1018,1005,1018,1800,1018,1
2017/10/03,1006,1010,1006,1010,1100,1010,1
2017/10/04,1038,1038,1038,1038,1500,1038,1
2017/10/05,1027,1027,1024,1024,300,1024,1
2017/10/06,1024,1028,1024,1028,800,1028,1
2017/10/10,1020,1022,1018,1022,1800,1022,1
2017/10/11,1004,1004,1004,1004,1000,1004,1
2017/10/12,1010,1010,1010,1010,300,1010,1
2017/10/13,1016,1016,1015,1015,700,1015,1
2017/10/16,1026,1026,1020,1021,2600,1021,1
2017/10/17,1027,1027,1020,1020,2900,1020,1
2017/10/18,1027,1027,1015,1015,700,1015,1
2017/10/19,1017,1017,1014,1014,500,1014,1
2017/10/20,1012,1012,1010,1011,300,1011,1
2017/10/23,1010,1010,999,1009,2300,1009,1
2017/10/24,1010,1010,995,1000,2700,1000,1
2017/10/25,1007,1010,1007,1010,2000,1010,1
2017/10/26,1010,1010,1005,1005,600,1005,1
2017/10/27,1010,1019,1010,1019,3200,1019,1
2017/10/30,1020,1080,1020,1059,4200,1059,1
2017/10/31,1058,1058,1032,1032,1800,1032,1
2017/11/01,1041,1041,1041,1041,300,1041,1
2017/11/02,1042,1042,1042,1042,100,1042,1
2017/11/06,1040,1040,1039,1040,1500,1040,1
2017/11/07,1038,1039,990,1034,3500,1034,1
2017/11/08,1035,1035,1035,1035,600,1035,1
2017/11/09,1033,1033,996,1000,6600,1000,1
2017/11/10,992,1015,992,1015,2000,1015,1
2017/11/13,1015,1020,1015,1020,700,1020,1
2017/11/14,1066,1131,1065,1082,4500,1082,1
2017/11/15,1082,1090,1060,1090,5300,1090,1
2017/11/16,1089,1089,1066,1066,200,1066,1
2017/11/17,1073,1074,1066,1074,1100,1074,1
2017/11/20,1050,1062,1030,1042,3200,1042,1
2017/11/21,1050,1079,1050,1061,900,1061,1
2017/11/22,1066,1066,1015,1041,3600,1041,1
2017/11/24,1042,1044,1040,1044,4000,1044,1
2017/11/27,1067,1067,1048,1055,1400,1055,1
2017/11/28,1050,1050,1044,1045,800,1045,1
2017/11/29,1055,1066,1036,1048,1300,1048,1
2017/11/30,1067,1069,1067,1069,1800,1069,1
2017/12/01,1071,1075,1071,1073,400,1073,1
2017/12/04,1072,1073,1072,1072,700,1072,1
2017/12/05,1060,1060,1047,1047,1100,1047,1
2017/12/06,1040,1043,1027,1042,700,1042,1
2017/12/07,1040,1041,1040,1041,300,1041,1
2017/12/08,1043,1058,1043,1058,1200,1058,1
2017/12/11,1058,1088,1058,1068,3600,1068,1
2017/12/12,1067,1083,1067,1076,3000,1076,1
2017/12/13,1076,1084,1076,1082,1400,1082,1
2017/12/14,1070,1077,1070,1077,500,1077,1
2017/12/15,1077,1091,1077,1090,3300,1090,1
2017/12/18,1095,1115,1095,1100,3800,1100,1
2017/12/19,1114,1115,1094,1100,4400,1100,1
2017/12/20,1102,1120,1101,1120,3000,1120,1
2017/12/21,1125,1130,1102,1117,3200,1117,1
2017/12/22,1106,1108,1106,1108,200,1108,1
2017/12/25,1124,1125,1112,1112,800,1112,1
2017/12/26,1125,1125,1125,1125,100,1125,1
2017/12/27,1112,1115,1106,1109,3000,1109,1
2017/12/28,1096,1125,1096,1116,1200,1116,1
2017/12/29,1114,1129,1114,1129,600,1129,1
2018/01/04,1129,1129,1110,1120,1100,1120,1
2018/01/05,1129,1129,1106,1123,1300,1123,1
2018/01/09,1133,1163,1123,1163,6100,1163,1
2018/01/10,1172,1200,1162,1173,2900,1173,1
2018/01/11,1173,1200,1173,1200,2900,1200,1
2018/01/12,1230,1247,1212,1225,5400,1225,1
2018/01/15,1227,1247,1192,1192,7400,1192,1
2018/01/16,1192,1200,1166,1166,1200,1166,1
2018/01/17,1169,1175,1169,1175,200,1175,1
2018/01/18,1183,1183,1173,1173,500,1173,1
2018/01/19,1165,1165,1150,1164,1500,1164,1
2018/01/22,1148,1165,1148,1165,2000,1165,1
2018/01/23,1171,1200,1171,1200,1300,1200,1
2018/01/24,1200,1239,1190,1239,3600,1239,1
2018/01/25,1246,1255,1230,1255,5900,1255,1
2018/01/26,1265,1265,1238,1254,4500,1254,1
2018/01/29,1223,1248,1220,1243,6600,1243,1
2018/01/30,1242,1242,1180,1219,6000,1219,1
2018/01/31,1198,1219,1190,1219,5900,1219,1
2018/02/01,1200,1233,1200,1227,5600,1227,1
2018/02/02,1234,1234,1212,1220,1600,1220,1
2018/02/05,1190,1221,1186,1220,8200,1220,1
2018/02/06,1177,1230,1177,1178,11300,1178,1
2018/02/07,1181,1220,1181,1220,500,1220,1
2018/02/08,1220,1220,1190,1200,700,1200,1
2018/02/09,1180,1210,1151,1208,3600,1208,1
2018/02/13,1215,1218,1209,1209,1300,1209,1
2018/02/14,1219,1220,1124,1155,5800,1155,1
2018/02/15,1156,1183,1156,1182,800,1182,1
2018/02/16,1189,1189,1187,1189,2200,1189,1
2018/02/19,1200,1207,1199,1207,2900,1207,1
2018/02/20,1237,1237,1215,1234,3300,1234,1
2018/02/21,1235,1265,1235,1255,3500,1255,1
2018/02/22,1278,1279,1260,1275,2200,1275,1
2018/02/23,1279,1289,1277,1289,2300,1289,1
2018/02/26,1270,1328,1270,1328,4500,1328,1
2018/02/27,1364,1364,1329,1345,2700,1345,1
2018/02/28,1365,1380,1345,1380,3700,1380,1
2018/03/01,1397,1449,1380,1448,4200,1448,1
2018/03/02,1418,1440,1372,1427,3800,1427,1
2018/03/05,1428,1430,1370,1400,3000,1400,1
2018/03/06,1370,1370,1328,1340,3600,1340,1
2018/03/07,1318,1318,1271,1285,2300,1285,1
2018/03/08,1276,1292,1270,1292,1900,1292,1
2018/03/09,1297,1330,1297,1312,1000,1312,1
2018/03/12,1330,1330,1322,1322,1100,1322,1
2018/03/13,1292,1300,1262,1299,2400,1299,1
2018/03/14,1300,1310,1290,1298,700,1298,1
2018/03/15,1298,1302,1298,1300,2500,1300,1
2018/03/16,1300,1315,1300,1300,1600,1300,1
2018/03/19,1308,1316,1295,1295,2600,1295,1
2018/03/20,1285,1288,1270,1288,1800,1288,1
2018/03/22,1290,1300,1271,1273,2900,1273,1
2018/03/23,1268,1268,1214,1244,1600,1244,1
2018/03/26,1231,1248,1212,1212,3400,1212,1
2018/03/27,1211,1301,1211,1270,2700,1270,1
2018/03/28,1227,1227,1227,1227,200,1227,1
2018/03/29,1197,1230,1188,1194,1600,1194,1
2018/03/30,1200,1222,1199,1210,700,1210,1
2018/04/02,1216,1229,1216,1229,1700,1229,1
2018/04/03,1218,1218,1218,1218,500,1218,1
2018/04/04,1218,1219,1200,1200,1000,1200,1
2018/04/05,1201,1207,1200,1207,700,1207,1
2018/04/06,1216,1240,1210,1240,700,1240,1
2018/04/09,1244,1245,1240,1245,1100,1245,1
2018/04/10,1265,1265,1260,1260,800,1260,1
2018/04/11,1260,1260,1250,1251,1100,1251,1
2018/04/12,1247,1247,1240,1244,600,1244,1
2018/04/13,1225,1227,1225,1227,400,1227,1
2018/04/16,1228,1247,1228,1230,2100,1230,1
2018/04/17,1234,1235,1234,1235,400,1235,1
2018/04/18,1235,1248,1235,1246,700,1246,1
2018/04/19,1260,1260,1250,1255,2100,1255,1
2018/04/20,1238,1251,1238,1251,600,1251,1
2018/04/23,1311,1342,1240,1272,5000,1272,1
2018/04/24,1286,1286,1278,1281,700,1281,1
2018/04/25,1279,1310,1279,1310,3100,1310,1
2018/04/26,1362,1362,1298,1345,4200,1345,1
2018/04/27,1330,1330,1330,1330,300,1330,1
2018/05/01,1354,1354,1335,1348,800,1348,1
2018/05/02,1348,1355,1348,1355,3600,1355,1
2018/05/07,1364,1374,1359,1374,3500,1374,1
2018/05/08,1346,1369,1346,1369,300,1369,1
2018/05/09,1365,1367,1364,1367,300,1367,1
2018/05/10,1345,1345,1332,1345,1500,1345,1
2018/05/11,1350,1350,1350,1350,700,1350,1
2018/05/14,1369,1397,1368,1394,2400,1394,1
2018/05/15,1394,1442,1220,1240,16600,1240,1
2018/05/16,1180,1250,1148,1250,9900,1250,1
2018/05/17,1240,1240,1240,1240,200,1240,1
2018/05/18,1205,1222,1200,1222,1100,1222,1
2018/05/21,1200,1220,1185,1218,1600,1218,1
2018/05/22,1217,1219,1214,1219,2300,1219,1
2018/05/23,1219,1219,1219,1219,100,1219,1
2018/05/24,1218,1218,1218,1218,1100,1218,1
2018/05/25,1219,1220,1193,1193,2000,1193,1
2018/05/28,1192,1200,1137,1175,4300,1175,1
2018/05/29,1154,1174,1154,1165,500,1165,1
2018/05/30,1151,1189,1151,1170,1100,1170,1
2018/05/31,1155,1189,1150,1189,700,1189,1
2018/06/01,1190,1190,1188,1188,600,1188,1
2018/06/04,1185,1187,1185,1187,200,1187,1
2018/06/05,1186,1186,1156,1158,1000,1158,1
2018/06/06,1153,1166,1153,1166,400,1166,1
2018/06/07,1164,1164,1164,1164,100,1164,1
2018/06/08,1158,1163,1158,1163,400,1163,1
2018/06/11,1187,1187,1174,1174,800,1174,1
2018/06/12,1176,1220,1176,1220,1600,1220,1
2018/06/13,1221,1235,1221,1223,2000,1223,1
2018/06/14,1220,1249,1220,1226,1300,1226,1
2018/06/15,1226,1227,1151,1155,6600,1155,1
2018/06/18,1178,1178,1155,1155,600,1155,1
2018/06/19,1151,1151,1130,1149,900,1149,1
2018/06/22,1119,1128,1060,1060,800,1060,1
2018/06/25,1113,1119,1076,1119,1600,1119,1
2018/06/27,1075,1079,1047,1047,600,1047,1
2018/06/28,1077,1084,1025,1038,3200,1038,1
2018/06/29,1050,1050,1050,1050,300,1050,1
2018/07/02,1020,1030,995,995,1700,995,1
2018/07/03,995,996,982,982,800,982,1
2018/07/04,984,984,971,981,1400,981,1
2018/07/05,980,981,950,951,2800,951,1
2018/07/06,952,963,952,963,1600,963,1
2018/07/09,964,980,963,963,2400,963,1
2018/07/10,969,990,969,984,1400,984,1
2018/07/11,984,990,964,982,3600,982,1
2018/07/12,977,985,977,978,2000,978,1
2018/07/13,979,1007,979,994,1400,994,1
2018/07/17,994,1005,944,981,15600,981,1
2018/07/18,978,978,950,954,6000,954,1
2018/07/19,953,967,948,948,2100,948,1
2018/07/20,947,952,938,938,2300,938,1
2018/07/23,917,939,916,928,4900,928,1
2018/07/24,929,952,929,949,1800,949,1
2018/07/25,979,979,945,949,6700,949,1
2018/07/26,950,969,947,969,1100,969,1
2018/07/27,959,959,942,950,2300,950,1
2018/07/30,953,958,932,940,2900,940,1
2018/07/31,940,952,940,952,400,952,1
2018/08/01,952,953,943,943,1000,943,1
2018/08/02,948,948,944,944,300,944,1
2018/08/03,944,949,934,946,1200,946,1
2018/08/06,946,946,925,941,1700,941,1
2018/08/07,941,949,931,945,1100,945,1
2018/08/08,936,956,923,933,2900,933,1
2018/08/09,935,942,899,933,3000,933,1
2018/08/10,942,942,934,942,600,942,1
2018/08/13,942,945,936,945,1200,945,1
2018/08/14,949,1095,949,1094,37200,1094,1
