2007/01/04,395,400,390,400,13000,400,1
2007/01/05,396,397,394,394,19000,394,1
2007/01/09,395,397,395,397,22000,397,1
2007/01/10,395,397,394,397,17000,397,1
2007/01/11,398,405,397,405,26000,405,1
2007/01/12,403,405,400,404,22000,404,1
2007/01/15,402,404,401,404,12000,404,1
2007/01/16,403,403,401,401,12000,401,1
2007/01/17,400,400,400,400,1000,400,1
2007/01/18,398,401,398,401,27000,401,1
2007/01/19,400,401,399,399,32000,399,1
2007/01/22,400,400,396,397,109000,397,1
2007/01/23,400,401,397,397,44000,397,1
2007/01/24,399,400,397,398,20000,398,1
2007/01/25,399,401,397,401,20000,401,1
2007/01/26,400,400,398,400,28000,400,1
2007/01/29,400,400,396,396,27000,396,1
2007/01/30,396,399,396,396,24000,396,1
2007/01/31,397,399,392,396,71000,396,1
2007/02/01,398,398,396,396,11000,396,1
2007/02/02,398,398,395,395,25000,395,1
2007/02/05,395,396,394,396,15000,396,1
2007/02/06,392,392,390,390,28000,390,1
2007/02/07,393,394,390,390,59000,390,1
2007/02/08,393,393,388,391,19000,391,1
2007/02/09,392,392,391,392,13000,392,1
2007/02/13,393,393,390,390,9000,390,1
2007/02/14,394,394,390,390,10000,390,1
2007/02/15,387,388,382,387,41000,387,1
2007/02/16,386,392,386,392,15000,392,1
2007/02/19,392,392,389,389,31000,389,1
2007/02/20,388,388,387,387,6000,387,1
2007/02/21,387,388,384,385,35000,385,1
2007/02/22,384,385,380,383,49000,383,1
2007/02/23,385,385,382,382,42000,382,1
2007/02/26,385,395,385,387,70000,387,1
2007/02/27,389,394,389,390,31000,390,1
2007/02/28,385,385,381,382,62000,382,1
2007/03/01,385,385,383,385,11000,385,1
2007/03/02,388,390,383,385,39000,385,1
2007/03/05,385,385,380,380,22000,380,1
2007/03/06,375,382,375,382,10000,382,1
2007/03/07,381,385,380,380,21000,380,1
2007/03/08,383,388,381,388,7000,388,1
2007/03/09,387,388,384,384,9000,384,1
2007/03/12,385,387,384,385,9000,385,1
2007/03/13,385,386,385,386,12000,386,1
2007/03/14,387,387,376,381,31000,381,1
2007/03/15,385,387,380,385,19000,385,1
2007/03/16,386,386,380,385,33000,385,1
2007/03/19,382,394,382,388,35000,388,1
2007/03/20,390,390,387,388,13000,388,1
2007/03/22,390,390,387,389,19000,389,1
2007/03/23,392,392,388,388,16000,388,1
2007/03/26,390,394,390,394,28000,394,1
2007/03/27,392,399,390,399,41000,399,1
2007/03/28,399,399,394,395,19000,395,1
2007/03/29,400,400,390,393,37000,393,1
2007/03/30,397,400,394,400,12000,400,1
2007/04/02,395,395,393,393,17000,393,1
2007/04/03,395,395,393,393,15000,393,1
2007/04/04,393,394,390,393,26000,393,1
2007/04/05,393,397,393,393,9000,393,1
2007/04/06,395,395,395,395,3000,395,1
2007/04/09,396,396,393,393,9000,393,1
2007/04/10,394,394,394,394,1000,394,1
2007/04/11,395,395,394,394,26000,394,1
2007/04/12,394,395,393,395,14000,395,1
2007/04/13,393,395,393,395,8000,395,1
2007/04/16,394,394,393,393,2000,393,1
2007/04/17,395,395,393,393,7000,393,1
2007/04/18,395,395,393,393,9000,393,1
2007/04/19,393,393,393,393,20000,393,1
2007/04/20,393,393,393,393,13000,393,1
2007/04/23,393,393,384,384,9000,384,1
2007/04/24,385,385,385,385,2000,385,1
2007/04/25,389,389,384,385,27000,385,1
2007/04/26,387,387,385,387,19000,387,1
2007/04/27,385,387,385,385,16000,385,1
2007/05/01,385,391,385,387,11000,387,1
2007/05/02,387,391,387,391,9000,391,1
2007/05/07,392,392,391,392,10000,392,1
2007/05/08,394,397,394,397,26000,397,1
2007/05/09,395,398,392,392,48000,392,1
2007/05/10,392,397,392,393,8000,393,1
2007/05/11,392,395,392,395,4000,395,1
2007/05/14,405,406,398,400,128000,400,1
2007/05/15,400,400,395,395,69000,395,1
2007/05/16,403,403,396,398,13000,398,1
2007/05/17,399,403,398,403,68000,403,1
2007/05/18,402,402,395,395,8000,395,1
2007/05/21,402,402,399,400,14000,400,1
2007/05/22,400,403,398,398,21000,398,1
2007/05/23,400,408,400,408,44000,408,1
2007/05/24,408,408,407,407,10000,407,1
2007/05/25,408,408,401,407,27000,407,1
2007/05/28,408,408,402,407,34000,407,1
2007/05/29,407,409,403,405,34000,405,1
2007/05/30,405,405,403,403,12000,403,1
2007/05/31,406,406,400,400,45000,400,1
2007/06/01,405,405,400,400,22000,400,1
2007/06/04,404,406,403,405,28000,405,1
2007/06/05,405,406,402,404,87000,404,1
2007/06/06,404,407,403,407,39000,407,1
2007/06/07,407,408,405,408,21000,408,1
2007/06/08,406,409,405,408,16000,408,1
2007/06/11,410,410,408,408,3000,408,1
2007/06/12,418,421,407,407,39000,407,1
2007/06/13,409,415,408,413,9000,413,1
2007/06/14,414,414,408,414,21000,414,1
2007/06/15,414,423,414,420,66000,420,1
2007/06/18,430,450,430,445,89000,445,1
2007/06/19,447,448,441,446,37000,446,1
2007/06/20,444,446,438,441,24000,441,1
2007/06/21,446,455,442,450,43000,450,1
2007/06/22,454,454,439,452,53000,452,1
2007/06/25,447,450,445,445,26000,445,1
2007/06/26,446,449,435,438,22000,438,1
2007/06/27,435,444,435,441,18000,441,1
2007/06/28,450,450,444,445,50000,445,1
2007/06/29,443,443,441,441,12000,441,1
2007/07/02,444,444,440,440,6000,440,1
2007/07/03,440,440,432,433,29000,433,1
2007/07/04,434,437,433,437,10000,437,1
2007/07/05,439,455,439,455,58000,455,1
2007/07/06,462,462,444,455,63000,455,1
2007/07/09,451,464,450,457,121000,457,1
2007/07/10,460,464,458,464,30000,464,1
2007/07/11,461,461,450,450,19000,450,1
2007/07/12,460,463,453,453,15000,453,1
2007/07/13,456,460,456,457,24000,457,1
2007/07/17,457,458,457,457,15000,457,1
2007/07/18,457,457,454,457,8000,457,1
2007/07/19,455,460,448,460,28000,460,1
2007/07/20,455,455,448,448,15000,448,1
2007/07/23,444,444,437,440,16000,440,1
2007/07/24,437,440,435,439,13000,439,1
2007/07/25,440,445,436,436,22000,436,1
2007/07/26,440,440,437,440,24000,440,1
2007/07/27,438,438,421,433,29000,433,1
2007/07/30,423,430,413,423,39000,423,1
2007/07/31,428,431,425,429,22000,429,1
2007/08/01,430,430,415,415,11000,415,1
2007/08/02,421,423,415,416,25000,416,1
2007/08/03,418,418,417,417,2000,417,1
2007/08/06,412,415,409,415,27000,415,1
2007/08/07,419,420,414,414,8000,414,1
2007/08/08,409,409,402,404,20000,404,1
2007/08/09,404,404,392,403,26000,403,1
2007/08/10,399,402,391,397,37000,397,1
2007/08/13,395,395,394,395,26000,395,1
2007/08/14,395,395,394,395,14000,395,1
2007/08/15,395,395,390,395,10000,395,1
2007/08/16,394,394,385,388,19000,388,1
2007/08/17,388,388,375,375,18000,375,1
2007/08/20,385,385,378,380,12000,380,1
2007/08/21,383,383,370,375,62000,375,1
2007/08/22,385,385,375,375,56000,375,1
2007/08/23,380,390,380,390,68000,390,1
2007/08/24,391,395,390,390,21000,390,1
2007/08/27,394,394,388,390,32000,390,1
2007/08/28,392,392,390,390,27000,390,1
2007/08/29,390,392,389,392,51000,392,1
2007/08/30,390,390,390,390,9000,390,1
2007/08/31,390,398,390,392,17000,392,1
2007/09/03,392,395,392,395,8000,395,1
2007/09/04,395,395,391,391,6000,391,1
2007/09/05,393,395,390,390,18000,390,1
2007/09/06,391,391,389,391,21000,391,1
2007/09/07,392,405,392,400,23000,400,1
2007/09/10,397,397,392,397,7000,397,1
2007/09/11,395,396,393,396,19000,396,1
2007/09/12,396,397,391,391,22000,391,1
2007/09/13,393,395,390,395,11000,395,1
2007/09/14,395,395,392,395,13000,395,1
2007/09/18,396,396,392,395,18000,395,1
2007/09/19,395,395,394,394,12000,394,1
2007/09/20,395,395,391,392,16000,392,1
2007/09/21,393,397,391,397,21000,397,1
2007/09/25,397,397,388,388,28000,388,1
2007/09/26,393,397,393,393,3000,393,1
2007/09/27,396,400,392,396,37000,396,1
2007/09/28,401,401,385,388,39000,388,1
2007/10/01,398,398,390,395,14000,395,1
2007/10/02,397,397,393,393,10000,393,1
2007/10/03,395,397,394,397,12000,397,1
2007/10/04,398,398,395,395,4000,395,1
2007/10/05,395,395,395,395,5000,395,1
2007/10/09,396,400,396,400,8000,400,1
2007/10/10,400,400,394,395,23000,395,1
2007/10/11,395,395,395,395,12000,395,1
2007/10/12,394,395,394,395,12000,395,1
2007/10/15,396,396,394,394,12000,394,1
2007/10/16,396,397,395,395,13000,395,1
2007/10/17,390,390,366,366,100000,366,1
2007/10/18,371,379,371,374,9000,374,1
2007/10/19,378,379,374,379,12000,379,1
2007/10/22,377,380,375,378,18000,378,1
2007/10/23,380,380,370,370,24000,370,1
2007/10/24,375,375,375,375,1000,375,1
2007/10/25,380,384,380,380,7000,380,1
2007/10/26,389,389,375,375,16000,375,1
2007/10/29,378,378,372,372,7000,372,1
2007/10/30,379,379,378,378,2000,378,1
2007/10/31,380,380,375,375,3000,375,1
2007/11/01,384,384,383,383,4000,383,1
2007/11/02,379,379,375,375,6000,375,1
2007/11/05,375,375,372,374,7000,374,1
2007/11/06,374,374,373,373,5000,373,1
2007/11/07,373,373,370,370,21000,370,1
2007/11/08,368,368,365,365,9000,365,1
2007/11/09,368,368,365,365,3000,365,1
2007/11/12,364,364,355,358,20000,358,1
2007/11/13,359,365,358,358,5000,358,1
2007/11/14,359,363,358,360,6000,360,1
2007/11/15,359,359,353,356,4000,356,1
2007/11/16,356,356,350,350,6000,350,1
2007/11/19,356,360,355,359,39000,359,1
2007/11/20,358,359,350,359,45000,359,1
2007/11/21,359,360,350,360,7000,360,1
2007/11/22,360,365,355,365,14000,365,1
2007/11/26,367,369,361,369,22000,369,1
2007/11/27,370,373,370,373,7000,373,1
2007/11/28,375,375,369,369,14000,369,1
2007/11/29,372,372,370,370,2000,370,1
2007/11/30,370,370,369,369,7000,369,1
2007/12/03,370,370,370,370,1000,370,1
2007/12/04,378,378,371,377,11000,377,1
2007/12/05,375,375,373,373,3000,373,1
2007/12/06,372,374,367,370,21000,370,1
2007/12/07,375,375,370,370,23000,370,1
2007/12/10,360,370,360,369,15000,369,1
2007/12/11,371,372,370,372,6000,372,1
2007/12/12,370,370,369,369,5000,369,1
2007/12/13,370,370,369,370,11000,370,1
2007/12/14,370,370,363,363,15000,363,1
2007/12/17,365,367,364,367,29000,367,1
2007/12/18,369,369,363,367,20000,367,1
2007/12/19,367,368,357,360,21000,360,1
2007/12/20,361,361,350,355,37000,355,1
2007/12/21,354,354,344,348,52000,348,1
2007/12/25,350,355,346,355,40000,355,1
2007/12/26,370,370,356,358,10000,358,1
2007/12/27,360,360,356,358,6000,358,1
2007/12/28,363,363,363,363,84000,363,1
2008/01/04,355,355,355,355,4000,355,1
2008/01/07,356,356,355,355,7000,355,1
2008/01/08,355,355,354,354,10000,354,1
2008/01/09,355,355,347,347,31000,347,1
2008/01/10,344,349,341,345,15000,345,1
2008/01/11,355,355,355,355,3000,355,1
2008/01/15,355,355,350,355,16000,355,1
2008/01/16,354,354,340,340,75000,340,1
2008/01/17,355,355,350,355,71000,355,1
2008/01/18,340,347,339,347,13000,347,1
2008/01/21,340,353,340,353,6000,353,1
2008/01/22,345,345,335,335,21000,335,1
2008/01/23,345,345,335,335,9000,335,1
2008/01/24,340,345,340,345,16000,345,1
2008/01/25,345,347,345,346,8000,346,1
2008/01/28,350,350,349,349,18000,349,1
2008/01/29,345,346,345,345,9000,345,1
2008/01/30,345,345,345,345,3000,345,1
2008/01/31,345,350,344,350,21000,350,1
2008/02/01,355,357,354,357,9000,357,1
2008/02/04,352,355,345,355,16000,355,1
2008/02/05,347,348,347,348,7000,348,1
2008/02/06,345,345,344,344,8000,344,1
2008/02/07,345,350,345,348,5000,348,1
2008/02/08,346,346,345,345,9000,345,1
2008/02/12,345,346,340,340,5000,340,1
2008/02/13,341,344,341,343,7000,343,1
2008/02/14,344,344,343,343,3000,343,1
2008/02/15,343,346,336,340,10000,340,1
2008/02/18,340,343,338,338,3000,338,1
2008/02/19,338,340,338,340,4000,340,1
2008/02/20,340,345,340,345,2000,345,1
2008/02/21,345,345,340,340,3000,340,1
2008/02/22,340,345,336,340,15000,340,1
2008/02/25,340,345,340,340,12000,340,1
2008/02/26,340,342,340,342,5000,342,1
2008/02/27,341,346,341,345,14000,345,1
2008/02/28,340,342,340,342,18000,342,1
2008/02/29,337,337,335,335,4000,335,1
2008/03/03,336,340,336,340,3000,340,1
2008/03/04,337,342,337,342,2000,342,1
2008/03/05,337,337,335,335,5000,335,1
2008/03/06,335,337,335,336,7000,336,1
2008/03/07,335,335,335,335,8000,335,1
2008/03/10,335,335,335,335,11000,335,1
2008/03/11,335,335,335,335,10000,335,1
2008/03/12,335,335,335,335,2000,335,1
2008/03/13,335,335,335,335,2000,335,1
2008/03/14,320,324,317,317,15000,317,1
2008/03/17,318,318,310,310,15000,310,1
2008/03/18,335,340,335,340,12000,340,1
2008/03/19,325,329,325,329,4000,329,1
2008/03/21,321,321,321,321,2000,321,1
2008/03/24,325,325,325,325,1000,325,1
2008/03/25,324,329,324,329,3000,329,1
2008/03/26,321,321,321,321,3000,321,1
2008/03/27,323,328,323,328,2000,328,1
2008/03/28,324,325,320,320,12000,320,1
2008/03/31,320,320,320,320,3000,320,1
2008/04/01,318,320,318,320,36000,320,1
2008/04/02,320,330,320,320,3000,320,1
2008/04/03,320,329,320,329,5000,329,1
2008/04/04,329,330,322,328,7000,328,1
2008/04/07,328,330,328,330,131000,330,1
2008/04/08,325,334,325,334,3000,334,1
2008/04/09,330,340,330,340,6000,340,1
2008/04/10,338,338,330,335,3000,335,1
2008/04/11,335,340,335,340,17000,340,1
2008/04/14,340,340,340,340,1000,340,1
2008/04/15,335,341,335,341,5000,341,1
2008/04/16,343,343,341,341,3000,341,1
2008/04/17,345,345,345,345,2000,345,1
2008/04/18,336,336,336,336,4000,336,1
2008/04/21,336,336,336,336,1000,336,1
2008/04/23,336,336,336,336,1000,336,1
2008/04/24,339,339,339,339,1000,339,1
2008/04/25,356,380,356,380,38000,380,1
2008/04/28,399,399,385,385,14000,385,1
2008/04/30,385,388,385,388,12000,388,1
2008/05/01,387,390,387,390,8000,390,1
2008/05/02,390,390,375,390,4000,390,1
2008/05/07,390,390,385,390,4000,390,1
2008/05/08,383,388,383,388,2000,388,1
2008/05/09,383,383,380,380,5000,380,1
2008/05/12,380,380,365,365,3000,365,1
2008/05/13,365,365,363,363,3000,363,1
2008/05/14,366,379,366,379,13000,379,1
2008/05/15,375,381,375,381,6000,381,1
2008/05/16,376,378,373,378,9000,378,1
2008/05/19,378,378,375,376,14000,376,1
2008/05/20,375,386,374,386,14000,386,1
2008/05/21,385,387,377,387,7000,387,1
2008/05/22,386,386,376,377,5000,377,1
2008/05/23,382,382,382,382,62000,382,1
2008/05/26,382,385,382,385,8000,385,1
2008/05/27,386,388,385,385,8000,385,1
2008/05/28,390,390,390,390,12000,390,1
2008/05/29,390,397,390,397,9000,397,1
2008/05/30,399,399,392,397,6000,397,1
2008/06/02,390,400,390,400,20000,400,1
2008/06/03,390,390,388,388,5000,388,1
2008/06/04,389,395,388,390,11000,390,1
2008/06/05,385,386,380,386,18000,386,1
2008/06/06,396,396,383,388,6000,388,1
2008/06/09,382,385,382,385,2000,385,1
2008/06/10,384,385,384,385,3000,385,1
2008/06/11,400,400,398,399,17000,399,1
2008/06/12,399,400,399,399,38000,399,1
2008/06/13,399,400,394,394,58000,394,1
2008/06/16,389,400,389,400,5000,400,1
2008/06/17,400,400,386,400,21000,400,1
2008/06/18,390,390,390,390,1000,390,1
2008/06/19,390,390,385,388,3000,388,1
2008/06/20,398,398,398,398,1000,398,1
2008/06/23,378,400,378,400,12000,400,1
2008/06/25,400,400,399,399,2000,399,1
2008/06/26,394,395,393,395,5000,395,1
2008/06/27,400,400,390,390,11000,390,1
2008/07/01,397,397,397,397,1000,397,1
2008/07/02,397,397,397,397,2000,397,1
2008/07/03,393,393,393,393,2000,393,1
2008/07/04,400,400,400,400,18000,400,1
2008/07/07,400,400,400,400,2000,400,1
2008/07/09,400,400,400,400,1000,400,1
2008/07/10,390,390,390,390,3000,390,1
2008/07/11,393,393,393,393,1000,393,1
2008/07/14,392,393,392,393,2000,393,1
2008/07/15,390,393,390,393,2000,393,1
2008/07/18,387,387,387,387,1000,387,1
2008/07/22,375,375,375,375,27000,375,1
2008/07/23,380,380,380,380,2000,380,1
2008/07/24,380,380,380,380,1000,380,1
2008/07/25,381,388,381,386,5000,386,1
2008/07/28,391,393,390,393,19000,393,1
2008/07/29,393,398,388,388,5000,388,1
2008/07/30,391,398,391,398,3000,398,1
2008/07/31,396,400,380,385,29000,385,1
2008/08/01,390,390,385,385,3000,385,1
2008/08/04,386,386,386,386,1000,386,1
2008/08/05,375,375,375,375,1000,375,1
2008/08/07,386,390,386,390,10000,390,1
2008/08/08,385,392,385,392,3000,392,1
2008/08/11,382,382,382,382,1000,382,1
2008/08/12,381,381,381,381,1000,381,1
2008/08/25,385,385,379,380,5000,380,1
2008/08/27,380,382,375,382,3000,382,1
2008/08/28,384,384,384,384,10000,384,1
2008/09/01,388,388,369,369,3000,369,1
2008/09/02,369,369,369,369,67000,369,1
2008/09/03,350,350,350,350,1000,350,1
2008/09/04,345,345,340,340,4000,340,1
2008/09/05,335,335,335,335,3000,335,1
2008/09/08,339,339,335,335,3000,335,1
2008/09/09,345,345,341,341,5000,341,1
2008/09/10,341,341,341,341,61000,341,1
2008/09/16,308,347,308,330,6000,330,1
2008/09/19,320,330,320,330,2000,330,1
2008/09/24,330,330,330,330,6000,330,1
2008/09/25,336,336,331,331,3000,331,1
2008/09/26,340,340,320,320,16000,320,1
2008/09/29,330,330,300,300,4000,300,1
2008/09/30,290,290,290,290,50000,290,1
2008/10/02,305,305,280,280,4000,280,1
2008/10/03,260,260,260,260,20000,260,1
2008/10/06,252,253,245,253,52000,253,1
2008/10/07,220,225,218,225,25000,225,1
2008/10/08,226,226,203,203,124000,203,1
2008/10/09,186,203,186,200,32000,200,1
2008/10/10,202,202,180,180,27000,180,1
2008/10/14,235,235,235,235,3000,235,1
2008/10/15,235,235,230,230,3000,230,1
2008/10/16,229,229,200,210,99000,210,1
2008/10/17,213,213,213,213,4000,213,1
2008/10/20,215,215,215,215,7000,215,1
2008/10/21,224,225,224,225,4000,225,1
2008/10/22,230,230,230,230,8000,230,1
2008/10/24,250,250,208,208,9000,208,1
2008/10/27,209,215,209,215,5000,215,1
2008/10/28,240,240,240,240,18000,240,1
2008/10/29,250,250,250,250,1000,250,1
2008/10/30,250,255,243,255,77000,255,1
2008/10/31,264,264,263,263,55000,263,1
2008/11/04,263,263,263,263,1000,263,1
2008/11/05,256,296,256,296,3000,296,1
2008/11/06,285,285,265,285,77000,285,1
2008/11/07,260,260,255,260,5000,260,1
2008/11/10,263,263,263,263,1000,263,1
2008/11/11,270,270,270,270,1000,270,1
2008/11/12,253,259,253,258,5000,258,1
2008/11/13,245,269,245,269,5000,269,1
2008/11/14,268,269,268,269,4000,269,1
2008/11/18,269,269,260,260,2000,260,1
2008/11/21,219,245,219,245,10000,245,1
2008/11/25,256,256,256,256,2000,256,1
2008/11/26,260,260,260,260,1000,260,1
2008/11/27,262,268,261,261,18000,261,1
2008/11/28,259,259,259,259,16000,259,1
2008/12/02,284,284,274,274,18000,274,1
2008/12/04,266,266,261,261,4000,261,1
2008/12/05,275,275,275,275,54000,275,1
2008/12/10,257,262,257,262,4000,262,1
2008/12/11,259,260,245,250,5000,250,1
2008/12/12,250,252,250,252,2000,252,1
2008/12/15,250,255,250,251,5000,251,1
2008/12/16,252,252,249,249,9000,249,1
2008/12/17,251,251,249,251,4000,251,1
2008/12/18,251,251,249,249,4000,249,1
2008/12/19,249,251,249,249,5000,249,1
2008/12/22,245,245,240,240,13000,240,1
2008/12/24,241,241,230,230,21000,230,1
2008/12/25,255,259,255,259,4000,259,1
2008/12/26,269,269,269,269,15000,269,1
2009/01/06,265,266,265,266,2000,266,1
2009/01/08,252,256,252,256,3000,256,1
2009/01/09,256,256,256,256,3000,256,1
2009/01/13,261,261,251,259,5000,259,1
2009/01/16,254,254,254,254,1000,254,1
2009/01/22,251,251,251,251,2000,251,1
2009/01/23,250,250,246,246,4000,246,1
2009/01/26,240,240,240,240,1000,240,1
2009/01/27,240,249,240,247,17000,247,1
2009/01/28,249,249,246,246,21000,246,1
2009/01/29,243,243,243,243,1000,243,1
2009/01/30,243,245,230,240,5000,240,1
2009/02/02,238,238,233,238,8000,238,1
2009/02/03,231,236,231,236,12000,236,1
2009/02/04,236,236,236,236,3000,236,1
2009/02/05,233,240,233,240,5000,240,1
2009/02/06,237,238,237,238,2000,238,1
2009/02/13,238,238,238,238,1000,238,1
2009/02/17,235,235,210,220,7000,220,1
2009/02/18,220,220,210,215,62000,215,1
2009/02/19,220,225,220,225,40000,225,1
2009/02/24,213,213,213,213,1000,213,1
2009/02/25,233,233,233,233,2000,233,1
2009/02/26,226,246,226,246,9000,246,1
2009/02/27,251,251,240,245,20000,245,1
2009/03/02,255,255,245,249,5000,249,1
2009/03/03,245,250,245,250,5000,250,1
2009/03/04,255,255,255,255,1000,255,1
2009/03/06,245,254,245,254,6000,254,1
2009/03/10,245,253,245,250,10000,250,1
2009/03/11,245,245,245,245,6000,245,1
2009/03/12,245,245,245,245,11000,245,1
2009/03/13,245,249,245,249,4000,249,1
2009/03/16,250,250,246,250,3000,250,1
2009/03/17,245,250,245,250,5000,250,1
2009/03/19,248,248,248,248,1000,248,1
2009/03/24,254,255,245,250,14000,250,1
2009/03/25,250,250,245,250,10000,250,1
2009/03/26,251,255,250,250,11000,250,1
2009/03/27,259,263,255,260,18000,260,1
2009/03/31,247,247,247,247,1000,247,1
2009/04/01,252,257,252,257,4000,257,1
2009/04/02,250,257,247,257,5000,257,1
2009/04/03,250,250,250,250,1000,250,1
2009/04/06,252,252,252,252,1000,252,1
2009/04/07,247,250,245,245,7000,245,1
2009/04/08,246,249,245,249,6000,249,1
2009/04/09,249,252,246,252,16000,252,1
2009/04/10,252,252,252,252,13000,252,1
2009/04/13,247,252,245,247,18000,247,1
2009/04/14,246,246,246,246,1000,246,1
2009/04/15,246,249,245,249,3000,249,1
2009/04/16,245,245,245,245,1000,245,1
2009/04/17,245,245,245,245,5000,245,1
2009/04/20,245,247,245,247,8000,247,1
2009/04/21,245,249,245,249,9000,249,1
2009/04/22,249,250,249,249,4000,249,1
2009/04/23,249,249,241,245,14000,245,1
2009/04/24,247,248,247,248,5000,248,1
2009/04/27,250,260,250,260,18000,260,1
2009/04/28,259,259,259,259,15000,259,1
2009/05/01,259,264,259,264,2000,264,1
2009/05/07,264,268,264,266,3000,266,1
2009/05/08,261,270,261,270,10000,270,1
2009/05/11,275,280,275,275,14000,275,1
2009/05/12,280,280,275,275,5000,275,1
2009/05/13,275,275,275,275,1000,275,1
2009/05/15,270,270,265,265,3000,265,1
2009/05/19,265,271,265,271,4000,271,1
2009/05/20,269,269,269,269,1000,269,1
2009/05/21,264,266,264,266,4000,266,1
2009/05/22,265,265,265,265,4000,265,1
2009/05/25,260,272,260,272,24000,272,1
2009/05/26,267,273,267,273,7000,273,1
2009/05/27,274,286,274,286,22000,286,1
2009/05/28,291,292,285,292,25000,292,1
2009/06/01,298,298,293,293,2000,293,1
2009/06/02,300,302,300,302,4000,302,1
2009/06/03,303,303,303,303,1000,303,1
2009/06/05,305,305,305,305,2000,305,1
2009/06/08,305,305,305,305,1000,305,1
2009/06/09,316,317,316,317,5000,317,1
2009/06/10,347,347,344,344,15000,344,1
2009/06/11,335,335,335,335,1000,335,1
2009/06/12,335,335,332,332,53000,332,1
2009/06/15,310,319,310,319,13000,319,1
2009/06/16,322,322,315,315,10000,315,1
2009/06/17,322,322,316,320,4000,320,1
2009/06/18,318,318,316,316,2000,316,1
2009/06/19,322,322,322,322,2000,322,1
2009/06/22,325,325,320,320,2000,320,1
2009/06/23,314,316,314,316,7000,316,1
2009/06/24,316,320,316,320,2000,320,1
2009/06/25,325,328,320,322,13000,322,1
2009/06/26,322,322,322,322,17000,322,1
2009/06/30,325,325,325,325,1000,325,1
2009/07/01,321,326,321,326,3000,326,1
2009/07/02,334,334,325,327,32000,327,1
2009/07/03,387,387,337,342,50000,342,1
2009/07/06,339,340,338,340,7000,340,1
2009/07/07,342,342,342,342,19000,342,1
2009/07/08,341,342,341,342,7000,342,1
2009/07/09,347,357,347,357,39000,357,1
2009/07/10,357,365,357,365,6000,365,1
2009/07/13,370,370,365,365,17000,365,1
2009/07/14,365,368,360,365,27000,365,1
2009/07/15,364,365,364,365,17000,365,1
2009/07/16,370,370,365,365,6000,365,1
2009/07/17,365,365,365,365,9000,365,1
2009/07/21,365,366,365,365,11000,365,1
2009/07/22,365,365,365,365,1000,365,1
2009/07/23,367,367,363,366,16000,366,1
2009/07/24,374,374,369,370,7000,370,1
2009/07/27,367,375,366,375,17000,375,1
2009/07/28,368,368,366,366,22000,366,1
2009/07/30,362,362,362,362,5000,362,1
2009/07/31,371,372,370,372,15000,372,1
2009/08/03,372,372,365,365,9000,365,1
2009/08/04,368,372,368,372,4000,372,1
2009/08/05,372,378,372,378,3000,378,1
2009/08/06,373,373,373,373,2000,373,1
2009/08/07,378,378,378,378,1000,378,1
2009/08/10,371,372,371,372,12000,372,1
2009/08/11,372,372,372,372,1000,372,1
2009/08/12,372,372,372,372,3000,372,1
2009/08/13,370,370,370,370,7000,370,1
2009/08/14,372,373,372,373,16000,373,1
2009/08/17,372,372,372,372,3000,372,1
2009/08/18,372,372,371,372,5000,372,1
2009/08/20,372,372,372,372,4000,372,1
2009/08/21,372,372,370,372,7000,372,1
2009/08/24,375,375,370,370,5000,370,1
2009/08/25,380,380,380,380,3000,380,1
2009/08/26,374,374,374,374,1000,374,1
2009/08/27,375,377,375,377,11000,377,1
2009/08/28,375,375,372,372,13000,372,1
2009/08/31,372,372,372,372,31000,372,1
2009/09/01,373,375,372,373,24000,373,1
2009/09/02,373,375,372,372,4000,372,1
2009/09/03,372,372,372,372,1000,372,1
2009/09/04,372,372,372,372,2000,372,1
2009/09/07,372,372,372,372,1000,372,1
2009/09/09,372,372,372,372,4000,372,1
2009/09/10,372,372,372,372,3000,372,1
2009/09/11,372,373,372,373,2000,373,1
2009/09/14,372,372,372,372,28000,372,1
2009/09/15,372,372,372,372,1000,372,1
2009/09/16,372,372,370,370,2000,370,1
2009/09/17,360,370,355,370,6000,370,1
2009/09/18,366,366,363,363,8000,363,1
2009/09/24,368,370,364,370,5000,370,1
2009/09/25,379,379,376,376,4000,376,1
2009/09/28,381,381,365,365,12000,365,1
2009/09/29,365,365,365,365,1000,365,1
2009/09/30,365,365,365,365,2000,365,1
2009/10/01,365,365,365,365,12000,365,1
2009/10/02,370,370,365,365,8000,365,1
2009/10/05,365,366,363,365,6000,365,1
2009/10/06,365,365,365,365,9000,365,1
2009/10/07,365,365,356,360,13000,360,1
2009/10/08,365,365,365,365,8000,365,1
2009/10/09,365,365,365,365,3000,365,1
2009/10/13,365,365,363,363,9000,363,1
2009/10/14,365,365,365,365,1000,365,1
2009/10/15,365,365,365,365,1000,365,1
2009/10/16,365,365,365,365,1000,365,1
2009/10/19,365,365,365,365,3000,365,1
2009/10/20,362,362,362,362,1000,362,1
2009/10/21,362,362,362,362,2000,362,1
2009/10/22,362,362,362,362,2000,362,1
2009/10/23,366,366,366,366,1000,366,1
2009/10/26,367,375,365,375,4000,375,1
2009/10/27,375,387,375,387,5000,387,1
2009/10/28,387,387,387,387,10000,387,1
2009/10/29,367,370,366,366,4000,366,1
2009/10/30,376,376,361,364,10000,364,1
2009/11/02,362,362,362,362,3000,362,1
2009/11/04,362,362,362,362,3000,362,1
2009/11/05,362,362,362,362,3000,362,1
2009/11/06,357,357,357,357,3000,357,1
2009/11/09,357,357,355,356,10000,356,1
2009/11/10,356,356,356,356,14000,356,1
2009/11/11,356,356,356,356,8000,356,1
2009/11/12,356,357,356,356,9000,356,1
2009/11/13,356,356,356,356,29000,356,1
2009/11/16,356,356,356,356,1000,356,1
2009/11/17,356,356,356,356,3000,356,1
2009/11/18,356,356,356,356,15000,356,1
2009/11/19,356,356,355,355,20000,355,1
2009/11/20,356,356,356,356,14000,356,1
2009/11/24,356,357,356,357,5000,357,1
2009/11/25,356,356,356,356,58000,356,1
2009/11/26,357,359,356,357,17000,357,1
2009/11/27,356,356,355,356,28000,356,1
2009/11/30,356,359,356,356,13000,356,1
2009/12/01,368,368,360,361,16000,361,1
2009/12/02,362,362,355,356,36000,356,1
2009/12/03,356,359,352,356,30000,356,1
2009/12/04,341,341,332,333,11000,333,1
2009/12/07,350,350,321,332,44000,332,1
2009/12/08,330,330,306,306,6000,306,1
2009/12/09,291,291,291,291,2000,291,1
2009/12/10,276,281,252,272,54000,272,1
2009/12/11,282,290,282,282,90000,282,1
2009/12/14,292,292,285,285,10000,285,1
2009/12/15,287,287,285,286,5000,286,1
2009/12/16,290,290,286,286,5000,286,1
2009/12/17,286,290,286,286,10000,286,1
2009/12/18,291,291,289,289,2000,289,1
2009/12/21,286,286,286,286,10000,286,1
2009/12/22,291,291,285,287,15000,287,1
2009/12/24,287,287,283,284,14000,284,1
2009/12/25,289,300,289,300,10000,300,1
2009/12/28,304,304,292,292,19000,292,1
2009/12/29,298,300,298,300,2000,300,1
2010/01/04,300,300,300,300,15000,300,1
2010/01/05,308,308,297,297,2000,297,1
2010/01/06,295,295,295,295,1000,295,1
2010/01/07,292,292,292,292,3000,292,1
2010/01/13,292,293,292,293,4000,293,1
2010/01/14,293,293,292,292,4000,292,1
2010/01/15,292,292,292,292,4000,292,1
2010/01/19,294,294,292,292,5000,292,1
2010/01/20,296,296,296,296,1000,296,1
2010/01/21,295,295,295,295,2000,295,1
2010/01/22,295,295,292,292,7000,292,1
2010/01/25,292,292,290,290,9000,290,1
2010/01/26,292,295,292,295,4000,295,1
2010/01/27,295,302,295,300,9000,300,1
2010/01/28,302,302,295,295,16000,295,1
2010/01/29,294,295,294,295,2000,295,1
2010/02/01,297,297,292,292,3000,292,1
2010/02/02,293,293,293,293,3000,293,1
2010/02/03,293,308,292,307,5000,307,1
2010/02/04,305,305,305,305,1000,305,1
2010/02/05,293,293,293,293,2000,293,1
2010/02/08,293,293,292,292,7000,292,1
2010/02/09,292,292,291,291,5000,291,1
2010/02/10,291,291,291,291,4000,291,1
2010/02/12,292,292,292,292,1000,292,1
2010/02/15,292,292,292,292,2000,292,1
2010/02/16,292,292,286,286,12000,286,1
2010/02/17,292,292,292,292,1000,292,1
2010/02/18,292,292,292,292,1000,292,1
2010/02/22,295,295,295,295,1000,295,1
2010/02/24,297,297,295,295,6000,295,1
2010/02/25,295,305,295,305,7000,305,1
2010/02/26,305,305,305,305,13000,305,1
2010/03/01,297,297,297,297,2000,297,1
2010/03/02,296,296,296,296,1000,296,1
2010/03/03,296,296,296,296,3000,296,1
2010/03/04,295,295,295,295,2000,295,1
2010/03/05,295,295,292,292,5000,292,1
2010/03/08,292,292,290,292,5000,292,1
2010/03/09,292,292,289,289,14000,289,1
2010/03/10,292,292,292,292,3000,292,1
2010/03/11,295,295,292,292,5000,292,1
2010/03/15,292,292,292,292,4000,292,1
2010/03/16,292,292,292,292,8000,292,1
2010/03/17,292,292,292,292,4000,292,1
2010/03/18,292,292,290,290,12000,290,1
2010/03/19,292,292,292,292,4000,292,1
2010/03/23,292,292,290,290,6000,290,1
2010/03/24,293,293,293,293,1000,293,1
2010/03/25,296,299,292,297,14000,297,1
2010/03/26,298,298,294,294,17000,294,1
2010/03/29,292,292,290,290,6000,290,1
2010/03/30,292,295,290,295,15000,295,1
2010/03/31,294,294,294,294,5000,294,1
2010/04/01,298,298,298,298,1000,298,1
2010/04/02,293,293,293,293,4000,293,1
2010/04/05,294,296,294,294,3000,294,1
2010/04/07,294,294,294,294,1000,294,1
2010/04/08,294,294,294,294,1000,294,1
2010/04/09,293,293,292,292,7000,292,1
2010/04/12,298,300,298,300,12000,300,1
2010/04/13,302,302,302,302,1000,302,1
2010/04/14,310,315,310,315,7000,315,1
2010/04/15,307,307,307,307,3000,307,1
2010/04/19,307,309,307,309,3000,309,1
2010/04/20,310,315,305,315,5000,315,1
2010/04/21,310,315,310,311,4000,311,1
2010/04/22,311,311,311,311,2000,311,1
2010/04/23,318,318,318,318,3000,318,1
2010/04/26,320,320,320,320,5000,320,1
2010/04/27,326,342,326,342,9000,342,1
2010/04/28,350,350,335,335,39000,335,1
2010/04/30,330,330,330,330,1000,330,1
2010/05/06,339,339,339,339,1000,339,1
2010/05/07,323,323,309,309,5000,309,1
2010/05/10,301,311,301,311,5000,311,1
2010/05/11,324,330,324,330,10000,330,1
2010/05/12,330,330,330,330,6000,330,1
2010/05/13,330,330,330,330,4000,330,1
2010/05/14,334,335,334,335,2000,335,1
2010/05/17,339,340,335,335,7000,335,1
2010/05/18,335,335,321,330,9000,330,1
2010/05/19,334,334,322,332,33000,332,1
2010/05/20,338,340,338,340,6000,340,1
2010/05/21,340,340,335,340,5000,340,1
2010/05/25,340,341,340,340,5000,340,1
2010/05/26,340,340,334,340,10000,340,1
2010/05/27,340,345,340,345,11000,345,1
2010/05/28,355,355,355,355,13000,355,1
2010/05/31,341,341,341,341,1000,341,1
2010/06/01,341,341,340,340,2000,340,1
2010/06/02,330,338,330,338,5000,338,1
2010/06/03,330,344,330,344,4000,344,1
2010/06/04,340,340,340,340,1000,340,1
2010/06/08,341,345,341,345,3000,345,1
2010/06/09,345,347,339,347,12000,347,1
2010/06/10,340,340,335,335,5000,335,1
2010/06/11,367,367,340,340,21000,340,1
2010/06/14,340,340,340,340,1000,340,1
2010/06/15,340,340,340,340,1000,340,1
2010/06/18,345,348,345,348,2000,348,1
2010/06/21,344,348,344,348,3000,348,1
2010/06/22,350,355,350,355,4000,355,1
2010/06/23,353,354,330,333,36000,333,1
2010/06/24,333,341,333,341,11000,341,1
2010/06/25,341,350,340,350,9000,350,1
2010/06/28,345,345,345,345,14000,345,1
2010/06/29,340,340,340,340,8000,340,1
2010/06/30,343,345,343,343,5000,343,1
2010/07/01,344,344,337,337,11000,337,1
2010/07/02,360,365,360,360,46000,360,1
2010/07/05,345,345,345,345,1000,345,1
2010/07/06,344,350,342,350,5000,350,1
2010/07/08,342,342,342,342,5000,342,1
2010/07/09,342,342,342,342,1000,342,1
2010/07/12,350,350,343,347,5000,347,1
2010/07/13,342,342,340,340,4000,340,1
2010/07/15,339,339,339,339,4000,339,1
2010/07/16,342,342,342,342,1000,342,1
2010/07/20,349,357,348,357,7000,357,1
2010/07/21,360,365,357,365,12000,365,1
2010/07/22,365,370,365,370,7000,370,1
2010/07/23,370,370,369,370,6000,370,1
2010/07/26,378,378,378,378,2000,378,1
2010/07/27,381,386,381,385,7000,385,1
2010/07/28,385,385,385,385,11000,385,1
2010/07/29,371,375,371,375,4000,375,1
2010/07/30,374,374,366,366,2000,366,1
2010/08/02,354,354,350,350,4000,350,1
2010/08/03,342,342,342,342,1000,342,1
2010/08/04,340,340,340,340,3000,340,1
2010/08/05,340,350,340,350,5000,350,1
2010/08/10,342,342,341,341,8000,341,1
2010/08/11,338,338,335,335,4000,335,1
2010/08/19,332,332,331,331,8000,331,1
2010/08/20,327,328,327,328,3000,328,1
2010/08/23,325,328,324,326,5000,326,1
2010/08/24,324,327,323,327,16000,327,1
2010/08/25,323,323,321,321,7000,321,1
2010/08/26,321,324,320,324,13000,324,1
2010/08/27,316,319,309,319,17000,319,1
2010/08/30,314,340,314,340,2000,340,1
2010/08/31,317,317,317,317,1000,317,1
2010/09/01,320,320,320,320,2000,320,1
2010/09/02,318,318,318,318,1000,318,1
2010/09/03,315,321,315,321,5000,321,1
2010/09/06,319,322,313,322,6000,322,1
2010/09/07,318,323,318,323,2000,323,1
2010/09/08,319,324,319,324,5000,324,1
2010/09/09,320,320,320,320,2000,320,1
2010/09/10,320,320,318,318,4000,318,1
2010/09/13,317,317,313,317,4000,317,1
2010/09/14,316,316,316,316,1000,316,1
2010/09/15,322,322,322,322,1000,322,1
2010/09/21,326,326,325,325,4000,325,1
2010/09/22,327,327,327,327,10000,327,1
2010/09/24,334,339,330,330,13000,330,1
2010/09/27,334,345,334,345,4000,345,1
2010/09/28,344,344,336,344,17000,344,1
2010/09/29,345,345,337,337,2000,337,1
2010/09/30,334,334,334,334,1000,334,1
2010/10/01,334,334,334,334,3000,334,1
2010/10/04,334,337,334,337,2000,337,1
2010/10/05,334,334,323,323,12000,323,1
2010/10/06,334,334,325,325,3000,325,1
2010/10/07,332,332,325,332,7000,332,1
2010/10/08,332,332,332,332,1000,332,1
2010/10/12,334,339,334,339,2000,339,1
2010/10/13,340,344,340,344,5000,344,1
2010/10/14,344,344,344,344,1000,344,1
2010/10/20,344,344,344,344,1000,344,1
2010/10/21,341,341,335,335,7000,335,1
2010/10/22,340,340,340,340,1000,340,1
2010/10/25,340,342,340,342,2000,342,1
2010/10/26,342,344,340,344,5000,344,1
2010/10/27,347,355,347,351,13000,351,1
2010/10/28,351,351,350,350,18000,350,1
2010/10/29,350,350,350,350,1000,350,1
2010/11/01,366,368,366,368,2000,368,1
2010/11/02,350,350,350,350,2000,350,1
2010/11/04,350,350,347,350,20000,350,1
2010/11/08,360,360,352,352,2000,352,1
2010/11/09,357,360,355,360,5000,360,1
2010/11/11,368,370,368,370,5000,370,1
2010/11/12,370,370,370,370,2000,370,1
2010/11/15,375,375,370,370,56000,370,1
2010/11/16,370,376,370,371,6000,371,1
2010/11/17,370,380,370,380,19000,380,1
2010/11/18,385,398,385,398,21000,398,1
2010/11/19,398,405,394,400,33000,400,1
2010/11/22,405,411,405,411,17000,411,1
2010/11/24,409,429,409,429,32000,429,1
2010/11/25,440,440,420,423,21000,423,1
2010/11/26,423,436,423,435,71000,435,1
2010/11/29,435,441,435,441,22000,441,1
2010/11/30,444,454,440,454,75000,454,1
2010/12/01,450,453,438,453,27000,453,1
2010/12/02,470,515,470,510,244000,510,1
2010/12/03,520,555,520,555,559000,555,1
2010/12/06,552,577,546,577,350000,577,1
2010/12/07,564,564,547,547,88000,547,1
2010/12/08,543,543,525,525,59000,525,1
2010/12/09,513,513,504,509,80000,509,1
2010/12/10,510,529,500,529,87000,529,1
2010/12/13,528,533,528,530,99000,530,1
2010/12/14,529,531,529,530,130000,530,1
2010/12/15,519,519,517,517,21000,517,1
2010/12/16,519,523,519,521,4000,521,1
2010/12/17,522,523,482,482,13000,482,1
2010/12/20,498,498,482,482,6000,482,1
2010/12/21,458,468,458,463,25000,463,1
2010/12/22,471,482,471,482,22000,482,1
2010/12/24,481,484,480,484,15000,484,1
2010/12/27,484,498,479,487,11000,487,1
2010/12/28,494,495,490,494,25000,494,1
2010/12/29,487,493,486,493,3000,493,1
2010/12/30,490,490,488,488,3000,488,1
2011/01/04,490,492,488,490,12000,490,1
2011/01/05,490,490,482,485,12000,485,1
2011/01/06,485,490,480,490,18000,490,1
2011/01/07,492,495,492,492,24000,492,1
2011/01/11,492,493,492,493,13000,493,1
2011/01/12,492,493,492,492,5000,492,1
2011/01/13,493,495,492,492,5000,492,1
2011/01/14,492,492,492,492,2000,492,1
2011/01/17,495,495,495,495,18000,495,1
2011/01/18,487,492,487,490,3000,490,1
2011/01/19,491,491,488,490,5000,490,1
2011/01/20,491,493,491,493,5000,493,1
2011/01/21,494,495,489,492,16000,492,1
2011/01/24,489,493,482,493,16000,493,1
2011/01/25,495,495,495,495,5000,495,1
2011/01/26,496,504,496,502,7000,502,1
2011/01/27,503,518,503,511,6000,511,1
2011/01/28,511,512,495,503,22000,503,1
2011/01/31,512,515,512,515,9000,515,1
2011/02/01,535,535,500,515,23000,515,1
2011/02/02,515,539,515,523,35000,523,1
2011/02/03,513,536,510,520,38000,520,1
2011/02/04,510,528,510,525,25000,525,1
2011/02/07,530,535,520,520,24000,520,1
2011/02/08,520,538,520,534,20000,534,1
2011/02/09,526,535,526,535,18000,535,1
2011/02/10,533,535,525,528,24000,528,1
2011/02/14,535,535,530,530,35000,530,1
2011/02/15,530,532,524,532,12000,532,1
2011/02/16,532,532,528,528,17000,528,1
2011/02/17,530,539,525,539,36000,539,1
2011/02/18,532,532,526,532,33000,532,1
2011/02/21,530,530,522,530,18000,530,1
2011/02/22,528,528,525,528,9000,528,1
2011/02/23,525,525,516,522,18000,522,1
2011/02/24,522,522,506,513,27000,513,1
2011/02/25,513,526,513,520,30000,520,1
2011/02/28,535,536,514,531,37000,531,1
2011/03/01,530,530,517,517,29000,517,1
2011/03/02,516,525,516,525,15000,525,1
2011/03/03,527,537,527,535,60000,535,1
2011/03/04,536,560,536,560,173000,560,1
2011/03/07,559,600,559,591,217000,591,1
2011/03/08,600,625,600,620,190000,620,1
2011/03/09,620,655,620,651,202000,651,1
2011/03/10,665,665,649,650,71000,650,1
2011/03/11,650,680,650,670,106000,670,1
2011/03/14,620,660,618,660,66000,660,1
2011/03/15,660,680,650,680,257000,680,1
2011/03/16,680,780,680,780,319000,780,1
2011/03/17,769,800,767,780,148000,780,1
2011/03/18,781,791,772,790,113000,790,1
2011/03/22,781,793,775,781,61000,781,1
2011/03/23,780,782,777,781,83000,781,1
2011/03/24,777,791,777,787,127000,787,1
2011/03/25,780,785,780,782,36000,782,1
2011/03/28,785,815,785,814,135000,814,1
2011/03/29,810,810,760,766,28000,766,1
2011/03/30,751,757,750,751,22000,751,1
2011/03/31,751,755,750,755,32000,755,1
2011/04/01,755,785,750,780,29000,780,1
2011/04/04,765,772,751,751,25000,751,1
2011/04/05,751,753,748,750,34000,750,1
2011/04/06,750,751,750,751,32000,751,1
2011/04/07,751,751,749,750,10000,750,1
2011/04/08,750,765,750,762,32000,762,1
2011/04/11,747,747,747,747,1000,747,1
2011/04/12,730,742,728,742,22000,742,1
2011/04/13,720,742,720,720,11000,720,1
2011/04/14,730,739,730,739,2000,739,1
2011/04/15,730,731,730,731,5000,731,1
2011/04/18,730,730,705,718,13000,718,1
2011/04/19,720,720,702,711,9000,711,1
2011/04/20,711,729,710,722,18000,722,1
2011/04/21,725,729,722,728,16000,728,1
2011/04/22,718,727,714,723,9000,723,1
2011/04/25,725,725,703,703,12000,703,1
2011/04/26,695,703,687,694,27000,694,1
2011/04/27,704,714,704,714,12000,714,1
2011/04/28,711,720,711,720,14000,720,1
2011/05/02,720,720,720,720,6000,720,1
2011/05/06,720,729,720,729,2000,729,1
2011/05/09,720,735,720,732,26000,732,1
2011/05/10,725,725,705,710,12000,710,1
2011/05/11,710,710,700,700,12000,700,1
2011/05/12,709,730,689,730,15000,730,1
2011/05/13,720,734,720,734,8000,734,1
2011/05/16,729,730,700,715,17000,715,1
2011/05/17,717,730,717,730,14000,730,1
2011/05/18,730,733,730,732,13000,732,1
2011/05/19,732,732,728,728,6000,728,1
2011/05/20,740,740,730,730,7000,730,1
2011/05/23,734,745,730,745,18000,745,1
2011/05/24,745,755,745,746,12000,746,1
2011/05/25,746,750,745,750,8000,750,1
2011/05/26,738,750,732,750,6000,750,1
2011/05/27,750,780,747,780,9000,780,1
2011/05/30,754,754,750,750,12000,750,1
2011/05/31,750,750,747,750,3000,750,1
2011/06/01,750,750,740,740,24000,740,1
2011/06/02,750,750,750,750,5000,750,1
2011/06/03,750,750,749,749,4000,749,1
2011/06/06,750,755,750,755,10000,755,1
2011/06/07,760,760,760,760,7000,760,1
2011/06/08,760,765,760,761,8000,761,1
2011/06/09,757,760,757,760,8000,760,1
2011/06/10,760,760,760,760,1000,760,1
2011/06/13,760,764,760,764,8000,764,1
2011/06/14,760,760,748,758,15000,758,1
2011/06/15,756,760,756,758,31000,758,1
2011/06/16,757,764,757,760,178000,760,1
2011/06/17,760,765,760,765,24000,765,1
2011/06/20,770,781,770,775,26000,775,1
2011/06/21,790,800,775,800,17000,800,1
2011/06/22,800,800,776,776,6000,776,1
2011/06/23,776,780,775,780,9000,780,1
2011/06/24,780,785,780,785,8000,785,1
2011/06/27,784,784,775,781,9000,781,1
2011/06/28,776,799,775,790,63000,790,1
2011/06/29,790,795,790,790,47000,790,1
2011/06/30,798,798,790,798,20000,798,1
2011/07/01,798,809,798,805,38000,805,1
2011/07/04,801,804,801,801,18000,801,1
2011/07/05,801,804,801,804,3000,804,1
2011/07/06,801,801,801,801,15000,801,1
2011/07/07,801,805,801,805,5000,805,1
2011/07/08,800,804,800,801,7000,801,1
2011/07/11,801,803,801,801,18000,801,1
2011/07/12,801,801,798,801,14000,801,1
2011/07/13,801,805,798,805,9000,805,1
2011/07/14,801,801,798,801,20000,801,1
2011/07/15,801,804,801,801,10000,801,1
2011/07/19,801,804,801,801,12000,801,1
2011/07/20,801,803,800,801,12000,801,1
2011/07/21,801,803,801,801,6000,801,1
2011/07/22,803,803,801,801,5000,801,1
2011/07/25,804,805,801,801,7000,801,1
2011/07/26,801,802,801,801,7000,801,1
2011/07/27,801,802,801,801,11000,801,1
2011/07/28,801,803,799,801,16000,801,1
2011/07/29,801,802,801,801,21000,801,1
2011/08/01,801,801,801,801,44000,801,1
2011/08/02,801,801,800,800,51000,800,1
2011/08/03,800,800,800,800,23000,800,1
2011/08/04,800,800,800,800,33000,800,1
2011/08/05,800,800,785,785,45000,785,1
2011/08/08,782,782,728,728,17000,728,1
2011/08/09,728,728,712,712,10000,712,1
2011/08/10,712,712,712,712,1000,712,1
2011/08/11,738,738,738,738,1000,738,1
2011/08/12,720,720,720,720,1000,720,1
2011/08/15,721,728,713,728,7000,728,1
2011/08/16,728,728,711,711,10000,711,1
2011/08/17,711,711,702,702,5000,702,1
2011/08/18,702,702,702,702,1000,702,1
2011/08/19,702,717,702,717,2000,717,1
2011/08/22,732,732,725,725,3000,725,1
2011/08/23,720,720,716,716,5000,716,1
2011/08/24,720,725,720,725,7000,725,1
2011/08/25,724,725,724,725,17000,725,1
2011/08/26,725,730,725,725,15000,725,1
2011/08/29,725,725,725,725,3000,725,1
2011/08/31,725,735,725,735,11000,735,1
2011/09/01,750,750,736,736,2000,736,1
2011/09/02,735,740,735,740,5000,740,1
2011/09/05,737,737,735,735,8000,735,1
2011/09/06,735,735,735,735,9000,735,1
2011/09/07,735,735,735,735,8000,735,1
2011/09/08,735,735,735,735,6000,735,1
2011/09/09,735,735,735,735,3000,735,1
2011/09/12,732,740,732,735,14000,735,1
2011/09/13,735,735,735,735,2000,735,1
2011/09/14,735,735,735,735,4000,735,1
2011/09/15,735,739,735,739,2000,739,1
2011/09/16,739,770,739,770,7000,770,1
2011/09/22,776,776,761,761,2000,761,1
2011/09/27,754,754,740,740,3000,740,1
2011/09/28,737,737,737,737,2000,737,1
2011/09/29,737,737,737,737,1000,737,1
2011/09/30,758,758,758,758,1000,758,1
2011/10/04,743,743,735,735,4000,735,1
2011/10/05,740,740,737,737,2000,737,1
2011/10/06,731,746,731,746,7000,746,1
2011/10/07,745,745,745,745,1000,745,1
2011/10/11,730,730,730,730,10000,730,1
2011/10/14,735,735,735,735,2000,735,1
2011/10/17,735,755,735,755,6000,755,1
2011/10/18,755,755,743,743,3000,743,1
2011/10/21,743,756,741,756,3000,756,1
2011/10/24,756,756,745,745,2000,745,1
2011/10/25,746,746,742,742,3000,742,1
2011/10/26,742,744,740,744,7000,744,1
2011/10/27,741,748,740,748,5000,748,1
2011/10/28,745,747,743,743,6000,743,1
2011/10/31,743,743,743,743,1000,743,1
2011/11/01,749,749,743,743,2000,743,1
2011/11/02,741,741,740,740,7000,740,1
2011/11/04,740,740,740,740,3000,740,1
2011/11/07,740,740,740,740,7000,740,1
2011/11/08,740,740,740,740,1000,740,1
2011/11/09,740,740,740,740,3000,740,1
2011/11/10,740,740,740,740,6000,740,1
2011/11/11,740,740,740,740,56000,740,1
2011/11/14,747,747,747,747,1000,747,1
2011/11/15,741,741,741,741,4000,741,1
2011/11/16,747,747,747,747,2000,747,1
2011/11/18,747,747,747,747,3000,747,1
2011/11/21,744,745,743,743,6000,743,1
2011/11/22,744,744,741,741,8000,741,1
2011/11/24,747,751,747,750,6000,750,1
2011/11/25,772,772,772,772,21000,772,1
2011/11/28,770,772,770,772,6000,772,1
2011/11/29,773,780,773,780,2000,780,1
2011/11/30,795,795,773,773,6000,773,1
2011/12/01,795,805,790,805,15000,805,1
2011/12/02,805,825,805,810,35000,810,1
2011/12/05,810,816,810,816,6000,816,1
2011/12/06,810,824,809,824,9000,824,1
2011/12/07,820,822,820,820,6000,820,1
2011/12/08,820,820,814,814,9000,814,1
2011/12/09,810,810,809,809,14000,809,1
2011/12/12,809,811,800,811,11000,811,1
2011/12/13,815,815,815,815,2000,815,1
2011/12/14,820,820,820,820,3000,820,1
2011/12/15,820,820,820,820,32000,820,1
2011/12/16,820,820,820,820,9000,820,1
2011/12/19,820,820,820,820,3000,820,1
2011/12/20,820,824,820,820,12000,820,1
2011/12/21,820,822,820,822,5000,822,1
2011/12/22,819,822,819,820,15000,820,1
2011/12/26,820,820,820,820,8000,820,1
2011/12/27,820,821,820,820,16000,820,1
2011/12/28,820,820,814,820,25000,820,1
2011/12/29,820,820,820,820,22000,820,1
2011/12/30,825,825,825,825,11000,825,1
2012/01/04,822,822,819,819,2000,819,1
2012/01/05,818,818,799,799,15000,799,1
2012/01/06,803,803,803,803,1000,803,1
2012/01/10,803,815,803,810,10000,810,1
2012/01/11,815,816,814,814,8000,814,1
2012/01/12,814,820,814,820,5000,820,1
2012/01/13,812,815,812,815,7000,815,1
2012/01/16,815,815,815,815,2000,815,1
2012/01/18,815,815,815,815,2000,815,1
2012/01/19,815,815,810,810,4000,810,1
2012/01/20,812,812,812,812,2000,812,1
2012/01/23,815,815,814,814,3000,814,1
2012/01/25,815,815,815,815,2000,815,1
2012/01/26,815,818,815,818,2000,818,1
2012/01/27,820,820,810,810,9000,810,1
2012/01/30,815,815,815,815,1000,815,1
2012/01/31,815,815,815,815,3000,815,1
2012/02/01,818,818,815,815,3000,815,1
2012/02/02,815,815,815,815,5000,815,1
2012/02/03,815,815,815,815,4000,815,1
2012/02/06,815,815,815,815,2000,815,1
2012/02/07,815,815,811,815,12000,815,1
2012/02/08,815,815,815,815,1000,815,1
2012/02/09,815,815,809,809,5000,809,1
2012/02/10,809,809,809,809,3000,809,1
2012/02/14,809,809,809,809,1000,809,1
2012/02/15,809,809,795,795,3000,795,1
2012/02/16,809,809,809,809,1000,809,1
2012/02/17,810,810,810,810,4000,810,1
2012/02/20,810,810,810,810,1000,810,1
2012/02/21,814,814,810,814,5000,814,1
2012/02/23,790,790,790,790,1000,790,1
2012/02/24,805,820,805,820,13000,820,1
2012/02/27,820,823,820,823,26000,823,1
2012/02/28,820,820,806,820,22000,820,1
2012/02/29,823,823,821,821,2000,821,1
2012/03/02,825,825,825,825,1000,825,1
2012/03/06,821,821,820,820,2000,820,1
2012/03/07,820,821,820,820,4000,820,1
2012/03/08,821,821,819,820,21000,820,1
2012/03/09,820,820,820,820,21000,820,1
2012/03/12,821,825,821,825,6000,825,1
2012/03/13,821,825,821,825,7000,825,1
2012/03/14,829,829,829,829,1000,829,1
2012/03/15,823,823,822,822,13000,822,1
2012/03/16,822,822,822,822,1000,822,1
2012/03/19,822,830,822,830,4000,830,1
2012/03/21,830,830,830,830,3000,830,1
2012/03/22,830,830,830,830,1000,830,1
2012/03/23,800,800,800,800,1000,800,1
2012/03/26,770,770,750,750,4000,750,1
2012/03/27,749,750,736,750,15000,750,1
2012/03/28,753,753,749,749,6000,749,1
2012/03/29,750,755,749,749,20000,749,1
2012/03/30,755,755,754,754,3000,754,1
2012/04/02,755,755,754,755,4000,755,1
2012/04/03,755,755,755,755,1000,755,1
2012/04/04,758,767,757,757,9000,757,1
2012/04/05,763,764,763,764,10000,764,1
2012/04/06,761,761,761,761,1000,761,1
2012/04/09,760,760,760,760,2000,760,1
2012/04/10,760,761,760,761,3000,761,1
2012/04/11,731,737,727,728,6000,728,1
2012/04/12,740,740,740,740,3000,740,1
2012/04/13,740,740,730,730,11000,730,1
2012/04/16,742,750,741,741,17000,741,1
2012/04/17,730,732,730,730,16000,730,1
2012/04/18,714,714,700,700,3000,700,1
2012/04/19,645,651,645,650,19000,650,1
2012/04/20,651,651,640,640,3000,640,1
2012/04/23,650,660,650,660,4000,660,1
2012/04/24,660,665,660,665,3000,665,1
2012/04/25,666,666,660,660,5000,660,1
2012/04/27,620,651,620,651,12000,651,1
2012/05/01,650,650,650,650,4000,650,1
2012/05/07,652,655,652,655,2000,655,1
2012/05/08,654,655,654,655,10000,655,1
2012/05/09,651,655,651,655,3000,655,1
2012/05/10,655,655,655,655,1000,655,1
2012/05/11,650,650,650,650,2000,650,1
2012/05/14,610,610,610,610,3000,610,1
2012/05/15,606,611,606,611,4000,611,1
2012/05/16,607,607,607,607,6000,607,1
2012/05/21,627,627,619,623,8000,623,1
2012/05/25,624,638,624,638,2000,638,1
2012/05/28,648,648,648,648,2000,648,1
2012/05/29,655,655,655,655,10000,655,1
2012/05/30,665,665,665,665,1000,665,1
2012/05/31,664,665,660,660,3000,660,1
2012/06/01,670,670,670,670,2000,670,1
2012/06/05,650,650,650,650,1000,650,1
2012/06/20,715,715,715,715,1000,715,1
2012/06/21,647,647,647,647,1000,647,1
2012/06/25,650,660,650,660,2000,660,1
2012/06/27,670,670,670,670,1000,670,1
2012/06/28,673,673,673,673,2000,673,1
2012/07/02,693,693,693,693,1000,693,1
2012/07/03,690,690,680,680,2000,680,1
2012/07/04,672,672,672,672,4000,672,1
2012/07/05,672,672,672,672,1000,672,1
2012/07/17,665,672,665,672,6000,672,1
2012/07/18,662,662,662,662,6000,662,1
2012/07/23,660,664,660,664,13000,664,1
2012/07/24,660,666,660,666,11000,666,1
2012/07/27,676,676,676,676,2000,676,1
2012/07/31,660,660,660,660,1000,660,1
2012/08/01,678,678,678,678,1000,678,1
2012/08/02,668,668,668,668,1000,668,1
2012/08/03,648,648,648,648,1000,648,1
2012/08/07,640,640,640,640,1000,640,1
2012/08/08,641,641,641,641,1000,641,1
2012/08/13,641,641,641,641,1000,641,1
2012/08/16,641,641,641,641,3000,641,1
2012/08/17,641,641,641,641,1000,641,1
2012/08/21,631,631,631,631,1000,631,1
2012/08/24,641,641,635,635,2000,635,1
2012/08/27,645,645,645,645,1000,645,1
2012/08/28,646,646,646,646,3000,646,1
2012/08/31,647,647,645,647,3000,647,1
2012/09/04,607,628,607,628,4000,628,1
2012/09/07,630,630,630,630,4000,630,1
2012/09/10,630,630,630,630,1000,630,1
2012/09/12,650,650,640,640,5000,640,1
2012/09/13,650,650,650,650,1000,650,1
2012/09/14,640,660,640,660,5000,660,1
2012/09/18,650,650,650,650,1000,650,1
2012/09/19,640,650,640,650,2000,650,1
2012/09/25,640,640,640,640,1000,640,1
2012/09/27,635,635,635,635,1000,635,1
2012/09/28,639,639,639,639,2000,639,1
2012/10/02,635,635,635,635,1000,635,1
2012/10/03,615,615,615,615,1000,615,1
2012/10/04,607,607,607,607,1000,607,1
2012/10/15,557,560,557,560,3000,560,1
2012/10/17,560,560,550,550,2000,550,1
2012/10/18,545,545,545,545,1000,545,1
2012/10/19,525,525,525,525,1000,525,1
2012/10/24,505,505,501,501,2000,501,1
2012/10/26,510,510,510,510,3000,510,1
2012/11/01,500,500,500,500,1000,500,1
2012/11/16,441,441,425,425,4000,425,1
2012/11/19,421,421,417,417,3000,417,1
2012/11/20,395,396,395,396,6000,396,1
2012/11/21,380,392,372,392,11000,392,1
2012/11/22,392,392,392,392,2000,392,1
2012/11/26,392,400,392,392,5000,392,1
2012/11/28,408,408,396,396,3000,396,1
2012/11/29,392,392,390,390,2000,390,1
2012/11/30,395,395,395,395,1000,395,1
2012/12/04,398,398,398,398,4000,398,1
2012/12/05,390,398,390,398,2000,398,1
2012/12/07,400,408,400,408,3000,408,1
2012/12/10,416,416,416,416,1000,416,1
2012/12/11,401,401,398,398,3000,398,1
2012/12/12,401,401,401,401,2000,401,1
2012/12/13,395,400,395,400,4000,400,1
2012/12/14,406,406,406,406,1000,406,1
2012/12/18,412,412,409,409,3000,409,1
2012/12/19,411,411,410,410,2000,410,1
2012/12/20,405,405,399,399,2000,399,1
2012/12/21,403,403,403,403,1000,403,1
2012/12/25,399,399,391,391,3000,391,1
2012/12/27,416,416,412,412,3000,412,1
2012/12/28,412,412,412,412,3000,412,1
2013/01/04,415,415,415,415,2000,415,1
2013/01/07,430,430,430,430,2000,430,1
2013/01/09,418,418,418,418,1000,418,1
2013/01/16,426,426,426,426,1000,426,1
2013/01/18,430,430,430,430,2000,430,1
2013/01/21,430,437,430,437,2000,437,1
2013/01/22,440,440,440,440,1000,440,1
2013/01/23,440,440,440,440,6000,440,1
2013/01/24,440,440,440,440,1000,440,1
2013/01/25,448,450,448,450,2000,450,1
2013/01/28,443,443,437,437,7000,437,1
2013/01/29,425,440,425,440,2000,440,1
2013/01/31,440,440,435,435,2000,435,1
2013/02/01,437,437,437,437,1000,437,1
2013/02/04,440,453,440,453,3000,453,1
2013/02/05,447,447,445,445,3000,445,1
2013/02/07,445,445,437,437,2000,437,1
2013/02/12,439,439,439,439,1000,439,1
2013/02/13,440,440,440,440,1000,440,1
2013/02/15,434,434,434,434,1000,434,1
2013/02/19,428,428,426,426,3000,426,1
2013/02/25,422,445,421,445,4000,445,1
2013/02/26,442,442,442,442,1000,442,1
2013/02/28,428,428,428,428,2000,428,1
2013/03/04,435,435,427,427,4000,427,1
2013/03/05,430,430,430,430,1000,430,1
2013/03/06,424,439,424,435,3000,435,1
2013/03/07,435,438,428,428,5000,428,1
2013/03/08,431,431,428,428,3000,428,1
2013/03/11,429,429,429,429,2000,429,1
2013/03/12,429,429,420,420,4000,420,1
2013/03/14,415,415,415,415,2000,415,1
2013/03/15,420,427,420,427,2000,427,1
2013/03/18,430,430,430,430,1000,430,1
2013/03/19,425,425,420,420,2000,420,1
2013/03/21,420,420,420,420,2000,420,1
2013/03/25,416,416,415,415,4000,415,1
2013/03/26,416,425,416,425,4000,425,1
2013/03/27,419,420,419,420,3000,420,1
2013/03/28,415,415,415,415,4000,415,1
2013/04/01,422,422,422,422,1000,422,1
2013/04/03,415,415,415,415,1000,415,1
2013/04/05,425,439,425,439,2000,439,1
2013/04/08,440,440,440,440,3000,440,1
2013/04/18,430,430,430,430,1000,430,1
2013/04/22,432,432,432,432,1000,432,1
2013/04/25,454,454,454,454,1000,454,1
2013/04/26,449,449,449,449,2000,449,1
2013/04/30,441,441,438,438,3000,438,1
2013/05/02,438,438,436,436,3000,436,1
2013/05/07,436,436,436,436,2000,436,1
2013/05/08,444,446,444,446,2000,446,1
2013/05/09,441,446,441,446,2000,446,1
2013/05/10,449,449,440,441,9000,441,1
2013/05/13,481,521,481,511,23000,511,1
2013/05/14,511,511,511,511,2000,511,1
2013/05/15,511,511,456,456,10000,456,1
2013/05/16,465,465,458,459,4000,459,1
2013/05/17,465,465,465,465,1000,465,1
2013/05/20,481,481,481,481,2000,481,1
2013/05/23,473,473,460,460,5000,460,1
2013/05/24,468,468,450,450,2000,450,1
2013/05/27,442,442,440,440,6000,440,1
2013/05/28,469,469,465,465,3000,465,1
2013/05/29,465,465,465,465,1000,465,1
2013/05/31,489,489,489,489,1000,489,1
2013/06/03,451,451,451,451,1000,451,1
2013/06/04,445,445,445,445,1000,445,1
2013/06/06,445,445,445,445,1000,445,1
2013/06/07,420,420,420,420,2000,420,1
2013/06/13,438,440,432,432,3000,432,1
2013/06/14,424,430,424,430,2000,430,1
2013/06/17,431,431,431,431,2000,431,1
2013/06/18,447,447,447,447,1000,447,1
2013/06/20,440,440,439,440,3000,440,1
2013/06/21,424,424,410,411,8000,411,1
2013/06/27,415,415,415,415,1000,415,1
2013/06/28,471,471,441,441,4000,441,1
2013/07/01,427,427,427,427,1000,427,1
2013/07/02,442,442,442,442,2000,442,1
2013/07/03,434,449,434,449,3000,449,1
2013/07/04,441,441,441,441,1000,441,1
2013/07/05,437,437,437,437,2000,437,1
2013/07/08,437,437,437,437,2000,437,1
2013/07/09,431,439,431,433,4000,433,1
2013/07/11,433,433,433,433,2000,433,1
2013/07/16,433,433,433,433,1000,433,1
2013/07/17,434,434,434,434,4000,434,1
2013/07/18,441,441,441,441,1000,441,1
2013/07/19,457,457,457,457,1000,457,1
2013/07/22,449,449,449,449,1000,449,1
2013/07/25,447,447,431,432,3000,432,1
2013/07/26,435,438,432,432,4000,432,1
2013/07/30,424,424,424,424,1000,424,1
2013/08/01,438,438,438,438,1000,438,1
2013/08/05,438,438,435,435,3000,435,1
2013/08/06,434,435,426,435,4000,435,1
2013/08/07,427,427,427,427,1000,427,1
2013/08/08,427,427,427,427,1000,427,1
2013/08/13,428,428,428,428,2000,428,1
2013/08/15,430,430,430,430,1000,430,1
2013/08/21,425,425,417,417,3000,417,1
2013/08/23,424,424,416,424,4000,424,1
2013/08/27,409,409,409,409,8000,409,1
2013/08/28,417,417,412,412,5000,412,1
2013/08/29,404,404,404,404,11000,404,1
2013/08/30,411,411,406,410,3000,410,1
2013/09/03,406,407,406,407,3000,407,1
2013/09/05,407,407,402,402,14000,402,1
2013/09/09,410,410,410,410,3000,410,1
2013/09/13,410,410,410,410,3000,410,1
2013/09/17,418,418,418,418,1000,418,1
2013/09/18,420,420,420,420,1000,420,1
2013/09/20,420,420,420,420,2000,420,1
2013/09/24,421,421,421,421,2000,421,1
2013/09/25,421,421,421,421,1000,421,1
2013/09/26,423,423,420,422,4000,422,1
2013/09/27,422,422,422,422,3000,422,1
2013/09/30,419,421,418,421,7000,421,1
2013/10/01,422,422,422,422,2000,422,1
2013/10/02,427,427,421,423,5000,423,1
2013/10/04,421,422,421,422,6000,422,1
2013/10/07,420,427,420,421,4000,421,1
2013/10/08,420,420,415,415,3000,415,1
2013/10/09,417,421,417,421,2000,421,1
2013/10/10,420,422,420,422,2000,422,1
2013/10/11,415,420,415,420,4000,420,1
2013/10/15,424,424,418,418,3000,418,1
2013/10/17,423,426,423,426,3000,426,1
2013/10/18,421,427,421,427,3000,427,1
2013/10/21,428,428,428,428,1000,428,1
2013/10/22,430,430,430,430,4000,430,1
2013/10/23,426,434,426,434,2000,434,1
2013/10/24,434,434,434,434,1000,434,1
2013/10/25,434,434,434,434,1000,434,1
2013/10/28,448,448,448,448,3000,448,1
2013/10/29,440,443,431,433,13000,433,1
2013/10/30,433,439,432,432,10000,432,1
2013/11/05,429,434,429,434,10000,434,1
2013/11/06,431,438,431,431,6000,431,1
2013/11/07,431,431,431,431,2000,431,1
2013/11/08,431,434,431,434,4000,434,1
2013/11/11,438,438,433,433,4000,433,1
2013/11/13,433,433,433,433,2000,433,1
2013/11/14,432,437,432,437,17000,437,1
2013/11/15,438,438,438,438,4000,438,1
2013/11/18,432,435,432,434,4000,434,1
2013/11/19,437,437,432,435,8000,435,1
2013/11/21,439,440,438,440,6000,440,1
2013/11/22,444,449,444,449,4000,449,1
2013/11/25,442,449,442,449,5000,449,1
2013/11/26,440,440,440,440,2000,440,1
2013/11/27,440,441,438,438,4000,438,1
2013/11/28,435,435,435,435,6000,435,1
2013/11/29,442,442,437,437,5000,437,1
2013/12/02,438,444,436,444,6000,444,1
2013/12/03,438,443,436,436,6000,436,1
2013/12/04,437,437,435,435,2000,435,1
2013/12/06,435,440,435,438,6000,438,1
2013/12/09,440,440,434,438,8000,438,1
2013/12/10,433,443,433,443,3000,443,1
2013/12/12,438,441,438,441,3000,441,1
2013/12/13,438,438,438,438,2000,438,1
2013/12/16,442,442,438,438,4000,438,1
2013/12/18,440,441,439,440,7000,440,1
2013/12/19,440,440,436,440,10000,440,1
2013/12/20,438,440,438,440,3000,440,1
2013/12/24,440,440,438,439,7000,439,1
2013/12/25,439,442,439,442,3000,442,1
2013/12/26,445,447,445,447,3000,447,1
2013/12/27,459,459,458,459,4000,459,1
2013/12/30,465,470,454,462,10000,462,1
2014/01/06,462,462,455,456,4000,456,1
2014/01/07,455,469,455,469,2000,469,1
2014/01/09,469,469,469,469,1000,469,1
2014/01/10,470,470,470,470,2000,470,1
2014/01/14,454,454,454,454,4000,454,1
2014/01/20,462,469,460,460,14000,460,1
2014/01/21,474,474,474,474,2000,474,1
2014/01/22,463,471,463,471,5000,471,1
2014/01/27,465,465,458,461,7000,461,1
2014/01/28,464,465,462,465,5000,465,1
2014/01/29,465,496,465,492,16000,492,1
2014/01/30,479,479,464,478,10000,478,1
2014/01/31,478,495,465,495,10000,495,1
2014/02/03,471,471,468,468,3000,468,1
2014/02/04,463,463,459,459,5000,459,1
2014/02/05,455,455,451,451,2000,451,1
2014/02/07,452,452,452,452,2000,452,1
2014/02/10,459,459,456,456,2000,456,1
2014/02/12,472,472,472,472,1000,472,1
2014/02/13,456,470,456,470,3000,470,1
2014/02/14,459,459,458,458,3000,458,1
2014/02/18,458,458,458,458,1000,458,1
2014/02/19,460,460,460,460,3000,460,1
2014/02/20,460,460,457,457,2000,457,1
2014/02/25,470,470,462,462,2000,462,1
2014/02/26,465,465,465,465,2000,465,1
2014/02/28,475,475,461,461,3000,461,1
2014/03/03,469,469,469,469,1000,469,1
2014/03/17,455,456,455,456,3000,456,1
2014/03/18,460,460,460,460,1000,460,1
2014/03/20,456,456,439,439,4000,439,1
2014/03/24,450,450,442,445,3000,445,1
2014/03/25,451,451,451,451,2000,451,1
2014/03/26,460,460,460,460,1000,460,1
2014/03/27,452,452,450,450,11000,450,1
2014/03/28,458,458,458,458,2000,458,1
2014/04/01,466,466,466,466,3000,466,1
2014/04/03,458,458,458,458,1000,458,1
2014/04/04,455,455,455,455,1000,455,1
2014/04/07,461,461,455,455,5000,455,1
2014/04/08,467,467,466,466,3000,466,1
2014/04/09,458,458,455,455,5000,455,1
2014/04/10,460,460,460,460,2000,460,1
2014/04/11,460,460,455,460,3000,460,1
2014/04/14,460,460,460,460,8000,460,1
2014/04/15,460,460,460,460,1000,460,1
2014/04/16,460,460,452,460,7000,460,1
2014/04/17,460,465,460,465,7000,465,1
2014/04/18,465,465,465,465,1000,465,1
2014/04/21,465,465,465,465,1000,465,1
2014/04/22,464,465,463,465,7000,465,1
2014/04/23,470,470,470,470,2000,470,1
2014/04/24,468,468,468,468,1000,468,1
2014/04/25,468,469,468,469,5000,469,1
2014/04/28,477,477,461,461,8000,461,1
2014/04/30,464,464,464,464,2000,464,1
2014/05/01,465,472,465,471,9000,471,1
2014/05/02,484,484,480,480,5000,480,1
2014/05/07,496,496,475,475,5000,475,1
2014/05/08,480,480,475,480,5000,480,1
2014/05/09,480,510,469,510,17000,510,1
2014/05/12,474,474,474,474,5000,474,1
2014/05/13,480,480,464,466,8000,466,1
2014/05/14,474,474,473,473,2000,473,1
2014/05/15,465,465,465,465,1000,465,1
2014/05/19,463,463,463,463,1000,463,1
2014/05/20,469,469,469,469,1000,469,1
2014/05/21,469,469,469,469,1000,469,1
2014/05/22,473,473,473,473,3000,473,1
2014/05/26,474,474,474,474,1000,474,1
2014/05/27,475,475,465,470,8000,470,1
2014/05/28,480,480,480,480,2000,480,1
2014/05/29,472,478,470,478,5000,478,1
2014/05/30,498,498,474,482,5000,482,1
2014/06/02,504,504,478,482,3000,482,1
2014/06/03,478,487,478,485,16000,485,1
2014/06/04,485,485,479,485,10000,485,1
2014/06/05,485,485,485,485,2000,485,1
2014/06/06,484,485,484,485,4000,485,1
2014/06/09,490,490,490,490,5000,490,1
2014/06/10,485,485,485,485,4000,485,1
2014/06/12,477,490,477,490,2000,490,1
2014/06/13,482,488,480,488,4000,488,1
2014/06/16,489,491,489,491,4000,491,1
2014/06/17,491,491,491,491,1000,491,1
2014/06/18,498,498,498,498,2000,498,1
2014/06/20,485,493,485,493,2000,493,1
2014/06/24,486,486,486,486,3000,486,1
2014/06/25,492,519,491,501,14000,501,1
2014/06/26,491,492,491,491,8000,491,1
2014/06/27,494,494,493,493,3000,493,1
2014/07/02,519,519,519,519,3000,519,1
2014/07/03,499,499,496,496,2000,496,1
2014/07/04,501,525,501,503,15000,503,1
2014/07/08,503,513,503,513,4000,513,1
2014/07/09,513,513,504,504,3000,504,1
2014/07/10,500,500,500,500,1000,500,1
2014/07/11,500,503,500,503,2000,503,1
2014/07/16,496,496,496,496,1000,496,1
2014/07/17,500,500,500,500,2000,500,1
2014/07/18,500,500,497,497,4000,497,1
2014/07/22,499,500,499,500,2000,500,1
2014/07/23,505,505,490,490,8000,490,1
2014/07/24,490,490,490,490,4000,490,1
2014/07/25,490,498,490,498,3000,498,1
2014/07/28,498,500,498,500,11000,500,1
2014/07/29,490,490,490,490,6000,490,1
2014/07/30,490,491,485,485,9000,485,1
2014/07/31,487,491,487,491,2000,491,1
2014/08/01,499,499,499,499,3000,499,1
2014/08/05,491,491,480,488,10000,488,1
2014/08/06,483,483,483,483,2000,483,1
2014/08/07,477,477,463,470,5000,470,1
2014/08/08,470,478,470,478,2000,478,1
2014/08/12,470,470,470,470,1000,470,1
2014/08/18,466,469,466,469,6000,469,1
2014/08/19,469,469,469,469,6000,469,1
2014/08/20,470,470,470,470,5000,470,1
2014/08/21,470,478,470,478,2000,478,1
2014/08/22,479,479,479,479,1000,479,1
2014/08/25,476,479,476,479,2000,479,1
2014/08/26,475,475,475,475,7000,475,1
2014/08/27,478,478,475,475,2000,475,1
2014/08/28,477,478,470,478,4000,478,1
2014/08/29,479,479,478,478,2000,478,1
2014/09/02,478,478,477,477,2000,477,1
2014/09/03,475,475,475,475,4000,475,1
2014/09/08,471,471,471,471,1000,471,1
2014/09/11,475,476,475,476,3000,476,1
2014/09/16,477,478,477,477,14000,477,1
2014/09/17,477,477,473,474,3000,474,1
2014/09/18,473,473,470,470,9000,470,1
2014/09/19,473,473,473,473,1000,473,1
2014/09/24,473,473,466,468,9000,468,1
2014/09/25,469,476,469,476,2000,476,1
2014/09/26,480,480,479,480,8000,480,1
2014/09/29,480,480,480,480,8000,480,1
2014/09/30,481,481,480,480,2000,480,1
2014/10/02,480,480,471,471,4000,471,1
2014/10/07,473,473,470,470,2000,470,1
2014/10/10,466,474,466,474,3000,474,1
2014/10/15,470,470,470,470,20000,470,1
2014/10/16,462,468,462,468,24000,468,1
2014/10/23,467,467,467,467,20000,467,1
2014/10/24,469,469,461,461,4000,461,1
2014/10/27,464,465,464,464,23000,464,1
2014/10/28,465,465,457,458,28000,458,1
2014/10/29,464,464,464,464,1000,464,1
2014/10/30,465,465,464,464,2000,464,1
2014/10/31,464,465,464,465,5000,465,1
2014/11/04,465,465,460,460,5000,460,1
2014/11/05,460,460,460,460,5000,460,1
2014/11/06,460,460,460,460,2000,460,1
2014/11/10,460,460,450,450,5000,450,1
2014/11/11,456,456,440,446,43000,446,1
2014/11/12,455,455,446,450,33000,450,1
2014/11/13,446,446,446,446,1000,446,1
2014/11/14,446,446,446,446,1000,446,1
2014/11/17,450,450,448,448,2000,448,1
2014/11/19,441,441,430,438,12000,438,1
2014/11/20,447,447,447,447,1000,447,1
2014/11/21,447,447,447,447,1000,447,1
2014/11/25,454,454,454,454,2000,454,1
2014/11/27,454,462,454,454,7000,454,1
2014/11/28,468,468,468,468,6000,468,1
2014/12/01,455,463,455,463,3000,463,1
2014/12/03,455,455,455,455,2000,455,1
2014/12/04,453,454,453,454,34000,454,1
2014/12/05,455,455,454,454,3000,454,1
2014/12/08,454,454,448,451,7000,451,1
2014/12/10,452,452,451,451,2000,451,1
2014/12/11,451,458,451,458,4000,458,1
2014/12/12,449,454,449,454,2000,454,1
2014/12/15,450,453,450,453,3000,453,1
2014/12/16,451,451,445,445,2000,445,1
2014/12/17,445,445,444,444,2000,444,1
2014/12/18,457,457,445,445,3000,445,1
2014/12/19,449,456,449,456,7000,456,1
2014/12/22,448,454,444,448,37000,448,1
2014/12/24,448,448,447,447,5000,447,1
2014/12/25,448,449,448,448,10000,448,1
2014/12/26,456,456,455,455,6000,455,1
2014/12/29,451,451,451,451,1000,451,1
2014/12/30,453,459,450,450,5000,450,1
2015/01/05,458,458,454,454,2000,454,1
2015/01/06,451,454,451,454,2000,454,1
2015/01/08,454,465,454,465,5000,465,1
2015/01/09,465,465,465,465,1000,465,1
2015/01/14,468,468,462,462,4000,462,1
2015/01/15,460,460,460,460,1000,460,1
2015/01/16,463,463,463,463,2000,463,1
2015/01/20,455,455,455,455,1000,455,1
2015/01/21,455,458,455,458,3000,458,1
2015/01/26,454,454,454,454,1000,454,1
2015/01/27,453,469,453,469,7000,469,1
2015/01/28,470,470,470,470,3000,470,1
2015/01/29,470,470,461,461,4000,461,1
2015/02/03,457,457,457,457,1000,457,1
2015/02/04,461,462,461,462,2000,462,1
2015/02/05,470,480,470,480,12000,480,1
2015/02/10,480,480,480,480,6000,480,1
2015/02/12,480,480,480,480,4000,480,1
2015/02/13,470,470,470,470,1000,470,1
2015/02/16,475,475,475,475,1000,475,1
2015/02/17,470,470,470,470,4000,470,1
2015/02/18,470,470,470,470,1000,470,1
2015/02/19,470,470,470,470,5000,470,1
2015/02/20,465,465,465,465,3000,465,1
2015/02/23,465,473,465,466,8000,466,1
2015/02/24,465,465,460,460,7000,460,1
2015/02/25,468,468,468,468,1000,468,1
2015/02/26,469,470,465,470,4000,470,1
2015/02/27,475,475,475,475,3000,475,1
2015/03/03,470,474,470,474,2000,474,1
2015/03/04,466,468,465,468,3000,468,1
2015/03/05,467,468,467,468,3000,468,1
2015/03/06,466,466,466,466,4000,466,1
2015/03/09,466,466,463,466,6000,466,1
2015/03/11,468,468,468,468,33000,468,1
2015/03/12,466,470,466,466,6000,466,1
2015/03/13,472,475,472,475,3000,475,1
2015/03/16,475,499,475,491,11000,491,1
2015/03/17,491,497,491,497,10000,497,1
2015/03/18,494,494,492,492,3000,492,1
2015/03/19,484,484,484,484,1000,484,1
2015/03/23,484,484,478,480,7000,480,1
2015/03/24,484,484,484,484,1000,484,1
2015/03/25,484,484,484,484,1000,484,1
2015/03/26,484,485,484,485,4000,485,1
2015/03/27,489,489,473,476,8000,476,1
2015/03/30,472,476,472,476,10000,476,1
2015/03/31,479,481,479,481,3000,481,1
2015/04/01,489,489,489,489,2000,489,1
2015/04/03,480,480,480,480,1000,480,1
2015/04/06,480,480,476,476,2000,476,1
2015/04/07,484,484,484,484,1000,484,1
2015/04/09,481,481,481,481,2000,481,1
2015/04/10,481,481,480,480,25000,480,1
2015/04/13,482,486,482,482,7000,482,1
2015/04/14,487,513,487,503,11000,503,1
2015/04/15,497,497,497,497,4000,497,1
2015/04/22,489,489,486,486,5000,486,1
2015/04/23,494,494,491,491,3000,491,1
2015/04/24,494,495,493,493,3000,493,1
2015/04/27,500,501,500,500,4000,500,1
2015/04/28,501,501,501,501,3000,501,1
2015/04/30,490,491,490,491,5000,491,1
2015/05/01,490,490,490,490,1000,490,1
2015/05/08,489,489,489,489,1000,489,1
2015/05/11,489,489,489,489,1000,489,1
2015/05/12,500,507,495,497,20000,497,1
2015/05/13,500,506,500,506,10000,506,1
2015/05/14,507,510,507,507,3000,507,1
2015/05/15,510,516,510,510,11000,510,1
2015/05/18,505,519,505,509,4000,509,1
2015/05/19,518,518,511,511,3000,511,1
2015/05/20,505,505,505,505,2000,505,1
2015/05/22,508,508,508,508,1000,508,1
2015/05/25,518,520,515,515,6000,515,1
2015/05/26,515,515,509,509,7000,509,1
2015/05/27,508,508,508,508,1000,508,1
2015/05/28,525,525,519,519,3000,519,1
2015/05/29,509,510,508,508,9000,508,1
2015/06/02,511,511,511,511,2000,511,1
2015/06/03,511,515,511,515,2000,515,1
2015/06/04,515,520,512,513,13000,513,1
2015/06/05,513,513,513,513,2000,513,1
2015/06/08,515,515,513,513,6000,513,1
2015/06/09,513,513,512,512,11000,512,1
2015/06/10,512,513,512,512,5000,512,1
2015/06/11,512,512,510,510,3000,510,1
2015/06/12,513,520,513,520,15000,520,1
2015/06/15,530,538,525,538,35000,538,1
2015/06/16,538,538,529,529,5000,529,1
2015/06/17,530,530,530,530,7000,530,1
2015/06/18,530,530,520,520,5000,520,1
2015/06/19,521,521,521,521,3000,521,1
2015/06/22,519,521,519,519,4000,519,1
2015/06/23,523,523,523,523,8000,523,1
2015/06/24,524,524,520,520,6000,520,1
2015/06/25,530,533,518,529,39000,529,1
2015/06/26,530,530,516,516,9000,516,1
2015/06/29,505,512,505,512,7000,512,1
2015/06/30,515,515,508,508,3000,508,1
2015/07/01,508,513,508,513,9000,513,1
2015/07/02,516,518,515,515,9000,515,1
2015/07/03,511,511,510,510,2000,510,1
2015/07/06,519,519,505,505,5000,505,1
2015/07/07,506,510,506,507,10000,507,1
2015/07/08,501,501,493,494,25000,494,1
2015/07/09,481,481,467,480,16000,480,1
2015/07/10,485,493,484,493,9000,493,1
2015/07/13,493,495,492,495,6000,495,1
2015/07/14,495,501,495,500,10000,500,1
2015/07/15,507,509,500,509,7000,509,1
2015/07/16,510,512,510,512,3000,512,1
2015/07/17,515,517,508,516,8000,516,1
2015/07/21,516,518,511,511,6000,511,1
2015/07/22,508,508,508,508,3000,508,1
2015/07/23,507,515,507,515,7000,515,1
2015/07/24,514,514,509,509,5000,509,1
2015/07/27,510,514,510,514,5000,514,1
2015/07/28,518,518,510,510,5000,510,1
2015/07/29,516,517,516,517,3000,517,1
2015/07/30,520,520,519,520,4000,520,1
2015/07/31,512,516,512,516,2000,516,1
2015/08/03,510,518,510,518,7000,518,1
2015/08/04,513,513,513,513,4000,513,1
2015/08/05,510,520,502,507,28000,507,1
2015/08/07,500,505,500,505,8000,505,1
2015/08/10,495,496,495,495,8000,495,1
2015/08/11,495,497,484,497,19000,497,1
2015/08/12,495,495,486,486,7000,486,1
2015/08/13,486,486,482,484,4000,484,1
2015/08/14,484,485,484,484,3000,484,1
2015/08/17,492,492,492,492,1000,492,1
2015/08/18,496,496,490,493,4000,493,1
2015/08/19,492,492,491,491,3000,491,1
2015/08/20,491,491,486,486,7000,486,1
2015/08/21,481,481,480,480,3000,480,1
2015/08/24,460,464,444,447,12000,447,1
2015/08/25,426,437,415,427,16000,427,1
2015/08/26,435,448,433,448,9000,448,1
2015/08/27,440,451,440,451,8000,451,1
2015/08/28,467,467,467,467,4000,467,1
2015/08/31,470,470,470,470,2000,470,1
2015/09/01,469,469,469,469,20000,469,1
2015/09/02,465,465,454,454,4000,454,1
2015/09/03,455,455,455,455,1000,455,1
2015/09/04,455,455,455,455,1000,455,1
2015/09/09,454,454,452,453,4000,453,1
2015/09/10,452,452,441,447,22000,447,1
2015/09/11,448,448,448,448,1000,448,1
2015/09/14,454,454,448,454,4000,454,1
2015/09/15,448,448,448,448,3000,448,1
2015/09/16,449,450,449,450,2000,450,1
2015/09/17,448,450,448,450,4000,450,1
2015/09/18,453,455,450,450,4000,450,1
2015/09/24,450,451,445,445,16000,445,1
2015/09/25,455,455,447,447,2000,447,1
2015/09/28,474,474,474,474,3000,474,1
2015/09/29,470,470,470,470,1000,470,1
2015/09/30,456,456,456,456,1000,456,1
2015/10/01,456,459,451,451,3000,451,1
2015/10/02,459,460,459,460,3000,460,1
2015/10/05,452,460,452,460,7000,460,1
2015/10/07,462,470,462,470,5000,470,1
2015/10/08,461,461,461,461,1000,461,1
2015/10/09,468,472,468,472,38000,472,1
2015/10/13,471,471,470,471,3000,471,1
2015/10/14,472,472,471,471,4000,471,1
2015/10/15,470,472,470,472,7000,472,1
2015/10/16,472,477,472,477,6000,477,1
2015/10/19,473,475,467,467,3000,467,1
2015/10/20,471,472,463,472,4000,472,1
2015/10/21,464,475,464,472,4000,472,1
2015/10/22,472,472,472,472,2000,472,1
2015/10/23,478,478,470,472,4000,472,1
2015/10/26,470,485,470,475,18000,475,1
2015/10/27,475,475,475,475,1000,475,1
2015/10/28,490,490,488,490,11000,490,1
2015/10/29,482,482,482,482,1000,482,1
2015/10/30,482,482,482,482,3000,482,1
2015/11/02,490,503,490,503,5000,503,1
2015/11/04,503,503,500,500,2000,500,1
2015/11/05,500,500,500,500,1000,500,1
2015/11/06,495,500,487,492,11000,492,1
2015/11/09,500,500,500,500,1000,500,1
2015/11/10,495,495,490,490,2000,490,1
2015/11/11,500,500,496,497,3000,497,1
2015/11/12,497,497,494,494,4000,494,1
2015/11/13,501,501,501,501,5000,501,1
2015/11/16,491,500,490,500,18000,500,1
2015/11/17,497,497,497,497,1000,497,1
2015/11/18,500,500,492,500,6000,500,1
2015/11/20,497,503,495,503,3000,503,1
2015/11/24,499,504,499,504,3000,504,1
2015/11/25,505,505,505,505,2000,505,1
2015/11/26,505,505,495,504,11000,504,1
2015/11/27,506,506,505,506,5000,506,1
2015/11/30,506,506,506,506,1000,506,1
2015/12/01,507,508,507,508,6000,508,1
2015/12/02,508,508,500,500,3000,500,1
2015/12/03,502,502,500,500,2000,500,1
2015/12/04,500,500,500,500,5000,500,1
2015/12/07,500,501,500,501,10000,501,1
2015/12/08,501,502,500,500,18000,500,1
2015/12/09,500,502,495,495,13000,495,1
2015/12/10,500,502,500,502,14000,502,1
2015/12/11,501,501,501,501,5000,501,1
2015/12/14,496,502,496,502,18000,502,1
2015/12/15,502,508,501,501,3000,501,1
2015/12/16,500,500,500,500,2000,500,1
2015/12/17,499,499,496,496,2000,496,1
2015/12/18,500,500,495,495,3000,495,1
2015/12/21,495,495,480,483,10000,483,1
2015/12/22,481,484,477,480,10000,480,1
2015/12/24,484,484,480,480,4000,480,1
2015/12/25,478,478,468,468,16000,468,1
2015/12/28,489,489,476,476,6000,476,1
2015/12/29,476,476,476,476,1000,476,1
2015/12/30,480,480,480,480,1000,480,1
2016/01/04,482,482,482,482,4000,482,1
2016/01/06,486,486,478,478,3000,478,1
2016/01/07,471,471,471,471,4000,471,1
2016/01/08,471,472,471,472,5000,472,1
2016/01/12,468,472,468,472,2000,472,1
2016/01/13,472,472,464,464,2000,464,1
2016/01/14,464,464,464,464,1000,464,1
2016/01/18,460,460,437,437,5000,437,1
2016/01/19,450,450,450,450,1000,450,1
2016/01/20,450,450,450,450,1000,450,1
2016/01/21,450,450,442,443,4000,443,1
2016/01/22,442,450,442,450,2000,450,1
2016/01/25,463,463,463,463,1000,463,1
2016/01/26,463,463,463,463,1000,463,1
2016/01/27,470,471,470,471,3000,471,1
2016/01/28,484,484,484,484,4000,484,1
2016/01/29,484,484,456,456,11000,456,1
2016/02/01,461,465,461,461,11000,461,1
2016/02/02,465,480,465,478,10000,478,1
2016/02/03,478,492,478,492,19000,492,1
2016/02/05,490,490,466,474,4000,474,1
2016/02/10,470,470,470,470,1000,470,1
2016/02/19,454,454,454,454,2000,454,1
2016/02/23,454,454,454,454,1000,454,1
2016/02/24,446,446,446,446,1000,446,1
2016/02/25,454,455,454,455,2000,455,1
2016/02/26,463,463,463,463,3000,463,1
2016/02/29,447,447,447,447,1000,447,1
2016/03/01,447,447,440,440,6000,440,1
2016/03/02,441,441,435,435,12000,435,1
2016/03/03,437,443,437,442,5000,442,1
2016/03/04,437,444,437,444,2000,444,1
2016/03/08,444,444,444,444,1000,444,1
2016/03/09,446,446,446,446,1000,446,1
2016/03/11,449,449,448,448,3000,448,1
2016/03/14,454,465,445,463,6000,463,1
2016/03/17,455,455,455,455,4000,455,1
2016/03/18,453,453,440,448,10000,448,1
2016/03/22,450,453,450,453,29000,453,1
2016/03/25,459,459,459,459,1000,459,1
2016/03/28,472,472,467,470,9000,470,1
2016/03/30,457,457,457,457,3000,457,1
2016/04/01,456,457,456,456,9000,456,1
2016/04/04,456,456,456,456,1000,456,1
2016/04/05,442,442,438,438,2000,438,1
2016/04/13,430,437,430,437,3000,437,1
2016/04/14,445,445,445,445,1000,445,1
2016/04/18,435,435,435,435,2000,435,1
2016/04/19,436,436,436,436,1000,436,1
2016/04/20,460,460,460,460,1000,460,1
2016/04/25,459,459,459,459,1000,459,1
2016/04/27,459,459,459,459,1000,459,1
2016/04/28,472,474,455,455,10000,455,1
2016/05/02,458,458,450,450,10000,450,1
2016/05/17,468,468,463,463,4000,463,1
2016/05/18,479,485,479,485,9000,485,1
2016/05/19,480,486,480,486,3000,486,1
2016/05/23,482,482,482,482,1000,482,1
2016/05/25,486,486,486,486,1000,486,1
2016/05/26,488,514,488,514,7000,514,1
2016/05/27,514,514,504,504,5000,504,1
2016/05/30,473,486,473,486,3000,486,1
2016/05/31,478,479,478,478,9000,478,1
2016/06/02,470,478,470,478,3000,478,1
2016/06/03,477,477,469,469,2000,469,1
2016/06/06,470,482,470,482,3000,482,1
2016/06/07,474,475,474,475,3000,475,1
2016/06/08,480,480,480,480,1000,480,1
2016/06/09,475,476,475,476,3000,476,1
2016/06/10,476,476,473,473,4000,473,1
2016/06/13,473,488,473,484,11000,484,1
2016/06/14,481,481,479,479,6000,479,1
2016/06/16,479,500,479,500,9000,500,1
2016/06/17,500,500,485,485,5000,485,1
2016/06/20,481,481,475,480,4000,480,1
2016/06/21,475,475,475,475,3000,475,1
2016/06/22,472,472,472,472,1000,472,1
2016/06/23,472,473,470,471,12000,471,1
2016/06/24,479,479,466,477,5000,477,1
2016/06/27,472,472,472,472,1000,472,1
2016/06/28,480,480,467,467,10000,467,1
2016/06/29,480,481,464,464,5000,464,1
2016/06/30,475,476,474,476,6000,476,1
2016/07/01,476,480,476,478,3400,478,1
2016/07/04,497,498,490,494,15300,494,1
2016/07/05,481,498,481,497,22000,497,1
2016/07/06,492,499,475,492,2800,492,1
2016/07/08,487,491,486,491,2600,491,1
2016/07/11,491,495,490,495,2500,495,1
2016/07/12,495,499,495,499,4300,499,1
2016/07/13,500,579,500,540,122800,540,1
2016/07/14,548,548,522,528,24300,528,1
2016/07/15,547,566,528,534,31900,534,1
2016/07/19,536,554,526,554,11600,554,1
2016/07/20,550,557,536,555,14300,555,1
2016/07/21,560,560,540,546,4800,546,1
2016/07/22,538,545,534,542,5200,542,1
2016/07/25,549,555,545,551,7200,551,1
2016/07/26,550,558,545,556,6800,556,1
2016/07/27,560,575,560,566,13000,566,1
2016/07/28,580,580,565,565,8900,565,1
2016/07/29,552,557,542,556,4600,556,1
2016/08/01,550,554,550,550,4300,550,1
2016/08/02,554,554,525,530,8400,530,1
2016/08/03,530,530,518,519,7000,519,1
2016/08/04,516,539,516,525,5000,525,1
2016/08/05,525,526,522,523,2700,523,1
2016/08/08,529,570,529,551,4200,551,1
2016/08/09,531,551,531,539,2600,539,1
2016/08/10,527,544,527,543,1800,543,1
2016/08/17,539,539,530,530,600,530,1
2016/08/18,525,530,525,525,1600,525,1
2016/08/19,523,523,513,520,2600,520,1
2016/08/22,515,525,515,515,1500,515,1
2016/08/23,516,517,507,507,3000,507,1
2016/08/24,507,527,507,509,2000,509,1
2016/08/25,509,524,509,514,2700,514,1
2016/08/26,544,545,509,513,7900,513,1
2016/08/29,513,533,513,525,2300,525,1
2016/08/30,515,520,515,520,900,520,1
2016/08/31,513,516,513,516,2600,516,1
2016/09/01,513,513,507,513,2500,513,1
2016/09/02,510,510,509,509,1400,509,1
2016/09/05,509,509,509,509,1100,509,1
2016/09/06,510,510,503,507,4700,507,1
2016/09/07,508,508,508,508,100,508,1
2016/09/08,509,509,508,508,900,508,1
2016/09/09,508,509,504,504,10200,504,1
2016/09/12,504,504,503,503,2700,503,1
2016/09/13,503,503,503,503,800,503,1
2016/09/14,504,509,504,505,2500,505,1
2016/09/15,506,506,506,506,1000,506,1
2016/09/16,506,506,505,506,600,506,1
2016/09/20,507,529,507,519,36100,519,1
2016/09/21,524,524,514,515,2900,515,1
2016/09/23,517,521,510,515,5600,515,1
2016/09/26,512,512,508,509,3700,509,1
2016/09/27,510,519,510,519,2500,519,1
2016/09/28,532,532,516,517,11300,517,1
2016/09/29,517,518,511,512,36500,512,1
2016/09/30,511,511,507,509,1400,509,1
2016/10/03,509,515,508,508,900,508,1
2016/10/04,508,519,508,509,2400,509,1
2016/10/05,509,518,509,510,700,510,1
2016/10/06,510,517,510,511,4000,511,1
2016/10/07,510,511,510,511,900,511,1
2016/10/11,514,520,514,517,11700,517,1
2016/10/12,514,525,514,520,1100,520,1
2016/10/13,525,533,523,531,2500,531,1
2016/10/14,526,531,526,531,1100,531,1
2016/10/17,527,531,527,529,1000,529,1
2016/10/18,519,519,509,516,4800,516,1
2016/10/21,526,526,526,526,1000,526,1
2016/10/24,520,520,516,518,1500,518,1
2016/10/25,523,530,519,530,2500,530,1
2016/10/26,527,535,515,520,3000,520,1
2016/10/27,520,526,510,523,5300,523,1
2016/10/28,533,533,523,523,10300,523,1
2016/10/31,530,546,530,533,3700,533,1
2016/11/01,533,550,533,533,6100,533,1
2016/11/02,528,533,528,533,2400,533,1
2016/11/04,533,533,528,533,2400,533,1
2016/11/07,550,551,550,551,200,551,1
2016/11/08,550,550,536,545,2500,545,1
2016/11/09,545,549,508,542,17700,542,1
2016/11/10,535,543,530,542,4100,542,1
2016/11/11,542,542,541,542,1000,542,1
2016/11/14,542,542,542,542,200,542,1
2016/11/15,542,550,542,550,2800,550,1
2016/11/16,550,550,537,549,2200,549,1
2016/11/17,549,549,549,549,100,549,1
2016/11/18,549,552,548,552,7900,552,1
2016/11/21,556,570,556,567,19200,567,1
2016/11/22,575,575,561,565,9200,565,1
2016/11/24,565,567,554,562,20800,562,1
2016/11/25,552,560,552,560,6000,560,1
2016/11/28,568,568,554,558,6700,558,1
2016/11/29,558,558,551,558,3500,558,1
2016/11/30,552,563,552,563,1500,563,1
2016/12/01,565,565,559,559,5400,559,1
2016/12/02,561,561,551,559,4300,559,1
2016/12/05,559,560,549,556,3700,556,1
2016/12/06,556,556,546,548,1800,548,1
2016/12/07,547,548,544,548,12900,548,1
2016/12/08,551,561,548,548,7800,548,1
2016/12/09,551,551,550,551,3800,551,1
2016/12/12,552,560,545,546,16400,546,1
2016/12/13,549,552,549,549,30300,549,1
2016/12/14,551,552,551,551,3100,551,1
2016/12/15,552,552,551,551,300,551,1
2016/12/16,556,556,551,551,1500,551,1
2016/12/19,552,560,552,560,20300,560,1
2016/12/20,560,561,560,560,1400,560,1
2016/12/21,561,562,550,553,34300,553,1
2016/12/22,553,565,553,560,9800,560,1
2016/12/26,560,569,560,565,4100,565,1
2016/12/27,565,569,563,564,8400,564,1
2016/12/28,579,579,554,564,15100,564,1
2016/12/29,561,567,561,567,3600,567,1
2016/12/30,557,572,557,569,2100,569,1
2017/01/04,571,580,571,575,4600,575,1
2017/01/05,577,660,577,644,92600,644,1
2017/01/06,650,656,632,644,70900,644,1
2017/01/10,654,654,635,639,9500,639,1
2017/01/11,641,641,617,629,40000,629,1
2017/01/12,620,628,603,620,15000,620,1
2017/01/13,620,626,605,620,6800,620,1
2017/01/16,629,629,607,608,2600,608,1
2017/01/17,606,612,601,612,16300,612,1
2017/01/18,611,611,602,608,4600,608,1
2017/01/19,610,610,603,610,7600,610,1
2017/01/20,610,611,608,608,12000,608,1
2017/01/23,611,611,607,611,33800,611,1
2017/01/24,612,612,600,600,7600,600,1
2017/01/25,610,613,605,613,10200,613,1
2017/01/26,617,628,614,626,22300,626,1
2017/01/27,633,642,632,635,22600,635,1
2017/01/30,650,660,637,649,39200,649,1
2017/01/31,648,648,634,645,3900,645,1
2017/02/01,637,647,637,640,5500,640,1
2017/02/02,638,640,635,636,4800,636,1
2017/02/03,636,636,633,634,3000,634,1
2017/02/06,643,643,633,633,1800,633,1
2017/02/07,628,646,627,628,4100,628,1
2017/02/08,631,632,631,631,1100,631,1
2017/02/09,629,631,628,628,4500,628,1
2017/02/10,625,630,625,628,6400,628,1
2017/02/13,638,638,631,632,1100,632,1
2017/02/14,633,639,628,635,5000,635,1
2017/02/15,628,628,628,628,1000,628,1
2017/02/16,630,633,630,633,2700,633,1
2017/02/17,634,635,630,631,3500,631,1
2017/02/20,630,632,630,632,300,632,1
2017/02/21,632,632,632,632,32400,632,1
2017/02/22,639,641,638,639,4500,639,1
2017/02/24,640,644,636,644,2700,644,1
2017/02/27,644,645,638,645,5000,645,1
2017/02/28,644,644,637,638,4500,638,1
2017/03/01,643,643,643,643,600,643,1
2017/03/02,645,645,635,635,4600,635,1
2017/03/03,635,636,631,634,3700,634,1
2017/03/06,627,641,627,640,2700,640,1
2017/03/07,641,642,641,642,1200,642,1
2017/03/08,643,645,643,645,1300,645,1
2017/03/09,643,643,634,634,3400,634,1
2017/03/10,634,642,634,642,1700,642,1
2017/03/13,643,643,634,634,2500,634,1
2017/03/14,640,640,631,636,3900,636,1
2017/03/15,636,639,621,631,8900,631,1
2017/03/16,623,636,623,635,9200,635,1
2017/03/17,634,634,626,626,1700,626,1
2017/03/21,640,641,635,638,38000,638,1
2017/03/22,637,639,633,639,6000,639,1
2017/03/23,639,639,634,639,2500,639,1
2017/03/24,640,640,630,635,7600,635,1
2017/03/27,635,641,632,637,43000,637,1
2017/03/28,644,644,641,642,12700,642,1
2017/03/29,635,639,630,632,4200,632,1
2017/03/30,633,640,632,640,8100,640,1
2017/03/31,638,638,638,638,3300,638,1
2017/04/03,628,644,628,641,11200,641,1
2017/04/04,640,640,629,629,5100,629,1
2017/04/05,627,630,621,622,2000,622,1
2017/04/06,620,620,610,610,2900,610,1
2017/04/07,603,620,603,617,2500,617,1
2017/04/10,615,617,614,617,1200,617,1
2017/04/12,605,605,602,602,800,602,1
2017/04/13,611,621,603,621,800,621,1
2017/04/14,611,619,611,619,600,619,1
2017/04/17,619,650,608,608,22500,608,1
2017/04/18,612,617,609,611,10400,611,1
2017/04/19,609,616,592,603,19900,603,1
2017/04/20,603,610,602,610,1200,610,1
2017/04/21,618,618,601,610,34600,610,1
2017/04/24,616,625,616,616,3700,616,1
2017/04/25,617,619,613,619,2600,619,1
2017/04/26,620,622,619,619,6700,619,1
2017/04/27,618,632,616,623,15200,623,1
2017/04/28,630,644,625,639,19000,639,1
2017/05/01,642,642,620,627,35800,627,1
2017/05/02,627,628,620,621,9100,621,1
2017/05/08,631,638,627,637,14200,637,1
2017/05/09,636,636,626,629,5700,629,1
2017/05/10,627,637,627,633,9900,633,1
2017/05/11,632,638,625,629,3900,629,1
2017/05/12,639,640,631,636,20100,636,1
2017/05/15,705,727,674,690,116000,690,1
2017/05/16,690,693,665,680,41400,680,1
2017/05/17,681,689,674,689,15400,689,1
2017/05/18,680,687,673,681,15700,681,1
2017/05/19,675,687,675,681,16200,681,1
2017/05/22,684,687,680,681,13400,681,1
2017/05/23,683,683,673,675,10300,675,1
2017/05/24,677,677,669,673,15700,673,1
2017/05/25,674,680,672,677,8900,677,1
2017/05/26,676,677,667,670,12800,670,1
2017/05/29,670,674,656,665,14700,665,1
2017/05/30,663,665,660,665,5300,665,1
2017/05/31,667,669,665,668,8000,668,1
2017/06/01,666,668,661,665,8500,665,1
2017/06/02,665,673,664,673,14900,673,1
2017/06/05,674,674,650,656,23500,656,1
2017/06/06,663,671,662,665,16500,665,1
2017/06/07,671,671,664,669,2900,669,1
2017/06/08,669,670,660,660,44600,660,1
2017/06/09,664,669,662,662,8100,662,1
2017/06/12,670,679,661,676,10300,676,1
2017/06/13,674,683,671,678,6800,678,1
2017/06/14,678,678,675,676,7100,676,1
2017/06/15,677,682,672,675,6500,675,1
2017/06/16,675,677,670,675,5000,675,1
2017/06/19,678,683,676,682,12600,682,1
2017/06/20,686,699,686,699,20700,699,1
2017/06/21,701,701,695,697,19300,697,1
2017/06/22,699,699,691,697,7200,697,1
2017/06/23,697,697,684,693,11300,693,1
2017/06/26,690,699,690,693,12800,693,1
2017/06/27,688,698,680,698,18300,698,1
2017/06/28,691,696,691,695,13400,695,1
2017/06/29,695,712,693,704,12200,704,1
2017/06/30,700,700,693,695,12100,695,1
2017/07/03,702,704,698,702,14500,702,1
2017/07/04,710,714,704,709,19100,709,1
2017/07/05,703,709,702,709,21100,709,1
2017/07/06,710,712,706,708,15500,708,1
2017/07/07,708,714,706,710,8200,710,1
2017/07/10,715,828,715,745,57300,745,1
2017/07/11,745,746,738,738,9700,738,1
2017/07/12,741,752,741,752,15100,752,1
2017/07/13,754,770,754,762,24600,762,1
2017/07/14,762,768,756,761,19200,761,1
2017/07/18,757,770,753,755,10400,755,1
2017/07/19,752,758,747,752,6100,752,1
2017/07/20,750,754,749,751,5600,751,1
2017/07/21,751,756,750,755,6400,755,1
2017/07/24,762,763,758,760,9300,760,1
2017/07/25,763,773,763,765,5400,765,1
2017/07/26,765,769,758,763,10900,763,1
2017/07/27,763,763,753,758,12600,758,1
2017/07/28,759,760,754,756,18300,756,1
2017/07/31,749,820,734,792,155900,792,1
2017/08/01,791,796,778,785,56300,785,1
2017/08/02,790,812,785,807,58000,807,1
2017/08/03,815,855,815,848,99200,848,1
2017/08/04,847,860,842,846,60800,846,1
2017/08/07,846,865,846,862,31100,862,1
2017/08/08,862,862,836,838,41600,838,1
2017/08/09,834,835,811,822,22800,822,1
2017/08/10,815,822,815,818,9200,818,1
2017/08/14,810,822,793,822,12200,822,1
2017/08/15,827,827,805,808,17500,808,1
2017/08/16,815,820,810,810,7100,810,1
2017/08/17,820,820,808,811,13400,811,1
2017/08/18,815,822,810,818,11200,818,1
2017/08/21,819,827,818,826,13900,826,1
2017/08/22,826,837,820,828,15000,828,1
2017/08/23,835,839,824,830,29100,830,1
2017/08/24,827,828,819,825,5700,825,1
2017/08/25,825,829,815,827,3800,827,1
2017/08/28,828,835,823,834,18500,834,1
2017/08/29,829,833,825,832,4400,832,1
2017/08/30,834,835,827,835,7400,835,1
2017/08/31,837,870,837,870,41900,870,1
2017/09/01,879,887,867,879,36600,879,1
2017/09/04,885,887,861,867,16100,867,1
2017/09/05,862,866,797,809,38000,809,1
2017/09/06,809,820,804,820,7600,820,1
2017/09/07,825,832,820,820,6300,820,1
2017/09/08,819,822,815,817,6100,817,1
2017/09/11,826,829,817,825,6200,825,1
2017/09/12,833,870,833,868,26000,868,1
2017/09/13,861,874,853,870,23600,870,1
2017/09/14,870,870,845,845,18400,845,1
2017/09/15,848,860,848,858,3000,858,1
2017/09/19,868,870,859,870,21500,870,1
2017/09/20,874,875,869,869,9800,869,1
2017/09/21,866,870,855,858,18200,858,1
2017/09/22,858,858,831,844,42000,844,1
2017/09/25,859,866,847,866,16900,866,1
2017/09/26,868,884,860,880,26800,880,1
2017/09/27,875,909,865,905,43500,905,1
2017/09/28,1010,1025,944,949,403200,949,1
2017/09/29,949,970,935,941,77400,941,1
2017/10/02,955,1015,946,1015,181800,1015,1
2017/10/03,1008,1020,992,1010,88200,1010,1
2017/10/04,1013,1043,1001,1032,161000,1032,1
2017/10/05,1056,1109,1044,1101,228300,1101,1
2017/10/06,1085,1121,1056,1086,185300,1086,1
2017/10/10,1098,1149,1086,1139,143700,1139,1
2017/10/11,1155,1285,1155,1160,300600,1160,1
2017/10/12,1152,1181,1091,1095,178000,1095,1
2017/10/13,1096,1118,1085,1109,48000,1109,1
2017/10/16,1101,1113,1025,1037,126300,1037,1
2017/10/17,1053,1083,1040,1058,51900,1058,1
2017/10/18,1050,1070,1041,1060,30400,1060,1
2017/10/19,1060,1091,1042,1091,73600,1091,1
2017/10/20,1066,1087,1062,1062,45500,1062,1
2017/10/23,998,1019,965,1009,153200,1009,1
2017/10/24,1013,1038,1009,1037,47200,1037,1
2017/10/25,1026,1034,985,986,62100,986,1
2017/10/26,976,993,960,966,57800,966,1
2017/10/27,969,969,941,958,87600,958,1
2017/10/30,985,985,945,948,107900,948,1
2017/10/31,943,954,940,951,27900,951,1
2017/11/01,958,959,951,951,18000,951,1
2017/11/02,954,955,938,943,62900,943,1
2017/11/06,945,948,939,939,15800,939,1
2017/11/07,940,940,915,917,71600,917,1
2017/11/08,920,937,914,932,29100,932,1
2017/11/09,935,939,912,915,41500,915,1
2017/11/10,914,921,910,917,19600,917,1
2017/11/13,918,939,918,930,25400,930,1
2017/11/14,930,933,927,932,15300,932,1
2017/11/15,932,932,911,916,24400,916,1
2017/11/16,916,937,916,928,16600,928,1
2017/11/17,935,940,918,926,33800,926,1
2017/11/20,927,1014,927,965,160300,965,1
2017/11/21,975,983,955,978,67700,978,1
2017/11/22,979,1040,974,1020,102100,1020,1
2017/11/24,1018,1036,1006,1018,54700,1018,1
2017/11/27,1007,1011,971,974,64900,974,1
2017/11/28,978,980,961,966,40600,966,1
2017/11/29,979,998,968,997,76200,997,1
2017/11/30,1005,1007,985,991,48600,991,1
2017/12/01,976,994,973,988,22300,988,1
2017/12/04,981,983,971,973,32100,973,1
2017/12/05,966,973,961,972,19800,972,1
2017/12/06,972,979,945,953,48500,953,1
2017/12/07,956,979,956,969,23200,969,1
2017/12/08,978,978,968,975,13900,975,1
2017/12/11,980,987,974,983,18400,983,1
2017/12/12,977,986,977,980,11700,980,1
2017/12/13,984,984,977,979,11000,979,1
2017/12/14,981,998,981,989,28100,989,1
2017/12/15,984,989,981,988,6700,988,1
2017/12/18,992,993,975,983,9400,983,1
2017/12/19,983,989,975,983,24700,983,1
2017/12/20,1043,1076,1017,1075,274800,1075,1
2017/12/21,1085,1130,1083,1100,227400,1100,1
2017/12/22,1099,1103,1045,1076,141400,1076,1
2017/12/25,1079,1083,1033,1040,82000,1040,1
2017/12/26,1033,1040,1020,1027,42100,1027,1
2017/12/27,1025,1052,1024,1043,41800,1043,1
2017/12/28,1043,1043,1031,1033,29700,1033,1
2017/12/29,1031,1044,1018,1022,54700,1022,1
2018/01/04,1044,1044,1018,1031,32400,1031,1
2018/01/05,1025,1032,1001,1011,68800,1011,1
2018/01/09,1020,1038,1016,1026,40600,1026,1
2018/01/10,1031,1031,1005,1020,44000,1020,1
2018/01/11,1012,1026,1005,1013,46900,1013,1
2018/01/12,1020,1034,1014,1025,26900,1025,1
2018/01/15,1033,1037,1025,1029,28800,1029,1
2018/01/16,1033,1034,1023,1025,20000,1025,1
2018/01/17,1022,1030,1015,1024,26000,1024,1
2018/01/18,1031,1031,1006,1010,27300,1010,1
2018/01/19,1010,1011,986,995,41900,995,1
2018/01/22,995,1000,984,993,48900,993,1
2018/01/23,994,1018,994,1011,23800,1011,1
2018/01/24,1010,1011,998,1003,26000,1003,1
2018/01/25,998,1010,998,1001,28900,1001,1
2018/01/26,999,1019,999,1009,19100,1009,1
2018/01/29,1002,1015,1002,1010,21700,1010,1
2018/01/30,1007,1007,991,993,28600,993,1
2018/01/31,992,999,992,995,15800,995,1
2018/02/01,998,1000,959,965,58800,965,1
2018/02/02,960,961,937,944,72000,944,1
2018/02/05,917,926,898,908,59200,908,1
2018/02/06,848,851,768,826,181300,826,1
2018/02/07,856,860,833,834,34000,834,1
2018/02/08,844,855,830,837,13000,837,1
2018/02/09,781,822,781,822,42900,822,1
2018/02/13,847,847,824,831,28000,831,1
2018/02/14,835,841,802,807,26200,807,1
2018/02/15,807,825,806,816,7600,816,1
2018/02/16,824,840,820,839,11100,839,1
2018/02/19,842,860,842,856,21600,856,1
2018/02/20,848,854,847,852,6500,852,1
2018/02/21,851,878,851,875,20800,875,1
2018/02/22,871,871,860,860,9300,860,1
2018/02/23,868,884,863,883,7300,883,1
2018/02/26,894,918,894,918,26300,918,1
2018/02/27,920,925,916,920,12100,920,1
2018/02/28,922,922,913,916,20600,916,1
2018/03/01,908,921,905,911,14200,911,1
2018/03/02,897,909,893,908,23700,908,1
2018/03/05,896,906,865,870,38000,870,1
2018/03/06,875,889,875,885,8900,885,1
2018/03/07,877,895,877,890,7200,890,1
2018/03/08,881,889,881,889,2000,889,1
2018/03/09,897,929,893,925,26700,925,1
2018/03/12,939,954,910,939,23300,939,1
2018/03/13,925,935,921,926,7100,926,1
2018/03/14,914,917,909,914,3400,914,1
2018/03/15,912,941,912,934,4900,934,1
2018/03/16,930,930,918,918,2400,918,1
2018/03/19,913,914,892,898,12000,898,1
2018/03/20,892,910,892,908,5900,908,1
2018/03/22,892,910,892,905,14700,905,1
2018/03/23,886,890,874,874,20500,874,1
2018/03/26,867,916,851,865,31300,865,1
2018/03/27,876,889,875,888,7400,888,1
2018/03/28,885,885,857,874,7600,874,1
2018/03/29,875,889,863,870,6800,870,1
2018/03/30,878,886,874,874,4800,874,1
2018/04/02,877,886,877,882,1800,882,1
2018/04/03,873,875,865,870,8200,870,1
2018/04/04,870,878,870,872,4900,872,1
2018/04/05,872,872,863,870,5500,870,1
2018/04/06,872,877,853,877,13000,877,1
2018/04/09,868,875,863,875,5900,875,1
2018/04/10,875,875,863,867,7000,867,1
2018/04/11,866,871,860,860,7600,860,1
2018/04/12,858,863,848,855,6100,855,1
2018/04/13,853,869,853,856,17700,856,1
2018/04/16,853,857,844,845,13900,845,1
2018/04/17,847,897,830,846,23600,846,1
2018/04/18,844,852,839,845,11600,845,1
2018/04/19,845,870,842,863,21400,863,1
2018/04/20,861,871,859,869,5700,869,1
2018/04/23,862,874,862,874,4200,874,1
2018/04/24,880,880,872,876,4800,876,1
2018/04/25,877,877,849,866,73100,866,1
2018/04/26,868,868,861,868,5500,868,1
2018/04/27,872,872,851,859,15300,859,1
2018/05/01,904,930,870,925,54400,925,1
2018/05/02,919,924,914,920,8300,920,1
2018/05/07,929,944,927,940,24100,940,1
2018/05/08,933,966,933,953,25900,953,1
2018/05/09,958,960,946,946,26800,946,1
2018/05/10,950,955,938,940,18200,940,1
2018/05/11,941,967,935,962,19900,962,1
2018/05/14,970,989,936,947,64200,947,1
2018/05/15,941,946,935,940,7200,940,1
2018/05/16,942,949,926,934,18800,934,1
2018/05/17,933,950,930,945,17600,945,1
2018/05/18,1041,1048,1002,1035,282800,1035,1
2018/05/21,1034,1046,1028,1043,69700,1043,1
2018/05/22,1046,1046,1036,1041,26800,1041,1
2018/05/23,1041,1043,1028,1034,25000,1034,1
2018/05/24,1030,1031,1025,1028,11800,1028,1
2018/05/25,1022,1033,1018,1020,22400,1020,1
2018/05/28,1020,1059,1018,1058,56400,1058,1
2018/05/29,1054,1055,1036,1045,16200,1045,1
2018/05/30,1031,1042,1021,1042,33200,1042,1
2018/05/31,1040,1040,1033,1040,6500,1040,1
2018/06/01,1036,1043,1035,1038,9600,1038,1
2018/06/04,1038,1038,1029,1031,13600,1031,1
2018/06/05,1029,1039,1029,1035,21400,1035,1
2018/06/06,1035,1035,1021,1023,12300,1023,1
2018/06/07,1025,1038,1025,1030,21200,1030,1
2018/06/08,1033,1037,1025,1032,19000,1032,1
2018/06/11,1073,1123,1061,1123,117100,1123,1
2018/06/12,1130,1134,1089,1130,79900,1130,1
2018/06/13,1124,1148,1113,1142,39400,1142,1
2018/06/14,1140,1178,1127,1175,73100,1175,1
2018/06/15,1170,1186,1170,1179,36700,1179,1
2018/06/18,1178,1181,1160,1176,43200,1176,1
2018/06/19,1175,1177,1125,1125,34300,1125,1
2018/06/20,1102,1118,1080,1111,23800,1111,1
2018/06/21,1111,1111,1098,1107,15200,1107,1
2018/06/22,1085,1160,1085,1155,72000,1155,1
2018/06/25,1150,1150,1135,1135,13900,1135,1
2018/06/26,1125,1125,1096,1098,17600,1098,1
2018/06/27,1106,1108,1098,1107,7000,1107,1
2018/06/28,1119,1119,1099,1105,16400,1105,1
2018/06/29,1105,1105,1083,1091,16300,1091,1
2018/07/02,1090,1090,1054,1056,20700,1056,1
2018/07/03,1056,1077,1040,1044,12000,1044,1
2018/07/04,1040,1059,1035,1052,9400,1052,1
2018/07/05,1037,1045,1032,1040,11700,1040,1
2018/07/06,1037,1067,1034,1051,12400,1051,1
2018/07/09,1049,1073,1045,1064,10300,1064,1
2018/07/10,1066,1079,1055,1064,6100,1064,1
2018/07/11,1051,1055,1043,1050,6200,1050,1
2018/07/12,1044,1060,1041,1049,12200,1049,1
2018/07/13,1050,1055,1045,1051,9800,1051,1
2018/07/17,1052,1079,1052,1067,6500,1067,1
2018/07/18,1076,1088,1040,1059,22800,1059,1
2018/07/19,1055,1058,1045,1058,3300,1058,1
2018/07/20,1053,1070,1050,1050,3100,1050,1
2018/07/23,1055,1061,1045,1048,4100,1048,1
2018/07/24,1048,1064,1047,1048,7100,1048,1
2018/07/25,1056,1060,1046,1048,9400,1048,1
2018/07/26,1055,1061,1041,1055,11800,1055,1
2018/07/27,1064,1090,1055,1061,18300,1061,1
2018/07/30,1052,1073,1050,1055,15900,1055,1
2018/07/31,1055,1062,1055,1062,3100,1062,1
2018/08/01,1062,1064,1058,1062,8700,1062,1
2018/08/02,1066,1069,1055,1067,10600,1067,1
2018/08/03,1070,1070,1059,1068,11700,1068,1
2018/08/06,1063,1075,1061,1063,9200,1063,1
2018/08/07,1069,1073,1065,1070,6300,1070,1
2018/08/08,1070,1078,1060,1063,7400,1063,1
2018/08/09,1060,1061,1058,1058,3700,1058,1
2018/08/10,1058,1058,1043,1045,9500,1045,1
2018/08/13,1041,1047,1012,1018,13100,1018,1
2018/08/14,1020,1039,1020,1037,18600,1037,1
