2007/01/04,3725.0,3725.0,3725.0,3725.0,2000,3725,0.2
2007/01/05,3805.0,3860.0,3800.0,3850.0,8000,3850,0.2
2007/01/10,3805.0,3850.0,3800.0,3800.0,5000,3800,0.2
2007/01/11,3935.0,3940.0,3935.0,3940.0,7000,3940,0.2
2007/01/12,4000.0,4000.0,4000.0,4000.0,3000,4000,0.2
2007/01/15,4000.0,4040.0,4000.0,4035.0,5000,4035,0.2
2007/01/16,4040.0,4050.0,4040.0,4050.0,2000,4050,0.2
2007/01/17,4050.0,4055.0,4050.0,4055.0,2000,4055,0.2
2007/01/18,4050.0,4050.0,4050.0,4050.0,3000,4050,0.2
2007/01/19,4050.0,4050.0,3900.0,3900.0,11000,3900,0.2
2007/01/22,3925.0,3950.0,3900.0,3950.0,4000,3950,0.2
2007/01/24,4075.0,4075.0,4075.0,4075.0,1000,4075,0.2
2007/01/25,4050.0,4050.0,4050.0,4050.0,1000,4050,0.2
2007/01/26,3950.0,3950.0,3950.0,3950.0,1000,3950,0.2
2007/01/29,3950.0,4000.0,3950.0,4000.0,4000,4000,0.2
2007/02/06,4025.0,4025.0,4020.0,4020.0,2000,4020,0.2
2007/02/08,3950.0,3950.0,3950.0,3950.0,1000,3950,0.2
2007/02/14,3950.0,3955.0,3950.0,3955.0,2000,3955,0.2
2007/02/20,3945.0,3950.0,3945.0,3950.0,2000,3950,0.2
2007/02/23,4000.0,4000.0,4000.0,4000.0,1000,4000,0.2
2007/02/26,4095.0,4095.0,4090.0,4090.0,2000,4090,0.2
2007/02/28,4000.0,4000.0,4000.0,4000.0,1000,4000,0.2
2007/03/02,3900.0,3900.0,3900.0,3900.0,1000,3900,0.2
2007/03/05,3905.0,3915.0,3905.0,3910.0,5000,3910,0.2
2007/03/12,4000.0,4000.0,4000.0,4000.0,2000,4000,0.2
2007/03/13,4000.0,4000.0,4000.0,4000.0,1000,4000,0.2
2007/03/23,3850.0,3850.0,3675.0,3840.0,5000,3840,0.2
2007/03/26,3860.0,3860.0,3850.0,3850.0,2000,3850,0.2
2007/04/03,3750.0,3755.0,3750.0,3755.0,2000,3755,0.2
2007/04/05,3805.0,3805.0,3800.0,3800.0,3000,3800,0.2
2007/04/12,3810.0,3810.0,3800.0,3800.0,2000,3800,0.2
2007/04/13,3835.0,3835.0,3800.0,3800.0,2000,3800,0.2
2007/04/17,3715.0,3725.0,3550.0,3575.0,11000,3575,0.2
2007/04/18,3600.0,3625.0,3600.0,3625.0,3000,3625,0.2
2007/04/25,3600.0,3600.0,3600.0,3600.0,1000,3600,0.2
2007/04/26,3625.0,3625.0,3625.0,3625.0,1000,3625,0.2
2007/04/27,3630.0,3630.0,3600.0,3600.0,4000,3600,0.2
2007/05/01,3600.0,3605.0,3595.0,3600.0,12000,3600,0.2
2007/05/02,3600.0,3600.0,3600.0,3600.0,2000,3600,0.2
2007/05/07,3660.0,3660.0,3600.0,3600.0,2000,3600,0.2
2007/05/09,3620.0,3625.0,3620.0,3625.0,2000,3625,0.2
2007/05/10,3750.0,3750.0,3750.0,3750.0,1000,3750,0.2
2007/05/15,3675.0,3675.0,3675.0,3675.0,1000,3675,0.2
2007/05/18,3600.0,3600.0,3575.0,3580.0,6000,3580,0.2
2007/05/23,3700.0,3700.0,3700.0,3700.0,2000,3700,0.2
2007/05/28,3600.0,3600.0,3600.0,3600.0,2000,3600,0.2
2007/05/29,3580.0,3580.0,3545.0,3550.0,8000,3550,0.2
2007/06/01,3595.0,3600.0,3595.0,3600.0,2000,3600,0.2
2007/06/05,3555.0,3565.0,3555.0,3565.0,2000,3565,0.2
2007/06/06,3565.0,3570.0,3565.0,3565.0,8000,3565,0.2
2007/06/14,3705.0,3705.0,3700.0,3700.0,2000,3700,0.2
2007/06/15,3645.0,3650.0,3645.0,3650.0,2000,3650,0.2
2007/06/18,3600.0,3610.0,3600.0,3610.0,7000,3610,0.2
2007/06/21,3620.0,3625.0,3620.0,3625.0,2000,3625,0.2
2007/06/22,3600.0,3605.0,3600.0,3605.0,3000,3605,0.2
2007/06/26,3605.0,3610.0,3555.0,3560.0,8000,3560,0.2
2007/07/02,3570.0,3570.0,3560.0,3560.0,2000,3560,0.2
2007/07/03,3560.0,3570.0,3560.0,3570.0,2000,3570,0.2
2007/07/04,3560.0,3565.0,3550.0,3550.0,3000,3550,0.2
2007/07/06,3580.0,3580.0,3575.0,3575.0,2000,3575,0.2
2007/07/09,3575.0,3575.0,3570.0,3575.0,11000,3575,0.2
2007/07/11,3605.0,3615.0,3600.0,3615.0,4000,3615,0.2
2007/07/17,3570.0,3575.0,3570.0,3575.0,2000,3575,0.2
2007/07/26,3575.0,3575.0,3575.0,3575.0,2000,3575,0.2
2007/07/30,3525.0,3525.0,3525.0,3525.0,2000,3525,0.2
2007/08/16,3415.0,3415.0,3250.0,3250.0,4000,3250,0.2
2007/08/17,3245.0,3255.0,3050.0,3075.0,19000,3075,0.2
2007/08/20,3105.0,3125.0,3105.0,3125.0,3000,3125,0.2
2007/08/22,3100.0,3100.0,3050.0,3100.0,3000,3100,0.2
2007/08/23,3140.0,3150.0,3140.0,3150.0,2000,3150,0.2
2007/09/06,3145.0,3150.0,3145.0,3150.0,2000,3150,0.2
2007/09/12,3125.0,3125.0,3125.0,3125.0,32000,3125,0.2
2007/09/20,3050.0,3050.0,3045.0,3045.0,8000,3045,0.2
2007/09/26,2900.0,2900.0,2900.0,2900.0,1000,2900,0.2
2007/09/27,2965.0,2965.0,2950.0,2950.0,2000,2950,0.2
2007/10/03,3045.0,3045.0,3045.0,3045.0,2000,3045,0.2
2007/10/10,3090.0,3090.0,3090.0,3090.0,3000,3090,0.2
2007/10/16,3105.0,3105.0,3100.0,3100.0,2000,3100,0.2
2007/10/18,3105.0,3105.0,3100.0,3100.0,3000,3100,0.2
2007/10/19,3100.0,3100.0,3050.0,3050.0,3000,3050,0.2
2007/10/22,3100.0,3100.0,3075.0,3075.0,4000,3075,0.2
2007/10/24,3000.0,3000.0,3000.0,3000.0,2000,3000,0.2
2007/10/29,3050.0,3050.0,3050.0,3050.0,1000,3050,0.2
2007/10/31,2930.0,2930.0,2930.0,2930.0,1000,2930,0.2
2007/11/02,2950.0,2950.0,2950.0,2950.0,3000,2950,0.2
2007/11/05,3005.0,3245.0,3000.0,3245.0,7000,3245,0.2
2007/11/08,3000.0,3010.0,3000.0,3000.0,4000,3000,0.2
2007/11/09,3060.0,3060.0,3060.0,3060.0,1000,3060,0.2
2007/11/12,3000.0,3005.0,2990.0,3005.0,10000,3005,0.2
2007/11/13,3000.0,3000.0,3000.0,3000.0,1000,3000,0.2
2007/11/22,2900.0,2950.0,2900.0,2950.0,2000,2950,0.2
2007/11/28,2775.0,2950.0,2775.0,2945.0,7000,2945,0.2
2007/11/29,2955.0,2955.0,2950.0,2950.0,5000,2950,0.2
2007/11/30,2950.0,2950.0,2950.0,2950.0,1000,2950,0.2
2007/12/07,2895.0,2905.0,2855.0,2855.0,5000,2855,0.2
2007/12/12,2855.0,2875.0,2850.0,2875.0,4000,2875,0.2
2007/12/13,2855.0,2860.0,2830.0,2835.0,4000,2835,0.2
2007/12/14,2825.0,2825.0,2825.0,2825.0,1000,2825,0.2
2007/12/20,2755.0,2755.0,2755.0,2755.0,1000,2755,0.2
2007/12/21,2605.0,2650.0,2605.0,2650.0,3000,2650,0.2
2007/12/28,2635.0,2635.0,2625.0,2625.0,2000,2625,0.2
2008/01/04,2610.0,2615.0,2610.0,2615.0,2000,2615,0.2
2008/01/07,2615.0,2615.0,2615.0,2615.0,1000,2615,0.2
2008/01/09,2580.0,2590.0,2580.0,2590.0,2000,2590,0.2
2008/01/15,2505.0,2505.0,2505.0,2505.0,1000,2505,0.2
2008/01/16,2490.0,2760.0,2490.0,2750.0,4000,2750,0.2
2008/01/17,2730.0,2730.0,2720.0,2720.0,2000,2720,0.2
2008/01/18,2710.0,2760.0,2700.0,2750.0,26000,2750,0.2
2008/01/21,2495.0,2495.0,2495.0,2495.0,1000,2495,0.2
2008/01/22,2495.0,2495.0,2495.0,2495.0,2000,2495,0.2
2008/01/23,2365.0,2675.0,2365.0,2675.0,7000,2675,0.2
2008/01/24,2675.0,2675.0,2675.0,2675.0,1000,2675,0.2
2008/01/25,2700.0,2700.0,2700.0,2700.0,1000,2700,0.2
2008/01/28,2700.0,2700.0,2690.0,2690.0,6000,2690,0.2
2008/01/29,2695.0,2695.0,2685.0,2685.0,2000,2685,0.2
2008/01/30,2735.0,2735.0,2725.0,2725.0,4000,2725,0.2
2008/02/01,2685.0,2685.0,2675.0,2675.0,4000,2675,0.2
2008/02/07,2550.0,2560.0,2550.0,2560.0,2000,2560,0.2
2008/02/12,2490.0,2500.0,2490.0,2500.0,2000,2500,0.2
2008/02/13,2585.0,2585.0,2575.0,2575.0,2000,2575,0.2
2008/02/14,2690.0,2690.0,2680.0,2680.0,2000,2680,0.2
2008/02/15,2660.0,2735.0,2650.0,2730.0,16000,2730,0.2
2008/02/18,2740.0,2740.0,2730.0,2740.0,12000,2740,0.2
2008/02/19,2715.0,2745.0,2715.0,2740.0,8000,2740,0.2
2008/02/20,2790.0,2800.0,2790.0,2790.0,8000,2790,0.2
2008/02/21,2835.0,2840.0,2835.0,2840.0,2000,2840,0.2
2008/02/25,2855.0,2865.0,2855.0,2865.0,2000,2865,0.2
2008/02/26,2860.0,2860.0,2850.0,2850.0,2000,2850,0.2
2008/02/29,2840.0,2850.0,2840.0,2850.0,2000,2850,0.2
2008/03/04,2845.0,2850.0,2845.0,2850.0,2000,2850,0.2
2008/03/14,2850.0,2850.0,2840.0,2850.0,4000,2850,0.2
2008/03/17,3000.0,3005.0,3000.0,3005.0,4000,3005,0.2
2008/03/18,3030.0,3040.0,3030.0,3035.0,7000,3035,0.2
2008/03/19,3030.0,3035.0,3030.0,3030.0,4000,3030,0.2
2008/03/21,2585.0,2585.0,2585.0,2585.0,1000,2585,0.2
2008/03/24,2585.0,2610.0,2585.0,2610.0,2000,2610,0.2
2008/04/04,2715.0,2715.0,2715.0,2715.0,1000,2715,0.2
2008/04/07,2800.0,2800.0,2800.0,2800.0,4000,2800,0.2
2008/04/08,2750.0,2750.0,2750.0,2750.0,1000,2750,0.2
2008/04/11,2805.0,2805.0,2805.0,2805.0,2000,2805,0.2
2008/04/14,2805.0,2805.0,2805.0,2805.0,6000,2805,0.2
2008/04/15,2800.0,2805.0,2800.0,2805.0,5000,2805,0.2
2008/04/17,2830.0,2840.0,2830.0,2840.0,3000,2840,0.2
2008/04/18,2840.0,2840.0,2840.0,2840.0,1000,2840,0.2
2008/04/22,2840.0,2840.0,2840.0,2840.0,1000,2840,0.2
2008/04/23,2840.0,2840.0,2840.0,2840.0,5000,2840,0.2
2008/04/24,2840.0,2840.0,2840.0,2840.0,6000,2840,0.2
2008/04/25,2840.0,2840.0,2840.0,2840.0,18000,2840,0.2
2008/04/30,2840.0,2840.0,2840.0,2840.0,11000,2840,0.2
2008/05/07,2840.0,2840.0,2840.0,2840.0,1000,2840,0.2
2008/05/08,2840.0,2840.0,2840.0,2840.0,6000,2840,0.2
2008/05/29,2680.0,2680.0,2680.0,2680.0,1000,2680,0.2
2008/05/30,2900.0,2900.0,2900.0,2900.0,1000,2900,0.2
2008/06/06,2900.0,2900.0,2900.0,2900.0,9000,2900,0.2
2008/06/09,2850.0,2850.0,2850.0,2850.0,2000,2850,0.2
2008/06/11,2800.0,2800.0,2800.0,2800.0,1000,2800,0.2
2008/06/17,2805.0,2805.0,2805.0,2805.0,1000,2805,0.2
2008/06/18,2805.0,2805.0,2805.0,2805.0,1000,2805,0.2
2008/06/19,2700.0,2700.0,2700.0,2700.0,1000,2700,0.2
2008/07/07,2550.0,2550.0,2455.0,2455.0,3000,2455,0.2
2008/07/08,2475.0,2475.0,2440.0,2440.0,5000,2440,0.2
2008/07/09,2390.0,2390.0,2390.0,2390.0,1000,2390,0.2
2008/07/10,2370.0,2370.0,2370.0,2370.0,1000,2370,0.2
2008/07/11,2370.0,2370.0,2370.0,2370.0,1000,2370,0.2
2008/07/14,2365.0,2390.0,2365.0,2390.0,3000,2390,0.2
2008/07/22,2390.0,2390.0,2390.0,2390.0,1000,2390,0.2
2008/07/28,2340.0,2340.0,2340.0,2340.0,1000,2340,0.2
2008/07/29,2315.0,2315.0,2315.0,2315.0,1000,2315,0.2
2008/07/30,2325.0,2325.0,2295.0,2295.0,3000,2295,0.2
2008/07/31,2290.0,2290.0,2290.0,2290.0,1000,2290,0.2
2008/08/12,2290.0,2295.0,2290.0,2295.0,3000,2295,0.2
2008/08/13,2295.0,2300.0,2295.0,2300.0,4000,2300,0.2
2008/08/14,2300.0,2300.0,2300.0,2300.0,1000,2300,0.2
2008/08/21,2250.0,2250.0,2250.0,2250.0,3000,2250,0.2
2008/09/03,2205.0,2205.0,2205.0,2205.0,1000,2205,0.2
2008/09/11,2205.0,2205.0,2205.0,2205.0,4000,2205,0.2
2008/09/25,2105.0,2105.0,2105.0,2105.0,1000,2105,0.2
2008/09/30,2105.0,2105.0,2105.0,2105.0,1000,2105,0.2
2008/10/01,2105.0,2105.0,2105.0,2105.0,3000,2105,0.2
2008/10/03,2030.0,2030.0,2030.0,2030.0,1000,2030,0.2
2008/10/06,2050.0,2070.0,2050.0,2070.0,2000,2070,0.2
2008/10/08,1825.0,1825.0,1750.0,1750.0,4000,1750,0.2
2008/10/09,1625.0,1625.0,1625.0,1625.0,2000,1625,0.2
2008/10/10,1625.0,1625.0,1625.0,1625.0,3000,1625,0.2
2008/10/15,1625.0,1640.0,1625.0,1640.0,2000,1640,0.2
2008/10/16,1415.0,1415.0,1415.0,1415.0,1000,1415,0.2
2008/10/17,1505.0,1505.0,1505.0,1505.0,1000,1505,0.2
2008/10/20,1505.0,1505.0,1505.0,1505.0,2000,1505,0.2
2008/10/31,1605.0,1785.0,1605.0,1785.0,5000,1785,0.2
2008/11/05,1685.0,1685.0,1685.0,1685.0,11000,1685,0.2
2008/11/10,1840.0,1840.0,1840.0,1840.0,2000,1840,0.2
2008/12/12,1475.0,1475.0,1475.0,1475.0,2000,1475,0.2
2009/01/13,1550.0,1550.0,1550.0,1550.0,1000,1550,0.2
2009/01/20,1550.0,1595.0,1550.0,1595.0,2000,1595,0.2
2009/01/22,1520.0,1520.0,1520.0,1520.0,2000,1520,0.2
2009/01/23,1515.0,1515.0,1510.0,1510.0,2000,1510,0.2
2009/01/26,1500.0,1500.0,1500.0,1500.0,2000,1500,0.2
2009/01/27,1500.0,1500.0,1500.0,1500.0,1000,1500,0.2
2009/01/28,1500.0,1500.0,1500.0,1500.0,3000,1500,0.2
2009/03/03,1500.0,1500.0,1500.0,1500.0,1000,1500,0.2
2009/03/04,1500.0,1500.0,1500.0,1500.0,1000,1500,0.2
2009/03/16,1500.0,1620.0,1500.0,1620.0,6000,1620,0.2
2009/03/24,1645.0,1645.0,1645.0,1645.0,1000,1645,0.2
2009/03/25,1605.0,1605.0,1605.0,1605.0,4000,1605,0.2
2009/04/07,1580.0,1580.0,1580.0,1580.0,2000,1580,0.2
2009/04/08,1650.0,1650.0,1555.0,1555.0,5000,1555,0.2
2009/04/09,1555.0,1555.0,1550.0,1550.0,2000,1550,0.2
2009/04/13,1655.0,1655.0,1655.0,1655.0,1000,1655,0.2
2009/04/15,1675.0,1700.0,1675.0,1700.0,2000,1700,0.2
2009/04/20,1675.0,1675.0,1675.0,1675.0,2000,1675,0.2
2009/04/27,1685.0,1685.0,1685.0,1685.0,1000,1685,0.2
2009/05/07,1745.0,1770.0,1745.0,1745.0,9000,1745,0.2
2009/05/21,1820.0,1850.0,1815.0,1815.0,3000,1815,0.2
2009/05/26,1840.0,1840.0,1820.0,1820.0,2000,1820,0.2
2009/06/02,2050.0,2050.0,2050.0,2050.0,2000,2050,0.2
2009/06/03,2075.0,2075.0,2075.0,2075.0,1000,2075,0.2
2009/06/08,2150.0,2150.0,2150.0,2150.0,2000,2150,0.2
2009/06/09,2225.0,2225.0,2225.0,2225.0,1000,2225,0.2
2009/06/10,2200.0,2240.0,2200.0,2240.0,2000,2240,0.2
2009/06/15,2260.0,2260.0,2260.0,2260.0,1000,2260,0.2
2009/06/16,2260.0,2295.0,2260.0,2295.0,2000,2295,0.2
2009/06/17,2300.0,2300.0,2300.0,2300.0,1000,2300,0.2
2009/06/19,2300.0,2300.0,2300.0,2300.0,1000,2300,0.2
2009/06/22,2235.0,2235.0,2235.0,2235.0,1000,2235,0.2
2009/07/01,2150.0,2150.0,2150.0,2150.0,4000,2150,0.2
2009/07/02,2150.0,2150.0,2150.0,2150.0,1000,2150,0.2
2009/07/03,2155.0,2155.0,2150.0,2150.0,4000,2150,0.2
2009/07/06,2175.0,2200.0,2150.0,2200.0,14000,2200,0.2
2009/07/07,2200.0,2200.0,2180.0,2180.0,2000,2180,0.2
2009/07/08,2130.0,2130.0,2125.0,2130.0,4000,2130,0.2
2009/07/09,2130.0,2130.0,2130.0,2130.0,1000,2130,0.2
2009/07/13,2155.0,2155.0,2155.0,2155.0,1000,2155,0.2
2009/07/14,2150.0,2150.0,2125.0,2125.0,2000,2125,0.2
2009/07/17,2075.0,2075.0,2075.0,2075.0,1000,2075,0.2
2009/07/21,2050.0,2050.0,2050.0,2050.0,2000,2050,0.2
2009/07/23,2070.0,2070.0,2070.0,2070.0,1000,2070,0.2
2009/07/24,2075.0,2075.0,2075.0,2075.0,5000,2075,0.2
2009/07/30,2105.0,2105.0,2100.0,2100.0,2000,2100,0.2
2009/08/10,2175.0,2175.0,2175.0,2175.0,2000,2175,0.2
2009/08/25,2225.0,2250.0,2225.0,2250.0,5000,2250,0.2
2009/09/02,2250.0,2250.0,2250.0,2250.0,2000,2250,0.2
2009/09/08,2275.0,2275.0,2275.0,2275.0,1000,2275,0.2
2009/09/14,2250.0,2275.0,2250.0,2275.0,3000,2275,0.2
2009/09/29,2220.0,2220.0,2220.0,2220.0,1000,2220,0.2
2009/10/02,2095.0,2095.0,2095.0,2095.0,1000,2095,0.2
2009/10/07,2045.0,2045.0,2045.0,2045.0,2000,2045,0.2
2009/10/08,2045.0,2045.0,2045.0,2045.0,2000,2045,0.2
2009/10/09,2045.0,2045.0,2045.0,2045.0,2000,2045,0.2
2009/10/13,2045.0,2045.0,2045.0,2045.0,1000,2045,0.2
2009/10/14,2070.0,2070.0,2070.0,2070.0,2000,2070,0.2
2009/10/15,2090.0,2090.0,2090.0,2090.0,3000,2090,0.2
2009/10/30,2090.0,2090.0,2090.0,2090.0,3000,2090,0.2
2009/11/02,2035.0,2035.0,2035.0,2035.0,1000,2035,0.2
2009/11/20,1880.0,1880.0,1880.0,1880.0,1000,1880,0.2
2009/12/01,1880.0,1880.0,1830.0,1830.0,3000,1830,0.2
2009/12/02,1830.0,1830.0,1830.0,1830.0,1000,1830,0.2
2009/12/03,1855.0,1855.0,1855.0,1855.0,1000,1855,0.2
2009/12/04,1855.0,1855.0,1800.0,1800.0,4000,1800,0.2
2009/12/07,1750.0,1750.0,1750.0,1750.0,1000,1750,0.2
2009/12/08,1760.0,1760.0,1755.0,1755.0,2000,1755,0.2
2009/12/11,1800.0,1800.0,1800.0,1800.0,1000,1800,0.2
2009/12/15,1825.0,1825.0,1825.0,1825.0,1000,1825,0.2
2009/12/18,1810.0,1810.0,1785.0,1785.0,2000,1785,0.2
2009/12/22,1935.0,1950.0,1935.0,1950.0,3000,1950,0.2
2010/01/06,1980.0,1980.0,1980.0,1980.0,1000,1980,0.2
2010/01/08,2000.0,2000.0,2000.0,2000.0,1000,2000,0.2
2010/01/18,2000.0,2000.0,2000.0,2000.0,1000,2000,0.2
2010/01/20,2000.0,2000.0,2000.0,2000.0,1000,2000,0.2
2010/02/16,1920.0,1920.0,1920.0,1920.0,1000,1920,0.2
2010/02/17,1925.0,1925.0,1925.0,1925.0,1000,1925,0.2
2010/02/18,1925.0,1925.0,1925.0,1925.0,1000,1925,0.2
2010/02/19,1925.0,1925.0,1925.0,1925.0,2000,1925,0.2
2010/02/23,1925.0,1925.0,1925.0,1925.0,5000,1925,0.2
2010/03/04,1930.0,1930.0,1930.0,1930.0,1000,1930,0.2
2010/03/08,1935.0,1935.0,1935.0,1935.0,1000,1935,0.2
2010/03/09,1945.0,1945.0,1945.0,1945.0,1000,1945,0.2
2010/03/17,1985.0,2150.0,1985.0,2150.0,5000,2150,0.2
2010/04/01,2120.0,2120.0,2120.0,2120.0,1000,2120,0.2
2010/04/16,2110.0,2110.0,2110.0,2110.0,1000,2110,0.2
2010/04/19,2125.0,2125.0,2125.0,2125.0,3000,2125,0.2
2010/04/26,2125.0,2125.0,2125.0,2125.0,1000,2125,0.2
2010/04/28,2045.0,2045.0,2045.0,2045.0,1000,2045,0.2
2010/04/30,2060.0,2060.0,2060.0,2060.0,1000,2060,0.2
2010/05/06,2020.0,2050.0,2020.0,2050.0,4000,2050,0.2
2010/05/07,2030.0,2030.0,2005.0,2005.0,3000,2005,0.2
2010/05/10,2085.0,2085.0,2085.0,2085.0,2000,2085,0.2
2010/05/17,2125.0,2125.0,2095.0,2110.0,8000,2110,0.2
2010/05/18,2230.0,2230.0,2230.0,2230.0,1000,2230,0.2
2010/05/19,2110.0,2110.0,2075.0,2075.0,2000,2075,0.2
2010/05/20,2050.0,2050.0,2015.0,2015.0,3000,2015,0.2
2010/05/26,2045.0,2045.0,2015.0,2015.0,3000,2015,0.2
2010/06/02,2015.0,2015.0,2015.0,2015.0,2000,2015,0.2
2010/06/16,2175.0,2175.0,2175.0,2175.0,2000,2175,0.2
2010/06/17,2170.0,2170.0,2170.0,2170.0,1000,2170,0.2
2010/06/21,2150.0,2150.0,2150.0,2150.0,1000,2150,0.2
2010/06/25,2150.0,2150.0,2150.0,2150.0,1000,2150,0.2
2010/06/29,2105.0,2105.0,2105.0,2105.0,7000,2105,0.2
2010/06/30,2025.0,2025.0,2025.0,2025.0,1000,2025,0.2
2010/07/01,2035.0,2035.0,2035.0,2035.0,2000,2035,0.2
2010/07/02,2000.0,2035.0,2000.0,2035.0,13000,2035,0.2
2010/07/05,2035.0,2035.0,2035.0,2035.0,1000,2035,0.2
2010/07/07,2005.0,2005.0,2005.0,2005.0,2000,2005,0.2
2010/07/08,2035.0,2035.0,2015.0,2015.0,3000,2015,0.2
2010/07/09,2035.0,2035.0,2025.0,2025.0,4000,2025,0.2
2010/07/12,2025.0,2025.0,2025.0,2025.0,1000,2025,0.2
2010/07/15,2025.0,2025.0,2025.0,2025.0,1000,2025,0.2
2010/07/21,1985.0,1985.0,1985.0,1985.0,3000,1985,0.2
2010/07/22,2000.0,2000.0,2000.0,2000.0,1000,2000,0.2
2010/07/23,2000.0,2000.0,2000.0,2000.0,1000,2000,0.2
2010/07/28,1960.0,1960.0,1960.0,1960.0,1000,1960,0.2
2010/07/29,2005.0,2005.0,2000.0,2000.0,5000,2000,0.2
2010/07/30,2000.0,2000.0,1985.0,1985.0,3000,1985,0.2
2010/08/02,2000.0,2000.0,2000.0,2000.0,2000,2000,0.2
2010/08/04,2000.0,2000.0,2000.0,2000.0,5000,2000,0.2
2010/08/05,2000.0,2000.0,1995.0,1995.0,3000,1995,0.2
2010/08/06,2000.0,2000.0,2000.0,2000.0,3000,2000,0.2
2010/08/09,1995.0,1995.0,1995.0,1995.0,1000,1995,0.2
2010/08/23,1995.0,1995.0,1995.0,1995.0,1000,1995,0.2
2010/08/27,2000.0,2000.0,2000.0,2000.0,1000,2000,0.2
2010/09/13,2000.0,2000.0,2000.0,2000.0,1000,2000,0.2
2010/09/17,2000.0,2000.0,2000.0,2000.0,2000,2000,0.2
2010/09/21,2080.0,2080.0,2080.0,2080.0,1000,2080,0.2
2010/09/30,2000.0,2000.0,2000.0,2000.0,2000,2000,0.2
2010/10/06,2000.0,2000.0,2000.0,2000.0,1000,2000,0.2
2010/10/15,2000.0,2000.0,2000.0,2000.0,1000,2000,0.2
2010/10/20,2000.0,2000.0,2000.0,2000.0,2000,2000,0.2
2010/10/26,2000.0,2000.0,2000.0,2000.0,3000,2000,0.2
2010/10/28,2000.0,2000.0,2000.0,2000.0,3000,2000,0.2
2010/11/04,1925.0,1925.0,1925.0,1925.0,1000,1925,0.2
2010/11/05,1925.0,1925.0,1925.0,1925.0,2000,1925,0.2
2010/11/08,1925.0,1925.0,1925.0,1925.0,1000,1925,0.2
2010/11/10,1925.0,1925.0,1925.0,1925.0,1000,1925,0.2
2010/11/11,1930.0,2045.0,1925.0,2045.0,4000,2045,0.2
2010/11/15,1950.0,1950.0,1950.0,1950.0,1000,1950,0.2
2010/11/16,1950.0,1950.0,1925.0,1925.0,2000,1925,0.2
2010/11/17,1925.0,1945.0,1925.0,1935.0,3000,1935,0.2
2010/11/18,1905.0,1905.0,1905.0,1905.0,1000,1905,0.2
2010/11/19,2000.0,2000.0,1940.0,1940.0,2000,1940,0.2
2010/11/22,1935.0,1975.0,1930.0,1930.0,7000,1930,0.2
2010/11/24,2000.0,2000.0,2000.0,2000.0,1000,2000,0.2
2010/12/01,2080.0,2080.0,2080.0,2080.0,1000,2080,0.2
2010/12/10,2120.0,2120.0,2000.0,2000.0,8000,2000,0.2
2010/12/13,2010.0,2010.0,2010.0,2010.0,1000,2010,0.2
2010/12/14,2005.0,2005.0,2005.0,2005.0,1000,2005,0.2
2010/12/15,2020.0,2020.0,2020.0,2020.0,1000,2020,0.2
2010/12/20,2025.0,2025.0,2025.0,2025.0,1000,2025,0.2
2010/12/21,2025.0,2025.0,2025.0,2025.0,1000,2025,0.2
2010/12/22,2045.0,2045.0,2045.0,2045.0,1000,2045,0.2
2010/12/24,2020.0,2020.0,2020.0,2020.0,2000,2020,0.2
2010/12/29,2020.0,2050.0,2020.0,2050.0,3000,2050,0.2
2010/12/30,2050.0,2050.0,2050.0,2050.0,1000,2050,0.2
2011/01/05,2150.0,2150.0,2150.0,2150.0,2000,2150,0.2
2011/01/13,2195.0,2195.0,2195.0,2195.0,1000,2195,0.2
2011/01/19,2250.0,2250.0,2250.0,2250.0,1000,2250,0.2
2011/01/21,2200.0,2200.0,2200.0,2200.0,1000,2200,0.2
2011/01/25,2310.0,2310.0,2310.0,2310.0,1000,2310,0.2
2011/02/03,2230.0,2310.0,2230.0,2310.0,2000,2310,0.2
2011/02/07,2315.0,2325.0,2315.0,2325.0,2000,2325,0.2
2011/02/09,2330.0,2330.0,2330.0,2330.0,1000,2330,0.2
2011/02/10,2330.0,2330.0,2315.0,2315.0,2000,2315,0.2
2011/02/14,2390.0,2390.0,2320.0,2330.0,5000,2330,0.2
2011/02/15,2330.0,2330.0,2330.0,2330.0,2000,2330,0.2
2011/02/16,2375.0,2375.0,2375.0,2375.0,1000,2375,0.2
2011/02/17,2375.0,2475.0,2375.0,2475.0,4000,2475,0.2
2011/02/18,2485.0,2485.0,2485.0,2485.0,5000,2485,0.2
2011/02/21,2460.0,2460.0,2455.0,2455.0,4000,2455,0.2
2011/02/22,2425.0,2425.0,2400.0,2400.0,3000,2400,0.2
2011/02/23,2370.0,2370.0,2370.0,2370.0,1000,2370,0.2
2011/02/24,2350.0,2355.0,2350.0,2350.0,7000,2350,0.2
2011/02/28,2410.0,2415.0,2410.0,2415.0,2000,2415,0.2
2011/03/02,2375.0,2375.0,2375.0,2375.0,1000,2375,0.2
2011/03/10,2360.0,2360.0,2360.0,2360.0,2000,2360,0.2
2011/03/11,2330.0,2330.0,2330.0,2330.0,1000,2330,0.2
2011/03/14,2240.0,2240.0,2120.0,2120.0,3000,2120,0.2
2011/03/15,2070.0,2070.0,1905.0,1905.0,12000,1905,0.2
2011/03/16,1785.0,1985.0,1785.0,1985.0,2000,1985,0.2
2011/03/17,1985.0,1985.0,1985.0,1985.0,1000,1985,0.2
2011/03/18,2050.0,2050.0,2050.0,2050.0,1000,2050,0.2
2011/03/23,2025.0,2100.0,2025.0,2100.0,2000,2100,0.2
2011/03/24,2095.0,2095.0,2095.0,2095.0,1000,2095,0.2
2011/03/28,2095.0,2095.0,2095.0,2095.0,62000,2095,0.2
2011/03/29,2300.0,2300.0,2300.0,2300.0,2000,2300,0.2
2011/04/01,2140.0,2140.0,2140.0,2140.0,2000,2140,0.2
2011/04/21,2060.0,2060.0,2060.0,2060.0,1000,2060,0.2
2011/05/06,2095.0,2100.0,2095.0,2100.0,2000,2100,0.2
2011/05/09,2200.0,2240.0,2200.0,2240.0,4000,2240,0.2
2011/05/12,2240.0,2240.0,2240.0,2240.0,1000,2240,0.2
2011/05/13,2160.0,2160.0,2160.0,2160.0,1000,2160,0.2
2011/05/18,2135.0,2135.0,2135.0,2135.0,1000,2135,0.2
2011/05/24,2120.0,2120.0,2120.0,2120.0,1000,2120,0.2
2011/05/25,2120.0,2120.0,2120.0,2120.0,1000,2120,0.2
2011/06/03,2125.0,2125.0,2125.0,2125.0,1000,2125,0.2
2011/06/15,2165.0,2165.0,2165.0,2165.0,1000,2165,0.2
2011/06/16,2165.0,2165.0,2075.0,2075.0,7000,2075,0.2
2011/06/17,2235.0,2235.0,2235.0,2235.0,1000,2235,0.2
2011/06/21,2275.0,2275.0,2275.0,2275.0,1000,2275,0.2
2011/06/22,2275.0,2275.0,2275.0,2275.0,1000,2275,0.2
2011/07/07,2155.0,2155.0,2130.0,2150.0,6000,2150,0.2
2011/07/08,2150.0,2150.0,2150.0,2150.0,2000,2150,0.2
2011/07/13,2190.0,2190.0,2190.0,2190.0,1000,2190,0.2
2011/07/15,2175.0,2175.0,2175.0,2175.0,1000,2175,0.2
2011/07/22,2140.0,2140.0,2140.0,2140.0,1000,2140,0.2
2011/07/25,2140.0,2140.0,2140.0,2140.0,1000,2140,0.2
2011/08/03,2180.0,2180.0,2180.0,2180.0,1000,2180,0.2
2011/08/04,2175.0,2175.0,2175.0,2175.0,1000,2175,0.2
2011/08/05,2105.0,2105.0,2100.0,2100.0,2000,2100,0.2
2011/08/12,2140.0,2140.0,2140.0,2140.0,1000,2140,0.2
2011/08/15,2140.0,2140.0,2140.0,2140.0,1000,2140,0.2
2011/08/19,2080.0,2080.0,2080.0,2080.0,1000,2080,0.2
2011/08/24,2120.0,2120.0,2120.0,2120.0,1000,2120,0.2
2011/08/25,2120.0,2120.0,2120.0,2120.0,1000,2120,0.2
2011/08/30,2080.0,2080.0,2080.0,2080.0,1000,2080,0.2
2011/08/31,2120.0,2120.0,2120.0,2120.0,1000,2120,0.2
2011/09/01,2120.0,2120.0,2120.0,2120.0,1000,2120,0.2
2011/09/06,2090.0,2090.0,2090.0,2090.0,1000,2090,0.2
2011/09/15,2130.0,2130.0,2130.0,2130.0,1000,2130,0.2
2011/09/16,2130.0,2130.0,2130.0,2130.0,1000,2130,0.2
2011/09/20,2090.0,2090.0,2090.0,2090.0,1000,2090,0.2
2011/09/28,2130.0,2130.0,2130.0,2130.0,1000,2130,0.2
2011/09/29,2130.0,2130.0,2130.0,2130.0,1000,2130,0.2
2011/10/04,2050.0,2050.0,2050.0,2050.0,1000,2050,0.2
2011/10/06,2050.0,2050.0,2050.0,2050.0,2000,2050,0.2
2011/10/13,2060.0,2060.0,2020.0,2020.0,2000,2020,0.2
2011/10/17,2000.0,2030.0,1990.0,2030.0,4000,2030,0.2
2011/10/18,2030.0,2030.0,2030.0,2030.0,1000,2030,0.2
2011/10/19,1980.0,2020.0,1980.0,2020.0,2000,2020,0.2
2011/10/20,2020.0,2020.0,2020.0,2020.0,1000,2020,0.2
2011/10/21,2020.0,2020.0,2020.0,2020.0,2000,2020,0.2
2011/10/24,2050.0,2050.0,2050.0,2050.0,1000,2050,0.2
2011/10/25,2010.0,2050.0,2010.0,2050.0,2000,2050,0.2
2011/11/08,2010.0,2010.0,2010.0,2010.0,1000,2010,0.2
2011/11/10,1970.0,1970.0,1970.0,1970.0,1000,1970,0.2
2011/11/14,2010.0,2010.0,2010.0,2010.0,1000,2010,0.2
2011/11/16,2020.0,2065.0,2020.0,2065.0,4000,2065,0.2
2011/11/17,2060.0,2060.0,2030.0,2030.0,4000,2030,0.2
2011/11/21,2050.0,2050.0,2050.0,2050.0,1000,2050,0.2
2011/11/30,2050.0,2050.0,2050.0,2050.0,2000,2050,0.2
2011/12/05,2040.0,2090.0,2040.0,2090.0,3000,2090,0.2
2011/12/06,2080.0,2080.0,2080.0,2080.0,1000,2080,0.2
2011/12/08,2065.0,2105.0,2065.0,2105.0,2000,2105,0.2
2011/12/09,2105.0,2105.0,2105.0,2105.0,1000,2105,0.2
2011/12/12,2105.0,2105.0,2095.0,2100.0,7000,2100,0.2
2011/12/13,2180.0,2240.0,2180.0,2240.0,8000,2240,0.2
2011/12/14,2245.0,2350.0,2245.0,2340.0,30000,2340,0.2
2011/12/15,2340.0,2340.0,2250.0,2295.0,29000,2295,0.2
2011/12/16,2320.0,2375.0,2315.0,2350.0,54000,2350,0.2
2011/12/19,2380.0,2380.0,2300.0,2330.0,34000,2330,0.2
2011/12/20,2350.0,2425.0,2350.0,2425.0,29000,2425,0.2
2011/12/21,2425.0,2455.0,2425.0,2455.0,12000,2455,0.2
2011/12/22,2475.0,2480.0,2470.0,2480.0,10000,2480,0.2
2011/12/26,2490.0,2620.0,2480.0,2620.0,22000,2620,0.2
2011/12/27,2665.0,2670.0,2665.0,2670.0,5000,2670,0.2
2011/12/28,2670.0,2670.0,2585.0,2585.0,7000,2585,0.2
2011/12/29,2515.0,2515.0,2490.0,2490.0,3000,2490,0.2
2011/12/30,2530.0,2530.0,2530.0,2530.0,1000,2530,0.2
2012/01/04,2555.0,2600.0,2555.0,2600.0,2000,2600,0.2
2012/01/05,2590.0,2610.0,2590.0,2610.0,2000,2610,0.2
2012/01/10,2605.0,2720.0,2600.0,2720.0,5000,2720,0.2
2012/01/11,2680.0,2680.0,2680.0,2680.0,1000,2680,0.2
2012/01/13,2620.0,2620.0,2620.0,2620.0,1000,2620,0.2
2012/01/16,2520.0,2600.0,2520.0,2600.0,4000,2600,0.2
2012/01/17,2615.0,2655.0,2605.0,2655.0,8000,2655,0.2
2012/01/18,2620.0,2620.0,2605.0,2605.0,4000,2605,0.2
2012/01/19,2610.0,2660.0,2610.0,2660.0,2000,2660,0.2
2012/01/20,2625.0,2625.0,2625.0,2625.0,2000,2625,0.2
2012/01/23,2625.0,2660.0,2610.0,2660.0,4000,2660,0.2
2012/01/24,2660.0,2660.0,2660.0,2660.0,1000,2660,0.2
2012/01/26,2655.0,2655.0,2655.0,2655.0,2000,2655,0.2
2012/01/31,2615.0,2655.0,2615.0,2655.0,2000,2655,0.2
2012/02/02,2615.0,2615.0,2615.0,2615.0,1000,2615,0.2
2012/02/03,2650.0,2650.0,2650.0,2650.0,1000,2650,0.2
2012/02/06,2645.0,2645.0,2645.0,2645.0,5000,2645,0.2
2012/02/09,2645.0,2695.0,2645.0,2695.0,11000,2695,0.2
2012/02/10,2680.0,2700.0,2680.0,2700.0,4000,2700,0.2
2012/02/13,2700.0,2700.0,2700.0,2700.0,1000,2700,0.2
2012/02/14,2700.0,2700.0,2690.0,2690.0,2000,2690,0.2
2012/02/16,2710.0,2755.0,2705.0,2755.0,3000,2755,0.2
2012/02/17,2755.0,2755.0,2745.0,2750.0,3000,2750,0.2
2012/02/21,2750.0,2825.0,2750.0,2825.0,2000,2825,0.2
2012/02/27,2825.0,2825.0,2825.0,2825.0,2000,2825,0.2
2012/02/28,2925.0,2940.0,2855.0,2855.0,7000,2855,0.2
2012/02/29,2860.0,2890.0,2860.0,2890.0,2000,2890,0.2
2012/03/01,2950.0,2975.0,2950.0,2975.0,2000,2975,0.2
2012/03/02,2965.0,3000.0,2965.0,3000.0,4000,3000,0.2
2012/03/05,3100.0,3200.0,3100.0,3200.0,5000,3200,0.2
2012/03/06,3225.0,3225.0,3100.0,3200.0,4000,3200,0.2
2012/03/13,3150.0,3150.0,3150.0,3150.0,2000,3150,0.2
2012/03/14,3175.0,3175.0,3150.0,3150.0,4000,3150,0.2
2012/03/15,3200.0,3200.0,3110.0,3130.0,6000,3130,0.2
2012/03/16,3150.0,3150.0,3050.0,3150.0,7000,3150,0.2
2012/03/19,3070.0,3070.0,3070.0,3070.0,1000,3070,0.2
2012/03/21,3070.0,3150.0,3070.0,3150.0,4000,3150,0.2
2012/03/23,3150.0,3150.0,3150.0,3150.0,1000,3150,0.2
2012/03/26,3100.0,3100.0,3075.0,3100.0,4000,3100,0.2
2012/03/27,3175.0,3175.0,3175.0,3175.0,1000,3175,0.2
2012/03/29,3240.0,3240.0,3240.0,3240.0,1000,3240,0.2
2012/03/30,3090.0,3145.0,3080.0,3145.0,6000,3145,0.2
2012/04/02,3150.0,3150.0,3150.0,3150.0,2000,3150,0.2
2012/04/04,3050.0,3050.0,3000.0,3000.0,7000,3000,0.2
2012/04/05,3050.0,3050.0,3050.0,3050.0,2000,3050,0.2
2012/04/06,3050.0,3050.0,3040.0,3040.0,5000,3040,0.2
2012/04/09,3045.0,3045.0,3040.0,3040.0,5000,3040,0.2
2012/04/10,3040.0,3040.0,3040.0,3040.0,2000,3040,0.2
2012/04/11,3040.0,3040.0,3040.0,3040.0,3000,3040,0.2
2012/04/12,3050.0,3050.0,3050.0,3050.0,1000,3050,0.2
2012/04/13,3075.0,3075.0,3075.0,3075.0,3000,3075,0.2
2012/04/18,3095.0,3100.0,3095.0,3100.0,2000,3100,0.2
2012/04/19,3100.0,3100.0,3100.0,3100.0,1000,3100,0.2
2012/04/23,3050.0,3050.0,3050.0,3050.0,1000,3050,0.2
2012/04/24,3005.0,3005.0,2905.0,2990.0,11000,2990,0.2
2012/04/27,2950.0,2995.0,2950.0,2995.0,2000,2995,0.2
2012/05/07,2900.0,2900.0,2900.0,2900.0,1000,2900,0.2
2012/05/08,2855.0,2855.0,2855.0,2855.0,1000,2855,0.2
2012/05/10,2855.0,2855.0,2855.0,2855.0,1000,2855,0.2
2012/05/11,2805.0,2805.0,2805.0,2805.0,1000,2805,0.2
2012/05/14,2750.0,2750.0,2490.0,2500.0,37000,2500,0.2
2012/05/15,2455.0,2500.0,2400.0,2500.0,6000,2500,0.2
2012/05/16,2560.0,2605.0,2560.0,2605.0,4000,2605,0.2
2012/05/17,2605.0,2605.0,2605.0,2605.0,1000,2605,0.2
2012/05/18,2625.0,2630.0,2600.0,2600.0,5000,2600,0.2
2012/05/21,2550.0,2550.0,2200.0,2245.0,59000,2245,0.2
2012/05/22,2270.0,2315.0,2250.0,2250.0,25000,2250,0.2
2012/05/23,2265.0,2265.0,2260.0,2260.0,8000,2260,0.2
2012/05/24,2290.0,2290.0,2290.0,2290.0,1000,2290,0.2
2012/05/25,2285.0,2285.0,2270.0,2270.0,3000,2270,0.2
2012/05/28,2260.0,2260.0,2260.0,2260.0,4000,2260,0.2
2012/05/29,2270.0,2290.0,2270.0,2270.0,3000,2270,0.2
2012/05/31,2260.0,2260.0,2260.0,2260.0,3000,2260,0.2
2012/06/01,2250.0,2250.0,2240.0,2240.0,2000,2240,0.2
2012/06/04,2245.0,2245.0,2210.0,2210.0,6000,2210,0.2
2012/06/05,2210.0,2240.0,2180.0,2240.0,6000,2240,0.2
2012/06/06,2240.0,2240.0,2240.0,2240.0,1000,2240,0.2
2012/06/07,2250.0,2250.0,2250.0,2250.0,1000,2250,0.2
2012/06/11,2270.0,2270.0,2270.0,2270.0,1000,2270,0.2
2012/06/12,2275.0,2275.0,2275.0,2275.0,2000,2275,0.2
2012/06/15,2280.0,2280.0,2280.0,2280.0,1000,2280,0.2
2012/06/18,2340.0,2340.0,2340.0,2340.0,1000,2340,0.2
2012/06/19,2300.0,2300.0,2300.0,2300.0,1000,2300,0.2
2012/06/20,2305.0,2330.0,2305.0,2330.0,2000,2330,0.2
2012/06/21,2355.0,2375.0,2355.0,2375.0,6000,2375,0.2
2012/06/22,2375.0,2375.0,2375.0,2375.0,3000,2375,0.2
2012/06/25,2395.0,2395.0,2390.0,2395.0,5000,2395,0.2
2012/06/26,2405.0,2415.0,2395.0,2405.0,7000,2405,0.2
2012/06/27,2415.0,2415.0,2410.0,2410.0,2000,2410,0.2
2012/06/28,2410.0,2410.0,2410.0,2410.0,2000,2410,0.2
2012/06/29,2410.0,2410.0,2410.0,2410.0,2000,2410,0.2
2012/07/02,2435.0,2435.0,2430.0,2430.0,2000,2430,0.2
2012/07/03,2405.0,2410.0,2405.0,2405.0,5000,2405,0.2
2012/07/04,2415.0,2420.0,2415.0,2420.0,4000,2420,0.2
2012/07/09,2400.0,2400.0,2395.0,2395.0,4000,2395,0.2
2012/07/11,2400.0,2400.0,2400.0,2400.0,1000,2400,0.2
2012/07/13,2400.0,2400.0,2395.0,2395.0,4000,2395,0.2
2012/07/17,2405.0,2405.0,2405.0,2405.0,1000,2405,0.2
2012/07/18,2385.0,2385.0,2385.0,2385.0,1000,2385,0.2
2012/07/19,2395.0,2395.0,2395.0,2395.0,3000,2395,0.2
2012/07/24,2390.0,2390.0,2385.0,2390.0,4000,2390,0.2
2012/07/25,2390.0,2390.0,2390.0,2390.0,1000,2390,0.2
2012/07/30,2395.0,2395.0,2395.0,2395.0,2000,2395,0.2
2012/07/31,2390.0,2390.0,2390.0,2390.0,2000,2390,0.2
2012/08/08,2385.0,2395.0,2370.0,2395.0,5000,2395,0.2
2012/08/13,2380.0,2380.0,2380.0,2380.0,2000,2380,0.2
2012/08/16,2380.0,2385.0,2380.0,2385.0,4000,2385,0.2
2012/08/17,2385.0,2385.0,2385.0,2385.0,1000,2385,0.2
2012/08/20,2380.0,2380.0,2380.0,2380.0,3000,2380,0.2
2012/08/21,2380.0,2380.0,2380.0,2380.0,1000,2380,0.2
2012/08/23,2380.0,2380.0,2380.0,2380.0,1000,2380,0.2
2012/08/24,2390.0,2390.0,2390.0,2390.0,3000,2390,0.2
2012/08/27,2385.0,2385.0,2385.0,2385.0,1000,2385,0.2
2012/08/28,2385.0,2385.0,2385.0,2385.0,1000,2385,0.2
2012/08/31,2380.0,2380.0,2380.0,2380.0,1000,2380,0.2
2012/09/03,2380.0,2380.0,2375.0,2375.0,4000,2375,0.2
2012/09/04,2375.0,2375.0,2375.0,2375.0,2000,2375,0.2
2012/09/06,2390.0,2390.0,2390.0,2390.0,1000,2390,0.2
2012/09/11,2375.0,2375.0,2375.0,2375.0,3000,2375,0.2
2012/09/14,2385.0,2385.0,2385.0,2385.0,1000,2385,0.2
2012/09/18,2380.0,2380.0,2380.0,2380.0,2000,2380,0.2
2012/09/19,2380.0,2380.0,2375.0,2375.0,3000,2375,0.2
2012/09/21,2375.0,2375.0,2375.0,2375.0,1000,2375,0.2
2012/09/24,2375.0,2375.0,2375.0,2375.0,1000,2375,0.2
2012/09/25,2370.0,2370.0,2370.0,2370.0,1000,2370,0.2
2012/09/28,2360.0,2360.0,2360.0,2360.0,1000,2360,0.2
2012/10/01,2360.0,2360.0,2360.0,2360.0,1000,2360,0.2
2012/10/04,2340.0,2340.0,2340.0,2340.0,1000,2340,0.2
2012/10/05,2375.0,2375.0,2375.0,2375.0,1000,2375,0.2
2012/10/09,2395.0,2395.0,2395.0,2395.0,1000,2395,0.2
2012/10/15,2400.0,2400.0,2400.0,2400.0,3000,2400,0.2
2012/10/16,2375.0,2400.0,2375.0,2400.0,2000,2400,0.2
2012/10/17,2405.0,2405.0,2405.0,2405.0,1000,2405,0.2
2012/10/18,2405.0,2405.0,2405.0,2405.0,2000,2405,0.2
2012/10/19,2405.0,2405.0,2405.0,2405.0,1000,2405,0.2
2012/10/25,2405.0,2405.0,2405.0,2405.0,1000,2405,0.2
2012/10/31,2445.0,2445.0,2390.0,2410.0,3000,2410,0.2
2012/11/01,2390.0,2390.0,2390.0,2390.0,8000,2390,0.2
2012/11/02,2385.0,2390.0,2385.0,2390.0,9000,2390,0.2
2012/11/05,2395.0,2425.0,2395.0,2425.0,5000,2425,0.2
2012/11/06,2425.0,2425.0,2425.0,2425.0,16000,2425,0.2
2012/11/07,2425.0,2425.0,2425.0,2425.0,3000,2425,0.2
2012/11/08,2400.0,2400.0,2390.0,2390.0,2000,2390,0.2
2012/11/09,2390.0,2400.0,2390.0,2400.0,2000,2400,0.2
2012/11/12,2385.0,2410.0,2385.0,2400.0,4000,2400,0.2
2012/11/14,2385.0,2385.0,2385.0,2385.0,1000,2385,0.2
2012/11/15,2390.0,2390.0,2390.0,2390.0,2000,2390,0.2
2012/11/16,2400.0,2400.0,2390.0,2390.0,8000,2390,0.2
2012/11/21,2390.0,2390.0,2390.0,2390.0,2000,2390,0.2
2012/11/22,2430.0,2470.0,2430.0,2470.0,2000,2470,0.2
2012/11/26,2470.0,2475.0,2470.0,2475.0,2000,2475,0.2
2012/11/27,2480.0,2485.0,2480.0,2485.0,2000,2485,0.2
2012/12/04,2485.0,2490.0,2485.0,2490.0,2000,2490,0.2
2012/12/05,2495.0,2495.0,2495.0,2495.0,1000,2495,0.2
2012/12/10,2485.0,2485.0,2480.0,2480.0,2000,2480,0.2
2012/12/12,2440.0,2440.0,2440.0,2440.0,2000,2440,0.2
2012/12/13,2430.0,2455.0,2430.0,2455.0,5000,2455,0.2
2012/12/14,2455.0,2455.0,2440.0,2445.0,3000,2445,0.2
2012/12/18,2445.0,2460.0,2445.0,2460.0,3000,2460,0.2
2012/12/19,2450.0,2450.0,2450.0,2450.0,6000,2450,0.2
2012/12/20,2470.0,2480.0,2470.0,2480.0,2000,2480,0.2
2012/12/21,2450.0,2455.0,2450.0,2455.0,4000,2455,0.2
2012/12/25,2480.0,2515.0,2480.0,2515.0,12000,2515,0.2
2012/12/26,2540.0,2540.0,2540.0,2540.0,2000,2540,0.2
2012/12/27,2555.0,2555.0,2555.0,2555.0,1000,2555,0.2
2013/01/04,2550.0,2550.0,2545.0,2545.0,2000,2545,0.2
2013/01/07,2585.0,2620.0,2570.0,2615.0,10000,2615,0.2
2013/01/08,2595.0,2595.0,2570.0,2570.0,4000,2570,0.2
2013/01/09,2580.0,2620.0,2575.0,2620.0,7000,2620,0.2
2013/01/10,2720.0,2845.0,2715.0,2845.0,17000,2845,0.2
2013/01/11,2775.0,2830.0,2755.0,2830.0,7000,2830,0.2
2013/01/15,2870.0,2925.0,2870.0,2920.0,11000,2920,0.2
2013/01/16,2905.0,2905.0,2855.0,2905.0,8000,2905,0.2
2013/01/18,2855.0,2895.0,2855.0,2895.0,2000,2895,0.2
2013/01/21,2865.0,2865.0,2840.0,2840.0,2000,2840,0.2
2013/01/22,2850.0,2850.0,2840.0,2850.0,8000,2850,0.2
2013/01/23,2840.0,2840.0,2840.0,2840.0,4000,2840,0.2
2013/01/24,2840.0,2840.0,2840.0,2840.0,5000,2840,0.2
2013/01/25,2850.0,2860.0,2850.0,2860.0,2000,2860,0.2
2013/01/28,2860.0,2860.0,2860.0,2860.0,5000,2860,0.2
2013/01/29,2880.0,2880.0,2880.0,2880.0,2000,2880,0.2
2013/01/30,2880.0,2880.0,2880.0,2880.0,3000,2880,0.2
2013/01/31,2880.0,2880.0,2855.0,2870.0,4000,2870,0.2
2013/02/01,2850.0,2850.0,2850.0,2850.0,3000,2850,0.2
2013/02/06,2800.0,2875.0,2800.0,2870.0,4000,2870,0.2
2013/02/07,2850.0,2850.0,2850.0,2850.0,1000,2850,0.2
2013/02/08,2850.0,2850.0,2850.0,2850.0,1000,2850,0.2
2013/02/12,2850.0,2895.0,2850.0,2895.0,6000,2895,0.2
2013/02/13,2850.0,2885.0,2825.0,2885.0,13000,2885,0.2
2013/02/14,2835.0,2835.0,2825.0,2825.0,2000,2825,0.2
2013/02/15,2825.0,2825.0,2750.0,2750.0,15000,2750,0.2
2013/02/18,2785.0,2785.0,2785.0,2785.0,3000,2785,0.2
2013/02/19,2800.0,2800.0,2800.0,2800.0,1000,2800,0.2
2013/02/20,2800.0,2800.0,2800.0,2800.0,6000,2800,0.2
2013/02/21,2800.0,2805.0,2800.0,2800.0,9000,2800,0.2
2013/02/22,2810.0,2810.0,2810.0,2810.0,1000,2810,0.2
2013/02/25,2820.0,2840.0,2820.0,2840.0,4000,2840,0.2
2013/02/27,2815.0,2815.0,2775.0,2775.0,2000,2775,0.2
2013/02/28,2800.0,2870.0,2800.0,2870.0,4000,2870,0.2
2013/03/01,2870.0,2950.0,2870.0,2950.0,8000,2950,0.2
2013/03/04,2990.0,3240.0,2990.0,3130.0,11000,3130,0.2
2013/03/05,3175.0,3220.0,3175.0,3195.0,11000,3195,0.2
2013/03/06,3195.0,3195.0,3175.0,3175.0,2000,3175,0.2
2013/03/07,3180.0,3190.0,3150.0,3190.0,3000,3190,0.2
2013/03/08,3225.0,3225.0,3205.0,3205.0,3000,3205,0.2
2013/03/11,3200.0,3200.0,3200.0,3200.0,2000,3200,0.2
2013/03/12,3200.0,3210.0,3150.0,3150.0,7000,3150,0.2
2013/03/13,3140.0,3150.0,3140.0,3150.0,2000,3150,0.2
2013/03/14,3145.0,3145.0,3145.0,3145.0,5000,3145,0.2
2013/03/15,3155.0,3155.0,3150.0,3150.0,5000,3150,0.2
2013/03/18,3160.0,3180.0,3150.0,3150.0,7000,3150,0.2
2013/03/19,3150.0,3190.0,3150.0,3190.0,7000,3190,0.2
2013/03/21,3215.0,3255.0,3215.0,3255.0,5000,3255,0.2
2013/03/22,3275.0,3495.0,3275.0,3495.0,16000,3495,0.2
2013/03/25,3845.0,3995.0,3845.0,3995.0,103000,3995,0.2
2013/03/26,4445.0,4475.0,3995.0,4210.0,70000,4210,0.2
2013/03/27,3850.0,4000.0,3830.0,3995.0,34000,3995,0.2
2013/03/28,3885.0,3885.0,3775.0,3850.0,7000,3850,0.2
2013/03/29,3875.0,3990.0,3850.0,3990.0,7000,3990,0.2
2013/04/01,3850.0,3850.0,3695.0,3695.0,32000,3695,0.2
2013/04/02,3220.0,3500.0,3175.0,3475.0,14000,3475,0.2
2013/04/03,3450.0,3550.0,3450.0,3550.0,4000,3550,0.2
2013/04/04,3500.0,3575.0,3500.0,3575.0,2000,3575,0.2
2013/04/05,3770.0,3830.0,3645.0,3645.0,11000,3645,0.2
2013/04/08,3700.0,3825.0,3700.0,3825.0,21000,3825,0.2
2013/04/09,3810.0,3910.0,3770.0,3850.0,47000,3850,0.2
2013/04/10,3850.0,3950.0,3850.0,3950.0,6000,3950,0.2
2013/04/11,3950.0,3950.0,3850.0,3900.0,3000,3900,0.2
2013/04/18,3875.0,3885.0,3875.0,3885.0,5000,3885,0.2
2013/04/22,3880.0,3995.0,3880.0,3995.0,6000,3995,0.2
2013/04/23,3900.0,3950.0,3885.0,3950.0,3000,3950,0.2
2013/04/24,3825.0,3825.0,3785.0,3785.0,4000,3785,0.2
2013/04/25,3665.0,3750.0,3665.0,3750.0,2000,3750,0.2
2013/04/26,3750.0,3750.0,3750.0,3750.0,1000,3750,0.2
2013/04/30,3750.0,3750.0,3750.0,3750.0,1000,3750,0.2
2013/05/01,3715.0,3715.0,3715.0,3715.0,1000,3715,0.2
2013/05/02,3710.0,3725.0,3710.0,3725.0,2000,3725,0.2
2013/05/07,3810.0,3815.0,3765.0,3770.0,5000,3770,0.2
2013/05/08,3835.0,3855.0,3780.0,3780.0,3000,3780,0.2
2013/05/09,3780.0,3855.0,3780.0,3855.0,2000,3855,0.2
2013/05/10,3840.0,3840.0,3840.0,3840.0,1000,3840,0.2
2013/05/13,3920.0,3920.0,3805.0,3805.0,2000,3805,0.2
2013/05/14,3690.0,3750.0,3670.0,3750.0,4000,3750,0.2
2013/05/15,3705.0,3800.0,3665.0,3665.0,6000,3665,0.2
2013/05/16,3755.0,3755.0,3425.0,3425.0,6000,3425,0.2
2013/05/20,3490.0,3500.0,3490.0,3500.0,2000,3500,0.2
2013/05/21,3650.0,3650.0,3480.0,3580.0,4000,3580,0.2
2013/05/23,3405.0,3405.0,3380.0,3380.0,2000,3380,0.2
2013/05/24,3325.0,3425.0,3325.0,3425.0,3000,3425,0.2
2013/05/27,3475.0,3475.0,3425.0,3425.0,2000,3425,0.2
2013/06/03,3255.0,3255.0,3255.0,3255.0,2000,3255,0.2
2013/06/04,3255.0,3335.0,3255.0,3335.0,2000,3335,0.2
2013/06/05,3300.0,3350.0,3300.0,3350.0,3000,3350,0.2
2013/06/06,3260.0,3260.0,3205.0,3205.0,4000,3205,0.2
2013/06/07,3200.0,3300.0,3200.0,3300.0,2000,3300,0.2
2013/06/10,3350.0,3350.0,3250.0,3275.0,5000,3275,0.2
2013/06/14,3125.0,3220.0,3125.0,3220.0,6000,3220,0.2
2013/06/17,3120.0,3120.0,3120.0,3120.0,1000,3120,0.2
2013/06/21,3125.0,3125.0,3125.0,3125.0,1000,3125,0.2
2013/06/25,3125.0,3125.0,3125.0,3125.0,1000,3125,0.2
2013/06/26,3100.0,3100.0,3100.0,3100.0,2000,3100,0.2
2013/06/27,3120.0,3120.0,3050.0,3050.0,6000,3050,0.2
2013/06/28,3125.0,3225.0,3125.0,3225.0,3000,3225,0.2
2013/07/01,3250.0,3250.0,3250.0,3250.0,1000,3250,0.2
2013/07/02,3245.0,3245.0,3245.0,3245.0,1000,3245,0.2
2013/07/04,3200.0,3200.0,3200.0,3200.0,2000,3200,0.2
2013/07/05,3170.0,3200.0,3170.0,3200.0,2000,3200,0.2
2013/07/08,3200.0,3200.0,3200.0,3200.0,1000,3200,0.2
2013/07/16,3300.0,3300.0,3300.0,3300.0,1000,3300,0.2
2013/07/17,3200.0,3200.0,3200.0,3200.0,1000,3200,0.2
2013/07/18,3200.0,3200.0,3200.0,3200.0,1000,3200,0.2
2013/07/19,3210.0,3210.0,3200.0,3200.0,5000,3200,0.2
2013/07/22,3215.0,3245.0,3215.0,3245.0,2000,3245,0.2
2013/07/25,3250.0,3250.0,3250.0,3250.0,1000,3250,0.2
2013/07/29,3230.0,3230.0,3230.0,3230.0,2000,3230,0.2
2013/07/30,3240.0,3240.0,3240.0,3240.0,1000,3240,0.2
2013/07/31,3225.0,3225.0,3225.0,3225.0,2000,3225,0.2
2013/08/02,3225.0,3250.0,3225.0,3250.0,3000,3250,0.2
2013/08/07,3345.0,3345.0,3345.0,3345.0,1000,3345,0.2
2013/08/09,3245.0,3250.0,3245.0,3250.0,2000,3250,0.2
2013/08/12,3215.0,3215.0,3190.0,3190.0,3000,3190,0.2
2013/08/14,3195.0,3195.0,3195.0,3195.0,1000,3195,0.2
2013/08/15,3200.0,3200.0,3150.0,3150.0,8000,3150,0.2
2013/08/20,3150.0,3150.0,3150.0,3150.0,2000,3150,0.2
2013/08/26,3110.0,3110.0,3110.0,3110.0,2000,3110,0.2
2013/09/03,3130.0,3140.0,3130.0,3140.0,4000,3140,0.2
2013/09/04,3140.0,3140.0,3140.0,3140.0,1000,3140,0.2
2013/09/05,3110.0,3110.0,3110.0,3110.0,2000,3110,0.2
2013/09/06,3100.0,3100.0,3045.0,3060.0,6000,3060,0.2
2013/09/09,3150.0,3210.0,3150.0,3210.0,3000,3210,0.2
2013/09/10,3295.0,3305.0,3265.0,3305.0,10000,3305,0.2
2013/09/11,3405.0,3405.0,3365.0,3385.0,5000,3385,0.2
2013/09/12,3425.0,3435.0,3425.0,3435.0,2000,3435,0.2
2013/09/13,3485.0,3545.0,3370.0,3400.0,9000,3400,0.2
2013/09/17,3430.0,3430.0,3430.0,3430.0,1000,3430,0.2
2013/09/19,3500.0,3500.0,3500.0,3500.0,1000,3500,0.2
2013/09/20,3395.0,3395.0,3395.0,3395.0,1000,3395,0.2
2013/10/03,3245.0,3245.0,3245.0,3245.0,3000,3245,0.2
2013/10/04,3255.0,3255.0,3255.0,3255.0,1000,3255,0.2
2013/10/07,3260.0,3260.0,3250.0,3250.0,5000,3250,0.2
2013/10/08,3245.0,3275.0,3245.0,3275.0,4000,3275,0.2
2013/10/09,3320.0,3325.0,3320.0,3325.0,2000,3325,0.2
2013/10/10,3350.0,3350.0,3350.0,3350.0,1000,3350,0.2
2013/10/11,3400.0,3420.0,3350.0,3350.0,4000,3350,0.2
2013/10/17,3355.0,3355.0,3355.0,3355.0,1000,3355,0.2
2013/10/18,3335.0,3355.0,3335.0,3355.0,2000,3355,0.2
2013/10/21,3360.0,3360.0,3355.0,3355.0,4000,3355,0.2
2013/10/22,3325.0,3325.0,3325.0,3325.0,1000,3325,0.2
2013/10/23,3350.0,3355.0,3350.0,3355.0,13000,3355,0.2
2013/10/25,3355.0,3355.0,3340.0,3340.0,5000,3340,0.2
2013/10/28,3390.0,3390.0,3390.0,3390.0,1000,3390,0.2
2013/10/29,3390.0,3400.0,3390.0,3400.0,15000,3400,0.2
2013/10/30,3390.0,3400.0,3390.0,3390.0,4000,3390,0.2
2013/11/06,3390.0,3390.0,3390.0,3390.0,3000,3390,0.2
2013/11/11,3440.0,3440.0,3435.0,3435.0,4000,3435,0.2
2013/11/12,3390.0,3415.0,3390.0,3415.0,2000,3415,0.2
2013/11/13,3415.0,3415.0,3400.0,3400.0,5000,3400,0.2
2013/11/15,3400.0,3410.0,3400.0,3400.0,5000,3400,0.2
2013/11/19,3350.0,3350.0,3350.0,3350.0,1000,3350,0.2
2013/11/20,3325.0,3325.0,3325.0,3325.0,5000,3325,0.2
2013/11/21,3375.0,3375.0,3375.0,3375.0,1000,3375,0.2
2013/11/22,3390.0,3420.0,3390.0,3420.0,10000,3420,0.2
2013/11/25,3400.0,3405.0,3400.0,3405.0,10000,3405,0.2
2013/11/26,3440.0,3450.0,3440.0,3450.0,7000,3450,0.2
2013/11/28,3405.0,3450.0,3405.0,3450.0,5000,3450,0.2
2013/11/29,3495.0,3550.0,3495.0,3505.0,11000,3505,0.2
2013/12/02,3505.0,3540.0,3470.0,3470.0,6000,3470,0.2
2013/12/03,3525.0,3525.0,3525.0,3525.0,1000,3525,0.2
2013/12/04,3540.0,3540.0,3540.0,3540.0,3000,3540,0.2
2013/12/05,3465.0,3465.0,3465.0,3465.0,1000,3465,0.2
2013/12/09,3450.0,3460.0,3450.0,3450.0,4000,3450,0.2
2013/12/10,3460.0,3485.0,3460.0,3485.0,19000,3485,0.2
2013/12/12,3450.0,3455.0,3440.0,3440.0,9000,3440,0.2
2013/12/13,3460.0,3485.0,3460.0,3485.0,3000,3485,0.2
2013/12/16,3520.0,3520.0,3450.0,3450.0,9000,3450,0.2
2013/12/17,3470.0,3505.0,3465.0,3505.0,5000,3505,0.2
2013/12/18,3505.0,3505.0,3505.0,3505.0,5000,3505,0.2
2013/12/19,3500.0,3555.0,3500.0,3550.0,7000,3550,0.2
2013/12/20,3550.0,3550.0,3550.0,3550.0,12000,3550,0.2
2013/12/24,3550.0,3550.0,3550.0,3550.0,4000,3550,0.2
2013/12/25,3550.0,3550.0,3480.0,3480.0,7000,3480,0.2
2013/12/26,3680.0,3680.0,3680.0,3680.0,1000,3680,0.2
2013/12/30,3725.0,3725.0,3725.0,3725.0,1000,3725,0.2
2014/01/06,3670.0,3670.0,3670.0,3670.0,1000,3670,0.2
2014/01/08,3700.0,3700.0,3700.0,3700.0,1000,3700,0.2
2014/01/14,3775.0,3775.0,3775.0,3775.0,1000,3775,0.2
2014/01/22,3760.0,3760.0,3760.0,3760.0,1000,3760,0.2
2014/01/23,3760.0,3760.0,3750.0,3750.0,3000,3750,0.2
2014/01/27,3565.0,3625.0,3540.0,3580.0,13000,3580,0.2
2014/01/28,3650.0,3820.0,3650.0,3750.0,7000,3750,0.2
2014/01/29,3775.0,3825.0,3775.0,3825.0,2000,3825,0.2
2014/01/31,3825.0,3825.0,3825.0,3825.0,3000,3825,0.2
2014/02/04,3665.0,3700.0,3560.0,3700.0,9000,3700,0.2
2014/02/05,3750.0,3750.0,3750.0,3750.0,1000,3750,0.2
2014/02/07,3800.0,3800.0,3800.0,3800.0,3000,3800,0.2
2014/02/10,3950.0,3950.0,3950.0,3950.0,2000,3950,0.2
2014/02/14,3875.0,3875.0,3875.0,3875.0,1000,3875,0.2
2014/02/26,3750.0,3750.0,3750.0,3750.0,1000,3750,0.2
2014/02/28,3845.0,3845.0,3845.0,3845.0,2000,3845,0.2
2014/03/04,3695.0,3695.0,3670.0,3670.0,2000,3670,0.2
2014/03/05,3800.0,3800.0,3800.0,3800.0,1000,3800,0.2
2014/03/06,3800.0,3800.0,3800.0,3800.0,1000,3800,0.2
2014/03/14,3700.0,3700.0,3700.0,3700.0,1000,3700,0.2
2014/03/20,3700.0,3700.0,3670.0,3670.0,2000,3670,0.2
2014/03/24,3665.0,3665.0,3665.0,3665.0,1000,3665,0.2
2014/03/27,3630.0,3630.0,3630.0,3630.0,1000,3630,0.2
2014/03/28,3650.0,3650.0,3650.0,3650.0,1000,3650,0.2
2014/04/03,3600.0,3600.0,3600.0,3600.0,1000,3600,0.2
2014/04/07,3675.0,3675.0,3675.0,3675.0,1000,3675,0.2
2014/04/09,3600.0,3600.0,3600.0,3600.0,1000,3600,0.2
2014/04/11,3530.0,3600.0,3530.0,3600.0,3000,3600,0.2
2014/04/14,3645.0,3645.0,3600.0,3640.0,3000,3640,0.2
2014/04/15,3645.0,3645.0,3645.0,3645.0,1000,3645,0.2
2014/04/16,3610.0,3610.0,3610.0,3610.0,2000,3610,0.2
2014/04/18,3685.0,3685.0,3685.0,3685.0,1000,3685,0.2
2014/04/23,3670.0,3670.0,3670.0,3670.0,1000,3670,0.2
2014/04/24,3615.0,3615.0,3615.0,3615.0,1000,3615,0.2
2014/05/01,3650.0,3650.0,3650.0,3650.0,1000,3650,0.2
2014/05/08,3645.0,3645.0,3575.0,3575.0,3000,3575,0.2
2014/05/09,3575.0,3575.0,3575.0,3575.0,1000,3575,0.2
2014/05/13,3580.0,3645.0,3575.0,3575.0,6000,3575,0.2
2014/05/15,3650.0,3650.0,3650.0,3650.0,1000,3650,0.2
2014/05/16,3675.0,3675.0,3675.0,3675.0,1000,3675,0.2
2014/05/20,3590.0,3590.0,3565.0,3565.0,2000,3565,0.2
2014/05/22,3605.0,3605.0,3605.0,3605.0,1000,3605,0.2
2014/05/26,3640.0,3690.0,3640.0,3690.0,2000,3690,0.2
2014/05/27,3700.0,3700.0,3700.0,3700.0,6000,3700,0.2
2014/05/28,3695.0,3705.0,3695.0,3705.0,2000,3705,0.2
2014/05/29,3720.0,3750.0,3720.0,3750.0,10000,3750,0.2
2014/06/13,3750.0,3750.0,3750.0,3750.0,1000,3750,0.2
2014/06/16,3725.0,3725.0,3725.0,3725.0,1000,3725,0.2
2014/06/20,3660.0,3660.0,3660.0,3660.0,2000,3660,0.2
2014/06/23,3680.0,3680.0,3680.0,3680.0,1000,3680,0.2
2014/06/27,3680.0,3680.0,3680.0,3680.0,5000,3680,0.2
2014/06/30,3700.0,3750.0,3700.0,3750.0,2000,3750,0.2
2014/07/08,3690.0,3765.0,3690.0,3765.0,2000,3765,0.2
2014/07/14,3750.0,3750.0,3750.0,3750.0,2000,3750,0.2
2014/07/22,3750.0,3750.0,3750.0,3750.0,1000,3750,0.2
2014/07/23,3750.0,3780.0,3750.0,3780.0,3000,3780,0.2
2014/07/24,3785.0,4150.0,3785.0,4150.0,9000,4150,0.2
2014/07/25,4075.0,4150.0,4075.0,4075.0,5000,4075,0.2
2014/07/28,4060.0,4150.0,4060.0,4150.0,5000,4150,0.2
2014/07/29,4150.0,4150.0,4075.0,4075.0,3000,4075,0.2
2014/07/30,4100.0,4140.0,4100.0,4140.0,2000,4140,0.2
2014/08/14,3900.0,4025.0,3900.0,4025.0,3000,4025,0.2
2014/08/25,4095.0,4095.0,4095.0,4095.0,1000,4095,0.2
2014/08/26,4020.0,4020.0,4020.0,4020.0,1000,4020,0.2
2014/08/28,4020.0,4020.0,4020.0,4020.0,3000,4020,0.2
2014/09/02,4020.0,4020.0,4020.0,4020.0,1000,4020,0.2
2014/09/10,3945.0,3945.0,3925.0,3940.0,3000,3940,0.2
2014/09/11,3935.0,3935.0,3935.0,3935.0,1000,3935,0.2
2014/09/18,3940.0,3940.0,3915.0,3915.0,3000,3915,0.2
2014/09/29,3985.0,3985.0,3985.0,3985.0,3000,3985,0.2
2014/09/30,3980.0,3980.0,3980.0,3980.0,2000,3980,0.2
2014/10/01,4025.0,4025.0,4025.0,4025.0,1000,4025,0.2
2014/10/02,4060.0,4060.0,4060.0,4060.0,6000,4060,0.2
2014/10/03,4040.0,4040.0,4040.0,4040.0,1000,4040,0.2
2014/10/08,3995.0,3995.0,3995.0,3995.0,2000,3995,0.2
2014/10/09,4000.0,4000.0,4000.0,4000.0,1000,4000,0.2
2014/10/14,3850.0,3850.0,3800.0,3800.0,13000,3800,0.2
2014/10/15,3800.0,3950.0,3800.0,3950.0,3000,3950,0.2
2014/10/16,3825.0,3825.0,3795.0,3800.0,6000,3800,0.2
2014/10/20,3825.0,3875.0,3825.0,3875.0,2000,3875,0.2
2014/10/21,3900.0,3900.0,3900.0,3900.0,1000,3900,0.2
2014/10/28,3900.0,3900.0,3900.0,3900.0,1000,3900,0.2
2014/10/31,3900.0,3900.0,3900.0,3900.0,2000,3900,0.2
2014/11/04,4005.0,4080.0,4005.0,4005.0,7000,4005,0.2
2014/11/05,3950.0,4000.0,3950.0,4000.0,2000,4000,0.2
2014/11/11,3875.0,3875.0,3875.0,3875.0,1000,3875,0.2
2014/11/12,3890.0,3890.0,3890.0,3890.0,1000,3890,0.2
2014/11/14,3950.0,3950.0,3950.0,3950.0,1000,3950,0.2
2014/11/17,4000.0,4005.0,4000.0,4000.0,8000,4000,0.2
2014/11/21,4050.0,4050.0,4050.0,4050.0,1000,4050,0.2
2014/11/26,3975.0,4000.0,3975.0,4000.0,3000,4000,0.2
2014/12/01,4000.0,4025.0,4000.0,4025.0,2000,4025,0.2
2014/12/02,4025.0,4025.0,4025.0,4025.0,2000,4025,0.2
2014/12/03,4065.0,4065.0,4065.0,4065.0,2000,4065,0.2
2014/12/08,4025.0,4025.0,3895.0,3895.0,3000,3895,0.2
2014/12/09,3900.0,3900.0,3890.0,3890.0,4000,3890,0.2
2014/12/10,3890.0,3890.0,3890.0,3890.0,1000,3890,0.2
2014/12/11,3855.0,3855.0,3855.0,3855.0,1000,3855,0.2
2014/12/19,3925.0,3975.0,3925.0,3940.0,10000,3940,0.2
2014/12/26,3890.0,3890.0,3890.0,3890.0,1000,3890,0.2
2014/12/29,3850.0,3850.0,3850.0,3850.0,1000,3850,0.2
2014/12/30,3910.0,3910.0,3860.0,3860.0,2000,3860,0.2
2015/01/08,3920.0,3955.0,3920.0,3955.0,2000,3955,0.2
2015/01/14,3960.0,3960.0,3960.0,3960.0,1000,3960,0.2
2015/01/16,3960.0,3960.0,3960.0,3960.0,1000,3960,0.2
2015/01/21,3900.0,3900.0,3900.0,3900.0,1000,3900,0.2
2015/01/22,3825.0,3825.0,3825.0,3825.0,1000,3825,0.2
2015/01/26,3835.0,3835.0,3835.0,3835.0,2000,3835,0.2
2015/01/27,3775.0,3815.0,3775.0,3815.0,3000,3815,0.2
2015/01/28,3890.0,3890.0,3890.0,3890.0,1000,3890,0.2
2015/01/30,3895.0,3895.0,3895.0,3895.0,1000,3895,0.2
2015/02/03,3825.0,3825.0,3825.0,3825.0,1000,3825,0.2
2015/02/04,3845.0,3850.0,3845.0,3850.0,4000,3850,0.2
2015/02/05,3850.0,3900.0,3850.0,3900.0,5000,3900,0.2
2015/02/12,3900.0,3950.0,3900.0,3950.0,2000,3950,0.2
2015/02/18,3875.0,3910.0,3875.0,3910.0,2000,3910,0.2
2015/02/19,3870.0,3945.0,3855.0,3900.0,7000,3900,0.2
2015/02/20,3910.0,4095.0,3905.0,4025.0,14000,4025,0.2
2015/02/23,3950.0,4020.0,3950.0,4020.0,5000,4020,0.2
2015/02/24,4095.0,4575.0,4095.0,4510.0,21000,4510,0.2
2015/02/25,4500.0,4625.0,4500.0,4600.0,8000,4600,0.2
2015/02/26,4675.0,4675.0,4600.0,4600.0,10000,4600,0.2
2015/02/27,4650.0,4650.0,4650.0,4650.0,1000,4650,0.2
2015/03/03,4450.0,4450.0,4440.0,4440.0,2000,4440,0.2
2015/03/04,4290.0,4440.0,4290.0,4440.0,2000,4440,0.2
2015/03/06,4350.0,4350.0,4350.0,4350.0,4000,4350,0.2
2015/03/13,4650.0,4650.0,4275.0,4600.0,5000,4600,0.2
2015/03/17,4550.0,4550.0,4550.0,4550.0,1000,4550,0.2
2015/03/20,4550.0,4550.0,4550.0,4550.0,1000,4550,0.2
2015/03/23,4575.0,4700.0,4550.0,4700.0,3000,4700,0.2
2015/03/24,4700.0,4700.0,4700.0,4700.0,1000,4700,0.2
2015/03/25,4750.0,4750.0,4750.0,4750.0,4000,4750,0.2
2015/03/30,4415.0,4490.0,4415.0,4490.0,2000,4490,0.2
2015/03/31,4555.0,4555.0,4555.0,4555.0,1000,4555,0.2
2015/04/01,4465.0,4500.0,4465.0,4500.0,2000,4500,0.2
2015/04/02,4505.0,4580.0,4505.0,4580.0,2000,4580,0.2
2015/04/10,4625.0,4650.0,4625.0,4625.0,3000,4625,0.2
2015/04/13,4600.0,4600.0,4600.0,4600.0,1000,4600,0.2
2015/04/16,4525.0,4570.0,4400.0,4450.0,9000,4450,0.2
2015/04/17,4460.0,4460.0,4425.0,4425.0,3000,4425,0.2
2015/04/27,4450.0,4450.0,4450.0,4450.0,1000,4450,0.2
2015/05/15,4500.0,4545.0,4500.0,4545.0,2000,4545,0.2
2015/05/26,4420.0,4520.0,4370.0,4520.0,9000,4520,0.2
2015/06/03,4520.0,4520.0,4520.0,4520.0,2000,4520,0.2
2015/06/12,4520.0,4520.0,4520.0,4520.0,2000,4520,0.2
2015/06/16,4520.0,4520.0,4435.0,4435.0,3000,4435,0.2
2015/07/01,4500.0,4500.0,4500.0,4500.0,1000,4500,0.2
2015/07/02,4350.0,4485.0,4350.0,4430.0,14000,4430,0.2
2015/07/03,4425.0,4425.0,4425.0,4425.0,1000,4425,0.2
2015/07/06,4365.0,4365.0,4350.0,4350.0,5000,4350,0.2
2015/07/07,4390.0,4390.0,4390.0,4390.0,2000,4390,0.2
2015/07/08,4500.0,4500.0,4500.0,4500.0,5000,4500,0.2
2015/07/09,4400.0,4425.0,4390.0,4420.0,4000,4420,0.2
2015/07/10,4360.0,4360.0,4350.0,4350.0,26000,4350,0.2
2015/07/14,4365.0,4440.0,4365.0,4440.0,3000,4440,0.2
2015/07/15,4450.0,4450.0,4450.0,4450.0,2000,4450,0.2
2015/07/16,4485.0,4555.0,4485.0,4550.0,13000,4550,0.2
2015/07/17,4700.0,4740.0,4700.0,4740.0,2000,4740,0.2
2015/07/21,4740.0,4850.0,4740.0,4850.0,4000,4850,0.2
2015/07/30,4800.0,4800.0,4800.0,4800.0,3000,4800,0.2
2015/07/31,4575.0,4725.0,4575.0,4725.0,2000,4725,0.2
2015/08/04,4625.0,4625.0,4625.0,4625.0,1000,4625,0.2
2015/08/05,4695.0,4695.0,4695.0,4695.0,1000,4695,0.2
2015/08/10,4505.0,4505.0,4500.0,4500.0,4000,4500,0.2
2015/08/11,4500.0,4510.0,4500.0,4510.0,3000,4510,0.2
2015/08/12,4510.0,4510.0,4450.0,4450.0,4000,4450,0.2
2015/08/14,4445.0,4445.0,4445.0,4445.0,1000,4445,0.2
2015/08/17,4500.0,4500.0,4500.0,4500.0,2000,4500,0.2
2015/08/18,4500.0,4500.0,4500.0,4500.0,1000,4500,0.2
2015/08/19,4445.0,4485.0,4440.0,4485.0,4000,4485,0.2
2015/08/20,4425.0,4475.0,4425.0,4475.0,2000,4475,0.2
2015/08/21,4350.0,4425.0,4350.0,4365.0,5000,4365,0.2
2015/08/24,4290.0,4290.0,4290.0,4290.0,1000,4290,0.2
2015/08/25,4215.0,4255.0,4215.0,4255.0,5000,4255,0.2
2015/08/27,4200.0,4210.0,4200.0,4210.0,4000,4210,0.2
2015/08/28,4260.0,4285.0,4260.0,4285.0,3000,4285,0.2
2015/09/02,4285.0,4285.0,4210.0,4210.0,3000,4210,0.2
2015/09/03,4245.0,4245.0,4245.0,4245.0,2000,4245,0.2
2015/09/04,4200.0,4200.0,4200.0,4200.0,1000,4200,0.2
2015/09/09,4200.0,4200.0,4200.0,4200.0,1000,4200,0.2
2015/09/16,4125.0,4125.0,4125.0,4125.0,2000,4125,0.2
2015/09/17,4050.0,4125.0,4050.0,4065.0,8000,4065,0.2
2015/09/24,4050.0,4050.0,4025.0,4025.0,4000,4025,0.2
2015/09/25,4075.0,4075.0,4075.0,4075.0,1000,4075,0.2
2015/09/28,4095.0,4095.0,4095.0,4095.0,1000,4095,0.2
2015/09/29,4005.0,4005.0,3985.0,3990.0,6000,3990,0.2
2015/09/30,3990.0,4005.0,3990.0,4005.0,2000,4005,0.2
2015/10/01,3985.0,4010.0,3985.0,4010.0,2000,4010,0.2
2015/10/05,4085.0,4085.0,4085.0,4085.0,1000,4085,0.2
2015/10/06,4095.0,4100.0,4095.0,4100.0,3000,4100,0.2
2015/10/09,4100.0,4100.0,4100.0,4100.0,1000,4100,0.2
2015/10/14,4085.0,4085.0,4025.0,4025.0,2000,4025,0.2
2015/10/16,4045.0,4045.0,4045.0,4045.0,1000,4045,0.2
2015/10/20,3985.0,4060.0,3985.0,4060.0,8000,4060,0.2
2015/10/21,4095.0,4145.0,4060.0,4060.0,7000,4060,0.2
2015/10/23,4060.0,4095.0,4060.0,4095.0,3000,4095,0.2
2015/10/26,4105.0,4110.0,4105.0,4105.0,3000,4105,0.2
2015/10/27,4105.0,4105.0,4060.0,4060.0,5000,4060,0.2
2015/10/29,4100.0,4100.0,4100.0,4100.0,1000,4100,0.2
2015/10/30,4090.0,4090.0,4065.0,4080.0,5000,4080,0.2
2015/11/02,4060.0,4065.0,4060.0,4065.0,6000,4065,0.2
2015/11/05,4055.0,4055.0,4050.0,4050.0,2000,4050,0.2
2015/11/06,4055.0,4055.0,4055.0,4055.0,1000,4055,0.2
2015/11/09,4195.0,4195.0,4195.0,4195.0,1000,4195,0.2
2015/11/11,4195.0,4195.0,4195.0,4195.0,1000,4195,0.2
2015/11/12,4225.0,4225.0,4225.0,4225.0,1000,4225,0.2
2015/11/13,4200.0,4200.0,4125.0,4200.0,7000,4200,0.2
2015/11/16,4175.0,4200.0,4175.0,4200.0,3000,4200,0.2
2015/11/19,4175.0,4175.0,4175.0,4175.0,2000,4175,0.2
2015/11/20,4195.0,4195.0,4195.0,4195.0,1000,4195,0.2
2015/11/24,4195.0,4195.0,4195.0,4195.0,2000,4195,0.2
2015/11/25,4200.0,4200.0,4200.0,4200.0,1000,4200,0.2
2015/11/26,4225.0,4225.0,4225.0,4225.0,2000,4225,0.2
2015/11/27,4205.0,4210.0,4205.0,4210.0,5000,4210,0.2
2015/12/01,4210.0,4210.0,4210.0,4210.0,1000,4210,0.2
2015/12/03,4170.0,4170.0,4170.0,4170.0,1000,4170,0.2
2015/12/04,4225.0,4225.0,4170.0,4170.0,2000,4170,0.2
2015/12/08,4175.0,4175.0,4175.0,4175.0,1000,4175,0.2
2015/12/10,4165.0,4165.0,4160.0,4160.0,26000,4160,0.2
2015/12/15,4140.0,4140.0,4125.0,4125.0,2000,4125,0.2
2015/12/22,4075.0,4075.0,4075.0,4075.0,1000,4075,0.2
2015/12/24,4150.0,4150.0,4150.0,4150.0,3000,4150,0.2
2015/12/25,4215.0,4215.0,4090.0,4090.0,4000,4090,0.2
2015/12/28,4220.0,4220.0,4155.0,4155.0,3000,4155,0.2
2015/12/29,4155.0,4165.0,4110.0,4165.0,5000,4165,0.2
2015/12/30,4165.0,4170.0,4165.0,4170.0,2000,4170,0.2
2016/01/04,4170.0,4170.0,4170.0,4170.0,1000,4170,0.2
2016/01/05,4170.0,4170.0,4170.0,4170.0,1000,4170,0.2
2016/01/12,4095.0,4095.0,4040.0,4050.0,7000,4050,0.2
2016/01/13,4050.0,4095.0,4050.0,4095.0,6000,4095,0.2
2016/01/14,4035.0,4035.0,4035.0,4035.0,1000,4035,0.2
2016/01/15,4025.0,4050.0,4025.0,4050.0,2000,4050,0.2
2016/01/18,4000.0,4000.0,4000.0,4000.0,5000,4000,0.2
2016/01/28,3980.0,3980.0,3925.0,3925.0,5000,3925,0.2
2016/02/01,4000.0,4075.0,4000.0,4075.0,4000,4075,0.2
2016/02/02,4025.0,4075.0,4025.0,4075.0,2000,4075,0.2
2016/02/03,4015.0,4085.0,4005.0,4085.0,6000,4085,0.2
2016/02/09,4010.0,4010.0,4000.0,4000.0,2000,4000,0.2
2016/02/10,4000.0,4000.0,3880.0,3880.0,5000,3880,0.2
2016/02/12,3755.0,3775.0,3755.0,3775.0,2000,3775,0.2
2016/02/15,3740.0,3850.0,3740.0,3850.0,4000,3850,0.2
2016/02/16,3900.0,4050.0,3900.0,4045.0,6000,4045,0.2
2016/02/17,4000.0,4000.0,4000.0,4000.0,1000,4000,0.2
2016/02/22,3925.0,3990.0,3925.0,3990.0,3000,3990,0.2
2016/02/23,3990.0,3990.0,3990.0,3990.0,1000,3990,0.2
2016/03/02,4045.0,4045.0,4045.0,4045.0,2000,4045,0.2
2016/03/08,4095.0,4095.0,4095.0,4095.0,1000,4095,0.2
2016/03/09,4075.0,4075.0,4075.0,4075.0,1000,4075,0.2
2016/03/11,4090.0,4090.0,4090.0,4090.0,1000,4090,0.2
2016/03/14,4095.0,4095.0,4095.0,4095.0,1000,4095,0.2
2016/03/22,4100.0,4100.0,4100.0,4100.0,2000,4100,0.2
2016/03/25,4120.0,4120.0,4120.0,4120.0,1000,4120,0.2
2016/03/28,4120.0,4125.0,4020.0,4020.0,4000,4020,0.2
2016/03/29,4020.0,4020.0,4020.0,4020.0,1000,4020,0.2
2016/04/01,4120.0,4120.0,4120.0,4120.0,1000,4120,0.2
2016/04/08,4000.0,4020.0,3980.0,4020.0,3000,4020,0.2
2016/04/20,4025.0,4025.0,4025.0,4025.0,2000,4025,0.2
2016/04/21,4030.0,4030.0,4030.0,4030.0,1000,4030,0.2
2016/04/25,4030.0,4125.0,4030.0,4125.0,4000,4125,0.2
2016/04/26,4125.0,4125.0,4125.0,4125.0,3000,4125,0.2
2016/04/28,4125.0,4125.0,4125.0,4125.0,1000,4125,0.2
2016/05/13,4050.0,4050.0,4050.0,4050.0,1000,4050,0.2
2016/05/23,3925.0,4000.0,3895.0,3990.0,8000,3990,0.2
2016/05/30,3985.0,3985.0,3945.0,3945.0,10000,3945,0.2
2016/06/03,3905.0,3905.0,3905.0,3905.0,1000,3905,0.2
2016/06/10,3925.0,3925.0,3925.0,3925.0,1000,3925,0.2
2016/06/14,3910.0,3910.0,3910.0,3910.0,4000,3910,0.2
2016/06/15,3905.0,3910.0,3905.0,3910.0,2000,3910,0.2
2016/06/16,3900.0,3900.0,3900.0,3900.0,1000,3900,0.2
2016/06/17,3900.0,3900.0,3900.0,3900.0,1000,3900,0.2
2016/06/24,3775.0,3775.0,3775.0,3775.0,4000,3775,0.2
2016/06/27,3800.0,3800.0,3800.0,3800.0,1000,3800,0.2
2016/06/28,3750.0,3750.0,3730.0,3730.0,4000,3730,0.2
2016/06/29,3755.0,3755.0,3755.0,3755.0,1000,3755,0.2
2016/06/30,3825.0,3825.0,3825.0,3825.0,1000,3825,0.2
2016/07/05,3825.0,3825.0,3825.0,3825.0,1000,3825,0.2
2016/07/06,3765.0,3765.0,3765.0,3765.0,1000,3765,0.2
2016/07/08,3725.0,3725.0,3700.0,3700.0,4000,3700,0.2
2016/07/11,3760.0,3765.0,3760.0,3765.0,2000,3765,0.2
2016/07/12,3780.0,3805.0,3730.0,3805.0,5000,3805,0.2
2016/07/13,3810.0,3810.0,3810.0,3810.0,1000,3810,0.2
2016/07/22,3850.0,3920.0,3850.0,3920.0,7000,3920,0.2
2016/07/26,3915.0,4040.0,3915.0,4040.0,12000,4040,0.2
2016/07/27,3895.0,3895.0,3895.0,3895.0,1000,3895,0.2
2016/07/28,3970.0,3975.0,3970.0,3975.0,2000,3975,0.2
2016/07/29,4085.0,4085.0,4020.0,4050.0,13000,4050,0.2
2016/08/01,4060.0,4060.0,4055.0,4055.0,2000,4055,0.2
2016/08/02,4000.0,4060.0,4000.0,4055.0,8000,4055,0.2
2016/08/03,4005.0,4005.0,4005.0,4005.0,1000,4005,0.2
2016/08/10,4035.0,4035.0,4005.0,4005.0,8000,4005,0.2
2016/08/17,4005.0,4005.0,4000.0,4005.0,4000,4005,0.2
2016/08/24,4005.0,4005.0,4005.0,4005.0,1000,4005,0.2
2016/08/31,4005.0,4005.0,4005.0,4005.0,1000,4005,0.2
2016/09/02,4035.0,4040.0,4035.0,4040.0,3000,4040,0.2
2016/09/07,4050.0,4050.0,4050.0,4050.0,2000,4050,0.2
2016/09/09,4010.0,4010.0,4010.0,4010.0,1000,4010,0.2
2016/09/12,4005.0,4085.0,4005.0,4035.0,4000,4035,0.2
2016/09/20,4000.0,4000.0,4000.0,4000.0,1000,4000,0.2
2016/09/23,4000.0,4000.0,4000.0,4000.0,2000,4000,0.2
2016/09/27,3955.0,3955.0,3955.0,3955.0,1000,3955,0.2
2016/09/29,3955.0,3955.0,3955.0,3955.0,1000,3955,0.2
2016/10/05,4000.0,4000.0,4000.0,4000.0,1000,4000,0.2
2016/10/17,4020.0,4020.0,4020.0,4020.0,1000,4020,0.2
2016/10/27,4020.0,4020.0,4020.0,4020.0,1000,4020,0.2
2016/11/09,3970.0,3970.0,3905.0,3905.0,2000,3905,0.2
2016/11/10,4020.0,4020.0,4020.0,4020.0,1000,4020,0.2
2016/11/11,4030.0,4030.0,4030.0,4030.0,1000,4030,0.2
2016/11/24,4000.0,4000.0,4000.0,4000.0,3000,4000,0.2
2016/11/25,4005.0,4015.0,4005.0,4015.0,2000,4015,0.2
2016/11/28,4015.0,4035.0,4015.0,4035.0,5000,4035,0.2
2016/11/30,4035.0,4045.0,4035.0,4045.0,3000,4045,0.2
2016/12/01,4045.0,4125.0,4045.0,4125.0,9000,4125,0.2
2016/12/05,4195.0,4195.0,4195.0,4195.0,1000,4195,0.2
2016/12/09,4150.0,4150.0,4150.0,4150.0,1000,4150,0.2
2016/12/12,4215.0,4215.0,4215.0,4215.0,1000,4215,0.2
2016/12/28,4190.0,4200.0,4190.0,4200.0,3000,4200,0.2
2017/01/05,4165.0,4200.0,4165.0,4200.0,5000,4200,0.2
2017/01/10,4200.0,4285.0,4200.0,4285.0,7000,4285,0.2
2017/01/11,4285.0,4300.0,4260.0,4260.0,5000,4260,0.2
2017/01/12,4220.0,4220.0,4220.0,4220.0,1000,4220,0.2
2017/01/17,4240.0,4240.0,4230.0,4230.0,3000,4230,0.2
2017/01/19,4230.0,4235.0,4230.0,4235.0,15000,4235,0.2
2017/01/23,4250.0,4260.0,4235.0,4260.0,3000,4260,0.2
2017/01/24,4230.0,4230.0,4230.0,4230.0,1000,4230,0.2
2017/01/25,4250.0,4250.0,4250.0,4250.0,1000,4250,0.2
2017/01/26,4265.0,4265.0,4265.0,4265.0,1000,4265,0.2
2017/01/30,4245.0,4275.0,4245.0,4275.0,4000,4275,0.2
2017/02/01,4315.0,4315.0,4315.0,4315.0,3000,4315,0.2
2017/02/02,4320.0,4320.0,4320.0,4320.0,1000,4320,0.2
2017/02/08,4255.0,4275.0,4250.0,4275.0,4000,4275,0.2
2017/02/10,4200.0,4200.0,4120.0,4120.0,6000,4120,0.2
2017/02/13,4195.0,4225.0,4195.0,4225.0,2000,4225,0.2
2017/02/16,4225.0,4225.0,4205.0,4205.0,2000,4205,0.2
2017/02/27,4285.0,4285.0,4285.0,4285.0,1000,4285,0.2
2017/03/01,4295.0,4295.0,4295.0,4295.0,2000,4295,0.2
2017/03/06,4235.0,4235.0,4235.0,4235.0,1000,4235,0.2
2017/03/08,4295.0,4295.0,4295.0,4295.0,1000,4295,0.2
2017/03/09,4300.0,4300.0,4300.0,4300.0,1000,4300,0.2
2017/03/13,4300.0,4300.0,4300.0,4300.0,1000,4300,0.2
2017/03/14,4320.0,4320.0,4320.0,4320.0,1000,4320,0.2
2017/03/17,4315.0,4315.0,4295.0,4295.0,4000,4295,0.2
2017/03/21,4315.0,4315.0,4315.0,4315.0,1000,4315,0.2
2017/03/22,4260.0,4260.0,4260.0,4260.0,1000,4260,0.2
2017/03/23,4260.0,4260.0,4260.0,4260.0,1000,4260,0.2
2017/03/24,4260.0,4275.0,4260.0,4275.0,3000,4275,0.2
2017/03/27,4250.0,4250.0,4250.0,4250.0,2000,4250,0.2
2017/03/30,4185.0,4185.0,4185.0,4185.0,1000,4185,0.2
2017/04/04,4250.0,4250.0,4250.0,4250.0,1000,4250,0.2
2017/04/06,4205.0,4205.0,4165.0,4165.0,8000,4165,0.2
2017/04/07,4150.0,4150.0,4150.0,4150.0,1000,4150,0.2
2017/04/11,4150.0,4190.0,4150.0,4190.0,2000,4190,0.2
2017/04/12,4120.0,4120.0,4035.0,4060.0,16000,4060,0.2
2017/04/13,4025.0,4080.0,4025.0,4080.0,6000,4080,0.2
2017/04/14,4035.0,4080.0,4035.0,4080.0,3000,4080,0.2
2017/04/17,4080.0,4080.0,4045.0,4045.0,2000,4045,0.2
2017/04/18,4120.0,4120.0,4120.0,4120.0,1000,4120,0.2
2017/04/21,4120.0,4120.0,4120.0,4120.0,1000,4120,0.2
2017/04/24,4065.0,4065.0,4065.0,4065.0,1000,4065,0.2
2017/04/26,4095.0,4100.0,4095.0,4100.0,2000,4100,0.2
2017/04/28,4125.0,4125.0,4100.0,4100.0,2000,4100,0.2
2017/05/01,4100.0,4100.0,4100.0,4100.0,1000,4100,0.2
2017/05/02,4100.0,4100.0,4100.0,4100.0,1000,4100,0.2
2017/05/08,4175.0,4190.0,4175.0,4190.0,7000,4190,0.2
2017/05/10,4195.0,4200.0,4195.0,4200.0,8000,4200,0.2
2017/05/12,4200.0,4240.0,4195.0,4240.0,4000,4240,0.2
2017/05/15,4275.0,4275.0,4275.0,4275.0,2000,4275,0.2
2017/05/16,4300.0,4300.0,4240.0,4240.0,2000,4240,0.2
2017/05/24,4250.0,4250.0,4250.0,4250.0,4000,4250,0.2
2017/05/30,4250.0,4250.0,4250.0,4250.0,1000,4250,0.2
2017/06/08,4240.0,4240.0,4240.0,4240.0,2000,4240,0.2
2017/06/09,4185.0,4195.0,4150.0,4170.0,58000,4170,0.2
2017/06/12,4175.0,4190.0,4175.0,4190.0,4000,4190,0.2
2017/06/14,4215.0,4245.0,4215.0,4245.0,4000,4245,0.2
2017/06/15,4275.0,4275.0,4275.0,4275.0,3000,4275,0.2
2017/06/16,4275.0,4275.0,4275.0,4275.0,6000,4275,0.2
2017/06/19,4300.0,4300.0,4300.0,4300.0,3000,4300,0.2
2017/06/20,4300.0,4300.0,4300.0,4300.0,1000,4300,0.2
2017/06/22,4250.0,4275.0,4250.0,4275.0,2000,4275,0.2
2017/06/23,4250.0,4250.0,4250.0,4250.0,2000,4250,0.2
2017/06/28,4300.0,4300.0,4300.0,4300.0,1000,4300,0.2
2017/06/30,4225.0,4225.0,4225.0,4225.0,1000,4225,0.2
2017/07/05,4285.0,4285.0,4285.0,4285.0,3000,4285,0.2
2017/07/06,4285.0,4300.0,4285.0,4300.0,2000,4300,0.2
2017/07/07,4300.0,4300.0,4250.0,4250.0,3000,4250,0.2
2017/07/12,4250.0,4250.0,4250.0,4250.0,1000,4250,0.2
2017/07/13,4255.0,4255.0,4255.0,4255.0,1000,4255,0.2
2017/07/18,4260.0,4320.0,4150.0,4320.0,18000,4320,0.2
2017/07/19,4275.0,4275.0,4275.0,4275.0,2000,4275,0.2
2017/07/24,4310.0,4310.0,4310.0,4310.0,26000,4310,0.2
2017/07/25,4400.0,4500.0,4395.0,4400.0,13000,4400,0.2
2017/07/26,4380.0,4500.0,4380.0,4425.0,11000,4425,0.2
2017/07/27,4440.0,4440.0,4440.0,4440.0,1000,4440,0.2
2017/07/31,4495.0,4495.0,4490.0,4490.0,2000,4490,0.2
2017/08/01,4440.0,4440.0,4440.0,4440.0,1000,4440,0.2
2017/08/02,4400.0,4400.0,4400.0,4400.0,1000,4400,0.2
2017/08/03,4495.0,4495.0,4495.0,4495.0,2000,4495,0.2
2017/08/04,4500.0,4500.0,4495.0,4495.0,2000,4495,0.2
2017/08/08,4430.0,4470.0,4430.0,4470.0,3000,4470,0.2
2017/08/10,4505.0,4700.0,4505.0,4700.0,7000,4700,0.2
2017/08/14,4550.0,4675.0,4550.0,4675.0,8000,4675,0.2
2017/08/15,4650.0,4650.0,4600.0,4600.0,2000,4600,0.2
2017/08/16,4600.0,4600.0,4600.0,4600.0,2000,4600,0.2
2017/08/17,4635.0,4635.0,4570.0,4570.0,4000,4570,0.2
2017/08/21,4520.0,4525.0,4505.0,4505.0,3000,4505,0.2
2017/08/22,4545.0,4545.0,4545.0,4545.0,1000,4545,0.2
2017/08/24,4515.0,4515.0,4515.0,4515.0,1000,4515,0.2
2017/08/25,4550.0,4575.0,4550.0,4575.0,3000,4575,0.2
2017/09/05,4510.0,4510.0,4510.0,4510.0,3000,4510,0.2
2017/09/06,4575.0,4575.0,4575.0,4575.0,2000,4575,0.2
2017/09/07,4575.0,4575.0,4575.0,4575.0,2000,4575,0.2
2017/09/08,4605.0,4605.0,4605.0,4605.0,1000,4605,0.2
2017/09/11,4535.0,4585.0,4535.0,4585.0,2000,4585,0.2
2017/09/19,4550.0,4550.0,4550.0,4550.0,1000,4550,0.2
2017/09/20,4600.0,4600.0,4600.0,4600.0,1000,4600,0.2
2017/09/21,4600.0,4600.0,4600.0,4600.0,1000,4600,0.2
2017/09/22,4550.0,4550.0,4550.0,4550.0,1000,4550,0.2
2017/09/25,4550.0,4570.0,4550.0,4570.0,4000,4570,0.2
2017/09/26,4575.0,4575.0,4575.0,4575.0,2000,4575,0.2
2017/09/27,4505,4550,4435,4550,700,4550,1
2017/09/28,4600,4600,4600,4600,100,4600,1
2017/10/03,4530,4580,4530,4580,300,4580,1
2017/10/05,4555,4555,4555,4555,100,4555,1
2017/10/06,4555,4555,4555,4555,100,4555,1
2017/10/10,4555,4560,4555,4560,600,4560,1
2017/10/17,4570,4750,4570,4750,2300,4750,1
2017/10/18,4770,4770,4770,4770,200,4770,1
2017/10/20,4800,4800,4800,4800,100,4800,1
2017/10/23,4820,4825,4820,4825,200,4825,1
2017/10/25,4805,4805,4800,4800,400,4800,1
2017/10/26,4795,4795,4795,4795,100,4795,1
2017/10/27,4845,4845,4845,4845,100,4845,1
2017/10/30,4855,4855,4855,4855,200,4855,1
2017/10/31,4855,4855,4800,4800,600,4800,1
2017/11/01,4850,4850,4850,4850,100,4850,1
2017/11/02,4825,4825,4825,4825,200,4825,1
2017/11/06,4895,4895,4895,4895,100,4895,1
2017/11/07,4910,4910,4910,4910,100,4910,1
2017/11/08,4840,4840,4840,4840,200,4840,1
2017/11/09,4880,4880,4810,4810,400,4810,1
2017/11/10,4800,4800,4800,4800,100,4800,1
2017/11/13,4815,4900,4815,4880,600,4880,1
2017/11/14,4900,4970,4900,4900,1700,4900,1
2017/11/15,4900,4900,4885,4885,300,4885,1
2017/11/22,5000,5000,5000,5000,100,5000,1
2017/11/24,5000,5000,4910,4910,500,4910,1
2017/11/27,4885,5010,4885,5000,600,5000,1
2017/11/28,5000,5010,5000,5010,400,5010,1
2017/11/30,5000,5000,5000,5000,100,5000,1
2017/12/05,5030,5130,5030,5080,500,5080,1
2017/12/07,5090,5130,5080,5130,800,5130,1
2017/12/08,5210,5210,5210,5210,300,5210,1
2017/12/11,5290,5290,5250,5250,500,5250,1
2017/12/14,5290,5310,5290,5310,400,5310,1
2017/12/15,5220,5220,5220,5220,100,5220,1
2017/12/18,5220,5220,5220,5220,100,5220,1
2017/12/20,5300,5310,5300,5310,600,5310,1
2017/12/21,5300,5300,5300,5300,100,5300,1
2017/12/22,5220,5220,5210,5210,700,5210,1
2017/12/25,5170,5170,5160,5160,300,5160,1
2017/12/27,5200,5200,5200,5200,100,5200,1
2017/12/28,5200,5200,5200,5200,100,5200,1
2017/12/29,5200,5200,5200,5200,400,5200,1
2018/01/04,5260,5260,5260,5260,300,5260,1
2018/01/05,5280,5280,5210,5210,300,5210,1
2018/01/09,5250,5250,5240,5240,300,5240,1
2018/01/11,5240,5240,5240,5240,200,5240,1
2018/01/12,5240,5300,5240,5300,1400,5300,1
2018/01/15,5350,5380,5350,5380,700,5380,1
2018/01/16,5380,5380,5380,5380,500,5380,1
2018/01/17,5380,5490,5380,5490,1200,5490,1
2018/01/18,5560,5900,5560,5790,1400,5790,1
2018/01/22,5790,5790,5590,5590,300,5590,1
2018/01/23,5890,6590,5890,6590,18800,6590,1
2018/01/24,6350,6500,6050,6320,13800,6320,1
2018/01/25,6350,6400,6200,6400,2600,6400,1
2018/01/26,6310,6320,6220,6310,800,6310,1
2018/01/29,6210,6250,6170,6250,1100,6250,1
2018/01/30,6150,6150,6100,6140,1300,6140,1
2018/01/31,6140,6160,6080,6110,1400,6110,1
2018/02/01,6110,6120,6110,6120,400,6120,1
2018/02/02,6100,6100,6090,6090,1300,6090,1
2018/02/05,5790,5900,5790,5890,5600,5890,1
2018/02/06,5770,5810,5610,5800,6300,5800,1
2018/02/07,5830,5980,5830,5850,4500,5850,1
2018/02/08,5900,5900,5810,5900,700,5900,1
2018/02/09,5760,5880,5760,5880,1000,5880,1
2018/02/13,5940,5940,5940,5940,500,5940,1
2018/02/14,5970,5990,5850,5900,1600,5900,1
2018/02/15,5910,6080,5910,6080,700,6080,1
2018/02/16,6080,6080,5980,6080,500,6080,1
2018/02/19,5980,6040,5980,6040,1300,6040,1
2018/02/20,6000,6000,5900,6000,300,6000,1
2018/02/21,6070,6070,5970,6000,1100,6000,1
2018/02/22,6000,6010,5990,6010,1200,6010,1
2018/02/23,6010,6010,6010,6010,200,6010,1
2018/02/26,6010,6080,6010,6080,300,6080,1
2018/02/27,6080,6080,6080,6080,100,6080,1
2018/02/28,6050,6080,5980,6020,600,6020,1
2018/03/01,5920,6010,5920,6000,500,6000,1
2018/03/02,6000,6180,6000,6180,1300,6180,1
2018/03/05,6050,6050,6010,6010,300,6010,1
2018/03/06,6110,6110,6110,6110,100,6110,1
2018/03/07,6110,6110,5990,5990,3700,5990,1
2018/03/08,6020,6040,6010,6010,500,6010,1
2018/03/09,6010,6050,6000,6000,3700,6000,1
2018/03/12,5980,5980,5800,5800,1100,5800,1
2018/03/13,5810,5810,5810,5810,400,5810,1
2018/03/14,5910,5910,5910,5910,100,5910,1
2018/03/19,5810,5820,5810,5810,300,5810,1
2018/03/20,5770,5810,5770,5810,1000,5810,1
2018/03/22,5810,5820,5810,5810,600,5810,1
2018/03/23,5770,5770,5770,5770,200,5770,1
2018/03/26,5850,5850,5850,5850,100,5850,1
2018/03/27,5750,5750,5750,5750,400,5750,1
2018/03/29,5910,5910,5910,5910,100,5910,1
2018/04/02,5910,5910,5910,5910,400,5910,1
2018/04/03,5900,5900,5900,5900,100,5900,1
2018/04/04,5880,5880,5880,5880,100,5880,1
2018/04/06,5780,5780,5640,5650,1800,5650,1
2018/04/13,5550,5600,5550,5600,200,5600,1
2018/04/16,5500,5500,5340,5340,700,5340,1
2018/04/17,5360,5360,5360,5360,200,5360,1
2018/04/18,5350,5350,5350,5350,100,5350,1
2018/04/20,5350,5360,5340,5360,300,5360,1
2018/04/23,5350,5350,5300,5300,300,5300,1
2018/04/24,5280,5310,5280,5310,200,5310,1
2018/04/26,5300,5300,5290,5290,400,5290,1
2018/04/27,5330,5330,5320,5320,300,5320,1
2018/05/01,5390,5390,5390,5390,100,5390,1
2018/05/07,5450,5450,5450,5450,100,5450,1
2018/05/08,5400,5400,5300,5300,800,5300,1
2018/05/09,5210,5220,5200,5200,1000,5200,1
2018/05/10,5130,5220,5130,5220,300,5220,1
2018/05/21,5220,5220,5220,5220,400,5220,1
2018/05/22,5240,5240,5240,5240,100,5240,1
2018/05/24,5220,5220,5220,5220,300,5220,1
2018/05/25,5220,5220,5220,5220,700,5220,1
2018/06/01,5330,5330,5330,5330,200,5330,1
2018/06/07,5330,5330,5230,5230,200,5230,1
2018/06/08,5230,5230,5230,5230,200,5230,1
2018/06/11,5250,5250,5220,5220,500,5220,1
2018/06/12,5230,5230,5130,5130,1900,5130,1
2018/06/14,5160,5170,5160,5160,500,5160,1
2018/06/18,5100,5100,5030,5030,300,5030,1
2018/06/19,5030,5030,4930,4930,1400,4930,1
2018/06/20,4900,4920,4900,4920,300,4920,1
2018/06/21,4920,5040,4920,5040,600,5040,1
2018/06/22,5040,5040,5000,5000,200,5000,1
2018/06/25,5050,5050,5050,5050,100,5050,1
2018/06/26,5040,5040,5040,5040,100,5040,1
2018/06/27,5050,5050,5040,5040,200,5040,1
2018/07/09,5000,5000,4995,4995,200,4995,1
2018/07/10,5000,5050,5000,5000,1000,5000,1
2018/07/12,5010,5010,5000,5000,200,5000,1
2018/07/13,5100,5100,5100,5100,100,5100,1
2018/07/18,5150,5250,5150,5150,400,5150,1
2018/07/19,5300,5400,5300,5330,600,5330,1
2018/07/20,5380,5380,5180,5260,600,5260,1
2018/07/23,5220,5250,5220,5250,400,5250,1
2018/07/24,5250,5250,5250,5250,100,5250,1
2018/07/25,5350,5350,5350,5350,200,5350,1
2018/07/26,5320,5320,5300,5300,500,5300,1
2018/07/27,5260,5260,5260,5260,100,5260,1
2018/07/30,5260,5260,5260,5260,100,5260,1
2018/07/31,5200,5200,5200,5200,300,5200,1
2018/08/01,5200,5200,5150,5150,200,5150,1
2018/08/02,5160,5160,5150,5150,200,5150,1
2018/08/06,5110,5110,5110,5110,100,5110,1
2018/08/07,5110,5110,5100,5100,700,5100,1
2018/08/08,5190,5190,5110,5110,200,5110,1
2018/08/09,5200,5200,5200,5200,300,5200,1
2018/08/10,5120,5120,5120,5120,200,5120,1
2018/08/14,5110,5120,5110,5120,300,5120,1
