2007/01/04,9020.0,9020.0,8920.0,8920.0,3000,8920,0.1
2007/01/05,8620.0,8800.0,8620.0,8660.0,3000,8660,0.1
2007/01/09,8700.0,8700.0,8700.0,8700.0,1000,8700,0.1
2007/01/11,8410.0,8610.0,8410.0,8610.0,2000,8610,0.1
2007/01/12,8700.0,8700.0,8700.0,8700.0,1000,8700,0.1
2007/01/16,8630.0,8630.0,8630.0,8630.0,2000,8630,0.1
2007/01/17,8660.0,8660.0,8660.0,8660.0,2000,8660,0.1
2007/01/18,8800.0,8900.0,8800.0,8820.0,4000,8820,0.1
2007/01/19,9020.0,9020.0,8520.0,8520.0,10000,8520,0.1
2007/01/22,8630.0,8650.0,8620.0,8650.0,3000,8650,0.1
2007/01/23,8950.0,8950.0,8750.0,8750.0,2000,8750,0.1
2007/01/25,8850.0,8850.0,8750.0,8750.0,2000,8750,0.1
2007/01/26,8650.0,8650.0,8650.0,8650.0,1000,8650,0.1
2007/01/30,9000.0,9000.0,8800.0,8800.0,2000,8800,0.1
2007/01/31,8750.0,8750.0,8750.0,8750.0,1000,8750,0.1
2007/02/01,8720.0,8720.0,8700.0,8700.0,2000,8700,0.1
2007/02/02,8710.0,8710.0,8710.0,8710.0,1000,8710,0.1
2007/02/05,8710.0,8710.0,8710.0,8710.0,1000,8710,0.1
2007/02/06,8710.0,8710.0,8710.0,8710.0,1000,8710,0.1
2007/02/09,8710.0,8720.0,8700.0,8720.0,3000,8720,0.1
2007/02/14,8900.0,8900.0,8900.0,8900.0,2000,8900,0.1
2007/02/19,8830.0,8890.0,8830.0,8880.0,4000,8880,0.1
2007/02/20,8790.0,8790.0,8790.0,8790.0,10000,8790,0.1
2007/02/21,8780.0,8780.0,8780.0,8780.0,1000,8780,0.1
2007/02/28,8750.0,8750.0,8750.0,8750.0,1000,8750,0.1
2007/03/06,8770.0,8770.0,8770.0,8770.0,2000,8770,0.1
2007/03/08,8850.0,8950.0,8850.0,8950.0,2000,8950,0.1
2007/03/12,8790.0,8870.0,8790.0,8870.0,3000,8870,0.1
2007/03/14,8720.0,8720.0,8720.0,8720.0,6000,8720,0.1
2007/03/15,8620.0,8820.0,8620.0,8820.0,3000,8820,0.1
2007/03/16,8750.0,8750.0,8750.0,8750.0,1000,8750,0.1
2007/03/19,8840.0,8840.0,8840.0,8840.0,1000,8840,0.1
2007/03/20,8840.0,8840.0,8840.0,8840.0,8000,8840,0.1
2007/03/22,8790.0,8790.0,8790.0,8790.0,1000,8790,0.1
2007/03/23,8790.0,8800.0,8790.0,8800.0,2000,8800,0.1
2007/03/26,8600.0,8700.0,8600.0,8700.0,3000,8700,0.1
2007/03/28,8350.0,8540.0,8350.0,8540.0,2000,8540,0.1
2007/03/30,8440.0,8440.0,8440.0,8440.0,1000,8440,0.1
2007/04/02,8550.0,8590.0,8540.0,8590.0,3000,8590,0.1
2007/04/03,8680.0,8680.0,8680.0,8680.0,1000,8680,0.1
2007/04/06,8450.0,8450.0,8450.0,8450.0,1000,8450,0.1
2007/04/09,8540.0,8540.0,8540.0,8540.0,1000,8540,0.1
2007/04/12,8400.0,8400.0,8400.0,8400.0,1000,8400,0.1
2007/04/13,8350.0,8350.0,8000.0,8000.0,11000,8000,0.1
2007/04/16,8000.0,8000.0,7800.0,7800.0,14000,7800,0.1
2007/04/17,7770.0,7870.0,7510.0,7510.0,13000,7510,0.1
2007/04/18,7600.0,7850.0,7550.0,7850.0,8000,7850,0.1
2007/04/19,7850.0,7850.0,7850.0,7850.0,1000,7850,0.1
2007/04/20,7650.0,7650.0,7650.0,7650.0,10000,7650,0.1
2007/04/23,7650.0,7650.0,7600.0,7600.0,2000,7600,0.1
2007/04/24,7520.0,7760.0,7520.0,7760.0,2000,7760,0.1
2007/04/25,7570.0,7650.0,7570.0,7650.0,8000,7650,0.1
2007/04/26,7550.0,7700.0,7550.0,7700.0,5000,7700,0.1
2007/05/01,7800.0,7850.0,7800.0,7850.0,2000,7850,0.1
2007/05/07,7550.0,7550.0,7550.0,7550.0,3000,7550,0.1
2007/05/08,7450.0,7620.0,7450.0,7620.0,10000,7620,0.1
2007/05/09,7690.0,7690.0,7690.0,7690.0,1000,7690,0.1
2007/05/10,7790.0,7790.0,7790.0,7790.0,1000,7790,0.1
2007/05/15,7580.0,7580.0,7580.0,7580.0,3000,7580,0.1
2007/05/17,7700.0,7780.0,7700.0,7780.0,2000,7780,0.1
2007/05/18,7800.0,7800.0,7550.0,7550.0,12000,7550,0.1
2007/05/21,7450.0,7450.0,7450.0,7450.0,2000,7450,0.1
2007/05/22,7300.0,7500.0,7300.0,7500.0,3000,7500,0.1
2007/05/23,7400.0,7500.0,7400.0,7500.0,3000,7500,0.1
2007/05/25,7400.0,7400.0,7300.0,7300.0,5000,7300,0.1
2007/05/28,7100.0,7100.0,7100.0,7100.0,3000,7100,0.1
2007/05/29,7300.0,7300.0,7300.0,7300.0,1000,7300,0.1
2007/05/30,7300.0,7350.0,7300.0,7350.0,2000,7350,0.1
2007/06/01,7200.0,7200.0,7200.0,7200.0,3000,7200,0.1
2007/06/07,7290.0,7290.0,7250.0,7250.0,2000,7250,0.1
2007/06/11,7450.0,7450.0,7450.0,7450.0,2000,7450,0.1
2007/06/12,7350.0,7350.0,7350.0,7350.0,1000,7350,0.1
2007/06/14,7300.0,7300.0,7300.0,7300.0,1000,7300,0.1
2007/06/15,7320.0,7320.0,7320.0,7320.0,1000,7320,0.1
2007/06/18,7400.0,7400.0,7400.0,7400.0,1000,7400,0.1
2007/06/19,7500.0,7600.0,7500.0,7600.0,5000,7600,0.1
2007/06/20,7690.0,7800.0,7690.0,7800.0,13000,7800,0.1
2007/06/28,8300.0,8300.0,8300.0,8300.0,6000,8300,0.1
2007/07/05,8280.0,8280.0,8280.0,8280.0,2000,8280,0.1
2007/07/06,8300.0,8300.0,8300.0,8300.0,1000,8300,0.1
2007/07/13,8300.0,8300.0,8300.0,8300.0,1000,8300,0.1
2007/07/17,8300.0,8300.0,8300.0,8300.0,2000,8300,0.1
2007/07/19,8320.0,8330.0,8130.0,8330.0,13000,8330,0.1
2007/07/20,8030.0,8200.0,8030.0,8200.0,13000,8200,0.1
2007/07/23,8010.0,8010.0,8010.0,8010.0,1000,8010,0.1
2007/07/24,7910.0,7910.0,7910.0,7910.0,2000,7910,0.1
2007/07/25,7910.0,7910.0,7910.0,7910.0,1000,7910,0.1
2007/08/03,7810.0,7810.0,7810.0,7810.0,1000,7810,0.1
2007/08/17,7820.0,7820.0,7720.0,7720.0,2000,7720,0.1
2007/08/20,7820.0,7900.0,7820.0,7900.0,11000,7900,0.1
2007/08/22,7190.0,7190.0,7190.0,7190.0,1000,7190,0.1
2007/08/23,7250.0,7250.0,7250.0,7250.0,1000,7250,0.1
2007/08/27,7500.0,7500.0,7500.0,7500.0,1000,7500,0.1
2007/08/28,7410.0,7450.0,7410.0,7450.0,2000,7450,0.1
2007/08/29,7400.0,7400.0,7110.0,7110.0,5000,7110,0.1
2007/08/30,7200.0,7200.0,7200.0,7200.0,1000,7200,0.1
2007/09/03,7450.0,7450.0,7350.0,7450.0,3000,7450,0.1
2007/09/04,7350.0,7350.0,7350.0,7350.0,1000,7350,0.1
2007/09/06,7340.0,7340.0,7340.0,7340.0,2000,7340,0.1
2007/09/13,7260.0,7260.0,7260.0,7260.0,1000,7260,0.1
2007/09/19,7610.0,7610.0,7610.0,7610.0,1000,7610,0.1
2007/09/20,8110.0,8110.0,8110.0,8110.0,9000,8110,0.1
2007/09/21,8110.0,8110.0,8110.0,8110.0,1000,8110,0.1
2007/10/02,7700.0,7700.0,7700.0,7700.0,1000,7700,0.1
2007/10/04,7500.0,7500.0,7500.0,7500.0,1000,7500,0.1
2007/10/05,7500.0,7500.0,7410.0,7410.0,2000,7410,0.1
2007/10/10,7510.0,7510.0,7510.0,7510.0,2000,7510,0.1
2007/10/15,7570.0,7570.0,7570.0,7570.0,1000,7570,0.1
2007/10/16,7710.0,7710.0,7670.0,7670.0,2000,7670,0.1
2007/10/17,7900.0,7900.0,7750.0,7750.0,2000,7750,0.1
2007/10/18,7850.0,7850.0,7800.0,7800.0,2000,7800,0.1
2007/10/19,8000.0,8000.0,8000.0,8000.0,8000,8000,0.1
2007/10/22,7240.0,7350.0,7240.0,7350.0,4000,7350,0.1
2007/10/23,7500.0,7500.0,7500.0,7500.0,1000,7500,0.1
2007/10/24,7330.0,7330.0,7330.0,7330.0,1000,7330,0.1
2007/10/26,7350.0,7350.0,7300.0,7300.0,2000,7300,0.1
2007/10/31,7600.0,7600.0,7600.0,7600.0,1000,7600,0.1
2007/11/01,7500.0,7500.0,7500.0,7500.0,1000,7500,0.1
2007/11/02,7490.0,7500.0,7490.0,7500.0,3000,7500,0.1
2007/11/06,7300.0,7490.0,7300.0,7490.0,2000,7490,0.1
2007/11/07,7500.0,7500.0,7500.0,7500.0,1000,7500,0.1
2007/11/08,7500.0,7500.0,7500.0,7500.0,1000,7500,0.1
2007/11/09,7460.0,7460.0,7460.0,7460.0,1000,7460,0.1
2007/11/12,7460.0,7460.0,7450.0,7450.0,5000,7450,0.1
2007/11/14,7410.0,7410.0,7410.0,7410.0,1000,7410,0.1
2007/11/16,7700.0,7700.0,7700.0,7700.0,1000,7700,0.1
2007/11/19,7700.0,7700.0,7700.0,7700.0,1000,7700,0.1
2007/11/20,8000.0,8000.0,8000.0,8000.0,8000,8000,0.1
2007/11/22,7890.0,7890.0,7890.0,7890.0,1000,7890,0.1
2007/11/28,7700.0,7700.0,7700.0,7700.0,1000,7700,0.1
2007/11/30,7410.0,7520.0,7410.0,7520.0,2000,7520,0.1
2007/12/03,7600.0,7610.0,7600.0,7610.0,2000,7610,0.1
2007/12/10,7610.0,7610.0,7610.0,7610.0,1000,7610,0.1
2007/12/11,7510.0,7510.0,7510.0,7510.0,2000,7510,0.1
2007/12/12,7520.0,7520.0,7520.0,7520.0,1000,7520,0.1
2007/12/14,7590.0,7600.0,7590.0,7600.0,4000,7600,0.1
2007/12/17,7660.0,7660.0,7600.0,7600.0,5000,7600,0.1
2007/12/18,7620.0,7620.0,7620.0,7620.0,1000,7620,0.1
2007/12/19,7610.0,7650.0,7610.0,7650.0,2000,7650,0.1
2007/12/20,7610.0,7610.0,7530.0,7530.0,9000,7530,0.1
2007/12/21,7520.0,7520.0,7520.0,7520.0,1000,7520,0.1
2007/12/28,7700.0,7700.0,7700.0,7700.0,7000,7700,0.1
2008/01/07,8000.0,8000.0,8000.0,8000.0,2000,8000,0.1
2008/01/10,7400.0,7400.0,7400.0,7400.0,1000,7400,0.1
2008/01/15,7500.0,7500.0,7500.0,7500.0,2000,7500,0.1
2008/01/16,7490.0,7490.0,7490.0,7490.0,1000,7490,0.1
2008/01/17,7500.0,7500.0,7320.0,7320.0,7000,7320,0.1
2008/01/18,7510.0,7900.0,7500.0,7900.0,17000,7900,0.1
2008/01/21,7500.0,7500.0,7500.0,7500.0,3000,7500,0.1
2008/01/23,7300.0,7300.0,7300.0,7300.0,1000,7300,0.1
2008/01/24,7300.0,7300.0,7300.0,7300.0,1000,7300,0.1
2008/01/25,7300.0,7300.0,7300.0,7300.0,2000,7300,0.1
2008/01/29,7100.0,7100.0,7100.0,7100.0,2000,7100,0.1
2008/01/30,7150.0,7150.0,7100.0,7100.0,5000,7100,0.1
2008/02/04,7100.0,7100.0,7100.0,7100.0,1000,7100,0.1
2008/02/06,7160.0,7160.0,7160.0,7160.0,1000,7160,0.1
2008/02/07,7360.0,7360.0,7360.0,7360.0,1000,7360,0.1
2008/02/12,7200.0,7200.0,7200.0,7200.0,1000,7200,0.1
2008/02/15,7300.0,7300.0,7300.0,7300.0,1000,7300,0.1
2008/02/19,7600.0,7600.0,7600.0,7600.0,1000,7600,0.1
2008/02/20,8000.0,8000.0,8000.0,8000.0,9000,8000,0.1
2008/02/21,7500.0,7500.0,7500.0,7500.0,3000,7500,0.1
2008/02/22,7360.0,7360.0,7360.0,7360.0,3000,7360,0.1
2008/02/29,7350.0,7350.0,7300.0,7300.0,3000,7300,0.1
2008/03/03,7500.0,7500.0,7500.0,7500.0,2000,7500,0.1
2008/03/05,7370.0,7370.0,7370.0,7370.0,1000,7370,0.1
2008/03/06,7350.0,7350.0,7300.0,7300.0,4000,7300,0.1
2008/03/11,7310.0,7410.0,7310.0,7410.0,2000,7410,0.1
2008/03/12,7350.0,7350.0,7350.0,7350.0,1000,7350,0.1
2008/03/13,7550.0,7550.0,7550.0,7550.0,1000,7550,0.1
2008/03/14,7360.0,7360.0,7360.0,7360.0,1000,7360,0.1
2008/03/18,7360.0,7370.0,7360.0,7360.0,4000,7360,0.1
2008/03/19,7300.0,7300.0,7100.0,7100.0,11000,7100,0.1
2008/03/21,7100.0,7100.0,7100.0,7100.0,1000,7100,0.1
2008/03/25,7200.0,7400.0,7200.0,7400.0,2000,7400,0.1
2008/03/26,7100.0,7100.0,7100.0,7100.0,2000,7100,0.1
2008/03/27,7100.0,7100.0,7100.0,7100.0,1000,7100,0.1
2008/03/28,7100.0,7100.0,7100.0,7100.0,1000,7100,0.1
2008/03/31,7090.0,7090.0,7090.0,7090.0,1000,7090,0.1
2008/04/01,7100.0,7100.0,6700.0,6700.0,3000,6700,0.1
2008/04/02,6600.0,6600.0,6600.0,6600.0,6000,6600,0.1
2008/04/03,6800.0,6800.0,6800.0,6800.0,1000,6800,0.1
2008/04/04,7000.0,7000.0,7000.0,7000.0,1000,7000,0.1
2008/04/08,7280.0,7280.0,7280.0,7280.0,2000,7280,0.1
2008/04/17,7300.0,7300.0,7300.0,7300.0,1000,7300,0.1
2008/04/18,7500.0,7700.0,7500.0,7700.0,11000,7700,0.1
2008/04/22,7100.0,7100.0,7100.0,7100.0,1000,7100,0.1
2008/04/24,6610.0,6910.0,6610.0,6910.0,4000,6910,0.1
2008/04/25,7010.0,7010.0,6660.0,6660.0,6000,6660,0.1
2008/04/28,6800.0,6800.0,6800.0,6800.0,1000,6800,0.1
2008/05/01,6620.0,6620.0,6620.0,6620.0,1000,6620,0.1
2008/05/08,6790.0,6790.0,6670.0,6700.0,6000,6700,0.1
2008/05/15,6910.0,7000.0,6910.0,7000.0,2000,7000,0.1
2008/05/16,7000.0,7000.0,7000.0,7000.0,3000,7000,0.1
2008/05/19,7040.0,7040.0,7020.0,7020.0,3000,7020,0.1
2008/05/20,6820.0,6820.0,6730.0,6730.0,10000,6730,0.1
2008/05/21,6930.0,6970.0,6930.0,6970.0,2000,6970,0.1
2008/05/22,7030.0,7030.0,6870.0,6980.0,11000,6980,0.1
2008/05/27,6690.0,6690.0,6690.0,6690.0,2000,6690,0.1
2008/05/28,6720.0,6720.0,6710.0,6710.0,3000,6710,0.1
2008/06/02,6720.0,6720.0,6720.0,6720.0,1000,6720,0.1
2008/06/06,6690.0,6700.0,6690.0,6700.0,4000,6700,0.1
2008/06/11,6790.0,6790.0,6790.0,6790.0,1000,6790,0.1
2008/06/12,6710.0,6710.0,6700.0,6700.0,3000,6700,0.1
2008/06/13,6610.0,6610.0,6610.0,6610.0,5000,6610,0.1
2008/06/16,6700.0,6700.0,6700.0,6700.0,1000,6700,0.1
2008/06/17,6730.0,6740.0,6670.0,6670.0,8000,6670,0.1
2008/06/18,6650.0,6650.0,6650.0,6650.0,1000,6650,0.1
2008/06/19,6750.0,6750.0,6690.0,6690.0,2000,6690,0.1
2008/06/20,6780.0,6790.0,6660.0,6660.0,14000,6660,0.1
2008/06/24,6660.0,6660.0,6660.0,6660.0,2000,6660,0.1
2008/06/26,7070.0,7070.0,7070.0,7070.0,7000,7070,0.1
2008/07/01,6750.0,6750.0,6750.0,6750.0,1000,6750,0.1
2008/07/02,6600.0,6600.0,6300.0,6300.0,6000,6300,0.1
2008/07/04,6300.0,6300.0,6300.0,6300.0,3000,6300,0.1
2008/07/08,6310.0,6310.0,6310.0,6310.0,1000,6310,0.1
2008/07/09,6320.0,6320.0,6320.0,6320.0,1000,6320,0.1
2008/07/15,6300.0,6300.0,6300.0,6300.0,1000,6300,0.1
2008/07/16,6500.0,6500.0,6360.0,6360.0,7000,6360,0.1
2008/07/17,6460.0,6460.0,6460.0,6460.0,1000,6460,0.1
2008/07/18,6360.0,6360.0,6360.0,6360.0,12000,6360,0.1
2008/08/01,6200.0,6200.0,6200.0,6200.0,1000,6200,0.1
2008/08/06,6600.0,6600.0,6600.0,6600.0,1000,6600,0.1
2008/08/08,6300.0,6300.0,6300.0,6300.0,1000,6300,0.1
2008/08/11,6270.0,6270.0,6270.0,6270.0,2000,6270,0.1
2008/08/12,6280.0,6280.0,6280.0,6280.0,1000,6280,0.1
2008/08/13,6260.0,6260.0,6260.0,6260.0,1000,6260,0.1
2008/08/14,6250.0,6250.0,6250.0,6250.0,4000,6250,0.1
2008/08/18,6300.0,6300.0,6300.0,6300.0,1000,6300,0.1
2008/08/19,6300.0,6300.0,6300.0,6300.0,1000,6300,0.1
2008/08/20,6200.0,6200.0,6200.0,6200.0,10000,6200,0.1
2008/08/22,6100.0,6100.0,6100.0,6100.0,1000,6100,0.1
2008/08/25,5900.0,5900.0,5900.0,5900.0,1000,5900,0.1
2008/09/03,6100.0,6100.0,6100.0,6100.0,1000,6100,0.1
2008/09/10,6100.0,6100.0,6100.0,6100.0,1000,6100,0.1
2008/09/17,6000.0,6000.0,6000.0,6000.0,1000,6000,0.1
2008/09/19,6080.0,6080.0,6080.0,6080.0,10000,6080,0.1
2008/09/24,6000.0,6000.0,6000.0,6000.0,1000,6000,0.1
2008/09/25,6000.0,6000.0,6000.0,6000.0,1000,6000,0.1
2008/09/29,5900.0,5900.0,5900.0,5900.0,1000,5900,0.1
2008/10/02,5700.0,5700.0,5410.0,5410.0,2000,5410,0.1
2008/10/06,5490.0,5490.0,5400.0,5400.0,2000,5400,0.1
2008/10/07,4400.0,4400.0,4400.0,4400.0,2000,4400,0.1
2008/10/08,4600.0,4600.0,4400.0,4400.0,3000,4400,0.1
2008/10/09,4400.0,4400.0,4400.0,4400.0,1000,4400,0.1
2008/10/10,4400.0,4400.0,4400.0,4400.0,1000,4400,0.1
2008/10/14,5190.0,5200.0,5190.0,5200.0,2000,5200,0.1
2008/10/15,5200.0,5200.0,4800.0,4800.0,2000,4800,0.1
2008/10/16,5600.0,5600.0,5600.0,5600.0,1000,5600,0.1
2008/10/17,5590.0,5600.0,5590.0,5600.0,4000,5600,0.1
2008/10/20,5900.0,6000.0,5900.0,6000.0,14000,6000,0.1
2008/10/21,4950.0,4950.0,4950.0,4950.0,2000,4950,0.1
2008/10/22,5750.0,5750.0,5750.0,5750.0,2000,5750,0.1
2008/10/23,6000.0,6000.0,6000.0,6000.0,2000,6000,0.1
2008/10/29,5500.0,5500.0,5500.0,5500.0,1000,5500,0.1
2008/10/30,5500.0,5500.0,5500.0,5500.0,1000,5500,0.1
2008/10/31,5500.0,5500.0,5500.0,5500.0,2000,5500,0.1
2008/11/04,5400.0,5400.0,5000.0,5000.0,5000,5000,0.1
2008/11/10,4800.0,4900.0,4550.0,4550.0,5000,4550,0.1
2008/11/12,4700.0,4700.0,4400.0,4400.0,8000,4400,0.1
2008/11/14,4450.0,4450.0,4200.0,4200.0,8000,4200,0.1
2008/11/18,4260.0,4260.0,3900.0,3900.0,15000,3900,0.1
2008/11/19,4010.0,4010.0,3900.0,3900.0,7000,3900,0.1
2008/11/20,3850.0,3940.0,3850.0,3930.0,22000,3930,0.1
2008/11/21,3930.0,3930.0,3930.0,3930.0,1000,3930,0.1
2008/11/28,3850.0,3850.0,3800.0,3800.0,9000,3800,0.1
2008/12/01,3600.0,3600.0,3500.0,3500.0,5000,3500,0.1
2008/12/02,3700.0,3700.0,3660.0,3660.0,4000,3660,0.1
2008/12/03,3600.0,3600.0,3600.0,3600.0,1000,3600,0.1
2008/12/04,3600.0,3720.0,3600.0,3720.0,7000,3720,0.1
2008/12/05,3700.0,3700.0,3700.0,3700.0,1000,3700,0.1
2008/12/08,3700.0,3700.0,3700.0,3700.0,1000,3700,0.1
2008/12/09,3700.0,3700.0,3700.0,3700.0,3000,3700,0.1
2008/12/11,3700.0,3700.0,3690.0,3690.0,3000,3690,0.1
2008/12/15,3640.0,3640.0,3550.0,3620.0,13000,3620,0.1
2008/12/16,3600.0,3600.0,3600.0,3600.0,7000,3600,0.1
2008/12/17,3610.0,3700.0,3610.0,3700.0,3000,3700,0.1
2008/12/19,3770.0,3770.0,3650.0,3650.0,18000,3650,0.1
2008/12/22,3700.0,3700.0,3700.0,3700.0,1000,3700,0.1
2008/12/24,3460.0,3460.0,3460.0,3460.0,3000,3460,0.1
2008/12/29,3900.0,3900.0,3610.0,3610.0,16000,3610,0.1
2009/01/08,3800.0,3800.0,3800.0,3800.0,1000,3800,0.1
2009/01/13,3800.0,3800.0,3800.0,3800.0,1000,3800,0.1
2009/01/14,4000.0,4000.0,4000.0,4000.0,1000,4000,0.1
2009/01/16,4160.0,4160.0,4110.0,4110.0,3000,4110,0.1
2009/01/19,4140.0,4260.0,4140.0,4260.0,5000,4260,0.1
2009/01/20,4660.0,4660.0,4660.0,4660.0,11000,4660,0.1
2009/02/05,4500.0,4500.0,4500.0,4500.0,2000,4500,0.1
2009/02/06,4400.0,4400.0,4400.0,4400.0,1000,4400,0.1
2009/02/09,4000.0,4000.0,4000.0,4000.0,6000,4000,0.1
2009/02/10,4000.0,4000.0,4000.0,4000.0,1000,4000,0.1
2009/02/16,4150.0,4500.0,4150.0,4500.0,60000,4500,0.1
2009/02/17,4600.0,4600.0,4520.0,4600.0,47000,4600,0.1
2009/02/18,4510.0,4550.0,4500.0,4550.0,14000,4550,0.1
2009/02/19,4600.0,4860.0,4600.0,4850.0,68000,4850,0.1
2009/02/20,4950.0,5200.0,4950.0,5200.0,51000,5200,0.1
2009/02/23,5400.0,6100.0,5400.0,6100.0,41000,6100,0.1
2009/02/24,6000.0,6000.0,5600.0,5600.0,7000,5600,0.1
2009/02/25,5800.0,5800.0,5800.0,5800.0,1000,5800,0.1
2009/02/27,5500.0,5500.0,5500.0,5500.0,2000,5500,0.1
2009/03/02,5500.0,6300.0,5500.0,6300.0,13000,6300,0.1
2009/03/03,6400.0,7200.0,6300.0,7000.0,13000,7000,0.1
2009/03/04,7100.0,8000.0,7100.0,8000.0,9000,8000,0.1
2009/03/05,7500.0,7500.0,7200.0,7200.0,4000,7200,0.1
2009/03/06,7400.0,7400.0,7000.0,7000.0,5000,7000,0.1
2009/03/09,7000.0,7000.0,7000.0,7000.0,2000,7000,0.1
2009/03/10,7500.0,7700.0,7500.0,7610.0,86000,7610,0.1
2009/03/11,7510.0,7700.0,7500.0,7700.0,86000,7700,0.1
2009/03/12,7510.0,7910.0,7510.0,7910.0,2000,7910,0.1
2009/03/13,7410.0,7410.0,6910.0,6910.0,4000,6910,0.1
2009/03/17,7500.0,7500.0,7500.0,7500.0,5000,7500,0.1
2009/03/18,7620.0,7620.0,7520.0,7540.0,3000,7540,0.1
2009/03/19,7910.0,7910.0,7500.0,7500.0,12000,7500,0.1
2009/03/24,8000.0,8000.0,8000.0,8000.0,2000,8000,0.1
2009/03/25,8000.0,8000.0,8000.0,8000.0,1000,8000,0.1
2009/03/26,7150.0,7150.0,7150.0,7150.0,3000,7150,0.1
2009/03/27,6650.0,6650.0,6150.0,6150.0,7000,6150,0.1
2009/03/30,6450.0,6450.0,6450.0,6450.0,3000,6450,0.1
2009/03/31,6350.0,6350.0,6350.0,6350.0,2000,6350,0.1
2009/04/08,6700.0,6700.0,6700.0,6700.0,2000,6700,0.1
2009/04/09,6300.0,6300.0,6300.0,6300.0,1000,6300,0.1
2009/04/10,6300.0,6300.0,6300.0,6300.0,1000,6300,0.1
2009/04/16,6700.0,6700.0,6650.0,6650.0,2000,6650,0.1
2009/04/17,6950.0,7000.0,6950.0,7000.0,3000,7000,0.1
2009/04/20,7500.0,7500.0,7500.0,7500.0,8000,7500,0.1
2009/05/11,7500.0,7500.0,7500.0,7500.0,1000,7500,0.1
2009/05/13,7400.0,7400.0,7400.0,7400.0,1000,7400,0.1
2009/05/14,7500.0,7500.0,7500.0,7500.0,1000,7500,0.1
2009/05/15,7210.0,7210.0,7120.0,7120.0,2000,7120,0.1
2009/05/18,7230.0,7230.0,7230.0,7230.0,1000,7230,0.1
2009/05/19,7350.0,7350.0,7350.0,7350.0,2000,7350,0.1
2009/05/20,7490.0,7490.0,7490.0,7490.0,7000,7490,0.1
2009/05/25,7890.0,7890.0,7890.0,7890.0,2000,7890,0.1
2009/06/02,7100.0,7100.0,7100.0,7100.0,1000,7100,0.1
2009/06/03,7000.0,7000.0,7000.0,7000.0,1000,7000,0.1
2009/06/04,6900.0,6900.0,6900.0,6900.0,1000,6900,0.1
2009/06/05,7000.0,7000.0,7000.0,7000.0,1000,7000,0.1
2009/06/08,6700.0,6700.0,6700.0,6700.0,3000,6700,0.1
2009/06/09,7000.0,7000.0,6990.0,6990.0,2000,6990,0.1
2009/06/15,7010.0,7010.0,6990.0,6990.0,5000,6990,0.1
2009/06/16,7000.0,7000.0,6960.0,6960.0,4000,6960,0.1
2009/06/17,6960.0,7050.0,6960.0,7050.0,2000,7050,0.1
2009/06/18,7200.0,7290.0,7160.0,7290.0,4000,7290,0.1
2009/06/19,7190.0,7190.0,7190.0,7190.0,8000,7190,0.1
2009/06/22,7000.0,7000.0,7000.0,7000.0,1000,7000,0.1
2009/06/24,7300.0,7300.0,7300.0,7300.0,8000,7300,0.1
2009/06/26,7000.0,7050.0,7000.0,7050.0,2000,7050,0.1
2009/06/30,7000.0,7000.0,7000.0,7000.0,1000,7000,0.1
2009/07/07,6990.0,6990.0,6690.0,6690.0,3000,6690,0.1
2009/07/09,6690.0,6690.0,6690.0,6690.0,1000,6690,0.1
2009/07/10,6590.0,6590.0,6590.0,6590.0,2000,6590,0.1
2009/07/14,6690.0,6690.0,6690.0,6690.0,2000,6690,0.1
2009/07/16,6860.0,7100.0,6860.0,7100.0,5000,7100,0.1
2009/07/17,7300.0,7300.0,6800.0,6800.0,12000,6800,0.1
2009/07/27,6900.0,6900.0,6900.0,6900.0,2000,6900,0.1
2009/07/30,7110.0,7110.0,7110.0,7110.0,1000,7110,0.1
2009/07/31,7210.0,7210.0,7210.0,7210.0,2000,7210,0.1
2009/08/17,7340.0,7400.0,7340.0,7400.0,3000,7400,0.1
2009/08/18,7420.0,7470.0,7410.0,7470.0,3000,7470,0.1
2009/08/19,7520.0,7600.0,7480.0,7480.0,5000,7480,0.1
2009/08/20,7460.0,7460.0,7460.0,7460.0,6000,7460,0.1
2009/08/24,7030.0,7030.0,7030.0,7030.0,1000,7030,0.1
2009/08/26,7000.0,7000.0,7000.0,7000.0,1000,7000,0.1
2009/08/27,6900.0,6900.0,6900.0,6900.0,1000,6900,0.1
2009/08/28,7010.0,7300.0,7010.0,7300.0,2000,7300,0.1
2009/09/11,7120.0,7120.0,7120.0,7120.0,1000,7120,0.1
2009/09/14,7150.0,7150.0,7150.0,7150.0,2000,7150,0.1
2009/09/15,7130.0,7130.0,7130.0,7130.0,1000,7130,0.1
2009/09/17,7240.0,7350.0,7240.0,7350.0,3000,7350,0.1
2009/09/18,7450.0,7450.0,7450.0,7450.0,7000,7450,0.1
2009/09/24,7180.0,7280.0,7180.0,7280.0,2000,7280,0.1
2009/09/25,7280.0,7280.0,7280.0,7280.0,1000,7280,0.1
2009/09/28,7150.0,7150.0,7100.0,7100.0,3000,7100,0.1
2009/10/09,7000.0,7000.0,7000.0,7000.0,1000,7000,0.1
2009/10/19,7540.0,7540.0,7520.0,7520.0,2000,7520,0.1
2009/10/20,8000.0,8000.0,8000.0,8000.0,7000,8000,0.1
2009/10/22,7210.0,7210.0,7210.0,7210.0,1000,7210,0.1
2009/10/26,7500.0,7500.0,7500.0,7500.0,2000,7500,0.1
2009/10/27,7320.0,7320.0,7320.0,7320.0,1000,7320,0.1
2009/11/02,7180.0,7180.0,7180.0,7180.0,6000,7180,0.1
2009/11/05,7180.0,7180.0,7180.0,7180.0,3000,7180,0.1
2009/11/06,7200.0,7210.0,7200.0,7210.0,2000,7210,0.1
2009/11/09,7180.0,7180.0,7180.0,7180.0,1000,7180,0.1
2009/11/10,7170.0,7170.0,6970.0,6970.0,2000,6970,0.1
2009/11/12,6890.0,6910.0,6860.0,6860.0,3000,6860,0.1
2009/11/13,6760.0,6760.0,6760.0,6760.0,3000,6760,0.1
2009/11/17,6760.0,6760.0,6760.0,6760.0,1000,6760,0.1
2009/11/18,6850.0,6850.0,6850.0,6850.0,1000,6850,0.1
2009/11/19,6850.0,6900.0,6850.0,6900.0,2000,6900,0.1
2009/11/20,6790.0,6790.0,6790.0,6790.0,7000,6790,0.1
2009/11/26,6620.0,6660.0,6520.0,6660.0,3000,6660,0.1
2009/11/27,6660.0,6660.0,6660.0,6660.0,1000,6660,0.1
2009/12/01,6160.0,6160.0,6160.0,6160.0,1000,6160,0.1
2009/12/02,6160.0,6160.0,6160.0,6160.0,1000,6160,0.1
2009/12/04,6300.0,6300.0,6300.0,6300.0,1000,6300,0.1
2009/12/07,6300.0,6300.0,6300.0,6300.0,1000,6300,0.1
2009/12/09,6210.0,6210.0,6210.0,6210.0,1000,6210,0.1
2009/12/10,6110.0,6110.0,6100.0,6110.0,5000,6110,0.1
2009/12/11,6250.0,6250.0,6250.0,6250.0,2000,6250,0.1
2009/12/14,6110.0,6110.0,6110.0,6110.0,1000,6110,0.1
2009/12/16,6100.0,6250.0,6100.0,6250.0,3000,6250,0.1
2009/12/17,6150.0,6150.0,6000.0,6000.0,8000,6000,0.1
2009/12/18,5990.0,5990.0,5400.0,5400.0,19000,5400,0.1
2009/12/21,5890.0,5890.0,5890.0,5890.0,1000,5890,0.1
2009/12/22,5810.0,5810.0,5710.0,5710.0,3000,5710,0.1
2009/12/24,5910.0,5910.0,5900.0,5900.0,2000,5900,0.1
2009/12/28,5800.0,5800.0,5800.0,5800.0,2000,5800,0.1
2009/12/29,6010.0,6010.0,6010.0,6010.0,12000,6010,0.1
2009/12/30,6110.0,6110.0,5860.0,5860.0,7000,5860,0.1
2010/01/04,5900.0,5900.0,5620.0,5620.0,5000,5620,0.1
2010/01/07,5560.0,5610.0,5560.0,5610.0,5000,5610,0.1
2010/01/12,5990.0,5990.0,5990.0,5990.0,1000,5990,0.1
2010/01/13,5980.0,5980.0,5980.0,5980.0,1000,5980,0.1
2010/01/14,6000.0,6000.0,6000.0,6000.0,3000,6000,0.1
2010/01/15,6000.0,6000.0,6000.0,6000.0,1000,6000,0.1
2010/01/18,6060.0,6060.0,6050.0,6050.0,3000,6050,0.1
2010/01/19,6050.0,6050.0,6030.0,6030.0,3000,6030,0.1
2010/01/20,6030.0,6030.0,6030.0,6030.0,12000,6030,0.1
2010/01/21,6020.0,6020.0,6020.0,6020.0,1000,6020,0.1
2010/01/22,6010.0,6010.0,6010.0,6010.0,1000,6010,0.1
2010/01/26,6000.0,6000.0,6000.0,6000.0,1000,6000,0.1
2010/01/28,5980.0,5980.0,5980.0,5980.0,1000,5980,0.1
2010/02/01,5880.0,5880.0,5880.0,5880.0,1000,5880,0.1
2010/02/02,5970.0,5970.0,5970.0,5970.0,1000,5970,0.1
2010/02/09,6030.0,6180.0,6030.0,6180.0,3000,6180,0.1
2010/02/10,6000.0,6000.0,5980.0,5980.0,3000,5980,0.1
2010/02/12,5880.0,6070.0,5880.0,6070.0,2000,6070,0.1
2010/02/15,6070.0,6070.0,6070.0,6070.0,1000,6070,0.1
2010/02/16,6070.0,6080.0,5990.0,5990.0,5000,5990,0.1
2010/02/17,5990.0,6010.0,5990.0,6010.0,3000,6010,0.1
2010/02/18,6010.0,6050.0,6010.0,6050.0,8000,6050,0.1
2010/02/19,5900.0,6000.0,5880.0,6000.0,13000,6000,0.1
2010/02/23,5900.0,5900.0,5840.0,5840.0,11000,5840,0.1
2010/02/24,5850.0,5850.0,5850.0,5850.0,1000,5850,0.1
2010/02/25,5840.0,5840.0,5840.0,5840.0,3000,5840,0.1
2010/02/26,5970.0,5980.0,5970.0,5980.0,2000,5980,0.1
2010/03/04,5980.0,5980.0,5980.0,5980.0,1000,5980,0.1
2010/03/05,5880.0,5880.0,5880.0,5880.0,1000,5880,0.1
2010/03/09,5810.0,5810.0,5810.0,5810.0,1000,5810,0.1
2010/03/11,5810.0,5900.0,5810.0,5900.0,2000,5900,0.1
2010/03/12,5940.0,5940.0,5940.0,5940.0,1000,5940,0.1
2010/03/15,5910.0,5940.0,5910.0,5940.0,2000,5940,0.1
2010/03/16,5960.0,5960.0,5960.0,5960.0,1000,5960,0.1
2010/03/18,6010.0,6010.0,6000.0,6000.0,5000,6000,0.1
2010/03/19,6010.0,6010.0,5950.0,6000.0,10000,6000,0.1
2010/03/23,5900.0,5900.0,5900.0,5900.0,2000,5900,0.1
2010/03/24,5900.0,5900.0,5860.0,5860.0,3000,5860,0.1
2010/03/26,5900.0,5960.0,5900.0,5960.0,3000,5960,0.1
2010/03/29,5890.0,6360.0,5890.0,6360.0,11000,6360,0.1
2010/03/30,6150.0,6350.0,6150.0,6350.0,7000,6350,0.1
2010/04/01,6240.0,6240.0,6220.0,6220.0,4000,6220,0.1
2010/04/02,6200.0,6200.0,6010.0,6050.0,3000,6050,0.1
2010/04/05,5990.0,6050.0,5990.0,6050.0,3000,6050,0.1
2010/04/06,5990.0,5990.0,5990.0,5990.0,1000,5990,0.1
2010/04/07,5950.0,5950.0,5900.0,5900.0,2000,5900,0.1
2010/04/08,5800.0,5800.0,5800.0,5800.0,3000,5800,0.1
2010/04/09,5810.0,5810.0,5810.0,5810.0,2000,5810,0.1
2010/04/13,5910.0,5910.0,5910.0,5910.0,1000,5910,0.1
2010/04/14,5850.0,5850.0,5850.0,5850.0,2000,5850,0.1
2010/04/15,5850.0,5850.0,5840.0,5840.0,2000,5840,0.1
2010/04/16,5860.0,5870.0,5860.0,5870.0,2000,5870,0.1
2010/04/19,5970.0,5980.0,5970.0,5980.0,4000,5980,0.1
2010/04/20,6080.0,6080.0,6050.0,6050.0,9000,6050,0.1
2010/04/21,6050.0,6050.0,6050.0,6050.0,2000,6050,0.1
2010/04/22,5960.0,5960.0,5960.0,5960.0,3000,5960,0.1
2010/04/23,5910.0,5910.0,5670.0,5760.0,6000,5760,0.1
2010/04/26,5780.0,5780.0,5780.0,5780.0,1000,5780,0.1
2010/04/28,5700.0,5700.0,5700.0,5700.0,1000,5700,0.1
2010/05/06,5710.0,5710.0,5710.0,5710.0,1000,5710,0.1
2010/05/07,5730.0,5730.0,5730.0,5730.0,1000,5730,0.1
2010/05/14,5900.0,5900.0,5810.0,5810.0,3000,5810,0.1
2010/05/18,5850.0,5850.0,5850.0,5850.0,1000,5850,0.1
2010/05/19,5900.0,6000.0,5900.0,6000.0,2000,6000,0.1
2010/05/20,6040.0,6040.0,6040.0,6040.0,8000,6040,0.1
2010/05/21,5800.0,5800.0,5800.0,5800.0,3000,5800,0.1
2010/05/25,5800.0,5800.0,5800.0,5800.0,1000,5800,0.1
2010/05/27,5700.0,5700.0,5700.0,5700.0,1000,5700,0.1
2010/05/28,5900.0,5900.0,5900.0,5900.0,1000,5900,0.1
2010/05/31,6000.0,6000.0,6000.0,6000.0,5000,6000,0.1
2010/06/03,5900.0,5900.0,5900.0,5900.0,1000,5900,0.1
2010/06/04,5820.0,5820.0,5820.0,5820.0,1000,5820,0.1
2010/06/07,5820.0,5820.0,5820.0,5820.0,1000,5820,0.1
2010/06/14,5900.0,5920.0,5900.0,5920.0,2000,5920,0.1
2010/06/15,5900.0,5900.0,5900.0,5900.0,1000,5900,0.1
2010/06/16,5900.0,5900.0,5880.0,5880.0,2000,5880,0.1
2010/06/17,5900.0,5940.0,5890.0,5940.0,3000,5940,0.1
2010/06/18,5840.0,5840.0,5840.0,5840.0,8000,5840,0.1
2010/06/21,5850.0,5850.0,5850.0,5850.0,1000,5850,0.1
2010/06/23,5900.0,5900.0,5900.0,5900.0,1000,5900,0.1
2010/06/24,6100.0,6100.0,5850.0,5850.0,12000,5850,0.1
2010/06/28,5840.0,5840.0,5840.0,5840.0,1000,5840,0.1
2010/06/30,5890.0,5890.0,5800.0,5800.0,2000,5800,0.1
2010/07/02,5800.0,5800.0,5800.0,5800.0,1000,5800,0.1
2010/07/07,5800.0,5800.0,5800.0,5800.0,1000,5800,0.1
2010/07/14,5910.0,5910.0,5910.0,5910.0,1000,5910,0.1
2010/07/15,5920.0,6000.0,5920.0,6000.0,4000,6000,0.1
2010/07/16,5950.0,6000.0,5950.0,6000.0,2000,6000,0.1
2010/07/20,5990.0,5990.0,5800.0,5800.0,12000,5800,0.1
2010/07/23,5800.0,5800.0,5800.0,5800.0,1000,5800,0.1
2010/07/26,5800.0,5800.0,5800.0,5800.0,2000,5800,0.1
2010/07/27,5800.0,5800.0,5800.0,5800.0,1000,5800,0.1
2010/07/29,5800.0,5800.0,5800.0,5800.0,1000,5800,0.1
2010/08/06,5800.0,5800.0,5800.0,5800.0,2000,5800,0.1
2010/08/13,5820.0,5820.0,5820.0,5820.0,1000,5820,0.1
2010/08/16,5850.0,5850.0,5850.0,5850.0,1000,5850,0.1
2010/08/17,5840.0,5840.0,5840.0,5840.0,1000,5840,0.1
2010/08/18,5840.0,5840.0,5840.0,5840.0,5000,5840,0.1
2010/08/19,5840.0,5840.0,5830.0,5830.0,4000,5830,0.1
2010/08/20,5710.0,5710.0,5710.0,5710.0,9000,5710,0.1
2010/08/23,5700.0,5700.0,5700.0,5700.0,1000,5700,0.1
2010/08/24,5800.0,5800.0,5800.0,5800.0,1000,5800,0.1
2010/08/25,5700.0,5700.0,5700.0,5700.0,1000,5700,0.1
2010/08/26,5700.0,5700.0,5700.0,5700.0,1000,5700,0.1
2010/08/30,5700.0,5800.0,5700.0,5800.0,2000,5800,0.1
2010/08/31,5620.0,5620.0,5620.0,5620.0,1000,5620,0.1
2010/09/02,5600.0,5600.0,5600.0,5600.0,3000,5600,0.1
2010/09/03,5600.0,5600.0,5600.0,5600.0,1000,5600,0.1
2010/09/07,5700.0,5700.0,5700.0,5700.0,5000,5700,0.1
2010/09/08,5320.0,5690.0,5230.0,5690.0,21000,5690,0.1
2010/09/09,5490.0,5580.0,5490.0,5580.0,2000,5580,0.1
2010/09/13,5300.0,5600.0,5300.0,5600.0,11000,5600,0.1
2010/09/16,5500.0,5510.0,5500.0,5510.0,2000,5510,0.1
2010/09/17,5600.0,5600.0,5500.0,5500.0,12000,5500,0.1
2010/09/22,5400.0,5400.0,5400.0,5400.0,2000,5400,0.1
2010/09/24,5400.0,5400.0,5400.0,5400.0,2000,5400,0.1
2010/09/27,5400.0,5400.0,5400.0,5400.0,2000,5400,0.1
2010/09/28,5400.0,5400.0,5400.0,5400.0,1000,5400,0.1
2010/10/04,5280.0,5280.0,5280.0,5280.0,1000,5280,0.1
2010/10/05,5230.0,5230.0,5230.0,5230.0,1000,5230,0.1
2010/10/06,5230.0,5230.0,5230.0,5230.0,1000,5230,0.1
2010/10/07,5230.0,5230.0,5230.0,5230.0,1000,5230,0.1
2010/10/14,5220.0,5220.0,5220.0,5220.0,1000,5220,0.1
2010/10/15,5220.0,5220.0,5220.0,5220.0,1000,5220,0.1
2010/10/18,5220.0,5220.0,5220.0,5220.0,1000,5220,0.1
2010/10/19,5220.0,5220.0,5210.0,5220.0,5000,5220,0.1
2010/10/20,5200.0,5200.0,5200.0,5200.0,8000,5200,0.1
2010/11/02,5140.0,5140.0,5140.0,5140.0,1000,5140,0.1
2010/11/05,5130.0,5130.0,5130.0,5130.0,2000,5130,0.1
2010/11/11,5030.0,5100.0,5030.0,5100.0,2000,5100,0.1
2010/11/16,5100.0,5100.0,5100.0,5100.0,1000,5100,0.1
2010/11/17,5020.0,5100.0,5020.0,5100.0,2000,5100,0.1
2010/11/18,5040.0,5040.0,4920.0,5000.0,8000,5000,0.1
2010/11/19,4990.0,4990.0,4990.0,4990.0,9000,4990,0.1
2010/11/22,4990.0,4990.0,4990.0,4990.0,1000,4990,0.1
2010/11/24,4920.0,4990.0,4920.0,4990.0,3000,4990,0.1
2010/11/25,4940.0,4990.0,4740.0,4900.0,10000,4900,0.1
2010/11/26,4740.0,4990.0,4700.0,4990.0,9000,4990,0.1
2010/11/29,4980.0,4980.0,4980.0,4980.0,3000,4980,0.1
2010/11/30,4980.0,4980.0,4980.0,4980.0,2000,4980,0.1
2010/12/02,4770.0,4800.0,4750.0,4800.0,6000,4800,0.1
2010/12/03,4720.0,4720.0,4580.0,4580.0,6000,4580,0.1
2010/12/06,4610.0,4610.0,4500.0,4500.0,11000,4500,0.1
2010/12/07,4400.0,4400.0,4050.0,4060.0,15000,4060,0.1
2010/12/08,4070.0,4070.0,3820.0,4050.0,21000,4050,0.1
2010/12/09,3890.0,3990.0,3860.0,3990.0,18000,3990,0.1
2010/12/10,4000.0,4060.0,4000.0,4010.0,8000,4010,0.1
2010/12/13,4010.0,4010.0,4000.0,4010.0,5000,4010,0.1
2010/12/14,4010.0,4120.0,4010.0,4120.0,10000,4120,0.1
2010/12/15,4140.0,4140.0,4100.0,4100.0,3000,4100,0.1
2010/12/16,4080.0,4250.0,4040.0,4250.0,11000,4250,0.1
2010/12/17,4210.0,4260.0,4210.0,4260.0,3000,4260,0.1
2010/12/20,4390.0,4390.0,4250.0,4390.0,16000,4390,0.1
2010/12/21,4380.0,4380.0,4380.0,4380.0,1000,4380,0.1
2010/12/22,4230.0,4340.0,4230.0,4340.0,3000,4340,0.1
2010/12/24,4220.0,4380.0,4210.0,4380.0,7000,4380,0.1
2010/12/29,4260.0,4370.0,4260.0,4370.0,4000,4370,0.1
2010/12/30,4290.0,4360.0,4280.0,4360.0,5000,4360,0.1
2011/01/06,4220.0,4330.0,4220.0,4330.0,5000,4330,0.1
2011/01/07,4310.0,4310.0,4300.0,4300.0,2000,4300,0.1
2011/01/11,4330.0,4330.0,4330.0,4330.0,1000,4330,0.1
2011/01/12,4300.0,4300.0,4300.0,4300.0,2000,4300,0.1
2011/01/13,4380.0,4380.0,4380.0,4380.0,1000,4380,0.1
2011/01/17,4330.0,4330.0,4330.0,4330.0,1000,4330,0.1
2011/01/18,4390.0,4390.0,4390.0,4390.0,1000,4390,0.1
2011/01/19,4410.0,4450.0,4410.0,4450.0,2000,4450,0.1
2011/01/20,4500.0,4500.0,4500.0,4500.0,15000,4500,0.1
2011/01/25,4350.0,4350.0,4300.0,4320.0,3000,4320,0.1
2011/01/26,4300.0,4300.0,4300.0,4300.0,1000,4300,0.1
2011/02/03,4300.0,4300.0,4300.0,4300.0,1000,4300,0.1
2011/02/04,4300.0,4300.0,4300.0,4300.0,2000,4300,0.1
2011/02/07,4220.0,4220.0,4220.0,4220.0,1000,4220,0.1
2011/02/08,4220.0,4230.0,4160.0,4200.0,12000,4200,0.1
2011/02/09,4200.0,4200.0,4200.0,4200.0,1000,4200,0.1
2011/02/10,4200.0,4200.0,4190.0,4190.0,4000,4190,0.1
2011/02/14,4250.0,4250.0,4250.0,4250.0,4000,4250,0.1
2011/02/15,4280.0,4280.0,4220.0,4220.0,4000,4220,0.1
2011/02/16,4300.0,4380.0,4300.0,4380.0,3000,4380,0.1
2011/02/17,4340.0,4340.0,4300.0,4340.0,4000,4340,0.1
2011/02/18,4260.0,4280.0,4230.0,4280.0,14000,4280,0.1
2011/02/21,4250.0,4250.0,4250.0,4250.0,2000,4250,0.1
2011/02/22,4250.0,4250.0,4250.0,4250.0,1000,4250,0.1
2011/02/23,4250.0,4250.0,4250.0,4250.0,2000,4250,0.1
2011/02/24,4360.0,4360.0,4360.0,4360.0,1000,4360,0.1
2011/02/28,4250.0,4250.0,4250.0,4250.0,2000,4250,0.1
2011/03/01,4290.0,4380.0,4280.0,4380.0,13000,4380,0.1
2011/03/02,4340.0,4500.0,4330.0,4500.0,10000,4500,0.1
2011/03/03,4360.0,4360.0,4360.0,4360.0,1000,4360,0.1
2011/03/04,4360.0,4370.0,4360.0,4370.0,3000,4370,0.1
2011/03/07,4380.0,4380.0,4370.0,4370.0,11000,4370,0.1
2011/03/08,4360.0,4360.0,4360.0,4360.0,1000,4360,0.1
2011/03/11,4370.0,4370.0,4370.0,4370.0,1000,4370,0.1
2011/03/14,4130.0,4210.0,4130.0,4210.0,4000,4210,0.1
2011/03/15,4180.0,4180.0,3950.0,3950.0,3000,3950,0.1
2011/03/16,3710.0,3710.0,3500.0,3600.0,11000,3600,0.1
2011/03/17,3550.0,3600.0,3390.0,3600.0,15000,3600,0.1
2011/03/18,3680.0,3680.0,3440.0,3650.0,22000,3650,0.1
2011/03/22,3650.0,3660.0,3500.0,3600.0,6000,3600,0.1
2011/03/23,3600.0,4300.0,3600.0,4230.0,16000,4230,0.1
2011/03/25,4170.0,4200.0,4170.0,4200.0,4000,4200,0.1
2011/03/28,4040.0,4180.0,4040.0,4180.0,6000,4180,0.1
2011/03/30,4030.0,4140.0,4000.0,4140.0,4000,4140,0.1
2011/03/31,4150.0,4150.0,4150.0,4150.0,2000,4150,0.1
2011/04/01,4150.0,4150.0,4150.0,4150.0,2000,4150,0.1
2011/04/06,4050.0,4050.0,4050.0,4050.0,1000,4050,0.1
2011/04/15,4000.0,4170.0,4000.0,4170.0,5000,4170,0.1
2011/04/18,4090.0,4140.0,4030.0,4140.0,8000,4140,0.1
2011/04/19,4100.0,4100.0,4020.0,4020.0,6000,4020,0.1
2011/04/20,4150.0,4150.0,4150.0,4150.0,9000,4150,0.1
2011/05/10,4100.0,4100.0,4100.0,4100.0,1000,4100,0.1
2011/05/12,4000.0,4000.0,4000.0,4000.0,1000,4000,0.1
2011/05/17,4000.0,4000.0,3940.0,3940.0,6000,3940,0.1
2011/05/18,4010.0,4010.0,4010.0,4010.0,1000,4010,0.1
2011/05/19,4090.0,4090.0,4060.0,4060.0,2000,4060,0.1
2011/05/20,4130.0,4130.0,4010.0,4010.0,9000,4010,0.1
2011/05/23,4000.0,4000.0,4000.0,4000.0,4000,4000,0.1
2011/05/30,4000.0,4000.0,4000.0,4000.0,1000,4000,0.1
2011/05/31,4000.0,4000.0,4000.0,4000.0,1000,4000,0.1
2011/06/03,3920.0,3920.0,3920.0,3920.0,2000,3920,0.1
2011/06/14,3920.0,3940.0,3920.0,3940.0,2000,3940,0.1
2011/06/15,3920.0,3920.0,3920.0,3920.0,1000,3920,0.1
2011/06/16,3850.0,3850.0,3840.0,3840.0,2000,3840,0.1
2011/06/17,3850.0,3850.0,3790.0,3850.0,3000,3850,0.1
2011/06/20,3850.0,3850.0,3850.0,3850.0,9000,3850,0.1
2011/06/21,3720.0,3900.0,3720.0,3900.0,6000,3900,0.1
2011/06/22,3820.0,3900.0,3820.0,3900.0,4000,3900,0.1
2011/06/23,3840.0,3840.0,3700.0,3840.0,10000,3840,0.1
2011/06/27,3830.0,3830.0,3830.0,3830.0,1000,3830,0.1
2011/06/28,3750.0,3890.0,3750.0,3890.0,7000,3890,0.1
2011/06/29,3890.0,4340.0,3890.0,4340.0,14000,4340,0.1
2011/07/01,4250.0,4250.0,4250.0,4250.0,1000,4250,0.1
2011/07/04,3950.0,3950.0,3850.0,3850.0,5000,3850,0.1
2011/07/05,3770.0,3780.0,3770.0,3780.0,2000,3780,0.1
2011/07/06,3700.0,3700.0,3700.0,3700.0,2000,3700,0.1
2011/07/07,3780.0,3840.0,3780.0,3840.0,2000,3840,0.1
2011/07/11,3760.0,3760.0,3760.0,3760.0,2000,3760,0.1
2011/07/12,3700.0,3700.0,3700.0,3700.0,2000,3700,0.1
2011/07/13,3700.0,3860.0,3700.0,3850.0,7000,3850,0.1
2011/07/14,3850.0,3850.0,3710.0,3750.0,9000,3750,0.1
2011/07/15,3700.0,3980.0,3700.0,3980.0,5000,3980,0.1
2011/07/19,3850.0,3890.0,3820.0,3890.0,7000,3890,0.1
2011/07/20,3850.0,3850.0,3780.0,3840.0,11000,3840,0.1
2011/07/21,3760.0,3760.0,3760.0,3760.0,2000,3760,0.1
2011/07/28,3840.0,3850.0,3840.0,3850.0,4000,3850,0.1
2011/08/03,3750.0,3840.0,3750.0,3840.0,4000,3840,0.1
2011/08/08,3730.0,3730.0,3650.0,3650.0,5000,3650,0.1
2011/08/09,3610.0,3610.0,3610.0,3610.0,1000,3610,0.1
2011/08/10,3550.0,3710.0,3550.0,3710.0,2000,3710,0.1
2011/08/12,3630.0,3630.0,3630.0,3630.0,1000,3630,0.1
2011/08/15,3630.0,3630.0,3630.0,3630.0,1000,3630,0.1
2011/08/16,3680.0,3680.0,3610.0,3680.0,7000,3680,0.1
2011/08/17,3720.0,3720.0,3720.0,3720.0,1000,3720,0.1
2011/08/18,3730.0,3730.0,3730.0,3730.0,1000,3730,0.1
2011/08/19,3720.0,3740.0,3720.0,3740.0,10000,3740,0.1
2011/08/22,3660.0,3790.0,3660.0,3790.0,3000,3790,0.1
2011/09/01,3710.0,3760.0,3710.0,3760.0,2000,3760,0.1
2011/09/02,3680.0,3800.0,3680.0,3800.0,6000,3800,0.1
2011/09/08,3800.0,3800.0,3800.0,3800.0,1000,3800,0.1
2011/09/14,3800.0,3800.0,3800.0,3800.0,2000,3800,0.1
2011/09/16,3810.0,3880.0,3810.0,3880.0,4000,3880,0.1
2011/09/20,3870.0,3870.0,3870.0,3870.0,9000,3870,0.1
2011/10/05,3800.0,3800.0,3800.0,3800.0,1000,3800,0.1
2011/10/06,3720.0,3880.0,3720.0,3880.0,3000,3880,0.1
2011/10/07,3730.0,3730.0,3730.0,3730.0,7000,3730,0.1
2011/10/11,3720.0,3720.0,3720.0,3720.0,1000,3720,0.1
2011/10/12,3600.0,3650.0,3600.0,3650.0,6000,3650,0.1
2011/10/14,3730.0,3950.0,3730.0,3950.0,4000,3950,0.1
2011/10/17,3950.0,3950.0,3950.0,3950.0,1000,3950,0.1
2011/10/18,3870.0,3890.0,3830.0,3830.0,5000,3830,0.1
2011/10/19,3840.0,3840.0,3840.0,3840.0,2000,3840,0.1
2011/10/20,3760.0,3900.0,3760.0,3900.0,11000,3900,0.1
2011/10/21,3820.0,3890.0,3820.0,3890.0,3000,3890,0.1
2011/10/24,3800.0,3800.0,3800.0,3800.0,4000,3800,0.1
2011/10/26,3720.0,3790.0,3720.0,3790.0,3000,3790,0.1
2011/10/27,3790.0,4000.0,3790.0,4000.0,14000,4000,0.1
2011/11/07,3850.0,3850.0,3850.0,3850.0,1000,3850,0.1
2011/11/10,3810.0,3810.0,3810.0,3810.0,3000,3810,0.1
2011/11/14,3810.0,3810.0,3810.0,3810.0,2000,3810,0.1
2011/11/15,3970.0,3970.0,3970.0,3970.0,1000,3970,0.1
2011/11/16,3890.0,3890.0,3870.0,3870.0,3000,3870,0.1
2011/11/17,3880.0,3880.0,3880.0,3880.0,2000,3880,0.1
2011/11/18,3860.0,3860.0,3860.0,3860.0,9000,3860,0.1
2011/11/25,3700.0,3700.0,3700.0,3700.0,3000,3700,0.1
2011/11/29,3750.0,3780.0,3750.0,3780.0,2000,3780,0.1
2011/11/30,3700.0,3940.0,3700.0,3940.0,4000,3940,0.1
2011/12/07,3810.0,3940.0,3810.0,3940.0,15000,3940,0.1
2011/12/08,3860.0,3860.0,3860.0,3860.0,3000,3860,0.1
2011/12/09,3900.0,3940.0,3860.0,3940.0,4000,3940,0.1
2011/12/13,3880.0,3910.0,3880.0,3910.0,3000,3910,0.1
2011/12/14,3910.0,3990.0,3870.0,3990.0,8000,3990,0.1
2011/12/15,4000.0,4480.0,4000.0,4480.0,8000,4480,0.1
2011/12/16,4380.0,4450.0,4220.0,4380.0,12000,4380,0.1
2011/12/19,4300.0,5020.0,4270.0,4520.0,12000,4520,0.1
2011/12/20,4520.0,5020.0,4520.0,5020.0,11000,5020,0.1
2011/12/21,4700.0,4940.0,4700.0,4940.0,2000,4940,0.1
2012/01/04,5500.0,5500.0,5100.0,5100.0,4000,5100,0.1
2012/01/06,4950.0,5000.0,4950.0,5000.0,6000,5000,0.1
2012/01/17,5000.0,5500.0,5000.0,5500.0,7000,5500,0.1
2012/01/18,5230.0,5500.0,5230.0,5500.0,3000,5500,0.1
2012/01/19,5400.0,5510.0,5300.0,5500.0,16000,5500,0.1
2012/01/20,5790.0,5790.0,5790.0,5790.0,6000,5790,0.1
2012/01/23,5500.0,5500.0,5400.0,5400.0,4000,5400,0.1
2012/01/26,5240.0,5240.0,5040.0,5040.0,6000,5040,0.1
2012/01/27,5000.0,5000.0,5000.0,5000.0,1000,5000,0.1
2012/01/31,5000.0,5000.0,5000.0,5000.0,1000,5000,0.1
2012/02/01,5070.0,5070.0,5070.0,5070.0,1000,5070,0.1
2012/02/07,5010.0,5010.0,5010.0,5010.0,2000,5010,0.1
2012/02/08,5000.0,5000.0,5000.0,5000.0,2000,5000,0.1
2012/02/09,5000.0,5000.0,5000.0,5000.0,2000,5000,0.1
2012/02/13,5000.0,5000.0,5000.0,5000.0,2000,5000,0.1
2012/02/14,5000.0,5000.0,5000.0,5000.0,1000,5000,0.1
2012/02/15,5020.0,5150.0,5020.0,5150.0,3000,5150,0.1
2012/02/16,5210.0,5310.0,5210.0,5310.0,2000,5310,0.1
2012/02/17,5310.0,5310.0,5230.0,5300.0,3000,5300,0.1
2012/02/20,5500.0,5500.0,5500.0,5500.0,6000,5500,0.1
2012/02/22,5100.0,5100.0,5100.0,5100.0,8000,5100,0.1
2012/02/23,5100.0,5100.0,5100.0,5100.0,1000,5100,0.1
2012/03/01,5030.0,5030.0,5030.0,5030.0,2000,5030,0.1
2012/03/05,5000.0,5000.0,5000.0,5000.0,4000,5000,0.1
2012/03/06,5000.0,5050.0,4970.0,5050.0,6000,5050,0.1
2012/03/07,5050.0,5050.0,5000.0,5000.0,3000,5000,0.1
2012/03/12,5100.0,5100.0,5100.0,5100.0,2000,5100,0.1
2012/03/13,5100.0,5100.0,5100.0,5100.0,2000,5100,0.1
2012/03/14,5270.0,5270.0,5270.0,5270.0,1000,5270,0.1
2012/03/15,5200.0,5200.0,5200.0,5200.0,1000,5200,0.1
2012/03/16,5250.0,5350.0,5250.0,5350.0,6000,5350,0.1
2012/03/19,5490.0,5490.0,5300.0,5300.0,7000,5300,0.1
2012/03/21,5200.0,5200.0,5200.0,5200.0,1000,5200,0.1
2012/03/30,5120.0,5120.0,5120.0,5120.0,1000,5120,0.1
2012/04/03,5130.0,5230.0,5130.0,5230.0,2000,5230,0.1
2012/04/04,5220.0,5220.0,5210.0,5210.0,2000,5210,0.1
2012/04/05,5110.0,5110.0,5110.0,5110.0,5000,5110,0.1
2012/04/09,5110.0,5110.0,5110.0,5110.0,1000,5110,0.1
2012/04/10,5110.0,5110.0,5090.0,5100.0,6000,5100,0.1
2012/04/11,5100.0,5100.0,5100.0,5100.0,2000,5100,0.1
2012/04/13,5120.0,5120.0,5120.0,5120.0,5000,5120,0.1
2012/04/16,5030.0,5030.0,5000.0,5000.0,14000,5000,0.1
2012/04/17,5080.0,5080.0,5080.0,5080.0,1000,5080,0.1
2012/04/19,5160.0,5180.0,5080.0,5150.0,6000,5150,0.1
2012/04/20,5110.0,5200.0,5110.0,5200.0,9000,5200,0.1
2012/04/23,5100.0,5100.0,5100.0,5100.0,1000,5100,0.1
2012/04/25,5200.0,5200.0,5200.0,5200.0,5000,5200,0.1
2012/04/26,5200.0,5200.0,5200.0,5200.0,3000,5200,0.1
2012/05/02,5100.0,5180.0,5100.0,5180.0,2000,5180,0.1
2012/05/07,5080.0,5080.0,5080.0,5080.0,1000,5080,0.1
2012/05/08,5080.0,5080.0,5080.0,5080.0,1000,5080,0.1
2012/05/09,5080.0,5080.0,5080.0,5080.0,1000,5080,0.1
2012/05/10,4810.0,5000.0,4810.0,5000.0,9000,5000,0.1
2012/05/11,5080.0,5080.0,5080.0,5080.0,3000,5080,0.1
2012/05/15,5170.0,5300.0,5100.0,5200.0,9000,5200,0.1
2012/05/16,5100.0,5100.0,5000.0,5000.0,9000,5000,0.1
2012/05/17,5100.0,5100.0,5050.0,5050.0,2000,5050,0.1
2012/05/18,5200.0,5200.0,5050.0,5050.0,13000,5050,0.1
2012/05/21,5300.0,5300.0,5300.0,5300.0,2000,5300,0.1
2012/05/22,5500.0,5500.0,5110.0,5200.0,8000,5200,0.1
2012/05/23,5400.0,5400.0,5300.0,5300.0,4000,5300,0.1
2012/05/24,5500.0,5500.0,5500.0,5500.0,4000,5500,0.1
2012/05/25,5500.0,5500.0,5500.0,5500.0,3000,5500,0.1
2012/05/28,5500.0,5500.0,5500.0,5500.0,1000,5500,0.1
2012/05/29,5300.0,5300.0,5300.0,5300.0,3000,5300,0.1
2012/06/01,5210.0,5210.0,5200.0,5200.0,2000,5200,0.1
2012/06/04,5290.0,5300.0,5290.0,5300.0,2000,5300,0.1
2012/06/07,5400.0,5400.0,5400.0,5400.0,2000,5400,0.1
2012/06/08,5500.0,5500.0,5500.0,5500.0,5000,5500,0.1
2012/06/14,5550.0,5550.0,5550.0,5550.0,2000,5550,0.1
2012/06/15,5790.0,5790.0,5490.0,5490.0,2000,5490,0.1
2012/06/18,5570.0,5570.0,5500.0,5500.0,5000,5500,0.1
2012/06/20,5570.0,5570.0,5510.0,5510.0,15000,5510,0.1
2012/06/21,5500.0,5500.0,5410.0,5410.0,9000,5410,0.1
2012/06/27,5310.0,5310.0,5310.0,5310.0,1000,5310,0.1
2012/06/29,5300.0,5300.0,5300.0,5300.0,1000,5300,0.1
2012/07/04,5320.0,5320.0,5220.0,5220.0,4000,5220,0.1
2012/07/11,5300.0,5300.0,5300.0,5300.0,1000,5300,0.1
2012/07/17,5490.0,5500.0,5490.0,5500.0,2000,5500,0.1
2012/07/18,5450.0,5500.0,5450.0,5500.0,2000,5500,0.1
2012/07/19,5500.0,5500.0,5470.0,5470.0,4000,5470,0.1
2012/07/20,5350.0,5370.0,5350.0,5370.0,7000,5370,0.1
2012/07/23,5270.0,5360.0,5270.0,5360.0,3000,5360,0.1
2012/07/24,5360.0,5500.0,5160.0,5500.0,7000,5500,0.1
2012/07/25,5330.0,5330.0,5330.0,5330.0,1000,5330,0.1
2012/07/31,5590.0,5590.0,5590.0,5590.0,2000,5590,0.1
2012/08/10,5490.0,5490.0,5490.0,5490.0,1000,5490,0.1
2012/08/13,5500.0,5500.0,5500.0,5500.0,1000,5500,0.1
2012/08/14,5590.0,5590.0,5590.0,5590.0,1000,5590,0.1
2012/08/15,5700.0,5700.0,5700.0,5700.0,3000,5700,0.1
2012/08/17,5600.0,5600.0,5600.0,5600.0,1000,5600,0.1
2012/08/20,5900.0,6000.0,5900.0,6000.0,15000,6000,0.1
2012/08/22,5800.0,5800.0,5800.0,5800.0,1000,5800,0.1
2012/08/27,6000.0,6000.0,6000.0,6000.0,1000,6000,0.1
2012/08/28,5610.0,5670.0,5610.0,5670.0,2000,5670,0.1
2012/08/29,5670.0,5670.0,5670.0,5670.0,6000,5670,0.1
2012/08/30,5570.0,5570.0,5570.0,5570.0,1000,5570,0.1
2012/08/31,5570.0,5600.0,5490.0,5600.0,4000,5600,0.1
2012/09/03,5500.0,5500.0,5500.0,5500.0,1000,5500,0.1
2012/09/07,5600.0,5600.0,5600.0,5600.0,1000,5600,0.1
2012/09/10,5600.0,5600.0,5600.0,5600.0,1000,5600,0.1
2012/09/11,5610.0,5610.0,5610.0,5610.0,1000,5610,0.1
2012/09/12,5630.0,5630.0,5630.0,5630.0,1000,5630,0.1
2012/09/14,5830.0,5830.0,5830.0,5830.0,1000,5830,0.1
2012/09/18,5830.0,5830.0,5830.0,5830.0,3000,5830,0.1
2012/09/19,5810.0,5810.0,5810.0,5810.0,1000,5810,0.1
2012/09/20,5720.0,5720.0,5520.0,5520.0,11000,5520,0.1
2012/09/24,5490.0,5490.0,5490.0,5490.0,3000,5490,0.1
2012/09/25,5390.0,5390.0,5390.0,5390.0,1000,5390,0.1
2012/09/26,5390.0,5390.0,5390.0,5390.0,1000,5390,0.1
2012/09/28,5390.0,5390.0,5390.0,5390.0,2000,5390,0.1
2012/10/02,5300.0,5300.0,5300.0,5300.0,3000,5300,0.1
2012/10/04,5300.0,5300.0,5300.0,5300.0,2000,5300,0.1
2012/10/05,5300.0,5300.0,5300.0,5300.0,1000,5300,0.1
2012/10/12,5330.0,5330.0,5330.0,5330.0,1000,5330,0.1
2012/10/16,5500.0,5500.0,5500.0,5500.0,1000,5500,0.1
2012/10/17,5460.0,5460.0,5360.0,5360.0,6000,5360,0.1
2012/10/18,5460.0,6300.0,5360.0,6280.0,13000,6280,0.1
2012/10/19,5970.0,6300.0,5810.0,6300.0,14000,6300,0.1
2012/10/22,5830.0,6300.0,5830.0,6300.0,5000,6300,0.1
2012/10/23,6500.0,6500.0,6500.0,6500.0,1000,6500,0.1
2012/10/24,6100.0,6350.0,6050.0,6350.0,4000,6350,0.1
2012/10/25,6250.0,7300.0,6250.0,7300.0,7000,7300,0.1
2012/10/26,8650.0,8650.0,7300.0,7300.0,3000,7300,0.1
2012/10/29,7200.0,7300.0,7200.0,7300.0,7000,7300,0.1
2012/10/30,7500.0,7500.0,7300.0,7300.0,7000,7300,0.1
2012/10/31,7400.0,7400.0,7400.0,7400.0,1000,7400,0.1
2012/11/01,7200.0,7200.0,7000.0,7000.0,4000,7000,0.1
2012/11/02,7000.0,7000.0,7000.0,7000.0,1000,7000,0.1
2012/11/05,7200.0,7200.0,7000.0,7200.0,5000,7200,0.1
2012/11/06,7500.0,7600.0,7500.0,7600.0,3000,7600,0.1
2012/11/07,7700.0,7700.0,7100.0,7540.0,6000,7540,0.1
2012/11/08,7600.0,7600.0,7600.0,7600.0,1000,7600,0.1
2012/11/09,7600.0,7600.0,7600.0,7600.0,2000,7600,0.1
2012/11/12,7600.0,7600.0,7600.0,7600.0,1000,7600,0.1
2012/11/13,7750.0,8200.0,7750.0,8200.0,9000,8200,0.1
2012/11/15,8000.0,8000.0,8000.0,8000.0,1000,8000,0.1
2012/11/19,7500.0,8000.0,7500.0,8000.0,3000,8000,0.1
2012/11/20,8000.0,8000.0,8000.0,8000.0,3000,8000,0.1
2012/11/21,7550.0,8000.0,7550.0,8000.0,4000,8000,0.1
2012/11/22,8000.0,8000.0,8000.0,8000.0,1000,8000,0.1
2012/11/29,7800.0,7800.0,7800.0,7800.0,2000,7800,0.1
2012/11/30,7800.0,7950.0,7800.0,7950.0,5000,7950,0.1
2012/12/05,7800.0,7800.0,7800.0,7800.0,2000,7800,0.1
2012/12/10,7800.0,7800.0,7800.0,7800.0,1000,7800,0.1
2012/12/11,7800.0,7800.0,7800.0,7800.0,2000,7800,0.1
2012/12/12,7810.0,7810.0,7800.0,7800.0,2000,7800,0.1
2012/12/14,8000.0,8000.0,7990.0,7990.0,2000,7990,0.1
2012/12/17,8000.0,8000.0,8000.0,8000.0,1000,8000,0.1
2012/12/19,7800.0,8000.0,7800.0,8000.0,8000,8000,0.1
2012/12/20,8000.0,8000.0,7800.0,7800.0,5000,7800,0.1
2012/12/25,7800.0,7800.0,7800.0,7800.0,2000,7800,0.1
2012/12/26,7800.0,7800.0,7800.0,7800.0,1000,7800,0.1
2012/12/27,7890.0,7890.0,7880.0,7880.0,3000,7880,0.1
2013/01/07,7580.0,7880.0,7580.0,7880.0,2000,7880,0.1
2013/01/09,7700.0,7800.0,7700.0,7800.0,2000,7800,0.1
2013/01/10,7860.0,7860.0,7860.0,7860.0,1000,7860,0.1
2013/01/11,7900.0,7900.0,7900.0,7900.0,1000,7900,0.1
2013/01/15,8000.0,8000.0,8000.0,8000.0,1000,8000,0.1
2013/01/16,8000.0,8000.0,8000.0,8000.0,1000,8000,0.1
2013/01/17,8000.0,8000.0,8000.0,8000.0,6000,8000,0.1
2013/01/18,8000.0,8000.0,8000.0,8000.0,4000,8000,0.1
2013/01/21,7850.0,7950.0,7850.0,7950.0,3000,7950,0.1
2013/01/28,7930.0,7930.0,7930.0,7930.0,1000,7930,0.1
2013/01/29,7980.0,7980.0,7980.0,7980.0,1000,7980,0.1
2013/02/01,7710.0,7850.0,7710.0,7850.0,2000,7850,0.1
2013/02/05,7550.0,7830.0,7400.0,7830.0,10000,7830,0.1
2013/02/13,7550.0,7850.0,7400.0,7850.0,5000,7850,0.1
2013/02/14,7830.0,7830.0,7830.0,7830.0,1000,7830,0.1
2013/02/15,7840.0,7840.0,7840.0,7840.0,1000,7840,0.1
2013/02/19,7800.0,7800.0,7800.0,7800.0,4000,7800,0.1
2013/02/20,7800.0,7810.0,7800.0,7810.0,7000,7810,0.1
2013/02/25,7660.0,7840.0,7660.0,7840.0,3000,7840,0.1
2013/02/26,7690.0,7840.0,7690.0,7840.0,2000,7840,0.1
2013/02/28,7800.0,7850.0,7800.0,7850.0,8000,7850,0.1
2013/03/01,7850.0,7880.0,7850.0,7880.0,10000,7880,0.1
2013/03/04,7940.0,8000.0,7940.0,8000.0,4000,8000,0.1
2013/03/05,8000.0,8000.0,8000.0,8000.0,7000,8000,0.1
2013/03/06,8000.0,8000.0,8000.0,8000.0,5000,8000,0.1
2013/03/07,8000.0,8000.0,7860.0,8000.0,7000,8000,0.1
2013/03/08,8100.0,8100.0,8100.0,8100.0,2000,8100,0.1
2013/03/11,8100.0,8150.0,7620.0,7800.0,19000,7800,0.1
2013/03/12,7730.0,7950.0,7710.0,7830.0,15000,7830,0.1
2013/03/13,7840.0,8100.0,7730.0,8100.0,9000,8100,0.1
2013/03/14,8100.0,8100.0,8000.0,8000.0,2000,8000,0.1
2013/03/15,7880.0,8050.0,7730.0,8050.0,11000,8050,0.1
2013/03/18,8150.0,8150.0,8100.0,8150.0,3000,8150,0.1
2013/03/19,8150.0,8150.0,8000.0,8000.0,4000,8000,0.1
2013/03/22,7900.0,7900.0,7900.0,7900.0,5000,7900,0.1
2013/03/25,8100.0,8100.0,8000.0,8000.0,8000,8000,0.1
2013/03/26,8100.0,8100.0,8100.0,8100.0,5000,8100,0.1
2013/03/27,8200.0,8200.0,8000.0,8000.0,3000,8000,0.1
2013/03/28,8150.0,8150.0,8150.0,8150.0,1000,8150,0.1
2013/03/29,8150.0,8150.0,8150.0,8150.0,5000,8150,0.1
2013/04/01,7920.0,7920.0,7920.0,7920.0,1000,7920,0.1
2013/04/02,8000.0,8000.0,8000.0,8000.0,6000,8000,0.1
2013/04/03,8100.0,8100.0,7970.0,7970.0,3000,7970,0.1
2013/04/04,8000.0,8000.0,8000.0,8000.0,1000,8000,0.1
2013/04/05,8050.0,8200.0,8000.0,8200.0,12000,8200,0.1
2013/04/08,8350.0,8350.0,8000.0,8300.0,9000,8300,0.1
2013/04/09,8010.0,8350.0,8000.0,8350.0,10000,8350,0.1
2013/04/10,8100.0,8350.0,8100.0,8350.0,2000,8350,0.1
2013/04/11,8200.0,8200.0,8200.0,8200.0,2000,8200,0.1
2013/04/12,8310.0,8310.0,8310.0,8310.0,2000,8310,0.1
2013/04/16,8310.0,8310.0,8310.0,8310.0,1000,8310,0.1
2013/04/18,8210.0,8350.0,8150.0,8350.0,8000,8350,0.1
2013/04/19,8200.0,8230.0,8150.0,8230.0,9000,8230,0.1
2013/04/22,8150.0,8150.0,8150.0,8150.0,1000,8150,0.1
2013/04/23,8180.0,8350.0,8180.0,8350.0,8000,8350,0.1
2013/04/24,8220.0,8220.0,8220.0,8220.0,2000,8220,0.1
2013/04/25,8170.0,8450.0,8170.0,8450.0,2000,8450,0.1
2013/04/26,8300.0,8440.0,8220.0,8440.0,5000,8440,0.1
2013/05/10,8400.0,8400.0,8400.0,8400.0,6000,8400,0.1
2013/05/14,8150.0,8220.0,8150.0,8220.0,11000,8220,0.1
2013/05/15,8270.0,8270.0,8160.0,8250.0,7000,8250,0.1
2013/05/16,8150.0,8280.0,8150.0,8280.0,4000,8280,0.1
2013/05/17,8220.0,9780.0,8180.0,9780.0,45000,9780,0.1
2013/05/20,11280.0,11280.0,11280.0,11280.0,14000,11280,0.1
2013/05/21,14280.0,14280.0,13100.0,14000.0,92000,14000,0.1
2013/05/22,14000.0,14000.0,12000.0,12040.0,21000,12040,0.1
2013/05/23,12040.0,12050.0,11280.0,12040.0,18000,12040,0.1
2013/05/24,12010.0,13600.0,11410.0,13600.0,29000,13600,0.1
2013/05/27,12110.0,13000.0,12060.0,12300.0,15000,12300,0.1
2013/05/28,12350.0,12990.0,12350.0,12750.0,9000,12750,0.1
2013/05/29,12510.0,13000.0,12500.0,12750.0,24000,12750,0.1
2013/05/30,12500.0,12750.0,12500.0,12750.0,5000,12750,0.1
2013/05/31,12750.0,12750.0,12750.0,12750.0,10000,12750,0.1
2013/06/03,12800.0,12800.0,12800.0,12800.0,1000,12800,0.1
2013/06/05,12300.0,12300.0,12300.0,12300.0,5000,12300,0.1
2013/06/06,12000.0,12500.0,12000.0,12500.0,7000,12500,0.1
2013/06/07,10700.0,12500.0,10700.0,11300.0,5000,11300,0.1
2013/06/10,11000.0,12200.0,11000.0,11990.0,4000,11990,0.1
2013/06/11,10860.0,10860.0,10860.0,10860.0,1000,10860,0.1
2013/06/12,11100.0,11100.0,11100.0,11100.0,3000,11100,0.1
2013/06/13,10860.0,10860.0,10860.0,10860.0,1000,10860,0.1
2013/06/14,11100.0,11100.0,11100.0,11100.0,3000,11100,0.1
2013/06/17,11700.0,11700.0,11700.0,11700.0,2000,11700,0.1
2013/06/19,11820.0,11820.0,11820.0,11820.0,1000,11820,0.1
2013/06/20,11520.0,11930.0,11330.0,11930.0,5000,11930,0.1
2013/06/25,11630.0,11780.0,11630.0,11770.0,3000,11770,0.1
2013/06/26,11470.0,11770.0,11470.0,11470.0,5000,11470,0.1
2013/06/27,11770.0,11930.0,11470.0,11930.0,6000,11930,0.1
2013/06/28,11930.0,11930.0,11930.0,11930.0,4000,11930,0.1
2013/07/01,11630.0,12000.0,11540.0,12000.0,3000,12000,0.1
2013/07/02,11720.0,11980.0,11720.0,11980.0,5000,11980,0.1
2013/07/03,12000.0,12000.0,11800.0,11800.0,3000,11800,0.1
2013/07/04,11800.0,11970.0,11670.0,11670.0,9000,11670,0.1
2013/07/05,11510.0,11660.0,11510.0,11660.0,2000,11660,0.1
2013/07/08,11660.0,11660.0,11630.0,11630.0,2000,11630,0.1
2013/07/09,11350.0,11600.0,11350.0,11600.0,16000,11600,0.1
2013/07/10,11950.0,11950.0,11950.0,11950.0,1000,11950,0.1
2013/07/11,11650.0,11990.0,11500.0,11990.0,6000,11990,0.1
2013/07/12,11980.0,11980.0,11980.0,11980.0,1000,11980,0.1
2013/07/16,11980.0,11980.0,11720.0,11720.0,4000,11720,0.1
2013/07/17,11730.0,11730.0,11730.0,11730.0,1000,11730,0.1
2013/07/18,11730.0,11730.0,11730.0,11730.0,1000,11730,0.1
2013/07/19,11770.0,11870.0,11770.0,11870.0,4000,11870,0.1
2013/07/22,11780.0,11910.0,11780.0,11910.0,3000,11910,0.1
2013/07/23,11720.0,12490.0,11720.0,12000.0,11000,12000,0.1
2013/07/24,12000.0,12000.0,11910.0,11910.0,4000,11910,0.1
2013/07/25,12000.0,12150.0,11910.0,12150.0,9000,12150,0.1
2013/07/26,12180.0,12180.0,12000.0,12010.0,4000,12010,0.1
2013/07/29,11810.0,12410.0,11810.0,12410.0,2000,12410,0.1
2013/08/01,12110.0,12260.0,12000.0,12000.0,3000,12000,0.1
2013/08/02,12020.0,12020.0,12020.0,12020.0,1000,12020,0.1
2013/08/05,12090.0,12090.0,11820.0,11990.0,7000,11990,0.1
2013/08/06,11930.0,12100.0,11930.0,12100.0,5000,12100,0.1
2013/08/09,12000.0,12200.0,12000.0,12200.0,9000,12200,0.1
2013/08/12,13700.0,14050.0,13600.0,13660.0,35000,13660,0.1
2013/08/13,13360.0,13600.0,13090.0,13600.0,10000,13600,0.1
2013/08/14,13500.0,13600.0,13010.0,13600.0,6000,13600,0.1
2013/08/15,13600.0,13600.0,13580.0,13580.0,9000,13580,0.1
2013/08/16,13600.0,13600.0,13590.0,13600.0,4000,13600,0.1
2013/08/19,13600.0,13600.0,13600.0,13600.0,3000,13600,0.1
2013/08/20,13610.0,13620.0,13430.0,13430.0,9000,13430,0.1
2013/08/22,13130.0,13720.0,13120.0,13720.0,12000,13720,0.1
2013/08/23,13500.0,13530.0,13500.0,13530.0,5000,13530,0.1
2013/08/26,13440.0,13440.0,13440.0,13440.0,1000,13440,0.1
2013/08/27,13440.0,13440.0,13440.0,13440.0,1000,13440,0.1
2013/08/28,13150.0,13500.0,13150.0,13500.0,7000,13500,0.1
2013/08/29,13500.0,13800.0,13500.0,13800.0,7000,13800,0.1
2013/08/30,13510.0,14800.0,13510.0,14800.0,36000,14800,0.1
2013/09/02,14500.0,15200.0,14500.0,14900.0,42000,14900,0.1
2013/09/05,14890.0,14890.0,14590.0,14590.0,2000,14590,0.1
2013/09/06,14590.0,14590.0,14490.0,14590.0,4000,14590,0.1
2013/09/10,14590.0,14900.0,14590.0,14710.0,9000,14710,0.1
2013/09/11,14990.0,15200.0,14990.0,15200.0,10000,15200,0.1
2013/09/12,15200.0,15390.0,14910.0,14910.0,18000,14910,0.1
2013/09/13,15330.0,15400.0,15330.0,15400.0,35000,15400,0.1
2013/09/17,15500.0,15800.0,15430.0,15560.0,24000,15560,0.1
2013/09/18,15420.0,15610.0,15200.0,15520.0,10000,15520,0.1
2013/09/19,15750.0,16000.0,15750.0,16000.0,43000,16000,0.1
2013/09/20,16000.0,16000.0,15770.0,15830.0,17000,15830,0.1
2013/09/24,15990.0,15990.0,15810.0,15910.0,8000,15910,0.1
2013/09/25,15900.0,15900.0,15810.0,15810.0,11000,15810,0.1
2013/09/27,15460.0,16100.0,15460.0,16000.0,19000,16000,0.1
2013/09/30,15700.0,15800.0,15700.0,15800.0,6000,15800,0.1
2013/10/01,15900.0,16100.0,15900.0,16000.0,26000,16000,0.1
2013/10/02,15700.0,15980.0,15700.0,15980.0,7000,15980,0.1
2013/10/03,15990.0,15990.0,15950.0,15950.0,2000,15950,0.1
2013/10/07,15650.0,15750.0,15450.0,15550.0,12000,15550,0.1
2013/10/08,15740.0,15740.0,15740.0,15740.0,2000,15740,0.1
2013/10/09,15690.0,15710.0,15690.0,15700.0,6000,15700,0.1
2013/10/10,15710.0,15710.0,15710.0,15710.0,11000,15710,0.1
2013/10/11,15710.0,15810.0,15700.0,15700.0,7000,15700,0.1
2013/10/15,15990.0,15990.0,15980.0,15980.0,5000,15980,0.1
2013/10/16,15980.0,15980.0,15800.0,15800.0,21000,15800,0.1
2013/10/17,15900.0,15980.0,15700.0,15750.0,18000,15750,0.1
2013/10/18,15710.0,15980.0,15710.0,15960.0,11000,15960,0.1
2013/10/21,15970.0,16200.0,15710.0,16120.0,53000,16120,0.1
2013/10/22,16120.0,16340.0,16000.0,16110.0,22000,16110,0.1
2013/10/23,16010.0,16190.0,16000.0,16000.0,11000,16000,0.1
2013/10/24,16000.0,16000.0,16000.0,16000.0,2000,16000,0.1
2013/10/25,15710.0,16000.0,15700.0,16000.0,3000,16000,0.1
2013/10/28,16200.0,16400.0,16010.0,16100.0,14000,16100,0.1
2013/10/29,16210.0,16210.0,15990.0,15990.0,20000,15990,0.1
2013/10/30,15900.0,16250.0,15800.0,16190.0,57000,16190,0.1
2013/10/31,16190.0,16200.0,15910.0,15910.0,5000,15910,0.1
2013/11/01,15920.0,16010.0,15740.0,15740.0,10000,15740,0.1
2013/11/05,15680.0,15680.0,15680.0,15680.0,2000,15680,0.1
2013/11/06,15690.0,15700.0,15690.0,15700.0,14000,15700,0.1
2013/11/07,15800.0,15800.0,15800.0,15800.0,1000,15800,0.1
2013/11/08,15810.0,16400.0,15610.0,16400.0,13000,16400,0.1
2013/11/11,16400.0,16930.0,16000.0,16560.0,19000,16560,0.1
2013/11/12,16560.0,16590.0,16260.0,16320.0,8000,16320,0.1
2013/11/13,16320.0,16740.0,16320.0,16460.0,4000,16460,0.1
2013/11/14,16510.0,17000.0,16510.0,16800.0,16000,16800,0.1
2013/11/15,16890.0,17990.0,16890.0,17110.0,34000,17110,0.1
2013/11/18,17320.0,18000.0,17320.0,17560.0,23000,17560,0.1
2013/11/19,18020.0,19000.0,18020.0,18160.0,33000,18160,0.1
2013/11/20,18260.0,18610.0,18200.0,18210.0,15000,18210,0.1
2013/11/21,18120.0,18740.0,18120.0,18320.0,8000,18320,0.1
2013/11/22,18170.0,18570.0,18130.0,18130.0,23000,18130,0.1
2013/11/25,18120.0,18500.0,18120.0,18280.0,13000,18280,0.1
2013/11/26,18280.0,18650.0,18280.0,18650.0,10000,18650,0.1
2013/11/27,18610.0,19570.0,18610.0,19570.0,14000,19570,0.1
2013/11/28,19470.0,20500.0,19470.0,20500.0,42000,20500,0.1
2013/11/29,20490.0,20490.0,18980.0,19130.0,12000,19130,0.1
2013/12/02,19150.0,19340.0,19150.0,19340.0,6000,19340,0.1
2013/12/03,19360.0,19560.0,19140.0,19150.0,19000,19150,0.1
2013/12/04,18910.0,19250.0,18910.0,18940.0,15000,18940,0.1
2013/12/05,19000.0,19390.0,18910.0,18910.0,6000,18910,0.1
2013/12/06,18910.0,19030.0,18910.0,18910.0,6000,18910,0.1
2013/12/09,19000.0,19240.0,19000.0,19130.0,12000,19130,0.1
2013/12/10,19020.0,19040.0,19020.0,19040.0,3000,19040,0.1
2013/12/11,19050.0,19130.0,19050.0,19120.0,3000,19120,0.1
2013/12/12,19130.0,19130.0,18110.0,18420.0,33000,18420,0.1
2013/12/13,18350.0,18650.0,18350.0,18650.0,7000,18650,0.1
2013/12/16,18700.0,19250.0,18700.0,19100.0,14000,19100,0.1
2013/12/17,19210.0,19380.0,18410.0,18490.0,17000,18490,0.1
2013/12/18,18200.0,18790.0,18200.0,18790.0,7000,18790,0.1
2013/12/19,18850.0,19120.0,18720.0,18800.0,10000,18800,0.1
2013/12/20,18510.0,18740.0,18130.0,18270.0,39000,18270,0.1
2013/12/24,18210.0,18430.0,18210.0,18380.0,28000,18380,0.1
2013/12/25,18400.0,18640.0,18390.0,18620.0,30000,18620,0.1
2013/12/26,18620.0,19000.0,18620.0,18950.0,6000,18950,0.1
2013/12/27,18690.0,19500.0,18690.0,19500.0,8000,19500,0.1
2013/12/30,19800.0,20500.0,19800.0,20450.0,26000,20450,0.1
2014/01/06,20370.0,20370.0,20200.0,20300.0,24000,20300,0.1
2014/01/07,20490.0,21900.0,20490.0,21300.0,14000,21300,0.1
2014/01/08,21320.0,21510.0,21120.0,21510.0,31000,21510,0.1
2014/01/09,21510.0,21660.0,21510.0,21660.0,19000,21660,0.1
2014/01/10,21660.0,21890.0,21660.0,21820.0,33000,21820,0.1
2014/01/14,21800.0,21890.0,21770.0,21890.0,21000,21890,0.1
2014/01/15,21900.0,22000.0,21760.0,21760.0,32000,21760,0.1
2014/01/16,21850.0,21850.0,21280.0,21660.0,14000,21660,0.1
2014/01/17,21670.0,22000.0,21490.0,21490.0,14000,21490,0.1
2014/01/20,21260.0,21260.0,21200.0,21200.0,4000,21200,0.1
2014/01/21,21590.0,21600.0,21100.0,21100.0,4000,21100,0.1
2014/01/22,21600.0,21800.0,21300.0,21300.0,5000,21300,0.1
2014/01/23,21260.0,21580.0,21260.0,21360.0,8000,21360,0.1
2014/01/24,21650.0,22000.0,20500.0,20810.0,50000,20810,0.1
2014/01/27,20310.0,20600.0,20010.0,20030.0,28000,20030,0.1
2014/01/28,20200.0,21700.0,20200.0,21100.0,10000,21100,0.1
2014/01/29,21100.0,21900.0,20750.0,21410.0,24000,21410,0.1
2014/01/30,21790.0,22000.0,21260.0,21260.0,31000,21260,0.1
2014/02/04,20760.0,21860.0,20110.0,21850.0,48000,21850,0.1
2014/02/05,21500.0,21500.0,21110.0,21110.0,10000,21110,0.1
2014/02/06,21500.0,22200.0,21500.0,22110.0,35000,22110,0.1
2014/02/07,22200.0,22400.0,22010.0,22260.0,18000,22260,0.1
2014/02/10,22260.0,22420.0,22260.0,22420.0,60000,22420,0.1
2014/02/12,22600.0,25000.0,22600.0,24700.0,73000,24700,0.1
2014/02/13,24900.0,26990.0,24400.0,26500.0,91000,26500,0.1
2014/02/14,31400.0,31500.0,31400.0,31500.0,45000,31500,0.1
2014/02/17,33600.0,35700.0,33150.0,33200.0,57000,33200,0.1
2014/02/18,33200.0,34400.0,32650.0,33700.0,29000,33700,0.1
2014/02/19,34400.0,40700.0,33800.0,40700.0,101000,40700,0.1
2014/02/20,42000.0,42000.0,38600.0,40050.0,48000,40050,0.1
2014/02/21,39700.0,41000.0,39700.0,40200.0,22000,40200,0.1
2014/02/24,39500.0,40200.0,37150.0,37900.0,57000,37900,0.1
2014/02/25,38500.0,38500.0,36050.0,36750.0,25000,36750,0.1
2014/02/26,36750.0,39200.0,36400.0,38500.0,21000,38500,0.1
2014/02/27,39500.0,41100.0,37950.0,39000.0,41000,39000,0.1
2014/02/28,38300.0,38300.0,37800.0,38000.0,5000,38000,0.1
2014/03/03,39000.0,39800.0,38200.0,38400.0,8000,38400,0.1
2014/03/04,39000.0,40300.0,38700.0,39350.0,16000,39350,0.1
2014/03/05,39300.0,39700.0,39000.0,39000.0,21000,39000,0.1
2014/03/06,38700.0,38700.0,38000.0,38000.0,2000,38000,0.1
2014/03/07,37700.0,37700.0,37650.0,37650.0,4000,37650,0.1
2014/03/10,37650.0,38500.0,37650.0,37650.0,10000,37650,0.1
2014/03/11,37700.0,38050.0,37700.0,37750.0,14000,37750,0.1
2014/03/12,37800.0,37800.0,37200.0,37500.0,14000,37500,0.1
2014/03/13,37900.0,37900.0,37000.0,37500.0,7000,37500,0.1
2014/03/14,37000.0,37000.0,36000.0,36300.0,13000,36300,0.1
2014/03/17,36300.0,37000.0,36250.0,36250.0,15000,36250,0.1
2014/03/18,36150.0,36150.0,36150.0,36150.0,3000,36150,0.1
2014/03/19,36100.0,37000.0,36000.0,36050.0,12000,36050,0.1
2014/03/20,34150.0,34600.0,33450.0,34250.0,25000,34250,0.1
2014/03/24,34500.0,37000.0,34500.0,36850.0,20000,36850,0.1
2014/03/25,36050.0,36400.0,36050.0,36400.0,2000,36400,0.1
2014/03/26,36150.0,37000.0,36150.0,36800.0,22000,36800,0.1
2014/03/27,37000.0,37000.0,36800.0,36800.0,8000,36800,0.1
2014/03/28,38000.0,40100.0,38000.0,39150.0,14000,39150,0.1
2014/03/31,39450.0,40950.0,39000.0,40200.0,20000,40200,0.1
2014/04/01,39900.0,39900.0,39000.0,39250.0,8000,39250,0.1
2014/04/02,39000.0,39000.0,38950.0,39000.0,5000,39000,0.1
2014/04/07,39000.0,39000.0,39000.0,39000.0,1000,39000,0.1
2014/04/08,39000.0,39000.0,36450.0,37300.0,12000,37300,0.1
2014/04/09,36650.0,37000.0,36650.0,37000.0,4000,37000,0.1
2014/04/10,36300.0,36350.0,36300.0,36300.0,10000,36300,0.1
2014/04/11,35750.0,36300.0,35750.0,36300.0,10000,36300,0.1
2014/04/14,35950.0,36100.0,35950.0,36050.0,8000,36050,0.1
2014/04/15,38150.0,38150.0,37450.0,37450.0,2000,37450,0.1
2014/04/16,37000.0,37000.0,37000.0,37000.0,2000,37000,0.1
2014/04/17,37700.0,37700.0,36550.0,37000.0,5000,37000,0.1
2014/04/18,36500.0,36600.0,36500.0,36600.0,5000,36600,0.1
2014/04/21,37000.0,37700.0,37000.0,37500.0,5000,37500,0.1
2014/04/22,37700.0,38000.0,37700.0,38000.0,3000,38000,0.1
2014/04/23,38500.0,38500.0,37100.0,37250.0,6000,37250,0.1
2014/04/24,38300.0,38300.0,36700.0,37000.0,8000,37000,0.1
2014/04/25,37300.0,37650.0,37100.0,37650.0,5000,37650,0.1
2014/04/28,37100.0,37100.0,37100.0,37100.0,1000,37100,0.1
2014/04/30,37500.0,38800.0,37250.0,38800.0,17000,38800,0.1
2014/05/01,38900.0,39000.0,38300.0,38650.0,9000,38650,0.1
2014/05/02,38650.0,45650.0,38650.0,45650.0,43000,45650,0.1
2014/05/07,46100.0,47650.0,43550.0,47450.0,40000,47450,0.1
2014/05/08,46750.0,47450.0,43550.0,43550.0,19000,43550,0.1
2014/05/09,44850.0,44850.0,44000.0,44000.0,9000,44000,0.1
2014/05/12,41000.0,42900.0,40950.0,40950.0,25000,40950,0.1
2014/05/13,40700.0,40700.0,37000.0,40500.0,37000,40500,0.1
2014/05/14,40500.0,40500.0,40500.0,40500.0,1000,40500,0.1
2014/05/15,40000.0,40800.0,37950.0,40800.0,23000,40800,0.1
2014/05/16,40000.0,40700.0,39300.0,40700.0,6000,40700,0.1
2014/05/19,40800.0,42000.0,40800.0,42000.0,2000,42000,0.1
2014/05/20,42000.0,42000.0,41300.0,41900.0,3000,41900,0.1
2014/05/21,41900.0,42850.0,41900.0,42850.0,9000,42850,0.1
2014/05/22,42250.0,45900.0,42200.0,45900.0,11000,45900,0.1
2014/05/23,45900.0,46000.0,45000.0,45300.0,9000,45300,0.1
2014/05/26,45300.0,45300.0,44600.0,45300.0,3000,45300,0.1
2014/05/27,45900.0,45900.0,45900.0,45900.0,1000,45900,0.1
2014/05/28,46000.0,48950.0,45950.0,48950.0,24000,48950,0.1
2014/05/29,49650.0,53800.0,49000.0,53000.0,37000,53000,0.1
2014/05/30,52000.0,54000.0,49300.0,54000.0,32000,54000,0.1
2014/06/02,53000.0,54000.0,52200.0,52200.0,9000,52200,0.1
2014/06/03,51300.0,52300.0,50300.0,51400.0,6000,51400,0.1
2014/06/04,51400.0,52200.0,51400.0,52200.0,3000,52200,0.1
2014/06/05,52000.0,52000.0,50300.0,50500.0,12000,50500,0.1
2014/06/06,50500.0,50500.0,50100.0,50300.0,6000,50300,0.1
2014/06/09,51000.0,51400.0,51000.0,51000.0,4000,51000,0.1
2014/06/10,51000.0,51000.0,49950.0,50500.0,10000,50500,0.1
2014/06/11,49600.0,50000.0,49500.0,50000.0,3000,50000,0.1
2014/06/12,50100.0,51000.0,50100.0,50300.0,7000,50300,0.1
2014/06/13,49500.0,51900.0,49500.0,51900.0,15000,51900,0.1
2014/06/16,51800.0,51800.0,49500.0,49500.0,13000,49500,0.1
2014/06/17,50500.0,50500.0,49500.0,50200.0,12000,50200,0.1
2014/06/18,49550.0,50800.0,49400.0,50800.0,8000,50800,0.1
2014/06/19,50000.0,50800.0,49400.0,50800.0,5000,50800,0.1
2014/06/20,49100.0,50800.0,49050.0,50800.0,23000,50800,0.1
2014/06/23,50100.0,50900.0,50000.0,50900.0,4000,50900,0.1
2014/06/24,50100.0,50400.0,49500.0,50400.0,8000,50400,0.1
2014/06/25,49600.0,50300.0,49450.0,50200.0,7000,50200,0.1
2014/06/26,49600.0,50200.0,49600.0,50200.0,3000,50200,0.1
2014/06/27,49650.0,50000.0,49650.0,50000.0,2000,50000,0.1
2014/06/30,49450.0,50000.0,49450.0,50000.0,4000,50000,0.1
2014/07/01,50000.0,51300.0,50000.0,51300.0,13000,51300,0.1
2014/07/02,52300.0,55000.0,52300.0,55000.0,12000,55000,0.1
2014/07/03,55200.0,56000.0,52000.0,52000.0,14000,52000,0.1
2014/07/04,53000.0,53800.0,52900.0,53800.0,8000,53800,0.1
2014/07/07,53000.0,53000.0,53000.0,53000.0,1000,53000,0.1
2014/07/09,52500.0,53500.0,52500.0,53500.0,2000,53500,0.1
2014/07/10,53500.0,53500.0,52800.0,53500.0,3000,53500,0.1
2014/07/14,52500.0,52500.0,50800.0,51000.0,7000,51000,0.1
2014/07/15,52700.0,52700.0,51000.0,51000.0,3000,51000,0.1
2014/07/16,51500.0,52200.0,51200.0,51200.0,3000,51200,0.1
2014/07/17,51200.0,51200.0,49700.0,49700.0,9000,49700,0.1
2014/07/18,49300.0,49450.0,49250.0,49250.0,6000,49250,0.1
2014/07/22,49250.0,49250.0,49100.0,49100.0,2000,49100,0.1
2014/07/23,49300.0,50000.0,49000.0,49700.0,4000,49700,0.1
2014/07/24,49400.0,49800.0,49400.0,49400.0,4000,49400,0.1
2014/07/25,49600.0,49600.0,49600.0,49600.0,1000,49600,0.1
2014/07/28,49900.0,49900.0,49900.0,49900.0,1000,49900,0.1
2014/07/29,49900.0,50000.0,49900.0,49900.0,3000,49900,0.1
2014/07/30,49800.0,49800.0,49150.0,49250.0,5000,49250,0.1
2014/07/31,49250.0,50300.0,49100.0,50300.0,10000,50300,0.1
2014/08/01,50000.0,51300.0,50000.0,51000.0,10000,51000,0.1
2014/08/04,50500.0,51000.0,50500.0,51000.0,3000,51000,0.1
2014/08/05,51500.0,51900.0,51500.0,51500.0,3000,51500,0.1
2014/08/07,50800.0,51500.0,50800.0,51500.0,5000,51500,0.1
2014/08/08,51000.0,51000.0,50500.0,50900.0,7000,50900,0.1
2014/08/11,50100.0,51000.0,50000.0,50000.0,4000,50000,0.1
2014/08/12,50800.0,51900.0,50800.0,51900.0,3000,51900,0.1
2014/08/13,47800.0,48500.0,44250.0,44250.0,28000,44250,0.1
2014/08/14,43800.0,43800.0,42000.0,42000.0,13000,42000,0.1
2014/08/15,42000.0,47250.0,42000.0,47250.0,22000,47250,0.1
2014/08/18,43750.0,45000.0,43650.0,43700.0,16000,43700,0.1
2014/08/19,43650.0,44300.0,43500.0,44300.0,7000,44300,0.1
2014/08/20,43600.0,43600.0,43000.0,43000.0,7000,43000,0.1
2014/08/21,43700.0,44400.0,42100.0,42800.0,13000,42800,0.1
2014/08/22,43000.0,43000.0,42050.0,42650.0,5000,42650,0.1
2014/08/25,41250.0,42100.0,40650.0,40650.0,12000,40650,0.1
2014/08/26,41100.0,41100.0,41100.0,41100.0,2000,41100,0.1
2014/08/27,41100.0,41500.0,41100.0,41500.0,3000,41500,0.1
2014/08/28,41950.0,42500.0,41950.0,42500.0,2000,42500,0.1
2014/08/29,41900.0,42400.0,41900.0,42400.0,3000,42400,0.1
2014/09/04,41100.0,42000.0,41100.0,42000.0,12000,42000,0.1
2014/09/05,42000.0,42000.0,42000.0,42000.0,7000,42000,0.1
2014/09/08,42000.0,42500.0,42000.0,42500.0,5000,42500,0.1
2014/09/12,42500.0,42500.0,42500.0,42500.0,2000,42500,0.1
2014/09/16,42400.0,42400.0,42400.0,42400.0,1000,42400,0.1
2014/09/17,41500.0,42000.0,41500.0,42000.0,2000,42000,0.1
2014/09/18,41900.0,42600.0,41000.0,42600.0,8000,42600,0.1
2014/09/19,41900.0,41900.0,41400.0,41900.0,12000,41900,0.1
2014/09/22,41200.0,41300.0,41200.0,41250.0,8000,41250,0.1
2014/09/24,41500.0,41900.0,41200.0,41900.0,7000,41900,0.1
2014/09/25,41500.0,41500.0,41500.0,41500.0,2000,41500,0.1
2014/09/26,41500.0,42400.0,41400.0,42400.0,6000,42400,0.1
2014/10/01,41100.0,42400.0,41100.0,42400.0,4000,42400,0.1
2014/10/03,42400.0,42400.0,42400.0,42400.0,1000,42400,0.1
2014/10/06,41700.0,41950.0,41250.0,41350.0,13000,41350,0.1
2014/10/07,41000.0,41000.0,41000.0,41000.0,5000,41000,0.1
2014/10/10,41100.0,41100.0,41100.0,41100.0,1000,41100,0.1
2014/10/14,40500.0,40500.0,40500.0,40500.0,1000,40500,0.1
2014/10/15,40400.0,40400.0,40100.0,40100.0,4000,40100,0.1
2014/10/17,38700.0,39400.0,38700.0,39400.0,2000,39400,0.1
2014/10/20,38700.0,38700.0,35900.0,36300.0,6000,36300,0.1
2014/10/22,35050.0,35050.0,33700.0,35000.0,15000,35000,0.1
2014/10/27,35000.0,35000.0,34300.0,34300.0,3000,34300,0.1
2014/10/28,36250.0,38200.0,36250.0,38000.0,3000,38000,0.1
2014/10/29,37300.0,39250.0,37300.0,38700.0,4000,38700,0.1
2014/10/31,38700.0,39400.0,38700.0,39400.0,4000,39400,0.1
2014/11/04,39400.0,39400.0,39400.0,39400.0,1000,39400,0.1
2014/11/06,39400.0,39950.0,39250.0,39250.0,5000,39250,0.1
2014/11/07,38550.0,39150.0,38500.0,38500.0,3000,38500,0.1
2014/11/10,38000.0,38000.0,38000.0,38000.0,1000,38000,0.1
2014/11/14,37500.0,37900.0,36800.0,37000.0,6000,37000,0.1
2014/11/18,27030.0,27300.0,23800.0,24300.0,51000,24300,0.1
2014/11/19,23900.0,23900.0,23050.0,23480.0,31000,23480,0.1
2014/11/20,23050.0,23210.0,20420.0,20420.0,130000,20420,0.1
2014/11/21,20920.0,21320.0,20660.0,21050.0,16000,21050,0.1
2014/11/25,21790.0,21890.0,21600.0,21750.0,18000,21750,0.1
2014/11/26,22220.0,22220.0,21250.0,21890.0,44000,21890,0.1
2014/11/27,21870.0,21870.0,21430.0,21740.0,17000,21740,0.1
2014/11/28,21800.0,21800.0,21220.0,21220.0,9000,21220,0.1
2014/12/01,21700.0,21700.0,21460.0,21500.0,4000,21500,0.1
2014/12/02,21680.0,21680.0,21680.0,21680.0,1000,21680,0.1
2014/12/03,21450.0,21670.0,21450.0,21670.0,2000,21670,0.1
2014/12/04,21250.0,21400.0,21210.0,21380.0,6000,21380,0.1
2014/12/05,21370.0,21370.0,20500.0,20700.0,20000,20700,0.1
2014/12/08,20450.0,21680.0,20010.0,21680.0,21000,21680,0.1
2014/12/09,21200.0,22900.0,21200.0,22900.0,15000,22900,0.1
2014/12/10,21350.0,22840.0,21350.0,22510.0,14000,22510,0.1
2014/12/11,22100.0,23200.0,22000.0,22710.0,20000,22710,0.1
2014/12/12,22890.0,22890.0,22390.0,22520.0,6000,22520,0.1
2014/12/15,22390.0,22390.0,22390.0,22390.0,1000,22390,0.1
2014/12/16,22570.0,22570.0,22000.0,22150.0,5000,22150,0.1
2014/12/17,21950.0,21950.0,21950.0,21950.0,1000,21950,0.1
2014/12/19,21600.0,22180.0,21600.0,22150.0,5000,22150,0.1
2014/12/22,21810.0,22790.0,21810.0,22790.0,6000,22790,0.1
2014/12/24,22980.0,22980.0,22750.0,22900.0,8000,22900,0.1
2014/12/25,22800.0,22800.0,22800.0,22800.0,1000,22800,0.1
2014/12/26,22300.0,22790.0,22300.0,22790.0,5000,22790,0.1
2014/12/29,22790.0,23680.0,22790.0,23110.0,6000,23110,0.1
2014/12/30,23440.0,23440.0,22110.0,22550.0,13000,22550,0.1
2015/01/05,23440.0,23500.0,23440.0,23500.0,4000,23500,0.1
2015/01/08,23500.0,23500.0,23490.0,23490.0,2000,23490,0.1
2015/01/14,23490.0,23490.0,23490.0,23490.0,1000,23490,0.1
2015/01/15,23450.0,23450.0,23450.0,23450.0,1000,23450,0.1
2015/01/16,23440.0,23440.0,23440.0,23440.0,1000,23440,0.1
2015/01/19,23150.0,23200.0,23150.0,23200.0,4000,23200,0.1
2015/01/20,22710.0,22710.0,22710.0,22710.0,3000,22710,0.1
2015/01/21,22710.0,23160.0,22210.0,23160.0,4000,23160,0.1
2015/01/22,23660.0,23660.0,23660.0,23660.0,1000,23660,0.1
2015/01/23,22980.0,23010.0,22510.0,22510.0,7000,22510,0.1
2015/01/26,22250.0,22500.0,22250.0,22500.0,3000,22500,0.1
2015/01/27,22110.0,22500.0,22110.0,22500.0,3000,22500,0.1
2015/01/28,22200.0,22330.0,22160.0,22330.0,5000,22330,0.1
2015/01/29,22030.0,22030.0,22000.0,22000.0,3000,22000,0.1
2015/01/30,21820.0,21820.0,21820.0,21820.0,1000,21820,0.1
2015/02/03,21990.0,21990.0,20990.0,20990.0,4000,20990,0.1
2015/02/04,21000.0,21000.0,21000.0,21000.0,3000,21000,0.1
2015/02/05,21000.0,21000.0,21000.0,21000.0,12000,21000,0.1
2015/02/06,21000.0,21000.0,21000.0,21000.0,1000,21000,0.1
2015/02/09,21000.0,21000.0,21000.0,21000.0,1000,21000,0.1
2015/02/12,20500.0,20500.0,20500.0,20500.0,1000,20500,0.1
2015/02/13,21610.0,22130.0,21610.0,21650.0,13000,21650,0.1
2015/02/16,21500.0,21500.0,21490.0,21500.0,19000,21500,0.1
2015/02/17,21890.0,21900.0,21880.0,21890.0,5000,21890,0.1
2015/02/18,21520.0,21660.0,21520.0,21520.0,4000,21520,0.1
2015/02/19,21500.0,21500.0,21500.0,21500.0,1000,21500,0.1
2015/02/20,21500.0,21500.0,21500.0,21500.0,1000,21500,0.1
2015/02/23,21000.0,21500.0,21000.0,21500.0,5000,21500,0.1
2015/02/24,21500.0,22990.0,21000.0,22990.0,8000,22990,0.1
2015/02/25,22500.0,22860.0,22500.0,22860.0,3000,22860,0.1
2015/03/02,20000.0,20000.0,20000.0,20000.0,25000,20000,0.1
2015/03/03,20000.0,20000.0,17000.0,18150.0,149000,18150,0.1
2015/03/04,18300.0,19200.0,18300.0,19200.0,17000,19200,0.1
2015/03/05,19200.0,19200.0,19200.0,19200.0,3000,19200,0.1
2015/03/06,19000.0,19000.0,18580.0,18580.0,9000,18580,0.1
2015/03/09,18450.0,18800.0,18450.0,18500.0,9000,18500,0.1
2015/03/10,18500.0,18500.0,18330.0,18330.0,3000,18330,0.1
2015/03/11,18050.0,18300.0,18050.0,18200.0,6000,18200,0.1
2015/03/12,18200.0,18300.0,18170.0,18190.0,8000,18190,0.1
2015/03/13,18590.0,18590.0,18590.0,18590.0,1000,18590,0.1
2015/03/16,18190.0,18200.0,18190.0,18200.0,2000,18200,0.1
2015/03/17,18100.0,18150.0,18100.0,18150.0,6000,18150,0.1
2015/03/18,18200.0,18650.0,18200.0,18650.0,7000,18650,0.1
2015/03/20,19050.0,19050.0,18650.0,18650.0,5000,18650,0.1
2015/03/23,18510.0,20200.0,18510.0,20200.0,7000,20200,0.1
2015/03/25,20200.0,20200.0,20200.0,20200.0,2000,20200,0.1
2015/03/27,19010.0,19190.0,19000.0,19190.0,5000,19190,0.1
2015/03/30,19000.0,19000.0,18600.0,19000.0,8000,19000,0.1
2015/03/31,19000.0,20500.0,19000.0,20500.0,9000,20500,0.1
2015/04/03,20000.0,20000.0,20000.0,20000.0,1000,20000,0.1
2015/04/06,19800.0,19800.0,19800.0,19800.0,1000,19800,0.1
2015/04/07,19400.0,20200.0,19400.0,20200.0,2000,20200,0.1
2015/04/10,20000.0,20000.0,19800.0,19800.0,2000,19800,0.1
2015/04/13,19670.0,19670.0,19670.0,19670.0,2000,19670,0.1
2015/04/15,19870.0,19870.0,19870.0,19870.0,1000,19870,0.1
2015/04/20,20150.0,20150.0,20150.0,20150.0,1000,20150,0.1
2015/04/24,19650.0,19870.0,19650.0,19870.0,4000,19870,0.1
2015/04/28,20100.0,20950.0,20100.0,20950.0,17000,20950,0.1
2015/04/30,20960.0,21980.0,20960.0,21000.0,76000,21000,0.1
2015/05/01,21480.0,21710.0,21210.0,21710.0,4000,21710,0.1
2015/05/07,21520.0,22480.0,21150.0,22480.0,12000,22480,0.1
2015/05/08,22270.0,22470.0,22000.0,22470.0,5000,22470,0.1
2015/05/13,22200.0,22200.0,22200.0,22200.0,1000,22200,0.1
2015/05/14,21980.0,22000.0,21480.0,22000.0,9000,22000,0.1
2015/05/15,22000.0,22170.0,22000.0,22170.0,2000,22170,0.1
2015/05/18,17170.0,17170.0,17170.0,17170.0,5000,17170,0.1
2015/05/19,14170.0,14980.0,14170.0,14750.0,122000,14750,0.1
2015/05/20,15840.0,16100.0,15450.0,16000.0,46000,16000,0.1
2015/05/21,16690.0,16690.0,15870.0,16240.0,11000,16240,0.1
2015/05/22,16240.0,17200.0,16240.0,17000.0,9000,17000,0.1
2015/05/25,17000.0,17000.0,15780.0,15840.0,21000,15840,0.1
2015/05/26,16640.0,16640.0,16400.0,16400.0,5000,16400,0.1
2015/05/27,16110.0,17540.0,16110.0,17520.0,9000,17520,0.1
2015/05/28,17290.0,17290.0,17100.0,17170.0,7000,17170,0.1
2015/05/29,16930.0,17490.0,16700.0,17490.0,7000,17490,0.1
2015/06/02,16730.0,17080.0,16700.0,17080.0,6000,17080,0.1
2015/06/04,17050.0,17050.0,17050.0,17050.0,1000,17050,0.1
2015/06/05,17040.0,17380.0,17040.0,17380.0,2000,17380,0.1
2015/06/11,16550.0,16880.0,16550.0,16880.0,6000,16880,0.1
2015/06/15,16880.0,16880.0,16880.0,16880.0,1000,16880,0.1
2015/06/16,16940.0,16940.0,16540.0,16850.0,3000,16850,0.1
2015/06/17,16500.0,16700.0,16500.0,16680.0,5000,16680,0.1
2015/06/18,16700.0,16700.0,16300.0,16660.0,4000,16660,0.1
2015/06/19,16650.0,16650.0,16650.0,16650.0,1000,16650,0.1
2015/06/22,16250.0,16530.0,16000.0,16390.0,6000,16390,0.1
2015/06/23,16550.0,16550.0,16000.0,16530.0,15000,16530,0.1
2015/06/25,16130.0,16200.0,15820.0,16190.0,6000,16190,0.1
2015/06/26,15900.0,16180.0,15860.0,16130.0,14000,16130,0.1
2015/06/29,15900.0,16190.0,15490.0,16190.0,15000,16190,0.1
2015/06/30,15810.0,16170.0,15810.0,16020.0,10000,16020,0.1
2015/07/01,15650.0,15940.0,15450.0,15940.0,10000,15940,0.1
2015/07/02,15700.0,15700.0,15700.0,15700.0,2000,15700,0.1
2015/07/03,15500.0,15660.0,15490.0,15640.0,6000,15640,0.1
2015/07/06,15640.0,15640.0,15600.0,15600.0,2000,15600,0.1
2015/07/07,15450.0,15660.0,15450.0,15660.0,5000,15660,0.1
2015/07/08,15460.0,15660.0,15450.0,15660.0,3000,15660,0.1
2015/07/09,15300.0,15680.0,15280.0,15670.0,5000,15670,0.1
2015/07/14,15400.0,15400.0,15300.0,15300.0,11000,15300,0.1
2015/07/15,15540.0,15540.0,15300.0,15460.0,6000,15460,0.1
2015/07/16,15600.0,15600.0,15380.0,15380.0,9000,15380,0.1
2015/07/17,15480.0,15750.0,15350.0,15380.0,11000,15380,0.1
2015/07/21,15690.0,15890.0,15340.0,15480.0,13000,15480,0.1
2015/07/22,15300.0,15310.0,15220.0,15240.0,11000,15240,0.1
2015/07/23,15470.0,16490.0,15290.0,16300.0,27000,16300,0.1
2015/07/24,15500.0,17970.0,15500.0,17970.0,28000,17970,0.1
2015/07/27,17980.0,18690.0,17500.0,17980.0,25000,17980,0.1
2015/07/30,17980.0,18000.0,17980.0,18000.0,6000,18000,0.1
2015/07/31,17970.0,18500.0,17970.0,18370.0,9000,18370,0.1
2015/08/04,17570.0,17950.0,17570.0,17950.0,4000,17950,0.1
2015/08/05,17950.0,17950.0,17950.0,17950.0,1000,17950,0.1
2015/08/06,18320.0,18320.0,18320.0,18320.0,1000,18320,0.1
2015/08/07,17910.0,17910.0,16710.0,17850.0,12000,17850,0.1
2015/08/10,16650.0,17050.0,16650.0,16650.0,9000,16650,0.1
2015/08/11,16400.0,18100.0,16400.0,17900.0,21000,17900,0.1
2015/08/12,16800.0,17990.0,16660.0,17310.0,23000,17310,0.1
2015/08/13,17700.0,17940.0,17700.0,17940.0,2000,17940,0.1
2015/08/18,17830.0,17830.0,17390.0,17400.0,8000,17400,0.1
2015/08/19,17370.0,17400.0,16840.0,17400.0,29000,17400,0.1
2015/08/20,17380.0,17380.0,16980.0,17180.0,8000,17180,0.1
2015/08/24,16060.0,16730.0,16060.0,16670.0,8000,16670,0.1
2015/08/26,15870.0,16600.0,15870.0,16600.0,3000,16600,0.1
2015/08/28,15800.0,16590.0,15800.0,16590.0,5000,16590,0.1
2015/08/31,16970.0,16970.0,16970.0,16970.0,1000,16970,0.1
2015/09/14,16000.0,17400.0,15800.0,17400.0,31000,17400,0.1
2015/09/18,17390.0,17390.0,17390.0,17390.0,1000,17390,0.1
2015/09/25,16990.0,17970.0,16990.0,17970.0,10000,17970,0.1
2015/09/28,16690.0,16980.0,16690.0,16980.0,2000,16980,0.1
2015/09/29,16590.0,16850.0,16590.0,16850.0,2000,16850,0.1
2015/09/30,16050.0,16850.0,16020.0,16850.0,13000,16850,0.1
2015/10/01,16950.0,16950.0,16550.0,16550.0,2000,16550,0.1
2015/10/02,16800.0,16900.0,16800.0,16900.0,2000,16900,0.1
2015/10/05,17150.0,17150.0,17150.0,17150.0,1000,17150,0.1
2015/10/06,16350.0,16900.0,16350.0,16600.0,5000,16600,0.1
2015/10/07,16880.0,16880.0,16880.0,16880.0,1000,16880,0.1
2015/10/08,16880.0,16980.0,16880.0,16980.0,2000,16980,0.1
2015/10/13,16260.0,16780.0,16000.0,16780.0,11000,16780,0.1
2015/10/14,16780.0,16780.0,16300.0,16740.0,25000,16740,0.1
2015/10/15,16790.0,16790.0,16790.0,16790.0,3000,16790,0.1
2015/10/16,16650.0,16770.0,16410.0,16760.0,19000,16760,0.1
2015/10/19,16760.0,16760.0,16450.0,16460.0,9000,16460,0.1
2015/10/20,16460.0,17030.0,16300.0,16300.0,14000,16300,0.1
2015/10/21,16680.0,16680.0,16680.0,16680.0,1000,16680,0.1
2015/10/22,16670.0,16780.0,16500.0,16770.0,9000,16770,0.1
2015/10/23,16770.0,16770.0,16770.0,16770.0,1000,16770,0.1
2015/10/26,16550.0,16740.0,16460.0,16740.0,10000,16740,0.1
2015/10/29,16590.0,16600.0,16340.0,16590.0,5000,16590,0.1
2015/10/30,16590.0,16590.0,16300.0,16580.0,14000,16580,0.1
2015/11/02,16450.0,16590.0,16450.0,16590.0,5000,16590,0.1
2015/11/09,16190.0,16300.0,16190.0,16190.0,9000,16190,0.1
2015/11/10,16580.0,16580.0,16580.0,16580.0,1000,16580,0.1
2015/11/11,16180.0,16210.0,16000.0,16200.0,14000,16200,0.1
2015/11/12,16050.0,16350.0,16000.0,16090.0,10000,16090,0.1
2015/11/13,16090.0,16140.0,16000.0,16000.0,5000,16000,0.1
2015/11/16,15800.0,15990.0,15800.0,15980.0,7000,15980,0.1
2015/11/17,15980.0,15980.0,15800.0,15970.0,5000,15970,0.1
2015/11/18,15800.0,15950.0,15800.0,15900.0,4000,15900,0.1
2015/11/19,15800.0,15860.0,15800.0,15860.0,3000,15860,0.1
2015/11/20,15850.0,15850.0,15800.0,15800.0,13000,15800,0.1
2015/11/25,15790.0,15790.0,15790.0,15790.0,1000,15790,0.1
2015/11/26,15760.0,15760.0,15760.0,15760.0,2000,15760,0.1
2015/12/01,15360.0,15500.0,14610.0,15500.0,14000,15500,0.1
2015/12/02,14800.0,15480.0,14800.0,15480.0,5000,15480,0.1
2015/12/04,15470.0,15470.0,15470.0,15470.0,1000,15470,0.1
2015/12/09,14850.0,15240.0,14850.0,15240.0,4000,15240,0.1
2015/12/11,15000.0,15280.0,15000.0,15200.0,13000,15200,0.1
2015/12/14,15370.0,15370.0,15370.0,15370.0,1000,15370,0.1
2015/12/18,14990.0,14990.0,14990.0,14990.0,2000,14990,0.1
2015/12/21,14890.0,14890.0,14890.0,14890.0,1000,14890,0.1
2015/12/22,14610.0,14850.0,14550.0,14800.0,5000,14800,0.1
2015/12/25,14550.0,14780.0,14550.0,14780.0,2000,14780,0.1
2015/12/28,14500.0,14800.0,14500.0,14800.0,3000,14800,0.1
2015/12/29,14510.0,14510.0,14510.0,14510.0,1000,14510,0.1
2015/12/30,14500.0,14880.0,14500.0,14880.0,4000,14880,0.1
2016/01/05,14880.0,14880.0,14880.0,14880.0,1000,14880,0.1
2016/01/08,14500.0,14590.0,14170.0,14590.0,9000,14590,0.1
2016/01/15,14400.0,14400.0,14190.0,14400.0,4000,14400,0.1
2016/01/20,14400.0,14480.0,14400.0,14480.0,2000,14480,0.1
2016/01/21,14600.0,14600.0,14600.0,14600.0,3000,14600,0.1
2016/01/29,14100.0,14390.0,14100.0,14390.0,2000,14390,0.1
2016/02/02,14170.0,14440.0,14170.0,14440.0,2000,14440,0.1
2016/02/08,14430.0,14430.0,14430.0,14430.0,1000,14430,0.1
2016/02/10,14080.0,14080.0,14080.0,14080.0,1000,14080,0.1
2016/02/12,14070.0,14070.0,14070.0,14070.0,1000,14070,0.1
2016/02/16,13800.0,13930.0,13800.0,13930.0,3000,13930,0.1
2016/02/19,13900.0,13900.0,13790.0,13790.0,4000,13790,0.1
2016/02/22,13500.0,13690.0,13500.0,13690.0,2000,13690,0.1
2016/03/16,13140.0,13140.0,13140.0,13140.0,1000,13140,0.1
2016/03/18,12480.0,13100.0,12000.0,12150.0,12000,12150,0.1
2016/03/22,12440.0,12440.0,12440.0,12440.0,1000,12440,0.1
2016/03/25,11800.0,12090.0,11700.0,12090.0,6000,12090,0.1
2016/03/28,12300.0,12300.0,12300.0,12300.0,1000,12300,0.1
2016/03/29,12300.0,12900.0,12300.0,12900.0,3000,12900,0.1
2016/03/31,13000.0,13200.0,13000.0,13180.0,4000,13180,0.1
2016/04/01,13440.0,13440.0,13440.0,13440.0,1000,13440,0.1
2016/04/04,13000.0,13000.0,13000.0,13000.0,1000,13000,0.1
2016/04/08,12120.0,12490.0,12120.0,12490.0,5000,12490,0.1
2016/04/14,12750.0,12930.0,12750.0,12930.0,2000,12930,0.1
2016/04/20,13130.0,13130.0,13130.0,13130.0,1000,13130,0.1
2016/04/26,13000.0,13330.0,13000.0,13330.0,4000,13330,0.1
2016/05/02,13330.0,13330.0,13330.0,13330.0,1000,13330,0.1
2016/05/17,13030.0,13320.0,13030.0,13320.0,2000,13320,0.1
2016/05/20,13200.0,13200.0,13200.0,13200.0,1000,13200,0.1
2016/06/06,12300.0,12500.0,12300.0,12500.0,2000,12500,0.1
2016/06/07,12500.0,12500.0,12500.0,12500.0,1000,12500,0.1
2016/06/09,12500.0,13800.0,12500.0,13800.0,16000,13800,0.1
2016/06/20,13590.0,13590.0,13590.0,13590.0,1000,13590,0.1
2016/06/27,13790.0,13790.0,13780.0,13780.0,2000,13780,0.1
2016/07/20,13490.0,13490.0,13490.0,13490.0,2000,13490,0.1
2016/07/27,13000.0,13000.0,13000.0,13000.0,4000,13000,0.1
2016/07/29,12600.0,12600.0,12600.0,12600.0,1000,12600,0.1
2016/08/01,12300.0,12300.0,12300.0,12300.0,1000,12300,0.1
2016/08/08,11980.0,11980.0,11100.0,11100.0,4000,11100,0.1
2016/08/12,11700.0,11700.0,11700.0,11700.0,1000,11700,0.1
2016/08/15,11600.0,11600.0,11600.0,11600.0,1000,11600,0.1
2016/08/16,11300.0,11400.0,11300.0,11400.0,2000,11400,0.1
2016/08/17,11210.0,11210.0,11100.0,11100.0,2000,11100,0.1
2016/08/18,10200.0,10500.0,10200.0,10500.0,3000,10500,0.1
2016/08/19,11350.0,11350.0,10570.0,10860.0,5000,10860,0.1
2016/08/29,10760.0,10760.0,10760.0,10760.0,1000,10760,0.1
2016/08/30,10760.0,10760.0,10560.0,10560.0,3000,10560,0.1
2016/08/31,10860.0,10990.0,10860.0,10990.0,2000,10990,0.1
2016/09/01,10500.0,10500.0,10500.0,10500.0,1000,10500,0.1
2016/09/06,10500.0,10500.0,10200.0,10200.0,5000,10200,0.1
2016/09/07,10200.0,10490.0,10200.0,10490.0,2000,10490,0.1
2016/09/09,10400.0,10400.0,10400.0,10400.0,1000,10400,0.1
2016/09/12,10680.0,10680.0,10680.0,10680.0,1000,10680,0.1
2016/09/15,10500.0,10520.0,10220.0,10520.0,3000,10520,0.1
2016/09/16,10820.0,10820.0,10820.0,10820.0,1000,10820,0.1
2016/09/20,10820.0,10820.0,10350.0,10350.0,4000,10350,0.1
2016/09/21,10350.0,10610.0,10310.0,10610.0,4000,10610,0.1
2016/09/23,10890.0,10890.0,10590.0,10850.0,3000,10850,0.1
2016/09/26,10250.0,10410.0,10250.0,10370.0,5000,10370,0.1
2016/09/27,10210.0,10370.0,10200.0,10370.0,3000,10370,0.1
2016/09/28,10670.0,10670.0,10670.0,10670.0,1000,10670,0.1
2016/09/29,10890.0,10890.0,10890.0,10890.0,1000,10890,0.1
2016/09/30,11190.0,11190.0,11190.0,11190.0,1000,11190,0.1
2016/10/03,11180.0,11180.0,11180.0,11180.0,1000,11180,0.1
2016/10/20,11140.0,11140.0,11140.0,11140.0,2000,11140,0.1
2016/10/21,11070.0,11300.0,10990.0,11000.0,22000,11000,0.1
2016/10/28,11600.0,11870.0,11600.0,11870.0,7000,11870,0.1
2016/11/04,11550.0,11550.0,10900.0,10900.0,6000,10900,0.1
2016/11/11,10730.0,10730.0,10730.0,10730.0,1000,10730,0.1
2016/11/17,10720.0,10720.0,10720.0,10720.0,1000,10720,0.1
2016/11/18,10710.0,10710.0,10710.0,10710.0,2000,10710,0.1
2016/11/21,10220.0,10400.0,10000.0,10400.0,8000,10400,0.1
2016/11/22,10120.0,10120.0,10000.0,10000.0,6000,10000,0.1
2016/11/24,9970.0,9970.0,9970.0,9970.0,3000,9970,0.1
2016/11/25,9970.0,9970.0,9970.0,9970.0,1000,9970,0.1
2016/11/28,9820.0,9830.0,9820.0,9830.0,2000,9830,0.1
2016/11/29,9830.0,9830.0,9830.0,9830.0,5000,9830,0.1
2016/11/30,9830.0,9830.0,9830.0,9830.0,2000,9830,0.1
2016/12/01,9730.0,9730.0,9730.0,9730.0,1000,9730,0.1
2016/12/02,9730.0,9730.0,9650.0,9650.0,2000,9650,0.1
2016/12/05,9580.0,9580.0,9570.0,9570.0,2000,9570,0.1
2016/12/08,9500.0,9500.0,9400.0,9400.0,4000,9400,0.1
2016/12/09,9310.0,9310.0,9310.0,9310.0,1000,9310,0.1
2016/12/12,9750.0,9750.0,9750.0,9750.0,1000,9750,0.1
2016/12/14,9600.0,9600.0,9600.0,9600.0,1000,9600,0.1
2016/12/16,9530.0,9530.0,9530.0,9530.0,1000,9530,0.1
2016/12/19,9550.0,9560.0,9310.0,9310.0,7000,9310,0.1
2016/12/20,9610.0,9610.0,9310.0,9310.0,6000,9310,0.1
2016/12/21,9310.0,9310.0,9310.0,9310.0,1000,9310,0.1
2016/12/22,9310.0,9310.0,9310.0,9310.0,2000,9310,0.1
2016/12/26,9310.0,9310.0,9310.0,9310.0,1000,9310,0.1
2016/12/27,9310.0,9310.0,9010.0,9280.0,3000,9280,0.1
2016/12/28,9200.0,9200.0,9200.0,9200.0,1000,9200,0.1
2016/12/29,9290.0,9290.0,9290.0,9290.0,1000,9290,0.1
2016/12/30,9310.0,9310.0,9160.0,9280.0,4000,9280,0.1
2017/01/05,9180.0,9180.0,9010.0,9010.0,5000,9010,0.1
2017/01/06,9010.0,9310.0,9010.0,9010.0,5000,9010,0.1
2017/01/10,9100.0,9100.0,9100.0,9100.0,1000,9100,0.1
2017/01/11,9000.0,9000.0,8950.0,8950.0,2000,8950,0.1
2017/01/12,8950.0,8950.0,8880.0,8880.0,3000,8880,0.1
2017/01/18,8800.0,8800.0,8800.0,8800.0,1000,8800,0.1
2017/01/19,8710.0,8710.0,8700.0,8700.0,2000,8700,0.1
2017/01/20,8980.0,8980.0,8700.0,8700.0,6000,8700,0.1
2017/01/23,8970.0,8970.0,8750.0,8750.0,6000,8750,0.1
2017/01/26,8810.0,8810.0,8810.0,8810.0,1000,8810,0.1
2017/01/30,8750.0,8750.0,8750.0,8750.0,1000,8750,0.1
2017/01/31,9050.0,9050.0,9050.0,9050.0,1000,9050,0.1
2017/02/01,8900.0,9020.0,8900.0,8920.0,4000,8920,0.1
2017/02/02,9000.0,9150.0,9000.0,9000.0,6000,9000,0.1
2017/02/03,8850.0,8980.0,8850.0,8980.0,8000,8980,0.1
2017/02/06,8830.0,8830.0,8830.0,8830.0,5000,8830,0.1
2017/02/07,8970.0,8970.0,8970.0,8970.0,1000,8970,0.1
2017/02/08,8720.0,8870.0,8720.0,8750.0,3000,8750,0.1
2017/02/09,8900.0,8900.0,8900.0,8900.0,1000,8900,0.1
2017/02/17,8750.0,8870.0,8750.0,8870.0,2000,8870,0.1
2017/02/20,8700.0,8700.0,8700.0,8700.0,5000,8700,0.1
2017/02/21,8700.0,8700.0,8700.0,8700.0,1000,8700,0.1
2017/02/28,8650.0,8650.0,8600.0,8600.0,12000,8600,0.1
2017/03/01,8590.0,8590.0,8550.0,8550.0,6000,8550,0.1
2017/03/02,8550.0,8550.0,8550.0,8550.0,3000,8550,0.1
2017/03/03,8460.0,8460.0,8460.0,8460.0,1000,8460,0.1
2017/03/06,8370.0,8460.0,8360.0,8360.0,8000,8360,0.1
2017/03/08,8360.0,8360.0,8360.0,8360.0,62000,8360,0.1
2017/03/09,8360.0,8360.0,8360.0,8360.0,47000,8360,0.1
2017/03/10,8380.0,8380.0,8360.0,8360.0,41000,8360,0.1
2017/03/13,8360.0,8360.0,8360.0,8360.0,19000,8360,0.1
2017/03/15,8520.0,8520.0,8520.0,8520.0,1000,8520,0.1
2017/03/17,8670.0,8670.0,8670.0,8670.0,3000,8670,0.1
2017/03/23,8520.0,8520.0,8520.0,8520.0,1000,8520,0.1
2017/03/24,8400.0,8750.0,8290.0,8750.0,18000,8750,0.1
2017/03/29,8900.0,8900.0,8900.0,8900.0,1000,8900,0.1
2017/03/30,8750.0,8750.0,8450.0,8450.0,4000,8450,0.1
2017/03/31,8600.0,9050.0,8600.0,8900.0,3000,8900,0.1
2017/04/03,9020.0,9020.0,9020.0,9020.0,1000,9020,0.1
2017/04/05,8870.0,9320.0,8870.0,9320.0,4000,9320,0.1
2017/04/06,9320.0,9320.0,9320.0,9320.0,1000,9320,0.1
2017/04/10,9470.0,9470.0,9020.0,9020.0,4000,9020,0.1
2017/04/12,8760.0,8910.0,8760.0,8760.0,4000,8760,0.1
2017/04/13,8760.0,8890.0,8760.0,8890.0,2000,8890,0.1
2017/04/18,8740.0,8910.0,8740.0,8910.0,3000,8910,0.1
2017/04/20,8900.0,8900.0,8750.0,8900.0,6000,8900,0.1
2017/04/25,8900.0,8900.0,8900.0,8900.0,1000,8900,0.1
2017/04/26,8740.0,8740.0,8700.0,8700.0,5000,8700,0.1
2017/04/27,8660.0,8750.0,8650.0,8750.0,5000,8750,0.1
2017/05/08,8650.0,8650.0,8650.0,8650.0,1000,8650,0.1
2017/05/10,8550.0,8640.0,8550.0,8640.0,2000,8640,0.1
2017/05/11,8540.0,8540.0,8540.0,8540.0,1000,8540,0.1
2017/05/12,8500.0,8540.0,8500.0,8540.0,2000,8540,0.1
2017/05/16,8400.0,8400.0,8400.0,8400.0,3000,8400,0.1
2017/05/18,8360.0,8370.0,8350.0,8370.0,4000,8370,0.1
2017/05/19,8520.0,8550.0,8520.0,8550.0,4000,8550,0.1
2017/05/23,8450.0,8450.0,8360.0,8360.0,2000,8360,0.1
2017/05/30,8260.0,8320.0,8260.0,8320.0,2000,8320,0.1
2017/06/01,8220.0,8280.0,8220.0,8280.0,2000,8280,0.1
2017/06/14,8130.0,8240.0,8090.0,8090.0,3000,8090,0.1
2017/06/15,8090.0,8490.0,8090.0,8490.0,30000,8490,0.1
2017/06/20,8490.0,8490.0,8490.0,8490.0,2000,8490,0.1
2017/06/21,8190.0,8190.0,8190.0,8190.0,1000,8190,0.1
2017/06/22,8190.0,8550.0,8190.0,8550.0,8000,8550,0.1
2017/06/27,8650.0,9050.0,8650.0,9050.0,8000,9050,0.1
2017/06/28,9030.0,9030.0,9030.0,9030.0,2000,9030,0.1
2017/06/29,8700.0,9000.0,8700.0,9000.0,2000,9000,0.1
2017/06/30,8990.0,8990.0,8990.0,8990.0,2000,8990,0.1
2017/07/03,8990.0,8990.0,8990.0,8990.0,1000,8990,0.1
2017/07/07,8990.0,8990.0,8990.0,8990.0,1000,8990,0.1
2017/07/14,8980.0,8980.0,8980.0,8980.0,1000,8980,0.1
2017/07/19,8680.0,8830.0,8680.0,8830.0,2000,8830,0.1
2017/07/20,8810.0,8810.0,8450.0,8450.0,9000,8450,0.1
2017/07/21,8440.0,8440.0,8300.0,8300.0,3000,8300,0.1
2017/07/24,8440.0,8440.0,8440.0,8440.0,2000,8440,0.1
2017/07/25,8430.0,8430.0,8410.0,8410.0,2000,8410,0.1
2017/07/26,8400.0,8400.0,8400.0,8400.0,1000,8400,0.1
2017/07/31,8300.0,8300.0,8300.0,8300.0,3000,8300,0.1
2017/08/03,8210.0,8210.0,8200.0,8200.0,3000,8200,0.1
2017/08/04,8190.0,8190.0,8190.0,8190.0,2000,8190,0.1
2017/08/08,8100.0,8100.0,8090.0,8090.0,3000,8090,0.1
2017/08/09,8240.0,8430.0,8240.0,8430.0,3000,8430,0.1
2017/08/18,8400.0,8400.0,8400.0,8400.0,2000,8400,0.1
2017/08/22,8250.0,8370.0,8250.0,8370.0,2000,8370,0.1
2017/08/28,8220.0,8520.0,8220.0,8520.0,20000,8520,0.1
2017/09/11,8430.0,8430.0,8430.0,8430.0,1000,8430,0.1
2017/09/15,8400.0,8750.0,8400.0,8750.0,20000,8750,0.1
2017/09/19,8610.0,8740.0,8610.0,8740.0,3000,8740,0.1
2017/09/20,8590.0,8730.0,8590.0,8730.0,3000,8730,0.1
2017/09/25,8880.0,9030.0,8730.0,8870.0,5000,8870,0.1
2017/09/27,8860,9150,8860,9130,1300,9130,1
2017/09/28,9130,9130,8700,9070,1600,9070,1
2017/09/29,8920,9010,8920,9010,200,9010,1
2017/10/03,8750,8980,8700,8740,3100,8740,1
2017/10/04,8720,8890,8720,8740,2000,8740,1
2017/10/05,8730,8890,8730,8730,1200,8730,1
2017/10/06,8600,8650,8600,8650,200,8650,1
2017/10/11,8500,8500,8340,8490,600,8490,1
2017/10/13,8370,8480,8340,8480,600,8480,1
2017/10/16,8330,8400,8330,8400,200,8400,1
2017/10/18,8250,8370,8210,8210,500,8210,1
2017/10/19,8100,8200,8100,8200,700,8200,1
2017/10/20,8200,8200,8190,8190,300,8190,1
2017/10/23,8180,8180,8180,8180,200,8180,1
2017/10/25,8070,8160,8070,8160,500,8160,1
2017/10/30,8160,8290,8140,8140,3400,8140,1
2017/10/31,8150,8490,8150,8480,16500,8480,1
2017/11/01,8630,8800,8630,8800,700,8800,1
2017/11/02,8770,8790,8680,8680,600,8680,1
2017/11/06,8830,9380,8830,9370,1100,9370,1
2017/11/07,9500,9500,9300,9400,900,9400,1
2017/11/08,9250,9370,9220,9360,1300,9360,1
2017/11/09,9480,9480,9480,9480,200,9480,1
2017/11/10,9400,9400,9400,9400,200,9400,1
2017/11/13,9490,9490,9490,9490,200,9490,1
2017/11/14,9490,9490,9490,9490,100,9490,1
2017/11/20,9340,9390,9240,9370,500,9370,1
2017/11/21,9150,9280,9150,9280,200,9280,1
2017/11/22,8980,9240,8980,9210,1200,9210,1
2017/11/24,9210,9510,9200,9510,1400,9510,1
2017/11/27,9500,9500,9500,9500,200,9500,1
2017/11/28,9650,9950,9650,9950,400,9950,1
2017/11/29,9940,9940,9940,9940,500,9940,1
2017/11/30,9790,9880,9790,9880,200,9880,1
2017/12/04,9430,9920,9430,9920,1200,9920,1
2017/12/07,9620,9860,9620,9860,300,9860,1
2017/12/11,9890,9890,9890,9890,800,9890,1
2017/12/15,9650,9840,9650,9840,300,9840,1
2017/12/18,9890,9890,9890,9890,100,9890,1
2017/12/20,9880,9880,9880,9880,300,9880,1
2017/12/21,9580,9730,9580,9730,700,9730,1
2017/12/22,9840,9840,9840,9840,100,9840,1
2017/12/25,9900,10500,9890,10190,2700,10190,1
2017/12/27,10000,10190,10000,10190,1500,10190,1
2017/12/28,10190,10190,9740,9740,700,9740,1
2017/12/29,10040,10190,10040,10180,900,10180,1
2018/01/04,10140,10140,10140,10140,100,10140,1
2018/01/05,10130,10140,10130,10140,600,10140,1
2018/01/09,10120,10720,10120,10720,700,10720,1
2018/01/10,10130,10490,10130,10140,2100,10140,1
2018/01/11,10290,10290,10290,10290,200,10290,1
2018/01/19,10290,10320,10290,10320,200,10320,1
2018/01/22,10020,10490,10000,10170,1100,10170,1
2018/01/23,10150,10150,10150,10150,100,10150,1
2018/01/25,10450,10450,10450,10450,200,10450,1
2018/01/29,10490,10490,10190,10470,300,10470,1
2018/01/30,10470,10470,10470,10470,100,10470,1
2018/02/06,10480,10480,10480,10480,200,10480,1
2018/02/15,9880,9880,9880,9880,200,9880,1
2018/02/16,10000,10470,10000,10470,600,10470,1
2018/02/20,10340,10340,10340,10340,200,10340,1
2018/02/23,10280,10280,10280,10280,100,10280,1
2018/02/26,10490,10490,10490,10490,200,10490,1
2018/02/27,10390,10390,10090,10090,400,10090,1
2018/02/28,10350,10350,10020,10020,2400,10020,1
2018/03/01,10230,10380,9940,10380,1300,10380,1
2018/03/05,10480,10480,10480,10480,200,10480,1
2018/03/08,10180,10180,10180,10180,100,10180,1
2018/03/09,10180,10360,10180,10360,300,10360,1
2018/03/13,10470,10470,10470,10470,200,10470,1
2018/03/14,10110,10420,10100,10420,1600,10420,1
2018/03/15,10150,10400,10150,10400,200,10400,1
2018/03/19,10100,10100,10000,10000,200,10000,1
2018/03/20,10170,10230,10170,10230,300,10230,1
2018/03/23,10240,10240,10240,10240,100,10240,1
2018/04/02,9940,10240,9940,10240,300,10240,1
2018/04/13,10000,10230,10000,10200,600,10200,1
2018/04/16,10370,10370,10370,10370,100,10370,1
2018/04/17,10370,10500,10050,10500,1400,10500,1
2018/04/18,10180,10370,10120,10120,1100,10120,1
2018/04/19,10420,10480,10420,10480,400,10480,1
2018/04/20,10360,10360,10150,10200,1100,10200,1
2018/04/23,10440,10440,10440,10440,100,10440,1
2018/04/24,10440,10440,10440,10440,100,10440,1
2018/04/27,10140,10280,10100,10240,800,10240,1
2018/05/01,10480,10480,10040,10450,1800,10450,1
2018/05/18,10450,10450,10450,10450,200,10450,1
2018/06/01,10150,10150,9700,9700,700,9700,1
2018/06/04,9980,9980,9980,9980,200,9980,1
2018/06/05,10130,10300,10130,10300,400,10300,1
2018/06/07,10000,10490,10000,10490,1200,10490,1
2018/06/14,10190,10200,10190,10200,300,10200,1
2018/06/18,9900,9900,9900,9900,100,9900,1
2018/06/20,10050,10050,10050,10050,200,10050,1
2018/07/02,9820,9900,9820,9900,300,9900,1
2018/07/03,9900,9900,9900,9900,100,9900,1
2018/07/19,9900,9900,9900,9900,3000,9900,1
2018/07/20,9800,9800,9790,9790,400,9790,1
2018/08/07,9640,9640,9230,9230,500,9230,1
2018/08/14,9100,9100,9100,9100,100,9100,1
