2017/12/13,3350.0,3850.0,3055.0,3495.0,614900,3495,2.0
2017/12/14,3545.0,3645.0,3170.0,3170.0,433400,3170,2.0
2017/12/15,3030.0,3130.0,2875.0,3030.0,139600,3030,2.0
2017/12/18,2970.0,3530.0,2940.0,3530.0,235000,3530,2.0
2017/12/19,3455.0,3725.0,3240.0,3300.0,266200,3300,2.0
2017/12/20,3215.0,3440.0,3170.0,3400.0,48100,3400,2.0
2017/12/21,3480.0,3900.0,3410.0,3900.0,475900,3900,2.0
2017/12/22,4045.0,4125.0,3765.0,4025.0,353900,4025,2.0
2017/12/25,4100.0,4105.0,3765.0,3830.0,121700,3830,2.0
2017/12/26,3875.0,4335.0,3845.0,4075.0,279000,4075,2.0
2017/12/27,4065.0,4825.0,4000.0,4825.0,305100,4825,2.0
2017/12/28,4945.0,5575.0,4140.0,4450.0,798500,4450,2.0
2017/12/29,4725.0,5015.0,4425.0,4995.0,407900,4995,2.0
2018/01/04,5080.0,5745.0,4825.0,5725.0,491800,5725,2.0
2018/01/05,5500.0,6610.0,5450.0,6030.0,906300,6030,2.0
2018/01/09,6180.0,6425.0,5600.0,5875.0,246800,5875,2.0
2018/01/10,5725.0,5995.0,5660.0,5750.0,73300,5750,2.0
2018/01/11,5700.0,5750.0,4975.0,5090.0,127000,5090,2.0
2018/01/12,5020.0,5100.0,4735.0,4775.0,99600,4775,2.0
2018/01/15,4750.0,4815.0,4505.0,4590.0,66300,4590,2.0
2018/01/16,4555.0,4795.0,4550.0,4675.0,45000,4675,2.0
2018/01/17,4660.0,4720.0,4445.0,4445.0,29900,4445,2.0
2018/01/18,4430.0,4595.0,4340.0,4405.0,28900,4405,2.0
2018/01/19,4440.0,4830.0,4440.0,4830.0,45300,4830,2.0
2018/01/22,5055.0,5580.0,5045.0,5580.0,288400,5580,2.0
2018/01/23,5730.0,5930.0,5360.0,5660.0,234100,5660,2.0
2018/01/24,5660.0,5680.0,5425.0,5510.0,41200,5510,2.0
2018/01/25,5505.0,6195.0,5430.0,6040.0,209100,6040,2.0
2018/01/26,6095.0,6125.0,5870.0,5945.0,81800,5945,2.0
2018/01/29,6175.0,6230.0,5915.0,5995.0,59000,5995,2.0
2018/01/30,5885.0,5945.0,5440.0,5725.0,61800,5725,2.0
2018/01/31,5500.0,5695.0,5475.0,5500.0,24700,5500,2.0
2018/02/01,5650.0,5790.0,5500.0,5590.0,35200,5590,2.0
2018/02/02,5510.0,5580.0,5260.0,5440.0,28700,5440,2.0
2018/02/05,5010.0,5425.0,5010.0,5350.0,31400,5350,2.0
2018/02/06,4905.0,4985.0,4455.0,4720.0,62800,4720,2.0
2018/02/07,5315.0,5315.0,4800.0,4835.0,41800,4835,2.0
2018/02/08,4895.0,5045.0,4820.0,4985.0,25700,4985,2.0
2018/02/09,4610.0,4900.0,4590.0,4690.0,40900,4690,2.0
2018/02/13,4820.0,4835.0,4500.0,4500.0,21600,4500,2.0
2018/02/14,4575.0,4595.0,4060.0,4150.0,33300,4150,2.0
2018/02/15,4175.0,4350.0,4175.0,4350.0,12000,4350,2.0
2018/02/16,4425.0,4800.0,4425.0,4800.0,26100,4800,2.0
2018/02/19,5015.0,5365.0,5005.0,5230.0,64600,5230,2.0
2018/02/20,5275.0,5275.0,5060.0,5200.0,22700,5200,2.0
2018/02/21,5090.0,5205.0,5090.0,5140.0,10400,5140,2.0
2018/02/22,5070.0,5460.0,5040.0,5360.0,30400,5360,2.0
2018/02/23,5525.0,5535.0,5275.0,5380.0,15100,5380,2.0
2018/02/26,5500.0,5590.0,5380.0,5430.0,16300,5430,2.0
2018/02/27,5395.0,5555.0,5200.0,5220.0,15500,5220,2.0
2018/02/28,5125.0,5245.0,5050.0,5210.0,12700,5210,2.0
2018/03/01,5120.0,5310.0,5110.0,5240.0,10200,5240,2.0
2018/03/02,5060.0,5215.0,5060.0,5210.0,8400,5210,2.0
2018/03/05,5200.0,5200.0,4815.0,4970.0,13600,4970,2.0
2018/03/06,5100.0,5145.0,4905.0,4960.0,11200,4960,2.0
2018/03/07,5000.0,5000.0,4825.0,4850.0,8500,4850,2.0
2018/03/08,4895.0,4895.0,4665.0,4725.0,15300,4725,2.0
2018/03/09,4800.0,4825.0,4620.0,4650.0,10400,4650,2.0
2018/03/12,4710.0,4710.0,4510.0,4550.0,10000,4550,2.0
2018/03/13,4480.0,4815.0,4390.0,4815.0,15900,4815,2.0
2018/03/14,4745.0,4795.0,4680.0,4710.0,7400,4710,2.0
2018/03/15,4700.0,4700.0,4570.0,4630.0,6400,4630,2.0
2018/03/16,4685.0,4800.0,4650.0,4710.0,9100,4710,2.0
2018/03/19,4710.0,4720.0,4505.0,4605.0,7000,4605,2.0
2018/03/20,4550.0,4635.0,4550.0,4585.0,3200,4585,2.0
2018/03/22,4625.0,4625.0,4560.0,4620.0,2900,4620,2.0
2018/03/23,4460.0,4550.0,4375.0,4450.0,8600,4450,2.0
2018/03/26,4315.0,4315.0,4190.0,4310.0,8400,4310,2.0
2018/03/27,4385.0,4460.0,4365.0,4385.0,6000,4385,2.0
2018/03/28,4355.0,4600.0,4355.0,4480.0,3300,4480,2.0
2018/03/29,4515.0,4600.0,4495.0,4505.0,4100,4505,2.0
2018/03/30,4590.0,4590.0,4490.0,4570.0,4200,4570,2.0
2018/04/02,4615.0,4615.0,4415.0,4500.0,6300,4500,2.0
2018/04/03,4425.0,4510.0,4415.0,4510.0,2800,4510,2.0
2018/04/04,4510.0,4510.0,4430.0,4500.0,3500,4500,2.0
2018/04/05,4505.0,4505.0,4445.0,4485.0,3400,4485,2.0
2018/04/06,4495.0,4495.0,4430.0,4430.0,3100,4430,2.0
2018/04/09,4430.0,4445.0,4265.0,4300.0,5700,4300,2.0
2018/04/10,4300.0,4330.0,4140.0,4275.0,7200,4275,2.0
2018/04/11,4230.0,4230.0,4075.0,4115.0,5300,4115,2.0
2018/04/12,4050.0,4115.0,4015.0,4045.0,5200,4045,2.0
2018/04/13,4050.0,4100.0,3860.0,3920.0,9500,3920,2.0
2018/04/16,3870.0,3900.0,3825.0,3825.0,6800,3825,2.0
2018/04/17,3830.0,3940.0,3800.0,3925.0,7700,3925,2.0
2018/04/18,3900.0,3920.0,3825.0,3895.0,2900,3895,2.0
2018/04/19,3895.0,3975.0,3860.0,3880.0,3900,3880,2.0
2018/04/20,3910.0,3940.0,3905.0,3940.0,2100,3940,2.0
2018/04/23,3925.0,4225.0,3925.0,4215.0,8700,4215,2.0
2018/04/24,4175.0,4205.0,4095.0,4110.0,3000,4110,2.0
2018/04/25,4115.0,4205.0,4115.0,4190.0,2200,4190,2.0
2018/04/26,4190.0,4315.0,4190.0,4250.0,5900,4250,2.0
2018/04/27,4290.0,4525.0,4290.0,4500.0,9400,4500,2.0
2018/05/01,4550.0,4655.0,4540.0,4585.0,8800,4585,2.0
2018/05/02,4650.0,4650.0,4450.0,4530.0,3800,4530,2.0
2018/05/07,4530.0,4620.0,4510.0,4620.0,3500,4620,2.0
2018/05/08,4600.0,4630.0,4555.0,4625.0,1900,4625,2.0
2018/05/09,4575.0,4575.0,4475.0,4475.0,3800,4475,2.0
2018/05/10,4475.0,4480.0,4255.0,4385.0,6800,4385,2.0
2018/05/11,4250.0,4485.0,4250.0,4485.0,2700,4485,2.0
2018/05/14,4555.0,4710.0,4550.0,4710.0,8600,4710,2.0
2018/05/15,5460.0,5460.0,5460.0,5460.0,11800,5460,2.0
2018/05/16,5200.0,5325.0,5120.0,5265.0,47700,5265,2.0
2018/05/17,5350.0,5350.0,4995.0,5110.0,14800,5110,2.0
2018/05/18,5085.0,5200.0,5075.0,5090.0,5800,5090,2.0
2018/05/21,5090.0,5090.0,4890.0,4955.0,11200,4955,2.0
2018/05/22,4955.0,5010.0,4940.0,4960.0,5200,4960,2.0
2018/05/23,4990.0,5005.0,4935.0,4935.0,2900,4935,2.0
2018/05/24,4910.0,4920.0,4765.0,4810.0,4200,4810,2.0
2018/05/25,4885.0,4885.0,4765.0,4795.0,3500,4795,2.0
2018/05/28,4740.0,4755.0,4655.0,4680.0,4200,4680,2.0
2018/05/29,4745.0,4745.0,4585.0,4590.0,3800,4590,2.0
2018/05/30,4505.0,4585.0,4500.0,4535.0,3300,4535,2.0
2018/05/31,4685.0,4685.0,4550.0,4565.0,1600,4565,2.0
2018/06/01,4600.0,4725.0,4580.0,4585.0,2200,4585,2.0
2018/06/04,4725.0,4725.0,4505.0,4505.0,3800,4505,2.0
2018/06/05,4550.0,4575.0,4505.0,4520.0,1400,4520,2.0
2018/06/06,4515.0,4540.0,4500.0,4500.0,2100,4500,2.0
2018/06/07,4525.0,4525.0,4475.0,4495.0,1200,4495,2.0
2018/06/08,4540.0,4540.0,4455.0,4500.0,2100,4500,2.0
2018/06/11,4540.0,4540.0,4355.0,4365.0,7700,4365,2.0
2018/06/12,4400,4405,4080,4260,14800,4260,1
2018/06/13,4330,4330,4245,4290,3000,4290,1
2018/06/14,4300,4310,4130,4140,7900,4140,1
2018/06/15,4140,4160,3960,4000,15300,4000,1
2018/06/18,3860,3900,3730,3890,31200,3890,1
2018/06/19,3905,3950,3635,3640,15900,3640,1
2018/06/20,3720,3720,3370,3585,22100,3585,1
2018/06/21,3630,3630,3480,3485,11300,3485,1
2018/06/22,3410,3440,3380,3395,10200,3395,1
2018/06/25,3420,3420,3140,3165,25400,3165,1
2018/06/26,3110,3125,3040,3100,17600,3100,1
2018/06/27,3065,3125,3025,3045,12500,3045,1
2018/06/28,3000,3010,2950,2962,15500,2962,1
2018/06/29,2962,3400,2962,3340,44400,3340,1
2018/07/02,3460,3620,3260,3265,38300,3265,1
2018/07/03,3280,3280,3010,3070,19700,3070,1
2018/07/04,2992,3000,2863,2957,26600,2957,1
2018/07/05,3040,3040,2850,2850,22800,2850,1
2018/07/06,2828,2834,2766,2799,35300,2799,1
2018/07/09,2720,2777,2705,2733,79700,2733,1
2018/07/10,2735,2780,2734,2768,27500,2768,1
2018/07/11,2743,2759,2708,2708,19500,2708,1
2018/07/12,2711,2742,2711,2719,7600,2719,1
2018/07/13,2720,2731,2708,2720,11100,2720,1
2018/07/17,2716,2757,2709,2736,11900,2736,1
2018/07/18,2744,2809,2732,2809,33400,2809,1
2018/07/19,2828,2859,2819,2845,29700,2845,1
2018/07/20,2847,2855,2782,2794,16800,2794,1
2018/07/23,2780,2789,2762,2775,14100,2775,1
2018/07/24,2776,2840,2776,2840,13700,2840,1
2018/07/25,2820,2833,2801,2801,8900,2801,1
2018/07/26,2819,2819,2775,2776,16000,2776,1
2018/07/27,2776,2800,2776,2781,7500,2781,1
2018/07/30,2781,2862,2781,2827,11400,2827,1
2018/07/31,2840,2842,2801,2827,7100,2827,1
2018/08/01,2831,2840,2786,2803,12300,2803,1
2018/08/02,2807,2829,2788,2801,8700,2801,1
2018/08/03,2800,2800,2778,2799,8600,2799,1
2018/08/06,2795,2800,2772,2786,11100,2786,1
2018/08/07,2807,2807,2778,2779,8700,2779,1
2018/08/08,2780,2800,2775,2778,8700,2778,1
2018/08/09,2782,2799,2770,2785,8700,2785,1
2018/08/10,2780,2817,2775,2805,12500,2805,1
2018/08/13,2776,2783,2721,2780,10200,2780,1
2018/08/14,2745,2875,2745,2857,26600,2857,1
