2012/07/19,577.75,599.75,452.75,466.75,1903200,466.75,4.0
2012/07/20,475.0,566.75,457.5,566.75,1711700,566.75,4.0
2012/07/23,604.25,616.0,502.5,515.0,1040100,515,4.0
2012/07/24,516.25,563.75,500.5,562.5,562300,562.5,4.0
2012/07/25,580.0,687.5,577.75,687.5,1608600,687.5,4.0
2012/07/26,725.0,767.5,665.5,690.0,1070000,690,4.0
2012/07/27,725.0,815.0,700.0,815.0,734300,815,4.0
2012/07/30,840.0,917.5,801.25,871.25,1007300,871.25,4.0
2012/07/31,877.5,878.75,792.5,810.0,463200,810,4.0
2012/08/01,825.0,845.0,675.75,758.75,778400,758.75,4.0
2012/08/02,748.75,762.5,707.5,725.0,356800,725,4.0
2012/08/03,696.0,717.75,651.75,717.75,427600,717.75,4.0
2012/08/06,680.25,806.25,678.25,780.0,507400,780,4.0
2012/08/07,780.0,801.25,720.0,722.5,415800,722.5,4.0
2012/08/08,746.0,752.5,620.0,631.0,386200,631,4.0
2012/08/09,618.5,667.5,576.25,587.5,469800,587.5,4.0
2012/08/10,610.0,635.0,587.5,601.0,297600,601,4.0
2012/08/13,612.0,650.0,612.0,649.75,242900,649.75,4.0
2012/08/14,670.0,688.0,652.5,678.5,327400,678.5,4.0
2012/08/15,690.0,698.0,662.5,663.75,193600,663.75,4.0
2012/08/16,664.75,685.5,647.5,666.25,220100,666.25,4.0
2012/08/17,666.25,675.0,645.75,658.5,107600,658.5,4.0
2012/08/20,662.5,662.5,610.0,614.5,145800,614.5,4.0
2012/08/21,622.0,634.75,602.25,602.25,97900,602.25,4.0
2012/08/22,610.75,663.5,588.75,643.25,181600,643.25,4.0
2012/08/23,643.75,671.25,625.75,636.0,219200,636,4.0
2012/08/24,628.25,652.5,624.0,636.25,127600,636.25,4.0
2012/08/27,655.0,687.5,652.0,687.5,271400,687.5,4.0
2012/08/28,700.0,715.0,673.5,695.5,377300,695.5,4.0
2012/08/29,700.25,724.25,653.25,670.0,349100,670,4.0
2012/08/30,687.5,712.25,674.5,682.25,210900,682.25,4.0
2012/08/31,671.5,685.75,653.75,675.0,117100,675,4.0
2012/09/03,695.0,732.5,687.5,731.75,264500,731.75,4.0
2012/09/04,740.0,748.5,721.75,728.75,287000,728.75,4.0
2012/09/05,747.5,782.5,718.75,726.25,433000,726.25,4.0
2012/09/06,715.5,744.5,710.0,734.5,157400,734.5,4.0
2012/09/07,749.75,822.5,745.5,818.75,397700,818.75,4.0
2012/09/10,802.5,825.0,767.5,790.0,375100,790,4.0
2012/09/11,800.0,841.25,772.5,820.0,448300,820,4.0
2012/09/12,837.5,870.0,812.5,870.0,371300,870,4.0
2012/09/13,880.0,900.0,852.5,900.0,466000,900,4.0
2012/09/14,902.5,908.75,812.5,816.25,410800,816.25,4.0
2012/09/18,805.0,836.25,755.0,772.5,289300,772.5,4.0
2012/09/19,755.0,823.75,751.25,823.75,226000,823.75,4.0
2012/09/20,816.25,828.75,755.0,766.25,228800,766.25,4.0
2012/09/21,760.0,792.5,760.0,772.5,120400,772.5,4.0
2012/09/24,780.0,830.0,768.75,810.0,183700,810,4.0
2012/09/25,817.5,835.0,787.5,823.75,220800,823.75,4.0
2012/09/26,833.75,842.5,815.0,816.25,145200,816.25,4.0
2012/09/27,825.0,868.75,817.5,845.0,356500,845,4.0
2012/09/28,862.5,876.25,831.25,870.0,272600,870,4.0
2012/10/01,885.0,910.0,846.25,858.75,373800,858.75,4.0
2012/10/02,865.0,876.25,785.0,822.5,275600,822.5,4.0
2012/10/03,825.0,860.0,797.5,852.5,194600,852.5,4.0
2012/10/04,855.0,876.25,840.0,862.5,176300,862.5,4.0
2012/10/05,875.0,878.75,845.0,848.75,168000,848.75,4.0
2012/10/09,850.0,941.25,838.75,932.5,644700,932.5,4.0
2012/10/10,922.5,943.75,870.0,878.75,487200,878.75,4.0
2012/10/11,902.5,932.5,866.25,885.0,364300,885,4.0
2012/10/12,895.0,895.0,852.5,856.25,126900,856.25,4.0
2012/10/15,877.5,881.25,827.5,831.25,128800,831.25,4.0
2012/10/16,840.0,886.25,838.75,867.5,143300,867.5,4.0
2012/10/17,868.75,880.0,831.25,871.25,167900,871.25,4.0
2012/10/18,863.75,896.25,863.75,880.0,135700,880,4.0
2012/10/19,886.25,886.25,852.5,862.5,112000,862.5,4.0
2012/10/22,850.0,891.25,840.0,873.75,119700,873.75,4.0
2012/10/23,873.75,875.0,857.5,860.0,89100,860,4.0
2012/10/24,863.75,872.5,853.75,862.5,71400,862.5,4.0
2012/10/25,857.5,863.75,823.75,830.0,145100,830,4.0
2012/10/26,800.0,820.0,787.5,803.75,159200,803.75,4.0
2012/10/29,800.0,825.0,800.0,817.5,45100,817.5,4.0
2012/10/30,812.5,817.5,768.75,777.5,117100,777.5,4.0
2012/10/31,775.0,795.0,768.75,791.25,98400,791.25,4.0
2012/11/01,800.0,800.0,778.75,792.5,36400,792.5,4.0
2012/11/02,792.5,795.0,767.5,780.0,45900,780,4.0
2012/11/05,782.5,790.0,749.25,750.0,62700,750,4.0
2012/11/06,767.5,825.0,767.5,817.5,258600,817.5,4.0
2012/11/07,838.75,842.5,763.75,765.0,180500,765,4.0
2012/11/08,757.5,761.25,720.5,739.0,104700,739,4.0
2012/11/09,731.5,747.0,716.25,722.5,62000,722.5,4.0
2012/11/12,720.5,725.0,695.0,711.0,66100,711,4.0
2012/11/13,732.5,734.0,707.75,712.5,53100,712.5,4.0
2012/11/14,713.75,717.5,703.0,711.5,42000,711.5,4.0
2012/11/15,705.0,711.0,682.5,687.5,96100,687.5,4.0
2012/11/16,680.0,704.75,666.25,690.5,53500,690.5,4.0
2012/11/19,694.25,725.0,687.5,725.0,40900,725,4.0
2012/11/20,738.75,765.0,725.0,762.5,100600,762.5,4.0
2012/11/21,751.25,761.25,728.0,761.25,67300,761.25,4.0
2012/11/22,760.0,760.0,741.0,751.25,35200,751.25,4.0
2012/11/26,750.0,750.0,713.0,713.0,47700,713,4.0
2012/11/27,704.25,717.25,700.0,707.5,21200,707.5,4.0
2012/11/28,695.0,700.0,692.25,699.75,26800,699.75,4.0
2012/11/29,704.75,705.0,675.5,676.25,44000,676.25,4.0
2012/11/30,676.75,715.0,668.0,711.0,110000,711,4.0
2012/12/03,722.5,736.5,709.0,709.25,71800,709.25,4.0
2012/12/04,717.25,717.25,687.75,690.0,27000,690,4.0
2012/12/05,687.75,695.75,677.5,677.5,19600,677.5,4.0
2012/12/06,686.75,690.0,678.5,683.25,16000,683.25,4.0
2012/12/07,687.5,688.75,681.25,685.0,13300,685,4.0
2012/12/10,692.0,707.5,680.25,707.5,28300,707.5,4.0
2012/12/11,710.0,713.75,691.25,706.5,30700,706.5,4.0
2012/12/12,715.0,763.75,715.0,749.25,160900,749.25,4.0
2012/12/13,762.5,762.5,727.5,745.0,74000,745,4.0
2012/12/14,755.0,770.0,732.5,736.0,52100,736,4.0
2012/12/17,752.5,761.25,743.0,752.5,31600,752.5,4.0
2012/12/18,767.5,767.5,743.75,745.0,45700,745,4.0
2012/12/19,749.25,750.0,694.0,720.0,90000,720,4.0
2012/12/20,753.75,761.25,721.25,740.0,95500,740,4.0
2012/12/21,740.25,740.25,720.5,722.75,29900,722.75,4.0
2012/12/25,720.0,720.25,701.25,702.0,39000,702,4.0
2012/12/26,702.5,707.5,690.0,701.0,36600,701,4.0
2012/12/27,700.0,719.75,697.75,719.0,34700,719,4.0
2012/12/28,720.0,739.25,720.0,739.25,41400,739.25,4.0
2013/01/04,752.5,753.75,725.5,737.5,24100,737.5,4.0
2013/01/07,738.25,744.25,727.5,730.0,19300,730,4.0
2013/01/08,740.0,757.5,737.5,747.5,35500,747.5,4.0
2013/01/09,753.75,753.75,738.75,742.5,18600,742.5,4.0
2013/01/10,750.0,807.5,741.25,791.25,109300,791.25,4.0
2013/01/11,800.0,805.0,773.75,782.5,67800,782.5,4.0
2013/01/15,797.5,822.5,788.75,811.25,107800,811.25,4.0
2013/01/16,796.25,838.75,777.5,827.5,130200,827.5,4.0
2013/01/17,836.25,837.5,805.0,818.75,73700,818.75,4.0
2013/01/18,835.0,852.5,827.5,841.25,113100,841.25,4.0
2013/01/21,893.75,930.0,875.0,893.75,411700,893.75,4.0
2013/01/22,908.75,920.0,875.0,895.0,144900,895,4.0
2013/01/23,901.25,968.75,887.5,946.25,333100,946.25,4.0
2013/01/24,981.25,1120.0,955.0,1096.25,663700,1096.25,4.0
2013/01/25,1087.5,1140.0,1023.75,1078.75,416500,1078.75,4.0
2013/01/28,1113.75,1117.5,1058.75,1088.75,189900,1088.75,4.0
2013/01/29,1106.25,1106.25,975.0,975.0,220900,975,4.0
2013/01/30,1006.25,1056.25,985.0,1036.25,149200,1036.25,4.0
2013/01/31,1048.75,1075.0,1012.5,1030.0,81900,1030,4.0
2013/02/01,1031.25,1066.25,1018.75,1057.5,68300,1057.5,4.0
2013/02/04,1075.0,1092.5,1037.5,1042.5,99300,1042.5,4.0
2013/02/05,1025.0,1036.25,987.5,998.75,95400,998.75,4.0
2013/02/06,1000.0,1013.75,976.25,990.0,50600,990,4.0
2013/02/07,1010.0,1085.0,997.5,1081.25,93400,1081.25,4.0
2013/02/08,1078.75,1166.25,1062.5,1088.75,284900,1088.75,4.0
2013/02/12,983.75,1045.0,955.0,978.75,184900,978.75,4.0
2013/02/13,961.25,961.25,860.0,922.5,162800,922.5,4.0
2013/02/14,950.0,1045.0,936.25,997.5,150200,997.5,4.0
2013/02/15,980.0,1011.25,873.75,972.5,156300,972.5,4.0
2013/02/18,985.0,985.0,926.25,950.0,57300,950,4.0
2013/02/19,967.5,996.25,953.75,992.5,75300,992.5,4.0
2013/02/20,1022.5,1022.5,982.5,1006.25,89500,1006.25,4.0
2013/02/21,1012.5,1060.0,1011.25,1060.0,133900,1060,4.0
2013/02/22,1070.0,1095.0,1037.5,1057.5,148400,1057.5,4.0
2013/02/25,1090.0,1112.5,1050.0,1066.25,121400,1066.25,4.0
2013/02/26,1025.0,1076.25,1025.0,1062.5,64400,1062.5,4.0
2013/02/27,1053.75,1070.0,1035.0,1047.5,49000,1047.5,4.0
2013/02/28,1047.5,1063.75,1041.25,1052.5,39600,1052.5,4.0
2013/03/01,1042.5,1062.5,1032.5,1062.5,55500,1062.5,4.0
2013/03/04,1085.0,1186.25,1080.0,1161.25,219200,1161.25,4.0
2013/03/05,1196.25,1198.75,1137.5,1171.25,147300,1171.25,4.0
2013/03/06,1182.5,1235.0,1172.5,1223.75,144200,1223.75,4.0
2013/03/07,1225.0,1225.0,1173.75,1198.75,77200,1198.75,4.0
2013/03/08,1210.0,1211.25,1187.5,1187.5,90300,1187.5,4.0
2013/03/11,1188.75,1190.0,1126.25,1180.0,85400,1180,4.0
2013/03/12,1181.25,1196.25,1142.5,1153.75,45900,1153.75,4.0
2013/03/13,1136.25,1167.5,1135.0,1162.5,31100,1162.5,4.0
2013/03/14,1175.0,1182.5,1158.75,1177.5,30800,1177.5,4.0
2013/03/15,1181.25,1235.0,1168.75,1232.5,73700,1232.5,4.0
2013/03/18,1241.25,1325.0,1230.0,1322.5,183800,1322.5,4.0
2013/03/19,1305.0,1367.5,1287.5,1365.0,110800,1365,4.0
2013/03/21,1350.0,1445.0,1347.5,1435.0,129800,1435,4.0
2013/03/22,1385.0,1425.0,1375.0,1380.0,92000,1380,4.0
2013/03/25,1337.5,1347.5,1270.0,1305.0,102300,1305,4.0
2013/03/26,1305.0,1305.0,1282.5,1290.0,38600,1290,4.0
2013/03/27,1290.0,1340.0,1290.0,1332.5,47400,1332.5,4.0
2013/03/28,1357.5,1370.0,1252.5,1275.0,63200,1275,4.0
2013/03/29,1277.5,1297.5,1236.25,1242.5,63900,1242.5,4.0
2013/04/01,1243.75,1243.75,1088.75,1123.75,98200,1123.75,4.0
2013/04/02,1075.0,1183.75,1015.0,1166.25,100300,1166.25,4.0
2013/04/03,1187.5,1208.75,1168.75,1180.0,30800,1180,4.0
2013/04/04,1150.0,1170.0,1127.5,1167.5,26000,1167.5,4.0
2013/04/05,1200.0,1200.0,1147.5,1162.5,33300,1162.5,4.0
2013/04/08,1153.75,1181.25,1122.5,1133.75,44200,1133.75,4.0
2013/04/09,1123.75,1125.0,1077.5,1091.25,81000,1091.25,4.0
2013/04/10,1107.5,1161.25,1107.5,1146.25,108200,1146.25,4.0
2013/04/11,1167.5,1168.75,1137.5,1150.0,44400,1150,4.0
2013/04/12,1167.5,1167.5,1142.5,1146.25,35500,1146.25,4.0
2013/04/15,1150.0,1225.0,1147.5,1225.0,95900,1225,4.0
2013/04/16,1200.0,1322.5,1196.25,1305.0,136000,1305,4.0
2013/04/17,1320.0,1340.0,1287.5,1305.0,61100,1305,4.0
2013/04/18,1312.5,1435.0,1270.0,1327.5,205300,1327.5,4.0
2013/04/19,1350.0,1395.0,1320.0,1362.5,93300,1362.5,4.0
2013/04/22,1417.5,1420.0,1375.0,1387.5,72700,1387.5,4.0
2013/04/23,1425.0,1550.0,1395.0,1507.5,256900,1507.5,4.0
2013/04/24,1522.5,1525.0,1440.0,1482.5,104800,1482.5,4.0
2013/04/25,1477.5,1495.0,1375.0,1425.0,91500,1425,4.0
2013/04/26,1415.0,1417.5,1355.0,1372.5,70800,1372.5,4.0
2013/04/30,1375.0,1462.5,1375.0,1447.5,63300,1447.5,4.0
2013/05/01,1467.5,1512.5,1397.5,1407.5,84000,1407.5,4.0
2013/05/02,1385.0,1445.0,1380.0,1427.5,45400,1427.5,4.0
2013/05/07,1500.0,1675.0,1465.0,1622.5,262700,1622.5,4.0
2013/05/08,1647.5,1650.0,1462.5,1577.5,180900,1577.5,4.0
2013/05/09,1480.0,1545.0,1455.0,1475.0,208400,1475,4.0
2013/05/10,1462.5,1495.0,1455.0,1462.5,57300,1462.5,4.0
2013/05/13,1525.0,1525.0,1457.5,1470.0,66800,1470,4.0
2013/05/14,1487.5,1492.5,1450.0,1475.0,52500,1475,4.0
2013/05/15,1475.0,1475.0,1375.0,1420.0,95900,1420,4.0
2013/05/16,1420.0,1427.5,1250.0,1375.0,79500,1375,4.0
2013/05/17,1362.5,1445.0,1322.5,1430.0,30000,1430,4.0
2013/05/20,1472.5,1475.0,1440.0,1462.5,30200,1462.5,4.0
2013/05/21,1450.0,1455.0,1407.5,1437.5,24900,1437.5,4.0
2013/05/22,1412.5,1417.5,1375.0,1392.5,21800,1392.5,4.0
2013/05/23,1380.0,1400.0,1200.0,1260.0,69100,1260,4.0
2013/05/24,1250.0,1342.5,1203.75,1320.0,47800,1320,4.0
2013/05/27,1312.5,1370.0,1252.5,1352.5,27500,1352.5,4.0
2013/05/28,1350.0,1427.5,1310.0,1427.5,48900,1427.5,4.0
2013/05/29,1435.0,1467.5,1375.0,1467.5,46100,1467.5,4.0
2013/05/30,1442.5,1467.5,1400.0,1412.5,41100,1412.5,4.0
2013/05/31,1445.0,1455.0,1375.0,1400.0,18200,1400,4.0
2013/06/03,1327.5,1392.5,1327.5,1375.0,15600,1375,4.0
2013/06/04,1325.0,1342.5,1275.0,1320.0,29700,1320,4.0
2013/06/05,1305.0,1440.0,1305.0,1342.5,43700,1342.5,4.0
2013/06/06,1325.0,1325.0,1157.5,1265.0,54500,1265,4.0
2013/06/07,1142.5,1270.0,1077.5,1243.75,73600,1243.75,4.0
2013/06/10,1312.5,1362.5,1300.0,1350.0,39300,1350,4.0
2013/06/11,1327.5,1362.5,1252.5,1322.5,22200,1322.5,4.0
2013/06/12,1252.5,1307.5,1252.5,1300.0,12100,1300,4.0
2013/06/13,1275.0,1287.5,1250.0,1252.5,11000,1252.5,4.0
2013/06/14,1275.0,1280.0,1250.0,1252.5,10500,1252.5,4.0
2013/06/17,1231.25,1272.5,1231.25,1270.0,11800,1270,4.0
2013/06/18,1287.5,1300.0,1275.0,1280.0,14900,1280,4.0
2013/06/19,1292.5,1297.5,1255.0,1275.0,17500,1275,4.0
2013/06/20,1272.5,1297.5,1252.5,1287.5,5600,1287.5,4.0
2013/06/21,1245.0,1287.5,1243.75,1275.0,10700,1275,4.0
2013/06/24,1275.0,1277.5,1248.75,1265.0,20700,1265,4.0
2013/06/25,1246.25,1246.25,1155.0,1175.0,52200,1175,4.0
2013/06/26,1180.0,1187.5,1067.5,1067.5,45600,1067.5,4.0
2013/06/27,1085.0,1088.75,1012.5,1062.5,41200,1062.5,4.0
2013/06/28,1057.5,1187.5,1057.5,1187.5,36500,1187.5,4.0
2013/07/01,1205.0,1270.0,1192.5,1270.0,19500,1270,4.0
2013/07/02,1282.5,1312.5,1275.0,1300.0,21900,1300,4.0
2013/07/03,1305.0,1305.0,1252.5,1277.5,6200,1277.5,4.0
2013/07/04,1272.5,1287.5,1252.5,1282.5,6100,1282.5,4.0
2013/07/05,1295.0,1295.0,1245.0,1260.0,20100,1260,4.0
2013/07/08,1282.5,1282.5,1252.5,1265.0,18100,1265,4.0
2013/07/09,1272.5,1272.5,1240.0,1267.5,11000,1267.5,4.0
2013/07/10,1255.0,1272.5,1245.0,1262.5,10600,1262.5,4.0
2013/07/11,1262.5,1265.0,1242.5,1262.5,6500,1262.5,4.0
2013/07/12,1267.5,1272.5,1262.5,1272.5,6800,1272.5,4.0
2013/07/16,1280.0,1375.0,1275.0,1372.5,30300,1372.5,4.0
2013/07/17,1392.5,1400.0,1350.0,1377.5,26700,1377.5,4.0
2013/07/18,1372.5,1392.5,1340.0,1385.0,13400,1385,4.0
2013/07/19,1400.0,1400.0,1262.5,1320.0,29900,1320,4.0
2013/07/22,1450.0,1480.0,1367.5,1385.0,133500,1385,4.0
2013/07/23,1447.5,1500.0,1395.0,1410.0,186500,1410,4.0
2013/07/24,1400.0,1425.0,1387.5,1412.5,24400,1412.5,4.0
2013/07/25,1425.0,1425.0,1362.5,1385.0,19800,1385,4.0
2013/07/26,1360.0,1375.0,1347.5,1355.0,13900,1355,4.0
2013/07/29,1330.0,1362.5,1275.0,1295.0,31700,1295,4.0
2013/07/30,1270.0,1345.0,1265.0,1345.0,14300,1345,4.0
2013/07/31,1330.0,1360.0,1282.5,1310.0,12600,1310,4.0
2013/08/01,1300.0,1300.0,1252.5,1292.5,14600,1292.5,4.0
2013/08/02,1297.5,1335.0,1280.0,1335.0,18200,1335,4.0
2013/08/05,1335.0,1347.5,1290.0,1347.5,22600,1347.5,4.0
2013/08/06,1337.5,1337.5,1265.0,1295.0,33100,1295,4.0
2013/08/07,1272.5,1285.0,1252.5,1272.5,24100,1272.5,4.0
2013/08/08,1257.5,1272.5,1232.5,1260.0,16600,1260,4.0
2013/08/09,1255.0,1270.0,1231.25,1236.25,7500,1236.25,4.0
2013/08/12,1221.25,1221.25,1150.0,1173.75,21900,1173.75,4.0
2013/08/13,1173.75,1206.25,1130.0,1187.5,11700,1187.5,4.0
2013/08/14,1202.5,1211.25,1172.5,1200.0,11200,1200,4.0
2013/08/15,1197.5,1197.5,1178.75,1181.25,4400,1181.25,4.0
2013/08/16,1163.75,1223.75,1162.5,1205.0,9600,1205,4.0
2013/08/19,1232.5,1267.5,1218.75,1260.0,7400,1260,4.0
2013/08/20,1267.5,1267.5,1225.0,1240.0,6500,1240,4.0
2013/08/21,1225.0,1235.0,1197.5,1235.0,6400,1235,4.0
2013/08/22,1217.5,1217.5,1193.75,1207.5,4900,1207.5,4.0
2013/08/23,1212.5,1217.5,1187.5,1190.0,7300,1190,4.0
2013/08/26,1190.0,1190.0,1162.5,1186.25,4900,1186.25,4.0
2013/08/27,1190.0,1190.0,1162.5,1163.75,4900,1163.75,4.0
2013/08/28,1115.0,1162.0,1105.0,1117.5,18200,1117.5,2.0
2013/08/29,1135.0,1140.0,1115.0,1135.0,6300,1135,2.0
2013/08/30,1137.0,1137.5,1115.0,1119.5,10900,1119.5,2.0
2013/09/02,1118.0,1134.5,1118.0,1125.0,7700,1125,2.0
2013/09/03,1140.0,1215.0,1135.0,1200.0,17700,1200,2.0
2013/09/04,1200.5,1224.0,1196.5,1219.5,10200,1219.5,2.0
2013/09/05,1225.0,1250.0,1215.0,1241.5,21400,1241.5,2.0
2013/09/06,1241.5,1245.0,1225.5,1230.0,17700,1230,2.0
2013/09/09,1300.0,1329.5,1277.5,1295.0,53600,1295,2.0
2013/09/10,1313.0,1330.0,1280.0,1297.5,41100,1297.5,2.0
2013/09/11,1302.5,1317.5,1285.5,1294.5,23600,1294.5,2.0
2013/09/12,1285.5,1292.0,1270.0,1275.0,15200,1275,2.0
2013/09/13,1305.0,1315.0,1288.5,1306.5,32200,1306.5,2.0
2013/09/17,1350.0,1360.0,1310.5,1317.5,29100,1317.5,2.0
2013/09/18,1335.0,1336.0,1305.0,1309.0,31600,1309,2.0
2013/09/19,1315.0,1324.5,1286.5,1290.5,51000,1290.5,2.0
2013/09/20,1291.0,1310.0,1290.5,1305.5,20600,1305.5,2.0
2013/09/24,1312.5,1372.5,1308.5,1372.0,58500,1372,2.0
2013/09/25,1400.0,1406.0,1350.0,1350.0,78700,1350,2.0
2013/09/26,1311.5,1400.0,1308.0,1391.5,35200,1391.5,2.0
2013/09/27,1400.0,1400.0,1380.0,1387.5,11000,1387.5,2.0
2013/09/30,1375.5,1387.0,1350.0,1369.5,10100,1369.5,2.0
2013/10/01,1346.0,1362.0,1335.0,1335.0,14800,1335,2.0
2013/10/02,1310.5,1335.0,1300.0,1304.0,23400,1304,2.0
2013/10/03,1292.5,1311.0,1276.5,1311.0,16000,1311,2.0
2013/10/04,1310.0,1310.0,1280.0,1292.5,17600,1292.5,2.0
2013/10/07,1300.0,1338.5,1267.5,1305.0,34100,1305,2.0
2013/10/08,1284.0,1298.5,1275.5,1290.5,7900,1290.5,2.0
2013/10/09,1280.0,1323.5,1269.5,1322.0,17300,1322,2.0
2013/10/10,1322.0,1338.5,1315.0,1315.0,13000,1315,2.0
2013/10/11,1337.5,1340.0,1320.5,1330.0,17600,1330,2.0
2013/10/15,1330.0,1337.5,1330.0,1337.0,13500,1337,2.0
2013/10/16,1330.0,1331.0,1305.0,1310.0,11900,1310,2.0
2013/10/17,1375.0,1465.0,1350.0,1450.0,192500,1450,2.0
2013/10/18,1474.5,1515.0,1410.0,1414.5,114700,1414.5,2.0
2013/10/21,1464.5,1487.5,1442.5,1484.5,66000,1484.5,2.0
2013/10/22,1525.0,1545.0,1500.0,1512.5,165300,1512.5,2.0
2013/10/23,1500.0,1512.5,1487.0,1488.5,58200,1488.5,2.0
2013/10/24,1463.5,1505.0,1431.5,1502.5,38900,1502.5,2.0
2013/10/25,1500.0,1505.0,1481.5,1497.5,27300,1497.5,2.0
2013/10/28,1505.0,1510.0,1475.0,1500.0,25000,1500,2.0
2013/10/29,1510.0,1612.5,1505.0,1572.5,235700,1572.5,2.0
2013/10/30,1560.0,1565.0,1500.0,1530.0,63700,1530,2.0
2013/10/31,1530.0,1535.0,1476.0,1500.0,35200,1500,2.0
2013/11/01,1488.0,1510.0,1433.0,1492.0,45200,1492,2.0
2013/11/05,1490.0,1535.0,1477.5,1512.5,31300,1512.5,2.0
2013/11/06,1515.0,1520.0,1476.0,1492.5,17500,1492.5,2.0
2013/11/07,1480.0,1522.5,1480.0,1497.5,44300,1497.5,2.0
2013/11/08,1500.0,1547.5,1490.0,1540.0,74100,1540,2.0
2013/11/11,1550.0,1690.0,1550.0,1665.0,312800,1665,2.0
2013/11/12,1637.5,1790.0,1602.5,1790.0,217800,1790,2.0
2013/11/13,1790.0,2100.0,1790.0,2085.0,377000,2085,2.0
2013/11/14,2080.0,2135.0,1950.0,2022.5,244900,2022.5,2.0
2013/11/15,2080.0,2370.0,2067.5,2227.5,361600,2227.5,2.0
2013/11/18,2150.0,2230.0,2020.0,2150.0,301800,2150,2.0
2013/11/19,2127.5,2127.5,1990.0,2047.5,137400,2047.5,2.0
2013/11/20,2025.0,2295.0,2025.0,2195.0,167200,2195,2.0
2013/11/21,2160.0,2230.0,2107.5,2150.0,84800,2150,2.0
2013/11/22,2185.0,2190.0,2005.0,2065.0,80000,2065,2.0
2013/11/25,2062.5,2192.5,2015.0,2050.0,118700,2050,2.0
2013/11/26,2072.5,2082.5,1842.5,1925.0,170400,1925,2.0
2013/11/27,1947.5,1952.5,1867.5,1882.5,51700,1882.5,2.0
2013/11/28,1917.5,1917.5,1852.5,1907.5,50000,1907.5,2.0
2013/11/29,1882.5,1995.0,1877.5,1987.5,81000,1987.5,2.0
2013/12/02,1975.0,2135.0,1947.5,2085.0,138000,2085,2.0
2013/12/03,2117.5,2135.0,2015.0,2105.0,94100,2105,2.0
2013/12/04,2085.0,2287.5,2070.0,2285.0,260400,2285,2.0
2013/12/05,2440.0,2590.0,2292.5,2425.0,492300,2425,2.0
2013/12/06,2555.0,2705.0,2377.5,2500.0,326000,2500,2.0
2013/12/09,2447.5,2487.5,2380.0,2407.5,151400,2407.5,2.0
2013/12/10,2442.5,2585.0,2425.0,2462.5,190800,2462.5,2.0
2013/12/11,2425.0,2457.5,2380.0,2430.0,86400,2430,2.0
2013/12/12,2380.0,2440.0,2365.0,2430.0,47700,2430,2.0
2013/12/13,2490.0,2640.0,2407.5,2450.0,193700,2450,2.0
2013/12/16,2460.0,2785.0,2455.0,2700.0,276200,2700,2.0
2013/12/17,2675.0,2920.0,2600.0,2700.0,357900,2700,2.0
2013/12/18,2680.0,2880.0,2675.0,2760.0,155500,2760,2.0
2013/12/19,2780.0,3040.0,2760.0,3030.0,303200,3030,2.0
2013/12/20,2955.0,3065.0,2900.0,3015.0,212100,3015,2.0
2013/12/24,3095.0,3145.0,2930.0,2930.0,181700,2930,2.0
2013/12/25,2940.0,3100.0,2940.0,3075.0,231000,3075,2.0
2013/12/26,3145,3175,2962,3105,196500,3105,1
2013/12/27,3230,3665,3210,3440,596800,3440,1
2013/12/30,3400,3455,3300,3455,352500,3455,1
2014/01/06,3440,3540,3340,3445,300800,3445,1
2014/01/07,3410,3510,3365,3415,205000,3415,1
2014/01/08,3430,3800,3380,3675,372100,3675,1
2014/01/09,3610,3920,3600,3905,467100,3905,1
2014/01/10,4000,4540,3990,4400,831200,4400,1
2014/01/14,4325,5070,4285,4535,1409500,4535,1
2014/01/15,4600,4670,4040,4100,796900,4100,1
2014/01/16,4170,4300,3910,3990,596200,3990,1
2014/01/17,4470,4555,4035,4065,925700,4065,1
2014/01/20,4035,4040,3710,3735,712200,3735,1
2014/01/21,3765,3870,3700,3780,456800,3780,1
2014/01/22,3830,4075,3820,4020,675300,4020,1
2014/01/23,4080,4140,3860,3870,471600,3870,1
2014/01/24,3785,3880,3650,3775,346400,3775,1
2014/01/27,3600,3710,3590,3610,323100,3610,1
2014/01/28,3670,3890,3660,3705,303700,3705,1
2014/01/29,3835,4090,3740,4080,683500,4080,1
2014/01/30,3940,4010,3770,3900,485700,3900,1
2014/01/31,4040,4210,3700,3935,801900,3935,1
2014/02/03,3800,3875,3360,3370,620100,3370,1
2014/02/04,2850,3330,2750,3015,863400,3015,1
2014/02/05,3200,3280,2878,3065,395800,3065,1
2014/02/06,3065,3450,3060,3350,350200,3350,1
2014/02/07,3540,3540,3110,3210,364900,3210,1
2014/02/10,3370,3540,3300,3540,336000,3540,1
2014/02/12,3610,3645,3440,3490,260200,3490,1
2014/02/13,3435,3495,3320,3430,141300,3430,1
2014/02/14,3155,3230,2801,2840,1231000,2840,1
2014/02/17,2903,3025,2801,2870,495200,2870,1
2014/02/18,2890,2890,2588,2719,696300,2719,1
2014/02/19,2769,2799,2600,2650,524400,2650,1
2014/02/20,2670,2770,2622,2731,422000,2731,1
2014/02/21,2719,2749,2625,2640,344500,2640,1
2014/02/24,2655,2694,2602,2650,398100,2650,1
2014/02/25,2744,3015,2706,2905,733000,2905,1
2014/02/26,2950,3235,2942,3130,786400,3130,1
2014/02/27,3200,3275,3015,3130,416300,3130,1
2014/02/28,3070,3150,2917,2991,230900,2991,1
2014/03/03,2864,2921,2715,2909,254900,2909,1
2014/03/04,2810,2959,2805,2870,168000,2870,1
2014/03/05,2950,3070,2880,2908,210700,2908,1
2014/03/06,2948,3120,2924,3080,213600,3080,1
2014/03/07,3210,3240,3110,3190,279800,3190,1
2014/03/10,3250,3265,3165,3225,219600,3225,1
2014/03/11,3185,3225,3080,3185,199000,3185,1
2014/03/12,3115,3290,3070,3185,200700,3185,1
2014/03/13,3200,3240,3135,3135,122400,3135,1
2014/03/14,2980,3025,2830,2852,271600,2852,1
2014/03/17,2756,2770,2495,2535,433900,2535,1
2014/03/18,2635,2640,2534,2555,290300,2555,1
2014/03/19,2544,2688,2473,2510,243800,2510,1
2014/03/20,2454,2508,2211,2250,497000,2250,1
2014/03/24,2360,2400,2295,2308,196000,2308,1
2014/03/25,2240,2378,2230,2255,146300,2255,1
2014/03/26,2205,2292,2183,2219,140700,2219,1
2014/03/27,2196,2249,2131,2235,130700,2235,1
2014/03/28,2222,2480,2216,2476,214400,2476,1
2014/03/31,2550,2580,2401,2419,224600,2419,1
2014/04/01,2455,2475,2401,2414,120400,2414,1
2014/04/02,2407,2580,2407,2570,229700,2570,1
2014/04/03,2620,2670,2475,2475,275800,2475,1
2014/04/04,2489,2493,2401,2430,117600,2430,1
2014/04/07,2381,2397,2303,2313,195100,2313,1
2014/04/08,2255,2277,2212,2215,188100,2215,1
2014/04/09,2165,2263,2165,2224,127700,2224,1
2014/04/10,2285,2354,2200,2224,171100,2224,1
2014/04/11,2127,2151,2100,2119,128300,2119,1
2014/04/14,2069,2190,2069,2175,109800,2175,1
2014/04/15,2239,2325,2211,2295,165900,2295,1
2014/04/16,2374,2515,2319,2514,376600,2514,1
2014/04/17,2570,2623,2466,2506,276700,2506,1
2014/04/18,2550,2558,2428,2482,163100,2482,1
2014/04/21,2582,2582,2400,2400,193100,2400,1
2014/04/22,2351,2375,2236,2249,174800,2249,1
2014/04/23,2299,2300,2202,2272,117600,2272,1
2014/04/24,2261,2269,2184,2187,137900,2187,1
2014/04/25,2161,2218,2140,2170,114500,2170,1
2014/04/28,2120,2140,2081,2090,145100,2090,1
2014/04/30,2090,2119,1980,1990,194200,1990,1
2014/05/01,1966,2076,1930,2071,204700,2071,1
2014/05/02,2096,2242,2025,2198,236800,2198,1
2014/05/07,2118,2251,2100,2230,146300,2230,1
2014/05/08,2215,2232,2102,2102,117000,2102,1
2014/05/09,2202,2599,2161,2549,1799000,2549,1
2014/05/12,2540,2635,2211,2320,1018000,2320,1
2014/05/13,2390,2410,2231,2258,318400,2258,1
2014/05/14,2260,2280,2201,2211,179400,2211,1
2014/05/15,2200,2310,2120,2256,220800,2256,1
2014/05/16,2181,2233,2165,2182,111100,2182,1
2014/05/19,2200,2250,2017,2040,212500,2040,1
2014/05/20,2029,2118,2015,2095,120200,2095,1
2014/05/21,2060,2124,2020,2116,149800,2116,1
2014/05/22,2189,2189,2119,2180,120700,2180,1
2014/05/23,2188,2367,2178,2313,325900,2313,1
2014/05/26,2400,2664,2391,2640,814900,2640,1
2014/05/27,2620,2947,2522,2652,809200,2652,1
2014/05/28,2895,2899,2727,2815,439900,2815,1
2014/05/29,2850,2869,2765,2786,188000,2786,1
2014/05/30,2815,2835,2701,2750,181400,2750,1
2014/06/02,2752,2930,2750,2915,446300,2915,1
2014/06/03,3080,3225,2978,3080,681600,3080,1
2014/06/04,3060,3150,3010,3045,218100,3045,1
2014/06/05,3050,3145,2990,3045,160100,3045,1
2014/06/06,3080,3570,3060,3415,1622900,3415,1
2014/06/09,3450,3740,3355,3690,700900,3690,1
2014/06/10,3655,3685,3435,3530,329900,3530,1
2014/06/11,3430,3575,3320,3480,308200,3480,1
2014/06/12,3370,3460,3350,3455,171000,3455,1
2014/06/13,3470,3685,3470,3640,275400,3640,1
2014/06/16,3630,3630,3480,3575,183500,3575,1
2014/06/17,3485,3525,3360,3405,207500,3405,1
2014/06/18,3510,3545,3415,3425,224500,3425,1
2014/06/19,3405,3465,3320,3360,132400,3360,1
2014/06/20,3295,3345,3170,3230,193600,3230,1
2014/06/23,3160,3315,3155,3270,188200,3270,1
2014/06/24,3385,3670,3330,3445,429300,3445,1
2014/06/25,3400,3550,3335,3425,296400,3425,1
2014/06/26,3435,4055,3435,3940,1497300,3940,1
2014/06/27,3870,3980,3635,3860,616700,3860,1
2014/06/30,4300,4450,4025,4105,1525500,4105,1
2014/07/01,4450,4805,4035,4805,3364500,4805,1
2014/07/02,5210,5480,4815,4940,4821000,4940,1
2014/07/03,4870,5080,4680,4875,1744600,4875,1
2014/07/04,4840,5150,4730,4895,1402300,4895,1
2014/07/07,5040,5600,5020,5600,2800200,5600,1
2014/07/08,5850,6560,5550,5760,5942900,5760,1
2014/07/09,5470,5660,5200,5200,1282300,5200,1
2014/07/10,5150,5670,5140,5380,1732200,5380,1
2014/07/11,5180,5330,5070,5200,802100,5200,1
2014/07/14,5270,5500,5020,5370,716700,5370,1
2014/07/15,5570,5680,5210,5330,884100,5330,1
2014/07/16,5180,5290,5120,5140,236200,5140,1
2014/07/17,5080,5230,5070,5200,198100,5200,1
2014/07/18,5000,5360,4965,5160,404200,5160,1
2014/07/22,5130,5170,5070,5080,116300,5080,1
2014/07/23,5140,5450,5120,5320,241600,5320,1
2014/07/24,5350,5480,5250,5290,237300,5290,1
2014/07/25,5370,5520,5300,5510,401200,5510,1
2014/07/28,5680,5790,5530,5560,512100,5560,1
2014/07/29,5610,6380,5490,6300,1439100,6300,1
2014/07/30,6200,6300,5980,6120,965600,6120,1
2014/07/31,6290,6580,6090,6220,989300,6220,1
2014/08/01,5700,5950,5380,5800,1433400,5800,1
2014/08/04,5720,5880,5100,5280,948800,5280,1
2014/08/05,5350,5360,5010,5070,476700,5070,1
2014/08/06,4970,4995,4255,4635,1085900,4635,1
2014/08/07,4700,4745,4295,4475,610400,4475,1
2014/08/08,4335,4470,4010,4210,756700,4210,1
2014/08/11,4560,4670,4355,4615,645000,4615,1
2014/08/12,4580,5260,4575,4725,1117900,4725,1
2014/08/13,4585,4640,4405,4535,418200,4535,1
2014/08/14,4800,4930,4655,4760,500700,4760,1
2014/08/15,5100,5220,4870,5090,1140600,5090,1
2014/08/18,5000,5130,4895,4900,256400,4900,1
2014/08/19,4900,4970,4610,4705,356800,4705,1
2014/08/20,4700,4780,4565,4585,253100,4585,1
2014/08/21,4540,4575,4425,4450,218700,4450,1
2014/08/22,4600,4955,4480,4920,794000,4920,1
2014/08/25,4900,5060,4810,5050,405400,5050,1
2014/08/26,5120,5390,5080,5240,716700,5240,1
2014/08/27,5280,5290,5050,5130,311900,5130,1
2014/08/28,5400,5920,5300,5700,2291500,5700,1
2014/08/29,5600,5950,5490,5850,1076000,5850,1
2014/09/01,6040,6140,5770,5800,1126900,5800,1
2014/09/02,5700,5770,5290,5480,768200,5480,1
2014/09/03,5580,5720,5450,5600,442700,5600,1
2014/09/04,5500,5570,5290,5340,334500,5340,1
2014/09/05,5380,5430,5070,5360,368400,5360,1
2014/09/08,5390,5600,5230,5580,379300,5580,1
2014/09/09,5540,5650,5450,5460,285700,5460,1
2014/09/10,5400,5420,5110,5150,403600,5150,1
2014/09/11,5120,5350,5120,5270,260600,5270,1
2014/09/12,5220,5590,5220,5450,455500,5450,1
2014/09/16,5430,5510,5300,5360,216700,5360,1
2014/09/17,5360,5470,5280,5320,192400,5320,1
2014/09/18,5330,5410,5250,5290,165200,5290,1
2014/09/19,5300,5680,5300,5590,563400,5590,1
2014/09/22,5680,5720,5420,5530,313600,5530,1
2014/09/24,5500,5520,5370,5440,175000,5440,1
2014/09/25,5500,5510,5210,5350,287700,5350,1
2014/09/26,5210,5590,5180,5570,239200,5570,1
2014/09/29,5700,5700,5460,5490,215200,5490,1
2014/09/30,5440,5480,5240,5270,169400,5270,1
2014/10/01,5310,5320,4755,4760,567100,4760,1
2014/10/02,4550,4630,4370,4520,769400,4520,1
2014/10/03,4635,4825,4455,4710,514600,4710,1
2014/10/06,4700,4810,4595,4735,277200,4735,1
2014/10/07,4690,4725,4510,4515,273700,4515,1
2014/10/08,4305,4585,4300,4545,303100,4545,1
2014/10/09,4545,4675,4210,4230,356200,4230,1
2014/10/10,4090,4185,3925,4040,512600,4040,1
2014/10/14,3910,4245,3840,4075,359600,4075,1
2014/10/15,4075,4290,4010,4290,305400,4290,1
2014/10/16,4090,4225,4050,4140,338200,4140,1
2014/10/17,4280,4325,4110,4200,209400,4200,1
2014/10/20,4395,4730,4315,4630,715900,4630,1
2014/10/21,4630,4640,4440,4495,274500,4495,1
2014/10/22,4600,4665,4455,4575,253100,4575,1
2014/10/23,4480,4570,4445,4480,187000,4480,1
2014/10/24,4550,4565,4350,4355,154200,4355,1
2014/10/27,4395,4430,4270,4290,108200,4290,1
2014/10/28,4250,4370,4230,4315,149000,4315,1
2014/10/29,4355,4410,4285,4340,136800,4340,1
2014/10/30,4345,4380,4180,4350,175400,4350,1
2014/10/31,4335,4370,4075,4180,406100,4180,1
2014/11/04,4390,4480,4205,4400,394600,4400,1
2014/11/05,4330,4390,4230,4345,224300,4345,1
2014/11/06,4280,4550,4260,4445,382500,4445,1
2014/11/07,4500,4545,3960,3995,1220200,3995,1
2014/11/10,3925,4095,3905,4030,346100,4030,1
2014/11/11,4045,4075,3970,3990,234600,3990,1
2014/11/12,3995,4015,3710,3715,494900,3715,1
2014/11/13,3605,3635,3285,3305,876300,3305,1
2014/11/14,3255,3290,3050,3190,908800,3190,1
2014/11/17,3080,3175,3035,3080,446100,3080,1
2014/11/18,3180,3415,3150,3415,466200,3415,1
2014/11/19,3355,3390,3295,3320,274700,3320,1
2014/11/20,3320,3330,3155,3155,281100,3155,1
2014/11/21,3155,3280,3130,3210,291800,3210,1
2014/11/25,3300,3320,3205,3270,301400,3270,1
2014/11/26,3240,3390,3220,3325,207300,3325,1
2014/11/27,3275,3295,3115,3120,355400,3120,1
2014/11/28,3175,3260,3125,3250,362900,3250,1
2014/12/01,3390,3530,3330,3500,960900,3500,1
2014/12/02,3410,3610,3345,3485,640700,3485,1
2014/12/03,3500,3565,3410,3495,344100,3495,1
2014/12/04,3450,3480,3325,3345,230200,3345,1
2014/12/05,3270,3340,3260,3280,174900,3280,1
2014/12/08,3280,3310,3200,3200,168900,3200,1
2014/12/09,3150,3175,3060,3100,219800,3100,1
2014/12/10,3055,3190,3055,3100,160600,3100,1
2014/12/11,3070,3175,3015,3165,164100,3165,1
2014/12/12,3200,3290,3165,3260,203000,3260,1
2014/12/15,3205,3220,3085,3085,148000,3085,1
2014/12/16,3005,3050,2915,2932,310900,2932,1
2014/12/17,2850,2950,2785,2790,299500,2790,1
2014/12/18,2900,2969,2821,2860,211800,2860,1
2014/12/19,2960,3175,2916,3160,498500,3160,1
2014/12/22,3150,3150,2961,3005,228200,3005,1
2014/12/24,2987,3005,2900,2920,246700,2920,1
2014/12/25,2890,3130,2885,2965,280100,2965,1
2014/12/26,2935,3120,2935,3120,158600,3120,1
2014/12/29,3125,3160,3055,3100,141100,3100,1
2014/12/30,3030,3080,2980,3010,186800,3010,1
2015/01/05,2975,3145,2971,3100,140700,3100,1
2015/01/06,3030,3150,3025,3140,182100,3140,1
2015/01/07,3145,3450,3140,3385,635800,3385,1
2015/01/08,3490,3540,3395,3530,652300,3530,1
2015/01/09,3525,3580,3365,3500,465300,3500,1
2015/01/13,3440,3525,3335,3355,229700,3355,1
2015/01/14,3300,3335,3165,3200,213300,3200,1
2015/01/15,3180,3265,3100,3155,168200,3155,1
2015/01/16,3175,3300,3065,3120,227200,3120,1
2015/01/19,3060,3170,2976,3040,281700,3040,1
2015/01/20,3015,3110,2988,3055,228800,3055,1
2015/01/21,3060,3170,3020,3170,290200,3170,1
2015/01/22,3165,3215,3080,3110,184000,3110,1
2015/01/23,3165,3175,3110,3140,102500,3140,1
2015/01/26,3110,3340,3105,3340,242400,3340,1
2015/01/27,3375,3435,3300,3410,334100,3410,1
2015/01/28,3375,3490,3370,3420,232600,3420,1
2015/01/29,3400,3445,3330,3340,192200,3340,1
2015/01/30,3310,3330,3180,3220,201000,3220,1
2015/02/02,3200,3270,3170,3270,108300,3270,1
2015/02/03,3300,3390,3265,3340,200400,3340,1
2015/02/04,3350,3410,3285,3350,125800,3350,1
2015/02/05,3035,3080,2653,2727,1318900,2727,1
2015/02/06,2810,2870,2663,2765,621600,2765,1
2015/02/09,2730,2753,2690,2711,184100,2711,1
2015/02/10,2702,2810,2702,2789,227700,2789,1
2015/02/12,2828,2833,2781,2804,191600,2804,1
2015/02/13,2888,2999,2871,2997,456400,2997,1
2015/02/16,3060,3165,3035,3135,381900,3135,1
2015/02/17,3105,3125,3050,3095,172100,3095,1
2015/02/18,3130,3145,3040,3085,177500,3085,1
2015/02/19,3050,3075,2950,2950,218400,2950,1
2015/02/20,2924,2944,2882,2924,186900,2924,1
2015/02/23,2950,3020,2950,3015,141600,3015,1
2015/02/24,3050,3050,2985,2993,62300,2993,1
2015/02/25,2960,3020,2935,2987,124300,2987,1
2015/02/26,2998,3090,2980,3080,209900,3080,1
2015/02/27,3050,3080,2996,3005,146500,3005,1
2015/03/02,2959,2988,2911,2912,189600,2912,1
2015/03/03,2913,2941,2884,2885,126000,2885,1
2015/03/04,2850,2967,2805,2936,199400,2936,1
2015/03/05,2970,2991,2940,2970,120800,2970,1
2015/03/06,2951,3030,2941,2995,201900,2995,1
2015/03/09,2981,2988,2910,2910,103500,2910,1
2015/03/10,2902,2939,2852,2853,130500,2853,1
2015/03/11,2851,2925,2851,2909,96100,2909,1
2015/03/12,2870,3020,2866,3020,257000,3020,1
2015/03/13,3020,3025,2951,2970,133000,2970,1
2015/03/16,2950,3040,2950,3020,145100,3020,1
2015/03/17,3020,3040,2970,2980,116000,2980,1
2015/03/18,2952,2979,2902,2949,122700,2949,1
2015/03/19,3050,3100,2978,3000,307800,3000,1
2015/03/20,2980,3070,2970,3060,168200,3060,1
2015/03/23,3095,3200,3080,3200,303300,3200,1
2015/03/24,3270,3340,3190,3310,501500,3310,1
2015/03/25,3350,3385,3160,3190,309700,3190,1
2015/03/26,3160,3180,3055,3075,175400,3075,1
2015/03/27,3110,3210,3060,3120,188700,3120,1
2015/03/30,3180,3220,3135,3220,166800,3220,1
2015/03/31,3255,3275,3200,3205,178400,3205,1
2015/04/01,3160,3175,3085,3105,145000,3105,1
2015/04/02,3085,3105,3040,3055,136500,3055,1
2015/04/03,3035,3040,3000,3020,111600,3020,1
2015/04/06,3020,3040,2988,3040,96000,3040,1
2015/04/07,3075,3150,3065,3150,113900,3150,1
2015/04/08,3170,3185,3085,3105,90800,3105,1
2015/04/09,3065,3115,3060,3070,69800,3070,1
2015/04/10,3060,3130,3060,3105,87300,3105,1
2015/04/13,3140,3200,3125,3200,132700,3200,1
2015/04/14,3295,3330,3245,3275,399600,3275,1
2015/04/15,3375,3415,3340,3380,318600,3380,1
2015/04/16,3400,3405,3235,3320,196800,3320,1
2015/04/17,3385,3385,3260,3275,116500,3275,1
2015/04/20,3165,3385,3155,3245,182200,3245,1
2015/04/21,3315,3350,3245,3255,160200,3255,1
2015/04/22,3325,3500,3290,3490,653800,3490,1
2015/04/23,3520,3575,3425,3490,510900,3490,1
2015/04/24,3510,3530,3450,3495,191200,3495,1
2015/04/27,3545,3765,3535,3730,869600,3730,1
2015/04/28,3730,3730,3595,3645,385200,3645,1
2015/04/30,3600,3650,3450,3500,312100,3500,1
2015/05/01,3460,3485,3370,3420,209300,3420,1
2015/05/07,3370,3405,3350,3385,107800,3385,1
2015/05/08,3385,3500,3385,3500,170800,3500,1
2015/05/11,3290,3340,3250,3290,252900,3290,1
2015/05/12,3265,3350,3255,3265,144500,3265,1
2015/05/13,3270,3385,3265,3345,148500,3345,1
2015/05/14,3360,3475,3335,3415,206400,3415,1
2015/05/15,3395,3440,3360,3440,104600,3440,1
2015/05/18,3465,3485,3380,3430,115500,3430,1
2015/05/19,3430,3535,3390,3520,147500,3520,1
2015/05/20,3490,3540,3435,3435,222700,3435,1
2015/05/21,3435,3465,3315,3345,202900,3345,1
2015/05/22,3345,3485,3345,3465,218200,3465,1
2015/05/25,3500,3535,3480,3515,153600,3515,1
2015/05/26,3525,3525,3420,3475,118000,3475,1
2015/05/27,3430,3450,3370,3380,174100,3380,1
2015/05/28,3385,3415,3300,3320,111400,3320,1
2015/05/29,3320,3375,3310,3360,85500,3360,1
2015/06/01,3350,3375,3335,3335,56800,3335,1
2015/06/02,3330,3335,3210,3280,152300,3280,1
2015/06/03,3240,3320,3240,3320,65300,3320,1
2015/06/04,3325,3345,3270,3280,82700,3280,1
2015/06/05,3250,3325,3250,3310,64200,3310,1
2015/06/08,3320,3320,3260,3260,47100,3260,1
2015/06/09,3235,3265,3190,3200,123600,3200,1
2015/06/10,3170,3240,3155,3210,77500,3210,1
2015/06/11,3195,3280,3195,3255,50200,3255,1
2015/06/12,3255,3340,3245,3320,112200,3320,1
2015/06/15,3330,3360,3310,3355,83300,3355,1
2015/06/16,3370,3370,3255,3255,93000,3255,1
2015/06/17,3295,3345,3255,3300,71800,3300,1
2015/06/18,3300,3305,3220,3220,73300,3220,1
2015/06/19,3275,3295,3220,3295,68000,3295,1
2015/06/22,3300,3305,3255,3275,45200,3275,1
2015/06/23,3275,3315,3250,3280,62100,3280,1
2015/06/24,3265,3300,3250,3250,70900,3250,1
2015/06/25,3225,3240,3200,3215,75700,3215,1
2015/06/26,3225,3310,3200,3275,143600,3275,1
2015/06/29,3180,3190,3100,3110,119200,3110,1
2015/06/30,3100,3135,3070,3095,91600,3095,1
2015/07/01,3135,3240,3125,3225,100900,3225,1
2015/07/02,3225,3235,3175,3190,64400,3190,1
2015/07/03,3160,3190,3130,3175,64100,3175,1
2015/07/06,3075,3160,3060,3110,76800,3110,1
2015/07/07,3125,3150,3110,3130,61400,3130,1
2015/07/08,3100,3115,2950,2998,137000,2998,1
2015/07/09,2800,2947,2505,2930,290200,2930,1
2015/07/10,2922,2940,2831,2850,93300,2850,1
2015/07/13,2890,2975,2878,2938,95500,2938,1
2015/07/14,3040,3040,2986,3030,63900,3030,1
2015/07/15,3030,3030,2972,2978,41500,2978,1
2015/07/16,2990,2998,2955,2970,31000,2970,1
2015/07/17,2970,2989,2940,2950,45500,2950,1
2015/07/21,2946,3075,2945,3050,101000,3050,1
2015/07/22,3060,3060,3005,3010,58700,3010,1
2015/07/23,3015,3030,2982,2995,48700,2995,1
2015/07/24,2980,2980,2922,2923,66600,2923,1
2015/07/27,2892,2949,2855,2876,45000,2876,1
2015/07/28,2815,2945,2815,2920,51800,2920,1
2015/07/29,2920,2940,2873,2873,41100,2873,1
2015/07/30,2900,2900,2859,2860,35200,2860,1
2015/07/31,2885,2900,2860,2899,51700,2899,1
2015/08/03,2930,2935,2882,2882,57400,2882,1
2015/08/04,2869,2888,2825,2825,89500,2825,1
2015/08/05,2990,3070,2961,3055,254100,3055,1
2015/08/06,3150,3150,3065,3090,117700,3090,1
2015/08/07,3080,3085,3035,3040,63800,3040,1
2015/08/10,2975,3015,2962,2994,114900,2994,1
2015/08/11,2960,3050,2960,3010,123300,3010,1
2015/08/12,2981,3020,2950,2984,90900,2984,1
2015/08/13,2950,2950,2915,2940,43200,2940,1
2015/08/14,2940,2940,2899,2910,37100,2910,1
2015/08/17,2870,2874,2832,2832,91300,2832,1
2015/08/18,2800,2865,2790,2814,111300,2814,1
2015/08/19,2800,2803,2789,2792,73500,2792,1
2015/08/20,2751,2759,2714,2720,77200,2720,1
2015/08/21,2610,2675,2610,2629,91800,2629,1
2015/08/24,2500,2570,2263,2273,191500,2273,1
2015/08/25,1893,2399,1893,2178,329600,2178,1
2015/08/26,2200,2271,2115,2255,184200,2255,1
2015/08/27,2300,2358,2259,2264,115000,2264,1
2015/08/28,2330,2410,2306,2392,116200,2392,1
2015/08/31,2378,2399,2320,2330,109400,2330,1
2015/09/01,2318,2321,2168,2170,107400,2170,1
2015/09/02,2099,2199,2084,2126,110100,2126,1
2015/09/03,2232,2237,2135,2220,91400,2220,1
2015/09/04,2250,2255,2101,2133,85300,2133,1
2015/09/07,2100,2203,2084,2114,77300,2114,1
2015/09/08,2103,2189,2103,2103,34200,2103,1
2015/09/09,2175,2200,2143,2200,58900,2200,1
2015/09/10,2153,2178,2116,2156,47600,2156,1
2015/09/11,2139,2216,2139,2187,50000,2187,1
2015/09/14,2187,2190,2092,2103,92700,2103,1
2015/09/15,2130,2165,2080,2094,65500,2094,1
2015/09/16,2080,2082,2020,2041,62500,2041,1
2015/09/17,2041,2096,2030,2096,79300,2096,1
2015/09/18,2050,2075,2050,2065,36300,2065,1
2015/09/24,2015,2033,1990,2000,80600,2000,1
2015/09/25,1990,2060,1987,2017,89700,2017,1
2015/09/28,2046,2046,1991,2035,25400,2035,1
2015/09/29,1937,1978,1915,1927,87700,1927,1
2015/09/30,1975,2018,1951,2012,69000,2012,1
2015/10/01,2012,2038,1990,2030,43500,2030,1
2015/10/02,2000,2046,2000,2025,39700,2025,1
2015/10/05,2026,2036,1995,2020,103100,2020,1
2015/10/06,2046,2115,2039,2105,80600,2105,1
2015/10/07,2100,2143,2090,2121,71300,2121,1
2015/10/08,2136,2204,2136,2158,94000,2158,1
2015/10/09,2150,2215,2150,2200,72800,2200,1
2015/10/13,2236,2292,2222,2283,104100,2283,1
2015/10/14,2290,2299,2165,2166,99000,2166,1
2015/10/15,1999,2030,1926,1990,274900,1990,1
2015/10/16,1931,1974,1923,1932,198900,1932,1
2015/10/19,1830,1864,1760,1769,326400,1769,1
2015/10/20,1745,1749,1680,1697,283100,1697,1
2015/10/21,1702,1759,1701,1740,125600,1740,1
2015/10/22,1740,1759,1697,1703,103300,1703,1
2015/10/23,1731,1731,1701,1703,75600,1703,1
2015/10/26,1730,1800,1725,1800,152800,1800,1
2015/10/27,1775,1800,1734,1734,118200,1734,1
2015/10/28,1713,1735,1703,1714,96700,1714,1
2015/10/29,1726,1733,1706,1724,72300,1724,1
2015/10/30,1724,1731,1706,1708,60500,1708,1
2015/11/02,1707,1711,1645,1647,142600,1647,1
2015/11/04,1647,1688,1628,1685,97200,1685,1
2015/11/05,1685,1692,1641,1646,53800,1646,1
2015/11/06,1640,1690,1637,1680,68200,1680,1
2015/11/09,1750,1765,1706,1731,191100,1731,1
2015/11/10,1730,1788,1730,1785,155500,1785,1
2015/11/11,1775,1811,1747,1805,155800,1805,1
2015/11/12,1790,1860,1781,1850,175300,1850,1
2015/11/13,1853,1870,1831,1870,124400,1870,1
2015/11/16,1835,1879,1801,1854,100900,1854,1
2015/11/17,1854,1870,1823,1824,104500,1824,1
2015/11/18,1817,1836,1775,1781,91600,1781,1
2015/11/19,1792,1847,1790,1837,109600,1837,1
2015/11/20,1830,1884,1830,1844,84500,1844,1
2015/11/24,1868,1943,1866,1909,160200,1909,1
2015/11/25,1913,1970,1891,1970,117800,1970,1
2015/11/26,2020,2091,2015,2085,287000,2085,1
2015/11/27,2085,2125,2050,2058,175600,2058,1
2015/11/30,2300,2367,2232,2240,963900,2240,1
2015/12/01,2260,2260,2182,2185,243100,2185,1
2015/12/02,2185,2247,2185,2209,146400,2209,1
2015/12/03,2209,2226,2160,2200,90700,2200,1
2015/12/04,2141,2200,2140,2147,111400,2147,1
2015/12/07,2197,2220,2165,2207,78400,2207,1
2015/12/08,2244,2248,2162,2162,75800,2162,1
2015/12/09,2150,2152,2095,2095,101300,2095,1
2015/12/10,2075,2094,2035,2050,77600,2050,1
2015/12/11,2061,2119,2052,2103,61400,2103,1
2015/12/14,2026,2071,2026,2050,61200,2050,1
2015/12/15,2051,2073,1950,1978,80800,1978,1
2015/12/16,2018,2035,1975,1988,72700,1988,1
2015/12/17,1992,2046,1992,1995,79000,1995,1
2015/12/18,1996,2025,1930,1938,103300,1938,1
2015/12/21,1908,1915,1852,1860,167500,1860,1
2015/12/22,1820,1873,1820,1840,94300,1840,1
2015/12/24,1805,1824,1780,1780,167100,1780,1
2015/12/25,1747,1767,1711,1717,195800,1717,1
2015/12/28,1710,1756,1710,1738,149700,1738,1
2015/12/29,1740,1793,1722,1782,87700,1782,1
2015/12/30,1788,1855,1782,1800,103900,1800,1
2016/01/04,1823,1870,1792,1801,119600,1801,1
2016/01/05,1794,1823,1767,1787,83500,1787,1
2016/01/06,1791,1815,1738,1758,76400,1758,1
2016/01/07,1741,1775,1710,1711,81300,1711,1
2016/01/08,1672,1718,1651,1707,81700,1707,1
2016/01/12,1680,1695,1568,1584,119300,1584,1
2016/01/13,1610,1668,1606,1656,63200,1656,1
2016/01/14,1601,1609,1563,1585,89900,1585,1
2016/01/15,1585,1628,1531,1535,72600,1535,1
2016/01/18,1410,1469,1332,1448,130800,1448,1
2016/01/19,1460,1470,1380,1450,132700,1450,1
2016/01/20,1472,1472,1312,1321,121100,1321,1
2016/01/21,1300,1400,1265,1270,155900,1270,1
2016/01/22,1370,1427,1328,1427,157300,1427,1
2016/01/25,1427,1497,1370,1490,127500,1490,1
2016/01/26,1460,1517,1446,1472,83800,1472,1
2016/01/27,1498,1548,1498,1525,78200,1525,1
2016/01/28,1540,1642,1537,1628,159600,1628,1
2016/01/29,1743,1743,1628,1685,297800,1685,1
2016/02/01,1745,1747,1630,1644,148200,1644,1
2016/02/02,1641,1703,1630,1679,91900,1679,1
2016/02/03,1615,1642,1604,1626,67700,1626,1
2016/02/04,1611,1670,1564,1599,88500,1599,1
2016/02/05,1565,1578,1458,1529,103100,1529,1
2016/02/08,1489,1621,1463,1595,83100,1595,1
2016/02/09,1505,1563,1480,1504,81200,1504,1
2016/02/10,1505,1539,1365,1391,111600,1391,1
2016/02/12,1250,1365,1240,1243,158700,1243,1
2016/02/15,1303,1379,1273,1355,138300,1355,1
2016/02/16,1330,1520,1319,1453,150500,1453,1
2016/02/17,1454,1579,1454,1526,98400,1526,1
2016/02/18,1600,1609,1550,1553,85200,1553,1
2016/02/19,1527,1582,1490,1569,59800,1569,1
2016/02/22,1529,1595,1529,1576,46400,1576,1
2016/02/23,1595,1615,1512,1529,66500,1529,1
2016/02/24,1620,1756,1580,1704,629400,1704,1
2016/02/25,1720,1839,1718,1830,578300,1830,1
2016/02/26,1842,1870,1772,1786,215200,1786,1
2016/02/29,1800,1912,1781,1891,265400,1891,1
2016/03/01,1855,1935,1808,1914,238300,1914,1
2016/03/02,1950,1969,1860,1880,230700,1880,1
2016/03/03,1915,1923,1883,1901,131100,1901,1
2016/03/04,1910,1910,1814,1820,191700,1820,1
2016/03/07,1817,1837,1764,1824,133400,1824,1
2016/03/08,1793,1819,1748,1796,86000,1796,1
2016/03/09,1770,1780,1750,1757,61200,1757,1
2016/03/10,1778,1780,1722,1754,80700,1754,1
2016/03/11,1728,1764,1722,1750,59800,1750,1
2016/03/14,1751,1830,1751,1814,77500,1814,1
2016/03/15,1820,1866,1818,1834,115400,1834,1
2016/03/16,1865,1875,1817,1831,68400,1831,1
2016/03/17,1840,1850,1764,1778,75400,1778,1
2016/03/18,1785,1806,1759,1792,69100,1792,1
2016/03/22,1799,1880,1799,1859,130000,1859,1
2016/03/23,1872,1925,1872,1915,158700,1915,1
2016/03/24,1894,1971,1870,1969,167400,1969,1
2016/03/25,1951,1965,1801,1817,292100,1817,1
2016/03/28,1842,1842,1750,1773,114200,1773,1
2016/03/29,1790,1832,1775,1829,60000,1829,1
2016/03/30,1863,1897,1818,1818,137900,1818,1
2016/03/31,1846,1862,1830,1853,70100,1853,1
2016/04/01,1863,1863,1772,1772,96300,1772,1
2016/04/04,1769,1835,1712,1745,172700,1745,1
2016/04/05,1763,1763,1700,1740,117700,1740,1
2016/04/06,1722,1785,1711,1747,98700,1747,1
2016/04/07,1778,1848,1750,1829,140100,1829,1
2016/04/08,1789,1847,1760,1812,129800,1812,1
2016/04/11,1840,1908,1806,1884,146200,1884,1
2016/04/12,1911,1939,1871,1907,150200,1907,1
2016/04/13,1920,1994,1915,1939,201000,1939,1
2016/04/14,1950,1968,1874,1917,124900,1917,1
2016/04/15,1873,1896,1846,1868,110600,1868,1
2016/04/18,1867,1867,1791,1801,76000,1801,1
2016/04/19,1845,1884,1832,1851,85200,1851,1
2016/04/20,1858,1917,1858,1913,97500,1913,1
2016/04/21,1930,1958,1918,1938,95800,1938,1
2016/04/22,1950,2115,1938,2105,490500,2105,1
2016/04/25,2135,2143,2012,2018,257000,2018,1
2016/04/26,2010,2165,2006,2118,418900,2118,1
2016/04/27,2120,2128,2020,2082,516700,2082,1
2016/04/28,2018,2031,1906,1930,313800,1930,1
2016/05/02,1865,2127,1862,2021,255200,2021,1
2016/05/06,2004,2073,1988,2073,96500,2073,1
2016/05/09,2267,2343,2195,2247,886900,2247,1
2016/05/10,2319,2453,2275,2308,1103000,2308,1
2016/05/11,2311,2349,2213,2250,335200,2250,1
2016/05/12,2300,2436,2280,2309,566700,2309,1
2016/05/13,2314,2340,2172,2177,324200,2177,1
2016/05/16,2170,2215,2089,2114,250000,2114,1
2016/05/17,2124,2190,2100,2154,128800,2154,1
2016/05/18,2198,2214,2032,2057,248100,2057,1
2016/05/19,2052,2052,1939,1985,423400,1985,1
2016/05/20,1969,2045,1960,2038,155900,2038,1
2016/05/23,2054,2117,2054,2114,159800,2114,1
2016/05/24,2106,2112,2020,2042,128400,2042,1
2016/05/25,2109,2109,2052,2073,84900,2073,1
2016/05/26,2100,2100,2036,2069,102900,2069,1
2016/05/27,2050,2092,2043,2047,54200,2047,1
2016/05/30,2029,2151,2021,2130,154400,2130,1
2016/05/31,2118,2142,2101,2131,101300,2131,1
2016/06/01,2099,2200,2092,2132,145100,2132,1
2016/06/02,2105,2162,2069,2082,113800,2082,1
2016/06/03,2082,2120,2080,2109,66800,2109,1
2016/06/06,2059,2115,2037,2086,62400,2086,1
2016/06/07,2086,2112,2052,2067,66800,2067,1
2016/06/08,2060,2092,2047,2064,61900,2064,1
2016/06/09,2079,2085,2038,2047,69700,2047,1
2016/06/10,2036,2046,1989,2006,93800,2006,1
2016/06/13,1958,1979,1893,1904,108900,1904,1
2016/06/14,1864,1900,1768,1776,154700,1776,1
2016/06/15,1742,1825,1740,1820,121000,1820,1
2016/06/16,1800,1811,1628,1636,176400,1636,1
2016/06/17,1716,1728,1620,1649,108100,1649,1
2016/06/20,1690,1749,1685,1731,125900,1731,1
2016/06/21,1698,1774,1696,1762,98000,1762,1
2016/06/22,1745,1779,1717,1741,81700,1741,1
2016/06/23,1750,1770,1727,1760,65800,1760,1
2016/06/24,1800,1838,1501,1583,189100,1583,1
2016/06/27,1600,1670,1600,1654,84000,1654,1
2016/06/28,1645,1693,1589,1686,68900,1686,1
2016/06/29,1710,1756,1686,1726,81200,1726,1
2016/06/30,1733,1779,1707,1713,79500,1713,1
2016/07/01,1713,1746,1706,1745,49800,1745,1
2016/07/04,1733,1786,1727,1781,40800,1781,1
2016/07/05,1740,1749,1713,1716,66300,1716,1
2016/07/06,1666,1696,1625,1694,110100,1694,1
2016/07/07,1664,1689,1635,1643,55300,1643,1
2016/07/08,1620,1641,1574,1591,68600,1591,1
2016/07/11,1610,1642,1586,1605,109600,1605,1
2016/07/12,1639,1714,1623,1675,96300,1675,1
2016/07/13,1715,1715,1634,1656,54400,1656,1
2016/07/14,1701,1825,1700,1814,224200,1814,1
2016/07/15,1865,1867,1781,1799,146300,1799,1
2016/07/19,1839,2012,1818,1984,292800,1984,1
2016/07/20,2024,2043,1963,2035,225000,2035,1
2016/07/21,2050,2063,1983,2027,118700,2027,1
2016/07/22,1966,2149,1942,2138,344600,2138,1
2016/07/25,2158,2177,1912,1924,295000,1924,1
2016/07/26,1891,1928,1862,1880,125700,1880,1
2016/07/27,1886,1934,1847,1868,91500,1868,1
2016/07/28,1851,1851,1760,1813,148300,1813,1
2016/07/29,1800,1931,1750,1813,208400,1813,1
2016/08/01,1820,1837,1771,1802,85000,1802,1
2016/08/02,1802,1821,1767,1791,96600,1791,1
2016/08/03,1780,1781,1701,1702,130700,1702,1
2016/08/04,1723,1790,1713,1759,206700,1759,1
2016/08/05,1750,1755,1660,1665,171700,1665,1
2016/08/08,1660,1686,1628,1644,95100,1644,1
2016/08/09,1670,1727,1655,1725,112300,1725,1
2016/08/10,1735,1739,1663,1671,129800,1671,1
2016/08/12,1687,1699,1673,1689,58100,1689,1
2016/08/15,1685,1685,1627,1634,143500,1634,1
2016/08/16,1650,1665,1630,1641,55500,1641,1
2016/08/17,1640,1640,1603,1621,109500,1621,1
2016/08/18,1605,1629,1590,1605,57400,1605,1
2016/08/19,1610,1618,1594,1600,52000,1600,1
2016/08/22,1613,1647,1613,1634,51200,1634,1
2016/08/23,1634,1642,1618,1624,49200,1624,1
2016/08/24,1632,1656,1630,1646,43900,1646,1
2016/08/25,1662,1669,1640,1645,43900,1645,1
2016/08/26,1631,1636,1611,1618,66700,1618,1
2016/08/29,1658,1679,1648,1665,75900,1665,1
2016/08/30,1648,1654,1636,1640,25600,1640,1
2016/08/31,1649,1664,1628,1642,35200,1642,1
2016/09/01,1640,1672,1620,1626,65000,1626,1
2016/09/02,1618,1624,1600,1605,87000,1605,1
2016/09/05,1622,1639,1618,1621,146100,1621,1
2016/09/06,1621,1760,1621,1751,206900,1751,1
2016/09/07,1727,1750,1681,1722,109000,1722,1
2016/09/08,1720,1730,1695,1725,62100,1725,1
2016/09/09,1710,1718,1679,1698,55500,1698,1
2016/09/12,1669,1683,1640,1658,59000,1658,1
2016/09/13,1661,1674,1648,1669,25300,1669,1
2016/09/14,1650,1650,1621,1627,54200,1627,1
2016/09/15,1617,1639,1610,1618,38500,1618,1
2016/09/16,1623,1668,1619,1655,36100,1655,1
2016/09/20,1667,1695,1655,1665,59600,1665,1
2016/09/21,1697,1697,1642,1686,71400,1686,1
2016/09/23,1675,1720,1668,1720,69100,1720,1
2016/09/26,1714,1715,1682,1686,38300,1686,1
2016/09/27,1684,1742,1673,1740,94100,1740,1
2016/09/28,1718,1749,1718,1742,46100,1742,1
2016/09/29,1753,1773,1747,1756,58600,1756,1
2016/09/30,1724,1744,1705,1710,53200,1710,1
2016/10/03,1701,1919,1701,1860,530200,1860,1
2016/10/04,1888,1897,1848,1863,182400,1863,1
2016/10/05,1848,1921,1821,1916,160000,1916,1
2016/10/06,1930,1975,1885,1885,154300,1885,1
2016/10/07,1891,1919,1849,1857,63100,1857,1
2016/10/11,1842,1866,1800,1807,67000,1807,1
2016/10/12,1796,1805,1754,1765,88700,1765,1
2016/10/13,1782,1810,1774,1796,55100,1796,1
2016/10/14,1800,1880,1790,1878,124300,1878,1
2016/10/17,1884,1887,1836,1846,60300,1846,1
2016/10/18,1840,1867,1824,1851,64800,1851,1
2016/10/19,1830,1888,1830,1857,72900,1857,1
2016/10/20,1857,1884,1842,1843,62100,1843,1
2016/10/21,1845,1847,1791,1796,75200,1796,1
2016/10/24,1796,1811,1793,1794,41400,1794,1
2016/10/25,1790,1797,1753,1762,51300,1762,1
2016/10/26,1761,1807,1755,1799,41600,1799,1
2016/10/27,1798,1808,1775,1781,30700,1781,1
2016/10/28,1791,1802,1776,1800,41900,1800,1
2016/10/31,1800,1825,1793,1805,50300,1805,1
2016/11/01,1809,1811,1788,1802,34800,1802,1
2016/11/02,1776,1790,1719,1723,78100,1723,1
2016/11/04,1700,1718,1675,1704,48600,1704,1
2016/11/07,1707,1763,1700,1717,56200,1717,1
2016/11/08,1693,1721,1661,1674,53400,1674,1
2016/11/09,1680,1698,1520,1572,168600,1572,1
2016/11/10,1625,1646,1598,1640,120100,1640,1
2016/11/11,1621,1641,1596,1603,87400,1603,1
2016/11/14,1620,1655,1613,1629,44200,1629,1
2016/11/15,1628,1650,1608,1630,40900,1630,1
2016/11/16,1640,1654,1619,1649,69900,1649,1
2016/11/17,1630,1631,1582,1595,201100,1595,1
2016/11/18,1588,1645,1588,1635,110100,1635,1
2016/11/21,1645,1664,1636,1661,59300,1661,1
2016/11/22,1652,1695,1645,1678,55800,1678,1
2016/11/24,1680,1714,1675,1705,73700,1705,1
2016/11/25,1716,1717,1658,1672,67000,1672,1
2016/11/28,1675,1703,1675,1688,50900,1688,1
2016/11/29,1679,1698,1654,1688,92000,1688,1
2016/11/30,1682,1705,1660,1690,59600,1690,1
2016/12/01,1702,1725,1659,1662,76700,1662,1
2016/12/02,1671,1672,1622,1633,68400,1633,1
2016/12/05,1629,1647,1610,1616,47900,1616,1
2016/12/06,1627,1640,1613,1628,51400,1628,1
2016/12/07,1628,1650,1625,1650,48700,1650,1
2016/12/08,1660,1660,1616,1639,68200,1639,1
2016/12/09,1611,1626,1611,1620,70200,1620,1
2016/12/12,1634,1708,1624,1700,133600,1700,1
2016/12/13,1681,1708,1668,1700,66400,1700,1
2016/12/14,1710,1722,1681,1689,44900,1689,1
2016/12/15,1710,1710,1674,1698,52600,1698,1
2016/12/16,1688,1690,1655,1671,72700,1671,1
2016/12/19,1662,1683,1656,1662,48000,1662,1
2016/12/20,1657,1668,1645,1663,57600,1663,1
2016/12/21,1656,1686,1646,1653,68600,1653,1
2016/12/22,1730,1770,1662,1690,217200,1690,1
2016/12/26,1705,1723,1680,1705,154200,1705,1
2016/12/27,1697,1760,1685,1704,272600,1704,1
2016/12/28,1703,1745,1695,1727,92700,1727,1
2016/12/29,1719,1719,1660,1695,97800,1695,1
2016/12/30,1673,1721,1673,1702,60700,1702,1
2017/01/04,1708,1730,1702,1714,76500,1714,1
2017/01/05,1724,1774,1716,1766,159300,1766,1
2017/01/06,1751,1819,1748,1809,141300,1809,1
2017/01/10,1829,1829,1767,1799,174500,1799,1
2017/01/11,1799,1800,1743,1747,111500,1747,1
2017/01/12,1738,1772,1722,1726,77500,1726,1
2017/01/13,1725,1791,1725,1761,128500,1761,1
2017/01/16,1771,1785,1732,1750,67000,1750,1
2017/01/17,1751,1751,1701,1708,82000,1708,1
2017/01/18,1700,1719,1670,1719,119100,1719,1
2017/01/19,1730,1739,1710,1712,50200,1712,1
2017/01/20,1728,1764,1717,1759,110600,1759,1
2017/01/23,1762,1762,1729,1735,47300,1735,1
2017/01/24,1740,1760,1724,1726,56300,1726,1
2017/01/25,1740,1770,1740,1751,72700,1751,1
2017/01/26,1757,1769,1749,1761,62100,1761,1
2017/01/27,1766,1769,1742,1750,54300,1750,1
2017/01/30,1748,1759,1717,1752,71800,1752,1
2017/01/31,1735,1769,1721,1735,52400,1735,1
2017/02/01,1728,1746,1722,1729,39000,1729,1
2017/02/02,1730,1747,1708,1711,62800,1711,1
2017/02/03,1715,1742,1691,1701,70100,1701,1
2017/02/06,1714,1720,1696,1716,47600,1716,1
2017/02/07,1710,1710,1683,1686,60100,1686,1
2017/02/08,1686,1697,1676,1688,46400,1688,1
2017/02/09,1695,1698,1676,1676,27100,1676,1
2017/02/10,1700,1708,1685,1707,46500,1707,1
2017/02/13,1727,1790,1502,1583,573100,1583,1
2017/02/14,1576,1591,1525,1528,284200,1528,1
2017/02/15,1542,1564,1526,1541,145500,1541,1
2017/02/16,1551,1567,1545,1557,120300,1557,1
2017/02/17,1573,1573,1538,1555,191900,1555,1
2017/02/20,1550,1551,1512,1541,134300,1541,1
2017/02/21,1540,1575,1540,1565,158700,1565,1
2017/02/22,1550,1570,1547,1554,110600,1554,1
2017/02/23,1576,1585,1560,1573,115100,1573,1
2017/02/24,1572,1584,1552,1558,64600,1558,1
2017/02/27,1554,1558,1535,1549,63000,1549,1
2017/02/28,1570,1575,1543,1551,72000,1551,1
2017/03/01,1560,1560,1538,1550,83800,1550,1
2017/03/02,1563,1593,1556,1586,151900,1586,1
2017/03/03,1580,1585,1567,1571,59000,1571,1
2017/03/06,1571,1592,1557,1581,54300,1581,1
2017/03/07,1581,1605,1569,1569,88700,1569,1
2017/03/08,1580,1594,1574,1583,49400,1583,1
2017/03/09,1580,1593,1544,1551,90500,1551,1
2017/03/10,1570,1573,1555,1562,72400,1562,1
2017/03/13,1569,1628,1568,1594,127200,1594,1
2017/03/14,1587,1594,1565,1565,72800,1565,1
2017/03/15,1566,1566,1529,1535,104300,1535,1
2017/03/16,1532,1546,1524,1541,56800,1541,1
2017/03/17,1540,1542,1523,1535,49100,1535,1
2017/03/21,1535,1548,1529,1537,47200,1537,1
2017/03/22,1520,1530,1511,1515,85300,1515,1
2017/03/23,1510,1524,1505,1519,56400,1519,1
2017/03/24,1510,1544,1500,1515,105900,1515,1
2017/03/27,1515,1516,1477,1482,85800,1482,1
2017/03/28,1477,1509,1477,1509,50800,1509,1
2017/03/29,1516,1560,1509,1560,69400,1560,1
2017/03/30,1552,1559,1520,1524,32900,1524,1
2017/03/31,1526,1528,1490,1495,78700,1495,1
2017/04/03,1491,1518,1486,1507,43000,1507,1
2017/04/04,1510,1522,1478,1495,71800,1495,1
2017/04/05,1500,1526,1488,1517,65400,1517,1
2017/04/06,1503,1510,1460,1461,98000,1461,1
2017/04/07,1467,1488,1443,1480,87300,1480,1
2017/04/10,1488,1495,1458,1460,82700,1460,1
2017/04/11,1457,1458,1431,1438,89700,1438,1
2017/04/12,1429,1435,1351,1352,156200,1352,1
2017/04/13,1330,1365,1317,1354,90300,1354,1
2017/04/14,1338,1358,1314,1314,60100,1314,1
2017/04/17,1312,1352,1312,1340,67200,1340,1
2017/04/18,1363,1378,1345,1350,57700,1350,1
2017/04/19,1341,1374,1337,1337,76200,1337,1
2017/04/20,1340,1356,1331,1344,72400,1344,1
2017/04/21,1365,1385,1351,1377,74900,1377,1
2017/04/24,1389,1409,1377,1384,50500,1384,1
2017/04/25,1384,1396,1375,1393,48300,1393,1
2017/04/26,1412,1422,1392,1411,72600,1411,1
2017/04/27,1407,1447,1396,1399,212400,1399,1
2017/04/28,1407,1430,1403,1412,85900,1412,1
2017/05/01,1414,1430,1409,1413,36700,1413,1
2017/05/02,1411,1440,1409,1414,58300,1414,1
2017/05/08,1437,1437,1419,1430,65500,1430,1
2017/05/09,1435,1473,1435,1453,62800,1453,1
2017/05/10,1469,1487,1439,1484,83700,1484,1
2017/05/11,1465,1488,1444,1448,89600,1448,1
2017/05/12,1439,1451,1427,1439,74400,1439,1
2017/05/15,1431,1471,1431,1459,73600,1459,1
2017/05/16,1459,1480,1451,1464,84200,1464,1
2017/05/17,1460,1493,1455,1474,82100,1474,1
2017/05/18,1436,1474,1436,1468,78500,1468,1
2017/05/19,1468,1517,1468,1505,98400,1505,1
2017/05/22,1505,1535,1503,1522,70600,1522,1
2017/05/23,1532,1553,1518,1533,95200,1533,1
2017/05/24,1536,1565,1535,1549,97600,1549,1
2017/05/25,1554,1584,1554,1572,98400,1572,1
2017/05/26,1576,1583,1541,1541,72700,1541,1
2017/05/29,1536,1569,1523,1549,64300,1549,1
2017/05/30,1551,1562,1534,1559,54300,1559,1
2017/05/31,1559,1559,1535,1536,33700,1536,1
2017/06/01,1531,1578,1531,1565,92400,1565,1
2017/06/02,1570,1583,1553,1559,76000,1559,1
2017/06/05,1559,1573,1541,1558,68500,1558,1
2017/06/06,1558,1561,1526,1535,63900,1535,1
2017/06/07,1542,1542,1502,1531,78900,1531,1
2017/06/08,1550,1582,1544,1546,80700,1546,1
2017/06/09,1548,1589,1548,1572,104500,1572,1
2017/06/12,1556,1568,1530,1542,62000,1542,1
2017/06/13,1549,1578,1546,1567,44600,1567,1
2017/06/14,1578,1578,1549,1553,37400,1553,1
2017/06/15,1545,1557,1532,1547,31100,1547,1
2017/06/16,1541,1580,1541,1580,63500,1580,1
2017/06/19,1594,1617,1583,1610,106000,1610,1
2017/06/20,1616,1627,1587,1589,73100,1589,1
2017/06/21,1585,1588,1557,1557,50500,1557,1
2017/06/22,1558,1570,1546,1549,54400,1549,1
2017/06/23,1549,1552,1533,1547,52000,1547,1
2017/06/26,1552,1587,1552,1583,43200,1583,1
2017/06/27,1573,1589,1567,1580,41600,1580,1
2017/06/28,1582,1582,1535,1537,50200,1537,1
2017/06/29,1545,1564,1537,1564,39500,1564,1
2017/06/30,1541,1557,1526,1557,40100,1557,1
2017/07/03,1546,1557,1536,1552,41000,1552,1
2017/07/04,1541,1550,1510,1514,59100,1514,1
2017/07/05,1504,1508,1464,1479,123200,1479,1
2017/07/06,1468,1479,1458,1461,79000,1461,1
2017/07/07,1459,1484,1454,1464,50500,1464,1
2017/07/10,1470,1477,1459,1465,46700,1465,1
2017/07/11,1470,1477,1459,1470,73700,1470,1
2017/07/12,1469,1480,1455,1466,53400,1466,1
2017/07/13,1466,1471,1448,1454,48300,1454,1
2017/07/14,1448,1461,1443,1460,39000,1460,1
2017/07/18,1446,1461,1444,1456,41500,1456,1
2017/07/19,1445,1455,1441,1443,42800,1443,1
2017/07/20,1436,1456,1436,1444,45000,1444,1
2017/07/21,1441,1449,1433,1440,44000,1440,1
2017/07/24,1434,1438,1425,1438,49100,1438,1
2017/07/25,1438,1441,1430,1434,37500,1434,1
2017/07/26,1435,1449,1432,1447,45800,1447,1
2017/07/27,1452,1458,1442,1446,41600,1446,1
2017/07/28,1446,1450,1433,1450,54300,1450,1
2017/07/31,1457,1464,1442,1446,57300,1446,1
2017/08/01,1446,1454,1427,1438,55300,1438,1
2017/08/02,1430,1448,1428,1438,33700,1438,1
2017/08/03,1449,1529,1430,1524,293100,1524,1
2017/08/04,1526,1526,1470,1474,100300,1474,1
2017/08/07,1485,1487,1439,1443,98100,1443,1
2017/08/08,1453,1460,1430,1460,68000,1460,1
2017/08/09,1459,1459,1414,1420,61700,1420,1
2017/08/10,1413,1425,1382,1392,76300,1392,1
2017/08/14,1363,1395,1358,1386,40100,1386,1
2017/08/15,1405,1417,1388,1391,30200,1391,1
2017/08/16,1391,1404,1367,1378,79100,1378,1
2017/08/17,1381,1398,1367,1370,54700,1370,1
2017/08/18,1370,1370,1334,1339,93500,1339,1
2017/08/21,1354,1359,1314,1318,88700,1318,1
2017/08/22,1318,1347,1317,1342,50600,1342,1
2017/08/23,1365,1365,1337,1344,49700,1344,1
2017/08/24,1344,1377,1340,1369,32200,1369,1
2017/08/25,1370,1376,1349,1358,43400,1358,1
2017/08/28,1357,1370,1357,1369,28500,1369,1
2017/08/29,1350,1383,1350,1375,59700,1375,1
2017/08/30,1377,1392,1368,1383,53400,1383,1
2017/08/31,1376,1385,1355,1356,29000,1356,1
2017/09/01,1369,1371,1353,1365,35700,1365,1
2017/09/04,1355,1359,1312,1312,94400,1312,1
2017/09/05,1314,1327,1290,1291,99200,1291,1
2017/09/06,1280,1304,1265,1296,40100,1296,1
2017/09/07,1305,1308,1271,1283,49200,1283,1
2017/09/08,1270,1279,1255,1259,80600,1259,1
2017/09/11,1279,1283,1260,1272,64400,1272,1
2017/09/12,1288,1312,1277,1306,88900,1306,1
2017/09/13,1307,1331,1291,1327,60100,1327,1
2017/09/14,1327,1345,1325,1334,53300,1334,1
2017/09/15,1327,1357,1327,1346,44600,1346,1
2017/09/19,1350,1375,1350,1359,58200,1359,1
2017/09/20,1359,1360,1341,1345,44100,1345,1
2017/09/21,1343,1366,1343,1354,111100,1354,1
2017/09/22,1354,1354,1313,1322,44700,1322,1
2017/09/25,1316,1328,1302,1304,51000,1304,1
2017/09/26,1340,1340,1302,1313,87100,1313,1
2017/09/27,1335,1335,1319,1326,21300,1326,1
2017/09/28,1320,1327,1308,1309,53200,1309,1
2017/09/29,1317,1317,1294,1299,50700,1299,1
2017/10/02,1299,1345,1299,1337,65800,1337,1
2017/10/03,1337,1338,1321,1324,38600,1324,1
2017/10/04,1318,1324,1306,1308,42300,1308,1
2017/10/05,1308,1341,1308,1335,53100,1335,1
2017/10/06,1331,1333,1297,1308,88500,1308,1
2017/10/10,1310,1318,1303,1306,41100,1306,1
2017/10/11,1310,1310,1299,1304,40800,1304,1
2017/10/12,1306,1309,1300,1308,32700,1308,1
2017/10/13,1302,1312,1298,1306,56200,1306,1
2017/10/16,1309,1315,1300,1302,49600,1302,1
2017/10/17,1300,1302,1270,1274,128200,1274,1
2017/10/18,1274,1277,1255,1257,164500,1257,1
2017/10/19,1257,1270,1255,1260,58400,1260,1
2017/10/20,1253,1259,1235,1241,146300,1241,1
2017/10/23,1251,1273,1249,1270,81000,1270,1
2017/10/24,1265,1270,1246,1259,94600,1259,1
2017/10/25,1241,1248,1221,1224,257500,1224,1
2017/10/26,1225,1238,1208,1219,192100,1219,1
2017/10/27,1229,1235,1223,1230,68600,1230,1
2017/10/30,1230,1245,1224,1239,149500,1239,1
2017/10/31,1207,1238,1207,1230,146900,1230,1
2017/11/01,1230,1232,1220,1225,72800,1225,1
2017/11/02,1232,1232,1209,1210,125200,1210,1
2017/11/06,1220,1271,1213,1263,242400,1263,1
2017/11/07,1251,1259,1226,1230,168800,1230,1
2017/11/08,1226,1230,1217,1225,83100,1225,1
2017/11/09,1221,1237,1207,1220,92300,1220,1
2017/11/10,1209,1238,1209,1237,83400,1237,1
2017/11/13,1243,1262,1238,1242,85300,1242,1
2017/11/14,1242,1243,1207,1219,121600,1219,1
2017/11/15,1211,1221,1185,1187,186100,1187,1
2017/11/16,1180,1210,1174,1204,83500,1204,1
2017/11/17,1219,1265,1218,1246,159000,1246,1
2017/11/20,1245,1268,1234,1266,81900,1266,1
2017/11/21,1268,1268,1246,1265,71000,1265,1
2017/11/22,1271,1304,1265,1271,131700,1271,1
2017/11/24,1282,1300,1277,1288,83600,1288,1
2017/11/27,1290,1327,1283,1325,108600,1325,1
2017/11/28,1324,1324,1291,1312,80700,1312,1
2017/11/29,1303,1307,1270,1293,118900,1293,1
2017/11/30,1282,1294,1265,1289,69900,1289,1
2017/12/01,1285,1297,1279,1279,62800,1279,1
2017/12/04,1277,1291,1269,1270,63400,1270,1
2017/12/05,1264,1264,1236,1245,54700,1245,1
2017/12/06,1251,1265,1232,1235,64400,1235,1
2017/12/07,1236,1306,1236,1306,135300,1306,1
2017/12/08,1306,1334,1306,1329,226800,1329,1
2017/12/11,1338,1388,1333,1362,200800,1362,1
2017/12/12,1373,1373,1333,1349,91100,1349,1
2017/12/13,1364,1364,1324,1339,66100,1339,1
2017/12/14,1350,1383,1341,1380,150500,1380,1
2017/12/15,1380,1380,1352,1366,99100,1366,1
2017/12/18,1376,1376,1320,1351,83100,1351,1
2017/12/19,1366,1366,1337,1339,49600,1339,1
2017/12/20,1340,1345,1316,1316,60200,1316,1
2017/12/21,1330,1355,1327,1329,74900,1329,1
2017/12/22,1338,1345,1327,1327,83200,1327,1
2017/12/25,1325,1332,1308,1319,90200,1319,1
2017/12/26,1323,1334,1316,1321,128800,1321,1
2017/12/27,1318,1340,1305,1336,60600,1336,1
2017/12/28,1336,1337,1314,1318,63900,1318,1
2017/12/29,1324,1330,1307,1317,37200,1317,1
2018/01/04,1317,1356,1304,1349,141800,1349,1
2018/01/05,1356,1359,1332,1351,83500,1351,1
2018/01/09,1359,1366,1347,1364,93300,1364,1
2018/01/10,1354,1373,1345,1366,87400,1366,1
2018/01/11,1367,1367,1356,1364,54300,1364,1
2018/01/12,1360,1374,1360,1361,79400,1361,1
2018/01/15,1362,1367,1341,1354,45800,1354,1
2018/01/16,1347,1349,1331,1338,56900,1338,1
2018/01/17,1327,1335,1318,1326,49900,1326,1
2018/01/18,1332,1332,1311,1318,95200,1318,1
2018/01/19,1326,1350,1318,1320,61200,1320,1
2018/01/22,1320,1336,1320,1326,48500,1326,1
2018/01/23,1339,1340,1328,1329,35600,1329,1
2018/01/24,1327,1341,1319,1330,98900,1330,1
2018/01/25,1330,1334,1317,1320,35400,1320,1
2018/01/26,1330,1367,1327,1354,125500,1354,1
2018/01/29,1373,1408,1365,1396,184200,1396,1
2018/01/30,1409,1433,1382,1399,187100,1399,1
2018/01/31,1396,1445,1376,1435,179700,1435,1
2018/02/01,1442,1469,1432,1467,217500,1467,1
2018/02/02,1506,1506,1429,1447,240500,1447,1
2018/02/05,1403,1425,1396,1418,110600,1418,1
2018/02/06,1328,1348,1239,1279,259500,1279,1
2018/02/07,1350,1353,1266,1266,139700,1266,1
2018/02/08,1272,1287,1252,1266,99900,1266,1
2018/02/09,1180,1252,1180,1236,105800,1236,1
2018/02/13,1270,1274,1226,1234,91100,1234,1
2018/02/14,1200,1222,1103,1124,255900,1124,1
2018/02/15,1118,1142,1106,1131,135900,1131,1
2018/02/16,1132,1157,1119,1143,96600,1143,1
2018/02/19,1161,1214,1159,1211,114400,1211,1
2018/02/20,1249,1249,1194,1212,78200,1212,1
2018/02/21,1180,1180,1141,1153,257500,1153,1
2018/02/22,1153,1158,1136,1148,181900,1148,1
2018/02/23,1165,1165,1133,1150,122900,1150,1
2018/02/26,1151,1210,1150,1189,213500,1189,1
2018/02/27,1190,1202,1163,1166,168600,1166,1
2018/02/28,1166,1237,1161,1234,243900,1234,1
2018/03/01,1261,1324,1245,1260,400500,1260,1
2018/03/02,1236,1258,1220,1240,160900,1240,1
2018/03/05,1237,1248,1194,1209,156500,1209,1
2018/03/06,1232,1404,1232,1378,689900,1378,1
2018/03/07,1350,1400,1334,1357,399400,1357,1
2018/03/08,1367,1389,1347,1354,143600,1354,1
2018/03/09,1387,1457,1382,1395,357500,1395,1
2018/03/12,1425,1426,1327,1342,178400,1342,1
2018/03/13,1325,1376,1318,1374,116100,1374,1
2018/03/14,1359,1415,1350,1411,134500,1411,1
2018/03/15,1400,1424,1367,1423,180400,1423,1
2018/03/16,1422,1453,1393,1450,187000,1450,1
2018/03/19,1449,1503,1420,1471,372000,1471,1
2018/03/20,1450,1478,1429,1437,199800,1437,1
2018/03/22,1440,1440,1405,1425,95000,1425,1
2018/03/23,1365,1404,1364,1374,154200,1374,1
2018/03/26,1361,1385,1323,1384,117600,1384,1
2018/03/27,1400,1444,1396,1405,118900,1405,1
2018/03/28,1406,1446,1400,1428,78300,1428,1
2018/03/29,1420,1469,1420,1457,105500,1457,1
2018/03/30,1445,1488,1432,1446,145900,1446,1
2018/04/02,1450,1463,1430,1432,86700,1432,1
2018/04/03,1408,1442,1403,1426,73400,1426,1
2018/04/04,1447,1447,1412,1426,75100,1426,1
2018/04/05,1440,1464,1410,1439,76500,1439,1
2018/04/06,1439,1539,1431,1533,331500,1533,1
2018/04/09,1580,1635,1545,1555,478300,1555,1
2018/04/10,1535,1621,1523,1539,260300,1539,1
2018/04/11,1539,1539,1450,1468,161400,1468,1
2018/04/12,1487,1540,1482,1492,129300,1492,1
2018/04/13,1485,1513,1452,1506,97900,1506,1
2018/04/16,1532,1562,1478,1490,138100,1490,1
2018/04/17,1500,1513,1437,1445,123100,1445,1
2018/04/18,1465,1536,1444,1526,134500,1526,1
2018/04/19,1534,1555,1500,1542,120700,1542,1
2018/04/20,1550,1590,1532,1540,122300,1540,1
2018/04/23,1532,1540,1491,1494,118000,1494,1
2018/04/24,1488,1490,1433,1445,182800,1445,1
2018/04/25,1431,1469,1431,1436,67400,1436,1
2018/04/26,1440,1447,1409,1434,82600,1434,1
2018/04/27,1454,1478,1434,1438,90000,1438,1
2018/05/01,1438,1441,1401,1408,82100,1408,1
2018/05/02,1405,1442,1405,1417,56100,1417,1
2018/05/07,1415,1422,1382,1421,143700,1421,1
2018/05/08,1421,1452,1402,1446,100000,1446,1
2018/05/09,1440,1459,1382,1421,199600,1421,1
2018/05/10,1541,1684,1490,1600,876800,1600,1
2018/05/11,1620,1759,1616,1756,838700,1756,1
2018/05/14,1748,1748,1611,1691,475800,1691,1
2018/05/15,1688,1696,1616,1622,247700,1622,1
2018/05/16,1623,1687,1622,1653,132100,1653,1
2018/05/17,1649,1726,1649,1671,158800,1671,1
2018/05/18,1664,1687,1639,1680,92400,1680,1
2018/05/21,1666,1822,1661,1809,385500,1809,1
2018/05/22,1809,1841,1763,1835,294000,1835,1
2018/05/23,1805,1835,1728,1743,366600,1743,1
2018/05/24,1730,1827,1729,1766,309300,1766,1
2018/05/25,1738,1740,1669,1707,287200,1707,1
2018/05/28,1710,1735,1656,1712,138100,1712,1
2018/05/29,1730,1748,1633,1658,301400,1658,1
2018/05/30,1620,1677,1615,1622,158900,1622,1
2018/05/31,1630,1637,1582,1610,294400,1610,1
2018/06/01,1614,1635,1555,1561,176700,1561,1
2018/06/04,1567,1576,1523,1560,276200,1560,1
2018/06/05,1564,1597,1497,1510,154600,1510,1
2018/06/06,1505,1538,1501,1515,106300,1515,1
2018/06/07,1524,1564,1514,1560,141200,1560,1
2018/06/08,1560,1592,1531,1588,139700,1588,1
2018/06/11,1606,1607,1550,1557,107100,1557,1
2018/06/12,1562,1597,1528,1583,147800,1583,1
2018/06/13,1587,1612,1553,1569,87400,1569,1
2018/06/14,1546,1561,1519,1521,89500,1521,1
2018/06/15,1514,1526,1456,1461,278400,1461,1
2018/06/18,1464,1511,1435,1448,271600,1448,1
2018/06/19,1435,1448,1376,1379,362400,1379,1
2018/06/20,1389,1407,1345,1399,194300,1399,1
2018/06/21,1400,1416,1372,1397,83700,1397,1
2018/06/22,1380,1388,1348,1356,144500,1356,1
2018/06/25,1328,1360,1291,1292,258300,1292,1
2018/06/26,1281,1300,1254,1290,145100,1290,1
2018/06/27,1281,1297,1260,1286,137100,1286,1
2018/06/28,1293,1307,1255,1298,170600,1298,1
2018/06/29,1302,1316,1276,1306,100300,1306,1
2018/07/02,1299,1319,1209,1217,311800,1217,1
2018/07/03,1218,1225,1162,1180,280000,1180,1
2018/07/04,1190,1196,1151,1170,178900,1170,1
2018/07/05,1185,1193,1132,1140,149100,1140,1
2018/07/06,1156,1190,1140,1178,154900,1178,1
2018/07/09,1178,1216,1163,1210,262500,1210,1
2018/07/10,1228,1231,1200,1216,198900,1216,1
2018/07/11,1212,1240,1190,1213,170400,1213,1
2018/07/12,1203,1248,1198,1226,199600,1226,1
2018/07/13,1233,1249,1213,1247,131300,1247,1
2018/07/17,1255,1256,1234,1243,80500,1243,1
2018/07/18,1264,1300,1255,1293,197400,1293,1
2018/07/19,1304,1317,1266,1271,169900,1271,1
2018/07/20,1291,1340,1283,1334,241200,1334,1
2018/07/23,1304,1313,1228,1247,401300,1247,1
2018/07/24,1253,1286,1243,1274,180400,1274,1
2018/07/25,1271,1278,1245,1250,190800,1250,1
2018/07/26,1250,1257,1236,1241,97800,1241,1
2018/07/27,1231,1253,1231,1247,76500,1247,1
2018/07/30,1239,1247,1220,1239,119800,1239,1
2018/07/31,1230,1251,1222,1247,79700,1247,1
2018/08/01,1245,1259,1236,1242,70600,1242,1
2018/08/02,1233,1260,1233,1239,58600,1239,1
2018/08/03,1239,1242,1215,1216,73300,1216,1
2018/08/06,1220,1227,1209,1217,140900,1217,1
2018/08/07,1210,1227,1190,1205,74100,1205,1
2018/08/08,1214,1269,1210,1243,121900,1243,1
2018/08/09,1245,1249,1218,1236,52700,1236,1
2018/08/10,1246,1255,1216,1222,105200,1222,1
2018/08/13,1220,1227,1200,1217,149900,1217,1
2018/08/14,917,917,917,917,43200,917,1
