2007/01/04,495,495,495,495,500,495,1
2007/01/05,488,488,468,477,2500,477,1
2007/01/09,457,463,457,463,4500,463,1
2007/01/10,495,495,495,495,3500,495,1
2007/01/12,475,480,470,477,4500,477,1
2007/01/15,457,477,457,477,2500,477,1
2007/01/18,487,487,487,487,500,487,1
2007/01/22,487,487,482,482,1000,482,1
2007/01/23,480,480,470,471,10500,471,1
2007/01/24,467,473,467,470,3500,470,1
2007/01/25,494,498,473,478,11500,478,1
2007/01/26,523,525,520,523,8500,523,1
2007/01/29,550,566,540,566,16500,566,1
2007/01/30,526,526,520,520,2000,520,1
2007/02/01,545,545,505,505,1000,505,1
2007/02/02,505,505,505,505,1000,505,1
2007/02/05,504,505,504,505,1000,505,1
2007/02/06,510,510,510,510,500,510,1
2007/02/07,500,500,500,500,1000,500,1
2007/02/09,490,490,490,490,2000,490,1
2007/02/14,480,480,480,480,1500,480,1
2007/02/15,480,480,480,480,500,480,1
2007/02/16,480,485,480,485,2500,485,1
2007/02/20,494,495,494,495,2000,495,1
2007/02/21,496,500,496,500,1000,500,1
2007/02/22,510,510,510,510,1000,510,1
2007/02/23,550,560,530,540,14500,540,1
2007/02/26,539,539,496,518,9500,518,1
2007/02/27,525,525,509,509,1000,509,1
2007/02/28,518,518,500,500,7000,500,1
2007/03/02,500,500,500,500,500,500,1
2007/03/05,490,490,490,490,500,490,1
2007/03/06,480,490,480,480,1500,480,1
2007/03/07,480,480,480,480,1000,480,1
2007/03/08,485,485,485,485,500,485,1
2007/03/09,485,485,485,485,1000,485,1
2007/03/12,490,490,490,490,500,490,1
2007/03/13,505,505,500,500,1500,500,1
2007/03/14,495,495,490,490,2000,490,1
2007/03/15,490,490,475,480,3000,480,1
2007/03/16,495,495,495,495,1000,495,1
2007/03/20,485,500,485,500,1500,500,1
2007/03/22,500,500,500,500,500,500,1
2007/03/23,485,485,485,485,500,485,1
2007/03/26,500,500,500,500,1000,500,1
2007/03/27,499,499,499,499,1000,499,1
2007/03/28,500,500,500,500,2500,500,1
2007/03/30,499,499,499,499,500,499,1
2007/04/02,498,498,498,498,500,498,1
2007/04/03,499,499,499,499,1000,499,1
2007/04/04,489,500,489,500,5000,500,1
2007/04/05,500,500,500,500,3500,500,1
2007/04/06,487,487,487,487,500,487,1
2007/04/10,487,487,486,486,2000,486,1
2007/04/16,486,486,486,486,1000,486,1
2007/04/17,466,476,466,476,2000,476,1
2007/04/19,474,474,464,464,1000,464,1
2007/04/20,466,466,466,466,1500,466,1
2007/04/23,466,466,460,460,1000,460,1
2007/04/24,459,460,459,460,1000,460,1
2007/04/25,467,469,467,469,3000,469,1
2007/04/26,470,480,470,480,1500,480,1
2007/04/27,480,480,480,480,500,480,1
2007/05/01,499,499,499,499,500,499,1
2007/05/02,480,480,480,480,1000,480,1
2007/05/07,499,499,499,499,1500,499,1
2007/05/09,470,480,470,480,4000,480,1
2007/05/10,490,490,490,490,500,490,1
2007/05/14,475,475,468,468,5500,468,1
2007/05/15,460,460,460,460,12500,460,1
2007/05/16,451,451,451,451,1000,451,1
2007/05/17,455,455,455,455,500,455,1
2007/05/18,470,470,470,470,500,470,1
2007/05/21,455,455,455,455,2000,455,1
2007/05/22,470,470,470,470,500,470,1
2007/05/24,469,469,469,469,500,469,1
2007/05/25,468,468,467,467,1500,467,1
2007/05/28,475,475,475,475,1500,475,1
2007/05/29,473,474,472,474,3500,474,1
2007/05/31,473,474,473,474,2000,474,1
2007/06/01,470,470,470,470,1000,470,1
2007/06/04,474,474,474,474,500,474,1
2007/06/05,460,460,460,460,1000,460,1
2007/06/06,450,450,445,450,6000,450,1
2007/06/07,447,447,447,447,1000,447,1
2007/06/08,462,462,462,462,1000,462,1
2007/06/12,447,447,447,447,500,447,1
2007/06/15,447,447,438,438,2000,438,1
2007/06/18,450,450,450,450,500,450,1
2007/06/20,450,450,450,450,1500,450,1
2007/06/21,443,443,443,443,1000,443,1
2007/06/22,448,450,448,450,1000,450,1
2007/06/25,450,454,450,454,1500,454,1
2007/06/26,455,465,455,465,3000,465,1
2007/06/27,460,475,460,475,8500,475,1
2007/06/28,461,461,461,461,2500,461,1
2007/07/02,460,460,460,460,2000,460,1
2007/07/04,460,475,460,475,3500,475,1
2007/07/09,474,475,474,475,1000,475,1
2007/07/10,485,490,485,490,2000,490,1
2007/07/11,493,493,492,492,2000,492,1
2007/07/12,480,485,480,485,2000,485,1
2007/07/13,487,487,484,484,2000,484,1
2007/07/17,472,472,460,460,2500,460,1
2007/07/18,450,450,443,443,9000,443,1
2007/07/19,444,444,440,440,8500,440,1
2007/07/20,445,445,436,436,9500,436,1
2007/07/23,455,455,444,444,9500,444,1
2007/07/24,444,445,440,445,4500,445,1
2007/07/25,440,441,435,435,8000,435,1
2007/07/26,436,436,425,425,11000,425,1
2007/07/27,430,430,420,420,5500,420,1
2007/07/30,445,445,416,417,6500,417,1
2007/07/31,419,419,417,417,5000,417,1
2007/08/01,427,429,427,429,2000,429,1
2007/08/02,434,434,421,421,4500,421,1
2007/08/03,422,422,415,415,18500,415,1
2007/08/06,415,415,408,410,2500,410,1
2007/08/08,410,410,410,410,4000,410,1
2007/08/09,409,410,400,410,13500,410,1
2007/08/10,410,410,400,400,23000,400,1
2007/08/13,397,400,386,400,5500,400,1
2007/08/14,390,390,382,382,7000,382,1
2007/08/15,382,382,375,375,4500,375,1
2007/08/16,390,395,371,383,7500,383,1
2007/08/17,380,380,369,369,18500,369,1
2007/08/20,360,360,360,360,9000,360,1
2007/08/21,365,365,345,345,11500,345,1
2007/08/22,350,350,340,343,39500,343,1
2007/08/23,344,360,344,360,4000,360,1
2007/08/24,360,360,360,360,2000,360,1
2007/08/27,371,391,371,391,2000,391,1
2007/08/28,401,401,371,400,8500,400,1
2007/08/29,405,405,371,371,3500,371,1
2007/08/30,396,396,396,396,1000,396,1
2007/08/31,396,396,396,396,500,396,1
2007/09/03,399,399,390,390,1500,390,1
2007/09/04,380,380,380,380,1000,380,1
2007/09/05,395,395,395,395,500,395,1
2007/09/10,365,365,365,365,2000,365,1
2007/09/13,352,352,352,352,1500,352,1
2007/09/14,352,352,352,352,500,352,1
2007/09/19,370,370,370,370,500,370,1
2007/09/20,350,355,345,345,2000,345,1
2007/09/25,372,377,347,377,2000,377,1
2007/09/26,387,387,379,379,1000,379,1
2007/09/27,395,399,395,399,3000,399,1
2007/09/28,398,398,398,398,1000,398,1
2007/10/02,390,390,390,390,500,390,1
2007/10/09,373,373,373,373,500,373,1
2007/10/11,352,352,352,352,500,352,1
2007/10/12,375,375,375,375,500,375,1
2007/10/17,380,380,380,380,500,380,1
2007/10/19,360,360,356,356,1000,356,1
2007/10/22,356,356,356,356,1500,356,1
2007/10/25,380,381,380,381,1500,381,1
2007/10/26,391,395,380,395,5500,395,1
2007/10/29,393,393,371,385,3000,385,1
2007/10/30,370,380,370,380,3500,380,1
2007/11/01,385,385,385,385,500,385,1
2007/11/05,384,384,383,383,2000,383,1
2007/11/06,381,386,381,386,2000,386,1
2007/11/07,391,391,361,361,5000,361,1
2007/11/08,366,366,366,366,2500,366,1
2007/11/09,370,385,370,385,3000,385,1
2007/11/15,360,360,350,350,8500,350,1
2007/11/16,355,355,350,350,4000,350,1
2007/11/20,340,340,340,340,1000,340,1
2007/11/26,360,360,360,360,1000,360,1
2007/11/27,360,380,360,380,1000,380,1
2007/11/28,380,380,380,380,2500,380,1
2007/11/30,384,384,384,384,500,384,1
2007/12/03,375,375,375,375,1000,375,1
2007/12/07,370,370,370,370,500,370,1
2007/12/12,352,352,352,352,500,352,1
2007/12/13,360,360,360,360,1000,360,1
2007/12/14,360,360,360,360,2000,360,1
2007/12/17,366,366,365,365,3000,365,1
2007/12/18,360,360,360,360,500,360,1
2007/12/19,353,353,353,353,1500,353,1
2007/12/21,353,355,353,355,10000,355,1
2007/12/25,385,385,360,360,2500,360,1
2007/12/26,365,383,355,383,5000,383,1
2007/12/27,385,385,375,375,2000,375,1
2007/12/28,362,362,362,362,500,362,1
2008/01/04,382,382,382,382,500,382,1
2008/01/07,370,370,355,355,3000,355,1
2008/01/08,355,355,355,355,4500,355,1
2008/01/09,350,358,350,358,1500,358,1
2008/01/10,360,360,360,360,1000,360,1
2008/01/11,367,367,367,367,500,367,1
2008/01/15,355,355,355,355,500,355,1
2008/01/16,355,355,350,350,1500,350,1
2008/01/17,340,340,340,340,2000,340,1
2008/01/21,340,340,340,340,500,340,1
2008/01/23,330,330,330,330,1000,330,1
2008/01/24,332,332,332,332,1500,332,1
2008/01/25,340,365,331,365,14500,365,1
2008/01/28,400,400,390,395,12500,395,1
2008/01/29,400,400,365,365,13000,365,1
2008/01/30,366,366,360,361,2500,361,1
2008/01/31,362,368,362,368,1000,368,1
2008/02/01,369,376,369,376,1000,376,1
2008/02/05,360,365,357,357,3000,357,1
2008/02/06,358,358,358,358,1000,358,1
2008/02/07,360,361,360,361,1000,361,1
2008/02/08,362,362,362,362,1500,362,1
2008/02/12,362,363,362,363,1500,363,1
2008/02/13,364,364,364,364,1000,364,1
2008/02/14,365,365,365,365,1000,365,1
2008/02/15,366,366,366,366,1000,366,1
2008/02/18,367,367,362,363,2000,363,1
2008/02/22,364,364,364,364,1000,364,1
2008/02/25,366,368,361,368,1500,368,1
2008/02/26,368,374,368,374,2000,374,1
2008/02/27,374,374,364,364,3500,364,1
2008/02/28,364,365,364,365,1500,365,1
2008/02/29,365,366,365,366,1500,366,1
2008/03/03,367,371,367,371,2000,371,1
2008/03/04,372,372,372,372,500,372,1
2008/03/05,361,375,361,369,5500,369,1
2008/03/06,369,369,369,369,1500,369,1
2008/03/07,370,374,370,374,1500,374,1
2008/03/11,355,356,355,356,1000,356,1
2008/03/12,355,356,355,355,5000,355,1
2008/03/17,335,336,335,336,1000,336,1
2008/03/19,338,350,338,350,1000,350,1
2008/03/24,349,349,349,349,500,349,1
2008/03/25,334,335,334,335,12000,335,1
2008/03/26,335,335,335,335,500,335,1
2008/03/28,345,345,345,345,1000,345,1
2008/03/31,339,339,339,339,1000,339,1
2008/04/01,338,338,338,338,500,338,1
2008/04/03,325,325,325,325,1000,325,1
2008/04/11,319,319,319,319,1000,319,1
2008/04/14,310,310,310,310,5500,310,1
2008/04/16,310,311,309,309,8000,309,1
2008/04/17,308,308,308,308,2000,308,1
2008/04/18,318,318,318,318,500,318,1
2008/04/21,318,318,318,318,1000,318,1
2008/04/25,317,317,316,317,1500,317,1
2008/04/28,322,336,322,336,2500,336,1
2008/04/30,311,322,307,309,9000,309,1
2008/05/01,309,309,309,309,500,309,1
2008/05/02,310,310,310,310,1000,310,1
2008/05/07,324,324,310,310,5500,310,1
2008/05/08,310,311,310,311,6500,311,1
2008/05/09,310,310,308,308,1500,308,1
2008/05/12,308,308,298,298,1000,298,1
2008/05/13,305,305,305,305,500,305,1
2008/05/15,310,310,310,310,1000,310,1
2008/05/16,310,310,310,310,500,310,1
2008/05/20,310,310,310,310,1000,310,1
2008/05/23,310,310,310,310,2500,310,1
2008/05/26,318,319,318,319,1500,319,1
2008/05/27,329,329,329,329,1000,329,1
2008/05/28,329,329,325,325,2500,325,1
2008/05/30,324,324,324,324,500,324,1
2008/06/03,315,315,315,315,500,315,1
2008/06/06,325,325,325,325,1000,325,1
2008/06/09,320,320,315,315,1500,315,1
2008/06/10,305,305,305,305,2000,305,1
2008/06/11,305,305,305,305,500,305,1
2008/06/13,303,303,303,303,1000,303,1
2008/06/17,303,303,303,303,500,303,1
2008/06/18,305,305,305,305,1000,305,1
2008/06/23,306,320,306,320,3500,320,1
2008/06/25,319,319,319,319,1000,319,1
2008/06/26,318,318,318,318,2000,318,1
2008/06/27,319,319,319,319,3000,319,1
2008/06/30,319,319,319,319,500,319,1
2008/07/02,320,320,300,303,4500,303,1
2008/07/04,303,303,303,303,500,303,1
2008/07/08,301,301,301,301,500,301,1
2008/07/09,301,322,301,322,2500,322,1
2008/07/10,324,327,324,327,2000,327,1
2008/07/11,326,326,325,325,2000,325,1
2008/07/14,325,325,325,325,3500,325,1
2008/07/15,325,325,324,325,3000,325,1
2008/07/25,328,338,328,338,1000,338,1
2008/07/28,337,337,310,310,3000,310,1
2008/07/29,320,332,320,332,2000,332,1
2008/08/01,332,332,317,317,1500,317,1
2008/08/05,308,308,308,308,500,308,1
2008/08/13,305,305,305,305,1000,305,1
2008/08/14,303,303,303,303,1000,303,1
2008/08/19,318,318,318,318,500,318,1
2008/08/21,301,301,301,301,1500,301,1
2008/08/22,291,291,291,291,1000,291,1
2008/08/25,302,302,299,299,1000,299,1
2008/08/26,300,300,298,299,4000,299,1
2008/08/27,299,299,284,294,5500,294,1
2008/09/01,299,299,290,290,1500,290,1
2008/09/03,287,287,287,287,500,287,1
2008/09/04,285,285,285,285,5000,285,1
2008/09/09,300,300,300,300,500,300,1
2008/09/11,295,295,295,295,1000,295,1
2008/09/17,290,290,290,290,500,290,1
2008/09/18,290,290,290,290,1000,290,1
2008/09/19,295,295,295,295,3000,295,1
2008/09/22,289,297,289,297,1500,297,1
2008/09/24,317,317,316,316,1000,316,1
2008/09/25,306,310,306,310,1000,310,1
2008/09/26,313,313,310,310,2000,310,1
2008/09/29,309,309,309,309,2500,309,1
2008/09/30,289,289,289,289,500,289,1
2008/10/02,310,310,310,310,500,310,1
2008/10/08,270,272,265,272,3000,272,1
2008/10/09,257,259,257,257,4000,257,1
2008/10/10,220,250,220,250,5000,250,1
2008/10/16,250,250,221,225,2500,225,1
2008/10/17,255,255,255,255,500,255,1
2008/10/20,240,240,240,240,500,240,1
2008/10/27,240,250,240,250,2000,250,1
2008/10/28,255,255,250,250,2500,250,1
2008/10/29,290,300,290,300,1500,300,1
2008/10/31,300,300,300,300,500,300,1
2008/11/06,260,264,260,264,1500,264,1
2008/11/07,285,285,285,285,3000,285,1
2008/11/10,280,280,280,280,3000,280,1
2008/11/11,280,299,280,299,3000,299,1
2008/11/12,285,285,285,285,2000,285,1
2008/11/13,284,284,283,283,2500,283,1
2008/11/18,259,259,259,259,1000,259,1
2008/11/21,245,245,245,245,1500,245,1
2008/11/25,261,265,246,265,3000,265,1
2008/11/26,264,264,264,264,2000,264,1
2008/11/27,269,269,264,264,2000,264,1
2008/11/28,284,284,284,284,500,284,1
2008/12/01,263,263,263,263,500,263,1
2008/12/02,262,262,262,262,500,262,1
2008/12/04,242,242,242,242,500,242,1
2008/12/05,300,322,300,312,34500,312,1
2008/12/08,312,315,255,275,12000,275,1
2008/12/09,265,265,256,256,4000,256,1
2008/12/10,255,255,240,240,2000,240,1
2008/12/11,235,235,218,226,10000,226,1
2008/12/12,225,225,225,225,1500,225,1
2008/12/15,230,234,230,234,1000,234,1
2008/12/16,219,224,219,224,3000,224,1
2008/12/17,219,220,215,215,2000,215,1
2008/12/18,230,239,230,239,3000,239,1
2008/12/22,227,227,227,227,1500,227,1
2008/12/24,222,222,222,222,1000,222,1
2008/12/25,229,230,229,229,2500,229,1
2008/12/26,234,235,234,235,2500,235,1
2008/12/29,240,256,240,256,3000,256,1
2009/01/05,260,260,260,260,500,260,1
2009/01/06,270,270,270,270,1000,270,1
2009/01/07,250,250,250,250,1000,250,1
2009/01/08,245,245,245,245,500,245,1
2009/01/09,255,255,255,255,500,255,1
2009/01/13,250,250,250,250,1000,250,1
2009/01/15,230,230,230,230,1000,230,1
2009/01/16,263,263,263,263,500,263,1
2009/01/20,255,256,255,256,2000,256,1
2009/01/21,256,256,256,256,500,256,1
2009/01/22,255,255,254,254,1500,254,1
2009/01/26,279,300,279,294,19500,294,1
2009/01/27,294,304,289,300,13500,300,1
2009/01/28,319,319,299,319,13000,319,1
2009/01/30,308,308,308,308,500,308,1
2009/02/10,260,260,260,260,500,260,1
2009/02/13,245,245,245,245,2000,245,1
2009/02/17,250,250,250,250,500,250,1
2009/02/20,231,231,231,231,500,231,1
2009/02/23,226,230,225,225,3500,225,1
2009/02/24,215,215,215,215,4500,215,1
2009/02/25,225,240,225,240,3000,240,1
2009/02/26,250,254,250,254,2000,254,1
2009/02/27,250,254,250,254,2000,254,1
2009/03/02,254,254,254,254,500,254,1
2009/03/03,275,275,275,275,2000,275,1
2009/03/04,273,273,273,273,500,273,1
2009/03/06,230,230,227,227,2000,227,1
2009/03/09,227,227,227,227,500,227,1
2009/03/10,247,247,232,232,1000,232,1
2009/03/11,222,222,222,222,500,222,1
2009/03/12,219,219,219,219,1000,219,1
2009/03/18,255,255,255,255,500,255,1
2009/03/19,234,234,234,234,500,234,1
2009/03/24,230,230,230,230,2000,230,1
2009/03/25,220,235,220,235,11000,235,1
2009/03/27,234,234,234,234,1000,234,1
2009/03/30,239,239,239,239,500,239,1
2009/04/01,239,239,239,239,500,239,1
2009/04/02,244,244,244,244,500,244,1
2009/04/03,249,249,249,249,2000,249,1
2009/04/13,239,239,239,239,1500,239,1
2009/04/21,239,239,239,239,1000,239,1
2009/04/27,274,274,269,269,2000,269,1
2009/04/28,299,299,298,298,1500,298,1
2009/04/30,291,291,291,291,1500,291,1
2009/05/01,246,266,246,266,1500,266,1
2009/05/07,291,291,291,291,500,291,1
2009/05/12,264,264,264,264,500,264,1
2009/05/14,285,285,285,285,500,285,1
2009/05/19,284,284,249,249,12000,249,1
2009/05/20,259,264,259,264,2000,264,1
2009/05/25,264,264,264,264,2500,264,1
2009/05/26,273,280,273,280,3500,280,1
2009/05/27,290,290,290,290,3500,290,1
2009/05/28,294,294,294,294,500,294,1
2009/05/29,294,294,294,294,1000,294,1
2009/06/01,280,280,280,280,1500,280,1
2009/06/03,272,272,266,266,14500,266,1
2009/06/05,280,280,280,280,3000,280,1
2009/06/08,280,280,280,280,500,280,1
2009/06/09,270,270,270,270,1000,270,1
2009/06/12,280,280,280,280,6500,280,1
2009/06/15,280,280,280,280,1000,280,1
2009/06/16,270,270,266,266,2500,266,1
2009/06/17,261,264,261,264,3000,264,1
2009/06/18,254,254,250,250,3500,250,1
2009/06/22,252,252,252,252,500,252,1
2009/06/23,252,252,252,252,1000,252,1
2009/06/25,273,273,273,273,1000,273,1
2009/06/26,274,274,262,262,4500,262,1
2009/06/29,277,280,276,280,5000,280,1
2009/07/02,285,285,285,285,500,285,1
2009/07/06,275,275,275,275,500,275,1
2009/07/08,274,280,274,280,4000,280,1
2009/07/09,285,285,285,285,2000,285,1
2009/07/10,285,285,261,266,5000,266,1
2009/07/13,270,270,265,265,3500,265,1
2009/07/14,270,282,270,282,4000,282,1
2009/07/27,273,275,273,275,1500,275,1
2009/07/28,275,275,275,275,3500,275,1
2009/07/29,275,275,275,275,2000,275,1
2009/07/31,275,275,275,275,500,275,1
2009/08/04,267,267,267,267,500,267,1
2009/08/05,265,265,265,265,1500,265,1
2009/08/06,263,263,263,263,500,263,1
2009/08/07,268,270,268,270,2000,270,1
2009/08/10,272,275,272,275,11000,275,1
2009/08/11,277,277,274,274,2000,274,1
2009/08/12,274,274,273,273,4500,273,1
2009/08/18,273,273,273,273,500,273,1
2009/08/19,263,263,263,263,1000,263,1
2009/08/20,265,265,265,265,9000,265,1
2009/08/21,262,262,260,260,2000,260,1
2009/08/24,274,274,262,262,1500,262,1
2009/08/25,271,274,271,274,4000,274,1
2009/08/26,275,275,264,264,3500,264,1
2009/08/28,274,274,274,274,2000,274,1
2009/08/31,267,267,267,267,500,267,1
2009/09/01,274,274,274,274,500,274,1
2009/09/02,273,273,265,265,2000,265,1
2009/09/03,264,265,261,261,3500,261,1
2009/09/14,246,246,246,246,500,246,1
2009/09/15,250,250,247,247,3500,247,1
2009/09/16,250,250,250,250,500,250,1
2009/09/18,262,262,246,246,1500,246,1
2009/09/24,249,249,249,249,500,249,1
2009/09/25,264,269,264,269,2000,269,1
2009/09/28,275,276,275,276,3000,276,1
2009/09/29,257,271,257,271,1000,271,1
2009/09/30,256,256,256,256,500,256,1
2009/10/02,269,269,269,269,500,269,1
2009/10/05,243,243,243,243,500,243,1
2009/10/06,243,243,238,238,2000,238,1
2009/10/08,245,245,240,240,3000,240,1
2009/10/13,242,243,242,243,3000,243,1
2009/10/16,245,245,244,244,2000,244,1
2009/10/22,261,261,261,261,500,261,1
2009/10/26,255,257,248,256,6500,256,1
2009/10/27,254,254,254,254,1000,254,1
2009/10/28,259,259,259,259,3000,259,1
2009/10/30,259,259,259,259,500,259,1
2009/11/04,252,252,252,252,500,252,1
2009/11/06,249,249,247,247,1000,247,1
2009/11/09,243,243,242,242,3000,242,1
2009/11/10,259,259,244,244,3500,244,1
2009/11/11,259,268,259,268,3000,268,1
2009/11/12,270,270,270,270,2000,270,1
2009/11/13,269,269,269,269,2000,269,1
2009/11/16,269,269,269,269,2000,269,1
2009/11/18,249,249,249,249,1000,249,1
2009/11/25,249,249,249,249,2000,249,1
2009/11/26,249,250,249,250,1500,250,1
2009/11/27,260,260,245,245,7500,245,1
2009/11/30,263,263,263,263,2500,263,1
2009/12/01,248,248,248,248,1000,248,1
2009/12/02,243,247,243,247,6000,247,1
2009/12/04,247,247,247,247,4000,247,1
2009/12/08,250,250,250,250,1000,250,1
2009/12/09,246,246,246,246,1500,246,1
2009/12/10,247,248,247,248,1000,248,1
2009/12/11,245,249,245,249,1500,249,1
2009/12/14,244,250,244,245,9500,245,1
2009/12/15,250,250,250,250,500,250,1
2009/12/18,245,245,245,245,500,245,1
2009/12/25,250,250,250,250,1000,250,1
2009/12/28,264,265,264,265,4500,265,1
2009/12/29,265,265,263,263,1500,263,1
2010/01/05,255,255,255,255,1000,255,1
2010/01/06,245,246,245,246,1000,246,1
2010/01/07,247,247,247,247,500,247,1
2010/01/08,251,251,251,251,500,251,1
2010/01/15,255,265,241,265,10500,265,1
2010/01/18,260,260,259,259,2500,259,1
2010/01/19,264,264,260,260,2500,260,1
2010/01/20,260,260,259,260,2500,260,1
2010/01/21,258,259,256,259,3000,259,1
2010/01/22,264,270,264,270,1000,270,1
2010/01/25,264,265,264,265,6000,265,1
2010/01/26,257,257,247,247,8000,247,1
2010/01/27,241,260,240,260,12000,260,1
2010/01/28,258,258,245,245,3000,245,1
2010/01/29,249,249,249,249,1000,249,1
2010/02/01,259,259,251,251,3500,251,1
2010/02/02,251,251,251,251,500,251,1
2010/02/03,250,257,250,257,2000,257,1
2010/02/04,257,257,257,257,500,257,1
2010/02/05,249,256,249,256,1500,256,1
2010/02/12,248,248,248,248,1000,248,1
2010/02/15,250,250,250,250,500,250,1
2010/02/17,250,250,250,250,500,250,1
2010/02/18,255,255,255,255,500,255,1
2010/02/22,255,255,255,255,500,255,1
2010/02/24,250,250,250,250,500,250,1
2010/02/25,251,252,251,252,1000,252,1
2010/02/26,254,254,243,243,5000,243,1
2010/03/01,254,254,246,254,5500,254,1
2010/03/02,248,248,248,248,500,248,1
2010/03/03,250,250,250,250,500,250,1
2010/03/04,253,253,253,253,500,253,1
2010/03/05,248,248,248,248,500,248,1
2010/03/08,247,247,247,247,500,247,1
2010/03/09,250,250,250,250,500,250,1
2010/03/10,247,247,247,247,500,247,1
2010/03/11,245,245,245,245,1000,245,1
2010/03/12,245,245,245,245,2500,245,1
2010/03/17,245,245,245,245,1000,245,1
2010/03/24,242,242,242,242,1500,242,1
2010/03/25,247,248,247,247,2500,247,1
2010/03/26,247,250,244,250,5000,250,1
2010/03/29,258,258,254,254,3500,254,1
2010/03/31,250,250,250,250,1000,250,1
2010/04/01,253,253,253,253,500,253,1
2010/04/02,251,255,251,255,1000,255,1
2010/04/05,245,250,245,250,1000,250,1
2010/04/06,243,245,243,245,1500,245,1
2010/04/08,244,244,244,244,1500,244,1
2010/04/12,248,248,248,248,500,248,1
2010/04/13,244,244,244,244,2500,244,1
2010/04/15,251,251,251,251,500,251,1
2010/04/16,246,246,246,246,1000,246,1
2010/04/19,247,247,247,247,1000,247,1
2010/04/20,245,245,244,244,3000,244,1
2010/04/21,250,250,246,246,3000,246,1
2010/04/22,245,245,243,243,1500,243,1
2010/04/23,246,261,246,261,72500,261,1
2010/04/26,254,254,241,247,14500,247,1
2010/04/27,250,255,250,250,9000,250,1
2010/04/28,254,254,252,254,7000,254,1
2010/04/30,246,247,245,245,7500,245,1
2010/05/06,245,249,245,249,2000,249,1
2010/05/07,244,244,237,237,7000,237,1
2010/05/10,245,245,240,243,3000,243,1
2010/05/11,242,242,239,240,5000,240,1
2010/05/12,240,240,237,237,7500,237,1
2010/05/13,244,244,237,237,4000,237,1
2010/05/14,237,237,237,237,5000,237,1
2010/05/19,230,230,230,230,1500,230,1
2010/05/20,230,230,222,229,6500,229,1
2010/05/21,227,227,227,227,500,227,1
2010/05/24,226,226,225,226,2000,226,1
2010/05/25,225,226,223,226,3000,226,1
2010/05/26,226,226,218,224,3000,224,1
2010/05/27,224,224,216,221,4500,221,1
2010/05/28,221,229,221,221,6000,221,1
2010/05/31,221,221,218,218,6500,218,1
2010/06/01,226,226,213,213,6500,213,1
2010/06/02,213,213,213,213,500,213,1
2010/06/03,213,218,210,210,17500,210,1
2010/06/04,210,210,210,210,500,210,1
2010/06/07,218,218,218,218,2000,218,1
2010/06/08,210,210,210,210,500,210,1
2010/06/09,210,210,210,210,1500,210,1
2010/06/10,214,214,214,214,2500,214,1
2010/06/14,214,214,211,211,6000,211,1
2010/06/15,211,211,203,203,3000,203,1
2010/06/16,210,210,210,210,1000,210,1
2010/06/17,210,210,210,210,500,210,1
2010/06/18,218,218,210,210,1500,210,1
2010/06/21,211,211,210,210,1500,210,1
2010/06/22,218,218,218,218,500,218,1
2010/06/23,210,215,210,215,1500,215,1
2010/06/24,209,214,209,214,1500,214,1
2010/06/25,215,217,215,215,2000,215,1
2010/06/28,223,223,223,223,3500,223,1
2010/06/29,223,224,210,210,3000,210,1
2010/07/01,211,228,211,228,5000,228,1
2010/07/02,227,227,227,227,500,227,1
2010/07/05,211,215,211,215,1000,215,1
2010/07/06,211,211,210,210,12000,210,1
2010/07/07,208,208,208,208,500,208,1
2010/07/08,215,215,208,208,5000,208,1
2010/07/09,216,216,216,216,4500,216,1
2010/07/12,216,216,216,216,4000,216,1
2010/07/13,223,223,223,223,6000,223,1
2010/07/14,223,224,223,224,2000,224,1
2010/07/21,232,232,217,217,1000,217,1
2010/07/22,215,215,215,215,500,215,1
2010/07/26,230,230,230,230,1500,230,1
2010/07/27,229,229,229,229,2000,229,1
2010/07/28,230,230,230,230,3000,230,1
2010/07/30,229,229,229,229,500,229,1
2010/08/05,214,214,211,211,1500,211,1
2010/08/06,210,210,210,210,11000,210,1
2010/08/09,210,210,210,210,500,210,1
2010/08/18,210,210,210,210,500,210,1
2010/08/23,210,210,208,208,1500,208,1
2010/08/25,210,210,206,206,2500,206,1
2010/08/26,209,210,209,210,5500,210,1
2010/08/27,210,210,210,210,2500,210,1
2010/08/30,210,210,210,210,2000,210,1
2010/09/01,213,213,213,213,500,213,1
2010/09/03,207,207,207,207,1000,207,1
2010/09/06,201,201,201,201,500,201,1
2010/09/07,200,203,200,203,3500,203,1
2010/09/08,207,207,200,206,2000,206,1
2010/09/09,200,200,200,200,500,200,1
2010/09/10,200,200,200,200,4000,200,1
2010/09/13,199,199,199,199,500,199,1
2010/09/14,199,199,199,199,500,199,1
2010/09/15,200,200,200,200,2500,200,1
2010/09/17,200,200,200,200,2000,200,1
2010/09/21,200,200,199,199,3500,199,1
2010/09/22,198,200,194,194,3500,194,1
2010/09/24,194,194,193,193,1500,193,1
2010/09/27,196,196,194,194,6500,194,1
2010/09/28,195,195,187,192,4500,192,1
2010/09/29,197,201,197,201,2000,201,1
2010/10/01,200,204,200,204,3000,204,1
2010/10/06,198,198,198,198,500,198,1
2010/10/12,198,198,198,198,500,198,1
2010/10/13,205,205,205,205,500,205,1
2010/10/14,192,192,192,192,1500,192,1
2010/10/15,188,188,188,188,500,188,1
2010/10/18,188,188,188,188,500,188,1
2010/10/19,183,183,182,182,2500,182,1
2010/10/20,181,181,181,181,500,181,1
2010/10/21,181,181,180,180,1000,180,1
2010/10/25,185,185,180,180,2500,180,1
2010/10/26,190,190,176,182,11500,182,1
2010/10/27,177,180,176,176,8500,176,1
2010/10/28,179,179,176,177,5500,177,1
2010/10/29,180,180,180,180,10000,180,1
2010/11/01,180,180,173,174,4500,174,1
2010/11/04,172,172,172,172,1000,172,1
2010/11/05,172,172,171,171,2000,171,1
2010/11/08,171,175,171,172,5000,172,1
2010/11/09,175,176,172,176,3500,176,1
2010/11/10,177,177,177,177,3500,177,1
2010/11/11,177,181,177,177,8000,177,1
2010/11/12,181,183,175,175,5500,175,1
2010/11/15,180,180,180,180,4000,180,1
2010/11/16,179,180,177,177,5000,177,1
2010/11/18,180,180,180,180,500,180,1
2010/11/19,177,181,177,181,1500,181,1
2010/11/24,182,182,182,182,500,182,1
2010/11/25,184,184,182,182,3500,182,1
2010/11/26,182,185,182,185,5000,185,1
2010/11/29,185,187,185,187,4000,187,1
2010/11/30,182,182,182,182,1500,182,1
2010/12/01,180,180,180,180,500,180,1
2010/12/02,181,185,181,185,2000,185,1
2010/12/03,186,186,186,186,2000,186,1
2010/12/06,183,183,183,183,1500,183,1
2010/12/07,181,181,181,181,3000,181,1
2010/12/09,186,188,186,188,1000,188,1
2010/12/10,191,191,191,191,500,191,1
2010/12/13,193,194,193,194,1500,194,1
2010/12/14,195,195,195,195,4000,195,1
2010/12/15,196,196,196,196,1000,196,1
2010/12/16,199,200,199,199,6000,199,1
2010/12/20,196,196,196,196,1000,196,1
2010/12/21,196,196,192,192,12000,192,1
2010/12/22,191,191,191,191,3500,191,1
2010/12/24,190,194,190,194,3500,194,1
2010/12/27,197,203,196,203,6000,203,1
2010/12/28,201,203,195,195,4000,195,1
2010/12/29,203,205,203,205,2000,205,1
2010/12/30,205,205,204,204,1000,204,1
2011/01/04,204,204,204,204,500,204,1
2011/01/05,204,205,204,205,3000,205,1
2011/01/06,203,210,203,210,7500,210,1
2011/01/07,205,205,205,205,1000,205,1
2011/01/11,210,210,203,203,3000,203,1
2011/01/12,207,207,205,205,1500,205,1
2011/01/13,208,208,206,206,2000,206,1
2011/01/14,207,207,207,207,500,207,1
2011/01/17,212,214,209,209,3000,209,1
2011/01/18,210,211,210,211,1500,211,1
2011/01/19,219,220,212,213,2000,213,1
2011/01/20,212,212,211,211,4500,211,1
2011/01/21,208,208,200,200,8000,200,1
2011/01/24,199,200,199,200,3500,200,1
2011/01/25,212,230,212,215,13000,215,1
2011/01/26,225,235,225,235,16000,235,1
2011/01/27,246,249,246,249,12500,249,1
2011/01/28,257,257,255,255,1500,255,1
2011/01/31,253,253,249,249,1000,249,1
2011/02/01,249,249,249,249,500,249,1
2011/02/02,226,233,218,233,7500,233,1
2011/02/03,230,230,230,230,3000,230,1
2011/02/04,229,229,229,229,500,229,1
2011/02/07,235,235,235,235,500,235,1
2011/02/09,224,235,224,235,5500,235,1
2011/02/10,219,219,219,219,1000,219,1
2011/02/14,226,226,226,226,1000,226,1
2011/02/16,228,228,228,228,1000,228,1
2011/02/17,230,235,230,235,4000,235,1
2011/02/21,233,233,233,233,500,233,1
2011/02/22,228,228,228,228,500,228,1
2011/02/24,224,224,216,220,3000,220,1
2011/02/25,222,237,222,222,4000,222,1
2011/02/28,235,239,235,239,4000,239,1
2011/03/01,239,243,239,243,1500,243,1
2011/03/02,231,231,231,231,500,231,1
2011/03/03,223,223,223,223,1000,223,1
2011/03/04,228,228,216,216,3000,216,1
2011/03/07,220,220,220,220,1000,220,1
2011/03/09,217,220,217,220,1500,220,1
2011/03/10,214,214,214,214,1000,214,1
2011/03/11,210,210,210,210,500,210,1
2011/03/14,202,220,197,220,13000,220,1
2011/03/15,250,250,221,221,10000,221,1
2011/03/16,220,220,219,219,1000,219,1
2011/03/17,196,196,196,196,500,196,1
2011/03/18,201,209,201,209,4000,209,1
2011/03/22,240,246,240,240,12000,240,1
2011/03/23,242,246,242,245,12500,245,1
2011/03/24,245,245,245,245,1500,245,1
2011/03/25,248,250,248,249,4500,249,1
2011/03/28,261,308,261,287,29000,287,1
2011/03/29,295,295,260,275,16000,275,1
2011/03/30,274,281,265,281,2500,281,1
2011/03/31,273,280,270,278,5500,278,1
2011/04/01,293,293,293,293,3500,293,1
2011/04/04,289,289,289,289,500,289,1
2011/04/05,281,281,280,280,2500,280,1
2011/04/06,272,277,254,277,7500,277,1
2011/04/07,269,274,269,269,2000,269,1
2011/04/11,263,263,263,263,500,263,1
2011/04/12,266,266,266,266,500,266,1
2011/04/13,261,269,261,269,1000,269,1
2011/04/14,264,270,260,270,9500,270,1
2011/04/15,279,284,275,283,17500,283,1
2011/04/18,291,291,271,279,17000,279,1
2011/04/19,276,276,270,275,2500,275,1
2011/04/20,270,275,270,275,1500,275,1
2011/04/21,270,275,267,275,4000,275,1
2011/04/22,267,267,251,262,15000,262,1
2011/04/25,264,265,260,260,9500,260,1
2011/04/26,257,258,253,255,9000,255,1
2011/04/27,257,257,251,251,2000,251,1
2011/04/28,251,251,242,249,9500,249,1
2011/05/02,249,249,248,248,3500,248,1
2011/05/06,246,246,245,245,3500,245,1
2011/05/10,246,248,242,248,2500,248,1
2011/05/11,243,243,243,243,500,243,1
2011/05/12,250,250,245,245,3000,245,1
2011/05/13,245,245,241,243,5000,243,1
2011/05/16,240,240,231,232,4000,232,1
2011/05/17,231,231,227,229,2000,229,1
2011/05/20,229,229,229,229,1000,229,1
2011/05/23,226,226,222,222,3000,222,1
2011/05/24,221,223,221,221,2500,221,1
2011/05/25,228,228,224,224,1500,224,1
2011/05/26,229,229,229,229,2000,229,1
2011/05/27,228,228,228,228,2000,228,1
2011/05/30,227,227,227,227,1000,227,1
2011/06/01,230,231,230,231,3000,231,1
2011/06/02,231,231,226,231,10000,231,1
2011/06/03,231,234,231,234,3500,234,1
2011/06/09,233,234,233,234,3000,234,1
2011/06/14,224,224,224,224,1000,224,1
2011/06/15,223,223,223,223,1500,223,1
2011/06/17,223,223,223,223,500,223,1
2011/06/20,219,219,219,219,4000,219,1
2011/06/22,219,219,209,212,2500,212,1
2011/06/23,212,212,210,210,2000,210,1
2011/06/24,202,210,202,210,5500,210,1
2011/06/27,206,218,206,218,4000,218,1
2011/06/28,218,218,210,213,4000,213,1
2011/06/29,217,221,215,221,3500,221,1
2011/06/30,215,221,215,216,2000,216,1
2011/07/01,216,219,216,219,3000,219,1
2011/07/04,217,217,217,217,500,217,1
2011/07/05,215,215,214,215,1500,215,1
2011/07/06,215,220,215,220,3000,220,1
2011/07/07,220,220,220,220,1000,220,1
2011/07/08,220,222,220,222,3000,222,1
2011/07/11,222,222,217,220,5500,220,1
2011/07/12,221,221,216,218,5500,218,1
2011/07/13,217,230,216,220,15500,220,1
2011/07/14,217,219,216,216,8000,216,1
2011/07/15,216,218,215,215,2500,215,1
2011/07/19,219,219,214,215,4500,215,1
2011/07/20,214,215,214,214,2000,214,1
2011/07/21,214,214,214,214,2000,214,1
2011/07/22,215,215,214,214,3000,214,1
2011/07/25,215,215,212,212,3500,212,1
2011/07/26,213,213,212,213,3500,213,1
2011/07/27,214,215,214,214,2500,214,1
2011/07/28,212,212,210,210,4000,210,1
2011/07/29,210,210,210,210,500,210,1
2011/08/01,202,202,199,199,12000,199,1
2011/08/02,200,200,196,196,20000,196,1
2011/08/03,194,195,185,185,17500,185,1
2011/08/04,192,192,189,189,14000,189,1
2011/08/05,187,187,180,183,6500,183,1
2011/08/08,182,182,181,181,5500,181,1
2011/08/09,180,180,170,174,5000,174,1
2011/08/10,176,177,175,176,5000,176,1
2011/08/11,174,185,174,176,5500,176,1
2011/08/12,180,184,180,180,2500,180,1
2011/08/15,181,185,178,183,8500,183,1
2011/08/16,181,181,181,181,500,181,1
2011/08/17,180,183,180,182,3000,182,1
2011/08/18,185,185,185,185,500,185,1
2011/08/23,184,184,184,184,1000,184,1
2011/08/24,183,183,183,183,500,183,1
2011/08/25,187,187,187,187,2500,187,1
2011/08/26,188,189,188,189,2000,189,1
2011/08/29,190,190,190,190,3000,190,1
2011/08/30,185,187,185,187,2000,187,1
2011/08/31,183,183,183,183,500,183,1
2011/09/01,188,188,183,185,3500,185,1
2011/09/02,185,185,185,185,500,185,1
2011/09/05,180,180,180,180,1000,180,1
2011/09/06,178,183,177,177,4500,177,1
2011/09/08,182,185,180,185,2500,185,1
2011/09/14,188,188,188,188,1000,188,1
2011/09/22,184,184,184,184,500,184,1
2011/09/26,189,190,189,190,3000,190,1
2011/09/27,192,193,190,190,3500,190,1
2011/09/28,190,190,190,190,3000,190,1
2011/09/29,186,188,186,188,1000,188,1
2011/09/30,190,190,184,184,2000,184,1
2011/10/03,182,182,177,182,1500,182,1
2011/10/04,177,177,175,175,1000,175,1
2011/10/05,180,188,179,188,2500,188,1
2011/10/06,180,180,180,180,1500,180,1
2011/10/11,177,177,177,177,500,177,1
2011/10/12,176,179,176,179,1500,179,1
2011/10/13,179,179,179,179,1000,179,1
2011/10/14,179,179,179,179,500,179,1
2011/10/17,178,178,178,178,500,178,1
2011/10/19,176,176,172,172,3500,172,1
2011/10/20,173,173,173,173,2500,173,1
2011/10/24,172,172,172,172,1000,172,1
2011/10/25,174,174,172,174,3500,174,1
2011/10/26,171,173,168,173,5000,173,1
2011/10/27,175,177,172,172,3500,172,1
2011/10/28,175,175,175,175,1500,175,1
2011/11/01,175,175,175,175,500,175,1
2011/11/02,175,175,175,175,2000,175,1
2011/11/04,173,173,173,173,1000,173,1
2011/11/08,172,172,172,172,2000,172,1
2011/11/09,175,176,173,173,2500,173,1
2011/11/10,175,175,170,173,7000,173,1
2011/11/11,175,176,175,176,3000,176,1
2011/11/14,175,179,175,179,6500,179,1
2011/11/15,185,187,180,187,8500,187,1
2011/11/16,184,184,180,180,3500,180,1
2011/11/17,180,180,180,180,500,180,1
2011/11/18,181,181,180,180,3000,180,1
2011/11/21,175,175,175,175,1000,175,1
2011/11/24,172,172,172,172,1000,172,1
2011/11/25,176,177,175,177,3000,177,1
2011/11/28,180,182,180,182,3000,182,1
2011/11/29,177,183,177,183,2500,183,1
2011/11/30,178,178,178,178,1000,178,1
2011/12/01,179,179,176,176,3500,176,1
2011/12/02,178,179,178,179,1500,179,1
2011/12/05,182,183,182,183,1000,183,1
2011/12/06,180,180,180,180,500,180,1
2011/12/07,180,180,180,180,1000,180,1
2011/12/09,180,185,180,185,4000,185,1
2011/12/12,188,188,181,181,2500,181,1
2011/12/13,184,185,184,185,1000,185,1
2011/12/14,186,193,186,193,4500,193,1
2011/12/15,188,188,188,188,500,188,1
2011/12/19,182,182,182,182,5000,182,1
2011/12/20,186,186,182,182,3500,182,1
2011/12/21,182,182,180,180,3500,180,1
2011/12/22,180,180,173,173,2000,173,1
2011/12/26,177,178,175,178,10500,178,1
2011/12/27,176,179,176,179,3000,179,1
2011/12/28,181,184,181,184,3000,184,1
2011/12/29,185,186,185,186,3000,186,1
2011/12/30,186,186,182,182,1000,182,1
2012/01/04,183,186,183,186,1000,186,1
2012/01/05,185,191,185,191,5500,191,1
2012/01/06,188,190,188,188,3000,188,1
2012/01/10,190,190,190,190,2500,190,1
2012/01/11,193,193,191,191,16500,191,1
2012/01/12,191,191,190,190,2000,190,1
2012/01/13,192,192,189,189,2500,189,1
2012/01/16,189,189,189,189,1000,189,1
2012/01/17,193,208,193,208,11500,208,1
2012/01/18,216,217,200,210,20500,210,1
2012/01/19,210,214,210,214,6500,214,1
2012/01/20,214,214,214,214,1000,214,1
2012/01/23,206,210,206,210,4500,210,1
2012/01/24,206,206,200,201,3000,201,1
2012/01/25,209,213,209,213,6000,213,1
2012/01/26,215,215,210,214,6000,214,1
2012/01/27,218,219,217,219,7000,219,1
2012/01/30,221,221,218,221,5500,221,1
2012/01/31,205,208,201,208,10000,208,1
2012/02/01,207,207,207,207,500,207,1
2012/02/02,203,203,203,203,500,203,1
2012/02/03,203,203,201,201,4000,201,1
2012/02/06,201,201,200,200,3000,200,1
2012/02/07,199,200,199,200,1500,200,1
2012/02/08,201,201,201,201,1000,201,1
2012/02/09,203,204,203,204,3000,204,1
2012/02/10,208,208,208,208,500,208,1
2012/02/14,209,209,209,209,500,209,1
2012/02/15,206,206,205,205,1500,205,1
2012/02/16,208,212,208,212,6500,212,1
2012/02/17,208,213,200,213,15500,213,1
2012/02/20,210,210,210,210,1000,210,1
2012/02/21,205,212,205,206,3500,206,1
2012/02/23,210,212,210,212,1000,212,1
2012/02/24,213,213,205,206,3000,206,1
2012/02/27,210,213,210,213,8000,213,1
2012/02/28,214,218,214,218,8000,218,1
2012/02/29,222,226,210,226,20500,226,1
2012/03/01,219,219,219,219,500,219,1
2012/03/02,224,224,224,224,500,224,1
2012/03/06,218,224,216,216,1500,216,1
2012/03/07,215,215,214,214,2000,214,1
2012/03/08,210,210,210,210,30000,210,1
2012/03/09,215,217,210,210,3000,210,1
2012/03/12,218,218,210,217,12500,217,1
2012/03/13,217,218,209,215,9500,215,1
2012/03/14,218,221,218,218,6000,218,1
2012/03/15,217,217,215,215,6000,215,1
2012/03/19,218,224,218,224,13000,224,1
2012/03/21,226,227,225,226,7500,226,1
2012/03/22,228,229,228,229,1500,229,1
2012/03/23,224,224,224,224,1000,224,1
2012/03/26,224,226,221,221,2500,221,1
2012/03/27,227,227,219,219,6500,219,1
2012/03/28,224,224,224,224,3500,224,1
2012/03/29,228,230,228,230,3000,230,1
2012/03/30,230,230,220,220,5500,220,1
2012/04/02,220,220,220,220,5000,220,1
2012/04/03,225,225,225,225,1000,225,1
2012/04/04,221,221,218,218,3500,218,1
2012/04/05,216,216,214,214,1500,214,1
2012/04/06,212,212,212,212,2000,212,1
2012/04/09,215,215,210,210,4000,210,1
2012/04/12,213,213,213,213,500,213,1
2012/04/13,215,215,215,215,1000,215,1
2012/04/16,210,210,208,208,3000,208,1
2012/04/17,208,210,208,210,1500,210,1
2012/04/18,212,212,212,212,500,212,1
2012/04/19,210,210,210,210,1000,210,1
2012/04/23,214,214,214,214,500,214,1
2012/04/25,209,215,209,215,4000,215,1
2012/04/26,215,219,215,219,5000,219,1
2012/04/27,215,215,200,200,20000,200,1
2012/05/01,200,200,192,193,7500,193,1
2012/05/02,191,193,191,193,3500,193,1
2012/05/07,193,193,193,193,2000,193,1
2012/05/08,190,195,190,195,6000,195,1
2012/05/09,192,192,191,191,1000,191,1
2012/05/11,190,190,190,190,500,190,1
2012/05/14,190,190,190,190,2500,190,1
2012/05/15,190,190,176,178,4000,178,1
2012/05/16,180,181,180,181,1000,181,1
2012/05/18,180,180,180,180,500,180,1
2012/05/21,179,179,179,179,1000,179,1
2012/05/25,184,189,184,189,2500,189,1
2012/05/28,189,189,189,189,3500,189,1
2012/05/29,189,189,179,186,11000,186,1
2012/05/31,184,184,183,183,2500,183,1
2012/06/01,184,184,184,184,500,184,1
2012/06/04,178,178,178,178,500,178,1
2012/06/05,179,179,177,177,1500,177,1
2012/06/06,179,180,179,180,1000,180,1
2012/06/08,178,178,178,178,500,178,1
2012/06/13,182,182,182,182,500,182,1
2012/06/18,180,180,180,180,500,180,1
2012/06/19,176,176,176,176,1000,176,1
2012/06/20,180,182,180,182,2500,182,1
2012/06/21,179,182,179,182,1500,182,1
2012/06/22,180,182,176,182,7000,182,1
2012/06/25,184,189,184,189,3000,189,1
2012/06/26,196,196,196,196,2000,196,1
2012/06/27,196,196,194,196,3500,196,1
2012/06/28,196,196,196,196,1000,196,1
2012/07/02,198,198,198,198,500,198,1
2012/07/03,197,198,197,198,2500,198,1
2012/07/04,196,196,196,196,1500,196,1
2012/07/05,187,187,187,187,500,187,1
2012/07/06,185,195,185,195,6000,195,1
2012/07/09,195,199,195,199,2000,199,1
2012/07/10,199,200,199,200,2000,200,1
2012/07/11,200,200,200,200,2500,200,1
2012/07/12,204,204,204,204,1500,204,1
2012/07/18,191,191,190,191,4500,191,1
2012/07/19,190,191,186,186,1500,186,1
2012/07/20,190,190,190,190,1000,190,1
2012/07/25,195,196,193,193,1500,193,1
2012/07/26,192,197,192,197,3000,197,1
2012/07/27,197,204,197,204,3000,204,1
2012/07/30,204,205,204,205,3000,205,1
2012/07/31,208,212,208,211,5500,211,1
2012/08/01,210,210,202,202,3000,202,1
2012/08/03,197,199,197,199,4000,199,1
2012/08/07,202,202,202,202,500,202,1
2012/08/08,200,200,200,200,1000,200,1
2012/08/09,201,201,201,201,500,201,1
2012/08/10,202,202,200,200,2500,200,1
2012/08/14,192,192,192,192,1000,192,1
2012/08/16,204,204,203,203,5000,203,1
2012/08/20,204,204,203,203,1000,203,1
2012/08/21,203,203,201,201,1500,201,1
2012/08/23,202,204,202,203,1500,203,1
2012/08/24,206,206,206,206,500,206,1
2012/08/27,207,207,206,206,2000,206,1
2012/08/28,209,209,203,203,11500,203,1
2012/08/29,207,208,207,208,2000,208,1
2012/08/31,206,206,202,202,4000,202,1
2012/09/04,199,199,199,199,500,199,1
2012/09/13,190,191,189,191,12500,191,1
2012/09/14,192,195,192,195,9000,195,1
2012/09/18,194,194,194,194,1500,194,1
2012/09/20,193,193,193,193,500,193,1
2012/09/21,191,193,190,191,3500,191,1
2012/09/24,193,194,193,194,1000,194,1
2012/09/25,194,195,194,195,2500,195,1
2012/09/26,186,189,186,188,8500,188,1
2012/09/27,188,193,188,192,6500,192,1
2012/09/28,192,193,189,189,3500,189,1
2012/10/02,192,192,188,188,1500,188,1
2012/10/04,188,188,178,183,6500,183,1
2012/10/05,184,184,184,184,500,184,1
2012/10/09,184,184,179,183,2000,183,1
2012/10/19,185,185,185,185,1000,185,1
2012/10/22,185,185,185,185,500,185,1
2012/10/25,186,187,186,187,2500,187,1
2012/10/26,188,189,188,189,2500,189,1
2012/10/29,191,199,191,199,3500,199,1
2012/11/01,200,200,188,188,1000,188,1
2012/11/05,190,190,190,190,500,190,1
2012/11/06,186,186,186,186,2000,186,1
2012/11/08,191,191,190,190,2000,190,1
2012/11/09,194,194,194,194,2000,194,1
2012/11/12,194,204,194,204,2000,204,1
2012/11/13,204,204,196,202,3000,202,1
2012/11/14,202,202,196,196,5000,196,1
2012/11/15,201,246,200,222,44000,222,1
2012/11/16,226,233,215,215,18500,215,1
2012/11/19,213,213,206,208,14500,208,1
2012/11/20,210,212,210,211,8500,211,1
2012/11/21,212,212,209,209,8500,209,1
2012/11/22,210,210,206,207,8500,207,1
2012/11/26,208,209,208,209,4500,209,1
2012/11/27,212,214,211,214,2500,214,1
2012/11/28,214,214,210,210,3500,210,1
2012/11/30,209,210,207,210,4000,210,1
2012/12/03,211,218,209,218,14000,218,1
2012/12/04,217,224,217,217,17500,217,1
2012/12/05,222,223,222,222,10500,222,1
2012/12/07,223,224,222,222,9500,222,1
2012/12/10,224,230,224,230,15500,230,1
2012/12/11,229,229,229,229,500,229,1
2012/12/12,214,234,214,234,9000,234,1
2012/12/13,238,238,232,232,4000,232,1
2012/12/14,238,239,238,239,3000,239,1
2012/12/17,241,249,240,242,18500,242,1
2012/12/18,246,250,240,250,13000,250,1
2012/12/19,260,263,250,262,20000,262,1
2012/12/20,263,263,254,262,11000,262,1
2012/12/21,262,265,262,263,24000,263,1
2012/12/25,263,275,263,272,18000,272,1
2012/12/26,273,277,272,272,8500,272,1
2012/12/27,277,291,277,291,26000,291,1
2012/12/28,295,325,295,325,35500,325,1
2013/01/04,338,374,338,345,48000,345,1
2013/01/07,369,371,348,350,26000,350,1
2013/01/08,345,345,322,328,19500,328,1
2013/01/09,313,337,313,335,13500,335,1
2013/01/10,320,350,316,334,43000,334,1
2013/01/11,342,349,332,349,7500,349,1
2013/01/15,348,348,337,344,6000,344,1
2013/01/16,337,339,324,334,7500,334,1
2013/01/17,340,340,326,331,6500,331,1
2013/01/18,338,341,330,330,5000,330,1
2013/01/21,331,345,331,338,7000,338,1
2013/01/22,340,347,340,341,4500,341,1
2013/01/23,339,344,337,344,4000,344,1
2013/01/24,345,345,331,331,7000,331,1
2013/01/25,338,347,338,342,16000,342,1
2013/01/28,340,346,331,337,16000,337,1
2013/01/29,345,357,345,357,18000,357,1
2013/01/30,356,370,356,360,29000,360,1
2013/01/31,347,362,333,362,29000,362,1
2013/02/01,363,363,351,354,4500,354,1
2013/02/04,346,360,340,360,14000,360,1
2013/02/05,341,345,341,341,8500,341,1
2013/02/06,345,348,345,345,4500,345,1
2013/02/07,345,358,340,358,16500,358,1
2013/02/08,358,360,346,350,33000,350,1
2013/02/12,355,355,351,351,3500,351,1
2013/02/13,346,351,342,342,7000,342,1
2013/02/14,348,351,348,351,13000,351,1
2013/02/15,345,345,318,318,4500,318,1
2013/02/18,305,319,305,319,3000,319,1
2013/02/19,327,345,325,331,7000,331,1
2013/02/20,332,341,332,332,2000,332,1
2013/02/21,335,335,335,335,1000,335,1
2013/02/22,340,351,340,351,5000,351,1
2013/02/25,355,355,345,355,4000,355,1
2013/02/26,355,370,355,370,16500,370,1
2013/02/27,375,380,368,380,15500,380,1
2013/02/28,396,401,390,395,13500,395,1
2013/03/01,399,400,392,400,8500,400,1
2013/03/04,399,400,395,395,8000,395,1
2013/03/05,395,395,395,395,2000,395,1
2013/03/06,394,394,375,382,16500,382,1
2013/03/07,374,375,363,363,18500,363,1
2013/03/08,368,389,368,389,8000,389,1
2013/03/11,397,398,386,394,33000,394,1
2013/03/12,398,398,385,385,8500,385,1
2013/03/13,392,393,390,390,2500,390,1
2013/03/14,394,398,380,398,24000,398,1
2013/03/15,398,398,389,395,14000,395,1
2013/03/18,394,394,389,389,9000,389,1
2013/03/19,390,392,388,392,26000,392,1
2013/03/21,392,395,388,388,18500,388,1
2013/03/22,388,392,383,391,21500,391,1
2013/03/25,391,392,390,390,3500,390,1
2013/03/26,394,394,385,385,5500,385,1
2013/03/27,393,393,387,387,7000,387,1
2013/03/28,393,393,383,383,3500,383,1
2013/04/01,369,380,369,378,1700,378,1
2013/04/02,364,378,364,378,3200,378,1
2013/04/03,365,370,365,369,3700,369,1
2013/04/04,369,369,365,365,5400,365,1
2013/04/05,370,370,362,365,9700,365,1
2013/04/08,375,375,363,365,3500,365,1
2013/04/09,374,374,358,360,8300,360,1
2013/04/10,367,367,357,360,8400,360,1
2013/04/11,362,365,356,360,14600,360,1
2013/04/12,362,362,359,360,5900,360,1
2013/04/15,360,360,359,359,2500,359,1
2013/04/16,357,357,350,350,7400,350,1
2013/04/17,357,357,347,348,7300,348,1
2013/04/18,349,355,341,341,7300,341,1
2013/04/19,341,341,336,339,8300,339,1
2013/04/22,330,331,325,329,74100,329,1
2013/04/23,353,354,346,349,55500,349,1
2013/04/24,352,352,341,345,27300,345,1
2013/04/25,347,348,345,345,9800,345,1
2013/04/26,345,347,344,344,16800,344,1
2013/04/30,345,360,344,350,22200,350,1
2013/05/01,366,370,353,359,41900,359,1
2013/05/02,360,360,350,359,21600,359,1
2013/05/07,362,362,357,359,26500,359,1
2013/05/08,358,358,353,354,14900,354,1
2013/05/09,355,356,353,353,20100,353,1
2013/05/10,353,353,346,350,23500,350,1
2013/05/13,349,349,344,345,14500,345,1
2013/05/14,344,344,330,342,20100,342,1
2013/05/15,344,347,338,338,9500,338,1
2013/05/16,338,351,335,349,27000,349,1
2013/05/17,340,346,336,342,5400,342,1
2013/05/20,346,346,339,345,23400,345,1
2013/05/21,348,359,348,356,35500,356,1
2013/05/22,359,360,355,355,55600,355,1
2013/05/23,363,365,347,350,54200,350,1
2013/05/24,345,350,342,349,16000,349,1
2013/05/27,352,352,340,341,15000,341,1
2013/05/28,343,353,342,352,12500,352,1
2013/05/29,354,354,349,351,6100,351,1
2013/05/30,351,351,341,350,7400,350,1
2013/05/31,350,350,345,345,3900,345,1
2013/06/03,340,346,335,338,8500,338,1
2013/06/04,331,341,327,341,12000,341,1
2013/06/05,340,342,333,333,5000,333,1
2013/06/06,328,330,320,327,10000,327,1
2013/06/07,317,317,296,298,11700,298,1
2013/06/10,312,332,312,325,7700,325,1
2013/06/11,321,321,312,320,3200,320,1
2013/06/12,316,328,313,328,1200,328,1
2013/06/13,328,329,327,329,1400,329,1
2013/06/14,328,328,320,325,2000,325,1
2013/06/17,313,333,313,328,4700,328,1
2013/06/18,330,330,323,329,1900,329,1
2013/06/19,329,331,315,329,4700,329,1
2013/06/20,322,322,318,320,2600,320,1
2013/06/21,320,320,302,312,10800,312,1
2013/06/24,315,315,310,312,1000,312,1
2013/06/25,312,312,280,304,11100,304,1
2013/06/26,306,306,286,292,7800,292,1
2013/06/27,298,300,296,299,3600,299,1
2013/06/28,305,305,302,305,1900,305,1
2013/07/01,304,307,299,307,3400,307,1
2013/07/02,308,309,303,305,3500,305,1
2013/07/03,306,315,306,315,3100,315,1
2013/07/04,315,318,303,318,10500,318,1
2013/07/05,316,319,312,319,4100,319,1
2013/07/08,325,330,322,322,7800,322,1
2013/07/09,329,329,322,322,4700,322,1
2013/07/10,386,399,355,376,136200,376,1
2013/07/11,370,373,356,373,44100,373,1
2013/07/12,370,373,363,370,13100,370,1
2013/07/16,373,373,357,361,31900,361,1
2013/07/17,360,360,345,357,18800,357,1
2013/07/18,357,357,346,355,6700,355,1
2013/07/19,360,360,350,358,4700,358,1
2013/07/22,358,358,340,358,13100,358,1
2013/07/23,355,358,346,354,5300,354,1
2013/07/24,351,351,344,350,13400,350,1
2013/07/25,348,355,348,354,4700,354,1
2013/07/26,341,350,341,348,6900,348,1
2013/07/29,350,350,330,342,12700,342,1
2013/07/30,334,349,334,349,3900,349,1
2013/07/31,336,337,330,330,20900,330,1
2013/08/01,332,338,331,331,1600,331,1
2013/08/02,338,338,328,338,7800,338,1
2013/08/05,333,339,329,329,1700,329,1
2013/08/06,333,342,333,342,2700,342,1
2013/08/07,338,341,335,341,4000,341,1
2013/08/08,338,339,320,338,11200,338,1
2013/08/09,336,337,331,337,400,337,1
2013/08/12,338,338,331,335,3600,335,1
2013/08/13,324,329,324,327,8300,327,1
2013/08/14,328,330,327,330,1800,330,1
2013/08/15,330,340,330,340,6700,340,1
2013/08/16,333,341,330,341,2600,341,1
2013/08/19,341,341,341,341,200,341,1
2013/08/20,340,340,336,336,300,336,1
2013/08/21,333,335,326,335,2900,335,1
2013/08/22,325,332,322,330,10800,330,1
2013/08/23,330,335,324,335,6300,335,1
2013/08/26,327,331,327,331,1700,331,1
2013/08/27,330,330,321,328,5200,328,1
2013/08/28,330,331,326,330,1900,330,1
2013/08/29,327,333,326,326,700,326,1
2013/08/30,333,333,320,326,6100,326,1
2013/09/02,322,330,322,330,6400,330,1
2013/09/03,330,330,330,330,600,330,1
2013/09/04,330,335,327,334,2500,334,1
2013/09/05,334,334,330,330,1300,330,1
2013/09/06,332,332,329,330,5500,330,1
2013/09/09,347,348,337,343,21300,343,1
2013/09/10,346,360,345,360,29200,360,1
2013/09/11,363,367,346,350,16800,350,1
2013/09/12,359,369,357,363,24700,363,1
2013/09/13,364,369,359,366,16700,366,1
2013/09/17,381,425,381,405,136900,405,1
2013/09/18,389,394,383,387,52900,387,1
2013/09/19,393,400,390,390,34400,390,1
2013/09/20,395,405,391,398,43100,398,1
2013/09/24,416,430,407,417,88000,417,1
2013/09/25,414,414,401,408,45000,408,1
2013/09/26,398,400,370,399,27200,399,1
2013/09/27,399,408,396,400,13500,400,1
2013/09/30,404,405,390,395,19800,395,1
2013/10/01,395,400,385,392,20200,392,1
2013/10/02,396,396,380,390,21000,390,1
2013/10/03,380,380,351,367,43000,367,1
2013/10/04,363,365,360,365,26300,365,1
2013/10/07,381,381,364,369,14600,369,1
2013/10/08,366,373,360,370,14800,370,1
2013/10/09,372,379,370,374,7400,374,1
2013/10/10,378,381,377,381,8100,381,1
2013/10/11,385,388,379,388,13800,388,1
2013/10/15,390,398,380,382,11600,382,1
2013/10/16,376,380,373,380,9700,380,1
2013/10/17,388,389,383,383,6000,383,1
2013/10/18,388,390,383,387,13500,387,1
2013/10/21,391,402,387,402,30700,402,1
2013/10/22,408,408,398,407,17000,407,1
2013/10/23,410,420,395,400,48500,400,1
2013/10/24,396,404,394,402,22400,402,1
2013/10/25,418,482,402,482,479800,482,1
2013/10/28,498,547,453,479,532100,479,1
2013/10/29,461,468,424,451,107100,451,1
2013/10/30,440,450,414,430,93900,430,1
2013/10/31,430,437,420,433,28700,433,1
2013/11/01,434,434,405,421,41200,421,1
2013/11/05,421,434,410,427,21700,427,1
2013/11/06,460,507,455,507,241700,507,1
2013/11/07,607,607,555,607,1180600,607,1
2013/11/08,616,707,601,707,1137000,707,1
2013/11/11,767,857,655,676,2451400,676,1
2013/11/12,723,776,710,776,1107800,776,1
2013/11/13,896,926,810,865,1790800,865,1
2013/11/14,821,860,783,839,693000,839,1
2013/11/15,689,730,689,697,941800,697,1
2013/11/18,707,714,651,700,412500,700,1
2013/11/19,700,707,665,700,150100,700,1
2013/11/20,688,697,668,670,66000,670,1
2013/11/21,650,653,636,647,85900,647,1
2013/11/22,653,718,638,650,248800,650,1
2013/11/25,640,665,632,641,64300,641,1
2013/11/26,635,639,619,629,59400,629,1
2013/11/27,629,639,616,620,65000,620,1
2013/11/28,616,646,616,620,48300,620,1
2013/11/29,621,676,621,672,139300,672,1
2013/12/02,660,670,648,662,69000,662,1
2013/12/03,668,670,650,660,46400,660,1
2013/12/04,659,659,645,647,27600,647,1
2013/12/05,647,654,635,649,37000,649,1
2013/12/06,679,749,658,749,365800,749,1
2013/12/09,809,809,733,759,246100,759,1
2013/12/10,771,778,752,769,96900,769,1
2013/12/11,780,919,750,871,409000,871,1
2013/12/12,867,868,725,780,282800,780,1
2013/12/13,750,780,730,740,84400,740,1
2013/12/16,731,737,685,699,78800,699,1
2013/12/17,680,729,661,678,86400,678,1
2013/12/18,670,718,664,687,50500,687,1
2013/12/19,715,715,670,673,59100,673,1
2013/12/20,666,678,662,665,32800,665,1
2013/12/24,663,691,662,670,55400,670,1
2013/12/25,664,688,664,665,36600,665,1
2013/12/26,695,764,690,757,138700,757,1
2013/12/27,742,759,721,748,61500,748,1
2013/12/30,760,770,740,745,36700,745,1
2014/01/06,750,750,730,750,37400,750,1
2014/01/07,780,818,768,803,94600,803,1
2014/01/08,788,803,771,793,38800,793,1
2014/01/09,793,799,777,789,27300,789,1
2014/01/10,780,795,767,790,53400,790,1
2014/01/14,780,780,743,766,35800,766,1
2014/01/15,763,780,745,770,21700,770,1
2014/01/16,755,769,743,744,35900,744,1
2014/01/17,740,758,740,758,19000,758,1
2014/01/20,763,771,756,762,25200,762,1
2014/01/21,750,762,743,759,17900,759,1
2014/01/22,763,763,730,752,13500,752,1
2014/01/23,764,764,737,741,18900,741,1
2014/01/24,739,739,690,718,38600,718,1
2014/01/27,673,681,652,652,75900,652,1
2014/01/28,678,698,667,673,38400,673,1
2014/01/29,680,711,674,694,33900,694,1
2014/01/30,692,693,666,674,24200,674,1
2014/01/31,650,651,616,620,81200,620,1
2014/02/03,620,621,592,595,40200,595,1
2014/02/04,510,524,495,502,131300,502,1
2014/02/05,572,572,502,530,41900,530,1
2014/02/06,530,569,530,546,26300,546,1
2014/02/07,576,576,545,551,16200,551,1
2014/02/10,556,579,553,561,35300,561,1
2014/02/12,581,581,560,560,22600,560,1
2014/02/13,555,560,533,536,26300,536,1
2014/02/14,516,520,501,510,28500,510,1
2014/02/17,511,530,510,518,19300,518,1
2014/02/18,518,538,511,530,21000,530,1
2014/02/19,530,530,513,529,15600,529,1
2014/02/20,519,525,495,500,20300,500,1
2014/02/21,510,515,497,510,16100,510,1
2014/02/24,520,525,512,519,23300,519,1
2014/02/25,519,553,519,549,18700,549,1
2014/02/26,553,553,534,537,9800,537,1
2014/02/27,525,537,515,520,16700,520,1
2014/02/28,518,523,510,513,12200,513,1
2014/03/03,505,525,505,525,15600,525,1
2014/03/04,495,524,495,509,16100,509,1
2014/03/05,501,510,500,506,3800,506,1
2014/03/06,500,529,498,515,23300,515,1
2014/03/07,535,535,513,523,24600,523,1
2014/03/10,530,530,520,526,4900,526,1
2014/03/11,526,541,521,527,17700,527,1
2014/03/12,517,527,505,505,12100,505,1
2014/03/13,502,520,502,507,6400,507,1
2014/03/14,490,498,485,489,28700,489,1
2014/03/17,481,488,475,475,23400,475,1
2014/03/18,485,485,475,479,20100,479,1
2014/03/19,478,483,458,472,11200,472,1
2014/03/20,448,452,438,449,46800,449,1
2014/03/24,454,454,440,445,10300,445,1
2014/03/25,437,456,436,450,15700,450,1
2014/03/26,453,456,440,445,11200,445,1
2014/03/27,450,455,445,455,4000,455,1
2014/03/28,464,465,455,465,7900,465,1
2014/03/31,485,500,476,500,24100,500,1
2014/04/01,510,510,481,490,24400,490,1
2014/04/02,496,505,490,501,20600,501,1
2014/04/03,505,510,498,500,20500,500,1
2014/04/04,493,503,493,497,6600,497,1
2014/04/07,481,491,479,481,11600,481,1
2014/04/08,473,495,472,473,11300,473,1
2014/04/09,467,467,452,458,30500,458,1
2014/04/10,466,467,456,456,9500,456,1
2014/04/11,440,457,438,451,23000,451,1
2014/04/14,444,452,444,450,5600,450,1
2014/04/15,456,466,451,465,8600,465,1
2014/04/16,465,483,461,480,11300,480,1
2014/04/17,488,495,471,484,30400,484,1
2014/04/18,487,490,475,476,8500,476,1
2014/04/21,478,481,456,467,17700,467,1
2014/04/22,467,475,459,459,9400,459,1
2014/04/23,470,473,462,462,6600,462,1
2014/04/24,470,474,463,474,7000,474,1
2014/04/25,471,484,466,476,13000,476,1
2014/04/28,477,500,476,490,44000,490,1
2014/04/30,489,489,478,486,8200,486,1
2014/05/01,566,566,566,566,17000,566,1
2014/05/02,666,666,666,666,46200,666,1
2014/05/07,661,744,622,744,605400,744,1
2014/05/08,714,730,661,685,127600,685,1
2014/05/09,680,681,642,661,80300,661,1
2014/05/12,651,670,621,630,61400,630,1
2014/05/13,626,676,606,663,103500,663,1
2014/05/14,653,684,640,680,46500,680,1
2014/05/15,662,692,661,690,54100,690,1
2014/05/16,660,677,655,677,33100,677,1
2014/05/19,683,683,632,636,36800,636,1
2014/05/20,646,653,632,647,16600,647,1
2014/05/21,647,660,630,653,13500,653,1
2014/05/22,653,655,643,643,8000,643,1
2014/05/23,639,665,639,644,18900,644,1
2014/05/26,650,658,644,655,19400,655,1
2014/05/27,665,687,654,675,32700,675,1
2014/05/28,670,670,655,655,43900,655,1
2014/05/29,755,755,746,755,187900,755,1
2014/05/30,751,847,750,846,578100,846,1
2014/06/02,840,886,805,835,238000,835,1
2014/06/03,835,900,835,870,221800,870,1
2014/06/04,870,886,851,885,117400,885,1
2014/06/05,867,890,861,883,117800,883,1
2014/06/06,887,888,870,884,101300,884,1
2014/06/09,882,882,851,863,81400,863,1
2014/06/10,872,872,823,831,71700,831,1
2014/06/11,831,875,830,867,89300,867,1
2014/06/12,852,940,846,939,214300,939,1
2014/06/13,940,940,850,860,322500,860,1
2014/06/16,880,882,831,858,139000,858,1
2014/06/17,865,865,842,848,56700,848,1
2014/06/18,846,865,830,845,51900,845,1
2014/06/19,865,865,839,849,43400,849,1
2014/06/20,841,852,830,831,33800,831,1
2014/06/23,829,857,801,844,62400,844,1
2014/06/24,836,857,832,850,29200,850,1
2014/06/25,841,848,835,838,18000,838,1
2014/06/26,840,847,829,842,26300,842,1
2014/06/27,847,855,807,809,55900,809,1
2014/06/30,814,858,814,858,74800,858,1
2014/07/01,861,895,850,893,89800,893,1
2014/07/02,900,948,900,948,175600,948,1
2014/07/03,935,965,925,926,117100,926,1
2014/07/04,940,940,921,925,40900,925,1
2014/07/07,920,987,906,981,135500,981,1
2014/07/08,980,1036,977,1013,216800,1013,1
2014/07/09,980,1027,928,970,139200,970,1
2014/07/10,955,982,940,940,71300,940,1
2014/07/11,942,985,940,974,106400,974,1
2014/07/14,989,1124,987,1009,528000,1009,1
2014/07/15,1005,1030,970,970,159200,970,1
2014/07/16,976,1041,960,1021,123300,1021,1
2014/07/17,1001,1144,1001,1083,248000,1083,1
2014/07/18,1053,1090,1033,1068,161300,1068,1
2014/07/22,1091,1166,1091,1125,138300,1125,1
2014/07/23,1131,1150,1087,1100,114700,1100,1
2014/07/24,1080,1140,1080,1106,67000,1106,1
2014/07/25,1118,1148,1098,1148,121900,1148,1
2014/07/28,1178,1246,1165,1223,212600,1223,1
2014/07/29,1204,1245,1190,1198,107500,1198,1
2014/07/30,1216,1298,1207,1215,266800,1215,1
2014/07/31,1095,1100,986,1015,678600,1015,1
2014/08/01,990,1009,962,970,260300,970,1
2014/08/04,955,968,925,939,191800,939,1
2014/08/05,947,995,942,948,209200,948,1
2014/08/06,933,1000,908,995,209400,995,1
2014/08/07,951,966,933,946,140500,946,1
2014/08/08,930,937,880,919,93300,919,1
2014/08/11,930,967,925,951,75800,951,1
2014/08/12,936,951,925,925,43500,925,1
2014/08/13,914,924,892,912,71400,912,1
2014/08/14,910,973,910,941,110200,941,1
2014/08/15,965,981,950,980,70800,980,1
2014/08/18,1000,1016,973,975,75600,975,1
2014/08/19,985,996,952,956,77200,956,1
2014/08/20,963,964,944,944,43700,944,1
2014/08/21,951,984,936,978,83000,978,1
2014/08/22,983,985,963,982,69900,982,1
2014/08/25,980,1029,965,1024,157600,1024,1
2014/08/26,1038,1038,995,1011,99100,1011,1
2014/08/27,1000,1088,996,1043,225300,1043,1
2014/08/28,1068,1088,1049,1082,196900,1082,1
2014/08/29,1063,1088,1050,1063,110000,1063,1
2014/09/01,1080,1151,1069,1077,279800,1077,1
2014/09/02,1061,1084,1050,1068,88800,1068,1
2014/09/03,1065,1082,1051,1055,80600,1055,1
2014/09/04,1053,1053,1008,1008,61900,1008,1
2014/09/05,1005,1027,990,1015,63200,1015,1
2014/09/08,1000,1029,1000,1024,38200,1024,1
2014/09/09,1038,1043,1004,1008,29100,1008,1
2014/09/10,1003,1003,946,958,122600,958,1
2014/09/11,962,978,958,965,54000,965,1
2014/09/12,965,983,962,971,36800,971,1
2014/09/16,985,986,955,956,27300,956,1
2014/09/17,959,963,940,946,31500,946,1
2014/09/18,947,959,945,954,22500,954,1
2014/09/19,964,988,955,979,42200,979,1
2014/09/22,975,976,955,965,41400,965,1
2014/09/24,964,975,950,968,33000,968,1
2014/09/25,972,972,955,961,21600,961,1
2014/09/26,942,956,942,955,23700,955,1
2014/09/29,971,995,965,995,75900,995,1
2014/09/30,994,1007,969,987,80800,987,1
2014/10/01,986,989,950,956,56700,956,1
2014/10/02,907,931,902,911,107400,911,1
2014/10/03,912,926,908,921,21900,921,1
2014/10/06,950,971,940,951,31800,951,1
2014/10/07,960,960,931,932,24200,932,1
2014/10/08,910,927,909,919,30700,919,1
2014/10/09,918,927,890,896,46600,896,1
2014/10/10,866,893,841,863,75000,863,1
2014/10/14,850,862,826,833,47400,833,1
2014/10/15,841,877,835,850,19100,850,1
2014/10/16,820,820,783,790,98600,790,1
2014/10/17,790,814,786,791,69900,791,1
2014/10/20,821,843,810,830,56000,830,1
2014/10/21,845,847,821,823,20500,823,1
2014/10/22,847,870,830,863,42300,863,1
2014/10/23,863,876,852,859,16200,859,1
2014/10/24,881,881,850,859,29800,859,1
2014/10/27,861,869,854,864,10300,864,1
2014/10/28,875,875,853,866,12900,866,1
2014/10/29,868,880,868,870,20900,870,1
2014/10/30,885,890,841,847,74000,847,1
2014/10/31,858,858,828,849,36300,849,1
2014/11/04,888,888,860,868,70800,868,1
2014/11/05,872,890,868,884,23700,884,1
2014/11/06,894,930,894,908,51100,908,1
2014/11/07,908,916,900,903,25600,903,1
2014/11/10,910,919,904,913,26800,913,1
2014/11/11,920,920,900,901,25200,901,1
2014/11/12,895,898,842,842,135300,842,1
2014/11/13,850,852,835,839,30100,839,1
2014/11/14,843,847,818,823,65400,823,1
2014/11/17,750,800,742,783,144400,783,1
2014/11/18,776,801,772,796,39700,796,1
2014/11/19,803,803,780,795,37400,795,1
2014/11/20,780,788,780,785,19600,785,1
2014/11/21,784,784,774,775,22300,775,1
2014/11/25,775,780,764,770,57100,770,1
2014/11/26,770,783,761,777,52200,777,1
2014/11/27,784,784,760,769,43000,769,1
2014/11/28,778,781,768,777,42200,777,1
2014/12/01,778,782,772,782,36400,782,1
2014/12/02,777,790,770,783,56200,783,1
2014/12/03,783,807,781,800,81600,800,1
2014/12/04,800,808,792,797,90400,797,1
2014/12/05,800,801,786,791,43300,791,1
2014/12/08,798,799,777,780,34000,780,1
2014/12/09,772,778,753,757,64900,757,1
2014/12/10,748,748,736,740,54900,740,1
2014/12/11,728,740,716,740,59200,740,1
2014/12/12,730,744,726,727,73600,727,1
2014/12/15,740,746,723,728,66300,728,1
2014/12/16,721,724,709,717,46600,717,1
2014/12/17,709,721,709,719,36500,719,1
2014/12/18,725,747,725,737,25100,737,1
2014/12/19,738,760,738,747,44300,747,1
2014/12/22,745,750,738,745,37700,745,1
2014/12/24,750,761,747,749,29500,749,1
2014/12/25,750,759,740,740,29500,740,1
2014/12/26,739,765,739,765,34100,765,1
2014/12/29,774,783,768,778,47000,778,1
2014/12/30,771,773,765,770,12400,770,1
2015/01/05,772,778,769,774,14800,774,1
2015/01/06,790,799,761,761,79100,761,1
2015/01/07,756,769,750,754,14200,754,1
2015/01/08,769,769,750,751,19000,751,1
2015/01/09,760,760,741,744,18800,744,1
2015/01/13,729,739,720,739,28900,739,1
2015/01/14,727,735,719,726,14500,726,1
2015/01/15,711,726,711,725,20200,725,1
2015/01/16,710,734,710,728,9700,728,1
2015/01/19,728,729,715,717,12400,717,1
2015/01/20,718,728,713,722,9000,722,1
2015/01/21,723,723,717,722,7000,722,1
2015/01/22,720,720,712,712,5100,712,1
2015/01/23,711,716,711,714,5700,714,1
2015/01/26,714,727,714,727,6700,727,1
2015/01/27,729,735,710,715,20000,715,1
2015/01/28,716,729,711,720,50900,720,1
2015/01/29,720,720,696,705,38600,705,1
2015/01/30,696,705,693,698,55300,698,1
2015/02/02,685,703,685,691,22600,691,1
2015/02/03,688,699,680,683,17300,683,1
2015/02/04,680,697,680,689,14700,689,1
2015/02/05,682,684,670,676,17600,676,1
2015/02/06,675,685,671,680,12300,680,1
2015/02/09,685,705,683,699,26400,699,1
2015/02/10,689,705,683,704,19700,704,1
2015/02/12,703,703,690,700,13300,700,1
2015/02/13,699,700,691,693,9400,693,1
2015/02/16,693,695,687,690,15100,690,1
2015/02/17,690,699,687,699,7900,699,1
2015/02/18,694,705,690,700,19200,700,1
2015/02/19,699,704,692,700,12300,700,1
2015/02/20,700,703,694,695,8500,695,1
2015/02/23,696,699,686,686,19500,686,1
2015/02/24,700,704,695,697,22700,697,1
2015/02/25,698,698,670,671,93100,671,1
2015/02/26,675,686,670,672,82100,672,1
2015/02/27,671,676,663,664,73400,664,1
2015/03/02,664,670,652,656,75800,656,1
2015/03/03,657,660,650,650,37700,650,1
2015/03/04,650,659,647,649,34200,649,1
2015/03/05,647,651,647,647,22000,647,1
2015/03/06,648,649,629,636,93100,636,1
2015/03/09,630,640,623,636,44800,636,1
2015/03/10,643,646,630,633,36000,633,1
2015/03/11,630,656,630,648,55700,648,1
2015/03/12,648,666,648,659,55600,659,1
2015/03/13,663,665,652,659,35100,659,1
2015/03/16,651,652,630,639,74400,639,1
2015/03/17,638,651,633,650,81200,650,1
2015/03/18,640,646,637,644,17700,644,1
2015/03/19,638,640,627,634,52600,634,1
2015/03/20,638,638,619,625,62300,625,1
2015/03/23,622,630,622,628,21300,628,1
2015/03/24,630,630,610,613,65900,613,1
2015/03/25,615,620,602,609,83200,609,1
2015/03/26,610,612,606,612,21800,612,1
2015/03/27,610,616,609,611,22100,611,1
2015/03/30,611,615,604,608,17500,608,1
2015/03/31,609,611,608,611,10000,611,1
2015/04/01,611,613,606,606,19700,606,1
2015/04/02,613,615,607,612,22800,612,1
2015/04/03,612,615,612,613,16700,613,1
2015/04/06,614,615,610,613,9100,613,1
2015/04/07,613,619,612,618,35200,618,1
2015/04/08,620,633,620,632,66400,632,1
2015/04/09,640,648,638,645,78900,645,1
2015/04/10,645,657,637,638,114400,638,1
2015/04/13,645,652,641,644,37900,644,1
2015/04/14,649,649,644,646,13900,646,1
2015/04/15,648,649,643,646,23000,646,1
2015/04/16,646,648,634,638,27700,638,1
2015/04/17,638,649,635,649,25000,649,1
2015/04/20,642,647,642,643,14500,643,1
2015/04/21,641,650,641,643,34000,643,1
2015/04/22,647,654,646,649,32900,649,1
2015/04/23,655,672,655,664,73800,664,1
2015/04/24,669,669,651,652,68000,652,1
2015/04/27,655,662,655,657,63900,657,1
2015/04/28,657,660,650,650,34600,650,1
2015/04/30,598,599,576,592,248100,592,1
2015/05/01,582,595,573,579,162400,579,1
2015/05/07,579,584,576,578,30400,578,1
2015/05/08,576,582,575,577,42400,577,1
2015/05/11,585,585,575,580,45000,580,1
2015/05/12,580,585,576,579,34400,579,1
2015/05/13,577,583,577,578,26900,578,1
2015/05/14,578,580,574,578,33900,578,1
2015/05/15,573,573,558,561,103500,561,1
2015/05/18,564,564,551,558,49600,558,1
2015/05/19,563,568,560,567,39800,567,1
2015/05/20,570,577,565,567,32000,567,1
2015/05/21,570,570,561,567,29400,567,1
2015/05/22,569,573,565,568,23800,568,1
2015/05/25,570,575,570,572,26800,572,1
2015/05/26,574,576,570,572,26000,572,1
2015/05/27,572,573,569,571,24000,571,1
2015/05/28,572,574,563,564,23700,564,1
2015/05/29,566,566,555,564,49900,564,1
2015/06/01,561,573,561,565,50300,565,1
2015/06/02,565,565,560,562,29400,562,1
2015/06/03,560,564,560,561,15600,561,1
2015/06/04,563,568,562,565,33900,565,1
2015/06/05,569,578,566,571,32800,571,1
2015/06/08,581,587,577,584,71300,584,1
2015/06/09,588,610,588,600,128200,600,1
2015/06/10,602,602,585,586,51200,586,1
2015/06/11,590,595,586,593,20600,593,1
2015/06/12,598,615,586,594,93600,594,1
2015/06/15,590,593,586,587,22000,587,1
2015/06/16,582,584,574,576,38400,576,1
2015/06/17,575,583,573,575,38700,575,1
2015/06/18,577,578,574,577,20600,577,1
2015/06/19,578,583,572,578,13800,578,1
2015/06/22,578,583,575,577,18300,577,1
2015/06/23,594,594,576,588,38000,588,1
2015/06/24,590,603,589,595,57200,595,1
2015/06/25,591,594,589,590,13400,590,1
2015/06/26,592,600,590,592,21800,592,1
2015/06/29,589,589,565,568,56800,568,1
2015/06/30,565,570,558,569,36700,569,1
2015/07/01,574,587,570,579,36000,579,1
2015/07/02,580,585,578,579,12300,579,1
2015/07/03,576,600,574,585,53000,585,1
2015/07/06,575,582,566,568,49800,568,1
2015/07/07,581,581,569,574,17100,574,1
2015/07/08,576,576,546,555,52300,555,1
2015/07/09,546,551,513,541,105900,541,1
2015/07/10,550,552,541,548,32600,548,1
2015/07/13,554,559,553,559,24800,559,1
2015/07/14,562,562,545,556,69200,556,1
2015/07/15,554,555,543,550,60000,550,1
2015/07/16,551,551,545,549,13800,549,1
2015/07/17,551,555,549,554,14100,554,1
2015/07/21,554,557,553,555,10200,555,1
2015/07/22,555,555,550,554,10600,554,1
2015/07/23,551,555,550,553,8200,553,1
2015/07/24,554,561,547,549,44900,549,1
2015/07/27,547,553,544,544,14300,544,1
2015/07/28,547,550,527,544,78000,544,1
2015/07/29,542,547,539,540,29200,540,1
2015/07/30,541,544,535,541,22600,541,1
2015/07/31,516,534,511,519,195100,519,1
2015/08/03,520,521,515,518,24300,518,1
2015/08/04,520,520,500,512,76700,512,1
2015/08/05,510,525,510,522,23900,522,1
2015/08/06,523,523,515,517,23800,517,1
2015/08/07,515,524,515,522,20900,522,1
2015/08/10,526,529,514,517,28800,517,1
2015/08/11,518,522,510,519,29300,519,1
2015/08/12,522,524,519,519,8900,519,1
2015/08/13,520,529,510,519,27300,519,1
2015/08/14,523,525,519,523,2500,523,1
2015/08/17,518,524,518,523,23000,523,1
2015/08/18,523,523,518,522,10700,522,1
2015/08/19,516,518,515,515,7300,515,1
2015/08/20,514,520,504,504,27000,504,1
2015/08/21,494,499,486,492,70000,492,1
2015/08/24,470,485,450,450,82800,450,1
2015/08/25,410,450,400,414,165100,414,1
2015/08/26,406,437,406,431,74000,431,1
2015/08/27,437,469,436,460,73300,460,1
2015/08/28,492,503,485,494,91900,494,1
2015/08/31,500,500,477,484,49800,484,1
2015/09/01,479,485,465,466,45900,466,1
2015/09/02,455,485,451,470,46000,470,1
2015/09/03,476,490,472,476,20100,476,1
2015/09/04,475,475,441,465,43100,465,1
2015/09/07,457,467,450,460,45400,460,1
2015/09/08,453,468,450,450,17700,450,1
2015/09/09,455,468,455,464,15000,464,1
2015/09/10,466,482,462,477,40500,477,1
2015/09/11,481,496,476,491,24000,491,1
2015/09/14,490,490,476,476,20000,476,1
2015/09/15,481,483,468,470,14900,470,1
2015/09/16,471,474,466,470,12900,470,1
2015/09/17,468,480,468,472,10500,472,1
2015/09/18,470,480,462,465,14500,465,1
2015/09/24,456,460,430,439,43600,439,1
2015/09/25,445,485,438,485,68400,485,1
2015/09/28,480,483,460,470,76600,470,1
2015/09/29,470,470,409,450,170200,450,1
2015/09/30,450,472,450,460,87100,460,1
2015/10/01,467,480,444,479,67600,479,1
2015/10/02,477,482,466,478,22400,478,1
2015/10/05,482,485,470,473,53000,473,1
2015/10/06,478,493,477,481,28400,481,1
2015/10/07,482,495,480,483,62100,483,1
2015/10/08,489,489,475,476,30900,476,1
2015/10/09,479,490,468,476,71500,476,1
2015/10/13,470,470,444,460,86500,460,1
2015/10/14,468,468,450,456,39200,456,1
2015/10/15,450,470,440,442,85000,442,1
2015/10/16,447,461,445,453,38600,453,1
2015/10/19,454,496,446,457,117800,457,1
2015/10/20,473,537,471,537,719200,537,1
2015/10/21,557,594,504,509,775300,509,1
2015/10/22,523,609,513,609,1505200,609,1
2015/10/23,622,659,582,595,2685300,595,1
2015/10/26,668,695,667,695,652400,695,1
2015/10/27,675,730,657,690,2330500,690,1
2015/10/28,680,717,595,617,839300,617,1
2015/10/29,617,665,583,595,647500,595,1
2015/10/30,590,613,571,576,309300,576,1
2015/11/02,577,599,561,570,221500,570,1
2015/11/04,587,593,575,577,179100,577,1
2015/11/05,565,573,551,558,176100,558,1
2015/11/06,549,576,547,554,92500,554,1
2015/11/09,555,569,553,562,55500,562,1
2015/11/10,560,575,559,564,81800,564,1
2015/11/11,565,570,556,559,69400,559,1
2015/11/12,525,530,505,517,232000,517,1
2015/11/13,511,540,511,529,78900,529,1
2015/11/16,499,510,475,482,274100,482,1
2015/11/17,478,496,478,493,90300,493,1
2015/11/18,493,520,488,501,177800,501,1
2015/11/19,508,508,493,493,64900,493,1
2015/11/20,500,507,492,497,47600,497,1
2015/11/24,504,510,498,503,43100,503,1
2015/11/25,495,502,495,500,21900,500,1
2015/11/26,499,506,492,496,43000,496,1
2015/11/27,500,504,488,495,92600,495,1
2015/11/30,502,518,498,509,100800,509,1
2015/12/01,500,507,499,504,28900,504,1
2015/12/02,504,504,499,504,42700,504,1
2015/12/03,501,503,494,499,32600,499,1
2015/12/04,495,499,492,497,18700,497,1
2015/12/07,500,501,485,491,83900,491,1
2015/12/08,495,495,480,488,50700,488,1
2015/12/09,484,490,479,481,34300,481,1
2015/12/10,480,504,479,493,81300,493,1
2015/12/11,487,497,485,486,56600,486,1
2015/12/14,480,490,468,478,84600,478,1
2015/12/15,472,477,467,467,29600,467,1
2015/12/16,470,480,465,471,76300,471,1
2015/12/17,475,479,468,469,29700,469,1
2015/12/18,471,475,460,462,37900,462,1
2015/12/21,457,462,452,454,42000,454,1
2015/12/22,457,460,448,448,48800,448,1
2015/12/24,451,455,439,449,113300,449,1
2015/12/25,448,459,439,446,109100,446,1
2015/12/28,440,463,440,460,39000,460,1
2015/12/29,465,467,460,462,19300,462,1
2015/12/30,459,479,459,475,31200,475,1
2016/01/04,470,486,468,476,35800,476,1
2016/01/05,468,475,468,470,27200,470,1
2016/01/06,471,471,460,460,40800,460,1
2016/01/07,455,462,450,453,22200,453,1
2016/01/08,446,454,445,448,21000,448,1
2016/01/12,447,448,422,427,44200,427,1
2016/01/13,429,443,429,439,47600,439,1
2016/01/14,430,447,412,438,57500,438,1
2016/01/15,432,437,411,417,40100,417,1
2016/01/18,401,411,393,405,51700,405,1
2016/01/19,408,410,396,403,63300,403,1
2016/01/20,404,404,385,387,45100,387,1
2016/01/21,381,398,380,383,49600,383,1
2016/01/22,390,405,387,392,62400,392,1
2016/01/25,402,407,397,404,28200,404,1
2016/01/26,400,410,397,406,27200,406,1
2016/01/27,409,412,402,412,15700,412,1
2016/01/28,413,417,407,415,12300,415,1
2016/01/29,417,418,406,415,27700,415,1
2016/02/01,417,429,399,415,134100,415,1
2016/02/02,407,410,399,410,59400,410,1
2016/02/03,401,404,398,400,26500,400,1
2016/02/04,400,403,399,400,12500,400,1
2016/02/05,400,407,381,407,45100,407,1
2016/02/08,390,409,385,400,48700,400,1
2016/02/09,390,391,375,381,81900,381,1
2016/02/10,375,385,344,345,123600,345,1
2016/02/12,331,336,316,318,77400,318,1
2016/02/15,326,331,321,326,39100,326,1
2016/02/16,330,348,330,338,25600,338,1
2016/02/17,331,353,330,331,22600,331,1
2016/02/18,339,346,337,344,11900,344,1
2016/02/19,349,349,340,343,6900,343,1
2016/02/22,343,348,338,345,9000,345,1
2016/02/23,352,354,348,349,17500,349,1
2016/02/24,342,352,342,348,5900,348,1
2016/02/25,349,354,346,346,6900,346,1
2016/02/26,349,355,349,351,7200,351,1
2016/02/29,360,360,351,351,16100,351,1
2016/03/01,350,355,347,355,11700,355,1
2016/03/02,357,363,351,353,28300,353,1
2016/03/03,358,380,351,366,60700,366,1
2016/03/04,364,372,360,362,46700,362,1
2016/03/07,366,370,360,365,39600,365,1
2016/03/08,365,366,350,358,24900,358,1
2016/03/09,354,355,350,352,10000,352,1
2016/03/10,355,364,355,358,9800,358,1
2016/03/11,363,378,356,365,19800,365,1
2016/03/14,373,380,365,367,39700,367,1
2016/03/15,365,367,360,362,16500,362,1
2016/03/16,361,375,361,372,25600,372,1
2016/03/17,373,381,365,365,28800,365,1
2016/03/18,365,369,358,358,20900,358,1
2016/03/22,361,367,360,360,10000,360,1
2016/03/23,367,369,357,362,22700,362,1
2016/03/24,362,362,357,358,9800,358,1
2016/03/25,355,362,355,362,7000,362,1
2016/03/28,370,376,360,361,8200,361,1
2016/03/29,355,362,353,360,12000,360,1
2016/03/30,360,361,356,358,5400,358,1
2016/03/31,364,374,355,371,20900,371,1
2016/04/01,374,376,361,361,31900,361,1
2016/04/04,363,368,355,361,26800,361,1
2016/04/05,360,363,345,347,36700,347,1
2016/04/06,342,349,336,340,27900,340,1
2016/04/07,346,350,343,344,14400,344,1
2016/04/08,340,350,340,343,15100,343,1
2016/04/11,347,373,339,347,28500,347,1
2016/04/12,347,392,347,368,79100,368,1
2016/04/13,385,385,370,371,38500,371,1
2016/04/14,375,378,362,371,27700,371,1
2016/04/15,390,405,376,378,84200,378,1
2016/04/18,405,458,392,458,274100,458,1
2016/04/19,458,461,421,440,210200,440,1
2016/04/20,443,443,423,425,66000,425,1
2016/04/21,430,432,410,422,68900,422,1
2016/04/22,423,431,411,428,74800,428,1
2016/04/25,433,436,420,422,44800,422,1
2016/04/26,418,427,412,412,31200,412,1
2016/04/27,401,408,401,401,26100,401,1
2016/04/28,396,402,387,387,63200,387,1
2016/05/02,380,417,380,415,49100,415,1
2016/05/06,428,428,417,420,34400,420,1
2016/05/09,416,424,400,412,15500,412,1
2016/05/10,409,419,399,415,17000,415,1
2016/05/11,420,423,416,422,12300,422,1
2016/05/12,413,421,413,420,10000,420,1
2016/05/13,418,422,415,415,11600,415,1
2016/05/16,410,410,386,394,39400,394,1
2016/05/17,388,395,388,391,19700,391,1
2016/05/18,388,396,384,386,11800,386,1
2016/05/19,386,399,386,394,19100,394,1
2016/05/20,396,396,390,391,8200,391,1
2016/05/23,397,397,387,391,11600,391,1
2016/05/24,392,398,390,398,8700,398,1
2016/05/25,400,400,394,394,5700,394,1
2016/05/26,394,403,389,397,15900,397,1
2016/05/27,391,392,391,391,3000,391,1
2016/05/30,400,400,390,392,10700,392,1
2016/05/31,393,409,393,404,13100,404,1
2016/06/01,401,409,401,408,13300,408,1
2016/06/02,408,408,401,403,8000,403,1
2016/06/03,400,404,398,404,5800,404,1
2016/06/06,396,402,396,399,7500,399,1
2016/06/07,396,404,396,397,12700,397,1
2016/06/08,396,400,395,400,8900,400,1
2016/06/09,398,399,388,393,25800,393,1
2016/06/10,389,390,380,388,28700,388,1
2016/06/13,381,383,375,376,23200,376,1
2016/06/14,370,376,364,365,44600,365,1
2016/06/15,360,373,359,362,35600,362,1
2016/06/16,358,367,338,339,56700,339,1
2016/06/17,357,363,349,357,7100,357,1
2016/06/20,373,373,363,367,3200,367,1
2016/06/21,370,375,366,369,9700,369,1
2016/06/22,369,376,369,373,7900,373,1
2016/06/23,369,376,365,370,18500,370,1
2016/06/24,372,376,330,345,50900,345,1
2016/06/27,337,345,337,344,18100,344,1
2016/06/28,345,353,339,353,17000,353,1
2016/06/29,355,375,355,371,16200,371,1
2016/06/30,375,377,366,375,3500,375,1
2016/07/01,370,377,370,377,10800,377,1
2016/07/04,377,382,373,380,5000,380,1
2016/07/05,377,389,376,389,3400,389,1
2016/07/06,387,388,380,386,13700,386,1
2016/07/07,382,390,380,381,17100,381,1
2016/07/08,376,380,376,376,8300,376,1
2016/07/11,376,381,376,377,2600,377,1
2016/07/12,380,391,380,388,15900,388,1
2016/07/13,390,392,388,389,3800,389,1
2016/07/14,390,398,389,390,8700,390,1
2016/07/15,388,399,388,393,4200,393,1
2016/07/19,398,398,391,396,7600,396,1
2016/07/20,390,396,390,394,5400,394,1
2016/07/21,394,406,394,400,25000,400,1
2016/07/22,400,402,398,399,2800,399,1
2016/07/25,399,430,399,410,60600,410,1
2016/07/26,405,410,401,401,18500,401,1
2016/07/27,406,419,397,398,41500,398,1
2016/07/28,400,400,393,396,16500,396,1
2016/07/29,396,404,395,403,5200,403,1
2016/08/01,409,409,399,400,16400,400,1
2016/08/02,405,405,400,401,6400,401,1
2016/08/03,397,399,395,395,5600,395,1
2016/08/04,395,401,395,397,7600,397,1
2016/08/05,395,405,393,397,12200,397,1
2016/08/08,361,376,358,368,44600,368,1
2016/08/09,369,372,365,369,8800,369,1
2016/08/10,370,371,369,369,1700,369,1
2016/08/12,370,370,366,370,5500,370,1
2016/08/15,370,373,366,369,3600,369,1
2016/08/16,367,369,364,365,4800,365,1
2016/08/17,365,368,365,368,2800,368,1
2016/08/18,362,370,362,365,6500,365,1
2016/08/19,370,384,365,367,20700,367,1
2016/08/22,370,370,363,369,4700,369,1
2016/08/23,369,369,363,366,7400,366,1
2016/08/24,366,369,365,365,5400,365,1
2016/08/25,366,367,359,364,18700,364,1
2016/08/26,370,370,363,363,3700,363,1
2016/08/29,371,371,362,366,10400,366,1
2016/08/30,369,370,366,370,5500,370,1
2016/08/31,366,372,366,369,7200,369,1
2016/09/01,369,373,369,369,2800,369,1
2016/09/02,378,383,371,373,13300,373,1
2016/09/05,370,389,370,384,7600,384,1
2016/09/06,381,389,380,389,6700,389,1
2016/09/07,383,390,382,385,11200,385,1
2016/09/08,383,388,382,388,30200,388,1
2016/09/09,384,391,384,389,6800,389,1
2016/09/12,381,386,381,385,5700,385,1
2016/09/13,385,394,382,387,4900,387,1
2016/09/14,386,387,383,384,8000,384,1
2016/09/15,383,383,368,376,12500,376,1
2016/09/16,376,382,375,378,5100,378,1
2016/09/20,380,386,380,385,2800,385,1
2016/09/21,385,397,385,395,30200,395,1
2016/09/23,393,398,374,387,55300,387,1
2016/09/26,380,388,380,383,16200,383,1
2016/09/27,376,380,372,379,18200,379,1
2016/09/28,378,378,374,375,7500,375,1
2016/09/29,375,379,361,374,8400,374,1
2016/09/30,374,375,369,375,3300,375,1
2016/10/03,376,376,368,373,7700,373,1
2016/10/04,371,375,366,369,16400,369,1
2016/10/05,369,371,365,367,28000,367,1
2016/10/06,370,370,367,367,11300,367,1
2016/10/07,366,370,366,367,36700,367,1
2016/10/11,367,368,363,367,15400,367,1
2016/10/12,364,366,363,366,12700,366,1
2016/10/13,366,367,364,364,6400,364,1
2016/10/14,364,368,361,367,8200,367,1
2016/10/17,367,367,363,366,4500,366,1
2016/10/18,366,367,363,364,7900,364,1
2016/10/19,363,370,360,369,16000,369,1
2016/10/20,371,383,371,375,20200,375,1
2016/10/21,378,384,370,379,22900,379,1
2016/10/24,383,409,381,397,119100,397,1
2016/10/25,394,406,391,401,39100,401,1
2016/10/26,401,419,396,411,60000,411,1
2016/10/27,411,414,398,414,17900,414,1
2016/10/28,413,414,402,407,16800,407,1
2016/10/31,405,407,400,401,28700,401,1
2016/11/01,398,404,397,401,18900,401,1
2016/11/02,398,404,398,403,7700,403,1
2016/11/04,388,405,388,400,25100,400,1
2016/11/07,404,411,400,404,19500,404,1
2016/11/08,404,408,401,406,13000,406,1
2016/11/09,407,407,390,400,22800,400,1
2016/11/10,405,418,404,413,46900,413,1
2016/11/11,409,425,409,414,57100,414,1
2016/11/14,430,445,414,431,78300,431,1
2016/11/15,471,471,442,449,179100,449,1
2016/11/16,454,481,450,457,95300,457,1
2016/11/17,454,470,448,460,68800,460,1
2016/11/18,458,468,458,467,21800,467,1
2016/11/21,490,490,475,482,91400,482,1
2016/11/22,480,483,471,477,22600,477,1
2016/11/24,480,489,476,483,49900,483,1
2016/11/25,483,485,471,474,32900,474,1
2016/11/28,478,484,476,482,24900,482,1
2016/11/29,484,484,477,481,33100,481,1
2016/11/30,484,484,476,480,10000,480,1
2016/12/01,485,487,480,481,31400,481,1
2016/12/02,478,485,475,475,27400,475,1
2016/12/05,477,480,466,466,44300,466,1
2016/12/06,468,476,460,461,50700,461,1
2016/12/07,461,465,452,457,33300,457,1
2016/12/08,457,466,457,460,15300,460,1
2016/12/09,460,486,460,480,49600,480,1
2016/12/12,480,484,471,476,40300,476,1
2016/12/13,479,482,472,472,21400,472,1
2016/12/14,480,487,473,484,59600,484,1
2016/12/15,480,482,478,478,27800,478,1
2016/12/16,483,509,480,506,81500,506,1
2016/12/19,520,536,514,535,167100,535,1
2016/12/20,525,542,520,537,61700,537,1
2016/12/21,537,550,526,526,94100,526,1
2016/12/22,520,527,517,518,32600,518,1
2016/12/26,510,525,510,517,43400,517,1
2016/12/27,510,519,510,518,34600,518,1
2016/12/28,516,524,516,523,24800,523,1
2016/12/29,518,520,507,509,44300,509,1
2016/12/30,506,515,506,508,27100,508,1
2017/01/04,518,519,512,519,24700,519,1
2017/01/05,520,523,517,523,13500,523,1
2017/01/06,517,527,517,524,16500,524,1
2017/01/10,534,534,524,530,18900,530,1
2017/01/11,530,532,527,528,13500,528,1
2017/01/12,530,530,514,514,21000,514,1
2017/01/13,514,515,511,515,8600,515,1
2017/01/16,517,517,508,508,8500,508,1
2017/01/17,507,511,505,508,9400,508,1
2017/01/18,507,507,490,495,39100,495,1
2017/01/19,500,507,500,504,17300,504,1
2017/01/20,502,505,500,504,7200,504,1
2017/01/23,504,505,501,504,7000,504,1
2017/01/24,502,505,499,499,11900,499,1
2017/01/25,504,504,498,501,5000,501,1
2017/01/26,502,504,500,502,6900,502,1
2017/01/27,503,505,495,496,34800,496,1
2017/01/30,498,500,494,500,12100,500,1
2017/01/31,494,500,494,496,8100,496,1
2017/02/01,496,500,495,495,8500,495,1
2017/02/02,500,500,493,494,5800,494,1
2017/02/03,497,497,487,489,15100,489,1
2017/02/06,492,497,492,497,5600,497,1
2017/02/07,499,499,496,496,3000,496,1
2017/02/08,496,500,494,496,7500,496,1
2017/02/09,504,575,503,525,200100,525,1
2017/02/10,538,538,523,534,25800,534,1
2017/02/13,530,530,515,527,88900,527,1
2017/02/14,528,529,521,525,18100,525,1
2017/02/15,525,526,522,524,16200,524,1
2017/02/16,523,524,518,521,16400,521,1
2017/02/17,519,525,518,522,14200,522,1
2017/02/20,525,525,520,521,4900,521,1
2017/02/21,521,526,521,523,5100,523,1
2017/02/22,522,527,520,526,11700,526,1
2017/02/23,526,527,522,525,8500,525,1
2017/02/24,522,529,521,527,6900,527,1
2017/02/27,527,529,520,524,30400,524,1
2017/02/28,530,535,521,530,23500,530,1
2017/03/01,535,535,522,527,11300,527,1
2017/03/02,528,533,525,531,12500,531,1
2017/03/03,531,535,523,528,14200,528,1
2017/03/06,526,527,524,527,2900,527,1
2017/03/07,524,627,523,547,873400,547,1
2017/03/08,552,557,526,534,103300,534,1
2017/03/09,533,549,533,547,73400,547,1
2017/03/10,548,555,546,550,36000,550,1
2017/03/13,554,564,553,560,39200,560,1
2017/03/14,560,566,554,554,29500,554,1
2017/03/15,550,553,544,546,23500,546,1
2017/03/16,547,561,541,545,37200,545,1
2017/03/17,545,549,541,543,18800,543,1
2017/03/21,545,548,537,541,20800,541,1
2017/03/22,541,544,538,539,19200,539,1
2017/03/23,533,548,533,546,31600,546,1
2017/03/24,549,552,546,547,26200,547,1
2017/03/27,547,554,544,547,18400,547,1
2017/03/28,553,553,541,548,14800,548,1
2017/03/29,552,554,545,548,6700,548,1
2017/03/30,550,550,547,550,8000,550,1
2017/03/31,552,552,546,547,12800,547,1
2017/04/03,547,549,543,547,6100,547,1
2017/04/04,547,548,533,540,19300,540,1
2017/04/05,536,539,533,536,6100,536,1
2017/04/06,533,533,514,527,29300,527,1
2017/04/07,527,535,524,524,16700,524,1
2017/04/10,524,528,520,527,4400,527,1
2017/04/11,529,539,516,531,25500,531,1
2017/04/12,531,531,521,527,26900,527,1
2017/04/13,525,525,500,505,44000,505,1
2017/04/14,503,509,498,508,16400,508,1
2017/04/17,508,513,500,513,8400,513,1
2017/04/18,525,528,523,528,32700,528,1
2017/04/19,520,529,520,529,1200,529,1
2017/04/20,530,530,526,530,5600,530,1
2017/04/21,530,533,526,533,10600,533,1
2017/04/24,528,533,526,531,5400,531,1
2017/04/25,532,535,531,532,12300,532,1
2017/04/26,533,534,530,533,9700,533,1
2017/04/27,535,538,533,535,15000,535,1
2017/04/28,536,539,531,537,9200,537,1
2017/05/01,623,623,581,583,327200,583,1
2017/05/02,583,590,578,583,79400,583,1
2017/05/08,593,602,581,596,85200,596,1
2017/05/09,595,600,595,595,20700,595,1
2017/05/10,600,602,595,599,20500,599,1
2017/05/11,599,608,599,608,31200,608,1
2017/05/12,629,659,615,618,331800,618,1
2017/05/15,628,628,610,611,31300,611,1
2017/05/16,614,618,609,613,20700,613,1
2017/05/17,613,633,612,633,38000,633,1
2017/05/18,627,629,618,620,23300,620,1
2017/05/19,623,630,620,626,18500,626,1
2017/05/22,630,641,626,640,45300,640,1
2017/05/23,649,650,640,644,48400,644,1
2017/05/24,650,651,640,645,38200,645,1
2017/05/25,654,680,650,657,181700,657,1
2017/05/26,661,677,661,676,72800,676,1
2017/05/29,671,677,663,669,28800,669,1
2017/05/30,667,680,665,679,77600,679,1
2017/05/31,676,680,672,675,20100,675,1
2017/06/01,675,678,658,659,44500,659,1
2017/06/02,664,670,654,658,34600,658,1
2017/06/05,653,664,653,662,13200,662,1
2017/06/06,661,661,645,648,24400,648,1
2017/06/07,644,655,641,647,25600,647,1
2017/06/08,653,653,640,643,19700,643,1
2017/06/09,640,655,640,655,18700,655,1
2017/06/12,655,658,650,655,25800,655,1
2017/06/13,651,657,650,657,18300,657,1
2017/06/14,660,661,655,655,16400,655,1
2017/06/15,652,654,638,649,24400,649,1
2017/06/16,662,665,655,661,49200,661,1
2017/06/19,671,694,669,690,119700,690,1
2017/06/20,690,696,681,687,66500,687,1
2017/06/21,697,709,695,705,137300,705,1
2017/06/22,711,743,711,737,214200,737,1
2017/06/23,740,742,702,704,219500,704,1
2017/06/26,699,722,699,712,104000,712,1
2017/06/27,708,729,704,705,44800,705,1
2017/06/28,701,708,688,697,70000,697,1
2017/06/29,695,705,693,693,42200,693,1
2017/06/30,689,697,688,692,34700,692,1
2017/07/03,702,713,695,711,36700,711,1
2017/07/04,720,720,690,692,66300,692,1
2017/07/05,690,707,690,702,41800,702,1
2017/07/06,708,714,703,706,48300,706,1
2017/07/07,702,708,700,704,33800,704,1
2017/07/10,708,719,708,716,48500,716,1
2017/07/11,721,722,714,715,39800,715,1
2017/07/12,715,716,704,705,42100,705,1
2017/07/13,709,709,695,695,44200,695,1
2017/07/14,696,706,694,704,44900,704,1
2017/07/18,706,726,704,721,100800,721,1
2017/07/19,717,740,717,740,88700,740,1
2017/07/20,740,777,740,770,203500,770,1
2017/07/21,770,777,759,772,141400,772,1
2017/07/24,784,788,773,782,114400,782,1
2017/07/25,783,799,776,799,121000,799,1
2017/07/26,800,829,800,823,190300,823,1
2017/07/27,815,839,805,805,134900,805,1
2017/07/28,800,800,772,774,212800,774,1
2017/07/31,770,775,755,755,114500,755,1
2017/08/01,769,774,749,754,106300,754,1
2017/08/02,753,789,753,784,86300,784,1
2017/08/03,790,794,771,775,43700,775,1
2017/08/04,777,777,768,775,17700,775,1
2017/08/07,776,805,774,803,110700,803,1
2017/08/08,788,805,786,799,77400,799,1
2017/08/09,807,808,778,800,99100,800,1
2017/08/10,830,837,802,811,251700,811,1
2017/08/14,809,809,771,772,140600,772,1
2017/08/15,780,808,780,798,111500,798,1
2017/08/16,803,825,800,810,210400,810,1
2017/08/17,809,868,800,848,483800,848,1
2017/08/18,833,847,821,837,103900,837,1
2017/08/21,827,834,814,820,64600,820,1
2017/08/22,824,852,821,851,72100,851,1
2017/08/23,862,867,845,856,124100,856,1
2017/08/24,852,888,847,880,142600,880,1
2017/08/25,884,891,873,873,95300,873,1
2017/08/28,887,923,876,920,149300,920,1
2017/08/29,920,928,905,918,78100,918,1
2017/08/30,931,945,907,913,106800,913,1
2017/08/31,923,940,923,932,51700,932,1
2017/09/01,925,929,910,915,69200,915,1
2017/09/04,915,916,880,895,125300,895,1
2017/09/05,890,896,829,871,254500,871,1
2017/09/06,842,878,831,875,86800,875,1
2017/09/07,886,888,861,866,59200,866,1
2017/09/08,875,880,855,865,48000,865,1
2017/09/11,875,907,871,896,86100,896,1
2017/09/12,901,913,898,913,50200,913,1
2017/09/13,917,943,917,930,107000,930,1
2017/09/14,935,938,897,900,87000,900,1
2017/09/15,900,920,896,915,30800,915,1
2017/09/19,924,950,924,946,125100,946,1
2017/09/20,950,958,941,945,67200,945,1
2017/09/21,955,956,931,933,50900,933,1
2017/09/22,937,937,905,911,63900,911,1
2017/09/25,919,930,908,923,68000,923,1
2017/09/26,920,922,911,911,36800,911,1
2017/09/27,915,920,897,909,71100,909,1
2017/09/28,912,917,902,911,47900,911,1
2017/09/29,911,911,902,908,33200,908,1
2017/10/02,904,904,888,896,81300,896,1
2017/10/03,896,917,896,914,66100,914,1
2017/10/04,919,919,900,911,60300,911,1
2017/10/05,917,917,885,888,59700,888,1
2017/10/06,891,897,873,881,62700,881,1
2017/10/10,873,884,871,881,36700,881,1
2017/10/11,881,894,878,882,33300,882,1
2017/10/12,882,897,882,890,22600,890,1
2017/10/13,895,897,882,886,35900,886,1
2017/10/16,888,891,877,880,35900,880,1
2017/10/17,881,889,879,883,25700,883,1
2017/10/18,886,891,865,875,79100,875,1
2017/10/19,870,873,843,852,111600,852,1
2017/10/20,843,843,821,837,91400,837,1
2017/10/23,839,854,834,848,50800,848,1
2017/10/24,855,871,848,867,29800,867,1
2017/10/25,865,883,861,865,50100,865,1
2017/10/26,861,873,861,863,16400,863,1
2017/10/27,871,887,870,886,43300,886,1
2017/10/30,916,916,861,868,407800,868,1
2017/10/31,873,887,867,884,61700,884,1
2017/11/01,893,893,872,874,50600,874,1
2017/11/02,876,876,851,862,85200,862,1
2017/11/06,869,869,856,858,37000,858,1
2017/11/07,851,856,845,848,98900,848,1
2017/11/08,851,858,843,850,53100,850,1
2017/11/09,848,850,825,840,105300,840,1
2017/11/10,830,858,827,846,65800,846,1
2017/11/13,846,849,831,848,45700,848,1
2017/11/14,849,854,843,848,63200,848,1
2017/11/15,835,841,757,760,544200,760,1
2017/11/16,756,792,755,782,152000,782,1
2017/11/17,784,805,783,794,102100,794,1
2017/11/20,798,840,798,840,105300,840,1
2017/11/21,843,867,836,859,124500,859,1
2017/11/22,879,879,863,872,116100,872,1
2017/11/24,869,879,866,877,72600,877,1
2017/11/27,882,888,876,887,107600,887,1
2017/11/28,893,893,868,885,86200,885,1
2017/11/29,888,889,881,886,74500,886,1
2017/11/30,890,890,853,881,84300,881,1
2017/12/01,880,884,866,867,48700,867,1
2017/12/04,870,884,865,880,83500,880,1
2017/12/05,878,882,863,875,47400,875,1
2017/12/06,881,882,866,873,72900,873,1
2017/12/07,879,885,869,873,91700,873,1
2017/12/08,875,881,875,881,43700,881,1
2017/12/11,884,898,882,897,93200,897,1
2017/12/12,900,914,897,914,100400,914,1
2017/12/13,920,922,900,908,57900,908,1
2017/12/14,915,916,907,915,56200,915,1
2017/12/15,915,915,900,906,79400,906,1
2017/12/18,893,900,860,877,102000,877,1
2017/12/19,878,880,842,845,65600,845,1
2017/12/20,838,841,808,837,59600,837,1
2017/12/21,842,863,837,857,48400,857,1
2017/12/22,867,874,851,870,62100,870,1
2017/12/25,890,894,873,875,91700,875,1
2017/12/26,875,883,868,871,54800,871,1
2017/12/27,875,893,873,887,103000,887,1
2017/12/28,888,937,887,930,510400,930,1
2017/12/29,929,942,926,934,256300,934,1
2018/01/04,949,966,935,955,157800,955,1
2018/01/05,955,956,926,932,115400,932,1
2018/01/09,931,931,915,918,68400,918,1
2018/01/10,911,933,911,930,58700,930,1
2018/01/11,930,947,928,945,57400,945,1
2018/01/12,944,946,919,922,41100,922,1
2018/01/15,934,934,915,917,25300,917,1
2018/01/16,929,934,921,932,55900,932,1
2018/01/17,933,933,920,927,46900,927,1
2018/01/18,929,931,897,899,60600,899,1
2018/01/19,908,912,899,899,22100,899,1
2018/01/22,897,904,892,899,35600,899,1
2018/01/23,909,910,897,900,38100,900,1
2018/01/24,895,905,895,905,43400,905,1
2018/01/25,903,910,899,907,30900,907,1
2018/01/26,907,908,894,894,20800,894,1
2018/01/29,900,910,894,903,26000,903,1
2018/01/30,900,900,881,892,59500,892,1
2018/01/31,884,904,884,892,37800,892,1
2018/02/01,893,894,881,894,26700,894,1
2018/02/02,895,895,872,888,32200,888,1
2018/02/05,867,875,853,867,35400,867,1
2018/02/06,807,828,770,805,94800,805,1
2018/02/07,835,839,788,791,46600,791,1
2018/02/08,801,810,790,806,24900,806,1
2018/02/09,767,783,759,771,42500,771,1
2018/02/13,816,826,771,779,112600,779,1
2018/02/14,805,805,753,763,44600,763,1
2018/02/15,774,786,756,775,28300,775,1
2018/02/16,780,789,771,776,39300,776,1
2018/02/19,787,811,784,802,25300,802,1
2018/02/20,809,819,799,817,36400,817,1
2018/02/21,817,825,808,811,22600,811,1
2018/02/22,811,825,803,825,19800,825,1
2018/02/23,825,840,823,840,18700,840,1
2018/02/26,849,857,838,851,29400,851,1
2018/02/27,858,869,856,864,37900,864,1
2018/02/28,858,880,854,876,27300,876,1
2018/03/01,873,873,843,847,28100,847,1
2018/03/02,829,857,824,852,28800,852,1
2018/03/05,847,851,829,838,28800,838,1
2018/03/06,845,868,840,866,33600,866,1
2018/03/07,865,875,854,864,36700,864,1
2018/03/08,863,870,861,870,25700,870,1
2018/03/09,875,879,865,869,28000,869,1
2018/03/12,870,876,862,870,23200,870,1
2018/03/13,870,877,860,876,24300,876,1
2018/03/14,876,882,871,881,17700,881,1
2018/03/15,875,880,863,875,29500,875,1
2018/03/16,863,881,863,875,31700,875,1
2018/03/19,870,877,857,870,30400,870,1
2018/03/20,860,866,847,848,26100,848,1
2018/03/22,857,857,834,840,11400,840,1
2018/03/23,812,822,801,804,40500,804,1
2018/03/26,793,802,777,802,44900,802,1
2018/03/27,825,825,803,812,36200,812,1
2018/03/28,817,822,805,812,31200,812,1
2018/03/29,827,827,798,804,19500,804,1
2018/03/30,821,828,798,825,29000,825,1
2018/04/02,827,836,827,832,14200,832,1
2018/04/03,820,826,817,818,16500,818,1
2018/04/04,823,824,809,821,27600,821,1
2018/04/05,822,823,811,819,32300,819,1
2018/04/06,820,826,810,812,28600,812,1
2018/04/09,803,804,784,787,44200,787,1
2018/04/10,802,805,775,777,32000,777,1
2018/04/11,777,780,764,764,60300,764,1
2018/04/12,765,767,757,757,29100,757,1
2018/04/13,761,768,760,761,18300,761,1
2018/04/16,760,762,740,748,67000,748,1
2018/04/17,747,757,737,756,44200,756,1
2018/04/18,756,765,750,762,41500,762,1
2018/04/19,762,764,751,756,29000,756,1
2018/04/20,763,764,758,764,21200,764,1
2018/04/23,768,768,760,763,10000,763,1
2018/04/24,767,774,762,772,38000,772,1
2018/04/25,765,773,764,765,50700,765,1
2018/04/26,765,777,754,754,141300,754,1
2018/04/27,765,765,751,760,26100,760,1
2018/05/01,770,770,753,762,58900,762,1
2018/05/02,762,766,756,762,43500,762,1
2018/05/07,762,783,760,783,36700,783,1
2018/05/08,783,797,783,796,41000,796,1
2018/05/09,796,796,785,788,32200,788,1
2018/05/10,785,785,774,778,21700,778,1
2018/05/11,778,809,778,794,79300,794,1
2018/05/14,849,849,831,842,95700,842,1
2018/05/15,845,867,839,865,74400,865,1
2018/05/16,865,866,852,858,56900,858,1
2018/05/17,860,895,859,895,59500,895,1
2018/05/18,899,906,885,905,37300,905,1
2018/05/21,905,908,901,908,30000,908,1
2018/05/22,909,909,889,893,30300,893,1
2018/05/23,948,986,936,942,418700,942,1
2018/05/24,945,945,907,941,107300,941,1
2018/05/25,929,938,912,920,40100,920,1
2018/05/28,928,938,919,926,22000,926,1
2018/05/29,926,926,891,895,34300,895,1
2018/05/30,889,914,876,899,56400,899,1
2018/05/31,910,932,905,929,61800,929,1
2018/06/01,924,945,904,939,60000,939,1
2018/06/04,945,945,917,919,47400,919,1
2018/06/05,926,926,907,911,16300,911,1
2018/06/06,904,940,902,940,48000,940,1
2018/06/07,935,945,924,942,31100,942,1
2018/06/08,942,944,923,926,28800,926,1
2018/06/11,934,954,932,946,70600,946,1
2018/06/12,958,958,939,942,10300,942,1
2018/06/13,944,960,940,960,49200,960,1
2018/06/14,945,955,942,953,28600,953,1
2018/06/15,955,958,942,952,25200,952,1
2018/06/18,955,955,929,939,19100,939,1
2018/06/19,933,935,894,903,35500,903,1
2018/06/20,894,916,867,915,50200,915,1
2018/06/21,915,915,889,907,24700,907,1
2018/06/22,895,895,882,892,22100,892,1
2018/06/25,885,887,848,849,24900,849,1
2018/06/26,835,915,835,910,57500,910,1
2018/06/27,902,903,872,885,22500,885,1
2018/06/28,893,893,858,872,19700,872,1
2018/06/29,877,877,860,873,12900,873,1
2018/07/02,872,872,845,847,27000,847,1
2018/07/03,843,862,828,835,58900,835,1
2018/07/04,830,834,822,830,12800,830,1
2018/07/05,827,831,808,827,38600,827,1
2018/07/06,827,848,820,848,19500,848,1
2018/07/09,878,937,861,919,96200,919,1
2018/07/10,930,930,874,874,45400,874,1
2018/07/11,876,917,876,887,54700,887,1
2018/07/12,878,920,878,889,71100,889,1
2018/07/13,901,901,872,880,17000,880,1
2018/07/17,888,890,874,874,11000,874,1
2018/07/18,878,900,878,897,15500,897,1
2018/07/19,897,897,877,878,11400,878,1
2018/07/20,878,878,858,865,19400,865,1
2018/07/23,863,864,852,857,10100,857,1
2018/07/24,853,885,853,877,19000,877,1
2018/07/25,880,886,877,885,9100,885,1
2018/07/26,897,897,880,888,13300,888,1
2018/07/27,884,885,869,885,20700,885,1
2018/07/30,884,903,872,896,20200,896,1
2018/07/31,896,896,876,884,16500,884,1
2018/08/01,884,905,881,896,17200,896,1
2018/08/02,896,898,881,886,16400,886,1
2018/08/03,881,889,878,878,10800,878,1
2018/08/06,880,880,860,860,11300,860,1
2018/08/07,861,897,854,897,27400,897,1
2018/08/08,890,922,885,919,47800,919,1
2018/08/09,938,946,891,896,120400,896,1
2018/08/10,909,909,880,885,34900,885,1
2018/08/13,884,887,847,851,44500,851,1
2018/08/14,875,875,856,861,14200,861,1
